0.0798
0.0798
0.0798
0.0798
0.0798
0.0798
0.0798
0.0798
0.0798
0.0798
0.0798
0.0798
0.0798
0.0798
0.0798
0.0798
0.0798
0.0798
0.0798
0.0798
0.0798
0.0798
0.0798
0.0798
0.0798
0.0798
0.0798
0.0798
0.0798
0.0798
0.0798
0.0798
0.0798
0.0798
0.0798
0.0798
0.0798
0.0798
0.0798
0.0798
0.0798
0.0798
0.0798
0.0798
0.0798
0.0798
0.0798
0.0798
0.0798
0.0798
0.0798
0.0798
0.0798
0.0798
0.0798
0.0798
0.0798
0.0798
0.0798
0.0798
0.0798
0.0798
0.0798
0.0798
0.0798
0.0798
0.0798
0.0798
0.0798
0.0798
0.0798
0.0798
0.0798
0.0798
0.0798
0.0798
0.0798
0.0798
0.0798
0.0798
0.0798
0.0798
0.0798
0.0798
0.0798
0.1723
0.2652
0.2705
0.2746
0.2826
0.2857
0.2840
0.3049
0.3070
0.3092
0.3112
0.3131
0.3147
0.3254
0.3265
0.3279
0.3292
0.3304
0.3312
0.3325
0.3338
0.3346
0.3356
0.3367
0.3288
0.3297
0.3308
0.3319
0.3286
0.3297
0.3310
0.3369
0.3385
0.3400
0.3417
0.3434
0.3447
0.3460
0.3471
0.3393
0.3450
0.3508
0.3475
0.3530
0.3540
0.3551
0.3561
0.3571
0.3581
0.3591
0.3600
0.3606
0.3620
0.3634
0.3595
0.3605
0.3616
0.3627
0.3639
0.3694
0.3701
0.3710
0.3717
0.3722
0.3728
0.3734
0.3787
0.3796
0.3805
0.3815
0.3824
0.3834
0.3754
0.3762
0.3774
0.3875
0.3933
0.3947
0.3910
0.3915
0.3919
0.3967
0.3971
0.3973
0.3972
0.3969
0.3962
0.3956
0.3951
0.3945
0.3943
0.3898
0.3898
0.3900
0.3901
0.3903
0.3905
0.3908
0.3911
0.3916
0.3919
0.3919
0.3919
0.3920
0.3921
0.3921
0.3921
0.3921
0.3866
0.3899
0.3889
0.3877
0.3820
0.3807
0.3784
0.3758
0.3731
0.3701
0.3671
0.3636
0.3611
0.3447
0.3418
0.3387
0.3354
0.3330
0.3309
0.1853
0.1758
0.1703
0.1657
0.1621
0.1583
0.1548
0.1517
0.1486
0.1456
0.1427
0.1402
0.1380
0.1358
0.1338
0.1319
0.1300
0.1283
0.1267
0.1252
0.1238
0.1224
0.1210
0.1196
0.1183
0.1170
0.1157
0.1145
0.1132
0.1119
0.1105
0.1091
0.1078
0.1064
0.1050
0.1037
0.1023
0.1009
0.0996
0.0982
0.0968
0.0960
0.0952
0.0944
0.0937
0.0931
0.0924
0.0918
0.0911
0.0905
0.0899
0.0893
0.0888
0.0798
0.0798
0.0798
0.0798
0.0798
0.0798
0.0798
0.0798
0.0798
0.0798
0.0798
0.0798
0.0798
0.0798
0.0798
0.0798
0.0798
0.0798
0.0798
0.0798
0.0798
0.0798
0.0798
0.0798
0.0798
0.0798
0.0798
0.0798
0.0798
0.0798
0.0798
0.0798
0.0798
0.0798
0.0798
0.0798
0.0798
0.0798
0.0798
0.0798
0.0798
0.0798
0.0798
0.0798
0.0798
0.0798
0.0798
0.0798
0.0798
0.0798
0.0798
0.0798
0.0798
0.0798
0.0798
0.0798
0.0798
0.0798
0.0798
0.0798
0.0798
0.0798
0.0798
0.0798
0.0798
0.0798
0.0798
0.0798
0.0798
0.0798
0.0798
0.0798
0.0798
0.0798
0.0798
0.0798
0.0798
0.0798
0.0798
0.0798
0.0798
0.0798
0.0798
0.0798
0.0798
0.0798
0.0798
0.0798
0.0798
0.0798
0.0798
0.0798
0.0798
0.0798
0.0798
0.0798
0.0798
0.0798
0.0798
0.0798
0.0798
0.0798
0.0798
0.0798
0.0798
0.0798
0.0798
0.0798
0.1423
0.2479
0.2528
0.2555
0.2622
0.2640
0.2623
0.2654
0.2732
0.2762
0.2798
0.2823
0.2913
0.3040
0.3079
0.3116
0.3197
0.3233
0.3262
0.3287
0.3309
0.3336
0.3360
0.3381
0.3402
0.3422
0.3442
0.3462
0.3481
0.3500
0.3514
0.3527
0.3538
0.3458
0.3464
0.3472
0.3344
0.3348
0.3357
0.1936
0.1863
0.1834
0.1819
0.3239
0.3316
0.3355
0.3388
0.3416
0.3433
0.3490
0.3502
0.3513
0.3521
0.3530
0.3535
0.3539
0.3541
0.3542
0.3543
0.3543
0.3560
0.3748
0.3756
0.3761
0.3764
0.3767
0.3774
0.3781
0.3790
0.3799
0.3809
0.3819
0.3816
0.3850
0.3870
0.3838
0.3851
0.3908
0.3916
0.3910
0.3910
0.3911
0.3912
0.3913
0.3911
0.3908
0.3905
0.3900
0.3892
0.3885
0.3885
0.3888
0.3895
0.3899
0.3904
0.3908
0.3915
0.3877
0.3883
0.3887
0.3892
0.3899
0.3901
0.3948
0.3947
0.3946
0.3944
0.3942
0.3937
0.3931
0.3927
0.3923
0.3914
0.3907
0.3898
0.3886
0.3873
0.3860
0.3845
0.3829
0.3831
0.3598
0.3573
0.3500
0.3471
0.3445
0.3420
0.3392
0.3376
0.3307
0.3281
0.3261
0.3237
0.1830
0.1729
0.1669
0.1618
0.1573
0.1537
0.1507
0.1480
0.1455
0.1432
0.1410
0.1390
0.1371
0.1352
0.1335
0.1318
0.1303
0.1288
0.1273
0.1259
0.1244
0.1229
0.1215
0.1204
0.1194
0.1184
0.1174
0.1165
0.1156
0.1147
0.1139
0.1131
0.1122
0.1114
0.1106
0.1098
0.1091
0.1084
0.1076
0.1069
0.1062
0.1055
0.1048
0.1041
0.1034
0.1027
0.1021
0.0798
0.0798
0.0798
0.0798
0.0798
0.0798
0.0798
0.0798
0.0798
0.0798
0.0798
0.0798
0.0798
0.0798
0.0798
0.0798
0.0798
0.0798
0.0798
0.0798
0.0798
0.0798
0.0798
0.0798
0.0798
0.0798
0.0798
0.0798
0.0798
0.0798
0.0798
0.0798
0.0798
0.0798
0.0798
0.0798
0.0798
0.0798
0.0798
0.0798
0.0798
0.0798
0.0798
0.0798
0.0798
0.0798
0.0798
0.0798
0.0798
0.0798
0.0798
0.0798
0.0798
0.0798
0.0798
0.0798
0.0798
0.0798
0.0798
0.0798
0.0798
0.0798
0.0798
0.0798
0.0798
0.0798
0.0798
0.0798
0.0798
0.0798
0.0798
0.0798
0.0798
0.0798
0.0798
0.0798
0.0798
0.0798
0.0798
0.0798
0.0798
0.0798
0.0798
0.0798
0.0798
0.0798
0.0798
0.0798
0.0798
0.0798
0.0798
0.0798
0.0798
0.0798
0.0798
0.0798
0.0798
0.0798
0.0798
0.0798
0.0798
0.0798
0.0798
0.0798
0.0798
0.0798
0.0798
0.0798
0.1487
0.2484
0.2533
0.2566
0.2683
0.2710
0.2691
0.2714
0.2734
0.2755
0.2777
0.2797
0.2865
0.2975
0.2996
0.2929
0.2904
0.2968
0.3035
0.3109
0.3136
0.3159
0.3274
0.3302
0.3326
0.3349
0.3370
0.3390
0.3410
0.3431
0.3437
0.3438
0.3482
0.3481
0.3479
0.3476
0.3428
0.3422
0.3417
0.3413
0.3409
0.3403
0.3413
0.3430
0.3448
0.3469
0.3491
0.3513
0.3537
0.3561
0.3586
0.3611
0.3636
0.3659
0.3576
0.3538
0.3543
0.3550
0.3558
0.3595
0.3588
0.3602
0.3611
0.3620
0.3628
0.3638
0.3649
0.3663
0.3675
0.3734
0.3749
0.3760
0.3774
0.3741
0.3759
0.3816
0.3876
0.3892
0.3910
0.3928
0.3946
0.3965
0.3984
0.3990
0.3990
0.3990
0.3990
0.3990
0.3990
0.3990
0.3990
0.3990
0.3990
0.3990
0.3990
0.3990
0.3990
0.3990
0.3990
0.3990
0.3990
0.3990
0.3990
0.3990
0.3990
0.3990
0.3990
0.3990
0.3990
0.3990
0.3990
0.3990
0.3990
0.3990
0.3990
0.3990
0.3990
0.3990
0.3990
0.3990
0.3990
0.3990
0.3990
0.3913
0.3856
0.3827
0.3796
0.3760
0.3736
0.3705
0.3673
0.3640
0.3603
0.2176
0.2058
0.1980
0.1910
0.1843
0.1796
0.1757
0.1721
0.1688
0.1656
0.1626
0.1599
0.1567
0.1540
0.1517
0.1495
0.1474
0.1454
0.1434
0.1416
0.1398
0.1381
0.1365
0.1353
0.1342
0.1333
0.1324
0.1316
0.1308
0.1300
0.1292
0.1285
0.1278
0.1271
0.1264
0.1258
0.1251
0.1245
0.1239
0.1233
0.1227
0.1221
0.1215
0.1209
0.1204
0.1198
0.1193
0.0798
0.0798
0.0798
0.0798
0.0798
0.0798
0.0798
0.0798
0.0798
0.0798
0.0798
0.0798
0.0798
0.0798
0.0798
0.0798
0.0798
0.0798
0.0798
0.0798
0.0798
0.0798
0.0798
0.0798
0.0798
0.0798
0.0798
0.0798
0.0798
0.0798
0.0798
0.0798
0.0798
0.0798
0.0798
0.0798
0.0798
0.0798
0.0798
0.0798
0.0798
0.0798
0.0798
0.0798
0.0798
0.0798
0.0798
0.0798
0.0798
0.0798
0.0798
0.0798
0.0798
0.0798
0.0798
0.0798
0.0798
0.0798
0.0798
0.0798
0.0798
0.0798
0.0798
0.0798
0.0798
0.0798
0.0798
0.0798
0.0798
0.0798
0.0798
0.0798
0.0798
0.0798
0.0798
0.0798
0.0798
0.0798
0.0798
0.0798
0.0798
0.0798
0.0798
0.0798
0.0798
0.0798
0.0798
0.0798
0.0798
0.0798
0.0798
0.0798
0.0798
0.0798
0.0798
0.0798
0.0798
0.0798
0.0798
0.0798
0.0798
0.0798
0.0798
0.0798
0.0798
0.0798
0.0798
0.0798
0.2245
0.1611
0.1560
0.1565
0.2956
0.3053
0.1719
0.3104
0.3212
0.3247
0.3274
0.3297
0.3322
0.3475
0.3543
0.3564
0.3538
0.3556
0.3563
0.3566
0.3568
0.3569
0.3615
0.3616
0.3568
0.3566
0.3566
0.3612
0.3570
0.3571
0.3582
0.3641
0.3658
0.3631
0.3648
0.3666
0.3685
0.3750
0.3771
0.3791
0.3800
0.3827
0.3846
0.3865
0.3882
0.3893
0.3860
0.3873
0.3881
0.3887
0.3894
0.3900
0.3906
0.3913
0.3917
0.3926
0.3933
0.3939
0.3946
0.3952
0.3958
0.3958
0.3968
0.3973
0.3977
0.3983
0.3988
0.3948
0.3953
0.3958
0.3967
0.3967
0.3928
0.3931
0.3937
0.3986
0.3990
0.3990
0.3990
0.3990
0.3990
0.3990
0.3990
0.3990
0.3990
0.3990
0.3990
0.3990
0.3990
0.3990
0.3990
0.3990
0.3990
0.3990
0.3990
0.3990
0.3990
0.3990
0.3990
0.3990
0.3990
0.3990
0.3990
0.3990
0.3990
0.3990
0.3990
0.3990
0.3990
0.3990
0.3990
0.3990
0.3990
0.3990
0.3990
0.3990
0.3990
0.3990
0.3990
0.3990
0.3990
0.3917
0.3857
0.3820
0.3784
0.3753
0.3725
0.3648
0.3628
0.3600
0.3575
0.3549
0.3990
0.3990
0.3990
0.3990
0.3990
0.3990
0.3990
0.3990
0.3990
0.3990
0.3990
0.3990
0.3990
0.3990
0.3990
0.3990
0.3990
0.3990
0.3990
0.3990
0.3990
0.3990
0.3990
0.3990
0.3990
0.3990
0.3990
0.3990
0.3990
0.3990
0.3990
0.3990
0.3990
0.3990
0.3990
0.3990
0.3990
0.3990
0.3990
0.3990
0.3990
0.3990
0.3990
0.3990
0.3990
0.3990
0.3990
0.3990
0.3990
0.3990
0.3990
0.3990
0.3990
0.3990
0.3990
0.3990
0.3990
0.3990
0.3990
0.3990
0.3990
0.3990
0.3990
0.3990
0.3990
0.3990
0.3990
0.3990
0.3990
0.3990
0.3990
0.3990
0.3990
0.3990
0.3990
0.3990
0.3990
0.3990
0.3990
0.3990
0.3990
0.3990
0.3990
0.3990
0.3990
0.3990
0.3990
0.3990
0.3990
0.3990
0.3990
0.3990
0.3990
0.3990
0.3990
0.3990
0.3990
0.3990
0.3990
0.3990
0.3990
0.3990
0.3990
0.3990
0.3990
0.3990
0.3990
0.3990
0.3990
0.3990
0.3990
0.3990
0.3990
0.3990
0.3990
0.3990
0.3990
0.3990
0.3990
0.3990
0.3990
0.3990
0.3990
0.3990
0.3990
0.3990
0.3990
0.3990
0.3990
0.3990
0.3990
0.3990
0.3990
0.3990
0.3990
0.3990
0.3990
0.3990
0.3990
0.3990
0.3990
0.3990
0.3990
0.3990
0.3990
0.3990
0.3990
0.3990
0.3990
0.3990
0.3990
0.3990
0.3990
0.3990
0.3990
0.3990
0.3990
0.3990
0.3990
0.3990
0.3990
0.3990
0.3990
0.3990
0.3990
0.3990
0.3990
0.3990
0.3990
0.3990
0.3990
0.3990
0.3990
0.3990
0.3990
0.3990
0.3990
0.3990
0.3990
0.3990
0.3990
0.3990
0.3990
0.3990
0.3990
0.3990
0.3990
0.3990
0.3990
0.3990
0.3990
0.3990
0.3990
0.3990
0.3990
0.3990
0.3990
0.3990
0.3990
0.3990
0.3990
0.3990
0.3990
0.3990
0.3990
0.3990
0.3990
0.3990
0.3990
0.3990
0.3990
0.3990
0.3990
0.3990
0.3990
0.3990
0.3990
0.3990
0.3990
0.3990
0.3990
0.3990
0.3990
0.3990
0.3990
0.3990
0.3990
0.3990
0.3990
0.3990
0.3990
0.3990
0.3990
0.3990
0.3990
0.3990
0.3990
0.3990
0.3990
0.3990
0.3990
0.3990
0.3990
0.3990
0.3990
0.3990
0.3990
0.3990
0.3990
0.3990
0.3990
0.3990
0.3990
0.3990
0.3990
0.3990
0.3990
0.3990
0.3990
0.3990
0.3990
0.3990
0.3990
0.3990
0.3990
0.3990
0.3990
0.3990
0.3990
0.3990
0.3990
0.3990
0.3990
0.3990
0.3990
0.3990
0.3990
0.3990
0.3990
0.3990
0.3990
0.3990
0.3990
0.3990
0.3990
0.3990
0.3990
0.3990
0.3990
0.3990
0.3990
0.3990
0.3990
0.3990
0.3990
0.3990
0.3990
0.3990
0.3990
0.3990
0.3990
0.3990
0.3990
0.3990
0.3990
0.3990
0.3990
0.3990
0.3990
0.3990
0.3990
0.3990
0.3990
0.3990
0.3990
0.3990
0.3990
0.3990
0.3990
0.3990
0.3990
0.3990
0.3990
0.3990
0.3990
0.3990
0.3990
0.3990
0.3990
0.3990
0.3990
0.3990
0.3990
0.3990
0.3990
0.3990
0.3990
0.3990
0.3990
0.3990
0.3990
0.3990
0.3990
0.3990
0.3990
0.3990
0.3990
0.3990
0.3990
0.3990
0.3990
0.3990
0.3990
0.3990
0.3990
0.3990
0.3990
0.3990
0.3990
0.3990
0.3990
0.3990
0.3990
0.3990
0.3990
0.3990
0.3990
0.3990
0.3990
0.3990
0.3990
0.3990
0.3990
0.3990
0.3990
0.3990
0.3990
0.3990
0.3990
0.3990
0.3990
0.3990
0.3990
0.3990
0.3990
0.3990
0.3990
0.3990
0.3990
0.3990
0.3990
0.3990
0.3990
0.3990
0.3990
0.3990
0.3990
0.3990
0.3990
0.3990
0.3990
0.3990
0.3990
0.3990
0.3990
0.3990
0.3990
0.3990
0.3990
0.3990
0.3990
0.3990
0.3990
0.3990
0.3990
0.3990
0.3990
0.3990
0.3990
0.3990
0.3990
0.3990
0.3990
0.3990
0.3990
0.3990
0.3990
0.3990
0.3990
0.3990
0.3990
0.3990
0.3990
0.3990
0.3990
0.3990
0.3990
0.3990
0.3990
0.3990
0.3990
0.3990
0.3990
0.3990
0.3990
0.3990
0.3990
0.3990
0.3990
0.3990
0.3990
0.3990
0.3990
0.3990
0.3990
0.3990
0.3990
0.3990
0.3990
0.3990
0.3990
0.3990
0.3990
0.3990
0.3990
0.3990
0.3990
0.3990
0.3990
0.3990
0.3990
0.3990
0.3990
0.3990
0.3990
0.3990
0.3990
0.3990
0.3990
0.3990
0.3990
0.3990
0.3990
0.3990
0.3990
0.3990
0.3990
0.3990
0.3990
0.3990
0.3990
0.3990
0.3990
0.3990
0.3990
0.3990
0.3990
0.3990
0.3990
0.3990
0.3990
0.3990
0.3990
0.3990
0.3990
0.3990
0.3990
0.3990
0.3990
0.3990
0.3990
0.3990
0.3990
0.3990
0.3990
0.3990
0.3990
0.3990
0.3990
0.3990
0.3990
0.3990
0.3990
0.3990
0.3990
0.3990
0.3990
0.3990
0.3990
0.3990
0.3990
0.3990
0.3990
0.3990
0.3990
0.3990
0.3990
0.3990
0.3990
0.3990
0.3990
0.3990
0.3990
0.3990
0.3990
0.3990
0.3990
0.3990
0.3990
0.3990
0.3990
0.3990
0.3990
0.3990
0.3990
0.3990
0.3990
0.3990
0.3990
0.3990
0.3990
0.3990
0.3990
0.3990
0.3990
0.3990
0.3990
0.3990
0.3990
0.3990
0.3990
0.3990
0.3990
0.3990
0.3990
0.3990
0.3990
0.3990
0.3990
0.3990
0.3990
0.3990
0.3990
0.3990
0.3990
0.3990
0.3990
0.3990
0.3990
0.3990
0.3990
0.3990
0.3990
0.3990
0.3990
0.3990
0.3990
0.3990
0.3990
0.3990
0.3990
0.3990
0.3990
0.3990
0.3990
0.3990
0.3990
0.3990
0.3990
0.3990
0.3990
0.3990
0.3990
0.3990
0.3990
0.3990
0.3990
0.3990
0.3990
0.3990
0.3990
0.3990
0.3990
0.3990
0.3990
0.3990
0.3990
0.3990
0.3990
0.3990
0.3990
0.3990
0.3990
0.3990
0.3990
0.3990
0.3990
0.3990
0.3990
0.3990
0.3990
0.3990
0.3990
0.3990
0.3990
0.3990
0.3990
0.3990
0.3990
0.3990
0.3990
0.3990
0.3990
0.3990
0.3990
0.3990
0.3990
0.3990
0.3990
0.3990
0.3990
0.3990
0.3990
0.3990
0.3990
0.3990
0.3990
0.3990
0.3990
0.3990
0.3990
0.3990
0.3990
0.3990
0.3990
0.3990
0.3990
0.3990
0.3990
0.3990
0.3990
0.3990
0.3990
0.3990
0.3990
0.3990
0.3990
0.3990
0.3990
0.3990
0.3990
0.3990
0.3990
0.3990
0.3990
0.3990
0.3990
0.3990
0.3990
0.3990
0.3990
0.3990
0.3990
0.3990
0.3990
0.3990
0.3990
0.3990
0.0798
0.0798
0.0798
0.0798
0.0798
0.0798
0.0798
0.0798
0.0798
0.0798
0.0798
0.0798
0.0798
0.0798
0.0798
0.0798
0.0798
0.0798
0.0798
0.0798
0.0798
0.0798
0.0798
0.0798
0.1769
0.1313
0.1283
0.1285
0.2666
0.2749
0.1413
0.2752
0.2817
0.2851
0.2877
0.2899
0.2917
0.3071
0.3084
0.3099
0.3157
0.3215
0.3230
0.3291
0.3304
0.3318
0.3333
0.3349
0.3365
0.3382
0.3398
0.3415
0.3428
0.3444
0.3455
0.3464
0.3473
0.3481
0.3489
0.3497
0.3459
0.3508
0.3517
0.3479
0.3442
0.3491
0.3506
0.3569
0.3590
0.3612
0.3634
0.3656
0.3673
0.3645
0.3660
0.3676
0.3692
0.3708
0.3719
0.3728
0.3780
0.3789
0.3794
0.3802
0.3763
0.3766
0.3771
0.3775
0.3779
0.3784
0.3789
0.3774
0.3771
0.3774
0.3778
0.3784
0.3790
0.3797
0.3802
0.3805
0.3816
0.3781
0.3790
0.3805
0.3820
0.3838
0.3857
0.3875
0.3892
0.3990
0.3990
0.3990
0.3990
0.3990
0.3990
0.3990
0.3990
0.3990
0.3990
0.3990
0.3990
0.3990
0.3990
0.3990
0.3990
0.3990
0.3990
0.3975
0.3966
0.3959
0.3954
0.3949
0.3945
0.3941
0.3938
0.3934
0.3886
0.3881
0.3875
0.3823
0.3814
0.3805
0.3796
0.3798
0.3792
0.3642
0.3633
0.3620
0.3561
0.3552
0.3539
0.3521
0.3506
0.3488
0.3457
0.3440
0.3421
0.2006
0.1908
0.1846
0.1798
0.1750
0.1715
0.1687
0.1662
0.1638
0.1614
0.1592
0.1571
0.1539
0.1516
0.1497
0.1480
0.1463
0.1447
0.1431
0.1416
0.1401
0.1386
0.1371
0.1361
0.1351
0.1342
0.1333
0.1324
0.1316
0.1308
0.1300
0.1292
0.1285
0.1277
0.1270
0.1262
0.1255
0.1248
0.1241
0.1233
0.1226
0.1219
0.1212
0.1205
0.1198
0.1191
0.1184
0.0798
0.0798
0.0798
0.0798
0.0798
0.0798
0.0798
0.0798
0.0798
0.0798
0.0798
0.0798
0.0798
0.0798
0.0798
0.0798
0.0798
0.0798
0.0798
0.0798
0.0798
0.0798
0.0798
0.0798
0.3990
0.3990
0.3990
0.3990
0.3990
0.3990
0.3990
0.3990
0.3990
0.3990
0.3990
0.3990
0.3990
0.3990
0.3990
0.3990
0.3990
0.3990
0.3990
0.3990
0.3990
0.3990
0.3990
0.3990
0.3990
0.3990
0.3990
0.3990
0.3990
0.3990
0.3990
0.3990
0.3990
0.3990
0.3990
0.3990
0.3990
0.3990
0.3990
0.3990
0.3990
0.3990
0.3990
0.3990
0.3990
0.3990
0.3990
0.3990
0.3990
0.3990
0.3990
0.3990
0.3990
0.3990
0.3990
0.3990
0.3990
0.3990
0.3990
0.3990
0.3990
0.3990
0.3990
0.3990
0.3990
0.3990
0.3990
0.3990
0.3990
0.3990
0.3990
0.3990
0.3990
0.3990
0.3990
0.3990
0.3990
0.3990
0.3990
0.3990
0.3990
0.3990
0.3990
0.3990
0.3990
0.1751
0.0798
0.0798
0.0798
0.0798
0.0798
0.0798
0.0798
0.0798
0.0798
0.0798
0.0798
0.0798
0.0798
0.0798
0.0798
0.0798
0.0798
0.0798
0.0798
0.0798
0.0798
0.0798
0.0798
0.0798
0.0798
0.0798
0.0798
0.0798
0.0798
0.0798
0.0798
0.0798
0.0798
0.0798
0.0798
0.0798
0.0798
0.0798
0.0798
0.0798
0.0798
0.0798
0.0798
0.0798
0.0798
0.0798
0.0798
0.0798
0.0798
0.0798
0.0798
0.0798
0.3990
0.0798
0.0798
0.0798
0.0798
0.0798
0.0798
0.0798
0.3990
0.0924
0.0798
0.0798
0.0798
0.3990
0.1060
0.0798
0.0798
0.0798
0.0798
0.3990
0.1125
0.0798
0.0798
0.0798
0.0798
0.0798
0.0798
0.0798
0.0798
0.3990
0.1331
0.0859
0.0838
0.0842
0.0847
0.0851
0.0855
0.0859
0.0863
0.0867
0.3990
0.1475
0.0919
0.0892
0.0894
0.0897
0.3990
0.1547
0.0950
0.0921
0.0922
0.0925
0.0928
0.0932
0.0935
0.3990
0.1593
0.0986
0.0955
0.0956
0.0956
0.0957
0.3990
0.1628
0.0998
0.0963
0.0955
0.0868
0.0860
0.0853
0.0845
0.0836
0.3990
0.1415
0.0849
0.0798
0.1386
0.0827
0.0798
0.0798
0.0798
0.0798
0.0798
0.0798
0.0798
0.0798
0.0798
0.0798
0.0798
0.0798
0.0798
0.0798
0.0798
0.0798
0.0798
0.0798
0.0798
0.0798
0.0798
0.0798
0.0798
0.0798
0.0798
0.0798
0.0798
0.0798
0.0798
0.0798
0.0798
0.0798
0.0798
0.0798
0.0798
0.0798
0.0798
0.0798
0.0798
0.0798
0.0798
0.0798
0.0798
0.0798
0.0798
0.0798
0.0798
0.0798
0.3990
0.3990
0.3990
0.3990
0.3990
0.3990
0.3990
0.3990
0.3990
0.3990
0.3990
0.3990
0.3990
0.3990
0.3990
0.3990
0.3990
0.3990
0.3990
0.3990
0.3990
0.3990
0.3990
0.3990
0.3990
0.3990
0.3990
0.3990
0.3990
0.3990
0.3990
0.3990
0.3990
0.3990
0.3990
0.3990
0.3990
0.3990
0.3990
0.3990
0.3990
0.3990
0.3990
0.3990
0.3990
0.3990
0.3990
0.3990
0.3990
0.3990
0.3990
0.3990
0.3990
0.3990
0.3990
0.3990
0.3990
0.3990
0.3990
0.3990
0.3990
0.3990
0.3990
0.3990
0.3990
0.3990
0.3990
0.3990
0.3990
0.3990
0.3990
0.3990
0.3990
0.3990
0.3990
0.3990
0.3990
0.3990
0.3990
0.3990
0.3990
0.3990
0.3990
0.3990
0.3990
0.3990
0.3990
0.3990
0.3990
0.3990
0.3990
0.3990
0.3990
0.3990
0.3990
0.3990
0.3990
0.3990
0.3990
0.3990
0.3990
0.3990
0.3990
0.3990
0.3990
0.3990
0.3990
0.3990
0.3990
0.2203
0.0798
0.0798
0.0798
0.0798
0.0798
0.0798
0.0798
0.0798
0.0798
0.0798
0.0798
0.0798
0.0798
0.0798
0.0798
0.0798
0.0798
0.0798
0.0798
0.0798
0.0798
0.0798
0.0798
0.0798
0.0798
0.0798
0.0798
0.0798
0.0798
0.0798
0.0798
0.0798
0.0798
0.0798
0.0798
0.0798
0.0798
0.0798
0.0798
0.0798
0.0798
0.0798
0.0798
0.3990
0.0938
0.0798
0.0798
0.0798
0.0798
0.0798
0.0798
0.0798
0.0798
0.3990
0.1267
0.0852
0.0819
0.3990
0.1408
0.0881
0.0856
0.0859
0.0865
0.0871
0.0877
0.0866
0.0871
0.0875
0.3990
0.1493
0.0912
0.0885
0.0888
0.0908
0.0930
0.0935
0.0941
0.0946
0.0952
0.0957
0.0981
0.0987
0.0992
0.0996
0.1001
0.1005
0.1010
0.1014
0.1020
0.1026
0.1033
0.1040
0.1047
0.1054
0.1061
0.1069
0.1075
0.1083
0.1091
0.1098
0.1101
0.1101
0.1099
0.1097
0.1093
0.1076
0.1068
0.1062
0.1055
0.1045
0.1035
0.1025
0.1020
0.1016
0.1012
0.1009
0.1005
0.1002
0.0998
0.0911
0.0905
0.0900
0.0897
0.0893
0.0888
0.0798
0.0798
0.0798
0.0798
0.0798
0.0798
0.0798
0.0798
0.0798
0.0798
0.0798
0.0798
0.0798
0.0798
0.0798
0.0798
0.0798
0.0798
0.0798
0.0798
0.0798
0.0798
0.0798
0.0798
0.0798
0.0798
0.0798
0.0798
0.0798
0.0798
0.0798
0.0798
0.0798
0.0798
0.0798
0.0798
0.0798
0.0798
0.0798
0.0798
0.0798
0.0798
0.0798
0.0798
0.0798
0.0798
0.0798
0.0798
0.0798
0.0798
0.0798
0.0798
0.0798
0.3990
0.3990
0.3990
0.3990
0.3990
0.3990
0.3990
0.3990
0.3990
0.3990
0.3990
0.3990
0.3990
0.3990
0.3990
0.3990
0.3990
0.3990
0.3990
0.3990
0.3990
0.3990
0.3990
0.3990
0.0798
0.0798
0.0798
0.0798
0.0798
0.0798
0.0798
0.0798
0.0798
0.0798
0.0798
0.0798
0.0798
0.0798
0.0798
0.0798
0.0798
0.0798
0.0798
0.0798
0.0798
0.0798
0.0798
0.0798
0.0798
0.0798
0.0798
0.0798
0.0798
0.0798
0.0798
0.0798
0.0798
0.0798
0.0798
0.0798
0.0798
0.0798
0.0798
0.0798
0.0798
0.0798
0.0798
0.0798
0.0798
0.0798
0.0798
0.0798
0.0798
0.0798
0.0798
0.0798
0.0798
0.0798
0.0798
0.0798
0.0798
0.0798
0.0798
0.0798
0.0798
0.0798
0.0798
0.0798
0.0798
0.0798
0.0798
0.0798
0.0798
0.0798
0.0798
0.0798
0.0798
0.0798
0.0798
0.0798
0.0798
0.0819
0.0928
0.0967
0.0995
0.1014
0.1035
0.1055
0.2814
0.2062
0.3356
0.3419
0.3546
0.3578
0.3562
0.3590
0.3658
0.3686
0.3707
0.3730
0.3754
0.3912
0.3933
0.3945
0.3963
0.3983
0.3990
0.3990
0.3990
0.3990
0.3990
0.3990
0.3990
0.3990
0.3990
0.3990
0.3990
0.3990
0.3990
0.3990
0.3990
0.3990
0.3990
0.3990
0.3990
0.3990
0.3990
0.3990
0.3990
0.3990
0.3990
0.3990
0.3990
0.3990
0.3990
0.3990
0.3990
0.3990
0.3990
0.3990
0.3990
0.3990
0.3990
0.3990
0.3990
0.3990
0.3990
0.3990
0.3990
0.3990
0.3990
0.3990
0.3990
0.3990
0.3990
0.3990
0.3990
0.3990
0.3990
0.3990
0.3990
0.3990
0.3990
0.3990
0.3990
0.3990
0.3990
0.3990
0.3990
0.3990
0.3990
0.3990
0.3990
0.3990
0.3990
0.3990
0.3990
0.3990
0.3990
0.3990
0.3990
0.3990
0.3990
0.3990
0.3990
0.3990
0.3990
0.3990
0.3990
0.3990
0.3990
0.3990
0.3990
0.3990
0.3990
0.3990
0.3990
0.3990
0.3990
0.3990
0.3990
0.3990
0.3990
0.3990
0.3990
0.3990
0.3990
0.3990
0.3990
0.3990
0.3990
0.3990
0.3990
0.3990
0.3990
0.3990
0.3990
0.3990
0.3990
0.3990
0.3990
0.3990
0.3990
0.3990
0.3990
0.3990
0.3990
0.3990
0.3990
0.3990
0.3990
0.3990
0.3990
0.3990
0.3990
0.3990
0.3990
0.3990
0.3990
0.3990
0.3990
0.3990
0.3990
0.3990
0.3990
0.3990
0.3990
0.3990
0.3990
0.3990
0.3990
0.3990
0.3990
0.3990
0.3990
0.3990
0.3990
0.3990
0.3990
0.3990
0.3990
0.3990
0.3990
0.3990
0.3990
0.3990
0.3990
0.3990
0.3990
0.3990
0.3990
0.3990
0.3990
0.3990
0.3990
0.3990
0.3990
0.0798
0.0798
0.0798
0.0798
0.0798
0.0798
0.0798
0.0798
0.0798
0.0798
0.0798
0.0798
0.0798
0.0798
0.0798
0.0798
0.0798
0.0798
0.0798
0.0798
0.0798
0.0798
0.0798
0.0798
0.0798
0.0798
0.0798
0.0798
0.0798
0.0798
0.0798
0.0798
0.0798
0.0798
0.0798
0.0798
0.0798
0.0798
0.0798
0.0798
0.0798
0.0798
0.0798
0.0798
0.0798
0.0798
0.0798
0.0798
0.0798
0.0798
0.0798
0.0798
0.0798
0.0798
0.0798
0.0798
0.0798
0.0798
0.0798
0.0798
0.0798
0.0798
0.0798
0.0798
0.0798
0.0798
0.0798
0.0798
0.0798
0.0798
0.0798
0.0798
0.0798
0.0798
0.0798
0.0798
0.0798
0.0798
0.0798
0.0798
0.0798
0.0798
0.0798
0.0798
0.0798
0.0798
0.0798
0.0798
0.0798
0.0798
0.0798
0.0798
0.0798
0.0798
0.0798
0.0798
0.0798
0.0798
0.0798
0.2541
0.1775
0.1685
0.1672
0.3047
0.3125
0.1789
0.3175
0.3253
0.3292
0.3326
0.3401
0.3443
0.3562
0.3584
0.3610
0.3678
0.3701
0.3715
0.3727
0.3736
0.3745
0.3754
0.3761
0.3724
0.3730
0.3741
0.3794
0.3758
0.3765
0.3776
0.3832
0.3845
0.3858
0.3871
0.3884
0.3898
0.3912
0.3927
0.3896
0.3910
0.3926
0.3940
0.3990
0.3990
0.3990
0.3990
0.3990
0.3990
0.3990
0.3990
0.3990
0.3990
0.3990
0.3990
0.3990
0.3990
0.3990
0.3990
0.3990
0.3990
0.3990
0.3990
0.3990
0.3990
0.3990
0.3990
0.3990
0.3990
0.3990
0.3990
0.3990
0.3990
0.3990
0.3990
0.3990
0.3990
0.3990
0.3990
0.3990
0.3990
0.3990
0.3990
0.3990
0.3990
0.3990
0.3990
0.3990
0.3990
0.3990
0.3990
0.3990
0.3990
0.3990
0.3990
0.3990
0.3990
0.3990
0.3990
0.3990
0.3990
0.3990
0.3990
0.3990
0.3990
0.3990
0.3990
0.3990
0.3990
0.3990
0.3990
0.3990
0.3990
0.3990
0.3990
0.3990
0.3990
0.3990
0.3990
0.3990
0.3990
0.3990
0.3990
0.3990
0.3990
0.3990
0.3990
0.2846
0.2613
0.2521
0.2456
0.2396
0.3990
0.3990
0.3990
0.3990
0.3990
0.3990
0.3990
0.3990
0.3990
0.3990
0.3990
0.3990
0.3990
0.3990
0.3990
0.3990
0.3990
0.3990
0.3990
0.3990
0.3990
0.3990
0.3990
0.3990
0.3990
0.3990
0.3990
0.3990
0.3990
0.3990
0.3990
0.3990
0.3990
0.3990
0.3990
0.3990
0.3990
0.3990
0.3990
0.3990
0.3990
0.3990
0.3990
0.3990
0.3990
0.3990
0.3990
0.3990
0.3990
0.3990
0.3990
0.3990
0.3990
0.3990
0.3990
0.3990
0.3990
0.3990
0.3990
0.3990
0.3990
0.3990
0.3990
0.3990
0.3990
0.3990
0.3990
0.3990
0.3990
0.3990
0.3990
0.3990
0.3990
0.3990
0.3990
0.3990
0.3990
0.3990
0.3990
0.3990
0.3990
0.3990
0.3990
0.3990
0.3990
0.3990
0.3990
0.3990
0.3990
0.3990
0.3990
0.3990
0.3990
0.3990
0.3990
0.3990
0.3990
0.3990
0.3990
0.3990
0.3990
0.3990
0.3990
0.3990
0.3990
0.3990
0.3990
0.3990
0.3990
0.3990
0.3990
0.3990
0.3990
0.3990
0.3990
0.3990
0.3990
0.3990
0.3990
0.3990
0.3990
0.3990
0.3990
0.3990
0.3990
0.3990
0.3990
0.3990
0.3990
0.3990
0.3990
0.3990
0.3990
0.3990
0.3990
0.3990
0.3990
0.3990
0.3990
0.3990
0.3990
0.3990
0.3990
0.3990
0.3990
0.3990
0.3990
0.3990
0.3990
0.3990
0.3990
0.3990
0.3990
0.3990
0.3990
0.3990
0.3990
0.3990
0.3990
0.3990
0.3990
0.3990
0.3990
0.3990
0.3990
0.3990
0.3990
0.3990
0.3990
0.3990
0.3990
0.3990
0.3990
0.3990
0.3990
0.3990
0.3990
0.3990
0.3990
0.3990
0.3990
0.3990
0.3990
0.3990
0.3990
0.3990
0.3990
0.3990
0.3990
0.3990
0.3990
0.3990
0.3990
0.3990
0.3990
0.3990
0.3990
0.3990
0.3990
0.3990
0.3990
0.3990
0.3990
0.3990
0.3990
0.3990
0.3990
0.3990
0.3990
0.3990
0.3990
0.3990
0.3990
0.3990
0.3990
0.3990
0.3990
0.3990
0.3990
0.3990
0.3990
0.3990
0.3990
0.3990
0.3990
0.3990
0.3990
0.3990
0.3990
0.3990
0.3990
0.3990
0.3990
0.3990
0.3990
0.3990
0.3990
0.3990
0.3990
0.3990
0.3990
0.3990
0.3990
0.3990
0.3990
0.3990
0.3990
0.3990
0.3990
0.3990
0.3990
0.3990
0.3990
0.3990
0.3990
0.3990
0.3990
0.3990
0.3990
0.3990
0.3990
0.3990
0.3990
0.3990
0.3990
0.3990
0.3990
0.3990
0.3990
0.3990
0.3990
0.3990
0.3990
0.3990
0.3990
0.3990
0.3990
0.3990
0.3990
0.3990
0.3990
0.3990
0.3990
0.3990
0.3990
0.3990
0.3990
0.3990
0.3990
0.3990
0.3990
0.3990
0.3990
0.3990
0.3990
0.3990
0.3990
0.3990
0.3990
0.3990
0.3990
0.3990
0.3990
0.3990
0.3990
0.3990
0.3990
0.3990
0.3990
0.3990
0.3990
0.3990
0.3990
0.3990
0.3990
0.3990
0.3990
0.3990
0.3990
0.3990
0.3990
0.3990
0.3990
0.3990
0.3990
0.3990
0.3990
0.3990
0.3990
0.3990
0.3990
0.3990
0.3990
0.3990
0.3990
0.3990
0.3990
0.3990
0.3990
0.3990
0.3990
0.3990
0.3990
0.3990
0.3990
0.3990
0.3990
0.3990
0.3990
0.3990
0.3990
0.3990
0.3990
0.3990
0.3990
0.3990
0.3990
0.3990
0.3990
0.3990
0.3990
0.3990
0.3990
0.3990
0.3990
0.3990
0.3990
0.3990
0.3990
0.3990
0.3990
0.3990
0.3990
0.3990
0.3990
0.3990
0.3990
0.3990
0.3990
0.3990
0.3990
0.3990
0.3990
0.3990
0.3990
0.3990
0.3990
0.3990
0.3990
0.3990
0.3990
0.3990
0.3990
0.3990
0.3990
0.3990
0.3990
0.3990
0.3990
0.3990
0.3990
0.3990
0.3990
0.3990
0.3990
0.3990
0.3990
0.3990
0.3990
0.3990
0.3990
0.3990
0.3990
0.3990
0.3990
0.3990
0.3990
0.3990
0.3990
0.3990
0.3990
0.3990
0.3990
0.3990
0.3990
0.3990
0.3990
0.3990
0.3990
0.3990
0.3990
0.3990
0.3990
0.3990
0.3990
0.3990
0.3990
0.3990
0.3990
0.3990
0.3990
0.3990
0.3990
0.3990
0.3990
0.3990
0.3990
0.3990
0.3990
0.3990
0.3990
0.3990
0.3990
0.3990
0.3990
0.3990
0.3990
0.3990
0.3990
0.3990
0.3990
0.3990
0.3990
0.3990
0.3990
0.3990
0.3990
0.3990
0.3990
0.3990
0.3990
0.3990
0.3990
0.3990
0.3990
0.3990
0.3990
0.3990
0.3990
0.3990
0.3990
0.3990
0.3990
0.3990
0.3990
0.3990
0.3990
0.3990
0.3990
0.3990
0.3990
0.3990
0.3990
0.3990
0.3990
0.3990
0.3990
0.3990
0.3990
0.3990
0.3990
0.3990
0.3990
0.3990
0.3990
0.3990
0.3990
0.3990
0.3990
0.3990
0.3990
0.3990
0.3990
0.3990
0.3990
0.3990
0.3990
0.3990
0.3990
0.3990
0.3990
0.3990
0.3990
0.3990
0.3990
0.3990
0.3990
0.3990
0.3990
0.3990
0.3990
0.3990
0.3990
0.3990
0.3990
0.3990
0.3990
0.3990
0.3990
0.3990
0.3990
0.3990
0.3990
0.3990
0.3990
0.3990
0.3990
0.3990
0.3990
0.3990
0.3990
0.3990
0.3990
0.3990
0.3990
0.3990
0.3990
0.3990
0.3990
0.3990
0.3990
0.3990
0.3990
0.3990
0.3990
0.3990
0.3990
0.3990
0.3990
0.3990
0.3990
0.3990
0.3990
0.3990
0.3990
0.3990
0.3990
0.3990
0.3990
0.3990
0.3990
0.3990
0.3990
0.3990
0.3990
0.3990
0.3990
0.3990
0.3990
0.3990
0.3990
0.3990
0.3990
0.3990
0.3990
0.3990
0.3990
0.3990
0.3990
0.3990
0.3990
0.3990
0.3990
0.3990
0.3990
0.3990
0.3990
0.3990
0.3990
0.3990
0.3990
0.3990
0.3990
0.3990
0.3990
0.3990
0.3990
0.3990
0.3990
0.3990
0.3990
0.3990
0.3990
0.3990
0.3990
0.3990
0.3990
0.3990
0.3990
0.3990
0.3990
0.3990
0.3990
0.3990
0.3990
0.3990
0.3990
0.3990
0.3990
0.3990
0.3990
0.3990
0.3990
0.3990
0.3990
0.3990
0.3990
0.3990
0.3990
0.3990
0.3990
0.3990
0.3990
0.3990
0.3990
0.3990
0.3990
0.3990
0.3990
0.3990
0.3990
0.3990
0.3990
0.3990
0.3990
0.3990
0.3990
0.3990
0.3990
0.3990
0.3990
0.3990
0.3990
0.3990
0.3990
0.3990
0.3990
0.3990
0.3990
0.3990
0.3990
0.3990
0.3990
0.3990
0.3990
0.3990
0.3990
0.3990
0.3990
0.3990
0.3990
0.3990
0.3990
0.3990
0.3990
0.3990
0.3990
0.3990
0.3990
0.3990
0.3990
0.3990
0.3990
0.3990
0.3990
0.3990
0.3990
0.3990
0.0798
0.0798
0.0798
0.0798
0.0798
0.0798
0.0798
0.0798
0.0798
0.0798
0.0798
0.0798
0.0798
0.0798
0.0798
0.0798
0.0798
0.0798
0.0798
0.0798
0.0798
0.0798
0.0798
0.0798
0.1915
0.1338
0.1279
0.1265
0.2627
0.2698
0.1361
0.2733
0.2841
0.2863
0.2883
0.2905
0.2977
0.3091
0.3118
0.3144
0.3165
0.3189
0.3217
0.3242
0.3263
0.3284
0.3311
0.3334
0.3353
0.3417
0.3441
0.3461
0.3480
0.3497
0.3512
0.3481
0.3494
0.3508
0.3522
0.3581
0.3550
0.3609
0.3625
0.3551
0.3609
0.3670
0.3645
0.3712
0.3730
0.3706
0.3727
0.3750
0.3767
0.3829
0.3847
0.3807
0.3817
0.3831
0.3839
0.3846
0.3851
0.3873
0.3886
0.3894
0.3904
0.3911
0.3919
0.3926
0.3933
0.3941
0.3950
0.3960
0.3971
0.3964
0.3990
0.3990
0.3990
0.3990
0.3990
0.3990
0.3990
0.3990
0.3990
0.3984
0.3988
0.3990
0.3990
0.3990
0.3990
0.3990
0.3990
0.3990
0.3990
0.3990
0.3990
0.3990
0.3990
0.3990
0.3990
0.3990
0.3990
0.3990
0.3990
0.3990
0.3990
0.3990
0.3990
0.3990
0.3990
0.3990
0.3990
0.3990
0.3990
0.3990
0.3990
0.3990
0.3990
0.3990
0.3990
0.3990
0.3990
0.3990
0.3990
0.3990
0.3990
0.3904
0.3854
0.3816
0.3784
0.3735
0.3706
0.2286
0.2186
0.2124
0.2072
0.2026
0.1982
0.1942
0.1901
0.1861
0.1822
0.1784
0.1755
0.1729
0.1706
0.1683
0.1660
0.1639
0.1618
0.1595
0.1576
0.1558
0.1541
0.1524
0.1508
0.1492
0.1477
0.1461
0.1446
0.1432
0.1422
0.1413
0.1406
0.1398
0.1391
0.1384
0.1378
0.1371
0.1365
0.1359
0.1353
0.1347
0.1341
0.1335
0.1329
0.1323
0.1317
0.1311
0.1305
0.1300
0.1294
0.1288
0.1282
0.1277
0.0798
0.0798
0.0798
0.0798
0.0798
0.0798
0.0798
0.0798
0.0798
0.0798
0.0798
0.0798
0.0798
0.0798
0.0798
0.0798
0.0798
0.0798
0.0798
0.0798
0.0798
0.0798
0.0798
