23.9633
23.9530
23.9413
23.9287
23.9155
23.9017
23.8875
23.8728
23.8579
23.8426
23.8270
23.8111
23.7950
23.7812
23.7689
23.7576
23.7471
23.7371
23.7274
23.7179
23.7086
23.6995
23.6905
23.6817
23.6730
23.6643
23.6557
23.6470
23.6383
23.6297
23.6211
23.6125
23.6039
23.5954
23.5869
23.5785
23.5701
23.5618
23.5537
23.5456
23.5376
23.5297
23.5218
23.5140
23.5062
23.4984
23.4907
23.4831
23.4755
23.4678
23.4600
23.4521
23.4442
23.4362
23.4282
23.4203
23.4124
23.4044
23.3964
23.3884
23.3804
23.3747
23.3652
23.3573
23.3496
23.3418
23.3340
23.3261
23.3181
23.3099
23.3017
23.4505
23.6120
23.7553
23.8705
23.9790
24.0730
24.1524
24.2213
24.2797
24.3296
24.3732
24.4127
24.4484
24.4808
24.0228
24.0030
24.0015
24.0013
24.0012
24.0011
24.0010
24.0010
24.0010
24.0011
24.0011
24.0012
24.0012
24.0012
24.0013
24.0014
24.0014
24.0015
24.0015
24.0015
24.0016
24.0016
24.0016
24.0016
24.0016
24.0015
24.0015
24.0014
24.0014
24.0013
24.0013
24.0013
24.0013
24.0013
24.0013
24.0013
24.0013
24.0013
24.0013
24.0013
24.0012
24.0012
24.0012
24.0012
24.0012
24.0012
24.0012
24.0012
24.0012
24.0013
24.0013
24.0013
24.0012
24.0012
24.0012
24.0012
24.0012
24.0012
24.0011
24.0011
24.0012
24.0012
24.0012
24.0012
24.0012
24.0012
24.0013
24.0013
24.0013
24.0014
24.0014
24.0014
24.0014
24.0013
24.0013
24.0013
24.0013
24.0014
24.0014
24.0015
24.0015
24.0015
24.0015
24.0016
24.0016
24.0016
24.0016
24.0017
24.0017
24.0017
24.0017
24.0017
24.0017
24.0016
24.0016
24.0016
24.0016
24.0016
24.0016
24.0016
24.0016
24.0016
24.0016
24.0016
24.0015
24.0015
24.0015
24.0015
24.0015
24.0015
24.0015
24.0015
24.0015
24.0015
24.0014
24.0014
24.0014
24.0014
24.0013
24.0013
24.0013
24.0012
24.0011
24.0011
24.0010
24.0009
24.0009
24.0005
24.0004
24.0004
24.0004
24.0003
24.0003
24.0003
24.0003
24.0003
24.0003
24.0003
24.0003
24.0003
24.0003
24.0003
24.0003
24.0003
24.0003
24.0003
24.0003
24.0003
24.0003
24.0003
24.0003
24.0003
24.0002
24.0002
24.0002
24.0002
24.0002
24.0002
24.0002
24.0002
24.0002
24.0002
24.0002
24.0002
24.0002
24.0002
24.0002
24.0002
24.0002
24.0002
24.0002
24.0002
24.0002
24.0002
24.0002
24.0002
24.0002
24.0002
24.0002
24.0002
24.0262
24.0423
24.0480
24.0482
24.0451
24.0403
24.0345
24.0283
24.0219
24.0155
24.0091
24.0029
23.9970
23.9912
23.9856
23.9801
23.9746
23.9693
23.9640
23.9588
23.9532
23.9476
23.9420
23.9365
23.9303
23.9230
23.9157
23.9089
23.9021
23.8949
23.8873
23.8794
23.8714
23.8631
23.8547
23.8461
23.8382
23.8312
23.8247
23.8186
23.8129
23.8074
23.8020
23.7967
23.7916
23.7865
23.7815
23.7766
23.7719
23.7675
23.7633
23.7593
23.7556
23.7519
23.7484
23.7450
23.7417
23.7384
23.7353
23.7322
23.7293
23.7264
23.7236
23.7208
23.7180
23.7153
23.7127
23.7101
23.7076
23.7051
23.7026
23.7002
23.6969
23.6929
23.6883
23.6835
23.6785
23.6733
23.6681
23.6628
23.6574
23.6519
23.6464
23.6410
23.6391
23.6345
23.6325
23.6307
23.6296
23.6284
23.6275
23.6265
23.6257
23.6248
23.7881
23.9562
24.0836
24.1739
24.2459
24.2956
24.3264
24.3469
24.3563
24.3585
24.3571
24.3540
24.3503
24.3464
24.0148
24.0036
24.0026
24.0024
24.0022
24.0021
24.0019
24.0018
24.0017
24.0017
24.0016
24.0016
24.0016
24.0016
24.0016
24.0017
24.0017
24.0018
24.0018
24.0019
24.0019
24.0019
24.0019
24.0020
24.0020
24.0020
24.0020
24.0020
24.0020
24.0020
24.0020
24.0020
24.0020
24.0020
24.0019
24.0018
24.0017
24.0016
24.0015
24.0008
24.0007
24.0007
24.0007
24.0011
24.0012
24.0011
24.0011
24.0011
24.0011
24.0011
24.0011
24.0011
24.0011
24.0011
24.0012
24.0012
24.0012
24.0012
24.0012
24.0012
24.0012
24.0013
24.0014
24.0015
24.0016
24.0017
24.0018
24.0018
24.0019
24.0019
24.0020
24.0020
24.0020
24.0020
24.0020
24.0020
24.0019
24.0019
24.0019
24.0020
24.0020
24.0020
24.0020
24.0020
24.0020
24.0020
24.0020
24.0020
24.0020
24.0020
24.0020
24.0020
24.0020
24.0020
24.0020
24.0020
24.0020
24.0020
24.0020
24.0019
24.0019
24.0019
24.0019
24.0019
24.0019
24.0019
24.0019
24.0020
24.0020
24.0020
24.0020
24.0020
24.0020
24.0020
24.0020
24.0020
24.0020
24.0020
24.0020
24.0020
24.0019
24.0018
24.0018
24.0017
24.0016
24.0015
24.0014
24.0013
24.0013
24.0012
24.0011
24.0010
24.0010
24.0006
24.0005
24.0005
24.0005
24.0005
24.0005
24.0005
24.0005
24.0005
24.0005
24.0005
24.0005
24.0005
24.0005
24.0005
24.0005
24.0005
24.0005
24.0005
24.0005
24.0005
24.0005
24.0005
24.0005
24.0005
24.0005
24.0005
24.0005
24.0005
24.0005
24.0005
24.0005
24.0005
24.0005
24.0005
24.0005
24.0005
24.0005
24.0005
24.0005
24.0005
24.0005
24.0005
24.0005
24.0005
24.0005
24.0005
24.1012
24.1600
24.1921
24.2095
24.2183
24.2221
24.2229
24.2219
24.2198
24.2171
24.2141
24.2109
24.2084
24.2062
24.2044
24.2029
24.2014
24.2001
24.1990
24.1979
24.1968
24.1959
24.1949
24.1941
24.1928
24.1912
24.1893
24.1872
24.1850
24.1826
24.1802
24.1777
24.1751
24.1725
24.1698
24.1671
24.1647
24.1626
24.1607
24.1590
24.1574
24.1558
24.1544
24.1529
24.1515
24.1502
24.1489
24.1476
24.1451
24.1413
24.1367
24.1314
24.1256
24.1192
24.1127
24.1059
24.0986
24.0914
24.0840
24.0762
24.0686
24.0609
24.0532
24.0454
24.0375
24.0295
24.0215
24.0133
24.0051
23.9968
23.9885
23.9801
23.9717
23.9632
23.9546
23.9460
23.9374
23.9288
23.9201
23.9114
23.9026
23.8938
23.8849
23.8760
23.8714
23.8628
23.8571
23.8521
23.8474
23.8430
23.8385
23.8340
23.8294
23.8248
24.0110
24.1841
24.3163
24.3948
24.4372
24.4478
24.4378
24.4186
24.4016
24.3891
24.3810
24.3765
24.3750
24.3760
24.0165
24.0035
24.0025
24.0022
24.0021
24.0020
24.0018
24.0017
24.0016
24.0015
24.0015
24.0014
24.0014
24.0014
24.0014
24.0014
24.0013
24.0013
24.0013
24.0013
24.0014
24.0014
24.0015
24.0016
24.0016
24.0017
24.0018
24.0018
24.0018
24.0019
24.0019
24.0019
24.0019
24.0020
24.0020
24.0020
24.0020
24.0020
24.0020
24.0020
24.0020
24.0020
24.0020
24.0020
24.0020
24.0020
24.0020
24.0020
24.0020
24.0020
24.0020
24.0020
24.0020
24.0020
24.0019
24.0019
24.0018
24.0017
24.0016
24.0016
24.0017
24.0018
24.0018
24.0018
24.0018
24.0017
24.0017
24.0017
24.0016
24.0016
24.0016
24.0017
24.0017
24.0017
24.0016
24.0016
24.0016
24.0017
24.0017
24.0018
24.0018
24.0018
24.0018
24.0079
24.0158
24.0226
24.0308
24.0385
24.0461
24.0536
24.0613
24.0689
24.0768
24.0846
24.0918
24.1002
24.1089
24.1180
24.1274
24.1371
24.1471
24.1574
24.1668
24.1752
24.1831
24.1906
24.1979
24.2049
24.2114
24.2173
24.2228
24.2280
24.2330
24.2377
24.2394
24.2187
24.2074
24.1990
24.1913
24.1834
24.1724
24.0760
24.0257
24.0038
24.0015
24.0012
24.0010
24.0010
24.0009
24.0008
24.0008
24.0008
24.0007
24.0005
24.0004
24.0004
24.0004
24.0004
24.0004
24.0004
24.0004
24.0004
24.0004
24.0004
24.0004
24.0004
24.0004
24.0004
24.0004
24.0004
24.0004
24.0004
24.0004
24.0004
24.0004
24.0004
24.0004
24.0004
24.0004
24.0004
24.0004
24.0004
24.0004
24.0004
24.0004
24.0004
24.0004
24.0004
24.0004
24.0004
24.0004
24.0004
24.0004
24.0004
24.0004
24.0004
24.0004
24.0004
24.0004
24.0004
24.2007
24.3160
24.3841
24.4255
24.4514
24.4680
24.4789
24.4864
24.4915
24.4952
24.4978
24.4998
24.5005
24.5002
24.4991
24.4974
24.4951
24.4924
24.4894
24.4861
24.4824
24.4785
24.4744
24.4701
24.4659
24.4618
24.4577
24.4536
24.4495
24.4453
24.4411
24.4367
24.4323
24.4278
24.4232
24.4185
24.4134
24.4079
24.4021
24.3960
24.3897
24.3831
24.3764
24.3695
24.3624
24.3552
24.3480
24.3406
24.3315
24.3214
24.3104
24.2989
24.2871
24.2748
24.2622
24.2492
24.2359
24.2225
24.2088
24.1950
24.1811
24.1671
24.1531
24.1388
24.1245
24.1100
24.0955
24.0808
24.0660
24.0511
24.0362
24.0211
24.0058
23.9904
23.9749
23.9592
23.9434
23.9275
23.9115
23.8954
23.8792
23.8628
23.8464
23.8299
23.8204
23.8105
23.8041
23.7995
23.7958
23.7925
23.7896
23.7867
23.7840
23.7813
23.9292
24.0859
24.1648
24.2212
24.2865
24.3530
24.4163
24.4753
24.5316
24.5856
24.6374
24.6871
24.7350
24.7812
24.0482
24.0036
24.0016
24.0014
24.0024
24.0023
24.0012
24.0018
24.0018
24.0017
24.0016
24.0016
24.0015
24.0015
24.0016
24.0016
24.0017
24.0017
24.0017
24.0017
24.0017
24.0017
24.0017
24.0018
24.0018
24.0018
24.0017
24.0018
24.0018
24.0018
24.0017
24.0018
24.0018
24.0018
24.0018
24.0018
24.0018
24.0018
24.0018
24.0018
24.0018
24.0017
24.0017
24.0016
24.0016
24.0016
24.0016
24.0016
24.0016
24.0016
24.0016
24.0016
24.0016
24.0016
24.0016
24.0016
24.0016
24.0016
24.0016
24.0016
24.0016
24.0016
24.0016
24.0016
24.0016
24.0016
24.0016
24.0016
24.0016
24.0016
24.0015
24.0015
24.0015
24.0014
24.0014
24.0013
24.0026
24.0058
24.0115
24.0191
24.0279
24.0387
24.0507
24.0634
24.0748
24.0853
24.0956
24.1059
24.1182
24.1304
24.1395
24.1450
24.1494
24.1531
24.1563
24.1589
24.1610
24.1627
24.1638
24.1646
24.1647
24.1664
24.1676
24.1668
24.1660
24.1656
24.1652
24.1648
24.1640
24.1427
24.1323
24.1261
24.1180
24.1106
24.1026
24.0936
24.0834
24.0722
24.0600
24.0469
24.0296
24.0039
24.0014
24.0011
24.0010
24.0010
24.0009
24.0009
24.0008
24.0008
24.0007
24.0007
24.0001
24.0005
24.0005
24.0005
24.0004
24.0004
24.0004
24.0004
24.0003
24.0003
24.0003
24.0003
24.0003
24.0003
24.0003
24.0003
24.0003
24.0003
24.0002
24.0002
24.0002
24.0002
24.0002
24.0002
24.0002
24.0002
24.0002
24.0002
24.0002
24.0002
24.0002
24.0002
24.0002
24.0002
24.0002
24.0002
24.0002
24.0002
24.0002
24.0002
24.0002
24.0002
24.0002
24.0002
24.0002
24.0002
24.0002
24.0002
24.0004
24.0005
24.0006
24.0007
24.0007
24.0007
24.0008
24.0008
24.0008
24.0008
24.0008
24.0008
24.0009
24.0009
24.0009
24.0009
24.0009
24.0009
24.0009
24.0009
24.0009
24.0009
24.0009
24.0009
24.0009
24.0009
24.0010
24.0010
24.0010
24.0010
24.0010
24.0010
24.0010
24.0010
24.0010
24.0010
24.0010
24.0010
24.0010
24.0010
24.0010
24.0010
24.0010
24.0010
24.0010
24.0010
24.0010
24.0010
24.0010
24.0010
24.0010
24.0010
24.0010
24.0010
24.0010
24.0010
24.0010
24.0010
24.0010
24.0010
24.0010
24.0010
24.0010
24.0010
24.0010
24.0010
24.0010
24.0010
24.0010
24.0010
24.0010
24.0010
24.0010
24.0010
24.0010
24.0010
24.0010
24.0010
24.0010
24.0010
24.0010
24.0010
24.0010
24.0010
24.0010
24.0010
24.0010
24.0010
24.0011
24.0011
24.0011
24.0011
24.0011
24.0011
24.0009
24.0007
24.0007
24.0007
24.0006
24.0005
24.0005
24.0004
24.0004
24.0004
24.0004
24.0003
24.0003
24.0003
24.0001
24.0000
24.0000
24.0001
24.0001
24.0001
24.0001
24.0002
24.0002
24.0002
24.0002
24.0002
24.0002
24.0002
24.0002
24.0002
24.0003
24.0003
24.0003
24.0003
24.0003
24.0003
24.0003
24.0003
24.0003
24.0003
24.0002
24.0002
24.0002
24.0002
24.0002
24.0002
24.0002
24.0002
24.0002
24.0002
24.0002
24.0002
24.0002
24.0002
24.0002
24.0002
24.0002
24.0002
24.0002
24.0002
24.0002
24.0002
24.0002
24.0002
24.0002
24.0002
24.0001
24.0001
24.0001
24.0001
24.0001
24.0001
24.0001
24.0001
24.0001
24.0001
24.0001
24.0001
24.0001
24.0001
24.0001
24.0001
24.0001
24.0001
24.0001
24.0001
24.0001
24.0001
24.0001
24.0001
24.0001
24.0001
24.0001
24.0001
24.0001
24.0001
24.0001
24.0001
24.0001
24.0001
24.0002
24.0002
24.0002
24.0002
24.0002
24.0002
24.0002
24.0002
24.0002
24.0002
24.0002
24.0002
24.0002
24.0001
24.0001
24.0001
24.0001
24.0001
24.0001
24.0001
24.0001
24.0001
24.0001
24.0001
24.0001
24.0001
24.0001
24.0001
24.0001
24.0001
24.0001
24.0001
24.0001
24.0001
24.0003
24.0003
24.0003
24.0003
24.0003
24.0003
24.0002
24.0002
24.0002
24.0002
24.0002
24.0002
24.0002
24.0003
24.0004
24.0005
24.0005
24.0006
24.0006
24.0007
24.0007
24.0007
24.0008
24.0008
24.0008
24.0008
24.0008
24.0009
24.0009
24.0009
24.0009
24.0009
24.0009
24.0009
24.0009
24.0010
24.0010
24.0010
24.0010
24.0010
24.0010
24.0010
24.0010
24.0010
24.0010
24.0010
24.0010
24.0010
24.0010
24.0010
24.0010
24.0010
24.0010
24.0010
24.0010
24.0010
24.0010
24.0010
24.0011
24.0011
24.0011
24.0011
24.0011
24.0011
24.0011
24.0011
24.0011
24.0011
24.0011
24.0011
24.0011
24.0011
24.0011
24.0011
24.0011
24.0011
24.0011
24.0011
24.0011
24.0011
24.0012
24.0012
24.0012
24.0012
24.0012
24.0012
24.0012
24.0012
24.0012
24.0012
24.0013
24.0013
24.0013
24.0013
24.0013
24.0013
24.0013
24.0013
24.0013
24.0013
24.0013
24.0014
24.0014
24.0014
24.0014
24.0014
24.0014
24.0014
24.0014
24.0014
24.0014
24.0014
24.0014
24.0015
24.0015
24.0015
24.0015
24.0015
24.0015
24.0015
24.0015
24.0015
24.0015
24.0015
24.0015
24.0015
24.0015
24.0015
24.0015
24.0015
24.0015
24.0015
24.0015
24.0015
24.0015
24.0015
24.0015
24.0015
24.0015
24.0015
24.0015
24.0015
24.0015
24.0015
24.0015
24.0015
24.0015
24.0016
24.0016
24.0016
24.0016
24.0016
24.0016
24.0016
24.0012
24.0010
24.0010
24.0010
24.0010
24.0010
24.0011
24.0011
24.0011
24.0011
24.0012
24.0012
24.0012
24.0012
24.0012
24.0012
24.0011
24.0011
24.0011
24.0011
24.0011
24.0011
24.0011
24.0011
24.0011
24.0011
24.0011
24.0011
24.0011
24.0011
24.0011
24.0011
24.0011
24.0011
24.0011
24.0010
24.0010
24.0010
24.0010
24.0010
24.0010
24.0010
24.0010
24.0010
24.0010
24.0010
24.0010
24.0010
24.0010
24.0010
24.0010
24.0009
24.0009
24.0009
24.0009
24.0009
24.0009
24.0009
24.0009
24.0009
24.0008
24.0008
24.0008
24.0008
24.0008
24.0008
24.0008
24.0008
24.0008
24.0008
24.0008
24.0008
24.0008
24.0008
24.0008
24.0008
24.0008
24.0008
24.0007
24.0007
24.0007
24.0007
24.0007
24.0007
24.0007
24.0008
24.0008
24.0008
24.0008
24.0008
24.0008
24.0008
24.0008
24.0008
24.0008
24.0008
24.0008
24.0008
24.0008
24.0008
24.0008
24.0008
24.0008
24.0008
24.0008
24.0008
24.0008
24.0008
24.0008
24.0008
24.0007
24.0007
24.0007
24.0007
24.0007
24.0007
24.0007
24.0007
24.0007
24.0007
24.0007
24.0007
24.0007
24.0008
24.0008
24.0008
24.0008
24.0008
24.0008
24.0008
24.0008
24.0008
24.0008
24.0008
24.0008
24.0008
24.0008
24.0008
24.0009
24.0009
24.0009
24.0009
24.0009
24.0010
24.0010
24.0010
24.0010
24.0010
24.0011
24.0011
24.0011
24.0011
24.0012
24.0012
24.0012
24.0012
24.0012
24.0013
24.0013
24.0013
24.0013
24.0013
24.0013
24.0013
24.0014
24.0014
24.0014
24.0014
24.0014
24.0014
24.0015
24.0015
24.0015
24.0015
24.0015
24.0015
24.0015
24.0015
24.0015
24.0015
24.0015
24.0015
24.0015
24.0015
24.0015
24.0015
24.0015
24.0014
24.0014
24.0014
24.0014
24.0014
24.0014
24.0014
24.0014
24.0014
24.0014
24.0014
24.0014
24.0014
24.0014
24.0014
24.0014
24.0014
24.0014
24.0014
24.0014
24.0014
24.0014
24.0014
24.0014
24.0014
24.0014
24.0014
24.0014
24.0014
24.0014
24.0014
24.0014
24.0014
24.0014
24.0014
24.0014
24.0014
24.0015
24.0015
24.0015
24.0015
24.0015
24.0015
24.0015
24.0015
24.0015
24.0015
24.0015
24.0015
24.0015
24.0015
24.0016
24.0016
24.0016
24.0016
24.0016
24.0016
24.0016
24.0016
24.0016
24.0016
24.0016
24.0016
24.0016
24.0016
24.0016
24.0016
24.0016
24.0016
24.0016
24.0016
24.0016
24.0016
24.0016
24.0016
24.0016
24.0017
24.0017
24.0017
24.0017
24.0017
24.0017
24.0017
24.0017
24.0017
24.0017
24.0017
24.0017
24.0017
24.0017
24.0017
23.6979
23.5358
23.4372
23.3763
23.3375
23.3121
23.2952
23.2839
23.2766
23.2721
23.4286
23.5983
23.7459
23.8620
23.9670
24.0624
24.1479
24.2245
24.2909
24.3484
24.3974
24.4401
24.4779
24.5118
24.0250
24.0016
24.0008
24.0007
24.0013
24.0013
24.0006
24.0011
24.0011
24.0010
24.0010
24.0009
24.0009
24.0009
24.0009
24.0010
24.0010
24.0011
24.0012
24.0013
24.0014
24.0015
24.0015
24.0016
24.0016
24.0017
24.0017
24.0017
24.0018
24.0018
24.0018
24.0018
24.0018
24.0018
24.0018
24.0018
24.0018
24.0018
24.0018
24.0018
24.0017
24.0017
24.0017
24.0017
24.0017
24.0018
24.0018
24.0018
24.0018
24.0018
24.0018
24.0018
24.0017
24.0017
24.0017
24.0017
24.0017
24.0017
24.0018
24.0018
24.0018
24.0017
24.0017
24.0017
24.0017
24.0017
24.0017
24.0017
24.0016
24.0016
24.0016
24.0016
24.0016
24.0016
24.0016
24.0016
24.0016
24.0016
24.0016
24.0016
24.0015
24.0015
24.0015
24.0015
24.0015
24.0056
24.0158
24.0283
24.0421
24.0566
24.0661
24.0705
24.0731
24.0732
24.0716
24.0683
24.0634
24.0565
24.0483
24.0388
24.0280
24.0159
24.0043
24.0021
24.0018
24.0018
24.0018
24.0018
24.0018
24.0018
24.0018
24.0018
24.0018
24.0018
24.0017
24.0017
24.0016
24.0016
24.0016
24.0015
24.0015
24.0014
24.0013
24.0012
24.0011
24.0010
24.0009
24.0009
24.0008
24.0008
24.0007
24.0007
24.0006
24.0004
24.0003
24.0003
24.0003
24.0003
24.0003
24.0003
24.0003
24.0003
24.0003
24.0003
24.0003
24.0003
24.0003
24.0003
24.0003
24.0003
24.0003
24.0004
24.0004
24.0004
24.0004
24.0004
24.0004
24.0004
24.0004
24.0004
24.0004
24.0004
24.0004
24.0004
24.0004
24.0004
24.0004
24.0004
24.0004
24.0004
24.0004
24.0004
24.0004
24.0004
24.0004
24.0004
24.0004
24.0004
24.0004
24.0004
24.1839
24.2884
24.3484
24.3838
24.4049
24.4176
24.4252
24.4294
24.4317
24.4327
24.4328
24.4322
24.4299
24.4262
24.4214
24.4158
24.4096
24.4029
24.3958
24.3882
24.3804
24.3722
24.3638
24.3550
22.8408
22.1424
21.8057
21.6182
21.4979
21.4106
21.3409
21.2819
21.2298
21.1828
21.1394
21.0991
21.0611
21.0249
20.9903
20.9571
20.9253
20.8945
20.8648
20.8359
20.8079
20.7806
20.7539
20.7279
20.7027
20.6786
20.6547
20.6317
20.6089
20.5868
20.5648
20.5434
20.5221
20.5014
20.4806
20.4605
20.4398
20.4192
20.3986
20.3782
20.3578
20.3376
20.3176
20.2976
20.2778
20.2581
20.2385
20.2190
20.2000
20.1814
20.1630
20.1449
20.1270
20.1092
20.0915
20.0740
20.0566
20.0394
20.0222
20.0052
19.9924
19.9821
19.9733
19.9655
19.9583
19.9515
19.9450
19.9386
19.9325
19.9265
20.0943
20.2409
20.3052
20.3593
20.4127
20.4629
20.5067
20.5446
20.5778
20.6069
20.6326
20.6555
20.6758
20.6941
24.5140
26.5680
26.6675
26.6698
26.6699
26.6700
26.6700
26.6912
26.7433
26.8112
26.8870
26.9660
27.0456
27.1811
27.2950
27.3758
27.4714
27.5571
27.6502
27.7283
27.7961
27.8563
27.9111
27.9593
27.9875
28.0201
28.0549
28.1076
28.1527
28.1941
28.1856
28.1941
28.2141
28.2416
28.2742
28.3100
28.3482
28.3879
28.4288
28.4542
28.4856
28.5209
28.5597
28.6010
28.6927
28.7693
28.8210
28.8721
28.9188
28.9618
29.0020
29.0400
29.0916
29.1367
29.9650
29.6539
29.5076
29.4235
29.3743
29.3603
29.3542
29.3532
30.1395
29.7140
29.6044
29.5375
29.4991
30.2742
29.7200
29.6466
29.6021
29.5786
29.5543
30.3315
29.7229
29.6655
29.6288
29.6376
29.6482
29.6596
29.6719
29.6849
29.6981
30.4700
29.7322
29.7038
29.7031
29.7031
29.7032
29.7033
29.7034
29.7034
29.7034
29.7035
30.5660
29.7398
29.7044
29.7034
29.7035
29.7035
30.6093
29.7435
29.7045
29.7034
29.7034
29.7035
29.7035
29.7035
29.7036
30.6145
29.7451
29.7047
29.7035
29.7035
29.7035
29.7035
30.6429
29.7472
29.7046
29.7033
29.7034
29.7031
29.7030
29.7029
29.7028
29.7027
30.5132
29.7355
29.7032
30.4835
29.7335
29.7030
29.6962
28.9402
28.4108
28.0602
28.4812
28.0030
27.7250
27.5355
27.3980
27.2918
27.2051
27.1314
27.0665
27.0055
26.9498
26.8990
26.8520
27.4548
27.1160
26.9429
27.5137
27.1228
26.9196
26.7898
27.3702
27.0034
26.8176
26.7013
26.6708
26.6702
26.6702
26.6703
26.6703
26.6703
26.6703
26.6703
26.6703
27.1900
26.8145
26.6732
26.6704
26.6704
26.6704
26.6704
26.6704
27.1595
26.7656
26.6723
24.6591
23.8018
23.3805
23.1352
22.9728
22.8557
22.7625
22.6834
22.6138
22.5512
22.4937
22.4405
22.3890
22.3396
22.2920
22.2463
22.2023
22.1597
22.1185
22.0785
22.0397
22.0019
21.9650
21.9290
21.8943
21.8608
21.8281
21.7962
21.7650
21.7345
21.7045
21.6750
21.6461
21.6176
21.5895
21.5617
21.5336
21.5055
21.4775
21.4496
21.4218
21.3942
21.3668
21.3395
21.3124
21.2855
21.2588
21.2323
21.2057
21.1792
21.1528
21.1266
21.1004
21.0745
21.0486
21.0229
20.9973
20.9718
20.9464
20.9212
20.8963
20.8718
20.8469
20.8223
20.7981
20.7740
20.7501
20.7263
20.7032
20.6800
20.6568
20.6335
20.6100
20.5866
20.5631
20.5397
20.5163
20.4929
20.4697
20.4464
20.4232
20.4001
20.3770
20.3540
20.3382
20.3267
20.3178
20.3108
20.3050
20.3001
20.2960
20.2925
20.2896
20.2872
20.4359
20.5708
20.6417
20.7048
20.7680
20.8316
20.8905
20.9435
20.9864
21.0215
21.0512
21.0772
21.1004
21.1212
24.9323
26.5671
26.6671
26.6694
26.6700
26.6947
26.6702
26.7851
26.9117
27.0358
27.1549
27.2684
27.3732
27.5072
27.6218
27.7014
27.7940
27.8772
27.9544
28.0296
28.1013
28.1692
28.2674
28.3507
28.4240
28.5080
28.5810
28.6461
28.6895
28.7341
28.7805
28.8409
28.8942
28.9426
28.9876
29.0301
29.0709
29.1110
29.1353
29.1490
29.1704
29.1964
29.2249
29.2696
29.3102
30.1222
29.7138
29.6300
29.5857
29.5796
29.5837
29.5902
29.6002
29.6131
29.6333
30.4003
29.7283
29.7037
29.7031
30.5614
29.7374
29.7041
29.7032
29.7032
29.7032
29.7033
29.7033
29.7033
29.7033
29.7034
30.5657
29.7399
29.7042
29.7031
29.7031
29.7032
29.7032
29.7032
29.7033
29.7033
29.7033
29.7033
29.7034
29.7035
29.7035
29.7035
29.7035
29.7036
29.7036
29.7036
29.7036
29.7037
29.7037
29.7037
29.7038
29.7038
29.7038
29.7038
29.7039
29.7039
29.7039
29.7039
29.7039
29.7039
29.7039
29.7039
29.7039
29.7038
29.7038
29.7038
29.7037
29.7037
29.7037
29.7036
29.7036
29.7036
29.7036
29.7036
29.7036
29.7036
29.7035
29.7032
29.7031
29.7030
29.7030
29.7029
29.7028
29.0448
28.6077
28.3172
28.1113
27.9577
27.8363
27.7353
27.6475
27.5686
27.4959
27.4274
27.3657
27.3101
27.2593
27.2123
27.1684
27.1270
27.0881
27.0509
27.0157
26.9821
26.9498
26.9188
26.8889
26.8599
26.8317
26.8043
26.7775
26.7514
26.7262
26.7019
26.6782
26.6702
26.6701
26.6701
26.6701
26.6702
26.6702
26.6702
26.6702
26.6702
26.6703
26.6703
26.6703
26.6703
26.6703
26.6703
26.6704
26.6704
26.6704
26.6704
26.6704
26.6704
24.6460
23.7964
23.3856
23.1395
22.9740
22.8528
22.7546
22.6702
22.5913
22.5202
22.4552
22.3947
22.3404
22.2909
22.2451
22.2023
22.1620
22.1238
22.0876
22.0532
22.0203
21.9887
21.9585
21.9294
23.1441
23.7844
24.1561
24.3888
24.5410
24.6453
24.7199
24.7753
24.8160
24.8483
24.8746
24.8964
24.9150
24.9309
24.9447
24.9566
24.9670
24.9760
24.9839
24.9908
24.9969
25.0023
25.0070
25.0111
25.0095
25.0039
24.9952
24.9836
24.9705
24.9562
24.9409
24.9246
24.9082
24.8908
24.8726
24.8538
24.8350
24.8161
24.7969
24.7775
24.7578
24.7379
24.7177
24.6972
24.6765
24.6557
24.6346
24.6134
24.5919
24.5703
24.5486
24.5267
24.5047
24.4825
24.4601
24.4376
24.4150
24.3923
24.3695
24.3465
24.3343
24.3217
24.3139
24.3089
24.3053
24.3026
24.3005
24.2988
24.2975
24.2965
24.3897
24.4914
24.6010
24.6913
24.7798
24.8652
24.9427
25.0003
25.0017
25.0017
25.0017
25.0017
25.0016
25.0016
24.0756
24.0060
24.0033
24.0027
24.0024
24.0022
24.0020
24.0018
24.0017
24.0016
24.0016
24.0015
24.0014
24.0015
24.0015
24.0016
24.0016
24.0017
24.0057
24.0137
24.0226
24.0324
24.0425
24.0530
24.0635
24.0741
24.0850
24.0960
24.1073
24.1188
24.1292
24.1387
24.1478
24.1566
24.1654
24.1741
24.2044
24.2017
24.2040
24.2125
24.2025
24.2043
24.2121
24.2434
24.2652
24.2840
24.2819
24.2909
24.2947
24.2978
24.3019
24.3066
24.3116
24.3167
24.3012
24.2766
24.2670
24.2631
24.2618
24.2817
24.2907
24.2956
24.2988
24.3026
24.3039
24.2976
24.3008
24.3073
24.3136
24.3385
24.3546
24.3662
24.3366
24.3292
24.3300
24.3546
24.3698
24.3823
24.3704
24.3856
24.3911
24.3923
24.3899
24.3846
24.3780
24.3914
24.3923
24.3888
24.3820
24.3734
24.3687
24.3675
24.3684
24.3709
24.3745
24.3790
24.3845
24.3909
24.3981
24.4069
24.4165
24.4265
24.4358
24.4443
24.4525
24.4604
24.4682
24.4760
24.4837
24.4914
24.4990
24.5080
24.5170
24.5257
24.5319
24.5163
24.5104
24.5073
24.5050
24.5026
24.4954
24.4259
24.3872
24.3596
24.3353
24.3126
24.2878
23.6307
23.3116
23.1246
22.9958
22.8948
22.8077
22.7283
22.6533
22.5809
22.5095
22.4381
22.3754
22.3200
22.2696
22.2215
22.1757
22.1310
22.0884
22.0417
21.9983
21.9583
21.9204
21.8840
21.8488
21.8146
21.7812
21.7485
21.7165
21.6850
21.6572
21.6321
21.6082
21.5858
21.5639
21.5431
21.5225
21.5028
21.4833
21.4645
21.4457
21.4276
21.4094
21.3918
21.3740
21.3568
21.3394
21.3225
21.3054
21.2889
21.2721
21.2556
21.2395
21.2231
21.2350
21.2295
21.2181
21.2043
21.1890
21.1734
21.1572
21.1413
21.1250
22.2455
22.8441
23.2077
23.4411
23.5978
23.7079
23.7885
23.8498
23.8980
23.9371
23.9693
23.9965
24.0196
24.0395
24.0566
24.0715
24.0843
24.0955
24.1052
24.1135
24.1206
24.1266
24.1316
24.1358
24.1392
24.1418
24.1437
24.1449
24.1454
24.1454
24.1447
24.1436
24.1419
24.1399
24.1373
24.1344
24.1312
24.1276
24.1236
24.1196
24.1156
24.1114
24.1072
24.1028
24.0983
24.0936
24.0887
24.0837
24.0786
24.0733
24.0680
24.0626
24.0570
24.0514
24.0456
24.0398
24.0338
24.0278
24.0216
24.0154
24.0091
24.0027
23.9963
23.9896
23.9828
23.9758
23.9687
23.9616
23.9543
23.9471
23.9398
23.9324
23.9250
23.9175
23.9100
23.9096
23.9080
23.9106
23.9147
23.9198
23.9253
23.9311
23.9368
23.9427
23.9486
24.0448
24.1557
24.2567
24.3445
24.4344
24.5239
24.6084
24.6872
24.7552
24.8130
24.8628
24.9063
24.9447
24.9792
24.0670
24.0046
24.0015
24.0013
24.0021
24.0019
24.0010
24.0016
24.0015
24.0014
24.0013
24.0013
24.0012
24.0013
24.0013
24.0014
24.0014
24.0015
24.0015
24.0015
24.0016
24.0016
24.0016
24.0016
24.0016
24.0016
24.0016
24.0016
24.0016
24.0015
24.0015
24.0015
24.0015
24.0016
24.0016
24.0016
24.0016
24.0016
24.0016
24.0016
24.0016
24.0015
24.0015
24.0056
24.0139
24.0041
24.0066
24.0142
24.0210
24.0271
24.0330
24.0386
24.0440
24.0509
24.0576
24.0634
24.0698
24.0758
24.0822
24.0870
24.0923
24.0975
24.1023
24.1068
24.1113
24.1159
24.1209
24.1268
24.1329
24.1396
24.1468
24.1544
24.1422
24.1415
24.1457
24.1716
24.2081
24.2296
24.2457
24.2393
24.2437
24.2506
24.2601
24.2701
24.2792
24.2866
24.2931
24.2987
24.3045
24.3098
24.3159
24.3219
24.3287
24.3556
24.3715
24.3836
24.3941
24.4036
24.4114
24.4198
24.4286
24.4372
24.4441
24.4491
24.4529
24.4560
24.4581
24.4597
24.4608
24.4615
24.4617
24.4615
24.4424
24.4340
24.4279
24.4010
24.3854
24.3737
24.3634
24.3525
24.3413
24.2860
24.2564
24.2326
24.2103
24.1895
24.1678
24.0126
24.0014
24.0006
24.0005
24.0005
24.0003
24.0004
24.0005
24.0004
24.0004
24.0004
24.0004
24.0003
24.0003
24.0003
24.0003
24.0003
24.0003
24.0003
24.0003
24.0003
24.0003
24.0003
24.0003
24.0003
24.0003
24.0003
24.0003
24.0003
24.0003
24.0003
24.0003
24.0003
24.0003
24.0003
24.0003
24.0003
24.0003
24.0003
24.0003
24.0003
24.0003
24.0003
24.0003
24.0003
24.0003
24.0003
24.0003
24.0003
24.0003
24.0003
24.0003
24.0003
24.0005
24.0007
24.0008
24.0009
24.0009
24.0010
24.0010
24.0010
24.0010
24.0011
24.0011
24.0011
24.0011
24.0011
24.0011
24.0011
24.0011
24.0011
24.0012
24.0012
24.0012
24.0012
24.0012
24.0012
24.0012
24.0012
24.0012
24.0012
24.0012
24.0012
24.0012
24.0012
24.0012
24.0011
24.0011
24.0011
24.0011
24.0011
24.0011
24.0011
24.0011
24.0011
24.0011
24.0011
24.0011
24.0011
24.0011
24.0011
24.0011
24.0011
24.0011
24.0011
24.0011
24.0011
24.0011
24.0011
24.0011
24.0011
24.0011
24.0011
24.0012
24.0012
24.0012
24.0012
24.0012
24.0012
24.0012
24.0012
24.0012
24.0012
24.0012
24.0012
24.0012
24.0012
24.0012
24.0012
24.0012
24.0012
24.0013
24.0013
24.0013
24.0013
24.0013
24.0013
24.0013
24.0013
24.0013
24.0013
24.0013
24.0013
24.0013
24.0013
24.0013
24.0013
24.0012
24.0011
24.0011
24.0009
24.0008
24.0007
24.0006
24.0005
24.0005
24.0004
24.0004
24.0004
24.0004
24.0003
24.0001
24.0000
24.0000
24.0001
24.0001
24.0001
24.0001
24.0001
24.0002
24.0002
24.0002
24.0002
24.0002
24.0002
24.0002
24.0002
24.0002
24.0002
24.0002
24.0001
24.0001
24.0001
24.0001
24.0001
24.0001
24.0001
24.0001
24.0001
24.0001
24.0001
24.0001
24.0001
24.0001
24.0001
24.0001
24.0001
24.0001
24.0001
24.0001
24.0001
24.0001
24.0001
24.0001
24.0001
24.0001
24.0001
24.0001
24.0001
24.0001
24.0001
24.0001
24.0001
24.0001
24.0001
24.0001
24.0002
24.0002
24.0002
24.0002
24.0002
24.0002
24.0002
24.0002
24.0002
24.0002
24.0002
24.0002
24.0002
24.0002
24.0002
24.0002
24.0002
24.0002
24.0002
24.0002
24.0002
24.0002
24.0002
24.0002
24.0002
24.0002
24.0002
24.0002
24.0002
24.0002
24.0002
24.0002
24.0002
24.0002
24.0002
24.0002
24.0002
24.0002
24.0002
24.0002
24.0002
24.0002
24.0002
24.0002
24.0002
24.0002
24.0002
24.0002
24.0002
24.0002
24.0002
24.0002
24.0002
24.0002
24.0002
24.0002
24.0002
24.0002
24.0002
24.0002
24.0002
24.0002
24.0002
24.0002
24.0002
24.0004
24.0005
24.0004
24.0004
24.0004
24.0004
24.0004
24.0003
24.0003
24.0003
24.0003
24.0003
24.0003
24.0004
24.0005
24.0006
24.0007
24.0007
24.0008
24.0008
24.0009
24.0009
24.0009
24.0009
24.0010
24.0010
24.0010
24.0010
24.0010
24.0010
24.0010
24.0010
24.0011
24.0011
24.0011
24.0011
24.0011
24.0011
24.0011
24.0011
24.0011
24.0011
24.0011
24.0011
24.0011
24.0011
24.0011
24.0011
24.0011
24.0011
24.0011
24.0011
24.0011
24.0011
24.0011
24.0011
24.0011
24.0011
24.0011
24.0011
24.0011
24.0011
24.0011
24.0011
24.0011
24.0011
24.0011
24.0011
24.0011
24.0012
24.0012
24.0012
24.0012
24.0012
24.0012
24.0012
24.0012
24.0012
24.0012
24.0012
24.0012
24.0012
24.0012
24.0012
24.0012
24.0013
24.0013
24.0013
24.0013
24.0013
24.0013
24.0013
24.0013
24.0013
24.0014
24.0014
24.0014
24.0014
24.0014
24.0014
24.0014
24.0014
24.0015
24.0015
24.0015
24.0015
24.0015
24.0015
24.0015
24.0015
24.0015
24.0015
24.0015
24.0015
24.0015
24.0015
24.0015
24.0015
24.0015
24.0015
24.0015
24.0015
24.0015
24.0015
24.0015
24.0015
24.0015
24.0015
24.0015
24.0015
24.0015
24.0015
24.0015
24.0015
24.0015
24.0015
24.0015
24.0015
24.0015
24.0015
24.0015
24.0015
24.0015
24.0015
24.0015
24.0015
24.0015
24.0015
24.0015
24.0015
24.0015
24.0015
24.0015
24.0015
24.0013
24.0011
24.0011
24.0010
24.0010
24.0010
24.0011
24.0011
24.0011
24.0011
24.0011
24.0011
24.0011
24.0011
24.0011
24.0011
24.0011
24.0011
24.0011
24.0011
24.0011
24.0010
24.0010
24.0010
24.0010
24.0010
24.0010
24.0010
24.0010
24.0010
24.0010
24.0010
24.0009
24.0009
24.0009
24.0009
24.0009
24.0009
24.0009
24.0009
24.0009
24.0009
24.0009
24.0009
24.0008
24.0008
24.0008
24.0008
24.0008
24.0008
24.0008
24.0008
24.0008
24.0008
24.0007
24.0007
24.0007
24.0007
24.0007
24.0007
24.0007
24.0007
24.0007
24.0007
24.0007
24.0007
24.0007
24.0007
24.0007
24.0007
24.0007
24.0007
24.0007
24.0007
24.0007
24.0007
24.0007
24.0007
24.0007
24.0007
24.0007
24.0007
24.0007
24.0007
24.0007
24.0007
24.0007
24.0006
24.0006
24.0006
24.0006
24.0006
24.0006
24.0006
24.0006
24.0006
24.0006
24.0006
24.0006
24.0006
24.0006
24.0007
24.0007
24.0007
24.0007
24.0007
24.0007
24.0007
24.0007
24.0007
24.0007
24.0007
24.0007
24.0007
24.0007
24.0007
24.0007
24.0007
24.0007
24.0007
24.0008
24.0008
24.0008
24.0008
24.0008
24.0008
24.0008
24.0009
24.0009
24.0009
24.0009
24.0009
24.0009
24.0009
24.0009
24.0009
24.0010
24.0010
24.0010
24.0010
24.0010
24.0010
24.0010
24.0010
24.0010
24.0011
24.0011
24.0011
24.0011
24.0011
24.0011
24.0011
24.0012
24.0012
24.0012
24.0012
24.0012
24.0012
24.0012
24.0012
24.0012
24.0012
24.0012
24.0013
24.0013
24.0013
24.0013
24.0013
24.0013
24.0013
24.0013
24.0013
24.0013
24.0013
24.0013
24.0013
24.0013
24.0013
24.0013
24.0013
24.0013
24.0013
24.0013
24.0013
24.0013
24.0013
24.0013
24.0013
24.0013
24.0013
24.0013
24.0013
24.0013
24.0013
24.0013
24.0013
24.0012
24.0012
24.0012
24.0012
24.0012
24.0012
24.0012
24.0012
24.0012
24.0012
24.0012
24.0012
24.0012
24.0012
24.0012
24.0012
24.0012
24.0012
24.0012
24.0012
24.0012
24.0013
24.0013
24.0013
24.0013
24.0013
24.0013
24.0013
24.0013
24.0013
24.0013
24.0013
24.0013
24.0013
24.0013
24.0013
24.0013
24.0013
24.0013
24.0014
24.0014
24.0014
24.0014
24.0014
24.0014
24.0014
24.0014
24.0014
24.0014
24.0014
24.0014
24.0014
24.0014
24.0015
24.0015
24.0015
24.0015
24.0015
24.0015
24.0015
24.0015
24.0015
24.0015
24.0015
24.0015
24.0015
24.0015
24.0016
24.0016
24.0016
24.0016
24.0016
24.0016
24.0016
24.0016
24.0016
24.0016
24.0016
24.0016
24.0016
24.0016
24.0017
23.8258
23.7305
23.6704
23.6316
23.6048
23.5856
23.5706
23.5584
23.5478
23.5383
23.9794
24.4078
24.5926
24.6887
24.7540
24.7816
24.7796
24.7642
24.7410
24.7160
24.6926
24.6722
24.6556
24.6427
24.0337
24.0020
24.0008
24.0008
24.0015
24.0014
24.0007
24.0013
24.0013
24.0013
24.0013
24.0013
24.0013
24.0014
24.0014
24.0015
24.0016
24.0016
24.0016
24.0017
24.0017
24.0017
24.0017
24.0017
24.0018
24.0018
24.0018
24.0019
24.0019
24.0019
24.0019
24.0019
24.0019
24.0019
24.0019
24.0019
24.0019
24.0019
24.0019
24.0019
24.0018
24.0018
24.0018
24.0019
24.0019
24.0019
24.0019
24.0018
24.0018
24.0018
24.0019
24.0019
24.0018
24.0018
24.0018
24.0018
24.0018
24.0018
24.0018
24.0018
24.0017
24.0017
24.0017
24.0017
24.0017
24.0017
24.0017
24.0017
24.0017
24.0017
24.0119
24.0208
24.0294
24.0380
24.0464
24.0555
24.0641
24.0528
24.0128
24.0028
24.0017
24.0050
24.0118
24.0202
24.0270
24.0310
24.0345
24.0380
24.0415
24.0449
24.0494
24.0535
24.0585
24.0631
24.0684
24.0734
24.0783
24.0629
24.0591
24.0597
24.0623
24.0660
24.0692
24.0718
24.0740
24.0760
24.0777
24.0792
24.0809
24.0826
24.0842
24.0858
24.0890
24.0915
24.0900
24.0839
24.0757
24.0659
24.0545
24.0414
24.0235
24.0032
24.0011
24.0009
24.0008
24.0008
24.0007
24.0004
24.0004
24.0004
24.0004
24.0004
24.0004
24.0004
24.0004
24.0004
24.0004
24.0004
24.0004
24.0004
24.0004
24.0004
24.0004
24.0004
24.0004
24.0004
24.0004
24.0004
24.0004
24.0004
24.0004
24.0004
24.0004
24.0004
24.0004
24.0004
24.0004
24.0004
24.0004
24.0004
24.0004
24.0004
24.0004
24.0005
24.0005
24.0005
24.0005
24.0005
24.0005
24.0005
24.0005
24.0005
24.0005
24.0005
24.0005
24.0005
24.0005
24.0005
24.0005
24.0005
24.2522
24.3932
24.4781
24.5312
24.5653
24.5878
24.6029
24.6131
24.6198
24.6241
24.6267
24.6280
24.6277
24.6261
24.6233
24.6198
24.6154
24.6106
24.6052
24.5994
24.5932
24.5868
24.5800
