23.3388
23.3221
23.3040
23.2851
23.2656
23.2458
23.2256
23.2051
23.1844
23.1635
23.1423
23.1210
23.0995
23.0813
23.0651
23.0502
23.0362
23.0228
23.0099
22.9972
22.9847
22.9726
22.9607
22.9491
22.9376
22.9263
22.9150
22.9037
22.8925
22.8813
22.8703
22.8594
22.8486
22.8379
22.8272
22.8167
22.8063
22.7961
22.7861
22.7764
22.7668
22.7573
22.7480
22.7388
22.7297
22.7206
22.7117
22.7029
22.6941
22.6852
22.6761
22.6669
22.6576
22.6483
22.6390
22.6297
22.6205
22.6112
22.6019
22.5925
22.5833
22.5773
22.5658
22.5570
22.5484
22.5399
22.5314
22.5229
22.5145
22.5061
22.4976
22.6404
22.7879
22.9113
23.0083
23.1012
23.1825
23.2525
23.3145
23.3686
23.4166
23.4603
23.5010
23.5392
23.5752
23.6159
23.9810
24.0000
24.0012
24.0013
24.0013
24.0013
24.0013
24.0014
24.0015
24.0016
24.0016
24.0016
24.0015
24.0015
24.0014
24.0014
24.0013
24.0013
24.0012
24.0012
24.0012
24.0012
24.0012
24.0012
24.0012
24.0015
24.0017
24.0018
24.0020
24.0021
24.0022
24.0023
24.0023
24.0024
24.0024
24.0024
24.0024
24.0022
24.0012
24.0011
24.0010
24.0009
24.0008
24.0008
24.0007
24.0007
24.0006
24.0006
24.0006
24.0005
24.0005
24.0005
24.0005
24.0004
24.0004
24.0004
24.0004
24.0004
24.0004
24.0004
24.0004
24.0006
24.0007
24.0008
24.0009
24.0009
24.0009
24.0010
24.0010
24.0010
24.0010
24.0011
24.0011
24.0011
24.0011
24.0011
24.0011
24.0011
24.0011
24.0011
24.0011
24.0011
24.0011
24.0011
24.0011
24.0011
24.0011
24.0011
24.0011
24.0011
24.0011
24.0011
24.0011
24.0011
24.0011
24.0011
24.0011
24.0011
24.0011
24.0011
24.0011
24.0011
24.0011
24.0011
24.0011
24.0011
24.0011
24.0011
24.0011
24.0011
24.0011
24.0011
24.0011
24.0011
24.0011
24.0011
24.0011
24.0011
24.0011
24.0011
24.0011
24.0011
24.0011
24.0011
24.0011
24.0011
24.0011
24.0011
24.0011
24.0011
24.0011
24.0011
24.0006
24.0006
24.0005
24.0005
24.0005
24.0005
24.0005
24.0005
24.0004
24.0004
24.0004
24.0004
24.0004
24.0004
24.0004
24.0004
24.0004
24.0004
24.0004
24.0003
24.0003
23.9949
23.9829
23.9666
23.9479
23.9277
23.9065
23.8847
23.8624
23.8397
23.8168
23.7935
23.7701
23.7465
23.7228
23.7024
23.6843
23.6679
23.6526
23.6380
23.6241
23.6106
23.5977
23.5851
23.5728
23.5608
23.5491
23.5197
23.5058
23.4915
23.4776
23.4641
23.4509
23.4381
23.4257
23.4137
23.4019
23.3906
23.3795
23.3688
23.3584
23.3483
23.3383
23.3285
23.3189
23.3094
23.3001
23.2894
23.2793
23.2695
23.2600
23.2494
23.2382
23.2266
23.2168
23.2068
23.1961
23.1846
23.1733
23.1615
23.1498
23.1378
23.1259
23.1153
23.1057
23.0969
23.0886
23.0806
23.0730
23.0656
23.0584
23.0514
23.0445
23.0377
23.0311
23.0248
23.0190
23.0136
23.0085
23.0037
22.9991
22.9946
22.9904
22.9863
22.9823
22.9785
22.9748
22.9713
22.9679
22.9646
22.9613
22.9581
22.9550
22.9519
22.9490
22.9461
22.9433
22.9405
22.9379
22.9339
22.9292
22.9240
22.9185
22.9129
22.9071
22.9012
22.8953
22.8894
22.8833
22.8773
22.8713
22.8703
22.8651
22.8630
22.8614
22.8600
22.8593
22.8586
22.8585
22.8584
22.8588
23.0213
23.1753
23.2810
23.3551
23.4173
23.4606
23.4894
23.5117
23.5254
23.5337
23.5397
23.5447
23.5493
23.5539
23.5642
23.9808
24.0010
24.0022
24.0022
24.0021
24.0021
24.0021
24.0022
24.0023
24.0023
24.0023
24.0023
24.0023
24.0023
24.0023
24.0024
24.0024
24.0024
24.0024
24.0024
24.0024
24.0024
24.0024
24.0024
24.0024
24.0023
24.0021
24.0020
24.0020
24.0019
24.0018
24.0018
24.0017
24.0017
24.0017
24.0016
24.0016
24.0016
24.0016
24.0016
24.0015
24.0015
24.0015
24.0016
24.0016
24.0016
24.0016
24.0016
24.0016
24.0016
24.0016
24.0016
24.0016
24.0016
24.0016
24.0016
24.0016
24.0016
24.0016
24.0016
24.0010
24.0010
24.0009
24.0009
24.0009
24.0009
24.0009
24.0009
24.0009
24.0009
24.0009
24.0009
24.0009
24.0009
24.0009
24.0009
24.0009
24.0009
24.0009
24.0009
24.0009
24.0009
24.0009
24.0009
24.0009
24.0009
24.0009
24.0009
24.0009
24.0009
24.0009
24.0009
24.0009
24.0009
24.0009
24.0009
24.0009
24.0009
24.0008
24.0008
24.0008
24.0008
24.0008
24.0008
24.0008
24.0008
24.0008
24.0008
24.0008
24.0008
24.0008
24.0008
24.0008
24.0008
24.0008
24.0008
24.0008
24.0008
24.0008
24.0007
24.0007
24.0008
24.0008
24.0008
24.0008
24.0008
24.0008
24.0008
24.0008
24.0008
24.0007
24.0007
24.0007
24.0007
24.0007
24.0007
24.0007
24.0007
24.0007
24.0007
24.0007
24.0007
24.0007
24.0007
24.0007
24.0007
24.0007
24.0007
24.0007
24.0007
24.0007
24.0007
24.0007
24.0007
24.0007
24.0007
24.0007
24.0007
23.9968
23.9891
23.9794
23.9688
23.9575
23.9460
23.9342
23.9224
23.9104
23.8986
23.8867
23.8751
23.8636
23.8521
23.8406
23.8292
23.8179
23.8066
23.7954
23.7843
23.7732
23.7499
23.7398
23.7280
23.7159
23.7038
23.6919
23.6802
23.6690
23.6580
23.6474
23.6371
23.6272
23.6186
23.6109
23.6040
23.5975
23.5914
23.5856
23.5801
23.5749
23.5699
23.5652
23.5606
23.5562
23.5515
23.5465
23.5414
23.5361
23.5309
23.5256
23.5204
23.5151
23.5100
23.5048
23.4997
23.4946
23.4899
23.4855
23.4814
23.4776
23.4740
23.4705
23.4672
23.4641
23.4612
23.4583
23.4557
23.4531
23.4490
23.4434
23.4369
23.4298
23.4223
23.4143
23.4063
23.3978
23.3892
23.3803
23.3715
23.3624
23.3534
23.3443
23.3351
23.3258
23.3165
23.3070
23.2975
23.2878
23.2781
23.2684
23.2586
23.2488
23.2389
23.2289
23.2189
23.2088
23.1987
23.1887
23.1786
23.1684
23.1583
23.1480
23.1377
23.1273
21.1913
20.5732
20.3183
20.1827
20.0948
20.0296
19.9767
19.9316
19.8924
19.8576
20.0301
20.1270
20.1373
20.1194
20.1035
20.0742
20.0397
20.0071
19.9842
19.9686
19.9578
19.9504
19.9461
19.9439
19.9620
19.9552
19.9497
19.9505
19.9542
19.9592
19.9678
20.6120
20.8660
20.9997
21.0869
21.1520
20.5738
20.3829
20.3086
20.2806
20.2723
20.2742
20.2810
20.2943
20.3100
20.3258
20.3448
20.3642
20.3838
20.4035
20.4228
20.4424
20.4625
20.4828
20.4950
20.5015
20.5052
20.5064
20.5065
20.5055
20.5041
20.5014
20.4987
20.4950
20.4914
20.4871
20.4918
20.5042
20.5203
20.5394
20.5604
20.5829
20.6065
20.6310
20.6563
20.6824
20.7089
20.7342
20.7475
21.3877
21.6337
21.7599
21.8396
21.8875
21.3233
21.1099
21.0257
20.9867
20.9659
20.9554
20.9529
20.9568
20.9654
20.9784
20.9950
21.0119
26.2470
28.7532
29.7707
30.2741
30.5906
30.8233
31.0122
31.1743
31.3178
31.6112
32.0814
32.2048
32.2192
32.2204
32.2208
32.2210
32.2211
32.2212
32.2213
32.2215
32.2216
32.2217
32.2218
32.2219
32.2219
32.2220
32.2220
32.2220
32.2221
32.2221
32.2221
32.2221
32.2221
32.2221
32.2222
32.2222
32.2222
32.2222
32.2222
32.2222
32.2222
32.2222
32.2222
32.2223
32.2223
32.2223
32.2224
32.2224
32.2225
32.2226
32.2226
32.2227
32.2228
32.2229
32.2230
32.2231
32.2232
32.2232
32.2278
32.2278
32.2273
32.2267
32.2262
32.2256
32.2251
32.2246
32.2242
32.2237
32.2233
32.2230
32.2227
32.2225
32.2223
32.2222
32.2220
32.2219
32.2218
32.2217
32.2217
32.2216
32.2216
32.2215
32.2215
32.2215
32.2214
32.2214
32.2214
32.2213
32.2213
32.2213
32.2213
32.2213
32.2213
32.2213
32.2213
32.2213
32.2213
32.2213
32.2213
32.2213
32.2213
32.2213
32.2213
32.2213
32.2213
32.2213
32.2213
32.2214
32.0924
32.0104
31.9182
31.8178
31.7099
31.5961
31.4782
31.3863
31.3435
31.3169
31.2976
31.2820
31.2677
31.2543
31.2416
31.2295
31.2181
31.2071
31.1965
31.1864
31.1763
31.1667
31.1573
31.1483
31.1398
31.1319
31.1245
31.1173
31.1102
31.1033
31.0965
31.0898
31.0833
31.0768
31.0705
31.0642
31.0575
31.0504
31.0430
31.0356
31.0281
31.0206
31.0130
31.0054
30.9978
30.9901
30.9826
30.9750
30.9650
30.9542
30.9430
30.9316
30.9200
30.9083
30.8963
30.8842
30.8720
30.8597
30.8473
30.8349
30.8226
30.8103
30.7979
30.7854
30.7730
30.7605
30.7480
30.7354
30.7228
30.7102
30.6976
30.6850
30.6722
30.6594
30.6465
30.6335
30.6205
30.6075
30.5945
30.5815
30.5684
30.5553
30.5421
30.5290
25.1416
22.8585
21.9939
21.5651
21.3018
21.1126
20.9635
20.8401
20.7347
20.6431
20.7217
20.7724
20.7101
20.6593
20.6479
20.6453
20.6445
20.6444
20.6467
20.6511
20.6570
20.6643
20.6728
20.6823
20.7111
20.7051
20.7138
20.7234
21.3697
21.6209
21.7427
21.9082
21.9842
22.0390
22.0824
22.1196
22.0815
22.0874
22.1059
22.1278
22.1509
22.1741
22.1914
22.2052
22.2161
22.2256
22.2342
22.2417
22.2460
22.2505
22.2559
22.2615
22.2671
22.2726
22.2833
22.2975
22.3137
22.3313
22.3501
22.3697
22.3899
22.4106
22.4320
22.4535
22.4675
22.4911
22.5126
22.5335
22.5533
22.5678
22.5823
22.5980
22.6093
22.6190
22.6276
22.6357
22.6431
22.6506
22.6567
22.6648
22.6720
22.6789
22.6855
22.6917
22.6977
22.0759
21.8551
21.7470
21.6828
21.6387
21.6062
21.5825
21.5656
21.5538
21.5493
21.5437
26.7398
29.2155
30.2220
30.7113
31.0115
31.2271
31.4900
31.9799
32.1926
32.2178
32.2205
32.2208
32.2208
32.2208
32.2208
32.2208
32.2208
32.2209
32.2209
32.2209
32.2209
32.2209
32.2209
32.2209
32.2209
32.2209
32.2209
32.2209
32.2209
32.2209
32.2210
32.2210
32.2210
32.2210
32.2210
32.2210
32.2210
32.2211
32.2211
32.2211
32.2211
32.2211
32.2212
32.2212
32.2212
32.2212
32.2213
32.2213
32.2213
32.2213
32.2214
32.2214
32.2214
32.2215
32.2215
32.2214
32.2214
32.2214
32.2214
32.2214
32.2223
32.2229
32.2046
32.1750
32.1401
32.1039
32.0715
32.0421
32.0141
31.9865
31.9591
31.9319
31.9051
31.8740
31.8451
31.8189
31.7942
31.7704
31.7473
31.7247
31.7025
31.6808
31.6593
31.6382
31.6223
31.6088
31.5968
31.5857
31.5753
31.5656
31.5563
31.5474
31.5388
31.5306
31.5226
31.5149
31.5071
31.4991
31.4911
31.4832
31.4754
31.4676
31.4600
31.4524
31.4449
31.4374
31.4300
31.4227
31.3108
31.2712
31.2495
31.2338
31.2207
31.2090
31.1983
31.1884
31.1791
31.1702
31.1617
31.1536
31.1455
31.1373
31.1292
31.1212
31.1133
31.1056
31.0980
31.0905
31.0831
31.0758
31.0687
31.0616
31.0547
31.0478
31.0410
31.0344
31.0278
31.0213
31.0148
31.0084
31.0021
30.9959
30.9897
30.9836
30.9775
30.9716
30.9657
30.9599
30.9541
30.9484
30.9426
30.9370
30.9313
30.9257
30.9202
30.9147
30.9098
30.9054
30.9014
30.8975
30.8938
30.8901
30.8866
30.8832
30.8798
30.8765
30.8734
30.8703
30.8667
30.8627
30.8586
30.8542
30.8499
30.8455
30.8411
30.8367
30.8322
30.8277
30.8233
30.8189
30.8152
30.8121
30.8094
30.8070
30.8047
30.8025
30.8004
30.7985
30.7966
30.7948
30.7930
30.7914
25.3964
23.0965
22.2361
21.8161
21.5596
21.3755
21.2304
21.1100
21.0070
20.9175
21.2128
21.3747
21.3634
21.3414
21.3151
21.2661
21.2070
21.1419
21.0942
21.0528
21.0155
20.9828
20.9539
20.9285
20.9070
20.8882
20.8720
20.8582
20.8467
20.8371
20.8287
20.8217
20.8154
20.8108
20.8071
20.8045
20.8076
20.8115
20.8154
20.8196
20.8244
20.8297
20.8353
20.8413
20.8477
20.8546
20.8620
20.8699
20.8794
20.8900
20.9013
20.9133
20.9258
20.9388
20.9515
20.9639
20.9745
20.9851
20.9960
21.0070
21.0171
21.0267
21.0362
21.0458
21.0552
21.0607
21.0655
21.0750
21.0837
21.0910
21.0976
21.1039
21.1071
21.1088
21.1095
21.1096
21.1092
21.1085
21.1093
21.1116
21.1057
21.1024
21.1023
21.1038
21.0938
21.0870
21.0842
21.0836
21.0844
21.0850
21.0855
21.0876
21.0915
21.0974
21.1049
21.1140
26.3379
28.8460
29.8517
30.3480
30.6557
30.8788
31.0588
31.2123
31.3474
31.4685
31.5788
31.6804
31.7732
31.8591
31.9392
32.0144
32.0854
32.1527
32.2112
32.2195
32.2208
32.2209
32.2209
32.2209
32.2209
32.2209
32.2209
32.2209
32.2209
32.2209
32.2209
32.2209
32.2209
32.2209
32.2209
32.2209
32.2209
32.2209
32.2209
32.2209
32.2209
32.2209
32.2209
32.2209
32.2209
32.2209
32.2209
32.2209
32.2217
32.2219
32.2217
32.2216
32.2215
32.2214
32.2213
32.2212
32.2212
32.2212
32.2212
32.2212
32.2212
32.2219
32.2226
32.2040
32.1561
32.0953
32.0439
32.0009
31.9620
31.9247
31.8868
31.8501
31.8158
31.7768
31.7412
31.7095
31.6800
31.6520
31.6250
31.5987
31.5732
31.5482
31.5237
31.4996
31.4825
31.4686
31.4565
31.4456
31.4356
31.4263
31.4177
31.4096
31.4021
31.3949
31.3881
31.3816
31.3752
31.3689
31.3627
31.3567
31.3508
31.3451
31.3396
31.3342
31.3288
31.3237
31.3186
31.3136
31.3096
31.3066
31.3043
31.3020
31.3001
31.2982
31.2968
31.2952
31.2942
31.2928
31.2921
31.2913
31.2878
31.2829
31.2773
31.2712
31.2649
31.2583
31.2516
31.2447
31.2378
31.2307
31.2235
31.2163
31.2095
31.2030
31.1965
31.1902
31.1838
31.1776
31.1713
31.1650
31.1588
31.1526
31.1464
31.1403
31.1337
31.1268
31.1198
31.1127
31.1056
31.0984
31.0912
31.0840
31.0767
31.0695
31.0622
31.0550
31.0479
31.0408
31.0338
31.0267
31.0197
31.0127
31.0057
30.9987
30.9918
30.9848
30.9778
30.9709
30.9642
30.9575
30.9508
30.9442
30.9376
30.9311
30.9246
30.9181
30.9116
30.9052
30.8988
30.8916
30.8854
30.8793
30.8730
30.8674
30.8616
30.8550
30.8485
30.8421
30.8358
30.8287
30.8222
30.8158
25.4075
23.1029
22.2318
21.8014
21.5351
21.3426
21.1901
21.0629
20.9538
20.8585
21.1927
21.3679
21.3932
21.3754
21.3458
21.2874
21.2168
21.1502
21.1051
21.0615
21.0205
20.9863
20.9590
20.9378
20.9210
20.9136
20.9082
20.9037
20.9005
20.8987
20.8967
20.8956
20.8958
20.8972
20.8938
20.8927
20.8967
20.9034
20.9119
20.9219
20.9307
20.9415
20.9509
20.9589
20.9681
20.9764
20.9839
20.9912
20.9978
21.0041
21.0104
21.0166
21.0227
21.0285
21.0382
21.0508
21.0652
21.0808
21.0974
21.1147
21.1334
21.1529
21.1730
21.1937
21.2151
21.2369
21.2578
21.2781
21.2984
21.3276
21.3550
21.3802
21.3989
21.4149
21.4295
21.4430
21.4557
21.4679
21.4763
21.4818
21.4854
21.4875
21.5045
21.5173
21.5263
21.5337
21.5399
21.5691
21.5923
21.6077
21.6155
21.6175
21.6155
21.6106
21.6032
21.5932
26.7524
29.1847
30.1153
30.5553
30.8112
30.9839
31.1217
31.2365
31.3297
31.4120
31.4857
31.5487
31.6106
31.6666
31.7176
31.7646
31.8081
31.8486
31.8875
31.9248
31.9629
31.9995
32.0346
32.0686
32.1006
32.1312
32.1609
32.1897
32.2179
32.2242
32.2251
32.2252
32.2252
32.2252
32.2252
32.2252
32.2252
32.2252
32.2161
32.2016
32.1839
32.1636
32.1455
32.1290
32.1130
32.0970
32.0806
32.0638
32.0418
32.0170
31.9905
31.9627
31.9337
31.9038
31.8748
31.8465
31.8184
31.7905
31.7625
31.7344
31.7062
31.6779
31.6493
31.6205
31.5914
31.5623
31.5355
31.5106
31.4868
31.4637
31.4412
31.4190
31.3969
31.3747
31.3528
31.3311
31.3096
31.2883
31.2730
31.2548
31.2353
31.2152
31.1949
31.1744
31.1601
31.1484
31.1380
31.1285
31.1196
31.1060
31.0955
31.0866
31.0785
31.0709
31.0637
31.0568
31.0494
31.0416
31.0337
31.0258
31.0179
31.0100
31.0021
30.9943
30.9865
30.9787
30.9709
30.9632
30.9561
30.9496
30.9433
30.9372
30.9313
30.9254
30.9197
30.9140
30.9083
30.9028
30.8973
30.8918
30.8851
30.8777
30.8701
30.8623
30.8544
30.8464
30.8385
30.8305
30.8225
30.8146
30.8066
30.7988
30.7905
30.7820
30.7733
30.7646
30.7557
30.7469
30.7381
30.7292
30.7204
30.7115
30.7026
30.6953
30.6877
30.6802
30.6727
30.6652
30.6577
30.6501
30.6424
30.6346
30.6266
30.6184
30.6097
30.6006
30.5906
30.5798
30.5684
30.5564
30.5440
30.5311
30.5178
30.5043
30.4905
30.4764
30.4622
30.4479
30.4339
30.4200
30.4061
30.3922
30.3783
30.3644
30.3505
30.3366
30.3227
30.3088
30.2950
30.2811
30.2665
30.2520
30.2374
30.2229
30.2084
30.1939
30.1794
30.1650
30.1506
30.1362
30.1219
30.1076
24.6417
22.4356
21.5935
21.1651
20.9041
20.7171
20.5711
20.4509
20.3491
20.2611
20.3477
20.4103
20.4115
20.4025
20.4092
20.4173
20.4243
20.4301
20.4323
20.4320
20.4299
20.4272
20.4245
20.4223
20.4403
21.0531
21.2925
21.4128
21.4889
21.5362
21.5710
21.6938
21.7458
21.7843
21.8148
21.8420
21.7898
21.7889
21.7949
21.8073
21.8204
21.8339
21.8500
21.8683
21.8840
21.9013
21.9197
21.9387
21.3269
21.1126
21.0168
20.9668
20.9363
20.9171
20.9020
20.8893
20.8790
20.8706
20.8640
20.8590
20.8545
20.8502
21.4770
21.7111
21.8269
21.8957
21.9495
21.9968
22.0398
22.0803
22.1187
22.1556
22.1870
22.2157
22.2421
22.2676
22.2919
22.3155
22.3348
22.3510
22.3651
22.3777
22.3878
22.3986
22.4078
22.4890
22.5211
22.5391
22.5517
22.5623
22.5733
22.5731
22.5781
22.5888
22.6025
22.6189
27.8583
30.3490
31.3683
32.1236
32.2133
32.2216
32.2222
32.2223
32.2222
32.2222
32.2221
32.2221
32.2220
32.2219
32.2220
32.2221
32.2221
32.2222
32.2222
32.2223
32.2223
32.2224
32.2225
32.2225
32.2226
32.2226
32.2227
32.2228
32.2228
32.2229
32.2230
32.2230
32.2231
32.2231
32.2231
32.2232
32.2232
32.2232
32.2232
32.2233
32.2233
32.2233
32.2233
32.2234
32.2234
32.2234
32.2234
32.2234
32.2234
32.2234
32.2235
32.2235
32.2235
32.2235
32.2236
32.2236
32.2237
32.2237
32.2238
32.2238
32.2297
32.2291
32.2279
32.2268
32.2259
32.2251
32.2244
32.2238
32.2233
32.2229
32.2226
32.2223
32.2221
32.2220
32.2218
32.2217
32.2217
32.2216
32.2215
32.2215
32.2215
32.2214
32.2214
32.2214
32.2214
32.2214
32.2214
32.2214
32.2214
32.2214
32.2214
32.2214
32.2214
32.2214
32.2214
32.2214
32.2214
32.2214
32.2214
32.2214
32.2214
32.2214
32.2214
32.2214
32.2214
32.2214
32.2214
32.2214
31.9692
31.7996
31.6255
31.4508
31.3545
31.3049
31.2729
31.2478
31.2275
31.2101
31.1949
31.1811
31.1660
31.1507
31.1355
31.1206
31.1060
31.0917
31.0776
31.0637
31.0500
31.0365
31.0231
31.0098
31.0861
31.0149
30.9875
30.9699
30.9548
30.9399
30.9244
30.9081
30.8911
30.8735
30.8553
30.8368
30.8177
30.7979
30.7780
30.7579
30.7378
30.7178
30.6978
30.6779
30.6581
30.6384
30.6189
30.5995
30.5818
30.5649
30.5484
30.5323
30.5165
30.5009
30.4856
30.4705
30.4557
30.4410
30.4265
30.4122
30.3969
30.3815
30.3660
30.3506
30.3352
30.3198
30.3045
30.2893
30.2741
30.2590
30.2439
30.2288
30.2149
30.2013
30.1878
30.1746
30.1614
30.1484
30.1355
30.1227
30.1100
30.0974
30.0848
30.0724
24.6998
22.4198
21.5438
21.1070
20.8399
20.6489
20.4987
20.3746
20.2686
20.1764
20.2600
20.3193
20.2953
20.2822
20.2776
20.2760
20.2737
20.2704
20.2667
20.2628
20.2588
20.2549
20.2512
20.2478
20.1847
20.1773
20.1874
20.2097
20.2198
20.8638
21.1181
21.3317
21.4458
21.5253
21.5892
21.6447
21.6184
21.6391
21.6720
21.7083
21.7453
21.7819
21.8133
21.2078
20.9969
20.9035
20.8556
20.8239
20.8037
20.7914
20.7839
20.7799
20.7767
20.7766
20.7821
20.7966
20.8113
20.8271
20.8443
20.8627
20.8821
20.9026
20.9239
20.9460
20.9688
20.9923
21.0178
21.0450
21.0734
21.1026
21.1327
21.1634
21.1872
21.2079
21.2269
21.2451
21.2627
21.2799
23.8040
21.9307
21.5835
21.4476
21.3907
21.3614
21.3435
21.3306
23.8457
21.9430
21.5991
21.4590
21.4025
23.9261
22.0186
21.6737
21.5449
21.4994
26.6958
30.0436
30.3705
30.7950
31.0643
31.2679
31.6069
32.1752
32.2233
32.2257
32.2254
32.2200
32.2251
32.2244
32.2244
32.2245
32.2245
32.2245
32.2246
32.2246
32.2246
32.2246
32.2203
32.2250
32.2246
32.2247
32.2247
32.2247
32.2203
32.2251
32.2247
32.2247
32.2247
32.2247
32.2247
32.2246
32.2246
32.2202
32.2247
32.2244
32.2244
32.2244
32.2244
32.2243
32.2440
32.2253
32.2244
32.2244
32.2244
32.2295
32.2299
32.2299
32.2297
32.2296
32.2213
32.2299
32.2292
32.2211
32.2294
32.2291
32.2291
32.2290
32.2288
32.2286
32.2212
32.2289
32.2281
32.2281
32.2281
32.2281
32.2280
32.2279
32.2278
32.2278
32.2277
32.2277
32.2277
32.2206
32.2283
32.2277
32.2206
32.2287
32.2281
32.2282
32.2207
32.2289
32.2282
32.2283
32.2283
32.2283
32.2282
32.2281
32.2280
32.2280
32.2279
32.2279
32.2279
32.2206
32.2285
32.2279
32.2282
32.2283
32.2284
32.2285
32.2285
32.2207
32.2290
32.2284
32.2310
32.2326
32.2327
32.2323
32.2315
32.2306
32.2299
32.2292
32.2287
32.2283
32.2280
32.2277
32.2275
32.2274
32.2272
32.2271
32.2270
32.2270
32.2269
32.2269
32.2268
32.2268
32.2268
32.2267
32.2267
32.2267
32.2267
32.2138
32.1679
32.0948
31.9957
31.8733
31.7301
31.5690
31.4054
31.3314
31.2836
31.2464
31.2142
31.1850
31.1576
31.1316
31.1066
31.0823
31.0587
31.0357
31.0132
30.9911
30.9684
30.9457
30.9231
30.9006
30.8782
30.8560
30.8339
30.8119
30.7900
30.7682
30.7465
30.7249
30.7038
30.6831
30.6644
30.6448
30.6250
30.6041
30.5838
30.5636
30.5417
30.5209
30.5006
30.4803
30.4598
30.4392
30.4186
30.3979
30.3773
30.3566
30.3360
30.3154
30.2948
30.2741
30.2535
30.2329
24.8366
22.6010
21.7530
21.3195
21.0556
20.8677
20.7208
20.6005
20.4991
20.4121
20.4801
20.5324
20.5196
20.5176
20.5238
20.5358
20.5478
20.5586
20.5637
20.5660
20.5673
20.5683
21.2017
21.4461
21.5079
21.5750
21.6464
21.7147
21.7654
21.8078
21.8469
21.9611
22.0255
22.0708
22.1121
22.1530
22.1145
22.1233
22.1441
22.1647
22.1885
22.2144
22.2419
22.2736
22.3041
22.3329
22.3607
22.3877
21.7861
21.5833
21.4956
21.4507
21.4251
21.4100
21.3969
21.3888
21.3844
21.3827
21.3834
21.3857
21.3897
21.3965
21.4045
22.0382
22.2808
22.4070
22.4871
22.5468
22.5959
25.4501
23.3913
23.0400
22.9200
22.8855
22.8798
22.8769
22.8799
22.8866
22.9050
25.7898
23.6647
23.2864
23.1504
26.0352
23.8264
23.4208
23.2707
23.2134
23.1902
23.1811
23.1798
23.1843
23.1929
23.2047
26.1446
23.9577
28.2545
30.3609
31.1760
32.0883
32.2146
32.2271
32.2277
32.2230
32.2228
32.2229
32.2230
32.2230
32.2231
32.2231
32.2233
32.2235
32.2236
32.2238
32.2239
32.2241
32.2241
32.2240
32.2239
32.2238
32.2237
32.2236
32.2236
32.2235
32.2234
32.2233
32.2233
32.2233
32.2234
32.2234
32.2234
32.2236
32.2237
32.2237
32.2238
32.2239
32.2240
32.2241
32.2242
32.2242
32.2243
32.2243
32.2243
32.2243
32.2243
32.2244
32.2244
32.2244
32.2244
32.2245
32.2245
32.2246
32.2246
32.2247
32.2248
32.2249
32.2249
32.2314
32.2317
32.2315
32.2312
32.2309
32.2305
32.2301
32.2298
32.2294
32.2291
32.2288
32.2286
32.2283
32.2282
32.2280
32.2279
32.2278
32.2277
32.2277
32.2276
32.2276
32.2276
32.2276
32.2276
32.2275
32.2275
32.2275
32.2275
32.2276
32.2276
32.2276
32.2276
32.2276
32.2277
32.2277
32.2277
32.2277
32.2278
32.2279
32.2280
32.2280
32.2281
32.2282
32.2282
32.2283
32.2284
32.2284
32.2312
32.2332
32.2335
32.2332
32.2325
32.2318
32.2311
32.2305
32.2301
32.2298
32.2294
32.2292
32.2289
32.2287
32.2286
32.2285
32.2284
32.2283
32.2282
32.2281
32.2281
32.2281
32.2280
32.2197
32.1339
32.1142
32.0655
32.0335
31.9899
31.9393
31.8951
31.8460
31.7789
31.7133
31.6510
31.5854
31.5254
31.4703
31.4195
31.3803
31.3642
31.3561
31.3518
31.3496
31.3488
31.3490
31.3500
31.3516
31.3434
31.3318
31.3184
31.3022
31.2861
31.2707
31.2544
31.2377
31.2221
31.2054
31.1880
31.1702
31.1530
31.1359
31.1189
31.1017
31.0844
31.0670
31.0495
31.0319
31.0142
30.9965
30.9786
30.9607
30.9428
30.9248
30.9067
30.8886
30.8704
30.8522
30.8338
30.8154
30.7970
30.7785
30.7600
30.7414
25.3212
23.0861
22.2486
21.8194
21.5513
21.3586
21.2068
21.0815
20.9747
20.8826
20.8962
20.9073
20.8940
20.8741
20.8761
20.8834
20.8897
20.8954
20.9082
20.9161
20.9210
20.9245
20.9290
20.9345
20.9599
21.5765
21.8314
21.9527
22.0327
22.0927
22.1432
22.2649
22.3315
22.3846
22.4268
22.4663
22.4311
22.4430
22.4639
22.4847
22.5085
22.5347
22.5588
22.5815
22.6026
22.6231
22.6433
22.6631
22.6822
22.7010
22.7196
22.7379
22.7561
22.7743
22.7907
22.8057
22.8200
22.8337
22.8471
22.8601
22.9022
22.8967
22.9013
22.9144
22.9295
22.9453
22.9638
22.9847
23.0070
23.0306
23.0551
23.0801
23.0912
23.1006
23.1109
23.1215
23.1320
23.1423
23.1514
23.1595
23.1668
23.1735
23.1797
23.1854
23.1904
23.1947
23.1985
23.2037
22.5843
22.3497
22.2464
22.1902
22.1536
22.1262
22.1099
22.0986
27.2729
29.7296
30.7381
31.2280
31.8966
32.1842
32.2174
32.2207
32.2211
32.2211
32.2204
32.2206
32.2209
32.2210
32.2212
32.2213
32.2215
32.2216
32.2217
32.2218
32.2218
32.2219
32.2219
32.2220
32.2220
32.2220
32.2220
32.2220
32.2220
32.2220
32.2220
32.2220
32.2220
32.2220
32.2220
32.2220
32.2219
32.2219
32.2219
32.2219
32.2219
32.2218
32.2219
32.2219
32.2219
32.2219
32.2219
32.2219
32.2220
32.2220
32.2220
32.2221
32.2221
32.2222
32.2223
32.2223
32.2224
32.2249
32.2252
32.2253
32.2253
32.2252
32.2251
32.2250
32.2248
32.2246
32.2243
32.2240
32.2237
32.2235
32.2232
32.2230
32.2228
32.2227
32.2225
32.2224
32.2223
32.2222
32.2221
32.2220
32.2220
32.2219
32.2219
32.2219
32.2218
32.2218
32.2217
32.2217
32.2217
32.2217
32.2217
32.2216
32.2216
32.2216
32.2216
32.2216
32.2216
32.2216
32.2216
32.2216
32.2216
32.2216
32.2216
32.2216
32.2216
32.2216
32.2216
32.2216
32.2228
32.2239
32.2245
32.2249
32.2252
32.2254
32.2255
32.2256
32.2257
32.1784
32.1692
32.1338
32.0787
32.0033
31.9110
31.8033
31.6809
31.5465
31.4047
31.3422
31.3038
31.2753
31.2521
31.2312
31.2121
31.1938
31.1771
31.1608
31.1455
31.1306
31.1162
31.1021
31.0885
31.0751
31.0621
31.0493
31.0367
31.0243
31.0121
31.0000
30.9881
30.9763
30.9646
30.9531
30.9417
30.9304
30.9193
30.9083
30.8980
30.8884
30.8793
30.8704
30.8618
30.8534
30.8450
30.8368
30.8287
30.8207
30.8129
30.8052
30.7976
30.7901
30.7826
30.7752
30.7679
30.7606
30.7534
30.7462
30.7391
30.7321
30.7252
30.7183
30.7112
30.7040
30.6969
30.6897
30.6826
30.6755
30.6685
30.6615
30.6545
30.6475
30.6407
30.6338
25.2449
22.9732
22.1187
21.7019
21.4478
21.2666
21.1251
21.0083
20.9095
20.8246
20.8492
20.8721
20.8495
20.8293
20.8390
20.8537
20.8680
20.8818
20.8894
20.8929
20.8945
20.8953
20.8957
20.8961
20.9185
21.5278
21.7648
21.8819
21.9576
22.0063
22.0454
22.1668
22.2279
22.2716
22.3089
22.3425
22.3090
22.3171
22.3319
22.3524
22.3741
22.3959
22.4137
22.4292
22.4427
22.4553
22.4672
22.4784
22.4892
22.4995
22.5125
22.5248
22.5359
22.5465
22.5584
22.5712
22.5843
22.5979
22.6119
22.6261
22.6408
22.6556
22.6711
22.6862
22.7021
22.7185
22.7340
22.7501
22.7653
22.7811
22.7965
22.8124
22.8236
22.8329
22.8410
22.8484
22.8551
22.8633
22.8709
22.8771
22.8839
22.8901
22.8967
22.9010
22.9056
22.9101
22.9140
22.9175
22.9209
22.9244
22.9298
22.9387
22.9497
22.9631
22.9789
22.9966
28.2783
30.1511
30.9003
31.2785
31.8575
32.1784
32.2166
32.2205
32.2209
32.2210
32.2209
32.2209
32.2210
32.2210
32.2210
32.2210
32.2210
32.2210
32.2210
32.2210
32.2210
32.2210
32.2210
32.2210
32.2210
32.2210
32.2210
32.2210
32.2210
32.2210
32.2210
32.2210
32.2211
32.2211
32.2211
32.2211
32.2211
32.2211
32.2211
32.2211
32.2212
32.2212
32.2212
32.2212
32.2213
32.2213
32.2214
32.2214
32.2214
32.2215
32.2215
32.2215
32.2216
32.2216
32.2217
32.2217
32.2217
32.2217
32.2217
32.2217
32.2235
32.2240
32.2236
32.2231
32.2227
32.2223
32.2221
32.2219
32.2218
32.2217
32.2208
32.2018
32.1785
32.1498
32.1224
32.0970
32.0728
32.0494
32.0267
32.0044
31.9825
31.9610
31.9398
31.9189
31.9018
31.8862
31.8715
31.8575
31.8440
31.8309
31.8181
31.8056
31.7934
31.7813
31.7695
31.7579
31.7463
31.7347
31.7233
31.7119
31.7006
31.6894
31.6783
31.6672
31.6562
31.6453
31.6343
31.6235
31.5147
31.4722
31.4471
31.4273
31.4102
31.3943
31.3790
31.3644
31.3501
31.3363
31.3227
31.3094
31.2968
31.2849
31.2734
31.2622
31.2513
31.2405
31.2300
31.2197
31.2095
31.1994
31.1895
31.1798
31.1702
31.1608
31.1515
31.1422
31.1331
31.1240
31.1150
31.1061
31.0973
31.0886
31.0799
31.0713
31.0626
31.0538
31.0449
31.0361
31.0273
31.0185
31.0098
31.0012
30.9925
30.9840
30.9754
30.9670
30.9591
30.9516
30.9443
30.9372
30.9301
30.9231
30.9162
30.9094
30.9026
30.8960
30.8894
30.8830
30.8766
30.8704
30.8643
30.8583
30.8524
30.8464
30.8405
30.8346
30.8289
30.8231
30.8175
30.8119
30.8063
30.8007
30.7952
30.7897
30.7842
30.7788
30.7734
30.7680
30.7626
30.7572
30.7520
30.7467
25.3485
23.0677
22.2100
21.7933
21.5399
21.3587
21.2167
21.0992
20.9988
20.9116
20.9829
21.0287
20.9906
20.9747
20.9650
20.9509
20.9338
20.9180
20.9026
20.8892
20.8777
20.8699
20.8649
20.8615
20.8596
20.8588
20.8590
20.8600
20.8617
20.8640
20.8667
20.8703
20.8749
20.8760
20.8797
20.8859
20.8939
20.8975
20.9036
20.9122
20.9223
20.9316
20.9422
20.9520
20.9608
20.9690
20.9770
20.9875
20.9972
21.0060
21.0143
21.0223
21.0313
21.0400
21.0487
21.0578
21.0671
21.0766
21.0864
21.0963
21.1059
21.1154
21.1250
21.1346
21.1442
21.1539
21.1621
21.1692
21.1757
21.1818
21.1877
21.1934
21.1979
21.2016
21.2053
21.2016
21.1985
21.1978
21.1966
21.1957
21.2038
21.2101
21.2134
21.2149
21.2173
21.2194
21.2213
21.2232
21.2250
21.2271
21.2342
21.2461
21.2621
21.2813
21.3033
21.3190
26.5462
29.0373
30.0610
30.5698
30.8898
31.1263
31.3175
31.4805
31.6248
31.7553
31.8753
31.9870
32.0869
32.1789
32.2151
32.2203
32.2210
32.2212
32.2212
32.2212
32.2212
32.2212
32.2212
32.2212
32.2212
32.2212
32.2212
32.2212
32.2212
32.2213
32.2213
32.2213
32.2213
32.2213
32.2213
32.2213
32.2213
32.2213
32.2213
32.2213
32.2213
32.2213
32.2213
32.2213
32.2213
32.2213
32.2213
32.2213
32.2224
32.2226
32.2224
32.2222
32.2123
32.1926
32.1712
32.1496
32.1276
32.1051
32.0821
32.0585
31.9548
31.9035
31.8648
31.8302
31.7993
31.7691
31.7413
31.7156
31.6911
31.6670
31.6428
31.6187
31.5954
31.5681
31.5429
31.5204
31.4991
31.4786
31.4588
31.4393
31.4202
31.4014
31.3827
31.3643
31.3497
31.3367
31.3245
31.3128
31.3016
31.2907
31.2802
31.2699
31.2598
31.2499
31.2402
31.2307
31.2212
31.2118
31.2024
31.1931
31.1839
31.1747
31.1656
31.1566
31.1476
31.1386
31.1298
31.1209
31.1120
31.1030
31.0941
31.0852
31.0762
31.0672
31.0583
31.0493
31.0404
31.0314
31.0225
31.0136
31.0043
30.9943
30.9847
30.9750
30.9649
30.9551
30.9453
30.9350
30.9252
30.9154
30.9055
30.8956
30.8859
30.8763
30.8669
30.8575
30.8482
30.8389
30.8296
30.8202
30.8110
30.8017
30.7925
30.7833
30.7738
30.7642
30.7545
30.7447
30.7350
30.7253
30.7155
30.7057
30.6958
30.6860
30.6762
30.6665
30.6591
30.6533
30.6483
30.6439
30.6399
30.6362
30.6327
30.6295
30.6264
30.6234
30.6206
30.6180
30.6153
30.6125
30.6098
30.6072
30.6047
30.6022
30.5998
30.5975
30.5952
30.5930
30.5908
30.5887
30.5867
30.5849
30.5833
30.5817
30.5802
30.5788
30.5775
30.5763
30.5751
30.5739
30.5728
30.5717
25.1924
22.8895
22.0242
21.6054
21.3521
21.1718
21.0308
20.9148
20.8160
20.7305
20.9728
21.1129
21.1447
21.1455
21.1378
21.1089
21.0681
21.0279
20.9876
20.9511
20.9197
20.8967
20.8790
20.8648
20.8534
20.8485
20.8455
20.8431
20.8413
20.8401
20.8405
20.8426
20.8459
20.8504
20.8558
20.8620
20.8716
20.8833
20.9008
20.9184
20.9355
20.9528
20.9675
20.9805
20.9927
21.0046
21.0165
21.0283
21.0401
21.0521
21.0643
21.0766
21.0891
21.1019
21.1150
21.1286
21.1425
21.1567
21.1712
21.1861
21.2011
21.2165
21.2321
21.2481
21.2663
21.2844
21.3007
21.3160
21.3308
21.3453
21.3583
21.3717
21.3802
21.3868
21.3923
21.3972
21.4015
21.4053
21.4090
21.4124
21.4156
21.4185
21.4211
21.4234
21.4251
21.4265
21.4275
21.4281
21.4402
21.4499
21.4609
21.4740
21.4905
21.5093
21.5304
21.5440
26.7415
29.1686
30.1461
30.6284
30.9313
31.1553
31.3317
31.4780
31.6036
31.7136
31.8143
31.9037
31.9775
32.0395
32.0929
32.1392
32.1792
32.2137
32.2235
32.2249
32.2251
32.2251
32.2251
32.2252
32.2252
32.2252
32.2252
32.2252
32.2252
32.2252
32.2252
32.2252
32.2252
32.2252
32.2252
32.2253
32.2253
32.2253
32.2253
32.2254
32.2254
32.2254
32.2200
32.2022
32.1820
32.1615
32.1414
32.1216
32.1005
32.0861
32.0699
32.0512
32.0310
32.0099
31.9860
31.9598
31.9320
31.9029
31.8727
31.8415
31.8106
31.7793
31.7475
31.7150
31.6818
31.6480
31.6178
31.5905
31.5648
31.5401
31.5161
31.4925
31.4689
31.4426
31.4176
31.3943
31.3719
31.3500
31.3285
31.3073
31.2864
31.2656
31.2449
31.2244
31.2093
31.1965
31.1850
31.1743
31.1643
31.1547
31.1456
31.1368
31.1283
31.1201
31.1120
31.1042
31.0968
31.0898
31.0829
31.0763
31.0698
31.0635
31.0573
31.0512
31.0452
31.0393
31.0335
31.0278
31.0218
31.0156
31.0092
31.0027
30.9963
30.9898
30.9833
30.9769
30.9704
30.9640
30.9575
30.9511
30.9446
30.9382
30.9319
30.9256
30.9193
30.9131
30.9069
30.9007
30.8946
30.8885
30.8825
30.8765
30.8708
30.8654
30.8600
30.8547
30.8495
30.8444
30.8393
30.8342
30.8292
30.8243
30.8194
30.8146
30.8093
30.8037
30.7980
30.7921
30.7863
30.7803
30.7743
30.7684
30.7624
30.7564
30.7505
30.7446
30.7375
30.7291
30.7207
30.7117
30.7026
30.6936
30.6841
30.6748
30.6652
30.6557
30.6459
30.6363
30.6273
30.6185
30.6097
30.6008
30.5920
30.5832
30.5744
30.5655
30.5565
30.5476
30.5387
30.5297
30.5198
30.5100
30.5001
30.4903
30.4802
30.4703
30.4601
30.4501
30.4397
30.4295
30.4190
30.4088
24.9711
22.7150
21.8514
21.4309
21.1743
20.9904
20.8452
20.7250
20.6220
20.5320
20.9257
21.1458
21.0922
21.0378
21.0006
20.9509
20.8934
20.8393
20.7880
20.7418
20.7020
20.6678
20.6385
20.6137
20.6041
21.2101
21.4366
21.5435
21.6089
21.6481
21.6765
21.7922
21.8423
21.8724
21.8962
21.9198
21.8726
21.8734
21.8890
21.9106
21.9328
21.9571
21.9827
22.0079
22.0310
22.0535
22.0783
22.1017
22.1232
22.1440
22.1655
22.1862
22.2058
22.2246
22.2422
22.2589
22.2755
22.2920
22.3081
22.3242
22.3396
22.3556
22.3731
22.3902
22.4078
22.4249
22.4438
22.4658
22.4840
22.5038
22.5257
22.5486
22.5685
22.5875
22.6057
22.6153
22.6269
22.6408
22.6511
22.6596
22.6664
22.6838
22.6981
22.7083
22.7179
22.7262
22.7341
22.7408
22.7482
22.7551
22.7646
22.7771
22.7925
22.7985
22.8101
22.8277
28.1175
30.6199
32.0238
31.8897
32.1807
32.2172
32.2212
32.2215
32.2214
32.2213
32.2213
32.2212
32.2212
32.2212
32.2212
32.2212
32.2212
32.2212
32.2211
32.2211
32.2211
32.2211
32.2211
32.2211
32.2211
32.2211
32.2212
32.2212
32.2212
32.2212
32.2212
32.2212
32.2212
32.2212
32.2212
32.2212
32.2212
32.2212
32.2212
32.2212
32.2212
32.2212
32.2212
32.2213
32.2213
32.2214
32.2214
32.2214
32.2215
32.2215
32.2215
32.2207
32.2209
32.2211
32.2213
32.2215
32.2216
32.2218
32.2220
32.2221
32.2223
32.2261
32.2259
32.2254
32.2249
32.2244
32.2239
32.2235
32.2232
32.2229
32.2227
32.2225
32.2223
32.2222
32.2220
32.2220
32.2219
32.2218
32.2218
32.2217
32.2217
32.2217
32.2217
32.2217
32.2217
32.2216
32.2216
32.2216
32.2216
32.2216
32.2216
32.2216
32.2216
32.2216
32.2216
32.2216
32.2216
32.2216
32.2216
32.2216
32.2216
32.2216
32.2216
32.2216
32.2216
32.2216
32.2216
32.2216
32.2233
32.2245
32.2251
32.2254
32.2256
32.2258
32.2258
32.2259
32.2259
32.2260
32.2260
32.2260
32.2260
32.2260
32.2261
32.2261
32.2261
32.2229
32.2057
32.1771
32.1376
32.0871
32.0257
