23.3004
23.2863
23.2711
23.2554
23.2393
23.2229
23.2062
23.1892
23.1720
23.1547
23.1371
23.1193
23.1014
23.0857
23.0713
23.0578
23.0449
23.0324
23.0203
23.0082
22.9964
22.9847
22.9732
22.9620
22.9508
22.9398
22.9288
22.9177
22.9067
22.8958
22.8850
22.8743
22.8636
22.8531
22.8425
22.8321
22.8218
22.8116
22.8015
22.7916
22.7817
22.7719
22.7623
22.7526
22.7431
22.7336
22.7243
22.7150
22.7057
22.6965
22.6871
22.6777
22.6683
22.6590
22.6497
22.6404
22.6312
22.6221
22.6128
22.6036
22.5945
22.5893
22.5772
22.5682
22.5593
22.5504
22.5415
22.5324
22.5233
22.5140
22.5048
22.5015
22.5025
22.5153
22.5229
22.5330
22.5443
22.5570
22.5706
22.5855
22.6014
22.6182
22.6345
22.6513
22.6686
22.6931
22.7112
22.7315
22.7542
22.7786
22.8041
22.8299
23.5578
23.9832
23.9996
24.0005
24.0007
24.0007
24.0008
24.0009
24.0010
24.0011
24.0012
24.0012
24.0012
24.0013
24.0013
24.0014
24.0014
24.0014
24.0013
24.0013
24.0014
24.0014
24.0014
24.0014
24.0014
24.0014
24.0014
24.0014
24.0014
24.0015
24.0014
24.0014
24.0013
24.0013
24.0013
24.0012
24.0012
24.0011
24.0011
24.0010
24.0009
24.0009
24.0008
24.0008
24.0004
24.0004
24.0006
24.0006
24.0006
24.0007
24.0007
24.0007
24.0007
24.0008
24.0008
24.0008
24.0008
24.0008
24.0008
24.0008
24.0008
24.0008
24.0008
24.0008
24.0008
24.0009
24.0009
24.0009
24.0009
24.0010
24.0010
24.0010
24.0010
24.0011
24.0011
24.0010
24.0011
24.0011
24.0011
24.0011
24.0010
24.0010
24.0010
24.0009
24.0009
24.0008
24.0008
24.0007
24.0007
24.0007
24.0007
24.0007
24.0007
24.0008
24.0008
24.0008
24.0008
24.0008
24.0008
24.0008
24.0009
24.0009
24.0009
24.0009
24.0009
24.0008
24.0008
24.0008
24.0008
24.0008
24.0008
24.0008
24.0008
24.0008
24.0007
24.0007
24.0007
24.0007
24.0006
24.0006
24.0006
24.0006
24.0006
24.0003
24.0003
24.0003
24.0003
24.0003
24.0003
24.0003
24.0003
24.0003
24.0003
24.0003
24.0003
24.0003
23.9990
23.9881
23.9723
23.9544
23.9356
23.9163
23.8968
23.8773
23.8579
23.8385
23.8192
23.8000
23.7809
23.7613
23.7414
23.7212
23.7008
23.6804
23.6598
23.6392
23.6185
23.5977
23.5769
23.5560
23.5351
23.5165
23.4993
23.4836
23.4686
23.4542
23.4402
23.4267
23.4135
23.4006
23.3879
23.3756
23.3634
23.3381
23.3272
23.3143
23.3011
23.2879
23.2751
23.2628
23.2511
23.2398
23.2291
23.2189
23.2091
23.1998
23.1909
23.1822
23.1738
23.1655
23.1575
23.1496
23.1418
23.1342
23.1266
23.1191
23.1117
23.1035
23.0947
23.0858
23.0765
23.0671
23.0575
23.0478
23.0380
23.0281
23.0181
23.0081
22.9979
22.9887
22.9804
22.9725
22.9650
22.9577
22.9507
22.9437
22.9370
22.9303
22.9237
22.9172
22.9108
22.9047
22.8990
22.8935
22.8883
22.8833
22.8784
22.8737
22.8690
22.8645
22.8601
22.8558
22.8516
22.8474
22.8434
22.8393
22.8353
22.8313
22.8274
22.8235
22.8196
22.8158
22.8121
22.8083
22.8046
22.8001
22.7951
22.7899
22.7844
22.7789
22.7734
22.7679
22.7623
22.7568
22.7512
22.7456
22.7401
22.7395
22.7330
22.7301
22.7275
22.7252
22.7231
22.7210
22.7190
22.7170
22.7151
22.7185
22.7279
22.7388
22.7478
22.7613
22.7762
22.7920
22.8083
22.8241
22.8391
22.8534
22.8671
22.8803
22.8930
22.9116
22.9229
22.9344
22.9468
22.9596
22.9723
22.9872
23.0045
23.7238
23.9875
24.0003
24.0010
24.0011
24.0012
24.0013
24.0014
24.0015
24.0015
24.0015
24.0016
24.0016
24.0017
24.0017
24.0017
24.0016
24.0016
24.0017
24.0017
24.0017
24.0017
24.0017
24.0017
24.0018
24.0018
24.0018
24.0018
24.0017
24.0016
24.0015
24.0014
24.0014
24.0013
24.0013
24.0013
24.0012
24.0012
24.0012
24.0012
24.0012
24.0012
24.0012
24.0012
24.0011
24.0011
24.0011
24.0011
24.0012
24.0013
24.0013
24.0013
24.0014
24.0014
24.0015
24.0015
24.0015
24.0015
24.0015
24.0015
24.0015
24.0015
24.0015
24.0015
24.0015
24.0015
24.0015
24.0016
24.0016
24.0017
24.0017
24.0017
24.0017
24.0018
24.0018
24.0018
24.0018
24.0018
24.0017
24.0017
24.0016
24.0016
24.0016
24.0015
24.0015
24.0014
24.0013
24.0013
24.0013
24.0013
24.0013
24.0013
24.0013
24.0014
24.0014
24.0014
24.0014
24.0014
24.0014
24.0014
24.0014
24.0014
24.0013
24.0013
24.0013
24.0013
24.0014
24.0014
24.0014
24.0014
24.0014
24.0014
24.0012
24.0013
24.0013
24.0013
24.0012
24.0012
24.0011
24.0011
24.0010
24.0010
24.0006
24.0005
24.0005
24.0005
24.0005
24.0005
24.0005
24.0005
24.0005
24.0005
24.0005
24.0005
24.0005
24.0005
24.0005
24.0005
24.0005
24.0005
24.0005
24.0005
24.0005
23.9948
23.9831
23.9681
23.9512
23.9332
23.9161
23.8997
23.8839
23.8685
23.8534
23.8385
23.8239
23.8095
23.7952
23.7811
23.7671
23.7533
23.7397
23.7261
23.7129
23.6998
23.6868
23.6739
23.6612
23.6486
23.6360
23.6236
23.6112
23.5990
23.5769
23.5682
23.5565
23.5442
23.5317
23.5193
23.5074
23.4961
23.4851
23.4747
23.4648
23.4554
23.4470
23.4395
23.4326
23.4262
23.4201
23.4145
23.4091
23.4039
23.3990
23.3943
23.3898
23.3854
23.3807
23.3758
23.3708
23.3656
23.3605
23.3552
23.3500
23.3447
23.3395
23.3343
23.3290
23.3238
23.3189
23.3144
23.3101
23.3060
23.3020
23.2981
23.2943
23.2906
23.2870
23.2834
23.2800
23.2766
23.2720
23.2662
23.2599
23.2529
23.2458
23.2382
23.2306
23.2225
23.2145
23.2062
23.1979
23.1894
23.1810
23.1726
23.1642
23.1558
23.1472
23.1387
23.1301
23.1215
23.1128
23.1042
23.0955
23.0868
23.0781
23.0694
23.0607
23.0520
23.0433
23.0346
23.0259
23.0172
23.0084
22.9994
22.9905
22.9816
22.9789
22.9679
22.9613
22.9551
22.9492
22.9431
22.9370
22.9308
22.9245
22.9182
22.9164
22.9207
22.9271
22.9322
22.9420
22.9528
22.9641
22.9754
22.9872
22.9997
23.0125
23.0258
23.0394
23.0535
23.0729
23.0860
23.0984
23.1120
23.1263
23.8397
23.9925
24.0005
24.0010
24.0010
24.0010
24.0010
24.0010
24.0011
24.0012
24.0012
24.0012
24.0013
24.0013
24.0013
24.0014
24.0014
24.0015
24.0015
24.0015
24.0016
24.0016
24.0016
24.0015
24.0015
24.0015
24.0015
24.0015
24.0015
24.0014
24.0014
24.0013
24.0012
24.0011
24.0011
24.0011
24.0012
24.0011
24.0011
24.0011
24.0011
24.0011
24.0011
24.0011
24.0012
24.0012
24.0012
24.0012
24.0012
24.0012
24.0013
24.0013
24.0014
24.0015
24.0015
24.0017
24.0019
24.0019
24.0019
24.0018
24.0016
24.0015
24.0015
24.0014
24.0013
24.0013
24.0013
24.0012
24.0012
24.0012
24.0012
24.0013
24.0014
24.0014
24.0015
24.0015
24.0016
24.0016
24.0016
24.0016
24.0015
24.0015
24.0014
24.0014
24.0014
24.0014
24.0013
24.0013
24.0012
24.0012
24.0012
24.0012
24.0012
24.0013
24.0013
24.0013
24.0013
24.0013
24.0013
24.0013
24.0013
24.0013
24.0013
24.0013
24.0012
24.0011
24.0011
24.0011
24.0012
24.0012
24.0012
24.0012
24.0012
24.0011
24.0010
24.0009
24.0009
24.0008
24.0008
24.0006
24.0005
24.0005
24.0005
24.0005
24.0004
24.0004
24.0004
24.0004
24.0004
24.0004
24.0004
24.0004
24.0004
24.0004
24.0004
24.0004
24.0004
24.0004
24.0004
24.0004
24.0004
24.0004
24.0004
24.0004
24.0004
24.0004
24.0004
24.0004
24.0004
24.0004
24.0004
24.0004
24.0004
24.0004
24.0004
24.0004
24.0004
24.0004
24.0004
24.0004
24.0004
24.0004
24.0004
24.0004
24.0004
24.0004
24.0004
24.0004
24.0004
24.0004
24.0004
24.0004
24.0004
24.0004
24.0004
23.9943
23.9945
23.9896
23.9823
23.9738
23.9648
23.9558
23.9470
23.9384
23.9300
23.9220
23.9143
23.9064
23.8981
23.8897
23.8812
23.8727
23.8641
23.8556
23.8469
23.8382
23.8295
23.8207
23.8119
23.8033
23.7948
23.7865
23.7783
23.7701
23.7619
23.7537
23.7456
23.7374
23.7292
23.7211
23.7129
23.7045
23.6958
23.6869
23.6779
23.6687
23.6595
23.6500
23.6405
23.6309
23.6213
23.6116
23.6020
23.5910
23.5792
23.5668
23.5540
23.5410
23.5277
23.5141
23.5002
23.4861
23.4719
23.4575
23.4430
23.4285
23.4138
23.3991
23.3842
23.3693
23.3542
23.3391
23.3239
23.3086
23.2932
23.2778
23.2623
23.2466
23.2309
23.2151
23.1992
23.1831
23.1670
23.1509
23.1347
23.1184
23.1019
23.0853
23.0688
23.0604
23.0482
23.0404
23.0341
23.0283
23.0227
23.0171
23.0114
23.0055
22.9995
23.0042
23.0139
23.0298
23.0406
23.0535
23.0665
23.0795
23.0925
23.1057
23.1197
23.1345
23.1502
23.1668
23.1842
23.2078
23.2228
23.2409
23.2599
23.9728
23.9993
24.0010
24.0011
24.0011
24.0012
24.0012
24.0013
24.0013
24.0013
24.0014
24.0014
24.0014
24.0014
24.0014
24.0014
24.0014
24.0014
24.0014
24.0014
24.0013
24.0013
24.0013
24.0013
24.0013
24.0013
24.0013
24.0014
24.0014
24.0014
24.0014
24.0014
24.0014
24.0014
24.0013
24.0013
24.0013
24.0012
24.0012
24.0011
24.0011
24.0010
24.0010
24.0010
24.0010
24.0010
24.0010
24.0010
24.0010
24.0009
24.0009
24.0008
24.0008
24.0009
24.0009
24.0009
24.0009
24.0005
24.0005
24.0005
24.0005
24.0004
24.0004
24.0004
24.0004
24.0004
24.0007
24.0007
24.0007
24.0007
24.0007
24.0007
24.0008
24.0008
24.0009
24.0009
24.0010
24.0010
24.0011
24.0011
24.0011
24.0011
24.0010
24.0010
24.0010
24.0010
24.0010
24.0010
24.0010
24.0010
24.0011
24.0011
24.0012
24.0012
24.0012
24.0012
24.0012
24.0012
24.0012
24.0012
24.0012
24.0012
24.0012
24.0012
24.0011
24.0011
24.0011
24.0011
24.0011
24.0011
24.0012
24.0012
24.0012
24.0012
24.0011
24.0010
24.0010
24.0010
24.0009
24.0008
24.0008
24.0007
24.0007
24.0005
24.0004
24.0004
24.0004
24.0004
24.0006
24.0009
24.0008
24.0007
24.0006
24.0005
24.0005
24.0004
24.0004
24.0003
24.0003
24.0003
24.0003
24.0003
24.0003
24.0003
24.0003
24.0003
24.0003
24.0003
24.0003
24.0003
24.0003
24.0003
24.0003
24.0003
24.0002
24.0002
24.0002
24.0002
24.0002
24.0002
24.0002
24.0002
24.0002
24.0002
24.0002
24.0002
24.0002
24.0002
24.0002
24.0002
24.0002
24.0002
24.0002
24.0002
24.0002
24.0002
24.0006
24.0008
24.0009
24.0009
24.0010
24.0010
24.0010
24.0010
24.0010
24.0010
24.0010
24.0010
24.0010
24.0010
24.0010
24.0010
24.0010
24.0010
24.0011
24.0011
24.0011
24.0011
24.0011
24.0011
24.0011
24.0011
24.0011
24.0011
24.0011
24.0011
24.0011
24.0011
24.0011
24.0011
24.0011
24.0011
24.0011
24.0011
24.0011
24.0011
24.0011
24.0011
24.0011
24.0011
24.0011
24.0012
24.0012
24.0012
24.0012
24.0012
24.0012
24.0012
24.0012
24.0012
24.0012
24.0012
24.0012
24.0012
24.0012
24.0012
24.0012
24.0012
24.0012
24.0012
24.0012
24.0012
24.0012
24.0012
24.0012
24.0012
24.0012
24.0012
24.0012
24.0012
24.0012
24.0012
24.0012
24.0012
24.0012
24.0012
24.0011
24.0011
24.0011
24.0011
24.0011
24.0012
24.0012
24.0012
24.0012
24.0012
24.0012
24.0012
24.0012
24.0012
24.0012
24.0012
24.0013
24.0010
24.0008
24.0007
24.0006
24.0005
24.0005
24.0004
24.0004
24.0004
24.0004
24.0004
23.9998
23.9997
23.9999
24.0000
24.0001
24.0001
24.0002
24.0002
24.0003
24.0003
24.0003
24.0003
24.0003
24.0003
24.0003
24.0004
24.0004
24.0004
24.0004
24.0004
24.0004
24.0004
24.0004
24.0003
24.0003
24.0003
24.0003
24.0003
24.0003
24.0003
24.0003
24.0003
24.0003
24.0003
24.0003
24.0003
24.0003
24.0003
24.0003
24.0003
24.0003
24.0003
24.0003
24.0003
24.0002
24.0002
24.0002
24.0002
24.0002
24.0002
24.0002
24.0002
24.0002
24.0002
24.0002
24.0002
24.0002
24.0002
24.0002
24.0002
24.0002
24.0002
24.0002
24.0002
24.0002
24.0002
24.0002
24.0002
24.0002
24.0002
24.0002
24.0002
24.0002
24.0002
24.0002
24.0002
24.0002
24.0002
24.0002
24.0002
24.0002
24.0002
24.0002
24.0002
24.0002
24.0002
24.0002
24.0002
24.0002
24.0002
24.0002
24.0002
24.0002
24.0002
24.0002
24.0002
24.0002
24.0001
24.0001
24.0001
24.0001
24.0001
24.0001
24.0001
24.0001
24.0001
24.0001
24.0001
24.0001
24.0001
24.0001
24.0001
24.0001
24.0001
24.0001
24.0001
24.0001
24.0001
24.0001
24.0001
24.0003
24.0004
24.0003
24.0003
24.0003
24.0002
24.0002
24.0002
24.0002
24.0002
24.0002
24.0002
24.0002
24.0004
24.0005
24.0006
24.0007
24.0008
24.0008
24.0009
24.0009
24.0009
24.0009
24.0010
24.0010
24.0010
24.0010
24.0010
24.0011
24.0011
24.0011
24.0011
24.0011
24.0011
24.0011
24.0011
24.0011
24.0011
24.0011
24.0011
24.0011
24.0011
24.0012
24.0012
24.0012
24.0012
24.0012
24.0012
24.0012
24.0012
24.0012
24.0012
24.0012
24.0012
24.0012
24.0012
24.0012
24.0012
24.0012
24.0012
24.0012
24.0012
24.0012
24.0012
24.0012
24.0012
24.0012
24.0012
24.0012
24.0013
24.0013
24.0013
24.0013
24.0013
24.0013
24.0013
24.0013
24.0013
24.0013
24.0013
24.0013
24.0014
24.0014
24.0014
24.0014
24.0014
24.0014
24.0014
24.0014
24.0014
24.0014
24.0015
24.0015
24.0015
24.0015
24.0015
24.0015
24.0015
24.0015
24.0015
24.0015
24.0016
24.0016
24.0016
24.0016
24.0016
24.0016
24.0016
24.0016
24.0016
24.0016
24.0016
24.0016
24.0016
24.0017
24.0017
24.0017
24.0017
24.0017
24.0017
24.0017
24.0017
24.0017
24.0017
24.0017
24.0017
24.0017
24.0017
24.0017
24.0017
24.0017
24.0017
24.0017
24.0017
24.0017
24.0017
24.0017
24.0017
24.0017
24.0017
24.0017
24.0017
24.0017
24.0017
24.0017
24.0017
24.0017
24.0017
24.0017
24.0017
24.0017
24.0017
24.0017
24.0017
24.0017
24.0017
24.0017
24.0017
24.0017
24.0017
24.0017
24.0017
24.0017
24.0017
24.0016
24.0016
24.0016
24.0016
24.0016
24.0016
24.0016
24.0016
24.0016
24.0016
24.0016
24.0016
24.0016
24.0016
24.0016
24.0016
24.0015
24.0015
24.0015
24.0015
24.0015
24.0015
24.0015
24.0015
24.0015
24.0015
24.0015
24.0015
24.0015
24.0014
24.0014
24.0014
24.0014
24.0014
24.0014
24.0014
24.0014
24.0014
24.0014
24.0014
24.0014
24.0014
24.0014
24.0014
24.0013
24.0013
24.0013
24.0013
24.0013
24.0013
24.0013
24.0013
24.0013
24.0013
24.0013
24.0013
24.0013
24.0013
24.0013
24.0013
24.0013
24.0013
24.0013
24.0012
24.0012
24.0012
24.0012
24.0012
24.0012
24.0012
24.0012
24.0012
24.0012
24.0012
24.0012
24.0012
24.0012
24.0012
24.0012
24.0012
24.0012
24.0012
24.0012
24.0012
24.0012
24.0012
24.0012
24.0012
24.0012
24.0012
24.0012
24.0012
24.0012
24.0012
24.0012
24.0012
24.0012
24.0012
24.0011
24.0011
24.0011
24.0011
24.0011
24.0011
24.0011
24.0010
24.0010
24.0010
24.0010
24.0010
24.0011
24.0011
24.0011
24.0011
24.0011
24.0011
24.0011
24.0011
24.0011
24.0011
24.0011
24.0011
24.0011
24.0011
24.0011
24.0011
24.0011
24.0011
24.0012
24.0012
24.0012
24.0012
24.0013
24.0013
24.0013
24.0013
24.0013
24.0014
24.0014
24.0014
24.0014
24.0015
24.0015
24.0015
24.0015
24.0015
24.0016
24.0016
24.0016
24.0016
24.0016
24.0016
24.0016
24.0017
24.0017
24.0017
24.0017
24.0017
24.0017
24.0017
24.0018
24.0018
24.0018
24.0018
24.0018
24.0018
24.0018
24.0018
24.0017
24.0017
24.0017
24.0017
24.0017
24.0017
24.0017
24.0017
24.0017
24.0017
24.0017
24.0017
24.0017
24.0017
24.0017
24.0017
24.0017
24.0017
24.0016
24.0016
24.0016
24.0016
24.0016
24.0016
24.0016
24.0016
24.0016
24.0016
24.0016
24.0016
24.0016
24.0016
24.0016
24.0016
24.0016
24.0016
24.0016
24.0016
24.0016
24.0016
24.0016
24.0016
24.0016
24.0016
24.0016
24.0016
24.0016
24.0016
24.0017
24.0017
24.0017
24.0017
24.0017
24.0017
24.0017
24.0017
24.0017
24.0017
24.0017
24.0017
24.0017
24.0017
24.0017
24.0017
24.0018
24.0018
24.0018
24.0018
24.0018
24.0018
24.0018
24.0018
24.0018
24.0018
24.0018
24.0018
24.0018
24.0018
24.0018
24.0018
24.0018
24.0018
24.0018
24.0018
24.0018
24.0018
24.0018
24.0018
24.0018
24.0018
24.0018
24.0018
24.0018
24.0018
24.0018
24.0018
24.0018
24.0018
24.0018
24.0018
23.3823
23.0765
22.9007
22.7956
22.7282
22.6822
22.6490
22.6238
22.6040
22.5880
22.5810
22.5813
22.5895
22.5945
22.6015
22.6090
22.6172
22.6264
22.6358
22.6454
22.6564
22.6679
22.6795
22.6921
22.7113
22.7207
22.7340
22.7487
22.7652
22.7804
22.7967
23.5215
23.9714
23.9991
24.0006
24.0008
24.0009
24.0009
24.0010
24.0011
24.0011
24.0012
24.0012
24.0012
24.0013
24.0013
24.0014
24.0014
24.0014
24.0014
24.0015
24.0016
24.0016
24.0017
24.0017
24.0018
24.0018
24.0018
24.0018
24.0019
24.0018
24.0018
24.0017
24.0017
24.0017
24.0017
24.0017
24.0016
24.0016
24.0015
24.0015
24.0015
24.0014
24.0014
24.0014
24.0014
24.0014
24.0014
24.0014
24.0014
24.0014
24.0014
24.0014
24.0014
24.0014
24.0013
24.0013
24.0012
24.0011
24.0010
24.0010
24.0009
24.0009
24.0009
24.0008
24.0008
24.0008
24.0008
24.0008
24.0009
24.0009
24.0010
24.0011
24.0011
24.0013
24.0013
24.0014
24.0015
24.0015
24.0015
24.0015
24.0015
24.0014
24.0014
24.0014
24.0014
24.0013
24.0013
24.0013
24.0013
24.0013
24.0012
24.0012
24.0013
24.0013
24.0014
24.0014
24.0014
24.0014
24.0014
24.0014
24.0015
24.0015
24.0015
24.0014
24.0015
24.0015
24.0015
24.0015
24.0015
24.0015
24.0015
24.0015
24.0015
24.0015
24.0015
24.0013
24.0012
24.0010
24.0010
24.0009
24.0008
24.0008
24.0008
24.0007
24.0007
24.0006
24.0004
24.0004
24.0004
24.0003
24.0003
24.0003
24.0003
24.0003
24.0003
24.0003
24.0003
24.0003
24.0003
24.0003
24.0003
24.0003
24.0003
24.0003
24.0003
24.0003
24.0004
24.0004
24.0004
24.0004
24.0004
24.0004
24.0004
24.0004
24.0004
24.0004
24.0004
24.0004
24.0004
24.0004
24.0004
23.9955
23.9881
23.9794
23.9698
23.9597
23.9493
23.9387
23.9278
23.9169
23.9058
23.8947
23.8835
23.8591
23.8503
23.8389
23.8272
23.8153
23.8037
23.7926
23.7817
23.7714
23.7615
23.7522
23.7432
23.7334
23.7228
23.7119
23.7008
23.6894
23.6779
23.6663
23.6546
23.6428
23.6309
23.6189
23.6068
21.3371
20.5401
20.2065
20.0297
19.9143
19.8270
19.7550
19.6925
19.6366
19.5858
19.5389
19.4954
19.4545
19.4157
19.3788
19.3437
19.3102
19.2780
19.2470
19.2172
19.1884
19.1604
19.1334
19.1070
19.0817
19.0574
19.0339
19.0110
18.9887
18.9670
18.9457
18.9249
18.9045
18.8848
18.8650
18.8459
18.8263
18.8069
18.7876
18.7685
18.7496
18.7309
18.7124
18.6941
18.6759
18.6580
18.6402
18.6225
18.6055
18.5888
18.5724
18.5563
18.5403
18.5245
18.5089
18.4934
18.4781
18.4629
18.4479
18.4330
18.4223
18.4136
18.4061
18.3992
18.3926
18.3862
18.3799
18.3736
18.3674
18.3613
18.3602
18.3661
18.3314
18.3244
18.3242
18.3265
18.3303
18.3349
18.3400
18.3455
18.3514
18.3578
18.3646
18.3718
24.5540
26.4705
26.6569
26.6683
26.6696
26.6699
26.6700
26.6702
26.6703
26.6704
26.6705
26.6705
26.6706
26.6706
26.6706
26.6707
26.6707
26.6707
26.6707
26.6707
26.6707
26.6707
26.6707
26.6707
26.6708
26.6707
26.6706
26.6706
26.6706
26.6705
26.6706
26.6707
26.6706
26.6706
26.6705
26.6705
26.6704
26.6704
26.6703
26.6703
26.6701
26.6701
26.6727
26.6701
26.7075
26.7480
26.7908
26.8353
26.8769
26.9161
26.9539
26.9638
26.9834
27.0350
28.2630
27.9050
27.6815
27.5335
27.4216
27.3580
27.3242
27.3082
28.5051
28.0835
27.8205
27.6487
27.5498
28.7268
28.2804
28.0016
27.8348
27.7506
27.7425
28.9672
28.5424
28.2727
28.1366
28.0805
28.0697
28.0842
28.1142
28.1529
28.2199
29.4703
28.9938
28.7633
28.6525
28.6004
28.5835
28.5874
28.6027
28.6017
28.6129
28.6296
29.8311
29.3041
29.0781
28.9549
28.8888
28.8534
30.0063
29.4696
29.1865
29.0598
28.9988
28.9749
28.9724
28.9827
28.9792
30.1694
29.6192
29.4304
29.3440
29.3112
29.2976
29.2898
30.4655
29.7382
29.5420
29.4068
29.3181
29.2528
29.1991
29.1299
29.0705
29.0149
30.1356
29.5376
29.2404
30.3009
28.8895
28.0963
27.6252
27.3211
27.1059
26.9452
27.9296
27.2338
26.9016
26.6944
26.6712
26.6705
26.6705
26.6706
26.6706
26.6707
26.6707
26.6708
26.6708
27.4460
26.6996
26.6718
27.4780
26.7009
26.6719
26.6709
27.4144
26.6987
26.6719
26.6710
26.6710
26.6710
26.6710
26.6710
26.6710
26.6710
26.6710
26.6710
26.6710
27.3081
26.6949
26.6718
26.6710
26.6710
26.6711
26.6711
26.6711
27.2809
26.6939
26.6719
23.1974
22.1176
21.6612
21.4016
21.2272
21.0997
20.9957
20.9063
20.8271
20.7558
20.6905
20.6303
20.5726
20.5177
20.4656
20.4160
20.3686
20.3232
20.2797
20.2379
20.1975
20.1585
20.1208
20.0842
20.0493
20.0156
19.9831
19.9514
19.9206
19.8907
19.8614
19.8328
19.8049
19.7775
19.7507
19.7242
19.6976
19.6710
19.6447
19.6186
19.5928
19.5673
19.5420
19.5170
19.4923
19.4677
19.4435
19.4195
19.3955
19.3717
19.3482
19.3248
19.3016
19.2786
19.2558
19.2331
19.2107
19.1883
19.1662
19.1442
19.1226
19.1013
19.0802
19.0593
19.0385
19.0190
18.9989
18.9788
18.9588
18.9388
18.9190
18.8990
18.8790
18.8591
18.8391
18.8192
18.7994
18.7797
18.7600
18.7404
18.7208
18.7013
18.6819
18.6626
18.6509
18.6428
18.6367
18.6318
18.6277
18.6241
18.6210
18.6181
18.6156
18.6135
18.6175
18.6271
18.6009
18.5993
18.6034
18.6093
18.6161
18.6236
18.6297
18.6379
18.6474
18.6576
18.6685
18.6827
24.9642
26.5308
26.6621
26.6689
26.6693
26.6697
26.6699
26.6700
26.6701
26.6702
26.6702
26.6703
26.6703
26.6704
26.6704
26.6704
26.6704
26.6704
26.6705
26.6704
26.6703
26.6703
26.6703
26.6703
26.6704
26.6703
26.6703
26.6703
26.6702
26.6702
26.6701
26.6701
26.6728
26.6907
26.7176
26.7498
26.7851
26.8233
26.8628
26.9027
26.9696
26.9990
27.0324
27.0674
27.1034
28.3277
27.9502
27.7118
27.5671
27.4910
27.4562
27.4162
27.3999
27.3986
27.4375
28.6863
28.3063
28.0692
27.9301
29.1073
28.6425
28.3433
28.1547
28.0246
27.9534
27.9184
27.9076
27.9141
27.9326
27.9599
29.1856
28.7449
28.5127
28.3743
28.3379
28.3383
28.3837
28.4331
28.4851
28.5381
28.5929
28.6483
28.6993
28.7493
28.7548
28.7773
28.8086
28.8440
28.8812
28.9189
28.9651
28.9994
29.0711
29.1542
29.2626
29.3627
29.4593
29.5551
29.6514
29.7014
29.7035
29.7038
29.7038
29.7038
29.7037
29.7037
29.7036
29.7035
29.7034
29.7033
29.7031
29.6771
29.6207
29.5483
29.4877
29.4416
29.4053
29.3562
29.3204
29.2925
29.2685
29.2267
29.1962
29.1711
29.1595
29.1492
29.1322
29.1085
29.0800
28.3481
27.9040
27.6149
27.4088
27.2482
27.1135
26.9944
26.8854
26.7827
26.6927
26.6710
26.6703
26.6703
26.6704
26.6704
26.6704
26.6705
26.6705
26.6705
26.6706
26.6706
26.6706
26.6706
26.6707
26.6707
26.6707
26.6707
26.6707
26.6708
26.6708
26.6708
26.6708
26.6708
26.6708
26.6708
26.6708
26.6709
26.6709
26.6709
26.6709
26.6709
26.6709
26.6709
26.6709
26.6710
26.6710
26.6710
26.6710
26.6710
26.6710
26.6710
23.2065
22.1295
21.6725
21.4081
21.2324
21.0976
20.9879
20.8930
20.8084
20.7314
20.6606
20.5947
20.5361
20.4825
20.4328
20.3864
20.3428
20.3017
20.2628
20.2258
20.1907
20.1571
20.1251
20.0944
21.7440
22.5392
22.9834
23.2509
23.4218
23.5379
23.6228
23.6866
23.7364
23.7763
23.8090
23.8352
23.8579
23.8777
23.8949
23.9098
23.9229
23.9343
23.9443
23.9531
23.9607
23.9674
23.9732
23.9783
23.9778
23.9738
23.9672
23.9587
23.9487
23.9379
23.9258
23.9127
23.8987
23.8839
23.8683
23.8522
23.8360
23.8196
23.8029
23.7860
23.7687
23.7510
23.7331
23.7149
23.6965
23.6778
23.6589
23.6398
23.6205
23.6010
23.5813
23.5615
23.5415
23.5214
23.5010
23.4805
23.4598
23.4391
23.4182
23.3973
23.3889
23.3754
23.3679
23.3629
23.3590
23.3556
23.3525
23.3496
23.3467
23.3440
23.3480
23.3603
23.3912
23.4125
23.4336
23.4540
23.4740
23.4939
23.5131
23.5328
23.5534
23.5747
23.5963
23.6185
23.6471
23.6665
23.6933
23.7176
23.7435
23.7704
23.7991
23.8302
23.8620
23.9917
24.0006
24.0013
24.0014
24.0015
24.0015
24.0015
24.0015
24.0015
24.0015
24.0016
24.0016
24.0016
24.0016
24.0016
24.0016
24.0016
24.0017
24.0017
24.0017
24.0017
24.0017
24.0017
24.0017
24.0017
24.0017
24.0017
29.0957
31.7813
32.1821
32.2200
32.2227
32.2227
32.2227
32.2226
32.2225
32.2224
32.2224
32.2225
32.2224
32.2224
32.2223
32.2223
32.2222
32.2222
32.2222
32.2223
32.2223
32.2224
32.2224
32.2224
32.2224
32.2223
32.2223
32.2245
32.2243
32.2240
32.2236
32.2232
32.2229
32.2213
32.2212
32.2212
32.2213
32.2214
32.2215
32.2215
32.2216
32.2216
32.2216
32.2217
32.2218
32.2218
32.2219
32.2220
32.2220
32.2221
32.2221
32.2221
32.2220
32.2220
32.2220
32.2220
32.2219
32.2219
32.2219
32.2218
32.2218
32.2217
32.2218
32.2218
32.2218
32.2218
32.2218
32.2217
32.2217
32.2216
32.2216
32.2215
32.2215
32.2214
32.2213
32.2212
32.2212
32.2211
32.2211
32.2211
32.2211
32.2212
32.2212
32.2212
32.2212
32.2227
32.2227
32.2226
32.2225
32.2224
32.2224
32.2223
32.2223
32.2222
32.2221
32.2221
32.2220
32.2220
32.2220
32.2220
32.2221
32.2222
32.2222
32.2222
32.2221
32.2221
32.2220
32.2219
32.2219
32.2218
32.2218
32.2217
32.2217
32.2216
32.2216
32.2215
32.2215
32.2214
32.2214
32.2214
32.2214
32.2213
32.2213
32.2213
32.2212
32.2212
32.2212
32.2212
32.2212
32.2212
32.2212
32.2211
32.2211
32.2211
32.2211
32.2211
32.2211
32.2211
32.2211
32.2211
32.2211
32.2211
32.2211
32.2211
32.2221
32.2228
32.2231
32.2233
32.2235
32.2236
32.2237
32.2238
32.2239
27.3242
26.7252
26.3432
26.0624
25.8481
25.6771
25.5359
25.4155
25.3108
25.2183
25.1353
25.0603
24.9917
24.9287
24.8703
24.8159
24.7649
24.7170
24.6718
24.6289
24.5882
24.5493
24.5121
24.4765
24.4423
24.4093
24.3777
24.3467
24.3166
24.2876
24.2591
24.2316
24.2043
24.1781
24.1521
24.1269
24.1020
24.0779
24.0541
24.0312
24.0090
23.9873
23.9661
23.9454
23.9250
23.9048
23.8850
23.8655
23.8464
23.8275
23.8090
23.7908
23.7728
23.7550
23.7374
23.7201
23.7029
23.6859
23.6691
23.6524
23.6360
23.6198
23.6038
23.5877
23.5718
23.5560
23.5404
23.5248
23.5094
23.4942
23.4792
23.4642
23.4494
23.4348
23.4202
23.4142
23.4032
23.3975
23.3932
23.3895
23.3861
23.3827
23.3791
23.3754
23.3717
23.3723
23.3811
23.3928
23.4028
23.4172
23.4326
23.4488
23.4657
23.4829
23.5001
23.5176
23.5353
23.5533
23.5716
23.5967
23.9791
23.9995
24.0009
24.0010
24.0010
24.0011
24.0011
24.0012
24.0012
24.0013
24.0013
24.0014
24.0015
24.0015
24.0016
24.0016
24.0016
24.0016
24.0016
24.0016
24.0016
24.0016
24.0016
24.0016
24.0015
24.0015
24.0015
24.0015
24.0016
24.0016
24.0016
24.0016
24.0016
24.0016
24.0016
24.0016
24.0016
24.0016
24.0016
24.0016
24.0016
24.0016
24.0015
24.0015
24.0015
24.0014
24.0014
24.0013
24.0013
24.0013
24.0013
24.0013
24.0012
24.0011
24.0011
24.0010
24.0010
24.0010
24.0010
24.0009
24.0009
24.0008
24.0008
24.0008
24.0007
24.0007
24.0007
24.0007
24.0007
24.0007
24.0007
24.0008
24.0008
24.0008
24.0009
24.0009
24.0010
24.0010
24.0011
24.0012
24.0012
24.0012
24.0012
24.0012
24.0011
24.0011
24.0011
24.0011
24.0012
24.0012
24.0012
24.0013
24.0014
24.0014
24.0015
24.0015
24.0015
24.0015
24.0015
24.0015
24.0016
24.0016
24.0016
24.0015
24.0015
24.0015
24.0015
24.0014
24.0014
24.0014
24.0015
24.0015
24.0015
24.0015
24.0015
24.0015
24.0015
24.0014
24.0014
24.0013
24.0010
24.0008
24.0007
24.0006
24.0006
24.0005
24.0005
24.0004
24.0004
24.0004
24.0004
24.0005
24.0007
24.0007
24.0006
24.0005
24.0005
24.0004
24.0004
24.0004
24.0004
24.0003
24.0003
24.0003
24.0003
24.0003
24.0003
24.0003
24.0003
24.0003
24.0003
24.0003
24.0003
24.0003
24.0003
24.0003
24.0003
24.0003
24.0003
24.0003
24.0003
24.0003
24.0003
24.0003
24.0003
24.0003
24.0003
24.0003
24.0003
24.0003
24.0003
24.0003
24.0003
24.0003
24.0003
24.0003
24.0003
24.0003
24.0003
24.0008
24.0011
24.0012
24.0012
24.0013
24.0013
24.0013
24.0013
24.0013
24.0013
24.0013
24.0014
24.0014
24.0014
24.0014
24.0014
24.0014
24.0014
24.0014
24.0014
24.0014
24.0014
24.0014
24.0014
24.0014
24.0014
24.0014
24.0014
24.0014
24.0013
24.0013
24.0013
24.0013
24.0013
24.0013
24.0013
24.0013
24.0013
24.0013
24.0013
24.0013
24.0013
24.0013
24.0013
24.0013
24.0013
24.0013
24.0013
24.0013
24.0013
24.0013
24.0013
24.0013
24.0013
24.0013
24.0013
24.0013
24.0013
24.0013
24.0013
24.0013
24.0013
24.0013
24.0013
24.0013
24.0013
24.0013
24.0013
24.0014
24.0014
24.0014
24.0014
24.0014
24.0014
24.0014
24.0014
24.0014
24.0014
24.0014
24.0014
24.0014
24.0014
24.0014
24.0014
24.0014
24.0015
24.0015
24.0015
24.0015
24.0015
24.0015
24.0015
24.0014
24.0014
24.0014
24.0014
24.0014
24.0012
24.0009
24.0008
24.0006
24.0006
24.0005
24.0005
24.0004
24.0004
24.0004
24.0004
23.9998
23.9998
23.9999
24.0000
24.0001
24.0001
24.0002
24.0002
24.0002
24.0003
24.0003
24.0003
24.0003
24.0003
24.0003
24.0003
24.0003
24.0003
24.0003
24.0003
24.0003
24.0003
24.0003
24.0003
24.0003
24.0002
24.0002
24.0003
24.0003
24.0003
24.0003
24.0003
24.0003
24.0003
24.0003
24.0003
24.0003
24.0003
24.0003
24.0003
24.0003
24.0003
24.0003
24.0003
24.0003
24.0003
24.0003
24.0003
24.0003
24.0003
24.0003
24.0003
24.0003
24.0003
24.0003
24.0003
24.0003
24.0003
24.0003
24.0003
24.0003
24.0003
24.0003
24.0003
24.0003
24.0003
24.0003
24.0003
24.0003
24.0003
24.0003
24.0003
24.0003
24.0004
24.0003
24.0003
24.0003
24.0003
24.0002
24.0002
24.0002
24.0002
24.0002
24.0002
24.0002
24.0002
24.0002
24.0002
24.0002
24.0002
24.0002
24.0002
24.0002
24.0002
24.0002
24.0002
24.0002
24.0002
24.0002
24.0002
24.0002
24.0002
24.0002
24.0002
24.0002
24.0002
24.0002
24.0003
24.0003
24.0003
24.0003
24.0003
24.0003
24.0003
24.0003
24.0003
24.0003
24.0003
24.0003
24.0003
24.0007
24.0007
24.0007
24.0006
24.0005
24.0005
24.0004
24.0004
24.0004
24.0004
24.0004
24.0004
24.0003
24.0006
24.0008
24.0009
24.0010
24.0010
24.0011
24.0011
24.0012
24.0012
24.0012
24.0012
24.0012
24.0012
24.0013
24.0013
24.0013
24.0013
24.0013
24.0013
24.0013
24.0013
24.0013
24.0013
24.0013
24.0013
24.0013
24.0013
24.0013
24.0013
24.0013
24.0013
24.0013
24.0013
24.0013
24.0013
24.0013
24.0013
24.0013
24.0013
24.0013
24.0013
24.0013
24.0013
24.0013
24.0013
24.0013
24.0013
24.0013
24.0013
24.0013
24.0013
24.0013
24.0013
24.0013
24.0013
24.0013
24.0013
24.0013
24.0013
24.0013
24.0013
24.0014
24.0014
24.0014
24.0014
24.0014
24.0014
24.0014
24.0014
24.0014
24.0014
24.0014
24.0014
24.0015
24.0015
24.0015
24.0015
24.0015
24.0015
24.0015
24.0015
24.0015
24.0016
24.0016
24.0016
24.0016
24.0016
24.0016
24.0016
24.0016
24.0016
24.0016
24.0017
24.0017
24.0017
24.0017
24.0017
24.0017
24.0017
24.0017
24.0017
24.0017
24.0017
24.0017
24.0017
24.0017
24.0017
24.0017
24.0017
24.0017
24.0017
24.0017
24.0017
24.0017
24.0017
24.0017
24.0017
24.0017
24.0017
24.0017
24.0017
24.0017
24.0017
24.0017
24.0017
24.0017
24.0017
24.0016
24.0016
24.0016
24.0016
24.0016
24.0017
24.0017
24.0017
24.0017
24.0016
24.0016
24.0016
24.0016
24.0016
24.0016
24.0016
24.0016
24.0016
24.0016
24.0016
24.0016
24.0016
24.0016
24.0016
24.0016
24.0015
24.0015
24.0015
24.0015
24.0015
24.0015
24.0015
24.0015
24.0015
24.0015
24.0015
24.0015
24.0015
24.0015
24.0015
24.0014
24.0012
24.0011
24.0011
24.0011
24.0011
24.0011
24.0011
24.0011
24.0011
24.0011
24.0011
24.0011
24.0011
24.0010
24.0010
24.0010
24.0010
24.0010
24.0010
24.0010
24.0010
24.0010
24.0009
24.0009
24.0009
24.0009
24.0009
24.0009
24.0009
24.0009
24.0009
24.0008
24.0008
24.0008
24.0008
24.0008
24.0008
24.0008
24.0008
24.0008
24.0008
24.0008
24.0008
24.0008
24.0008
24.0008
24.0008
24.0008
24.0011
24.0011
24.0011
24.0011
24.0011
24.0011
24.0010
24.0010
24.0010
24.0010
24.0010
24.0010
24.0010
24.0010
24.0009
24.0009
24.0009
24.0009
24.0009
24.0009
24.0009
24.0009
24.0009
24.0009
24.0009
24.0009
24.0009
24.0009
24.0009
24.0009
24.0009
24.0009
24.0009
24.0009
24.0009
24.0009
24.0009
24.0009
24.0008
24.0008
24.0008
24.0008
24.0008
24.0008
24.0009
24.0009
24.0009
24.0009
24.0010
24.0010
24.0010
24.0011
24.0011
24.0011
24.0011
24.0012
24.0012
24.0012
24.0012
24.0012
24.0012
24.0012
24.0012
24.0012
24.0012
24.0012
24.0013
24.0013
24.0013
24.0013
24.0013
24.0013
24.0013
24.0014
24.0014
24.0014
24.0014
24.0014
24.0014
24.0014
24.0014
24.0014
24.0014
24.0015
24.0015
24.0015
24.0015
24.0015
24.0015
24.0015
24.0015
24.0015
24.0015
24.0015
24.0015
24.0015
24.0015
24.0015
24.0015
24.0015
24.0015
24.0015
24.0015
24.0015
24.0015
24.0015
24.0015
24.0015
24.0015
24.0015
24.0015
24.0015
24.0015
24.0015
24.0015
24.0014
24.0014
24.0014
24.0014
24.0014
24.0014
24.0014
24.0014
24.0014
24.0014
24.0014
24.0014
24.0014
24.0014
24.0014
24.0014
24.0014
24.0014
24.0014
24.0014
24.0014
24.0014
24.0014
24.0014
24.0014
24.0014
24.0014
24.0014
24.0014
24.0014
24.0014
24.0015
24.0015
24.0015
24.0015
24.0015
24.0015
24.0015
24.0015
24.0015
24.0015
24.0015
24.0015
24.0015
24.0015
24.0015
24.0015
24.0015
24.0015
24.0016
24.0016
24.0016
24.0016
24.0016
24.0016
24.0016
24.0016
24.0016
24.0016
24.0016
24.0016
24.0016
24.0016
24.0016
24.0017
24.0017
24.0017
24.0017
24.0017
24.0017
24.0017
24.0017
24.0017
24.0017
24.0017
24.0017
24.0017
24.0017
24.0017
24.0017
24.0018
24.0018
24.0018
24.0018
24.0018
24.0018
24.0018
24.0018
23.5209
23.2759
23.1318
23.0423
22.9823
22.9389
22.9049
22.8767
22.8521
22.8299
22.8160
22.8049
22.7942
22.7928
22.7976
22.8063
22.8174
22.8301
22.8436
22.8573
22.8711
22.8849
22.8986
22.9122
22.9305
22.9445
22.9600
22.9750
22.9910
23.0053
23.0212
23.7424
23.9880
24.0001
24.0009
24.0010
24.0011
24.0012
24.0013
24.0014
24.0015
24.0015
24.0015
24.0016
24.0016
24.0016
24.0017
24.0017
24.0016
24.0016
24.0016
24.0016
24.0016
24.0016
24.0016
24.0017
24.0017
24.0017
24.0018
24.0018
24.0018
24.0018
24.0018
24.0017
24.0017
24.0017
24.0017
24.0017
24.0016
24.0016
24.0016
24.0015
24.0015
24.0015
24.0015
24.0014
24.0014
24.0013
24.0012
24.0012
24.0013
24.0013
24.0013
24.0013
24.0013
24.0013
24.0013
24.0013
24.0013
24.0013
24.0013
24.0013
24.0013
24.0013
24.0013
24.0013
24.0014
24.0013
24.0014
24.0014
24.0015
24.0015
24.0016
24.0015
24.0015
24.0015
24.0014
24.0014
24.0014
24.0013
24.0012
24.0012
24.0011
24.0011
24.0011
24.0011
24.0010
24.0009
24.0009
24.0008
24.0009
24.0009
24.0010
24.0010
24.0010
24.0010
24.0010
24.0010
24.0010
24.0010
24.0010
24.0010
24.0010
24.0009
24.0009
24.0008
24.0009
24.0009
24.0009
24.0009
24.0009
24.0009
24.0009
24.0009
24.0007
24.0006
24.0005
24.0005
24.0004
24.0004
24.0004
24.0004
24.0004
24.0004
24.0004
24.0004
24.0004
24.0004
24.0004
24.0004
24.0004
24.0004
24.0004
24.0004
24.0004
24.0004
24.0004
24.0004
24.0004
24.0004
24.0004
24.0004
24.0004
24.0004
24.0004
24.0004
24.0004
24.0004
24.0004
24.0004
24.0004
24.0004
24.0004
24.0004
24.0004
24.0004
24.0004
24.0004
24.0005
24.0005
24.0005
24.0005
24.0005
24.0005
24.0005
24.0005
24.0005
24.0005
24.0005
24.0005
24.0005
24.0005
24.0005
24.0005
24.0232
24.0329
24.0345
24.0318
24.0266
24.0201
24.0127
24.0048
23.9966
23.9882
23.9798
23.9712
23.9619
23.9520
23.9416
23.9309
23.9200
23.9090
23.8979
23.8867
23.8754
23.8642
23.8529
