12.8008
12.8008
12.8000
12.8007
12.8004
12.8012
12.8012
12.8012
12.8011
12.8011
12.8011
12.8011
12.8011
12.8011
12.8011
12.8011
12.8011
12.8011
12.8011
12.8010
12.8010
12.8010
12.8010
12.8010
12.8010
12.8010
12.8010
12.8010
12.8010
12.8010
12.8010
12.8010
12.8010
12.8010
12.8010
12.8010
12.8010
12.8010
12.8010
12.8010
12.8010
12.8010
12.8010
12.8010
12.8010
12.8010
12.8010
12.8010
12.8010
12.8010
12.8001
12.8002
12.8002
12.8002
12.8003
12.8003
12.8003
12.8003
12.8004
12.8004
12.8004
12.8584
12.7771
12.7989
12.7991
12.7994
12.7996
12.7997
12.7998
12.7999
12.8000
12.8001
12.8001
12.8501
12.7816
12.7992
12.7995
12.7998
12.7999
12.8001
12.8001
12.8002
12.8003
12.8003
12.8003
12.8919
12.8074
12.7953
12.7973
12.8005
12.8001
12.8002
12.8266
12.8061
12.8076
12.8038
12.8019
12.8023
12.8152
12.8004
12.8017
12.8019
12.8015
12.7936
12.8018
12.8089
12.8011
12.8020
12.8013
12.7984
12.8014
12.8011
12.8019
12.8018
12.8012
12.8018
12.8018
12.8018
12.8008
12.8020
12.8019
12.8011
12.8050
12.7998
12.7950
12.8025
12.8021
12.8025
12.8027
12.8014
12.8021
12.8008
12.8015
12.8014
12.8014
12.8014
12.7888
12.8004
12.8136
12.7988
12.7990
12.8006
12.8007
12.8051
12.8020
12.7980
12.8042
12.8067
12.8010
12.8013
12.8012
12.8019
12.8014
12.8015
12.8016
12.8011
12.8018
12.8018
12.8006
12.8022
12.8039
12.8025
12.8021
12.8012
12.8017
12.8022
12.8021
12.8020
12.8014
12.8012
12.8020
12.8015
12.8008
12.8008
12.8007
12.8008
12.7990
12.8008
12.8005
12.8005
12.8005
12.8001
12.8003
12.7997
12.8001
12.8001
12.8007
12.8003
12.8012
12.8006
12.7997
12.8007
12.8006
12.8002
12.7992
12.8002
12.8001
12.7996
12.8002
12.7996
12.7994
12.7993
12.7992
12.7992
12.7907
12.7987
12.7911
12.7992
12.7987
12.7917
12.7994
12.7994
12.7583
12.7996
12.7982
12.7854
12.7991
12.7946
12.7933
12.7990
12.7989
12.7990
12.7991
12.7993
12.7994
12.7995
12.7996
12.7998
12.7998
12.8000
12.8000
12.8001
12.8001
12.8001
12.8002
12.8002
12.8002
12.7994
12.7995
12.7996
12.7997
12.7997
12.8000
12.7997
12.7998
12.7999
12.8000
12.8000
12.8000
12.8000
12.8001
12.8001
12.8002
12.8004
12.7981
12.8007
12.8005
12.8006
12.8006
12.7998
12.7999
12.8000
12.8001
12.8001
12.8002
12.6804
12.8099
12.8003
12.8007
12.8005
12.8004
12.8014
12.8030
12.8023
12.8015
12.8015
12.8015
12.8014
12.8014
12.8014
12.8014
12.8014
12.8013
12.8013
12.8013
12.8013
12.8013
12.8013
12.8013
12.8013
12.8003
12.8013
12.8013
12.8012
12.8012
12.8012
12.8012
12.8012
12.8012
12.8012
12.8012
12.8012
12.8012
12.8012
12.8012
12.8012
12.8012
12.8012
12.8012
12.8012
12.8011
12.8011
12.8011
12.8011
12.8011
12.8011
12.8011
12.8011
12.8011
12.8011
12.8011
12.8011
12.8011
12.8011
12.8011
12.8011
12.8011
12.8011
12.8011
12.8011
12.8011
12.8011
12.8011
12.8011
12.8011
12.8011
12.8011
12.8011
12.8011
12.8011
12.8011
12.8011
12.8011
12.8011
12.8011
12.8011
12.8011
12.8011
12.8011
12.8580
12.7784
12.7997
12.7991
12.7995
12.7997
12.7999
12.8000
12.8001
12.8002
12.8003
12.8003
12.8497
12.7817
12.7991
12.7994
12.7996
12.7998
12.7998
12.7999
12.7999
12.7999
12.7999
12.7999
12.8871
12.8087
12.7956
12.7965
12.8000
12.7996
12.8001
12.8003
12.8120
12.8048
12.8269
12.8021
12.8137
12.8050
12.8025
12.8031
12.8035
12.8023
12.8014
12.8037
12.8016
12.8018
12.8017
12.8016
12.8016
12.8015
12.8015
12.8015
12.8014
12.8014
12.8011
12.8019
12.8017
12.8017
12.8010
12.8016
12.7953
12.7961
12.8022
12.7812
12.8016
12.8002
12.8006
12.8214
12.8012
12.8021
12.8019
12.8019
12.8014
12.8014
12.8013
12.8013
12.8007
12.8013
12.8011
12.8017
12.8010
12.8010
12.8010
12.8009
12.8059
12.8044
12.8010
12.8011
12.8011
12.8011
12.8019
12.8002
12.8016
12.8015
12.8010
12.8016
12.7642
12.7926
12.8002
12.7974
12.8020
12.8024
12.8017
12.8022
12.8050
12.8023
12.8018
12.8018
12.8017
12.8011
12.8023
12.8016
12.8016
12.8010
12.8016
12.7960
12.8014
12.8012
12.8012
12.8012
12.8012
12.8012
12.8010
12.8010
12.8007
12.8008
12.8008
12.8051
12.8008
12.8008
12.8001
12.8013
12.8005
12.7962
12.8004
12.8057
12.7994
12.8005
12.8002
12.8001
12.8000
12.7999
12.7999
12.7998
12.8593
12.7838
12.7994
12.7940
12.7917
12.7982
12.7964
12.7769
12.7984
12.7927
12.7846
12.7979
12.7978
12.7795
12.7985
12.7981
12.7983
12.7985
12.7990
12.7992
12.7993
12.7994
12.7995
12.7988
12.7989
12.7990
12.7991
12.7993
12.7994
12.7993
12.7994
12.7996
12.7996
12.7997
12.7997
12.7998
12.8000
12.8000
12.8001
12.8001
12.8002
12.8002
12.8002
12.8003
12.8003
12.8002
12.8003
12.8003
12.8003
12.7981
12.8006
12.8004
12.8005
12.8005
12.8005
12.8005
12.8005
12.8006
12.8005
12.8005
12.6727
12.8109
12.8010
12.8015
12.8014
12.8013
12.8022
12.8035
12.8016
12.8016
12.8015
12.8015
12.8014
12.8014
12.8014
12.8014
12.8014
12.8014
12.8013
12.8013
12.8013
12.8013
12.8013
12.8013
12.8013
12.8003
12.8013
12.8013
12.8013
12.8013
12.8013
12.8013
12.8013
12.8012
12.8012
12.8012
12.8012
12.8012
12.8012
12.8012
12.8012
12.8012
12.8012
12.8012
12.8012
12.8012
12.8012
12.8012
12.8012
12.8012
12.8012
12.8012
12.8012
12.8012
12.8012
12.8012
12.8012
12.8012
12.8012
12.8011
12.8011
12.8011
12.8011
12.8011
12.8011
12.8011
12.8011
12.8011
12.8011
12.8011
12.8011
12.8011
12.8011
12.8011
12.8011
12.8011
12.8011
12.8011
12.8011
12.8011
12.8011
12.8011
12.8011
12.8011
12.8828
12.7745
12.7992
12.7994
12.7997
12.7998
12.8000
12.8000
12.8001
12.8002
12.8002
12.8003
12.8518
12.7812
12.7992
12.7995
12.7998
12.7999
12.8000
12.8001
12.8001
12.8001
12.8002
12.8002
12.8860
12.8245
12.7980
12.7982
12.7998
12.7998
12.8054
12.8099
12.8013
12.8010
12.8047
12.8016
12.8118
12.8059
12.7979
12.7988
12.8005
12.8046
12.8020
12.8007
12.8018
12.7991
12.8075
12.8016
12.8013
12.8027
12.8016
12.8011
12.8017
12.8020
12.8012
12.8010
12.8016
12.7999
12.8007
12.8008
12.8008
12.8008
12.8003
12.8013
12.8013
12.8016
12.8002
12.8015
12.8009
12.8016
12.8016
12.8016
12.8016
12.8016
12.8017
12.8017
12.8011
12.7927
12.8003
12.8085
12.8007
12.8010
12.8009
12.8008
12.9130
12.7978
12.8003
12.7996
12.7995
12.8001
12.8002
12.8014
12.7998
12.8005
12.7999
12.8004
12.8011
12.7933
12.8070
12.8012
12.8017
12.8006
12.8007
12.8007
12.8013
12.7999
12.7999
12.7987
12.7991
12.7932
12.7994
12.7996
12.7997
12.7998
12.8002
12.7999
12.8005
12.8005
12.7963
12.8003
12.8004
12.8010
12.8004
12.8004
12.8004
12.8004
12.8001
12.8000
12.8000
12.7999
12.7999
12.7998
12.7997
12.7997
12.7996
12.7996
12.7996
12.7995
12.7991
12.7988
12.7988
12.7982
12.7981
12.7985
12.7983
12.7882
12.7975
12.7969
12.7783
12.7968
12.7973
12.7774
12.7968
12.7971
12.8013
12.7980
12.7978
12.7804
12.7971
12.7974
12.7975
12.7975
12.7982
12.7984
12.7985
12.7986
12.7986
12.7987
12.7987
12.7978
12.7980
12.7981
12.7982
12.7983
12.7983
12.7983
12.7984
12.7984
12.7985
12.7985
12.7986
12.7987
12.7987
12.7988
12.7988
12.7989
12.7989
12.7989
12.7989
12.7989
12.7990
12.7990
12.7990
12.7972
12.7992
12.7990
12.7990
12.7990
12.7990
12.7991
12.7991
12.7991
12.7991
12.7991
12.6797
12.8029
12.8005
12.8005
12.8005
12.8004
12.8000
12.8021
12.8007
12.8005
12.8005
12.8005
12.8005
12.8005
12.8005
12.8005
12.8005
12.8005
12.8005
12.8005
12.7997
12.7997
12.7997
12.8005
12.8003
12.7999
12.8006
12.8006
12.8005
12.8005
12.8005
12.8005
12.8005
12.8005
12.8005
12.8005
12.8005
12.8005
12.8005
12.8005
12.8005
12.8005
12.8005
12.8005
12.8005
12.8005
12.8005
12.8005
12.8005
12.8005
12.8005
12.8005
12.8004
12.8004
12.8004
12.8004
12.8004
12.8004
12.8004
12.8004
12.8004
12.8005
12.8005
12.8005
12.8005
12.8005
12.8005
12.8005
12.8005
12.8005
12.8005
12.8005
12.8005
12.8005
12.8005
12.8005
12.8005
12.8005
12.8005
12.8005
12.8005
12.8005
12.8005
12.8005
12.8586
12.7800
12.7963
12.7978
12.7981
12.7983
12.7985
12.7986
12.7987
12.7988
12.7988
12.8005
12.8479
12.7835
12.7971
12.7983
12.7986
12.7987
12.7988
12.7989
12.7990
12.7991
12.7991
12.7991
12.8881
12.7868
12.7978
12.7956
12.8153
12.8086
12.7841
12.8432
12.8017
12.8011
12.8003
12.8008
12.8096
12.8020
12.8013
12.8002
12.8004
12.8014
12.8001
12.8017
12.8005
12.8005
12.8010
12.8004
12.8002
12.7997
12.8003
12.8003
12.8003
12.7997
12.8010
12.8006
12.8006
12.8001
12.8006
12.8006
12.8006
12.8006
12.8012
12.8001
12.7631
12.7799
12.7836
12.7899
12.7932
12.7959
12.7965
12.7984
12.7989
12.8001
12.7999
12.8008
12.7997
12.8005
12.7948
12.8008
12.8005
12.8005
12.8005
12.7999
12.8012
12.7861
12.8007
12.8001
12.8002
12.8010
12.8010
12.8006
12.8013
12.8013
12.8148
12.8011
12.8018
12.8010
12.8055
12.8026
12.8027
12.8014
12.8011
12.8006
12.7998
12.8000
12.8012
12.8004
12.8004
12.8005
12.8011
12.8008
12.8008
12.8008
12.8009
12.8009
12.8013
12.8010
12.8010
12.8010
12.8010
12.8010
12.8010
12.8019
12.8009
12.8010
12.8006
12.8004
12.8002
12.8002
12.8001
12.8003
12.8000
12.7999
12.7989
12.7998
12.7995
12.7996
12.7996
12.7996
12.7996
12.7989
12.7995
12.7995
12.7924
12.7965
12.7972
12.7987
12.7924
12.7986
12.7990
12.7799
12.7987
12.7942
12.7984
12.7984
18.3659
18.3906
18.4123
18.4328
18.4522
18.4708
18.4887
18.5060
18.5227
18.5390
18.5548
18.5704
18.5857
18.6008
18.6158
18.6308
18.6459
18.6611
18.6764
18.6918
18.7074
18.7230
18.7388
18.7547
18.7706
18.7867
18.8028
18.8191
18.8353
18.8515
18.8678
18.8842
18.9005
18.9168
18.9333
18.9498
18.9664
18.9832
18.9999
19.0168
19.0337
19.0509
19.0683
19.0857
19.1034
19.1212
19.1391
19.1570
19.1760
19.1948
19.2160
19.2388
19.2621
19.2856
19.3089
19.3321
19.3551
19.3779
19.4004
19.4227
19.4447
19.4665
19.4880
19.5093
19.5303
19.5511
19.5716
19.5918
19.6117
19.6315
19.6510
19.6702
19.6893
19.7081
19.7267
19.7450
19.7631
19.7813
19.7991
19.8167
19.8343
19.8517
19.8689
19.8861
19.9031
19.9196
19.9361
19.9525
19.9689
19.9852
20.0019
20.0179
20.0341
20.0503
20.0659
20.0815
20.0970
20.1124
20.1277
20.1430
20.1581
20.1731
20.1880
20.2033
20.2182
20.2330
20.2476
20.2618
20.2760
20.2901
20.3041
20.3180
20.3318
20.3455
20.3592
20.3727
20.3865
20.4001
20.4135
20.4267
20.4397
20.4525
20.4653
20.4780
20.4907
20.5032
20.5157
20.5280
20.5403
20.5528
20.5650
20.5771
20.5891
20.6011
20.6130
20.6247
20.6364
20.6481
20.6597
20.6712
20.6825
20.6938
20.7047
20.7143
20.7218
20.7279
20.7322
20.7355
20.7381
20.7403
20.7424
20.7446
20.7468
20.7489
20.7511
20.7532
20.7536
20.7563
20.7588
20.7610
20.7631
20.7650
20.7668
20.7685
20.7702
20.7717
20.7731
20.7745
20.7757
20.7768
20.7777
20.7785
20.7791
20.7795
20.7796
20.7796
20.7794
20.7790
20.7783
20.7775
20.7764
20.7751
20.7736
20.7718
20.7698
20.7675
20.7649
20.7621
20.7590
20.7556
20.7519
20.7480
20.7437
20.7392
20.7344
20.7295
20.7244
20.7188
20.7131
20.7069
20.7005
20.6940
20.6872
20.6802
20.6731
20.6657
20.6582
20.6505
20.6427
20.6348
20.6267
20.6184
20.6101
20.6018
20.5933
20.5846
20.5756
20.5663
20.5570
20.5477
20.5384
20.5291
20.5195
20.5098
20.4999
20.4896
20.4792
20.4686
20.4579
20.4469
20.4358
20.4245
20.4129
20.4010
20.3889
20.3765
20.3638
20.3509
20.3377
20.3243
20.3106
20.2966
20.2825
20.2682
20.2535
20.2386
20.2234
20.2080
20.1923
20.1765
20.1604
20.1441
20.1276
20.1109
20.0940
20.0769
20.0598
20.0424
20.0250
20.0074
19.9897
19.9719
19.9540
19.9360
19.9179
19.8998
19.8817
19.8636
19.8454
19.8273
19.8092
19.7912
19.7733
19.7556
19.7380
19.7205
19.7044
19.6868
19.6697
19.6530
19.6367
19.6209
19.6055
19.5905
19.5760
19.5620
19.5485
19.5355
19.5230
19.5115
19.5021
19.4943
19.4877
19.4820
19.4769
19.4725
19.4686
19.4654
19.4627
19.4606
19.4590
19.4580
19.4576
19.4578
19.4585
19.4598
19.4616
19.4640
19.4669
19.4703
19.4742
19.4787
19.4834
19.4885
19.4941
19.5005
19.5071
19.5138
19.5209
19.5281
19.5357
19.5434
19.5514
19.5596
19.5680
19.5767
19.5855
19.5945
19.6040
19.6134
19.6230
19.6327
19.6427
19.6528
19.6631
19.6736
19.6841
19.6949
19.7057
19.7167
19.7277
19.7391
19.7503
19.7616
19.7731
19.7846
19.7962
19.8078
19.8195
19.8313
19.8431
19.8550
19.8670
19.8791
19.8914
19.9035
19.9158
19.9281
19.9404
19.9528
19.9653
19.9777
19.9903
20.0028
20.0154
20.0277
20.0400
20.0529
20.0656
20.0779
20.0903
20.1027
20.1151
20.1275
20.1400
20.1524
20.1649
20.1773
20.1898
20.2022
20.2151
20.2278
20.2401
20.2524
20.2647
20.2771
20.2894
20.3017
20.3140
20.3263
20.3386
20.3508
20.3631
20.3757
20.3881
20.4001
20.4121
20.4241
20.4361
20.4481
20.4601
20.4721
20.4840
20.4959
20.5077
20.5195
20.5317
20.5437
20.5553
20.5669
20.5785
20.5901
20.6017
20.6133
20.6248
20.6363
20.6477
20.6591
20.6705
20.6822
20.6937
20.7053
20.7167
20.7280
20.7392
20.7504
20.7614
20.7724
20.7833
20.7940
20.8043
20.8131
20.8199
20.8251
20.8292
20.8327
20.8359
20.8391
20.8424
20.8459
20.8495
20.8531
20.8567
20.8602
20.8636
20.8669
20.8699
20.8727
20.8752
20.8774
20.8793
20.8809
20.8821
20.8831
20.8838
20.8842
20.8844
20.8844
20.8840
20.8834
20.8826
20.8814
20.8800
20.8783
20.8763
20.8740
20.8714
20.8684
20.8652
20.8616
20.8576
20.8532
20.8485
20.8435
20.8381
20.8323
20.8261
20.8194
20.8123
20.8047
20.7967
20.7882
20.7793
20.7699
20.7599
20.7496
20.7389
20.7277
20.7161
20.7039
20.6915
20.6785
20.6652
20.6514
20.6373
20.6229
20.6082
20.5931
20.5780
20.5628
20.5472
20.5315
20.5156
20.4995
20.4831
20.4664
20.4495
20.4322
20.4148
20.3971
20.3788
20.3604
20.3419
20.3231
20.3042
20.2851
20.2659
20.2462
20.2266
20.2069
20.1870
20.1669
20.1468
20.1265
20.1064
20.0863
20.0660
20.0457
20.0253
20.0048
19.9844
19.9639
19.9435
19.9231
19.9028
19.8825
19.8622
19.8422
19.8224
19.8027
19.7833
19.7640
19.7448
19.7260
19.7075
19.6892
19.6713
19.6539
19.6366
19.6195
19.6031
19.5872
19.5717
19.5568
19.5424
19.5284
19.5150
19.5022
19.4899
19.4781
19.4669
19.4562
19.4459
19.4362
19.4270
19.4183
19.4102
19.4027
19.3959
19.3897
19.3841
19.3792
19.3749
19.3713
19.3682
19.3658
19.3639
19.3626
19.3619
19.3618
19.3622
19.3632
19.3647
19.3666
19.3691
19.3720
19.3755
19.3794
19.3839
19.3887
19.3940
19.3998
19.4062
19.4131
19.4204
19.4283
19.4366
19.4454
19.4546
19.4643
19.4744
19.4850
19.4958
19.5067
19.5178
19.5290
19.5404
19.5519
19.5635
19.5752
19.5871
19.5991
19.6112
19.6235
19.6360
19.6485
19.6610
19.6738
19.6866
19.6995
19.7125
19.7256
19.7388
19.7521
19.7655
19.7790
19.7925
19.8063
19.8200
19.8337
19.8475
19.8614
19.8753
19.8893
19.9033
19.9173
19.9314
19.9456
19.9598
19.9741
19.9887
20.0032
20.0178
20.0326
20.0474
20.0623
20.0773
20.0924
20.1075
20.1227
20.1380
20.1534
20.1688
20.1843
20.1997
20.2151
20.2305
20.2460
20.2616
20.2771
20.2927
20.3084
20.3241
20.3399
20.3555
20.3712
20.3871
20.4028
20.4186
20.4344
20.4502
20.4660
20.4819
20.4978
20.5137
20.5295
20.5453
20.5611
20.5770
20.5929
20.6087
20.6245
20.6403
20.6560
20.6717
20.6874
20.7031
20.7188
20.7345
20.7501
20.7659
20.7817
20.7975
20.8131
20.8288
20.8445
20.8602
20.8759
20.8915
20.9072
20.9229
20.9386
20.9543
20.9700
20.9857
21.0015
21.0172
21.0329
12.4478
12.7953
12.7815
12.7926
12.7943
12.7947
12.7969
12.7983
12.8000
12.8000
12.8004
12.8007
12.8361
12.7870
12.8005
12.8005
12.8006
12.8007
12.8007
12.8006
12.8006
12.8006
12.8006
12.8014
12.8950
12.7780
12.7936
12.7993
12.8190
12.8001
12.7822
12.8428
12.8067
12.8079
12.8037
12.8021
12.8028
12.8182
12.8017
12.8025
12.8043
12.8029
12.8024
12.8042
12.8021
12.8025
12.8025
12.8023
12.8029
12.8030
12.8024
12.8018
12.8027
12.8020
12.8019
12.8014
12.8018
12.8016
12.8015
12.8017
12.8011
12.7979
12.8021
12.8012
12.8048
12.8014
12.8016
12.8023
12.8018
12.8020
12.8018
12.8017
12.8015
12.8022
12.8013
12.8013
12.8017
12.8013
12.8005
12.8004
12.8006
12.8009
12.7961
12.8008
12.8006
12.7994
12.8007
12.8006
12.8000
12.8007
12.8007
12.7994
12.8006
12.8009
12.8003
12.8010
12.8016
12.8059
12.8014
12.7895
12.7991
12.8077
12.8007
12.8020
12.8015
12.8023
12.8030
12.8019
12.8013
12.8038
12.8020
12.8016
12.8016
12.8016
12.8008
12.7965
12.8003
12.8000
12.7999
12.7997
12.8006
12.7995
12.7994
12.7993
12.7993
12.7992
12.7994
12.7996
12.7999
12.7989
12.8000
12.7999
12.8000
12.8000
12.8000
12.8000
12.7994
12.8000
12.7999
12.7993
12.7999
12.7998
12.7998
12.8003
12.7998
12.7808
12.7999
12.7992
12.7987
12.7997
12.7992
12.7915
12.7990
12.7988
12.7778
12.7990
12.8057
12.7671
12.7993
12.7985
12.7989
12.7989
12.7993
12.7996
12.7997
12.7997
12.7998
12.7998
12.7998
12.7995
12.7999
12.8000
12.8000
12.7993
12.7994
12.7995
12.7995
12.7996
12.7996
12.7996
12.7997
12.7997
12.7998
12.7998
12.7998
12.7999
12.7999
12.7999
12.7999
12.7999
12.8000
12.8000
12.8001
12.7986
12.8005
12.8002
12.8002
12.8002
12.8002
12.8002
12.8002
12.8002
12.8002
12.8002
12.6649
12.8108
12.8012
12.8016
12.8011
12.8020
12.8036
12.8012
12.8012
12.8012
12.8012
12.8011
12.8011
12.8011
12.8010
12.8010
12.8010
12.8010
12.8010
12.8010
12.8011
12.8012
12.8010
12.8010
13.1971
12.8034
12.7995
12.7994
12.7993
12.7992
12.7992
12.7991
12.7991
12.7991
12.7990
12.7990
12.7997
12.7997
12.7997
12.7997
12.7997
12.7997
12.7997
12.7997
12.7997
12.7997
12.7997
12.7997
12.7990
12.7990
12.7990
12.7990
12.7990
12.7990
12.7990
12.7990
12.7990
12.7991
12.7991
12.7991
12.7991
12.7991
12.7991
12.7991
12.7991
12.7991
12.7991
12.7991
12.7991
12.7991
12.7991
12.7991
12.7991
12.7991
12.7992
12.7992
12.7992
12.7992
12.7992
12.7992
12.7992
12.7992
12.7992
12.7992
12.7992
12.7993
12.7993
12.7993
12.7994
12.7994
12.7994
12.7994
12.7994
12.7994
12.7994
12.7994
12.7994
12.7993
12.7993
12.7993
12.7992
12.7992
12.7992
12.7991
12.7991
12.7991
12.7991
12.7991
36.5588
36.6121
39.9741
39.9779
39.9826
39.9855
39.9883
39.9901
39.9921
39.9937
39.9953
39.9969
39.9983
18.8872
16.7576
13.9014
12.8013
12.8009
12.8010
12.8013
12.8013
12.8014
12.8014
12.8015
12.8016
12.8016
12.8011
12.8008
12.8008
12.8008
12.8008
12.8008
12.8009
12.8009
12.8009
12.8006
12.8006
12.8011
12.8008
12.8009
12.8009
12.8009
12.8009
12.8009
12.8009
12.8009
12.8009
12.8009
12.8009
12.8009
12.8009
12.8009
12.8009
12.8009
30.1994
12.3835
12.8180
12.8094
12.8051
12.8029
12.8018
12.8018
30.3207
12.3347
12.8236
12.8097
12.8055
30.4933
12.3861
12.8226
12.8103
12.8054
12.8033
30.4567
12.2806
12.8190
12.8106
12.8051
12.8022
12.7932
12.7983
12.7997
12.8003
30.3893
12.3345
12.8108
12.8105
12.8058
12.8034
12.8023
12.8018
12.8000
12.8013
12.8015
30.4822
12.2968
12.8000
12.8100
12.8059
12.8038
30.6066
12.3056
12.7955
12.8099
12.8061
12.8037
12.8027
12.8021
12.8019
30.5129
12.3146
12.7931
12.8108
12.8061
12.8036
12.8026
30.5654
12.3221
12.7889
12.8108
12.8026
12.8002
12.8025
12.8018
12.8016
12.8012
30.4660
12.3176
12.7979
31.3425
12.4517
12.8077
12.8115
12.8053
12.8033
12.8019
30.3377
12.3325
12.8149
12.8102
12.8053
12.8028
12.8017
12.8011
12.8017
12.8007
12.8015
12.8015
12.8016
30.1688
12.3304
12.8154
31.0855
12.3329
12.8130
12.8106
30.6855
12.3332
12.8143
12.8102
12.8052
12.8035
12.8022
12.8016
12.8013
12.8012
12.8012
12.8012
12.8012
30.1416
12.3284
12.8170
12.8095
12.8049
12.8026
12.8024
12.8018
30.1768
12.3286
12.8170
13.2254
12.8991
12.8894
12.8316
12.7997
12.7995
12.7994
12.7993
12.7992
12.7999
12.7999
12.7998
12.7998
12.7998
12.7998
12.7998
12.7998
12.7998
12.7998
12.7998
12.7998
12.7998
12.7998
12.7998
12.7997
12.7997
12.7997
12.7997
12.7998
12.7998
12.7999
12.8000
12.8000
12.8001
12.8001
12.7996
12.7996
12.7996
12.7996
12.7996
12.7996
12.7996
12.7997
12.7997
12.7997
12.7997
12.7997
12.7997
12.7997
12.7997
12.7997
12.7997
12.7997
12.7997
12.7997
12.7997
12.7997
12.7997
12.7997
12.7997
12.7997
12.7997
12.7997
12.7997
12.7997
12.7997
12.7997
12.7997
12.7997
12.7997
12.7997
12.7990
12.7990
12.7990
12.7990
12.7990
12.7990
12.7990
12.7990
12.7991
12.7991
12.7991
12.7991
12.7991
12.7991
12.7992
12.7992
12.7992
12.7992
12.7992
12.7992
12.7993
12.7993
12.7993
12.7993
12.7993
12.7993
12.7992
12.7992
12.7991
12.7991
12.7991
12.7990
12.7990
12.7997
12.7997
12.7997
12.7997
36.5531
39.9740
39.9729
39.9740
39.9745
39.9748
39.9751
39.9755
38.9424
37.9742
37.0880
36.2711
35.5149
12.8032
12.8021
12.8019
12.8019
12.8011
12.8010
12.8010
12.8010
12.8010
12.8010
12.8010
12.8010
12.8010
12.8010
12.8009
12.8009
12.8009
12.8009
12.8009
12.8009
12.8009
12.8009
12.8009
12.8009
12.8009
12.8009
12.8009
12.8012
12.8012
12.8007
12.8010
12.8010
30.2454
12.3809
12.8227
12.8094
12.8068
12.8033
12.8023
12.8019
12.8016
12.8016
30.3147
12.3914
12.8191
12.8097
30.8167
12.3986
12.8157
12.8106
12.8059
12.8035
12.8022
12.8016
12.8013
12.8010
12.8012
30.4265
12.3527
12.8044
12.8102
12.8064
12.8011
12.7988
12.8001
12.8007
12.7933
12.8022
12.8020
12.8024
12.8022
12.8023
12.7991
12.8019
12.8020
12.8021
12.8017
12.8019
12.8001
12.8018
12.8020
12.8017
12.8019
12.8016
12.8034
12.8022
12.8013
12.8028
12.8026
12.8021
12.8020
12.8019
12.8017
12.8015
12.8010
12.8014
12.8031
12.8013
12.8031
12.8000
12.8015
12.8016
12.8014
12.8015
12.8017
12.8013
12.8014
12.8016
12.7941
12.8015
12.8009
12.8014
12.7982
12.8014
12.8002
12.8014
12.8016
12.8010
12.8012
12.8011
12.8038
12.8018
12.8016
12.8014
12.8013
12.8012
12.8011
12.8011
12.8010
12.8011
12.8011
12.8010
12.8000
12.8009
12.8009
12.8009
12.8009
12.8009
12.8009
12.8009
12.8009
12.8009
12.8009
12.8008
12.8011
12.8008
12.8008
12.8008
12.8008
12.8008
12.8008
12.8009
12.8008
12.8008
12.8008
12.8008
12.7994
12.8008
12.8008
12.8008
12.8008
12.8008
12.8008
12.8008
12.8008
12.8008
12.8008
13.2233
12.8968
12.8880
12.8202
12.7997
12.7996
12.7995
12.7994
12.7995
12.7993
12.7999
12.7999
12.7998
12.7998
12.7998
12.7998
12.7998
12.7997
12.7997
12.7997
12.7997
12.7997
12.7997
12.7997
12.4875
12.8213
12.7870
12.7900
12.7929
12.7950
12.7969
12.7978
12.7986
12.7992
12.7996
12.7999
12.8001
12.8002
12.7996
12.7997
12.7997
12.7998
12.7998
12.7999
12.7999
12.7999
12.7999
12.8000
12.8000
12.8000
12.8000
12.8000
12.8000
12.8001
12.8001
12.8001
12.8001
12.8001
12.8001
12.8001
12.8002
12.8002
12.8002
12.8002
12.8002
12.8002
12.8002
12.8002
12.8002
12.8002
12.8003
12.8003
12.8003
12.8003
12.8003
12.8003
12.8003
12.8003
12.8003
12.8003
12.8004
12.8004
12.8004
12.8004
12.8862
12.7770
12.7929
12.7976
12.7982
12.7985
12.7987
12.7989
12.7990
12.7992
12.7993
12.7994
12.8545
12.7868
12.7948
12.7979
12.7983
12.7988
12.8009
12.8000
12.8000
12.8000
12.8001
12.8001
12.8881
12.7708
12.8375
12.7995
12.8019
12.8004
12.7998
12.8079
12.8035
12.8138
12.8033
12.8019
12.8071
12.8119
12.8018
12.8014
12.8015
12.8015
12.8011
12.8027
12.8008
12.8009
12.8008
12.8008
12.8007
12.8007
12.8007
12.8007
12.8006
12.8006
12.8005
12.8005
12.8005
12.8004
12.8004
12.7998
12.9305
12.8027
12.7820
12.7914
12.7961
12.7971
12.7976
12.7982
12.7982
12.7986
12.7995
12.7995
12.7995
12.7995
12.7995
12.7995
12.7995
12.7995
12.7995
12.7995
12.7995
12.7995
12.7994
12.7995
12.7994
12.7994
12.7994
12.8077
12.8002
12.7999
12.7993
12.7992
12.7992
12.7901
12.7994
12.7994
12.7994
12.7993
12.7992
12.7992
12.7975
12.7965
12.7972
12.7981
12.7985
12.7986
12.7920
12.7993
12.7993
12.7993
12.7993
12.7993
12.7993
12.7993
12.7993
12.7993
12.7993
12.7993
12.7993
12.7993
12.7993
12.7993
12.7993
12.7993
12.7993
12.7993
12.7993
12.7993
12.7993
12.7993
12.7993
12.7993
12.7993
12.7993
12.7993
12.7993
12.7993
12.7992
12.7992
12.7992
12.7992
12.7992
12.7992
12.7992
12.7992
12.7993
12.7993
12.7993
12.7993
12.7993
12.7993
12.7993
12.7994
12.8000
12.8000
12.7999
12.7999
12.7999
12.8000
12.8008
12.8013
12.8014
12.8008
12.8005
12.8004
12.8004
12.8004
12.8004
12.8003
12.8006
12.8004
12.8002
12.8002
12.8002
12.8001
12.8001
12.8001
12.8001
12.8001
12.8001
12.7999
12.7999
12.7999
12.7998
12.7998
12.7998
12.7998
12.7998
12.7998
12.7998
12.7998
12.7998
12.7998
12.7998
12.7998
12.7998
12.7998
12.7998
12.7998
12.7998
12.7998
12.7998
12.7998
12.7998
12.8036
12.7999
12.7999
12.7999
12.7999
12.7999
12.7999
12.7999
12.7999
12.5018
12.7663
12.7830
12.7887
12.7926
12.7953
12.7998
12.7992
12.7997
12.8003
12.8003
12.8006
12.8008
12.8009
12.8010
12.8010
12.8001
12.8011
12.8010
12.8010
12.8010
12.8009
12.8010
12.8012
12.8010
12.8010
12.8010
12.8009
12.8009
12.8009
12.8009
12.8009
12.8009
12.8008
12.8008
12.8008
12.8008
12.8008
12.8008
12.8008
12.8008
12.8008
12.8008
12.8008
12.8007
12.8007
12.8007
12.8007
12.8007
12.8007
12.8007
12.8007
12.8007
12.8007
12.8007
12.8007
12.8007
12.8007
12.8007
12.8007
12.8007
12.8007
12.8007
12.8007
12.8007
12.8007
12.8007
12.8007
12.8007
12.8007
12.8007
12.8007
12.8007
12.8007
12.8007
12.8686
12.7750
12.7989
12.7994
12.7997
12.7999
12.8000
12.7994
12.7995
12.7996
12.7997
12.7997
12.8550
12.7802
12.7986
12.7991
12.7993
12.7995
12.7996
12.7997
12.7997
12.7998
12.7999
12.7999
12.9017
12.7809
12.8026
12.8002
12.8188
12.8006
12.7815
12.8195
12.8089
12.8021
12.8019
12.8018
12.8228
12.8183
12.8013
12.8019
12.8022
12.8021
12.8007
12.8022
12.8010
12.8011
12.8014
12.8009
12.8010
12.8004
12.8012
12.8016
12.8009
12.8003
12.8009
12.8015
12.8008
12.8008
12.8009
12.8008
12.8016
12.8009
12.8021
12.8003
12.8010
12.8025
12.8004
12.8031
12.8010
12.8017
12.8005
12.8011
12.8009
12.8008
12.8008
12.8008
12.7996
12.8009
12.8002
12.7966
12.7994
12.8006
12.8053
12.8001
12.8004
12.8011
12.8007
12.8007
12.8007
12.8007
12.8008
12.8021
12.8009
12.8004
12.8011
12.8012
12.8018
12.8005
12.8012
12.7978
12.7996
12.7988
12.7994
12.8004
12.8048
12.8005
12.8014
12.8006
12.8018
12.8027
12.8008
12.8014
12.8009
12.8010
12.8007
12.8006
12.8012
12.8006
12.7997
12.7997
12.7996
12.8005
12.8005
12.8005
12.8005
12.8005
12.8004
12.8004
12.7998
12.8009
12.8003
12.8003
12.8002
12.8002
12.8002
12.8002
12.8002
12.8001
12.7998
12.7991
12.7997
12.7990
12.7996
12.7938
12.7984
12.7815
12.7993
12.7988
12.7938
12.7983
12.7951
12.7622
12.7963
12.7931
12.7976
12.7977
17.8762
17.8998
17.9206
17.9400
17.9584
17.9759
17.9928
18.0092
18.0251
18.0407
18.0560
18.0710
18.0859
18.1007
18.1154
18.1302
18.1450
18.1601
18.1753
18.1907
18.2064
18.2222
18.2383
18.2546
18.2711
18.2877
18.3046
18.3216
18.3386
18.3558
18.3731
18.3906
18.4083
18.4262
18.4441
18.4623
18.4807
18.4992
18.5178
18.5367
18.5557
18.5749
18.5943
18.6140
18.6339
18.6539
18.6739
18.6941
18.7156
18.7365
18.7596
18.7844
18.8101
18.8359
18.8618
18.8877
18.9136
18.9391
18.9647
18.9902
19.0154
19.0407
19.0657
19.0904
19.1150
19.1394
19.1636
19.1875
19.2111
19.2346
19.2577
19.2808
19.3038
19.3264
19.3491
19.3716
19.3939
19.4161
19.4380
19.4599
19.4816
19.5030
19.5244
19.5455
19.5664
19.5873
19.6081
19.6290
19.6497
19.6703
19.6908
19.7112
19.7314
19.7515
19.7715
19.7912
19.8109
19.8305
19.8500
19.8690
19.8884
19.9077
19.9268
19.9457
19.9645
19.9831
20.0015
20.0197
20.0378
20.0557
20.0733
20.0907
20.1081
20.1259
20.1434
20.1608
20.1780
20.1951
20.2120
20.2287
20.2453
20.2618
20.2778
20.2938
20.3098
20.3257
20.3419
20.3578
20.3737
20.3894
20.4049
20.4203
20.4355
20.4508
20.4659
20.4808
20.4957
20.5104
20.5251
20.5396
20.5539
20.5681
20.5821
20.5953
20.6077
20.6191
20.6292
20.6383
20.6464
20.6540
20.6610
20.6677
20.6741
20.6802
20.6860
20.6915
20.6952
20.7007
20.7058
20.7104
20.7146
20.7185
20.7221
20.7253
20.7282
20.7308
20.7331
20.7352
20.7371
20.7387
20.7402
20.7414
20.7424
20.7433
20.7439
20.7444
20.7446
20.7444
20.7440
20.7433
20.7422
20.7408
20.7391
20.7370
20.7345
20.7317
20.7285
20.7249
20.7210
20.7168
20.7123
20.7075
20.7024
20.6970
20.6914
20.6855
20.6795
20.6733
20.6668
20.6600
20.6530
20.6456
20.6380
20.6302
20.6223
20.6142
20.6060
20.5975
20.5890
20.5803
20.5715
20.5625
20.5535
20.5445
20.5355
20.5264
20.5171
20.5078
20.4984
20.4889
20.4795
20.4700
20.4604
20.4506
20.4404
20.4300
20.4195
20.4089
20.3980
20.3869
20.3756
20.3641
20.3524
20.3405
20.3282
20.3156
20.3028
20.2898
20.2765
20.2631
20.2494
20.2355
20.2214
20.2074
20.1932
20.1790
20.1646
20.1502
20.1358
20.1215
20.1072
20.0930
20.0790
20.0651
20.0514
20.0379
20.0245
20.0114
19.9987
19.9861
19.9740
19.9619
19.9499
19.9383
19.9270
19.9157
19.9047
19.8938
19.8830
19.8725
19.8619
19.8515
19.8415
19.8317
19.8222
19.8130
19.8055
19.7964
19.7878
19.7796
19.7718
19.7645
19.7575
19.7510
19.7449
19.7392
19.7339
19.7289
19.7245
19.7207
19.7186
19.7179
19.7180
19.7187
19.7199
19.7215
19.7234
19.7257
19.7284
19.7314
19.7348
19.7387
19.7430
19.7475
19.7525
19.7578
19.7634
19.7693
19.7755
19.7821
19.7890
19.7962
19.8036
19.8113
19.8194
19.8277
19.8360
19.8446
19.8535
19.8624
19.8715
19.8807
19.8900
19.8995
19.9091
19.9189
19.9289
19.9391
19.9494
19.9597
19.9703
19.9810
19.9917
20.0024
20.0133
20.0243
20.0354
20.0466
20.0579
20.0690
20.0806
20.0923
20.1039
20.1158
20.1276
20.1395
20.1514
20.1633
20.1753
20.1873
20.1994
20.2116
20.2236
20.2360
20.2486
20.2610
20.2736
20.2864
20.2991
20.3118
20.3245
20.3374
20.3503
20.3632
20.3759
20.3887
20.4020
20.4153
20.4284
20.4416
20.4549
20.4681
20.4812
20.4944
20.5076
20.5208
20.5338
20.5468
20.5599
20.5735
20.5871
20.6005
20.6140
20.6275
20.6410
20.6543
20.6676
20.6806
20.6935
20.7063
20.7191
20.7318
20.7447
20.7575
20.7700
20.7824
20.7947
20.8069
20.8189
20.8306
20.8422
20.8538
20.8653
20.8767
20.8881
20.8997
20.9111
20.9223
20.9334
20.9445
20.9554
20.9662
20.9767
20.9871
20.9975
21.0079
21.0181
21.0283
21.0387
21.0490
21.0590
21.0691
21.0790
21.0888
21.0986
21.1083
21.1180
21.1276
21.1371
21.1465
21.1556
21.1635
21.1698
21.1749
21.1791
21.1828
21.1860
21.1890
21.1919
21.1947
21.1975
21.2003
21.2029
21.2055
21.2079
21.2101
21.2121
21.2138
21.2152
21.2164
21.2173
21.2178
21.2181
21.2181
21.2178
21.2172
21.2162
21.2149
21.2132
21.2110
21.2084
21.2054
21.2019
21.1981
21.1938
21.1891
21.1841
21.1787
21.1729
21.1669
21.1604
21.1536
21.1465
21.1391
21.1314
21.1235
21.1152
21.1066
21.0977
21.0884
21.0788
21.0689
21.0586
21.0479
21.0369
21.0256
21.0141
21.0022
20.9902
20.9779
20.9653
20.9525
20.9394
20.9261
20.9126
20.8991
20.8853
20.8716
20.8579
20.8441
20.8303
20.8166
20.8028
20.7890
20.7750
20.7609
20.7469
20.7329
20.7189
20.7047
20.6905
20.6763
20.6619
20.6474
20.6329
20.6183
20.6035
20.5883
20.5730
20.5575
20.5417
20.5257
20.5093
20.4926
20.4759
20.4590
20.4419
20.4248
20.4077
20.3904
20.3732
20.3562
20.3393
20.3226
20.3061
20.2897
20.2735
20.2576
20.2420
20.2265
20.2112
20.1963
20.1815
20.1669
20.1525
20.1382
20.1242
20.1104
20.0967
20.0834
20.0706
20.0581
20.0459
20.0342
20.0229
20.0120
20.0015
19.9914
19.9818
19.9727
19.9640
19.9557
19.9478
19.9404
19.9333
19.9266
19.9203
19.9144
19.9089
19.9038
19.8991
19.8947
19.8908
19.8873
19.8843
19.8816
19.8794
19.8777
19.8764
19.8754
19.8749
19.8748
19.8751
19.8758
19.8770
19.8785
19.8803
19.8826
19.8853
19.8882
19.8917
19.8955
19.8996
19.9042
19.9091
19.9143
19.9199
19.9259
19.9321
19.9388
19.9458
19.9531
19.9605
19.9683
19.9762
19.9843
19.9924
20.0009
20.0093
20.0180
20.0268
20.0357
20.0448
20.0541
20.0635
20.0730
20.0826
20.0924
20.1023
20.1121
20.1221
20.1321
20.1423
20.1526
20.1630
20.1732
20.1838
20.1946
20.2053
20.2162
20.2271
20.2381
20.2490
20.2599
20.2710
20.2821
20.2932
20.3042
20.3152
20.3267
20.3383
20.3498
20.3614
20.3730
20.3847
20.3962
20.4078
20.4195
20.4312
20.4431
20.4551
20.4670
20.4790
20.4911
20.5031
20.5152
20.5274
20.5395
20.5516
20.5634
20.5753
20.5872
20.5992
20.6113
20.6233
20.6358
20.6482
20.6605
20.6728
20.6851
20.6974
20.7096
20.7218
20.7340
20.7463
20.7585
20.7705
20.7825
20.7950
20.8076
20.8199
20.8324
20.8448
20.8573
20.8697
20.8821
20.8942
20.9064
20.9186
20.9308
20.9431
20.9557
20.9683
20.9808
20.9932
21.0055
21.0179
21.0301
21.0421
21.0541
21.0662
21.0784
21.0905
21.1027
21.1152
21.1277
21.1401
21.1524
12.5591
12.7879
12.7815
12.7880
12.7918
12.7945
12.7957
12.7971
12.7980
12.7987
12.7991
12.7994
12.7997
12.7998
12.7999
12.8000
12.8000
12.8000
12.8000
12.8000
12.8000
12.8000
12.8000
12.7999
12.8318
12.7822
12.7997
12.8002
12.8186
12.8011
12.7831
12.8368
12.8131
12.8125
12.8039
12.8023
12.8122
12.8048
12.8025
12.8019
12.8018
12.8017
12.8003
12.8032
12.8012
12.8012
12.8012
12.8018
12.8011
12.8023
12.8016
12.8016
12.8022
12.8015
12.8015
12.8009
12.8009
12.8020
12.8013
12.8019
12.8001
12.8019
12.8010
12.7996
12.8025
12.8027
12.7997
12.8031
12.8010
12.8007
12.8014
12.8013
12.8005
12.8017
12.8010
12.7987
12.8003
12.8009
12.8000
12.8011
12.8004
12.8012
12.8007
12.8005
12.8005
12.8004
12.8004
12.7988
12.8010
12.8009
12.8004
12.8000
12.8007
12.7999
12.8006
12.8005
12.8006
12.8007
12.7988
12.8032
12.7999
12.7997
12.8026
12.7963
12.8012
12.8005
12.8012
12.8006
12.8006
12.8005
12.8006
12.8005
12.8005
12.8005
12.8013
12.8002
12.8008
12.8008
12.8008
12.8008
12.8008
12.8008
12.8008
12.8008
12.8008
12.8008
12.8007
12.8007
12.8007
12.8007
12.8007
12.8006
12.8006
12.8006
12.8006
12.8006
12.8005
12.8005
12.7998
12.7995
12.7994
12.7994
12.7993
12.7987
12.7848
12.7847
12.7960
12.7933
12.7977
12.7898
12.7982
12.7589
12.7987
12.7978
12.7983
12.7985
12.7986
12.8052
12.7990
12.7992
12.7992
12.7992
12.7996
12.7997
12.7998
12.7998
12.7998
12.7999
12.7992
12.7991
12.7993
12.7994
12.7994
12.7995
12.7995
12.7996
12.7996
12.7996
12.7997
12.7997
12.7997
12.7998
12.7999
12.7999
12.7999
12.7999
12.8000
12.8000
12.8000
12.8000
12.8000
12.8000
12.8000
12.8000
12.8000
12.8001
12.8001
12.8001
12.8001
12.8001
12.8001
12.8001
12.8001
12.8001
12.7723
12.8020
12.8004
12.8004
12.8004
12.8004
12.8004
12.8004
12.8004
12.8004
12.8004
12.8004
12.8004
12.8004
12.8004
12.8004
12.8004
12.8004
12.8004
12.8005
12.8005
12.8006
12.8006
