0.0988
0.0988
0.0988
0.0988
0.0988
0.0988
0.0988
0.0988
0.0988
0.0988
0.0988
0.0988
0.0988
0.0988
0.0988
0.0988
0.0988
0.0988
0.0988
0.0988
0.0988
0.0988
0.0988
0.0988
0.0988
0.0988
0.0988
0.0988
0.0988
0.0988
0.0988
0.0988
0.0988
0.0988
0.0988
0.0988
0.0988
0.0988
0.0988
0.0988
0.0988
0.0988
0.0988
0.0988
0.0988
0.0988
0.0988
0.0988
0.0988
0.0988
0.0988
0.0988
0.0988
0.0988
0.0988
0.0988
0.0988
0.0988
0.0988
0.0988
0.0988
0.0988
0.0988
0.0988
0.0988
0.0988
0.0988
0.0988
0.0988
0.0988
0.0988
0.0988
0.0988
0.0988
0.0988
0.0988
0.0988
0.0988
0.0988
0.0988
0.0988
0.0988
0.0988
0.0988
0.0988
0.0988
0.0988
0.0988
0.0988
0.0988
0.0988
0.0988
0.0988
0.1025
0.1436
0.1549
0.1596
0.1634
0.1715
0.1745
0.1775
0.1803
0.1829
0.1853
0.1879
0.1904
0.1926
0.1949
0.1970
0.1947
0.1967
0.2032
0.2053
0.2073
0.2092
0.2112
0.2131
0.2151
0.2169
0.2188
0.2207
0.2223
0.2195
0.2164
0.2221
0.2238
0.2253
0.2222
0.2233
0.2245
0.2257
0.2223
0.2233
0.2243
0.2254
0.2264
0.1300
0.1255
0.2211
0.2257
0.2323
0.2341
0.2356
0.2371
0.2383
0.2392
0.2401
0.2409
0.2415
0.2422
0.2430
0.2441
0.2458
0.2479
0.2504
0.2534
0.2567
0.2604
0.2643
0.2694
0.2789
0.2840
0.2892
0.2892
0.2977
0.3017
0.3008
0.3086
0.3118
0.3146
0.3124
0.3147
0.3164
0.3178
0.3188
0.3194
0.3152
0.3151
0.3137
0.3123
0.3109
0.3071
0.3086
0.3060
0.3013
0.2971
0.2911
0.2887
0.2879
0.2874
0.2871
0.2871
0.2871
0.2867
0.2862
0.2858
0.2809
0.2804
0.2846
0.2829
0.2805
0.2778
0.2749
0.2718
0.2683
0.2610
0.2577
0.2547
0.2515
0.2482
0.2462
0.2442
0.2405
0.2391
0.2372
0.1377
0.1305
0.1259
0.1220
0.1187
0.1155
0.1126
0.1098
0.1075
0.1055
0.1036
0.1018
0.1002
0.0988
0.0988
0.0988
0.0988
0.0988
0.0988
0.0988
0.0988
0.0988
0.0988
0.0988
0.0988
0.0988
0.0988
0.0988
0.0988
0.0988
0.0988
0.0988
0.0988
0.0988
0.0988
0.0988
0.0988
0.0988
0.0988
0.0988
0.0988
0.0988
0.0988
0.0988
0.0988
0.0988
0.0988
0.0988
0.0988
0.0988
0.0988
0.0988
0.0988
0.0988
0.0988
0.0988
0.0988
0.0988
0.0988
0.0988
0.0988
0.0988
0.0988
0.0988
0.0988
0.0988
0.0988
0.0988
0.0988
0.0988
0.0988
0.0988
0.0988
0.0988
0.0988
0.0988
0.0988
0.0988
0.0988
0.0988
0.0988
0.0988
0.0988
0.0988
0.0988
0.0988
0.0988
0.0988
0.0988
0.0988
0.0988
0.0988
0.0988
0.0988
0.0988
0.0988
0.0988
0.0988
0.0988
0.0988
0.0988
0.0988
0.0988
0.0988
0.0988
0.0988
0.0988
0.0988
0.0988
0.0988
0.0988
0.0988
0.0988
0.0988
0.0988
0.0988
0.0988
0.0988
0.0988
0.0988
0.0988
0.0988
0.0988
0.0988
0.0988
0.0988
0.0988
0.0988
0.0988
0.0988
0.0988
0.0988
0.0988
0.0988
0.0988
0.0988
0.0988
0.0988
0.0988
0.0988
0.0988
0.0988
0.0988
0.0988
0.0988
0.0988
0.0988
0.0988
0.0988
0.0988
0.0988
0.0988
0.0988
0.0988
0.0988
0.0988
0.0988
0.0988
0.0988
0.0988
0.0988
0.0988
0.0988
0.0988
0.0988
0.0988
0.0988
0.1282
0.1525
0.1581
0.1629
0.1757
0.1797
0.1834
0.1869
0.1902
0.1887
0.1957
0.1982
0.2006
0.2029
0.2007
0.1983
0.2092
0.2115
0.2136
0.2157
0.2177
0.2195
0.2211
0.2226
0.2241
0.2254
0.2267
0.2189
0.2155
0.2210
0.2218
0.2233
0.2243
0.2257
0.2231
0.2286
0.2302
0.2318
0.2334
0.2343
0.2351
0.2359
0.2322
0.2328
0.2379
0.2384
0.2433
0.2437
0.2441
0.2443
0.2445
0.2460
0.2512
0.2472
0.2475
0.2478
0.2481
0.2492
0.2507
0.2527
0.2548
0.2572
0.2597
0.2616
0.2654
0.2730
0.2761
0.2793
0.2825
0.2854
0.2887
0.2920
0.2951
0.2983
0.3015
0.3046
0.3033
0.3063
0.3094
0.3131
0.3165
0.3192
0.3161
0.3179
0.3196
0.3211
0.3225
0.3238
0.3295
0.3306
0.3291
0.3285
0.3286
0.3287
0.3291
0.3290
0.3289
0.3243
0.3285
0.3281
0.3229
0.3222
0.3260
0.3251
0.3241
0.3223
0.3200
0.3175
0.3149
0.3120
0.3089
0.3072
0.2949
0.2906
0.2817
0.2772
0.2730
0.2694
0.2657
0.2630
0.2598
0.1589
0.1501
0.1444
0.1391
0.1348
0.1305
0.1264
0.1225
0.1196
0.1172
0.1151
0.1131
0.1112
0.1094
0.1077
0.1060
0.1045
0.1031
0.1017
0.1004
0.0992
0.0988
0.0988
0.0988
0.0988
0.0988
0.0988
0.0988
0.0988
0.0988
0.0988
0.0988
0.0988
0.0988
0.0988
0.0988
0.0988
0.0988
0.0988
0.0988
0.0988
0.0988
0.0988
0.0988
0.0988
0.0988
0.0988
0.0988
0.0988
0.0988
0.0988
0.0988
0.0988
0.0988
0.0988
0.0988
0.0988
0.0988
0.0988
0.0988
0.0988
0.0988
0.0988
0.0988
0.0988
0.0988
0.0988
0.0988
0.0988
0.0988
0.0988
0.0988
0.0988
0.0988
0.0988
0.0988
0.0988
0.0988
0.0988
0.0988
0.0988
0.0988
0.0988
0.0988
0.0988
0.0988
0.0988
0.0988
0.0988
0.0988
0.0988
0.0988
0.0988
0.0988
0.0988
0.0988
0.0988
0.0988
0.0988
0.0988
0.0988
0.0988
0.0988
0.0988
0.0988
0.0988
0.0988
0.0988
0.0988
0.0988
0.0988
0.0988
0.0988
0.0988
0.0988
0.0988
0.0988
0.0988
0.0988
0.0988
0.0988
0.0988
0.0988
0.0988
0.0988
0.0988
0.0988
0.0988
0.0988
0.0988
0.0988
0.0988
0.0988
0.0988
0.0988
0.0988
0.0988
0.0988
0.0988
0.0988
0.0988
0.0988
0.0988
0.0988
0.0988
0.0988
0.0988
0.0988
0.0988
0.0988
0.0988
0.0988
0.0988
0.0988
0.0988
0.0988
0.0988
0.0988
0.0988
0.0988
0.0988
0.0988
0.0988
0.0988
0.1380
0.1541
0.1590
0.1627
0.1659
0.1733
0.1763
0.1833
0.1858
0.1883
0.1907
0.1930
0.1951
0.1971
0.1990
0.2054
0.2075
0.2093
0.2110
0.2128
0.2101
0.2117
0.2134
0.2151
0.2162
0.2169
0.2175
0.2180
0.2140
0.2142
0.2101
0.2101
0.2103
0.2149
0.2195
0.2152
0.2161
0.2175
0.2190
0.2206
0.2223
0.2241
0.2259
0.2322
0.2342
0.2316
0.2334
0.2351
0.2400
0.2453
0.2461
0.2469
0.2477
0.2473
0.2500
0.2481
0.2488
0.2450
0.2411
0.2417
0.2429
0.2448
0.2470
0.2497
0.2528
0.2557
0.2592
0.2631
0.2723
0.2769
0.2865
0.2919
0.2974
0.3031
0.3090
0.3150
0.3211
0.3273
0.3286
0.3339
0.3396
0.3451
0.3507
0.3561
0.3620
0.3634
0.3693
0.3751
0.3854
0.3916
0.3976
0.4036
0.4095
0.4154
0.4212
0.4270
0.4312
0.4347
0.4379
0.4407
0.4432
0.4455
0.4428
0.4443
0.4457
0.4513
0.4523
0.4530
0.4508
0.4472
0.4442
0.4354
0.4257
0.4200
0.4135
0.4063
0.3994
0.3920
0.2846
0.2705
0.2606
0.2513
0.2432
0.2349
0.2268
0.2186
0.2104
0.2018
0.1938
0.1853
0.1767
0.1679
0.1623
0.1582
0.1545
0.1510
0.1476
0.1445
0.1415
0.1377
0.1348
0.1325
0.1303
0.1283
0.1263
0.1245
0.1227
0.1210
0.1194
0.1178
0.1166
0.1155
0.1145
0.1135
0.1126
0.1117
0.1109
0.1100
0.1092
0.1084
0.1077
0.1069
0.1062
0.1055
0.1048
0.1041
0.1035
0.1028
0.1022
0.1015
0.1009
0.1003
0.0997
0.0991
0.0988
0.0988
0.0988
0.0988
0.0988
0.0988
0.0988
0.0988
0.0988
0.0988
0.0988
0.0988
0.0988
0.0988
0.0988
0.0988
0.0988
0.0988
0.0988
0.0988
0.0988
0.0988
0.0988
0.0988
0.0988
0.0988
0.0988
0.0988
0.0988
0.0988
0.0988
0.0988
0.0988
0.0988
0.0988
0.0988
0.0988
0.0988
0.0988
0.0988
0.0988
0.0988
0.0988
0.0988
0.0988
0.0988
0.0988
0.0988
0.0988
0.0988
0.0988
0.0988
0.0988
0.0988
0.0988
0.0988
0.0988
0.0988
0.0988
0.0988
0.0988
0.0988
0.0988
0.0988
0.0988
0.0988
0.0988
0.0988
0.0988
0.0988
0.0988
0.0988
0.0988
0.0988
0.0988
0.0988
0.0988
0.0988
0.0988
0.0988
0.0988
0.0988
0.0988
0.0988
0.0988
0.0988
0.0988
0.0988
0.0988
0.0988
0.0988
0.0988
0.0988
0.0988
0.0988
0.0988
0.0988
0.0988
0.0988
0.0988
0.0988
0.0988
0.0988
0.0988
0.0988
0.0988
0.0988
0.0988
0.0988
0.0988
0.0988
0.0988
0.1003
0.1611
0.1688
0.1743
0.1773
0.1850
0.1880
0.1908
0.1937
0.1963
0.1988
0.2012
0.2036
0.2060
0.2036
0.2098
0.2116
0.2133
0.2149
0.2164
0.2087
0.2142
0.2200
0.2214
0.2227
0.2239
0.2254
0.2271
0.2289
0.2306
0.2324
0.2343
0.2361
0.2335
0.2397
0.2416
0.2427
0.2449
0.2466
0.2439
0.2453
0.2462
0.2474
0.2487
0.2495
0.2503
0.2510
0.2518
0.2480
0.2486
0.2491
0.2499
0.2550
0.2558
0.2564
0.2526
0.2530
0.1557
0.1505
0.1482
0.1466
0.1455
0.1453
0.1457
0.1467
0.1480
0.2475
0.2554
0.2607
0.2656
0.2704
0.2792
0.2840
0.2889
0.2939
0.3037
0.3090
0.3141
0.3192
0.3196
0.3239
0.3280
0.3320
0.3357
0.3389
0.3420
0.3460
0.3511
0.3605
0.3654
0.3703
0.3751
0.3800
0.3849
0.3897
0.3946
0.3993
0.4036
0.4054
0.4065
0.4069
0.4067
0.4060
0.4005
0.3990
0.4017
0.3997
0.3975
0.3931
0.3893
0.3857
0.3817
0.3776
0.3686
0.3638
0.3589
0.3533
0.3433
0.3347
0.3275
0.3207
0.3142
0.3093
0.2063
0.1964
0.1897
0.1839
0.1785
0.4939
0.4939
0.4939
0.4939
0.4939
0.4939
0.4939
0.4939
0.4939
0.4939
0.4939
0.4939
0.4939
0.4939
0.4939
0.4939
0.4939
0.4939
0.4939
0.4939
0.4939
0.4939
0.4939
0.4939
0.4939
0.4939
0.4939
0.4939
0.4939
0.4939
0.4939
0.4939
0.4939
0.4939
0.4939
0.4939
0.4939
0.4939
0.4939
0.4939
0.4939
0.4939
0.4939
0.4939
0.4939
0.4939
0.4939
0.4939
0.4939
0.4939
0.4939
0.4939
0.4939
0.4939
0.4939
0.4939
0.4939
0.4939
0.4939
0.4939
0.4939
0.4939
0.4939
0.4939
0.4939
0.4939
0.4939
0.4939
0.4939
0.4939
0.4939
0.4939
0.4939
0.4939
0.4939
0.4939
0.4939
0.4939
0.4939
0.4939
0.4939
0.4939
0.4939
0.4939
0.4939
0.4939
0.4939
0.4939
0.4939
0.4939
0.4939
0.4939
0.4939
0.4939
0.4939
0.4939
0.4939
0.4939
0.4939
0.4939
0.4939
0.4939
0.4939
0.4939
0.4939
0.4939
0.4939
0.4939
0.4939
0.4939
0.4939
0.4939
0.4939
0.4939
0.4939
0.4939
0.4939
0.4939
0.4939
0.4939
0.4939
0.4939
0.4939
0.4939
0.4939
0.4939
0.4939
0.4939
0.4939
0.4939
0.4939
0.4939
0.4939
0.4939
0.4939
0.4939
0.4939
0.4939
0.4939
0.4939
0.4939
0.4939
0.4939
0.4939
0.4939
0.4939
0.4939
0.4939
0.4939
0.4939
0.4939
0.4939
0.4939
0.4939
0.4939
0.4939
0.4939
0.4939
0.4939
0.4939
0.4939
0.4939
0.4939
0.4939
0.4939
0.4939
0.4939
0.4939
0.4939
0.4939
0.4939
0.4939
0.4939
0.4939
0.4939
0.4939
0.4939
0.4939
0.4939
0.4939
0.4939
0.4939
0.4939
0.4939
0.4939
0.4939
0.4939
0.4939
0.4939
0.4939
0.4939
0.4939
0.4939
0.4939
0.4939
0.4939
0.4939
0.4939
0.4939
0.4939
0.4939
0.4939
0.4939
0.4939
0.4939
0.4939
0.4939
0.4939
0.4939
0.4939
0.4939
0.4939
0.4939
0.4939
0.4939
0.4939
0.4939
0.4939
0.4939
0.4939
0.4939
0.4939
0.4939
0.4939
0.4939
0.4939
0.4939
0.4939
0.4939
0.4939
0.4939
0.4939
0.4939
0.4939
0.4939
0.4939
0.4939
0.4939
0.4939
0.4939
0.4939
0.4939
0.4939
0.4939
0.4939
0.4939
0.4939
0.4939
0.4939
0.4939
0.4939
0.4939
0.4939
0.4939
0.4939
0.4939
0.4939
0.4939
0.4939
0.4939
0.4939
0.4939
0.4939
0.4939
0.4939
0.4939
0.4939
0.4939
0.4939
0.4939
0.4939
0.4939
0.4939
0.4939
0.4939
0.4939
0.4939
0.4939
0.4939
0.4939
0.4939
0.4939
0.4939
0.4939
0.4939
0.4939
0.4939
0.4939
0.4939
0.4939
0.4939
0.4939
0.4939
0.4939
0.4939
0.4939
0.4939
0.4939
0.4939
0.4939
0.4939
0.4939
0.4939
0.4939
0.4939
0.4939
0.4939
0.4939
0.4939
0.4939
0.4939
0.4939
0.4939
0.4939
0.4939
0.4939
0.4939
0.4939
0.4939
0.4939
0.4939
0.4939
0.4939
0.4939
0.4939
0.4939
0.4939
0.4939
0.4939
0.4939
0.4939
0.4939
0.4939
0.4939
0.4939
0.4939
0.4939
0.4939
0.4939
0.4939
0.4939
0.4939
0.4939
0.4939
0.4939
0.4939
0.4939
0.4939
0.4939
0.4939
0.4939
0.4939
0.4939
0.4939
0.4939
0.4939
0.4939
0.4939
0.4939
0.4939
0.4939
0.4939
0.4939
0.4939
0.4939
0.4939
0.4939
0.4939
0.4939
0.4939
0.4939
0.4939
0.4939
0.4939
0.4939
0.4939
0.4939
0.4939
0.4939
0.4939
0.4939
0.4939
0.4939
0.4939
0.4939
0.4939
0.4939
0.4939
0.4939
0.4939
0.4939
0.4939
0.4939
0.4939
0.4939
0.4939
0.4939
0.4939
0.4939
0.4939
0.4939
0.4939
0.4939
0.4939
0.4939
0.4939
0.4939
0.4939
0.4939
0.4939
0.4939
0.4939
0.4939
0.4939
0.4939
0.4939
0.4939
0.4939
0.4939
0.4939
0.4939
0.4939
0.4939
0.4939
0.4939
0.4939
0.4939
0.4939
0.4939
0.4939
0.4939
0.4939
0.4939
0.4939
0.4939
0.4939
0.4939
0.4939
0.4939
0.4939
0.4939
0.4939
0.4939
0.4939
0.4939
0.4939
0.4939
0.4939
0.4939
0.4939
0.4939
0.4939
0.4939
0.4939
0.4939
0.4939
0.4939
0.4939
0.4939
0.4939
0.4939
0.4939
0.4939
0.4939
0.4939
0.4939
0.4939
0.4939
0.4939
0.4939
0.4939
0.4939
0.4939
0.4939
0.4939
0.4939
0.4939
0.4939
0.4939
0.4939
0.4939
0.4939
0.4939
0.4939
0.4939
0.4939
0.4939
0.4939
0.4939
0.4939
0.4939
0.4939
0.4939
0.4939
0.4939
0.4939
0.4939
0.4939
0.4939
0.4939
0.4939
0.4939
0.4939
0.4939
0.4939
0.4939
0.4939
0.4939
0.4939
0.4939
0.4939
0.4939
0.4939
0.4939
0.4939
0.4939
0.4939
0.4939
0.4939
0.4939
0.4939
0.4939
0.4939
0.4939
0.4939
0.4939
0.4939
0.4939
0.4939
0.4939
0.4939
0.4939
0.4939
0.4939
0.4939
0.4939
0.4939
0.4939
0.4939
0.4939
0.4939
0.4939
0.4939
0.4939
0.4939
0.4939
0.4939
0.4939
0.4939
0.4939
0.4939
0.4939
0.4939
0.4939
0.4939
0.4939
0.4939
0.4939
0.4939
0.4939
0.4939
0.4939
0.4939
0.4939
0.4939
0.4939
0.4939
0.4939
0.4939
0.4939
0.4939
0.4939
0.4939
0.4939
0.4939
0.4939
0.4939
0.4939
0.4939
0.4939
0.4939
0.4939
0.4939
0.4939
0.4939
0.4939
0.4939
0.4939
0.4939
0.4939
0.4939
0.4939
0.4939
0.4939
0.4939
0.4939
0.4939
0.4939
0.4939
0.4939
0.4939
0.4939
0.4939
0.4939
0.4939
0.4939
0.4939
0.4939
0.4939
0.4939
0.4939
0.4939
0.4939
0.4939
0.4939
0.4939
0.4939
0.4939
0.4939
0.4939
0.4939
0.4939
0.4939
0.4939
0.4939
0.4939
0.4939
0.4939
0.4939
0.4939
0.4939
0.4939
0.4939
0.4939
0.4939
0.4939
0.4939
0.4939
0.4939
0.4939
0.4939
0.4939
0.4939
0.4939
0.4939
0.4939
0.4939
0.4939
0.4939
0.4939
0.4939
0.4939
0.4939
0.4939
0.4939
0.4939
0.4939
0.4939
0.4939
0.4939
0.4939
0.4939
0.4939
0.4939
0.4939
0.4939
0.4939
0.4939
0.4939
0.4939
0.4939
0.4939
0.4939
0.4939
0.4939
0.4939
0.4939
0.4939
0.4939
0.4939
0.4939
0.4939
0.4939
0.4939
0.4939
0.4939
0.4939
0.4939
0.4939
0.4939
0.4939
0.4939
0.4939
0.4939
0.4939
0.4939
0.4939
0.4939
0.4939
0.4939
0.4939
0.4939
0.4939
0.4939
0.4939
0.4939
0.4939
0.4939
0.0988
0.0988
0.0988
0.0988
0.0988
0.0988
0.0988
0.0988
0.0988
0.0988
0.0988
0.0988
0.0988
0.0988
0.0988
0.0988
0.0988
0.0988
0.0988
0.0988
0.0988
0.0988
0.0988
0.0988
0.0988
0.0988
0.0988
0.0988
0.0988
0.0988
0.0988
0.0988
0.0988
0.1401
0.1474
0.1563
0.1601
0.1638
0.1667
0.1697
0.1722
0.1747
0.1729
0.1845
0.1870
0.1896
0.1921
0.1902
0.1881
0.2038
0.2065
0.2089
0.2112
0.2134
0.2152
0.2169
0.2184
0.2199
0.2213
0.2226
0.2194
0.2159
0.2214
0.2225
0.2236
0.2245
0.2260
0.2232
0.2248
0.2266
0.2284
0.2302
0.2317
0.2332
0.2346
0.2361
0.2375
0.2434
0.2446
0.2411
0.2419
0.2426
0.2432
0.2440
0.2446
0.2407
0.2411
0.2371
0.2374
0.2378
0.2388
0.2390
0.2403
0.2424
0.2449
0.2476
0.2508
0.2587
0.2624
0.2660
0.2749
0.2796
0.2846
0.2946
0.3006
0.3069
0.3133
0.3199
0.3264
0.3285
0.3351
0.3418
0.3487
0.3557
0.3589
0.3603
0.3611
0.3610
0.3603
0.3579
0.3553
0.3523
0.3533
0.3495
0.3450
0.3400
0.3311
0.3334
0.3324
0.3315
0.3308
0.3302
0.3296
0.3245
0.3283
0.3279
0.3273
0.3267
0.3264
0.3260
0.3257
0.3254
0.3250
0.3272
0.3278
0.3135
0.3131
0.3122
0.3111
0.3114
0.3094
0.3061
0.3029
0.2992
0.2935
0.2893
0.2851
0.1818
0.1717
0.1643
0.1582
0.1518
0.1474
0.1441
0.1411
0.1381
0.1353
0.1325
0.1299
0.1255
0.1227
0.1207
0.1188
0.1171
0.1155
0.1140
0.1125
0.1111
0.1098
0.1084
0.1074
0.1065
0.1056
0.1047
0.1039
0.1031
0.1023
0.1016
0.1009
0.1002
0.0995
0.0988
0.0988
0.0988
0.0988
0.0988
0.0988
0.0988
0.0988
0.0988
0.0988
0.0988
0.0988
0.0988
0.0988
0.0988
0.0988
0.0988
0.0988
0.0988
0.0988
0.0988
0.0988
0.0988
0.0988
0.0988
0.0988
0.0988
0.0988
0.0988
0.0988
0.0988
0.0988
0.0988
0.0988
0.0988
0.0988
0.0988
0.4939
0.4939
0.4939
0.4939
0.4939
0.4939
0.4939
0.4939
0.4939
0.4939
0.4939
0.4939
0.4939
0.4939
0.4939
0.4939
0.4939
0.4939
0.4939
0.4939
0.4939
0.4939
0.4939
0.4939
0.4939
0.4939
0.4939
0.4939
0.4939
0.4939
0.4939
0.4939
0.4939
0.4939
0.4939
0.4939
0.4939
0.4939
0.4939
0.4939
0.4939
0.4939
0.4939
0.4939
0.4939
0.4939
0.4939
0.4939
0.4939
0.4939
0.4939
0.4939
0.4939
0.4939
0.4939
0.4939
0.4939
0.4939
0.4939
0.4939
0.4939
0.4939
0.4939
0.4939
0.4939
0.4939
0.4939
0.4939
0.4939
0.4939
0.4939
0.4939
0.4939
0.4939
0.4939
0.4939
0.4939
0.4939
0.4939
0.4939
0.4939
0.4939
0.4939
0.4939
0.4870
0.2600
0.1578
0.1270
0.0988
0.0988
0.0988
0.0988
0.0988
0.0988
0.0988
0.0988
0.0988
0.0988
0.0988
0.0988
0.0988
0.0988
0.0988
0.0988
0.0988
0.0988
0.0988
0.0988
0.0988
0.0988
0.0988
0.0988
0.0988
0.0988
0.0988
0.0988
0.0988
0.0988
0.0988
0.0988
0.0988
0.0988
0.0988
0.0988
0.0988
0.0988
0.0988
0.0988
0.0988
0.0988
0.0988
0.0988
0.0988
0.0988
0.0988
0.0988
0.0988
0.0988
0.0988
0.0988
0.0988
0.0988
0.0988
0.0988
0.0988
0.0988
0.0988
0.0988
0.0988
0.0988
0.0988
0.0988
0.0988
0.0988
0.0988
0.0988
0.0988
0.0988
0.0988
0.0988
0.0988
0.0988
0.0988
0.0988
0.0988
0.0988
0.0988
0.0988
0.0988
0.0988
0.0988
0.0988
0.0988
0.0988
0.0988
0.0988
0.0988
0.0988
0.0988
0.0988
0.0988
0.0988
0.0988
0.0988
0.0988
0.0988
0.0988
0.0988
0.0988
0.0988
0.0988
0.0988
0.0988
0.0988
0.0988
0.0988
0.0988
0.0988
0.0988
0.0988
0.0988
0.1105
0.0988
0.0988
0.0988
0.0988
0.0988
0.0988
0.0988
0.0988
0.0988
0.0988
0.0988
0.0988
0.0988
0.0988
0.0988
0.0988
0.0988
0.0988
0.0988
0.0988
0.0988
0.0988
0.0988
0.0988
0.0988
0.0988
0.0988
0.0988
0.0988
0.0988
0.0988
0.0988
0.0988
0.0988
0.0988
0.0988
0.0988
0.0988
0.0988
0.0988
0.0988
0.0988
0.0988
0.0988
0.0988
0.0988
0.0988
0.0988
0.0988
0.0988
0.0988
0.0988
0.0988
0.0988
0.0988
0.0988
0.0988
0.0988
0.0988
0.0988
0.0988
0.0988
0.4939
0.4939
0.4939
0.4939
0.4939
0.4939
0.4939
0.4939
0.4939
0.4939
0.4939
0.4939
0.4939
0.4939
0.4939
0.4939
0.4939
0.4939
0.4939
0.4939
0.4939
0.4939
0.4939
0.4939
0.4939
0.4939
0.4939
0.4939
0.4939
0.4939
0.4939
0.4939
0.4939
0.4939
0.4939
0.4939
0.4939
0.4939
0.4939
0.4939
0.4939
0.4939
0.4939
0.4939
0.4939
0.4939
0.4939
0.4939
0.4939
0.4939
0.4939
0.4939
0.4939
0.4939
0.4939
0.4939
0.4939
0.4939
0.4939
0.4939
0.4939
0.4939
0.4939
0.4939
0.4939
0.4939
0.4939
0.4939
0.4939
0.4939
0.4939
0.4939
0.4939
0.4939
0.4939
0.4939
0.4939
0.4939
0.4939
0.4939
0.4939
0.4939
0.4939
0.4939
0.4939
0.4939
0.4939
0.4939
0.4939
0.4939
0.4939
0.4939
0.4939
0.4939
0.4939
0.4939
0.4939
0.4939
0.4939
0.4939
0.4939
0.4939
0.4939
0.4939
0.4939
0.4939
0.4939
0.4939
0.4653
0.2215
0.1268
0.1003
0.0988
0.0988
0.0988
0.0988
0.0988
0.0988
0.0988
0.0988
0.0988
0.0988
0.0988
0.0988
0.0988
0.0988
0.0988
0.0988
0.0988
0.0988
0.0988
0.0988
0.0988
0.0988
0.0988
0.0988
0.0988
0.0988
0.0988
0.0988
0.0988
0.0988
0.0988
0.0988
0.0988
0.0988
0.0988
0.0988
0.0988
0.0988
0.0988
0.0988
0.0988
0.0988
0.0988
0.0988
0.0988
0.0988
0.0988
0.0988
0.0988
0.0988
0.0988
0.0988
0.0988
0.0988
0.0988
0.0988
0.0988
0.0988
0.0988
0.0988
0.0988
0.0988
0.0988
0.0988
0.0988
0.0988
0.0988
0.0988
0.0988
0.0988
0.0988
0.0988
0.0988
0.0988
0.0988
0.0988
0.0988
0.0988
0.0988
0.0988
0.0988
0.0988
0.0988
0.0988
0.0988
0.0988
0.0988
0.0988
0.0988
0.0988
0.0988
0.0988
0.0988
0.0988
0.0988
0.1030
0.1093
0.1137
0.1152
0.1153
0.1148
0.1138
0.1124
0.1091
0.1047
0.1020
0.0991
0.0988
0.0988
0.0988
0.0988
0.0988
0.0988
0.0988
0.0988
0.0988
0.0988
0.0988
0.0988
0.0988
0.0988
0.0988
0.0988
0.0988
0.0988
0.0988
0.0988
0.0988
0.0988
0.0988
0.0988
0.0988
0.0988
0.0988
0.0988
0.0988
0.0988
0.0988
0.0988
0.0988
0.0988
0.0988
0.0988
0.0988
0.0988
0.0988
0.0988
0.0988
0.0988
0.0988
0.0988
0.0988
0.0988
0.0988
0.0988
0.0988
0.0988
0.0988
0.0988
0.0988
0.0988
0.0988
0.0988
0.0988
0.0988
0.0988
0.0988
0.0988
0.0988
0.0988
0.0988
0.0988
0.0988
0.0988
0.0988
0.0988
0.4939
0.4939
0.4939
0.4939
0.4939
0.4939
0.4939
0.4939
0.4939
0.4939
0.4939
0.4939
0.4939
0.4939
0.4939
0.4939
0.4939
0.4939
0.4939
0.4939
0.4939
0.4939
0.4939
0.4939
0.0988
0.0988
0.0988
0.0988
0.0988
0.0988
0.0988
0.0988
0.0988
0.0988
0.0988
0.0988
0.0988
0.0988
0.0988
0.0988
0.0988
0.0988
0.0988
0.0988
0.0988
0.0988
0.0988
0.0988
0.0988
0.0988
0.0988
0.0988
0.0988
0.0988
0.0988
0.0988
0.0988
0.0988
0.0988
0.0988
0.0988
0.0988
0.0988
0.0988
0.0988
0.0988
0.0988
0.0988
0.0988
0.0988
0.0988
0.0988
0.0988
0.0988
0.0988
0.0988
0.0988
0.0988
0.0988
0.0988
0.0988
0.0988
0.0988
0.0988
0.0988
0.0988
0.0988
0.0988
0.0988
0.0988
0.0988
0.0988
0.0988
0.0988
0.0988
0.0988
0.0988
0.0988
0.0988
0.0988
0.0988
0.0988
0.0988
0.0988
0.0988
0.0988
0.0988
0.0988
0.0988
0.0988
0.0988
0.0988
0.0988
0.0988
0.0988
0.0988
0.0988
0.1873
0.2073
0.2134
0.2181
0.2222
0.2256
0.2288
0.2319
0.2349
0.2376
0.2447
0.2471
0.2495
0.2472
0.2493
0.2557
0.2578
0.2597
0.2616
0.2635
0.2653
0.2669
0.2684
0.2698
0.2712
0.2725
0.2694
0.4939
0.4054
0.2599
0.1926
0.1641
0.1441
0.1283
0.1174
0.1063
0.0988
0.0988
0.0988
0.0988
0.0988
0.0988
0.0988
0.0988
0.0988
0.0988
0.0988
0.0988
0.0988
0.0988
0.0988
0.0988
0.0988
0.0988
0.1675
0.1744
0.1785
0.1781
0.1769
0.1754
0.0988
0.0988
0.0988
0.0988
0.0988
0.0988
0.0988
0.0988
0.0988
0.0988
0.0988
0.0988
0.0988
0.0988
0.0988
0.0988
0.0988
0.0988
0.0988
0.0988
0.0988
0.0988
0.0988
0.0988
0.0988
0.0988
0.0988
0.0988
0.0988
0.0988
0.0988
0.0988
0.0988
0.0988
0.0988
0.0988
0.0988
0.0988
0.0988
0.0988
0.0988
0.0988
0.0988
0.0988
0.0988
0.0988
0.0988
0.0988
0.0988
0.0988
0.0988
0.0988
0.0988
0.0988
0.0988
0.0988
0.0988
0.0988
0.0988
0.0988
0.0988
0.0988
0.0988
0.0988
0.0988
0.0988
0.1057
0.1161
0.1272
0.1350
0.1411
0.1466
0.1520
0.1573
0.1624
0.1674
0.1740
0.1792
0.1834
0.1873
0.1910
0.1945
0.1980
0.2013
0.2045
0.2077
0.2108
0.2130
0.2151
0.2170
0.2189
0.2208
0.2225
0.2243
0.2260
0.2276
0.2292
0.2308
0.2324
0.2339
0.2355
0.2370
0.2385
0.2400
0.2415
0.2430
0.2445
0.2459
0.2474
0.2488
0.2502
0.2693
0.2707
0.2724
0.2741
0.2759
0.2776
0.2793
0.2810
0.2826
0.3161
0.1049
0.0988
0.0988
0.0988
0.0988
0.0988
0.0988
0.0988
0.0988
0.0988
0.0988
0.0988
0.0988
0.0988
0.0988
0.0988
0.0988
0.0988
0.0988
0.0988
0.0988
0.0988
0.0988
0.0988
0.0988
0.0988
0.0988
0.0988
0.0988
0.0988
0.0988
0.0988
0.0988
0.0988
0.0988
0.0988
0.0988
0.0988
0.0988
0.0988
0.0988
0.0988
0.0988
0.0988
0.0988
0.0988
0.0988
0.0988
0.0988
0.0988
0.0988
0.0988
0.0988
0.0988
0.0988
0.0988
0.0988
0.0988
0.0988
0.0988
0.0988
0.0988
0.0988
0.0988
0.0988
0.0988
0.0988
0.0988
0.0988
0.0988
0.0988
0.0988
0.0988
0.0988
0.0988
0.0988
0.0988
0.0988
0.0988
0.0988
0.0988
0.0988
0.0988
0.0988
0.0988
0.0988
0.0988
0.0988
0.0988
0.0988
0.0988
0.0988
0.0988
0.0988
0.0988
0.0988
0.0988
0.0988
0.0988
0.1452
0.1765
0.1830
0.1917
0.1993
0.2019
0.2052
0.2074
0.2095
0.2161
0.2182
0.2210
0.2231
0.2246
0.2265
0.2284
0.2302
0.2273
0.2333
0.2348
0.2363
0.2378
0.2392
0.2316
0.2372
0.2434
0.2451
0.2464
0.2478
0.2492
0.2507
0.2521
0.2536
0.2550
0.2565
0.2580
0.2549
0.2608
0.2623
0.2638
0.2653
0.2666
0.2637
0.2650
0.2663
0.2676
0.2689
0.2697
0.2705
0.2712
0.2719
0.2680
0.2686
0.2692
0.2652
0.2701
0.2708
0.2714
0.2672
0.2675
0.2678
0.2681
0.2684
0.2687
0.2690
0.2699
0.2714
0.2733
0.2756
0.2783
0.2857
0.2891
0.2927
0.2965
0.3003
0.3091
0.3135
0.3184
0.3237
0.3293
0.3349
0.3405
0.3419
0.3479
0.3542
0.3605
0.3704
0.3768
0.3835
0.3888
0.3935
0.4035
0.4085
0.4128
0.4167
0.4204
0.4237
0.4275
0.4308
0.4335
0.4361
0.4387
0.4412
0.4389
0.4454
0.4473
0.4445
0.4459
0.4517
0.4529
0.4538
0.4542
0.4546
0.4529
0.4504
0.4474
0.4393
0.4352
0.4307
0.4260
0.3121
0.3003
0.2916
0.2834
0.2758
0.2683
0.2601
0.2536
0.2460
0.2387
0.2311
0.4939
0.4939
0.4939
0.4939
0.4939
0.4939
0.4939
0.4939
0.4939
0.4939
0.4939
0.4939
0.4939
0.4939
0.4939
0.4939
0.4939
0.4939
0.4939
0.4939
0.4939
0.4939
0.4939
0.4939
0.4939
0.4939
0.4939
0.4939
0.4939
0.4939
0.4939
0.4939
0.4939
0.4939
0.4939
0.4939
0.4939
0.4939
0.4939
0.4939
0.4939
0.4939
0.4939
0.4939
0.4939
0.4939
0.4939
0.4939
0.4939
0.4939
0.4939
0.4939
0.4939
0.4939
0.4939
0.4939
0.4939
0.4939
0.4939
0.4939
0.4939
0.4939
0.4939
0.4939
0.4939
0.4939
0.4939
0.4939
0.4939
0.4939
0.4939
0.4939
0.4939
0.4939
0.4939
0.4939
0.4939
0.4939
0.4939
0.4939
0.4939
0.4939
0.4939
0.4939
0.4939
0.4939
0.4939
0.4939
0.4939
0.4939
0.4939
0.4939
0.4939
0.4939
0.4939
0.4939
0.4939
0.4939
0.4939
0.4939
0.4939
0.4939
0.4939
0.4939
0.4939
0.4939
0.4939
0.4939
0.4939
0.4939
0.4939
0.4939
0.4939
0.4939
0.4939
0.4939
0.4939
0.4939
0.4939
0.4939
0.4939
0.4939
0.4939
0.4939
0.4939
0.4939
0.4939
0.4939
0.4939
0.4939
0.4939
0.4939
0.4939
0.4939
0.4939
0.4939
0.4939
0.4939
0.4939
0.4939
0.4939
0.4939
0.4939
0.4939
0.4939
0.4939
0.4939
0.4939
0.4939
0.4939
0.4939
0.4939
0.4939
0.4939
0.4939
0.4939
0.4939
0.4939
0.4939
0.4939
0.4939
0.4939
0.4939
0.4939
0.4939
0.4939
0.4939
0.4939
0.4939
0.4939
0.4939
0.4939
0.4939
0.4939
0.4939
0.4939
0.4939
0.4939
0.4939
0.4939
0.4939
0.4939
0.4939
0.4939
0.4939
0.4939
0.4939
0.4939
0.4939
0.4939
0.4939
0.4939
0.4939
0.4939
0.4939
0.4939
0.4939
0.4939
0.4939
0.4939
0.4939
0.4939
0.4939
0.4939
0.4939
0.4939
0.4939
0.4939
0.4939
0.4939
0.4939
0.4939
0.4939
0.4939
0.4939
0.4939
0.4939
0.4939
0.4939
0.4939
0.4939
0.4939
0.4939
0.4939
0.4939
0.4939
0.4939
0.4939
0.4939
0.4939
0.4939
0.4939
0.4939
0.4939
0.4939
0.4939
0.4939
0.4939
0.4939
0.4939
0.4939
0.4939
0.4939
0.4939
0.4939
0.4939
0.4939
0.4939
0.4939
0.4939
0.4939
0.4939
0.4939
0.4939
0.4939
0.4939
0.4939
0.4939
0.4939
0.4939
0.4939
0.4939
0.4939
0.4939
0.4939
0.4939
0.4939
0.4939
0.4939
0.4939
0.4939
0.4939
0.4939
0.4939
0.4939
0.4939
0.4939
0.4939
0.4939
0.4939
0.4939
0.4939
0.4939
0.4939
0.4939
0.4939
0.4939
0.4939
0.4939
0.4939
0.4939
0.4939
0.4939
0.4939
0.4939
0.4939
0.4939
0.4939
0.4939
0.4939
0.4939
0.4939
0.4939
0.4939
0.4939
0.4939
0.4939
0.4939
0.4939
0.4939
0.4939
0.4939
0.4939
0.4939
0.4939
0.4939
0.4939
0.4939
0.4939
0.4939
0.4939
0.4939
0.4939
0.4939
0.4939
0.4939
0.4939
0.4939
0.4939
0.4939
0.4939
0.4939
0.4939
0.4939
0.4939
0.4939
0.4939
0.4939
0.4939
0.4939
0.4939
0.4939
0.4939
0.4939
0.4939
0.4939
0.4939
0.4939
0.4939
0.4939
0.4939
0.4939
0.4939
0.4939
0.4939
0.4939
0.4939
0.4939
0.4939
0.4939
0.4939
0.4939
0.4939
0.4939
0.4939
0.4939
0.4939
0.4939
0.4939
0.4939
0.4939
0.4939
0.4939
0.4939
0.4939
0.4939
0.4939
0.4939
0.4939
0.4939
0.4939
0.4939
0.4939
0.4939
0.4939
0.4939
0.4939
0.4939
0.4939
0.4939
0.4939
0.4939
0.4939
0.4939
0.4939
0.4939
0.4939
0.4939
0.4939
0.4939
0.4939
0.4939
0.4939
0.4939
0.4939
0.4939
0.4939
0.4939
0.4939
0.4939
0.4939
0.4939
0.4939
0.4939
0.4939
0.4939
0.4939
0.4939
0.4939
0.4939
0.4939
0.4939
0.4939
0.4939
0.4939
0.4939
0.4939
0.4939
0.4939
0.4939
0.4939
0.4939
0.4939
0.4939
0.4939
0.4939
0.4939
0.4939
0.4939
0.4939
0.4939
0.4939
0.4939
0.4939
0.4939
0.4939
0.4939
0.4939
0.4939
0.4939
0.4939
0.4939
0.4939
0.4939
0.4939
0.4939
0.4939
0.4939
0.4939
0.4939
0.4939
0.4939
0.4939
0.4939
0.4939
0.4939
0.4939
0.4939
0.4939
0.4939
0.4939
0.4939
0.4939
0.4939
0.4939
0.4939
0.4939
0.4939
0.4939
0.4939
0.4939
0.4939
0.4939
0.4939
0.4939
0.4939
0.4939
0.4939
0.4939
0.4939
0.4939
0.4939
0.4939
0.4939
0.4939
0.4939
0.4939
0.4939
0.4939
0.4939
0.4939
0.4939
0.4939
0.4939
0.4939
0.4939
0.4939
0.4939
0.4939
0.4939
0.4939
0.4939
0.4939
0.4939
0.4939
0.4939
0.4939
0.4939
0.4939
0.4939
0.4939
0.4939
0.4939
0.4939
0.4939
0.4939
0.4939
0.4939
0.4939
0.4939
0.4939
0.4939
0.4939
0.4939
0.4939
0.4939
0.4939
0.4939
0.4939
0.4939
0.4939
0.4939
0.4939
0.4939
0.4939
0.4939
0.4939
0.4939
0.4939
0.4939
0.4939
0.4939
0.4939
0.4939
0.4939
0.4939
0.4939
0.4939
0.4939
0.4939
0.4939
0.4939
0.4939
0.4939
0.4939
0.4939
0.4939
0.4939
0.4939
0.4939
0.4939
0.4939
0.4939
0.4939
0.4939
0.4939
0.4939
0.4939
0.4939
0.4939
0.4939
0.4939
0.4939
0.4939
0.4939
0.4939
0.4939
0.4939
0.4939
0.4939
0.4939
0.4939
0.4939
0.4939
0.4939
0.4939
0.4939
0.4939
0.4939
0.4939
0.4939
0.4939
0.4939
0.4939
0.4939
0.4939
0.4939
0.4939
0.4939
0.4939
0.4939
0.4939
0.4939
0.4939
0.4939
0.4939
0.4939
0.4939
0.4939
0.4939
0.4939
0.4939
0.4939
0.4939
0.4939
0.4939
0.4939
0.4939
0.4939
0.4939
0.4939
0.4939
0.4939
0.4939
0.4939
0.4939
0.4939
0.4939
0.4939
0.4939
0.4939
0.4939
0.4939
0.4939
0.4939
0.4939
0.4939
0.4939
0.4939
0.4939
0.4939
0.4939
0.4939
0.4939
0.4939
0.4939
0.4939
0.4939
0.4939
0.4939
0.4939
0.4939
0.4939
0.4939
0.4939
0.4939
0.4939
0.4939
0.4939
0.4939
0.4939
0.4939
0.4939
0.4939
0.4939
0.4939
0.4939
0.4939
0.4939
0.4939
0.4939
0.4939
0.4939
0.4939
0.4939
0.4939
0.4939
0.4939
0.4939
0.4939
0.4939
0.4939
0.4939
0.4939
0.4939
0.4939
0.4939
0.4939
0.4939
0.4939
0.4939
0.4939
0.4939
0.4939
0.4939
0.4939
0.4939
0.4939
0.0988
0.0988
0.0988
0.0988
0.0988
0.0988
0.0988
0.0988
0.0988
0.0988
0.0988
0.0988
0.0988
0.0988
0.0988
0.0988
0.0988
0.0988
0.0988
0.0988
0.0988
0.0988
0.0988
0.0988
0.0988
0.0988
0.0988
0.0988
0.0988
0.0988
0.0988
0.0988
0.1307
0.1576
0.1634
0.1677
0.1718
0.1798
0.1834
0.1868
0.1901
0.1933
0.1914
0.1983
0.2007
0.2029
0.2051
0.2071
0.2002
0.2063
0.2081
0.2098
0.2160
0.2178
0.2196
0.2213
0.2231
0.2293
0.2310
0.2327
0.2298
0.2269
0.2331
0.2304
0.2365
0.2381
0.2398
0.2373
0.2385
0.2401
0.2419
0.2437
0.2452
0.2467
0.2481
0.2441
0.2405
0.2461
0.2469
0.2520
0.2527
0.2546
0.2557
0.2564
0.2572
0.2579
0.2585
0.2546
0.2551
0.2602
0.2614
0.2633
0.2655
0.2669
0.2694
0.2726
0.2763
0.2804
0.2893
0.2940
0.2991
0.3049
0.3056
0.3103
0.3153
0.3200
0.3247
0.3292
0.3285
0.3325
0.3360
0.3392
0.3420
0.3445
0.3482
0.3477
0.3516
0.3557
0.3598
0.3683
0.3725
0.3765
0.3805
0.3844
0.3883
0.3922
0.3958
0.3992
0.4025
0.4058
0.4089
0.4119
0.4103
0.4130
0.4156
0.4227
0.4248
0.4271
0.4245
0.4202
0.4149
0.4088
0.4021
0.3948
0.2831
0.2684
0.2555
0.2437
0.2327
0.2194
0.2112
0.2041
0.1989
0.1933
0.1880
0.1828
0.1777
0.1727
0.1676
0.1626
0.1576
0.1529
0.1495
0.1467
0.1442
0.1418
0.1395
0.1372
0.1351
0.1325
0.1305
0.1287
0.1271
0.1255
0.1240
0.1226
0.1212
0.1198
0.1185
0.1172
0.1162
0.1153
0.1145
0.1138
0.1130
0.1123
0.1116
0.1109
0.1103
0.1096
0.1090
0.1084
0.1078
0.1072
0.1065
0.1059
0.1053
0.1047
0.1042
0.1036
0.1030
0.1024
0.1019
0.1013
0.0988
0.0988
0.0988
0.0988
0.0988
0.0988
0.0988
0.0988
0.0988
0.0988
0.0988
0.0988
0.0988
0.0988
0.0988
0.0988
0.0988
0.0988
0.0988
0.0988
0.0988
0.0988
0.0988
