12.8008
12.8008
12.8000
12.8007
12.8004
12.8012
12.8012
12.8012
12.8011
12.8011
12.8011
12.8011
12.8011
12.8011
12.8011
12.8011
12.8011
12.8011
12.8011
12.8010
12.8010
12.8010
12.8010
12.8010
12.8010
12.8010
12.8010
12.8010
12.8010
12.8010
12.8010
12.8010
12.8010
12.8010
12.8010
12.8010
12.8010
12.8010
12.8010
12.8010
12.8010
12.8010
12.8010
12.8010
12.8010
12.8010
12.8010
12.8010
12.8010
12.8010
12.8001
12.8002
12.8002
12.8002
12.8003
12.8003
12.8003
12.8003
12.8004
12.8004
12.8004
12.8584
12.7771
12.7989
12.7991
12.7994
12.7996
12.7997
12.7998
12.7999
12.8000
12.8001
12.8001
12.8501
12.7816
12.7992
12.7995
12.7998
12.7999
12.8001
12.8001
12.8002
12.8003
12.8003
12.8003
12.8919
12.8074
12.7953
12.7973
12.8005
12.8001
12.8002
12.8266
12.8061
12.8076
12.8038
12.8019
12.8023
12.8152
12.8004
12.8017
12.8019
12.8015
12.7936
12.8018
12.8089
12.8011
12.8020
12.8013
12.7984
12.8014
12.8011
12.8019
12.8018
12.8012
12.8018
12.8018
12.8018
12.8008
12.8020
12.8019
12.8011
12.8050
12.7998
12.7950
12.8025
12.8021
12.8025
12.8027
12.8014
12.8021
12.8008
12.8015
12.8014
12.8014
12.8014
12.7888
12.8004
12.8136
12.7988
12.7990
12.8006
12.8007
12.8051
12.8020
12.7980
12.8042
12.8067
12.8010
12.8013
12.8012
12.8019
12.8014
12.8015
12.8016
12.8011
12.8018
12.8018
12.8006
12.8022
12.8039
12.8025
12.8021
12.8012
12.8017
12.8022
12.8021
12.8020
12.8014
12.8012
12.8020
12.8015
12.8008
12.8008
12.8007
12.8008
12.7990
12.8008
12.8005
12.8005
12.8005
12.8001
12.8003
12.7997
12.8001
12.8001
12.8007
12.8003
12.8012
12.8006
12.7997
12.8007
12.8006
12.8002
12.7992
12.8002
12.8001
12.7996
12.8002
12.7996
12.7994
12.7993
12.7992
12.7992
12.7907
12.7987
12.7911
12.7992
12.7987
12.7917
12.7994
12.7994
12.7583
12.7996
12.7982
12.7854
12.7991
12.7946
12.7933
12.7990
12.7989
12.7990
12.7991
12.7993
12.7994
12.7995
12.7996
12.7998
12.7998
12.8000
12.8000
12.8001
12.8001
12.8001
12.8002
12.8002
12.8002
12.7994
12.7995
12.7996
12.7997
12.7997
12.8000
12.7997
12.7998
12.7999
12.8000
12.8000
12.8000
12.8000
12.8001
12.8001
12.8002
12.8004
12.7981
12.8007
12.8005
12.8006
12.8006
12.7998
12.7999
12.8000
12.8001
12.8001
12.8002
12.6804
12.8099
12.8003
12.8007
12.8005
12.8004
12.8014
12.8030
12.8023
12.8015
12.8015
12.8015
12.8014
12.8014
12.8014
12.8014
12.8014
12.8013
12.8013
12.8013
12.8013
12.8013
12.8013
12.8013
12.8013
12.8003
12.8013
12.8013
12.8012
12.8012
12.8012
12.8012
12.8012
12.8012
12.8012
12.8012
12.8012
12.8012
12.8012
12.8012
12.8012
12.8012
12.8012
12.8012
12.8012
12.8011
12.8011
12.8011
12.8011
12.8011
12.8011
12.8011
12.8011
12.8011
12.8011
12.8011
12.8011
12.8011
12.8011
12.8011
12.8011
12.8011
12.8011
12.8011
12.8011
12.8011
12.8011
12.8011
12.8011
12.8011
12.8011
12.8011
12.8011
12.8011
12.8011
12.8011
12.8011
12.8011
12.8011
12.8011
12.8011
12.8011
12.8011
12.8011
12.8580
12.7784
12.7997
12.7991
12.7995
12.7997
12.7999
12.8000
12.8001
12.8002
12.8003
12.8003
12.8497
12.7817
12.7991
12.7994
12.7996
12.7998
12.7998
12.7999
12.7999
12.7999
12.7999
12.7999
12.8871
12.8087
12.7956
12.7965
12.8000
12.7996
12.8001
12.8003
12.8120
12.8048
12.8269
12.8021
12.8137
12.8050
12.8025
12.8031
12.8035
12.8023
12.8014
12.8037
12.8016
12.8018
12.8017
12.8016
12.8016
12.8015
12.8015
12.8015
12.8014
12.8014
12.8011
12.8019
12.8017
12.8017
12.8010
12.8016
12.7953
12.7961
12.8022
12.7812
12.8016
12.8002
12.8006
12.8214
12.8012
12.8021
12.8019
12.8019
12.8014
12.8014
12.8013
12.8013
12.8007
12.8013
12.8011
12.8017
12.8010
12.8010
12.8010
12.8009
12.8059
12.8044
12.8010
12.8011
12.8011
12.8011
12.8019
12.8002
12.8016
12.8015
12.8010
12.8016
12.7642
12.7926
12.8002
12.7974
12.8020
12.8024
12.8017
12.8022
12.8050
12.8023
12.8018
12.8018
12.8017
12.8011
12.8023
12.8016
12.8016
12.8010
12.8016
12.7960
12.8014
12.8012
12.8012
12.8012
12.8012
12.8012
12.8010
12.8010
12.8007
12.8008
12.8008
12.8051
12.8008
12.8008
12.8001
12.8013
12.8005
12.7962
12.8004
12.8057
12.7994
12.8005
12.8002
12.8001
12.8000
12.7999
12.7999
12.7998
12.8593
12.7838
12.7994
12.7940
12.7917
12.7982
12.7964
12.7769
12.7984
12.7927
12.7846
12.7979
12.7978
12.7795
12.7985
12.7981
12.7983
12.7985
12.7990
12.7992
12.7993
12.7994
12.7995
12.7988
12.7989
12.7990
12.7991
12.7993
12.7994
12.7993
12.7994
12.7996
12.7996
12.7997
12.7997
12.7998
12.8000
12.8000
12.8001
12.8001
12.8002
12.8002
12.8002
12.8003
12.8003
12.8002
12.8003
12.8003
12.8003
12.7981
12.8006
12.8004
12.8005
12.8005
12.8005
12.8005
12.8005
12.8006
12.8005
12.8005
12.6727
12.8109
12.8010
12.8015
12.8014
12.8013
12.8022
12.8035
12.8016
12.8016
12.8015
12.8015
12.8014
12.8014
12.8014
12.8014
12.8014
12.8014
12.8013
12.8013
12.8013
12.8013
12.8013
12.8013
12.8013
12.8003
12.8013
12.8013
12.8013
12.8013
12.8013
12.8013
12.8013
12.8012
12.8012
12.8012
12.8012
12.8012
12.8012
12.8012
12.8012
12.8012
12.8012
12.8012
12.8012
12.8012
12.8012
12.8012
12.8012
12.8012
12.8012
12.8012
12.8012
12.8012
12.8012
12.8012
12.8012
12.8012
12.8012
12.8011
12.8011
12.8011
12.8011
12.8011
12.8011
12.8011
12.8011
12.8011
12.8011
12.8011
12.8011
12.8011
12.8011
12.8011
12.8011
12.8011
12.8011
12.8011
12.8011
12.8011
12.8011
12.8011
12.8011
12.8011
12.8828
12.7745
12.7992
12.7994
12.7997
12.7998
12.8000
12.8000
12.8001
12.8002
12.8002
12.8003
12.8518
12.7812
12.7992
12.7995
12.7998
12.7999
12.8000
12.8001
12.8001
12.8001
12.8002
12.8002
12.8860
12.8245
12.7980
12.7982
12.7998
12.7998
12.8054
12.8099
12.8013
12.8010
12.8047
12.8016
12.8118
12.8059
12.7979
12.7988
12.8005
12.8046
12.8020
12.8007
12.8018
12.7991
12.8075
12.8016
12.8013
12.8027
12.8016
12.8011
12.8017
12.8020
12.8012
12.8010
12.8016
12.7999
12.8007
12.8008
12.8008
12.8008
12.8003
12.8013
12.8013
12.8016
12.8002
12.8015
12.8009
12.8016
12.8016
12.8016
12.8016
12.8016
12.8017
12.8017
12.8011
12.7927
12.8003
12.8085
12.8007
12.8010
12.8009
12.8008
12.9130
12.7978
12.8003
12.7996
12.7995
12.8001
12.8002
12.8014
12.7998
12.8005
12.7999
12.8004
36.8252
36.8174
36.8309
36.8251
36.8257
36.8247
36.8248
36.8248
36.8254
37.7909
39.7072
40.0049
40.0051
40.0053
40.0098
40.0140
40.0180
40.0218
39.4637
38.5575
37.7198
36.9434
36.2101
35.5251
34.8606
34.2260
33.6193
33.0377
32.4790
31.9412
31.4967
31.1088
30.7561
30.4328
30.1355
29.8619
29.6241
29.4105
29.2177
29.0450
28.8902
28.7533
28.7543
28.8298
28.9089
29.0461
29.2320
29.4563
29.7854
30.1617
30.5871
31.0518
31.5502
32.0836
32.5828
33.1016
33.6279
34.1962
40.0741
40.0658
40.0581
40.0510
40.0444
40.0387
40.0337
40.0293
40.0255
40.0223
40.0196
40.0173
40.0155
40.0139
40.0126
40.0116
40.0107
40.0099
40.0093
40.0088
40.0084
40.0081
40.0078
40.0075
40.0073
40.0072
40.0069
40.0067
40.0065
40.0063
40.0062
40.0061
40.0061
40.0061
40.0060
40.0060
40.0060
40.0060
40.0060
40.0061
40.0061
40.0061
40.0061
40.0061
40.0061
40.0061
40.0061
40.0061
40.0062
40.0062
39.3733
39.0701
38.6971
38.3057
37.8998
37.4880
37.0780
36.8366
36.8351
36.8349
36.8347
36.8346
36.8346
36.8345
36.8344
36.8344
36.8343
36.8343
36.8343
36.8343
36.8334
36.8334
36.8334
36.8342
36.8339
36.8337
36.8346
36.8346
36.8347
36.8347
36.8346
36.8346
36.8346
36.8346
36.8346
36.8346
36.8346
36.8346
36.8346
36.8346
36.8346
36.8346
36.8346
36.8346
36.8346
36.8347
36.8347
36.8347
36.8347
36.8347
36.8347
36.8347
36.8347
36.8347
36.8347
36.8347
36.8347
36.8346
36.8346
36.8346
36.8346
36.8346
36.8346
36.8346
36.8346
36.8346
36.8346
36.8346
36.8346
36.8346
36.8346
36.8346
36.8346
36.8346
36.8346
36.8346
36.8346
36.8346
36.8346
36.8346
36.8346
36.8346
36.8346
36.8346
12.8586
12.7800
12.7963
12.7978
12.7981
12.7983
12.7985
12.7986
12.7987
12.7988
12.7988
12.8005
12.8479
12.7835
12.7971
12.7983
12.7986
12.7987
12.7988
12.7989
12.7990
12.7991
12.7991
12.7991
12.8881
12.7868
12.7978
12.7956
12.8153
12.8086
12.7841
12.8432
12.8017
12.8011
12.8003
12.8008
12.8096
12.8020
12.8013
12.8002
12.8004
12.8014
12.8001
12.8017
12.8005
12.8005
12.8010
12.8004
12.8002
12.7997
12.8003
12.8003
12.8003
12.7997
12.8010
12.8006
12.8006
12.8001
12.8006
12.8006
12.8006
12.8006
12.8012
12.8001
12.7631
12.7799
12.7836
12.7899
12.7932
12.7959
12.7965
12.7984
12.7989
12.8001
12.7999
12.8008
12.7997
12.8005
12.7948
12.8008
12.8005
12.8005
12.8005
12.7999
12.8012
12.7861
12.8007
12.8001
12.8002
12.8010
12.8010
12.8006
12.8013
12.8013
12.8148
12.8011
36.8214
36.8205
36.8249
36.8220
36.8221
36.8209
37.3451
39.3049
40.0042
40.0044
40.0046
40.0049
40.0051
40.0053
40.0056
40.0058
40.0060
40.0063
40.0065
40.0068
40.0071
40.0073
40.0076
40.0078
40.0081
40.0084
40.0087
40.0090
40.0092
40.0095
40.0097
40.0100
40.0102
40.0104
40.0106
40.0108
40.0109
40.0111
40.0112
40.0113
40.0114
40.0115
40.0116
40.0116
40.0116
40.0116
40.0115
40.0115
40.0115
40.0114
40.0113
40.0112
40.0111
40.0109
40.0106
40.0103
40.0099
40.0097
40.0095
40.0093
36.7080
36.8072
36.8268
36.8273
36.8277
36.8280
36.8283
36.8286
36.8288
36.8297
36.8299
36.8301
36.8303
36.8305
36.8306
36.8308
36.8310
36.8311
36.8313
36.8314
36.8316
36.8317
36.8319
36.8320
36.8320
36.8321
36.8321
36.8321
36.8321
36.8321
36.8321
36.8321
36.8321
36.8320
36.8320
36.8320
36.8320
36.8320
36.8320
36.8320
36.8320
36.8320
36.8320
36.8320
36.8320
36.8320
36.8321
36.8321
36.8353
36.8359
36.8360
36.8360
36.8360
36.8360
36.8360
36.8360
36.8360
36.8360
36.8360
36.8360
36.8360
36.8360
36.8360
36.8360
36.8360
36.8360
36.8360
36.8360
36.8360
36.8360
36.8360
36.8360
36.8360
36.8360
36.8361
36.8362
36.8362
36.8362
36.8362
36.8362
36.8362
36.8362
36.8362
36.8362
36.8362
36.8362
36.8362
36.8362
36.8362
36.8362
36.8362
36.8362
36.8362
36.8362
36.8362
36.8362
36.8362
36.8362
36.8362
36.8362
36.8362
36.8362
36.8362
36.8362
36.8362
36.8362
36.8362
36.8362
36.8362
36.8362
36.8362
36.8362
36.8362
36.8362
36.8362
36.8362
36.8362
36.8362
36.8363
36.8363
36.8363
36.8363
36.8363
36.8363
36.8363
36.8363
36.8363
36.8363
36.8363
36.8363
36.8363
36.8363
12.7995
12.7995
12.7995
12.7995
12.7995
12.7995
12.7995
12.7995
12.7995
12.7995
12.7995
12.7995
12.7995
12.7995
12.7995
12.7995
12.7995
12.7995
12.7994
12.7994
12.7994
12.7994
12.7994
12.7994
12.7995
12.7991
12.7992
12.7993
12.7993
12.7993
12.7993
12.7993
12.7994
12.7994
12.7994
12.7994
12.7994
12.7994
12.7994
12.7994
12.7994
12.7994
12.7993
12.7993
12.7993
12.7993
12.7993
12.7993
12.7993
12.7993
12.7992
12.7992
12.7992
12.7992
12.7992
12.7992
12.7991
12.7991
12.7991
12.7991
12.7990
12.7990
12.7990
12.7997
12.7997
12.7997
12.7997
12.7997
12.7997
12.7997
12.7997
12.7996
12.7996
12.7996
12.7996
12.7996
12.7996
12.7996
12.7996
12.7996
12.7996
12.7996
12.7996
12.7996
12.7996
12.7996
12.7996
12.7996
12.7996
12.7996
12.7997
12.7997
12.7997
12.7997
12.7997
12.7997
36.8289
36.8286
36.8284
36.8283
36.8282
36.8282
36.8281
36.8280
36.8280
36.8279
36.8279
36.8279
36.8279
36.8279
36.8279
36.8279
36.8279
36.8279
36.8210
36.6274
36.4869
36.3719
36.2732
36.1876
36.1051
36.0358
35.9764
35.9265
35.8839
35.8476
35.7918
35.7285
35.6648
35.6017
35.5396
35.4787
35.4194
35.3594
35.3015
35.2457
35.1917
35.1395
35.1114
35.0967
35.0889
35.0867
35.0893
35.0983
35.1275
35.1598
35.1990
35.2421
35.2893
35.3408
35.4148
35.5034
35.6012
35.7075
35.8219
35.9441
36.4280
36.5814
36.7441
36.8343
36.8343
36.8342
36.8342
36.8343
36.8343
36.8343
36.8344
36.8344
36.8345
36.8345
36.8347
36.8348
36.8349
36.8349
36.8350
36.8351
36.8351
36.8352
36.8353
36.8354
36.8354
36.8354
36.8354
36.8354
36.8354
36.8354
36.8354
36.8354
36.8354
36.8354
36.8354
36.8354
36.8354
36.8354
36.8354
36.8354
36.8354
36.8354
36.8354
36.8354
36.8354
36.8354
36.8354
36.8354
36.8354
36.8354
36.8354
36.8354
36.8354
36.8354
36.8354
36.8354
36.8354
36.8354
36.8354
36.8354
36.8354
36.8354
36.8354
36.8354
36.8354
36.8354
36.8354
36.8354
36.8354
36.8354
36.8354
36.8354
36.8354
36.8354
36.8354
36.8354
36.8354
36.8354
36.8354
36.8354
36.8354
36.8353
36.8353
36.8353
36.8353
36.8353
36.8353
36.8353
36.8353
36.8353
36.8353
36.8353
36.8353
36.8353
36.8353
36.8353
36.8353
36.8353
36.8353
36.8353
36.8353
36.8353
36.8353
36.8353
36.8353
36.8353
36.8353
36.8353
36.8353
36.8353
36.8353
36.8353
36.8353
36.8353
36.8353
36.8353
36.8353
36.8353
36.8354
36.8354
36.8354
36.8354
36.8354
36.8354
36.8354
36.8354
36.8354
36.8354
36.8354
36.8354
36.8354
36.8354
12.7995
12.7996
12.7996
12.7996
12.7996
12.7996
12.7996
12.7996
12.7996
12.7996
12.7996
12.7996
12.7996
12.7996
12.7996
12.7996
12.7996
12.7996
12.7996
12.7996
12.7996
12.7996
12.7996
12.7996
12.7996
12.7996
12.7996
12.7996
12.7996
12.7996
12.7996
12.7996
12.7996
12.7996
12.7996
12.7996
12.7996
12.7996
12.7996
12.7996
12.7996
12.7996
12.7996
12.7996
12.7996
12.7996
12.7996
12.7995
12.7995
12.7995
12.7995
12.7995
12.7995
12.7995
12.7995
12.7995
12.7995
12.7995
12.7995
12.7995
12.7995
12.7995
12.7995
12.7995
12.7995
12.7995
12.7995
12.7995
12.7995
12.7995
12.7995
12.7995
12.7995
12.7995
12.7995
12.7995
12.7995
12.7995
12.7995
12.7995
12.7995
12.7995
12.7995
12.7995
12.7995
12.7995
12.7995
12.7995
12.7995
12.7995
12.7995
12.7995
12.7995
12.7995
12.7995
12.7995
36.8334
36.8332
36.8330
36.8329
36.8329
36.8328
36.8328
36.8328
36.8328
36.8328
36.8328
36.8328
36.8328
36.8328
36.8328
36.8328
36.8328
36.8328
36.8328
36.8328
36.8329
36.8329
36.8329
36.8329
36.8329
36.8330
36.8330
36.8330
36.8330
36.7088
36.6809
36.6785
36.6839
36.6991
36.7230
36.7545
36.7884
36.8277
36.8333
36.8333
36.8333
36.8333
36.8334
36.8334
36.8334
36.8334
36.8335
36.8335
36.8336
36.8336
36.8337
36.8338
36.8338
36.8339
36.8339
36.8340
36.8340
36.8341
36.8341
36.8342
36.8342
36.8343
36.8345
36.8345
36.8346
36.8347
36.8347
36.8348
36.8348
36.8349
36.8349
36.8350
36.8350
36.8350
36.8350
36.8350
36.8350
36.8350
36.8350
36.8350
36.8349
36.8349
36.8349
36.8349
36.8349
36.8349
36.8349
36.8349
36.8349
36.8349
36.8349
36.8349
36.8350
36.8350
36.8350
36.8350
36.8350
36.8350
36.8351
36.8351
36.8351
36.8351
36.8351
36.8351
36.8351
36.8352
36.8352
36.8352
36.8352
36.8352
36.8352
36.8353
36.8353
36.8353
36.8353
36.8353
36.8353
36.8354
36.8354
36.8354
36.8354
36.8354
36.8355
36.8355
36.8355
36.8355
36.8355
36.8355
36.8355
36.8355
36.8355
36.8355
36.8355
36.8355
36.8355
36.8355
36.8355
36.8354
36.8354
36.8354
36.8354
36.8354
36.8354
36.8354
36.8354
36.8354
36.8354
36.8354
36.8354
36.8354
36.8354
36.8354
36.8354
36.8354
36.8354
36.8354
36.8354
36.8354
36.8354
36.8354
36.8354
36.8354
36.8354
36.8354
36.8354
36.8354
36.8354
36.8354
36.8354
36.8354
36.8354
36.8354
36.8354
36.8354
36.8355
36.8355
36.8355
36.8355
36.8355
36.8355
36.8355
36.8355
36.8355
36.8355
36.8355
36.8355
36.8355
36.8355
36.8355
36.8355
36.8355
36.8356
12.4478
12.7953
12.7815
12.7926
12.7943
12.7947
12.7969
12.7983
12.8000
12.8000
12.8004
12.8007
12.8361
12.7870
12.8005
12.8005
12.8006
12.8007
12.8007
12.8006
12.8006
12.8006
12.8006
12.8014
12.8950
12.7780
12.7936
12.7993
12.8190
12.8001
12.7822
12.8428
12.8067
12.8079
12.8037
12.8021
12.8028
12.8182
12.8017
12.8025
12.8043
12.8029
12.8024
12.8042
12.8021
12.8025
12.8025
12.8023
12.8029
12.8030
12.8024
12.8018
12.8027
12.8020
12.8019
12.8014
12.8018
12.8016
12.8015
12.8017
12.8011
12.7979
12.8021
12.8012
12.8048
12.8014
12.8016
12.8023
12.8018
12.8020
12.8018
12.8017
12.8015
12.8022
12.8013
12.8013
12.8017
12.8013
12.8005
12.8004
12.8006
12.8009
12.7961
12.8008
12.8006
12.7994
12.8007
12.8006
12.8000
12.8007
12.8007
12.7994
12.8006
12.8009
12.8003
12.8010
36.8212
36.8254
37.3353
40.0132
40.0145
40.0166
40.0189
40.0212
40.0235
40.0258
40.0282
40.0307
40.0334
39.8368
38.8802
37.9793
37.1263
36.3142
35.7946
35.4552
35.2043
35.0295
34.9227
34.9261
34.9785
35.0772
35.2268
35.4262
35.6739
35.9688
36.2568
36.3825
36.4435
36.4882
36.5262
36.5617
36.5918
36.6221
36.6544
36.6898
36.7284
36.7709
36.8262
36.8918
36.9661
37.0486
37.1393
37.0099
37.0134
37.0899
37.1935
37.3187
37.4640
37.4943
37.6696
37.9250
38.2157
38.5359
39.0055
39.4383
40.0709
40.0599
40.0499
40.0418
40.0351
40.0296
40.0250
40.0213
40.0183
40.0159
40.0140
40.0125
40.0112
40.0102
40.0094
40.0088
40.0083
40.0079
40.0076
40.0074
40.0072
40.0070
40.0069
40.0068
40.0067
40.0067
40.0066
40.0066
40.0065
40.0065
40.0065
40.0064
40.0064
40.0064
40.0064
40.0064
40.0064
40.0064
40.0063
40.0063
40.0063
40.0063
40.0063
40.0063
40.0062
40.0062
40.0062
40.0062
38.7930
38.1982
37.5603
36.9578
36.8286
36.8294
36.8309
36.8284
36.8283
36.8282
36.8281
36.8280
36.8279
36.8278
36.8277
36.8277
36.8276
36.8276
36.8275
36.8275
36.8276
36.8277
36.8274
36.8274
37.2194
36.8320
36.8311
36.8326
36.8335
36.8343
36.8348
36.8353
36.8357
36.8360
36.8363
36.8365
36.8374
36.8376
36.8378
36.8379
36.8381
36.8382
36.8383
36.8384
36.8385
36.8385
36.8386
36.8387
36.8380
36.8381
36.8382
36.8382
36.8383
36.8383
36.8384
36.8384
36.8385
36.8385
36.8385
36.8386
36.8386
36.8387
36.8387
36.8387
36.8388
36.8388
36.8388
36.8389
36.8389
36.8389
36.8390
36.8390
36.8391
36.8391
36.8391
36.8392
36.8392
36.8392
36.8392
36.8393
36.8393
36.8393
36.8393
36.8394
12.7992
12.7993
12.7993
12.7993
12.7994
12.7994
12.7994
12.7994
12.7994
12.7994
12.7994
12.7994
12.7994
12.7993
12.7993
12.7993
12.7992
12.7992
12.7992
12.7991
12.7991
12.7991
12.7991
12.7991
12.5251
12.5947
12.6731
12.7719
12.7837
12.7955
12.7971
12.8001
12.7994
12.8006
12.8016
12.8014
12.8012
12.8003
12.8011
12.8008
12.8013
12.8009
12.8010
12.8013
12.8013
12.8014
12.8014
12.8015
12.8016
12.8016
12.8011
12.8008
12.8008
12.8008
12.8008
12.8008
12.8009
12.8009
12.8009
12.8006
12.8006
12.8011
12.8008
12.8009
12.8009
12.8009
12.8009
12.8009
12.8009
12.8009
12.8009
12.8009
12.8009
12.8009
12.8009
12.8009
12.8009
12.8009
30.1994
12.3835
12.8180
12.8094
12.8051
12.8029
12.8018
12.8018
30.3207
12.3347
12.8236
12.8097
12.8055
30.4933
12.3861
12.8226
12.8103
12.8054
36.7850
39.9944
36.2683
36.7985
36.7913
36.7867
37.8123
40.0563
40.0594
40.0628
40.0662
39.9964
40.0822
40.0768
39.6259
38.8486
38.1448
37.5051
36.9233
36.3950
35.9160
35.4814
35.0075
34.7718
34.4673
34.1979
33.9347
33.6923
33.3912
33.3189
33.0364
32.7792
32.5285
32.2770
32.0382
31.8008
31.5879
31.3070
31.0861
30.7742
30.5508
30.3419
30.2428
30.2091
30.5654
30.0764
30.2712
30.3644
30.5573
40.1193
40.1130
40.1071
40.1015
40.0962
40.0074
40.0983
40.0846
40.0055
40.0875
40.0782
40.0763
40.0738
40.0709
40.0681
40.0047
40.0714
40.0600
40.0596
40.0588
40.0575
40.0562
40.0549
40.0537
40.0526
40.0518
40.0512
40.0507
39.9998
40.0583
40.0489
39.9991
40.0595
40.0500
40.0509
39.9999
40.0594
40.0496
40.0504
40.0505
40.0500
40.0493
40.0487
40.0481
40.0476
40.0472
40.0469
40.0466
39.9990
40.0546
40.0459
40.0477
40.0486
40.0489
40.0489
40.0487
39.9993
40.0569
40.0478
40.0588
40.0666
40.0661
40.0634
40.0588
40.0539
40.0497
40.0462
40.0434
40.0411
40.0392
40.0377
40.0364
40.0354
40.0345
40.0337
40.0330
40.0324
40.0319
40.0314
40.0310
40.0306
40.0302
40.0299
40.0296
40.0293
40.0292
39.9649
39.7477
39.4237
39.0032
38.5089
37.9584
37.3723
36.8367
36.8364
36.8365
36.8365
36.8366
36.8367
36.8367
36.8368
36.8369
36.8369
36.8370
36.8370
36.8371
36.8372
36.8372
36.8373
36.8373
36.8374
36.8374
36.8375
36.8375
36.8375
36.8376
36.8376
36.8377
36.8377
36.8378
36.8378
36.8379
36.8379
36.8379
36.8380
36.8380
36.8381
36.8381
36.8382
36.8382
36.8375
36.8376
36.8376
36.8377
36.8377
36.8378
36.8378
36.8379
36.8379
36.8380
36.8380
36.8380
36.8381
12.7991
12.7992
12.7992
12.7992
12.7992
12.7992
12.7992
12.7993
12.7993
12.7993
12.7993
12.7993
12.7993
12.7992
12.7992
12.7991
12.7991
12.7991
12.7990
12.7990
12.7997
12.7997
12.7997
12.7997
12.5217
12.5749
12.6780
12.7714
12.7910
12.7977
12.8001
12.8007
12.8021
12.8018
12.8015
12.8013
12.8013
12.8032
12.8021
12.8019
12.8019
12.8011
12.8010
12.8010
12.8010
12.8010
12.8010
12.8010
12.8010
12.8010
12.8010
12.8009
12.8009
12.8009
12.8009
12.8009
12.8009
12.8009
12.8009
12.8009
12.8009
12.8009
12.8009
12.8009
12.8012
12.8012
12.8007
12.8010
12.8010
30.2454
12.3809
12.8227
12.8094
12.8068
12.8033
12.8023
12.8019
12.8016
12.8016
30.3147
12.3914
12.8191
12.8097
30.8167
12.3986
12.8157
12.8106
12.8059
12.8035
12.8022
12.8016
12.8013
12.8010
12.8012
30.4265
12.3527
36.7827
36.7896
36.7864
40.0112
40.0506
40.0500
40.0497
40.0496
38.5354
37.1453
35.9828
35.0007
34.1987
32.9945
32.3736
31.8288
31.3452
30.9140
30.4266
30.4286
29.9395
29.3601
28.8293
28.3299
27.8627
27.4124
26.9734
26.5439
26.1236
25.7128
25.5736
25.5699
25.6325
25.7485
25.9121
26.5031
26.8433
27.1656
27.5154
28.0348
28.5242
29.0195
29.3011
29.4845
29.6406
29.7812
29.9119
30.0359
30.1846
30.3355
30.4865
30.6386
30.6591
30.7546
30.9378
31.1574
31.3964
31.6534
32.0423
32.3887
32.7363
40.1190
40.1116
40.1045
40.0978
40.0916
40.0860
40.0809
40.0763
40.0723
40.0687
40.0656
40.0628
40.0603
40.0583
40.0566
40.0552
40.0540
40.0530
40.0521
40.0513
40.0506
40.0500
40.0495
40.0490
40.0486
40.0482
40.0478
40.0475
40.0472
40.0469
40.0467
40.0466
40.0464
40.0462
40.0461
40.0459
40.0458
40.0459
40.0461
40.0464
40.0466
40.0467
40.0469
40.0470
40.0471
40.0471
40.0472
40.0582
40.0672
40.0675
40.0655
40.0613
40.0568
40.0529
40.0497
40.0470
40.0448
40.0429
40.0413
40.0400
40.0389
40.0381
40.0373
40.0368
40.0363
40.0359
40.0355
40.0352
40.0350
40.0348
39.9936
39.5754
39.5392
39.3193
39.1992
39.0165
38.8117
38.6433
38.4519
38.1882
37.9474
37.7248
37.4910
37.2867
37.1022
36.9348
36.8259
36.8258
36.8258
36.8258
36.8258
36.8257
36.8256
36.8256
36.8256
36.8256
36.8255
36.8255
36.8255
36.8255
36.8254
36.8254
36.8254
36.8254
36.8254
36.8254
36.8254
36.8254
36.8254
36.8254
36.8254
36.8254
36.8255
36.8255
36.8255
36.8255
36.8255
36.8255
36.8255
36.8256
36.8256
36.8256
36.8256
36.8256
36.8257
36.8257
36.8257
36.8257
36.8258
36.8258
36.8258
12.8862
12.7770
12.7929
12.7976
12.7982
12.7985
12.7987
12.7989
12.7990
12.7992
12.7993
12.7994
12.8545
12.7868
12.7948
12.7979
12.7983
12.7988
12.8009
12.8000
12.8000
12.8000
12.8001
12.8001
12.8881
12.7708
12.8375
12.7995
12.8019
12.8004
12.7998
12.8079
12.8035
12.8138
12.8033
12.8019
12.8071
12.8119
12.8018
12.8014
12.8015
12.8015
12.8011
12.8027
12.8008
12.8009
12.8008
12.8008
12.8007
12.8007
12.8007
12.8007
12.8006
12.8006
12.8005
12.8005
12.8005
12.8004
12.8004
12.7998
12.9305
12.8027
12.7820
12.7914
12.7961
12.7971
12.7976
12.7982
12.7982
12.7986
12.7995
12.7995
12.7995
12.7995
12.7995
12.7995
12.7995
12.7995
12.7995
12.7995
12.7995
12.7995
12.7994
12.7995
12.7994
12.7994
12.7994
12.8077
12.8002
12.7999
12.7993
12.7992
12.7992
12.7901
12.7994
12.7994
36.8231
36.8229
36.8227
36.8226
39.0884
40.0058
40.0061
40.0065
40.0069
40.0073
40.0078
38.4879
37.4919
36.7030
36.0619
35.5360
35.1047
34.7571
34.3160
33.8392
33.3662
32.9044
32.4547
32.0164
31.5802
31.1499
30.7269
30.2293
29.7831
29.3574
28.9527
28.5647
28.1886
27.8226
27.4669
27.1195
26.7880
26.4690
26.1615
25.8647
25.5748
25.3043
25.1770
25.1225
25.1073
25.1224
25.1718
25.2319
25.4213
25.6470
25.9019
26.1880
26.5057
26.8451
27.2561
27.7033
28.1874
40.0735
40.0692
40.0646
40.0599
40.0552
40.0506
40.0461
40.0418
40.0378
40.0340
40.0306
40.0276
40.0250
40.0226
40.0206
40.0189
40.0174
40.0161
40.0149
40.0140
40.0131
40.0124
40.0119
40.0114
40.0109
40.0106
40.0103
40.0099
40.0097
40.0094
40.0092
40.0090
40.0089
40.0088
40.0086
40.0085
40.0085
40.0084
40.0083
40.0082
40.0082
40.0081
40.0081
40.0080
40.0080
40.0079
40.0079
40.0078
40.0078
40.0077
40.0077
40.0134
40.0183
40.0208
40.0223
40.0233
40.0240
40.0244
40.0247
40.0249
39.7894
39.7756
39.6093
39.3673
39.0476
38.6715
38.2502
37.7903
37.3081
36.8284
36.8281
36.8282
36.8282
36.8282
36.8282
36.8281
36.8271
36.8282
36.8281
36.8281
36.8280
36.8280
36.8280
36.8281
36.8279
36.8278
36.8278
36.8277
36.8277
36.8276
36.8276
36.8275
36.8275
36.8274
36.8274
36.8274
36.8273
36.8273
36.8273
36.8273
36.8272
36.8272
36.8272
36.8272
36.8272
36.8272
36.8271
36.8271
36.8271
36.8271
36.8271
36.8271
36.8271
36.8271
36.8271
36.8271
36.8271
36.8271
36.8271
36.8271
36.8271
36.8271
36.8271
36.8271
36.8271
36.8271
36.8271
36.8271
36.8271
36.8271
36.8271
36.8271
36.8271
36.8271
36.8272
12.8686
12.7750
12.7989
12.7994
12.7997
12.7999
12.8000
12.7994
12.7995
12.7996
12.7997
12.7997
12.8550
12.7802
12.7986
12.7991
12.7993
12.7995
12.7996
12.7997
12.7997
12.7998
12.7999
12.7999
12.9017
12.7809
12.8026
12.8002
12.8188
12.8006
12.7815
12.8195
12.8089
12.8021
12.8019
12.8018
12.8228
12.8183
12.8013
12.8019
12.8022
12.8021
12.8007
12.8022
12.8010
12.8011
12.8014
12.8009
12.8010
12.8004
12.8012
12.8016
12.8009
12.8003
12.8009
12.8015
12.8008
12.8008
12.8009
12.8008
12.8016
12.8009
12.8021
12.8003
12.8010
12.8025
12.8004
12.8031
12.8010
12.8017
12.8005
12.8011
12.8009
12.8008
12.8008
12.8008
12.7996
12.8009
12.8002
12.7966
12.7994
12.8006
12.8053
12.8001
12.8004
12.8011
12.8007
12.8007
12.8007
12.8007
12.8008
12.8021
12.8009
12.8004
12.8011
12.8012
36.8206
36.8191
36.8197
36.8162
38.8808
40.0056
40.0055
40.0056
40.0059
40.0062
40.0065
40.0068
40.0071
40.0075
40.0078
40.0082
40.0085
40.0089
40.0092
40.0096
40.0100
40.0103
40.0107
40.0110
40.0114
40.0118
40.0122
40.0125
40.0129
40.0133
40.0137
40.0141
40.0144
40.0148
40.0152
40.0155
40.0159
40.0162
40.0165
40.0169
40.0171
40.0174
40.0177
40.0179
40.0182
40.0184
40.0185
40.0186
40.0186
40.0185
40.0184
40.0184
40.0183
40.0181
40.0179
40.0175
40.0167
40.0163
40.0159
40.0155
35.5327
35.6860
35.8368
35.9943
36.1598
36.3343
36.4545
36.5631
36.6582
36.7462
36.8269
36.8270
36.8271
36.8273
36.8274
36.8275
36.8276
36.8277
36.8278
36.8279
36.8280
36.8281
36.8282
36.8283
36.8283
36.8283
36.8283
36.8283
36.8284
36.8284
36.8284
36.8284
36.8284
36.8284
36.8284
36.8284
36.8284
36.8284
36.8284
36.8284
36.8284
36.8284
36.8285
36.8285
36.8285
36.8285
36.8285
36.8285
36.8337
36.8345
36.8347
36.8347
36.8347
36.8347
36.8347
36.8347
36.8348
36.8348
36.8348
36.8348
36.8348
36.8348
36.8349
36.8349
36.8349
36.8349
36.8349
36.8350
36.8350
36.8350
36.8350
36.8351
36.8351
36.8352
36.8353
36.8354
36.8354
36.8354
36.8355
36.8355
36.8355
36.8355
36.8355
36.8356
36.8356
36.8356
36.8356
36.8357
36.8357
36.8357
36.8358
36.8358
36.8358
36.8358
36.8359
36.8359
36.8359
36.8359
36.8359
36.8359
36.8360
36.8360
36.8360
36.8360
36.8360
36.8360
36.8360
36.8360
36.8359
36.8359
36.8359
36.8359
36.8359
36.8359
36.8359
36.8359
36.8359
36.8359
36.8359
36.8359
36.8359
36.8359
36.8359
36.8358
36.8358
36.8358
36.8358
36.8358
36.8358
36.8358
36.8358
36.8358
12.7995
12.7995
12.7995
12.7995
12.7995
12.7995
12.7995
12.7995
12.7995
12.7995
12.7995
12.7995
12.7995
12.7995
12.7995
12.7995
12.7995
12.7995
12.7994
12.7994
12.7994
12.7994
12.7994
12.7994
12.7995
12.7990
12.7991
12.7991
12.7991
12.7992
12.7992
12.7992
12.7992
12.7992
12.7992
12.7992
12.7992
12.7992
12.7992
12.7992
12.7992
12.7992
12.7992
12.7992
12.7992
12.7992
12.7992
12.7992
12.7992
12.7992
12.7992
12.7992
12.7992
12.7992
12.7992
12.7992
12.7992
12.7992
12.7992
12.7992
12.7992
12.7992
12.7992
12.7992
12.7992
12.7992
12.7992
12.7992
12.7992
12.7992
12.7992
12.7992
12.7992
12.7992
12.7992
12.7992
12.7992
12.7992
12.7992
12.7992
12.7992
12.7992
12.7992
12.7992
12.7992
12.7991
12.7991
12.7991
12.7991
12.7991
12.7991
12.7991
12.7991
12.7991
12.7991
12.7991
36.8257
36.8261
36.8260
36.8259
36.8258
36.8258
36.8257
36.8257
36.8257
36.8256
36.8256
36.8255
36.8256
36.8256
36.6083
36.3550
36.1431
35.9513
35.8309
35.7468
35.6895
35.6538
35.6361
35.6348
35.6515
35.6958
35.7487
35.8115
35.9190
36.0250
36.0728
36.0974
36.1161
36.1570
36.1861
36.2076
36.2251
36.2413
36.2572
36.2730
36.2890
36.3052
36.3347
36.3720
36.4133
36.4581
36.5060
36.5569
36.6187
36.6785
36.7412
36.8071
36.8338
36.8339
36.8341
36.8342
36.8344
36.8345
36.8346
36.8347
36.8348
36.8346
36.8344
36.8342
36.8341
36.8340
36.8340
36.8340
36.8340
36.8340
36.8340
36.8340
36.8341
36.8341
36.8342
36.8343
36.8344
36.8344
36.8345
36.8345
36.8346
36.8347
36.8347
36.8348
36.8348
36.8348
36.8348
36.8349
36.8349
36.8349
36.8349
36.8349
36.8350
36.8350
36.8350
36.8350
36.8350
36.8350
36.8351
36.8351
36.8351
36.8351
36.8351
36.8351
36.8352
36.8352
36.8352
36.8352
36.8352
36.8353
36.8353
36.8353
36.8353
36.8353
36.8354
36.8354
36.8354
36.8354
36.8354
36.8355
36.8355
36.8355
36.8355
36.8355
36.8356
36.8356
36.8356
36.8356
36.8356
36.8357
36.8357
36.8357
36.8357
36.8357
36.8357
36.8357
36.8357
36.8357
36.8357
36.8357
36.8357
36.8357
36.8357
36.8356
36.8356
36.8356
36.8356
36.8356
36.8356
36.8356
36.8356
36.8356
36.8356
36.8355
36.8355
36.8355
36.8355
36.8355
36.8355
36.8355
36.8355
36.8355
36.8355
36.8355
36.8355
36.8355
36.8355
36.8355
36.8355
36.8355
36.8355
36.8355
36.8355
36.8355
36.8356
36.8356
36.8356
36.8356
36.8356
36.8356
36.8356
36.8356
36.8356
36.8356
36.8356
36.8356
36.8356
36.8356
36.8356
36.8356
36.8356
36.8356
12.7995
12.7996
12.7996
12.7996
12.7996
12.7996
12.7996
12.7996
12.7996
12.7996
12.7996
12.7996
12.7996
12.7995
12.7996
12.7996
12.7996
12.7996
12.7996
12.7996
12.7996
12.7996
12.7996
12.7996
12.7996
12.7995
12.7995
12.7995
12.7995
12.7995
12.7995
12.7995
12.7995
12.7995
12.7995
12.7995
12.7995
12.7995
12.7995
12.7995
12.7995
12.7995
12.7995
12.7995
12.7995
12.7995
12.7995
12.7995
12.7995
12.7995
12.7995
12.7995
12.7995
12.7995
12.7995
12.7995
12.7995
12.7995
12.7995
12.7995
12.7995
12.7995
12.7995
12.7995
12.7995
12.7995
12.7995
12.7995
12.7995
12.7995
12.7995
12.7995
12.7995
12.7995
12.7995
12.7995
12.7995
12.7995
12.7995
12.7995
12.7995
12.7995
12.7995
12.7995
12.7995
12.7995
12.7995
12.7995
12.7995
12.7995
12.7995
12.7995
12.7995
12.7995
12.7995
12.7995
36.8321
36.8318
36.8316
36.8315
36.8314
36.8313
36.8313
36.8312
36.8312
36.8311
36.8311
36.8310
36.8311
36.8311
36.8311
36.8311
36.8312
36.8312
36.7171
36.5984
36.4941
36.3979
36.3076
36.2123
36.1229
36.0394
35.9591
35.8815
35.8044
35.7323
35.7139
35.7260
35.7754
35.8273
35.8852
35.9525
36.0713
36.1801
36.2857
36.4310
36.6055
36.7609
36.8325
36.8325
36.8326
36.8327
36.8327
36.8328
36.8328
36.8329
36.8329
36.8330
36.8330
36.8331
36.8331
36.8332
36.8333
36.8333
36.8334
36.8334
36.8335
36.8335
36.8337
36.8338
36.8338
36.8339
36.8339
36.8340
36.8340
36.8341
36.8341
36.8342
36.8342
36.8343
36.8343
36.8344
36.8344
36.8345
36.8346
36.8346
36.8347
36.8347
36.8348
36.8349
36.8349
36.8349
36.8349
36.8349
36.8350
36.8350
36.8350
36.8350
36.8350
36.8350
36.8351
36.8351
36.8351
36.8351
36.8351
36.8351
36.8352
36.8352
36.8352
36.8352
36.8352
36.8352
36.8352
36.8352
36.8352
36.8352
36.8353
36.8353
36.8353
36.8353
36.8353
36.8353
36.8353
36.8354
36.8354
36.8354
36.8354
36.8354
36.8354
36.8355
36.8355
36.8355
36.8355
36.8355
36.8355
36.8355
36.8355
36.8355
36.8356
36.8356
36.8356
36.8356
36.8356
36.8356
36.8356
36.8356
36.8357
36.8357
36.8357
36.8357
36.8357
36.8357
36.8357
36.8357
36.8357
36.8357
36.8357
36.8357
36.8358
36.8358
36.8358
36.8358
36.8358
36.8358
36.8358
36.8358
36.8358
36.8358
36.8358
36.8358
36.8358
36.8358
36.8358
36.8357
36.8357
36.8357
36.8357
36.8357
36.8357
36.8357
36.8357
36.8357
36.8357
36.8357
36.8357
36.8357
36.8357
36.8357
36.8357
36.8357
36.8357
36.8357
36.8357
36.8357
36.8357
36.8357
36.8357
36.8357
12.5591
12.7879
12.7815
12.7880
12.7918
12.7945
12.7957
12.7971
12.7980
12.7987
12.7991
12.7994
12.7997
12.7998
12.7999
12.8000
12.8000
12.8000
12.8000
12.8000
12.8000
12.8000
12.8000
12.7999
12.8318
12.7822
12.7997
12.8002
12.8186
12.8011
12.7831
12.8368
12.8131
12.8125
12.8039
12.8023
12.8122
12.8048
12.8025
12.8019
12.8018
12.8017
12.8003
12.8032
12.8012
12.8012
12.8012
12.8018
12.8011
12.8023
12.8016
12.8016
12.8022
12.8015
12.8015
12.8009
12.8009
12.8020
12.8013
12.8019
12.8001
12.8019
12.8010
12.7996
12.8025
12.8027
12.7997
12.8031
12.8010
12.8007
12.8014
12.8013
12.8005
12.8017
12.8010
12.7987
12.8003
12.8009
12.8000
12.8011
12.8004
12.8012
12.8007
12.8005
12.8005
12.8004
12.8004
12.7988
12.8010
12.8009
12.8004
12.8000
12.8007
12.7999
12.8006
12.8005
36.8182
36.8182
40.0110
38.5486
40.0106
40.0093
40.0087
40.0083
40.0081
40.0080
40.0080
40.0081
40.0082
40.0083
40.0085
40.0087
40.0089
40.0091
40.0093
40.0095
40.0097
40.0100
40.0102
40.0105
40.0107
40.0110
40.0113
40.0115
40.0118
40.0121
40.0124
40.0127
40.0129
40.0132
40.0134
40.0137
40.0139
40.0142
40.0144
40.0147
40.0149
40.0151
40.0153
40.0155
40.0156
40.0157
40.0157
40.0157
40.0155
40.0151
40.0149
34.7793
34.8040
35.4236
35.8481
36.1992
36.5578
36.9322
37.3238
37.7329
38.1754
40.0475
40.0414
40.0360
40.0313
40.0273
40.0239
40.0211
40.0187
40.0168
40.0152
40.0139
40.0128
40.0119
40.0111
40.0105
40.0101
40.0097
40.0094
40.0091
40.0089
40.0087
40.0086
40.0085
40.0084
40.0083
40.0082
40.0081
40.0080
40.0080
40.0079
40.0079
40.0079
40.0078
40.0078
40.0078
40.0078
40.0078
40.0077
40.0077
40.0077
40.0077
40.0077
40.0076
40.0076
40.0076
40.0076
40.0076
40.0158
40.0209
40.0233
40.0245
40.0253
40.0257
40.0261
40.0263
40.0264
40.0265
40.0265
40.0265
40.0266
40.0266
40.0265
40.0265
40.0265
40.0105
39.9269
39.7967
39.6216
39.4035
39.1443
