0.2000
0.2000
0.2000
0.2000
0.2000
0.2000
0.2000
0.2000
0.2000
0.2000
0.2000
0.2000
0.2000
0.2000
0.2000
0.2000
0.2000
0.2000
0.2000
0.2000
0.2000
0.2000
0.2000
0.2000
0.2000
0.2000
0.2000
0.2000
0.2000
0.2000
0.2000
0.2000
0.2000
0.2000
0.2000
0.2000
0.2000
0.2000
0.2000
0.2000
0.2000
0.2000
0.2000
0.2000
0.2000
0.2000
0.2000
0.2000
0.2000
0.2000
0.2000
0.2000
0.2000
0.2000
0.2000
0.2000
0.2000
0.2000
0.2000
0.2000
0.2000
0.2000
0.2000
0.2000
0.2000
0.2000
0.2000
0.2000
0.2000
0.2000
0.2000
0.2000
0.2000
0.2000
0.2000
0.2000
0.2000
0.2000
0.2000
0.2000
0.2000
0.2000
0.2000
0.2000
0.2000
0.2000
0.2000
0.2000
0.2000
0.2000
0.2000
0.2000
0.3971
0.4937
0.5140
0.5367
0.5484
0.5678
0.5965
0.6047
0.6130
0.6208
0.6282
0.6351
0.6521
0.6598
0.6662
0.6730
0.6796
0.6955
0.7118
0.7091
0.7154
0.7216
0.7277
0.7339
0.7400
0.7461
0.7522
0.7583
0.7549
0.7599
0.7557
0.7600
0.7550
0.7694
0.7743
0.7881
0.8115
0.8160
0.8203
0.8243
0.8283
0.8321
0.8358
0.8394
0.8420
0.8463
0.8412
0.8339
0.8370
0.8404
0.8342
0.8376
0.8405
0.8424
0.8449
0.8471
0.8485
0.8504
0.8523
0.8545
0.8662
0.8688
0.8714
0.8643
0.8666
0.8690
0.8714
0.8745
0.8775
0.8801
0.8828
0.8844
0.8854
0.8862
0.8867
0.8966
0.8971
0.8964
0.9050
0.9032
0.9015
0.9000
0.8984
0.8977
0.8877
0.8875
0.8883
0.8884
0.8885
0.8899
0.8818
0.8827
0.8851
0.8870
0.8888
0.8899
0.8906
0.8910
0.8912
0.8915
0.8916
0.8895
0.8868
0.8842
0.8908
0.8880
0.8756
0.8707
0.8651
0.8591
0.8529
0.8463
0.8390
0.8338
0.7897
0.7834
0.7769
0.7700
0.7642
0.7593
0.4247
0.4031
0.3906
0.3802
0.3723
0.3640
0.3563
0.3494
0.3427
0.3363
0.3302
0.3247
0.3198
0.3150
0.3106
0.3065
0.3024
0.2988
0.2953
0.2921
0.2889
0.2859
0.2829
0.2800
0.2771
0.2742
0.2715
0.2687
0.2659
0.2629
0.2598
0.2567
0.2537
0.2506
0.2475
0.2444
0.2412
0.2381
0.2350
0.2319
0.2287
0.2268
0.2250
0.2234
0.2219
0.2203
0.2189
0.2174
0.2161
0.2147
0.2134
0.2121
0.2108
0.2000
0.2000
0.2000
0.2000
0.2000
0.2000
0.2000
0.2000
0.2000
0.2000
0.2000
0.2000
0.2000
0.2000
0.2000
0.2000
0.2000
0.2000
0.2000
0.2000
0.2000
0.2000
0.2000
0.2000
0.2000
0.2000
0.2000
0.2000
0.2000
0.2000
0.2000
0.2000
0.2000
0.2000
0.2000
0.2000
0.2000
0.2000
0.2000
0.2000
0.2000
0.2000
0.2000
0.2000
0.2000
0.2000
0.2000
0.2000
0.2000
0.2000
0.2000
0.2000
0.2000
0.2000
0.2000
0.2000
0.2000
0.2000
0.2000
0.2000
0.2000
0.2000
0.2000
0.2000
0.2000
0.2000
0.2000
0.2000
0.2000
0.2000
0.2000
0.2000
0.2000
0.2000
0.2000
0.2000
0.2000
0.2000
0.2000
0.2000
0.2000
0.2000
0.2000
0.2000
0.2000
0.2000
0.2000
0.2000
0.2000
0.2000
0.2000
0.2000
0.2000
0.2000
0.2000
0.2000
0.2000
0.2000
0.2000
0.2000
0.2000
0.2000
0.2000
0.2000
0.2000
0.2000
0.2000
0.2000
0.2000
0.2000
0.2000
0.2000
0.2000
0.2000
0.2000
0.2000
0.2000
0.2000
0.5256
0.5514
0.5670
0.5791
0.5904
0.6105
0.6305
0.6407
0.6493
0.6760
0.6837
0.6911
0.6980
0.7141
0.7210
0.7183
0.7246
0.7404
0.7470
0.7534
0.7589
0.7640
0.7686
0.7729
0.7864
0.7908
0.7755
0.7695
0.7732
0.7751
0.7894
0.7930
0.7975
0.8039
0.8169
0.8224
0.8277
0.8330
0.8267
0.8291
0.8315
0.8339
0.8360
0.8288
0.8300
0.8310
0.8317
0.8323
0.8328
0.8331
0.8380
0.8498
0.8606
0.8619
0.8629
0.8638
0.8656
0.8582
0.8604
0.8627
0.8556
0.8579
0.2000
0.2000
0.2000
0.2000
0.2000
0.2000
0.2000
0.2000
0.2000
0.2000
0.2000
0.2000
0.2000
0.2000
0.2000
0.2000
0.2000
0.2000
0.2000
0.2000
0.2000
0.2000
0.2000
0.2000
0.2000
0.2000
0.2000
0.2000
0.2000
0.2000
0.2000
0.2000
0.2000
0.2000
0.2000
0.2000
0.2000
0.2000
0.2000
0.2000
0.2000
0.2000
0.2000
0.2000
0.2000
0.2000
0.2000
0.2000
1.0000
1.0000
1.0000
1.0000
1.0000
0.9891
0.9454
0.5898
0.5522
0.5271
0.5064
0.4895
0.4741
0.4594
0.4476
0.4359
0.4250
0.4147
0.4059
0.3981
0.3908
0.3840
0.3776
0.3715
0.3658
0.3603
0.3551
0.3501
0.3453
0.3407
0.3363
0.3321
0.3278
0.3236
0.3194
0.3153
0.3120
0.3090
0.3061
0.3033
0.3006
0.2979
0.2954
0.2929
0.2905
0.2881
0.2857
0.2834
0.2812
0.2790
0.2770
0.2749
0.2729
0.2709
0.2689
0.2670
0.2651
0.2632
0.2613
0.2595
0.2000
0.2000
0.2000
0.2000
0.2000
0.2000
0.2000
0.2000
0.2000
0.2000
0.2000
0.2000
0.2000
0.2000
0.2000
0.2000
0.2000
0.2000
0.2000
0.2000
0.2000
0.2000
0.2000
0.2000
0.2000
0.2000
0.2000
0.2000
0.2000
0.2000
0.2000
0.2000
0.2000
0.2000
0.2000
0.2000
0.2000
0.2000
0.2000
0.2000
0.2000
0.2000
0.2000
0.2000
0.2000
0.2000
0.2000
0.2000
0.2000
0.2000
0.2000
0.2000
0.2000
0.2000
0.2000
0.2000
0.2000
0.2000
0.2000
0.2000
0.2000
0.2000
0.2000
0.2000
0.2000
0.2000
0.2000
0.2000
0.2000
0.2000
0.2000
0.2000
0.2000
0.2000
0.2000
0.2000
0.2000
0.2000
0.2000
0.2000
0.2000
0.2000
0.2000
0.2000
0.2000
0.2000
0.2000
0.2000
0.2000
0.2000
0.2000
0.2000
0.2000
0.2000
0.2000
0.2000
0.2000
0.2000
0.2000
0.2000
0.2000
0.2000
0.2000
0.2000
0.2000
0.2000
0.2000
0.2000
0.2165
0.5365
0.5566
0.5681
0.5774
0.5854
0.5931
0.6003
0.6063
0.6125
0.6186
0.6234
0.6400
0.6741
0.6803
0.6771
0.6830
0.6985
0.7041
0.7094
0.7148
0.7200
0.7260
0.7306
0.7356
0.7408
0.7553
0.7512
0.7563
0.7616
0.7646
0.7664
0.7680
0.7691
0.7700
0.7707
0.7714
0.7908
0.7915
0.7919
0.7921
0.7921
0.8046
0.8095
0.8147
0.8204
0.8262
0.8322
0.8382
0.8350
0.8410
0.8473
0.8536
0.8593
0.8416
0.8528
0.8546
0.8569
0.8591
0.8571
0.8660
0.8586
0.8607
0.8626
0.8644
0.8667
0.8694
0.8819
0.8757
0.8787
0.8722
0.8745
0.8774
0.8798
0.8840
0.8866
0.8896
0.8925
0.8956
0.8989
0.9022
0.9053
0.9181
0.9216
0.9327
0.9336
0.9350
0.9361
0.9367
0.9375
0.9380
0.9386
0.9389
0.9394
0.9296
0.9299
0.9302
0.9305
0.9307
0.9308
0.9309
0.9309
0.9305
0.9297
0.9289
0.9277
0.9267
0.9256
0.9333
0.9319
0.9302
0.9189
0.9167
0.9146
0.9122
0.9096
0.9054
0.9020
0.8990
0.8961
0.8920
0.8491
0.8444
0.8387
0.8323
0.8289
0.8242
0.4798
0.4560
0.4425
0.4315
0.4217
0.4126
0.4036
0.3963
0.3888
0.3817
0.3747
0.3687
0.3631
0.3578
0.3527
0.3478
0.3431
0.3387
0.3344
0.3303
0.3263
0.3225
0.3188
0.3151
0.3116
0.3083
0.3051
0.3017
0.2982
0.2960
0.2942
0.2925
0.2908
0.2893
0.2878
0.2864
0.2850
0.2837
0.2823
0.2811
0.2798
0.2786
0.2773
0.2761
0.2750
0.2738
0.2726
0.2715
0.2704
0.2692
0.2681
0.2670
0.2659
0.2000
0.2000
0.2000
0.2000
0.2000
0.2000
0.2000
0.2000
0.2000
0.2000
0.2000
0.2000
0.2000
0.2000
0.2000
0.2000
0.2000
0.2000
0.2000
0.2000
0.2000
0.2000
0.2000
0.2000
0.2000
0.2000
0.2000
0.2000
0.2000
0.2000
0.2000
0.2000
0.2000
0.2000
0.2000
0.2000
0.2000
0.2000
0.2000
0.2000
0.2000
0.2000
0.2000
0.2000
0.2000
0.2000
0.2000
0.2000
0.2000
0.2000
0.2000
0.2000
0.2000
0.2000
0.2000
0.2000
0.2000
0.2000
0.2000
0.2000
0.2000
0.2000
0.2000
0.2000
0.2000
0.2000
0.2000
0.2000
0.2000
0.2000
0.2000
0.2000
0.2000
0.2000
0.2000
0.2000
0.2000
0.2000
0.2000
0.2000
0.2000
0.2000
0.2000
0.2000
0.2000
0.2000
0.2000
0.2000
0.2000
0.2000
0.2000
0.2000
0.2000
0.2000
0.2000
0.2000
0.2000
0.2000
0.2000
0.2000
0.2000
0.2000
0.2000
0.2000
0.2000
0.2000
0.2000
0.2000
0.2064
0.2129
0.2179
0.2224
0.2290
0.2340
0.2377
0.5768
0.5981
0.6111
0.6218
0.6408
0.6601
0.6688
0.6867
0.6950
0.7030
0.7108
0.7174
0.7330
0.7389
0.7443
0.7495
0.7544
0.7678
0.7722
0.7578
0.7615
0.7653
0.7690
0.7741
0.7891
0.7951
0.8010
0.8071
0.8132
0.8194
0.8256
0.8318
0.8285
0.8318
0.8487
0.8546
0.8698
0.8754
0.8787
0.8826
0.8871
0.8900
0.9022
0.9049
0.9076
0.9101
0.9126
0.8862
0.8789
0.8806
0.8824
0.8843
0.8861
0.8879
0.8788
0.8811
0.8823
0.8836
0.8851
0.8866
0.8976
0.8995
0.9012
0.8944
0.8945
0.8960
0.8973
0.8990
0.9004
0.9208
0.9225
0.9247
0.9268
0.9197
0.9222
0.9347
0.9376
0.9492
0.9702
0.9726
0.9746
0.9780
0.9806
0.9813
0.9612
0.9599
0.9589
0.9578
0.9565
0.9551
0.9534
0.9515
0.9495
0.9472
0.9460
0.9447
0.9419
0.9397
0.9379
0.9362
0.9470
0.9463
0.9354
0.9336
0.9320
0.9297
0.9277
0.9252
0.9224
0.9194
0.9163
0.9132
0.9100
0.9025
0.8885
0.8832
0.8782
0.8728
0.8683
0.8637
0.8293
0.8159
0.8104
0.8057
0.8008
1.0000
1.0000
1.0000
1.0000
1.0000
1.0000
1.0000
1.0000
1.0000
1.0000
1.0000
1.0000
1.0000
1.0000
1.0000
1.0000
1.0000
1.0000
1.0000
1.0000
1.0000
1.0000
1.0000
1.0000
1.0000
1.0000
1.0000
1.0000
1.0000
1.0000
1.0000
1.0000
1.0000
1.0000
1.0000
1.0000
1.0000
1.0000
1.0000
1.0000
1.0000
1.0000
1.0000
1.0000
1.0000
1.0000
1.0000
1.0000
1.0000
1.0000
1.0000
1.0000
1.0000
1.0000
1.0000
1.0000
1.0000
1.0000
1.0000
1.0000
1.0000
1.0000
1.0000
1.0000
1.0000
1.0000
1.0000
1.0000
1.0000
1.0000
1.0000
1.0000
1.0000
1.0000
1.0000
1.0000
1.0000
1.0000
1.0000
1.0000
1.0000
1.0000
1.0000
1.0000
1.0000
1.0000
1.0000
1.0000
1.0000
1.0000
1.0000
1.0000
1.0000
1.0000
1.0000
1.0000
1.0000
1.0000
1.0000
1.0000
1.0000
1.0000
1.0000
1.0000
1.0000
1.0000
1.0000
1.0000
1.0000
1.0000
1.0000
1.0000
1.0000
1.0000
1.0000
1.0000
1.0000
1.0000
1.0000
1.0000
1.0000
1.0000
1.0000
1.0000
1.0000
1.0000
1.0000
1.0000
1.0000
1.0000
1.0000
1.0000
1.0000
1.0000
1.0000
1.0000
1.0000
1.0000
1.0000
1.0000
1.0000
1.0000
1.0000
1.0000
1.0000
1.0000
1.0000
1.0000
1.0000
1.0000
1.0000
1.0000
1.0000
1.0000
1.0000
1.0000
1.0000
1.0000
1.0000
1.0000
1.0000
1.0000
1.0000
1.0000
1.0000
1.0000
1.0000
1.0000
1.0000
1.0000
1.0000
1.0000
1.0000
1.0000
1.0000
1.0000
1.0000
1.0000
1.0000
1.0000
1.0000
1.0000
1.0000
1.0000
1.0000
1.0000
1.0000
1.0000
1.0000
1.0000
1.0000
1.0000
1.0000
1.0000
1.0000
1.0000
1.0000
1.0000
1.0000
1.0000
1.0000
1.0000
1.0000
1.0000
1.0000
1.0000
1.0000
1.0000
1.0000
1.0000
1.0000
1.0000
1.0000
1.0000
1.0000
1.0000
1.0000
1.0000
1.0000
1.0000
1.0000
1.0000
1.0000
1.0000
1.0000
1.0000
1.0000
1.0000
1.0000
1.0000
1.0000
1.0000
1.0000
1.0000
1.0000
1.0000
1.0000
1.0000
1.0000
1.0000
1.0000
1.0000
1.0000
1.0000
1.0000
1.0000
1.0000
1.0000
1.0000
1.0000
1.0000
1.0000
1.0000
1.0000
1.0000
1.0000
1.0000
1.0000
1.0000
1.0000
1.0000
1.0000
1.0000
1.0000
1.0000
1.0000
1.0000
1.0000
1.0000
1.0000
1.0000
1.0000
1.0000
1.0000
1.0000
1.0000
1.0000
1.0000
1.0000
1.0000
1.0000
1.0000
1.0000
1.0000
1.0000
1.0000
1.0000
1.0000
1.0000
1.0000
1.0000
1.0000
1.0000
1.0000
1.0000
1.0000
1.0000
1.0000
1.0000
1.0000
1.0000
1.0000
1.0000
1.0000
1.0000
1.0000
1.0000
1.0000
1.0000
1.0000
1.0000
1.0000
1.0000
1.0000
1.0000
1.0000
1.0000
1.0000
1.0000
1.0000
1.0000
1.0000
1.0000
1.0000
1.0000
1.0000
1.0000
1.0000
1.0000
1.0000
1.0000
1.0000
1.0000
1.0000
1.0000
1.0000
1.0000
1.0000
1.0000
1.0000
1.0000
1.0000
1.0000
1.0000
1.0000
1.0000
1.0000
1.0000
1.0000
1.0000
1.0000
1.0000
1.0000
1.0000
1.0000
1.0000
1.0000
1.0000
1.0000
1.0000
1.0000
1.0000
1.0000
1.0000
1.0000
1.0000
1.0000
1.0000
1.0000
1.0000
1.0000
1.0000
1.0000
1.0000
1.0000
1.0000
1.0000
1.0000
1.0000
1.0000
1.0000
1.0000
1.0000
1.0000
1.0000
1.0000
1.0000
1.0000
1.0000
1.0000
1.0000
1.0000
1.0000
1.0000
1.0000
1.0000
1.0000
1.0000
1.0000
1.0000
1.0000
1.0000
1.0000
1.0000
1.0000
1.0000
1.0000
1.0000
1.0000
1.0000
1.0000
1.0000
1.0000
1.0000
1.0000
1.0000
1.0000
1.0000
1.0000
1.0000
1.0000
1.0000
1.0000
1.0000
1.0000
1.0000
1.0000
1.0000
1.0000
1.0000
1.0000
1.0000
1.0000
1.0000
1.0000
1.0000
1.0000
1.0000
1.0000
1.0000
1.0000
1.0000
1.0000
1.0000
1.0000
1.0000
1.0000
1.0000
1.0000
1.0000
1.0000
1.0000
1.0000
1.0000
1.0000
1.0000
1.0000
1.0000
1.0000
1.0000
1.0000
1.0000
1.0000
1.0000
1.0000
1.0000
1.0000
1.0000
1.0000
1.0000
1.0000
1.0000
1.0000
1.0000
1.0000
1.0000
1.0000
1.0000
1.0000
1.0000
1.0000
1.0000
1.0000
1.0000
1.0000
1.0000
1.0000
1.0000
1.0000
1.0000
1.0000
1.0000
1.0000
1.0000
1.0000
1.0000
1.0000
1.0000
1.0000
1.0000
1.0000
1.0000
1.0000
1.0000
1.0000
1.0000
1.0000
1.0000
1.0000
1.0000
1.0000
1.0000
1.0000
1.0000
1.0000
1.0000
1.0000
1.0000
1.0000
1.0000
1.0000
1.0000
1.0000
1.0000
1.0000
1.0000
1.0000
1.0000
1.0000
1.0000
1.0000
1.0000
1.0000
1.0000
1.0000
1.0000
1.0000
1.0000
1.0000
1.0000
1.0000
1.0000
1.0000
1.0000
1.0000
1.0000
1.0000
1.0000
1.0000
1.0000
1.0000
1.0000
1.0000
1.0000
1.0000
1.0000
1.0000
1.0000
1.0000
1.0000
1.0000
1.0000
1.0000
1.0000
1.0000
1.0000
1.0000
1.0000
1.0000
1.0000
1.0000
1.0000
1.0000
1.0000
1.0000
1.0000
1.0000
1.0000
1.0000
1.0000
1.0000
1.0000
1.0000
1.0000
1.0000
1.0000
1.0000
1.0000
1.0000
1.0000
1.0000
1.0000
1.0000
1.0000
1.0000
1.0000
1.0000
1.0000
1.0000
1.0000
1.0000
1.0000
1.0000
1.0000
1.0000
1.0000
1.0000
1.0000
1.0000
1.0000
1.0000
1.0000
1.0000
1.0000
1.0000
1.0000
1.0000
1.0000
1.0000
1.0000
1.0000
1.0000
1.0000
1.0000
1.0000
1.0000
1.0000
1.0000
1.0000
1.0000
1.0000
1.0000
1.0000
1.0000
1.0000
1.0000
1.0000
1.0000
1.0000
1.0000
1.0000
1.0000
1.0000
1.0000
1.0000
1.0000
1.0000
1.0000
1.0000
1.0000
1.0000
1.0000
1.0000
1.0000
1.0000
1.0000
1.0000
1.0000
1.0000
1.0000
1.0000
1.0000
1.0000
1.0000
1.0000
1.0000
1.0000
1.0000
1.0000
1.0000
1.0000
1.0000
1.0000
1.0000
1.0000
1.0000
1.0000
1.0000
1.0000
1.0000
1.0000
1.0000
1.0000
1.0000
1.0000
1.0000
1.0000
1.0000
1.0000
1.0000
1.0000
1.0000
1.0000
1.0000
1.0000
1.0000
1.0000
1.0000
1.0000
1.0000
1.0000
1.0000
1.0000
1.0000
1.0000
1.0000
1.0000
1.0000
0.2000
0.2000
0.2000
0.2000
0.2000
0.2000
0.2000
0.2000
0.2000
0.2000
0.2000
0.2000
0.2000
0.2000
0.2000
0.2000
0.2000
0.2000
0.2000
0.2000
0.2000
0.2000
0.2000
0.2000
0.2000
0.2000
0.2000
0.2000
0.2000
0.2000
0.2000
0.3814
0.4866
0.5066
0.5196
0.5309
0.5506
0.5798
0.5884
0.5972
0.6137
0.6211
0.6295
0.6477
0.6550
0.6628
0.6708
0.6882
0.6964
0.6950
0.7025
0.7099
0.7265
0.7338
0.7397
0.7450
0.7500
0.7452
0.7495
0.7537
0.7576
0.7611
0.7650
0.7685
0.7721
0.7752
0.7801
0.7857
0.8009
0.8072
0.8134
0.8197
0.8246
0.8296
0.8344
0.8392
0.8440
0.8393
0.8330
0.8355
0.8380
0.8402
0.8420
0.8443
0.8461
0.8477
0.8494
0.8509
0.8523
0.8539
0.8555
0.8521
0.8517
0.8528
0.8446
0.8459
0.8475
0.8494
0.8508
0.8516
0.8540
0.8563
0.8583
0.8614
0.8646
0.8680
0.8811
0.8848
0.8879
0.9099
0.9131
0.9161
0.9190
0.9219
0.9221
0.9208
0.9198
0.9179
0.9158
0.9140
0.9115
0.8990
0.8955
0.8920
0.8884
0.8847
0.8824
0.8806
0.8788
0.8770
0.8754
0.8738
0.8723
0.8803
0.8696
0.8680
0.8664
0.8650
0.8628
0.8603
0.8577
0.8549
0.8520
0.8495
0.8461
0.8033
0.7999
0.7955
0.7911
0.7872
0.7835
0.7701
0.7671
0.7637
0.4303
0.4084
0.3968
0.3861
0.3794
0.3724
0.3662
0.3604
0.3556
0.3513
0.3473
0.3436
0.3402
0.3371
0.3338
0.3303
0.3270
0.3239
0.3208
0.3177
0.3147
0.3117
0.3087
0.3058
0.3028
0.2999
0.2979
0.2960
0.2943
0.2926
0.2910
0.2894
0.2878
0.2863
0.2847
0.2833
0.2818
0.2803
0.2788
0.2773
0.2759
0.2744
0.2729
0.2715
0.2700
0.2686
0.2671
0.2657
0.2642
0.2627
0.2000
0.2000
0.2000
0.2000
0.2000
0.2000
0.2000
0.2000
0.2000
0.2000
0.2000
0.2000
0.2000
0.2000
0.2000
0.2000
0.2000
0.2000
0.2000
0.2000
0.2000
0.2000
0.2000
0.2000
1.0000
1.0000
1.0000
1.0000
1.0000
1.0000
1.0000
1.0000
1.0000
1.0000
1.0000
1.0000
1.0000
1.0000
1.0000
1.0000
1.0000
1.0000
1.0000
1.0000
1.0000
1.0000
1.0000
1.0000
1.0000
1.0000
1.0000
1.0000
1.0000
1.0000
1.0000
1.0000
1.0000
1.0000
1.0000
1.0000
1.0000
1.0000
1.0000
1.0000
1.0000
1.0000
1.0000
1.0000
1.0000
1.0000
1.0000
1.0000
1.0000
1.0000
1.0000
1.0000
1.0000
1.0000
1.0000
1.0000
1.0000
1.0000
1.0000
1.0000
1.0000
1.0000
1.0000
1.0000
1.0000
1.0000
1.0000
1.0000
1.0000
1.0000
1.0000
1.0000
1.0000
1.0000
1.0000
1.0000
1.0000
1.0000
1.0000
1.0000
1.0000
1.0000
1.0000
1.0000
0.2000
0.2000
0.2000
0.2000
0.2000
0.2000
0.2000
0.2000
0.2000
0.2000
0.2000
0.2000
0.2000
0.2000
0.2000
0.2000
0.2000
0.2000
0.2000
0.2000
0.2000
0.2000
0.2000
0.2000
0.2000
0.2000
0.2000
0.2000
0.2000
0.2000
0.2000
0.2000
0.2000
0.2000
0.2000
0.2000
0.2000
0.2000
0.2000
0.2000
0.2000
0.2000
0.2000
0.2000
0.2000
0.2000
0.2000
0.2000
0.2000
0.2000
0.2000
0.2000
0.2000
0.2000
0.2000
0.2000
0.2000
0.2000
0.2000
0.2000
0.2000
0.2000
0.2000
0.2000
0.2000
0.2000
0.2000
0.2000
0.2022
0.2000
0.2000
0.2000
0.2000
1.0000
0.2498
0.2000
0.2000
0.2000
0.2000
0.2000
0.2000
0.2000
0.2000
1.0000
0.2807
0.2000
0.2000
0.2000
0.2000
0.2000
0.2000
0.2000
0.2000
0.2000
1.0000
0.3442
0.2123
0.2063
0.2068
0.2077
1.0000
0.3602
0.2199
0.2131
0.2133
0.2139
0.2145
0.2151
0.2190
1.0000
0.3725
0.2261
0.2184
0.2181
0.2180
0.2179
1.0000
0.3718
0.2269
0.2189
0.2170
0.2017
0.2000
0.2000
0.2000
0.2000
1.0000
0.3243
0.2000
0.2000
0.2000
0.2000
0.2000
0.2000
0.2000
0.2000
0.2000
0.2000
0.2000
0.2000
0.2000
0.2000
0.2000
0.2000
0.2000
0.2000
0.2000
0.2000
0.2000
0.2000
0.2000
0.2000
0.2000
0.2000
0.2000
0.2000
0.2000
0.2000
0.2000
0.2000
0.2000
0.2000
0.2000
0.2000
0.2000
0.2000
0.2000
0.2000
0.2000
0.2000
0.2000
0.2000
0.2000
0.2000
0.2000
0.2000
0.2000
0.2000
0.2000
0.2000
1.0000
1.0000
1.0000
1.0000
1.0000
1.0000
1.0000
1.0000
1.0000
1.0000
1.0000
1.0000
1.0000
1.0000
1.0000
1.0000
1.0000
1.0000
1.0000
1.0000
1.0000
1.0000
1.0000
1.0000
1.0000
1.0000
1.0000
1.0000
1.0000
1.0000
1.0000
1.0000
1.0000
1.0000
1.0000
1.0000
1.0000
1.0000
1.0000
1.0000
1.0000
1.0000
1.0000
1.0000
1.0000
1.0000
1.0000
1.0000
1.0000
1.0000
1.0000
1.0000
1.0000
1.0000
1.0000
1.0000
1.0000
1.0000
1.0000
1.0000
1.0000
1.0000
1.0000
1.0000
1.0000
1.0000
1.0000
1.0000
1.0000
1.0000
1.0000
1.0000
1.0000
1.0000
1.0000
1.0000
1.0000
1.0000
1.0000
1.0000
1.0000
1.0000
1.0000
1.0000
1.0000
1.0000
1.0000
1.0000
1.0000
1.0000
1.0000
1.0000
1.0000
1.0000
1.0000
1.0000
1.0000
1.0000
1.0000
1.0000
1.0000
1.0000
1.0000
1.0000
1.0000
1.0000
1.0000
1.0000
0.2000
0.2000
0.2000
0.2000
0.2000
0.2000
0.2000
0.2000
0.2000
0.2000
0.2000
0.2000
0.2000
0.2000
0.2000
0.2000
0.2000
0.2000
0.2000
0.2000
0.2000
0.2000
0.2000
0.2000
0.2000
0.2000
0.2000
0.2000
0.2000
0.2000
0.2000
0.2000
0.2000
0.2000
0.2000
0.2000
0.2000
0.2000
0.2000
0.2000
0.2000
0.2000
0.2000
0.2000
0.2000
0.2000
0.2000
0.2000
0.2000
0.2000
0.2000
0.2000
0.2000
0.2000
0.2000
0.2000
0.2196
0.2000
0.2000
0.2000
0.2723
0.2000
0.2000
0.2000
0.2000
0.2000
0.2000
0.2000
0.2000
0.2004
1.0000
0.3430
0.2152
0.2127
0.2135
0.2147
0.2159
0.2171
0.2183
0.2161
0.2174
0.2187
0.2239
0.2256
0.2299
0.2307
0.2315
0.2322
0.2328
0.2333
0.2340
0.2312
0.2319
0.2324
0.2296
0.2304
0.2310
0.2317
0.2323
0.2329
0.2335
0.2340
0.2339
0.2334
0.2328
0.2320
0.2310
0.2300
0.2325
0.2316
0.2306
0.2297
0.2286
0.2275
0.2266
0.2258
0.2250
0.2242
0.2234
0.2226
0.2214
0.2133
0.2052
0.2037
0.2023
0.2009
0.2000
0.2000
0.2000
0.2000
0.2000
0.2000
0.2000
0.2000
0.2000
0.2000
0.2000
0.2000
0.2000
0.2000
0.2000
0.2000
0.2000
0.2000
0.2000
0.2000
0.2000
0.2000
0.2000
0.2000
0.2000
0.2000
0.2000
0.2000
0.2000
0.2000
0.2000
0.2000
0.2000
0.2000
0.2000
0.2000
0.2000
0.2000
0.2000
0.2000
0.2000
0.2000
0.2000
0.2000
0.2000
0.2000
0.2000
0.2000
0.2000
0.2000
0.2000
0.2000
0.2000
0.2000
1.0000
1.0000
1.0000
1.0000
1.0000
1.0000
1.0000
1.0000
1.0000
1.0000
1.0000
1.0000
1.0000
1.0000
1.0000
1.0000
1.0000
1.0000
1.0000
1.0000
1.0000
1.0000
1.0000
1.0000
0.2000
0.2000
0.2000
0.2000
0.2000
0.2000
0.2000
0.2000
0.2000
0.2000
0.2000
0.2000
0.2000
0.2000
0.2000
0.2000
0.2000
0.2000
0.2000
0.2000
0.2000
0.2000
0.2000
0.2000
0.2000
0.2000
0.2000
0.2000
0.2000
0.2000
0.2000
0.2000
0.2000
0.2000
0.2000
0.2000
0.2000
0.2000
0.2000
0.2000
0.2000
0.2000
0.2000
0.2000
0.2000
0.2000
0.2000
0.2000
0.2000
0.2000
0.2000
0.2000
0.2000
0.2000
0.2000
0.2000
0.2000
0.2000
0.2000
0.2000
0.2000
0.2000
0.2000
0.2000
0.2000
0.2000
0.2000
0.2000
0.2000
0.2000
0.2000
0.2000
0.2000
0.2000
0.2000
0.2000
0.2000
0.2000
0.2000
0.2000
0.2000
0.2000
0.2000
0.2000
0.4494
0.3345
0.6552
0.6753
0.6879
0.6985
0.7087
0.7279
0.7371
0.7469
0.7551
0.7638
0.7819
0.7907
0.8076
0.8148
0.8223
0.8301
0.8370
0.8625
0.8691
0.8754
0.8911
0.8973
0.8937
0.8992
0.9047
0.9102
0.9156
0.9209
0.9256
0.9301
0.9344
0.9386
0.9426
0.9466
1.0000
1.0000
1.0000
1.0000
1.0000
1.0000
1.0000
1.0000
1.0000
1.0000
1.0000
1.0000
1.0000
1.0000
1.0000
1.0000
1.0000
1.0000
1.0000
1.0000
1.0000
1.0000
1.0000
1.0000
1.0000
1.0000
1.0000
1.0000
1.0000
1.0000
1.0000
1.0000
1.0000
1.0000
1.0000
1.0000
1.0000
1.0000
1.0000
1.0000
1.0000
1.0000
1.0000
1.0000
1.0000
1.0000
1.0000
1.0000
1.0000
1.0000
1.0000
1.0000
1.0000
1.0000
1.0000
1.0000
1.0000
1.0000
1.0000
1.0000
1.0000
1.0000
1.0000
1.0000
1.0000
1.0000
1.0000
1.0000
1.0000
1.0000
1.0000
1.0000
1.0000
1.0000
1.0000
1.0000
1.0000
1.0000
1.0000
1.0000
1.0000
1.0000
1.0000
1.0000
1.0000
1.0000
1.0000
1.0000
1.0000
1.0000
1.0000
1.0000
1.0000
1.0000
1.0000
1.0000
1.0000
1.0000
1.0000
1.0000
1.0000
1.0000
1.0000
1.0000
1.0000
1.0000
1.0000
1.0000
1.0000
1.0000
1.0000
1.0000
1.0000
1.0000
1.0000
1.0000
1.0000
1.0000
1.0000
1.0000
1.0000
1.0000
1.0000
1.0000
1.0000
1.0000
1.0000
1.0000
1.0000
1.0000
1.0000
1.0000
1.0000
1.0000
1.0000
1.0000
1.0000
1.0000
1.0000
1.0000
1.0000
1.0000
1.0000
1.0000
1.0000
1.0000
1.0000
1.0000
1.0000
1.0000
1.0000
1.0000
1.0000
0.2000
0.2000
0.2000
0.2000
0.2000
0.2000
0.2000
0.2000
0.2000
0.2000
0.2000
0.2000
0.2000
0.2000
0.2000
0.2000
0.2000
0.2000
0.2000
0.2000
0.2000
0.2000
0.2000
0.2000
0.2000
0.2000
0.2000
0.2000
0.2000
0.2000
0.2000
0.2000
0.2000
0.2000
0.2000
0.2000
0.2000
0.2000
0.2000
0.2000
0.2000
0.2000
0.2000
0.2000
0.2000
0.2000
0.2000
0.2000
0.2000
0.2000
0.2000
0.2000
0.2000
0.2000
0.2000
0.2000
0.2000
0.2000
0.2000
0.2000
0.2000
0.2000
0.2000
0.2000
0.2000
0.2000
0.2000
0.2000
0.2000
0.2000
0.2000
0.2000
0.2000
0.2000
0.2000
0.2000
0.2000
0.2000
0.2000
0.2000
0.2000
0.2000
0.2000
0.2000
0.2000
0.2000
0.2000
0.2000
0.2000
0.2000
0.2000
0.2000
0.2000
0.2000
0.2000
0.2000
0.2000
0.2000
0.2000
0.2965
0.2551
0.2572
0.2612
0.2660
0.2699
0.2735
0.2785
0.2822
0.2861
0.2901
0.2943
0.6260
0.6785
0.6917
0.7032
0.7133
0.7320
0.7403
0.7573
0.7645
0.7712
0.7776
0.7837
0.7990
0.8048
0.8026
0.8085
0.8139
0.8191
0.8246
0.8302
0.8357
0.8412
0.8467
0.8522
0.8577
0.8632
0.8687
0.8645
0.8697
0.8751
0.8801
0.9047
0.9102
0.9154
0.9204
0.9254
0.9286
0.9315
0.9343
0.9369
0.9394
0.9422
0.9352
0.9275
0.9296
0.9315
0.9337
0.9350
0.9365
0.9380
0.9393
0.9406
0.9419
0.9432
0.9447
0.9561
0.9583
0.9604
0.9532
0.9552
0.9575
0.9597
0.9621
0.9641
0.9666
0.9689
0.9712
0.9734
0.9759
0.9774
0.9895
0.9975
1.0000
1.0000
1.0000
1.0000
1.0000
1.0000
1.0000
1.0000
0.9975
0.9967
0.9968
0.9971
0.9974
0.9978
0.9968
0.9964
0.9965
0.9966
0.9957
0.9941
0.9922
0.9902
0.9880
0.9951
0.9928
0.9807
0.9777
0.9747
0.9730
0.9703
0.9674
0.9537
0.9499
0.9465
0.9433
0.9395
0.9361
0.8929
0.8892
0.8847
0.8799
0.8759
0.8713
0.5351
0.5123
0.4987
0.4879
0.4784
1.0000
1.0000
1.0000
1.0000
1.0000
1.0000
1.0000
1.0000
1.0000
1.0000
1.0000
1.0000
1.0000
1.0000
1.0000
1.0000
1.0000
1.0000
1.0000
1.0000
1.0000
1.0000
1.0000
1.0000
1.0000
1.0000
1.0000
1.0000
1.0000
1.0000
1.0000
1.0000
1.0000
1.0000
1.0000
1.0000
1.0000
1.0000
1.0000
1.0000
1.0000
1.0000
1.0000
1.0000
1.0000
1.0000
1.0000
1.0000
1.0000
1.0000
1.0000
1.0000
1.0000
1.0000
1.0000
1.0000
1.0000
1.0000
1.0000
1.0000
1.0000
1.0000
1.0000
1.0000
1.0000
1.0000
1.0000
1.0000
1.0000
1.0000
1.0000
1.0000
1.0000
1.0000
1.0000
1.0000
1.0000
1.0000
1.0000
1.0000
1.0000
1.0000
1.0000
1.0000
1.0000
1.0000
1.0000
1.0000
1.0000
1.0000
1.0000
1.0000
1.0000
1.0000
1.0000
1.0000
1.0000
1.0000
1.0000
1.0000
1.0000
1.0000
1.0000
1.0000
1.0000
1.0000
1.0000
1.0000
1.0000
1.0000
1.0000
1.0000
1.0000
1.0000
1.0000
1.0000
1.0000
1.0000
1.0000
1.0000
1.0000
1.0000
1.0000
1.0000
1.0000
1.0000
1.0000
1.0000
1.0000
1.0000
1.0000
1.0000
1.0000
1.0000
1.0000
1.0000
1.0000
1.0000
1.0000
1.0000
1.0000
1.0000
1.0000
1.0000
1.0000
1.0000
1.0000
1.0000
1.0000
1.0000
1.0000
1.0000
1.0000
1.0000
1.0000
1.0000
1.0000
1.0000
1.0000
1.0000
1.0000
1.0000
1.0000
1.0000
1.0000
1.0000
1.0000
1.0000
1.0000
1.0000
1.0000
1.0000
1.0000
1.0000
1.0000
1.0000
1.0000
1.0000
1.0000
1.0000
1.0000
1.0000
1.0000
1.0000
1.0000
1.0000
1.0000
1.0000
1.0000
1.0000
1.0000
1.0000
1.0000
1.0000
1.0000
1.0000
1.0000
1.0000
1.0000
1.0000
1.0000
1.0000
1.0000
1.0000
1.0000
1.0000
1.0000
1.0000
1.0000
1.0000
1.0000
1.0000
1.0000
1.0000
1.0000
1.0000
1.0000
1.0000
1.0000
1.0000
1.0000
1.0000
1.0000
1.0000
1.0000
1.0000
1.0000
1.0000
1.0000
1.0000
1.0000
1.0000
1.0000
1.0000
1.0000
1.0000
1.0000
1.0000
1.0000
1.0000
1.0000
1.0000
1.0000
1.0000
1.0000
1.0000
1.0000
1.0000
1.0000
1.0000
1.0000
1.0000
1.0000
1.0000
1.0000
1.0000
1.0000
1.0000
1.0000
1.0000
1.0000
1.0000
1.0000
1.0000
1.0000
1.0000
1.0000
1.0000
1.0000
1.0000
1.0000
1.0000
1.0000
1.0000
1.0000
1.0000
1.0000
1.0000
1.0000
1.0000
1.0000
1.0000
1.0000
1.0000
1.0000
1.0000
1.0000
1.0000
1.0000
1.0000
1.0000
1.0000
1.0000
1.0000
1.0000
1.0000
1.0000
1.0000
1.0000
1.0000
1.0000
1.0000
1.0000
1.0000
1.0000
1.0000
1.0000
1.0000
1.0000
1.0000
1.0000
1.0000
1.0000
1.0000
1.0000
1.0000
1.0000
1.0000
1.0000
1.0000
1.0000
1.0000
1.0000
1.0000
1.0000
1.0000
1.0000
1.0000
1.0000
1.0000
1.0000
1.0000
1.0000
1.0000
1.0000
1.0000
1.0000
1.0000
1.0000
1.0000
1.0000
1.0000
1.0000
1.0000
1.0000
1.0000
1.0000
1.0000
1.0000
1.0000
1.0000
1.0000
1.0000
1.0000
1.0000
1.0000
1.0000
1.0000
1.0000
1.0000
1.0000
1.0000
1.0000
1.0000
1.0000
1.0000
1.0000
1.0000
1.0000
1.0000
1.0000
1.0000
1.0000
1.0000
1.0000
1.0000
1.0000
1.0000
1.0000
1.0000
1.0000
1.0000
1.0000
1.0000
1.0000
1.0000
1.0000
1.0000
1.0000
1.0000
1.0000
1.0000
1.0000
1.0000
1.0000
1.0000
1.0000
1.0000
1.0000
1.0000
1.0000
1.0000
1.0000
1.0000
1.0000
1.0000
1.0000
1.0000
1.0000
1.0000
1.0000
1.0000
1.0000
1.0000
1.0000
1.0000
1.0000
1.0000
1.0000
1.0000
1.0000
1.0000
1.0000
1.0000
1.0000
1.0000
1.0000
1.0000
1.0000
1.0000
1.0000
1.0000
1.0000
1.0000
1.0000
1.0000
1.0000
1.0000
1.0000
1.0000
1.0000
1.0000
1.0000
1.0000
1.0000
1.0000
1.0000
1.0000
1.0000
1.0000
1.0000
1.0000
1.0000
1.0000
1.0000
1.0000
1.0000
1.0000
1.0000
1.0000
1.0000
1.0000
1.0000
1.0000
1.0000
1.0000
1.0000
1.0000
1.0000
1.0000
1.0000
1.0000
1.0000
1.0000
1.0000
1.0000
1.0000
1.0000
1.0000
1.0000
1.0000
1.0000
1.0000
1.0000
1.0000
1.0000
1.0000
1.0000
1.0000
1.0000
1.0000
1.0000
1.0000
1.0000
1.0000
1.0000
1.0000
1.0000
1.0000
1.0000
1.0000
1.0000
1.0000
1.0000
1.0000
1.0000
1.0000
1.0000
1.0000
1.0000
1.0000
1.0000
1.0000
1.0000
1.0000
1.0000
1.0000
1.0000
1.0000
1.0000
1.0000
1.0000
1.0000
1.0000
1.0000
1.0000
1.0000
1.0000
1.0000
1.0000
1.0000
1.0000
1.0000
1.0000
1.0000
1.0000
1.0000
1.0000
1.0000
1.0000
1.0000
1.0000
1.0000
1.0000
1.0000
1.0000
1.0000
1.0000
1.0000
1.0000
1.0000
1.0000
1.0000
1.0000
1.0000
1.0000
1.0000
1.0000
1.0000
1.0000
1.0000
1.0000
1.0000
1.0000
1.0000
1.0000
1.0000
1.0000
1.0000
1.0000
1.0000
1.0000
1.0000
1.0000
1.0000
1.0000
1.0000
1.0000
1.0000
1.0000
1.0000
1.0000
1.0000
1.0000
1.0000
1.0000
1.0000
1.0000
1.0000
1.0000
1.0000
1.0000
1.0000
1.0000
1.0000
1.0000
1.0000
1.0000
1.0000
1.0000
1.0000
1.0000
1.0000
1.0000
1.0000
1.0000
1.0000
1.0000
1.0000
1.0000
1.0000
1.0000
1.0000
1.0000
1.0000
1.0000
1.0000
1.0000
1.0000
1.0000
1.0000
1.0000
1.0000
1.0000
1.0000
1.0000
1.0000
1.0000
1.0000
1.0000
1.0000
1.0000
1.0000
1.0000
1.0000
1.0000
1.0000
1.0000
1.0000
1.0000
1.0000
1.0000
1.0000
1.0000
1.0000
1.0000
1.0000
1.0000
1.0000
1.0000
1.0000
1.0000
1.0000
1.0000
1.0000
1.0000
1.0000
1.0000
1.0000
1.0000
1.0000
1.0000
1.0000
1.0000
1.0000
1.0000
1.0000
1.0000
1.0000
1.0000
1.0000
1.0000
1.0000
1.0000
1.0000
1.0000
1.0000
1.0000
1.0000
1.0000
1.0000
1.0000
1.0000
1.0000
1.0000
1.0000
1.0000
1.0000
1.0000
1.0000
1.0000
1.0000
1.0000
1.0000
1.0000
1.0000
1.0000
1.0000
1.0000
1.0000
1.0000
1.0000
1.0000
1.0000
1.0000
1.0000
1.0000
1.0000
0.2000
0.2000
0.2000
0.2000
0.2000
0.2000
0.2000
0.2000
0.2000
0.2000
0.2000
0.2000
0.2000
0.2000
0.2000
0.2000
0.2000
0.2000
0.2000
0.2000
0.2000
0.2000
0.2000
0.2000
0.2000
0.2000
0.2000
0.2000
0.2000
0.2000
0.2000
0.4573
0.5297
0.5467
0.5681
0.5793
0.6005
0.6110
0.6307
0.6409
0.6510
0.6608
0.6687
0.6858
0.6931
0.7001
0.7069
0.7133
0.7288
0.7257
0.7311
0.7366
0.7422
0.7476
0.7533
0.7589
0.7645
0.7700
0.7754
0.7808
0.7859
0.7911
0.7976
0.8033
0.8089
0.8141
0.8199
0.8359
0.8403
0.8458
0.8521
0.8585
0.8542
0.8590
0.8638
0.8653
0.8781
0.8730
0.8660
0.8679
0.8696
0.8757
0.8793
0.8817
0.8842
0.8862
0.8884
0.8900
0.8922
0.8940
0.8965
0.8992
0.9021
0.9003
0.8915
0.8937
0.8960
0.8984
0.9003
0.9034
0.9054
0.9078
0.8912
0.8923
0.8949
0.8968
0.9087
0.9109
0.9214
0.9210
0.9209
0.9209
0.9209
0.9209
0.9210
0.9211
0.9213
0.9213
0.9214
0.9120
0.9116
0.9112
0.9109
0.9105
0.9101
0.9096
0.9086
0.9072
0.9056
0.9039
0.9021
0.9001
0.9075
0.9057
0.9035
0.8918
0.8904
0.8884
0.8856
0.8815
0.8779
0.8746
0.8714
0.8681
0.8634
0.8501
0.8369
0.8322
0.8283
0.8233
0.8198
0.4848
0.4630
0.4501
0.4398
0.4308
0.4225
0.4151
0.4076
0.4007
0.3941
0.3877
0.3823
0.3773
0.3727
0.3682
0.3640
0.3598
0.3560
0.3522
0.3487
0.3452
0.3419
0.3386
0.3354
0.3322
0.3291
0.3260
0.3230
0.3200
0.3181
0.3164
0.3149
0.3135
0.3121
0.3107
0.3095
0.3082
0.3070
0.3058
0.3046
0.3034
0.3022
0.3010
0.2997
0.2985
0.2973
0.2961
0.2949
0.2937
0.2925
0.2913
0.2901
0.2889
0.2000
0.2000
0.2000
0.2000
0.2000
0.2000
0.2000
0.2000
0.2000
0.2000
0.2000
0.2000
0.2000
0.2000
0.2000
0.2000
0.2000
0.2000
0.2000
0.2000
0.2000
0.2000
0.2000
