0.0282
0.0282
0.0282
0.0282
0.0282
0.0282
0.0282
0.0282
0.0282
0.0282
0.0282
0.0282
0.0282
0.0282
0.0282
0.0282
0.0282
0.0282
0.0282
0.0282
0.0282
0.0282
0.0282
0.0282
0.0282
0.0282
0.0282
0.0282
0.0282
0.0282
0.0282
0.0282
0.0282
0.0282
0.0282
0.0282
0.0282
0.0282
0.0282
0.0282
0.0282
0.0282
0.0282
0.0282
0.0282
0.0282
0.0282
0.0282
0.0282
0.0282
0.0282
0.0282
0.0282
0.0282
0.0282
0.0282
0.0282
0.0282
0.0282
0.0282
0.0282
0.0282
0.0282
0.0282
0.0282
0.0282
0.0282
0.0282
0.0282
0.0282
0.0282
0.0282
0.0282
0.0282
0.0282
0.0282
0.0282
0.0282
0.0282
0.0282
0.0282
0.0282
0.0282
0.0282
0.0282
0.0939
0.0623
0.0580
0.0566
0.0555
0.0545
0.0536
0.0530
0.0521
0.0514
0.0508
0.0502
0.0496
0.1156
0.1185
0.1153
0.1161
0.1167
0.0550
0.0521
0.1129
0.1153
0.1207
0.1215
0.1220
0.1225
0.1229
0.1232
0.1235
0.1238
0.1241
0.1244
0.1246
0.1248
0.1251
0.1253
0.1255
0.1257
0.1259
0.1260
0.1263
0.1265
0.1267
0.1269
0.1271
0.1273
0.1275
0.1277
0.1279
0.1280
0.1282
0.1283
0.1241
0.1244
0.1243
0.1245
0.1247
0.1248
0.1250
0.1252
0.1253
0.1256
0.1258
0.1259
0.1261
0.1263
0.1265
0.1267
0.1269
0.1271
0.1273
0.1275
0.1278
0.1324
0.1328
0.1331
0.1333
0.1336
0.1339
0.1341
0.1344
0.1347
0.1349
0.1352
0.1354
0.1357
0.1360
0.1362
0.1365
0.1367
0.1370
0.1372
0.1375
0.1377
0.1379
0.1382
0.1384
0.1386
0.1344
0.1345
0.1347
0.1349
0.1351
0.1353
0.1399
0.1402
0.1405
0.1407
0.1409
0.1409
0.1409
0.1409
0.1409
0.1409
0.1409
0.1409
0.1409
0.1409
0.1409
0.0778
0.0730
0.0711
0.0700
0.0690
0.0682
0.0676
0.0670
0.0662
0.0660
0.0656
0.0651
0.0648
0.0645
0.0641
0.0639
0.0636
0.0633
0.0631
0.0628
0.0626
0.0624
0.0621
0.0619
0.0617
0.0615
0.0612
0.0610
0.0608
0.0606
0.0604
0.0602
0.0600
0.0598
0.0595
0.0593
0.0591
0.0589
0.0587
0.0585
0.0583
0.0581
0.0578
0.0576
0.0574
0.0572
0.0570
0.0568
0.0565
0.0563
0.0561
0.0559
0.0557
0.0554
0.0552
0.0550
0.0548
0.0546
0.0543
0.0541
0.0539
0.0282
0.0282
0.0282
0.0282
0.0282
0.0282
0.0282
0.0282
0.0282
0.0282
0.0282
0.0282
0.0282
0.0282
0.0282
0.0282
0.0282
0.0282
0.0282
0.0282
0.0282
0.0282
0.0282
0.0282
0.0282
0.0282
0.0282
0.0282
0.0282
0.0282
0.0282
0.0282
0.0282
0.0282
0.0282
0.0282
0.0282
0.0282
0.0282
0.0282
0.0282
0.0282
0.0282
0.0282
0.0282
0.0282
0.0282
0.0282
0.0282
0.0282
0.0282
0.0282
0.0282
0.0282
0.0282
0.0282
0.0282
0.0282
0.0282
0.0282
0.0282
0.0282
0.0282
0.0282
0.0282
0.0282
0.0282
0.0282
0.0282
0.0282
0.0282
0.0282
0.0282
0.0282
0.0282
0.0282
0.0282
0.0282
0.0282
0.0282
0.0282
0.0282
0.0282
0.0282
0.0282
0.0282
0.0282
0.0282
0.0282
0.0282
0.0282
0.0282
0.0282
0.0282
0.0282
0.0282
0.0282
0.0282
0.0282
0.0282
0.0282
0.0282
0.0282
0.0282
0.0282
0.0282
0.0282
0.0282
0.0927
0.0616
0.0574
0.0560
0.0550
0.0540
0.0532
0.0523
0.0516
0.0509
0.0503
0.0496
0.1156
0.1185
0.1196
0.1205
0.1211
0.1216
0.1220
0.1223
0.1226
0.1229
0.1231
0.1233
0.1236
0.1238
0.1239
0.1241
0.1243
0.1245
0.1246
0.1248
0.1250
0.1251
0.1253
0.1255
0.0589
0.0556
0.0541
0.0529
0.0521
0.0514
0.0508
0.0504
0.0498
0.0495
0.0492
0.0489
0.0486
0.0484
0.0483
0.0481
0.0480
0.0479
0.0478
0.0477
0.0477
0.0476
0.0476
0.0476
0.0476
0.1095
0.1174
0.1192
0.1206
0.1217
0.1227
0.1236
0.1244
0.1251
0.1258
0.1264
0.1266
0.1275
0.1281
0.1285
0.1291
0.1296
0.1300
0.1305
0.1309
0.1313
0.1317
0.1321
0.1325
0.1329
0.1333
0.1337
0.1341
0.1299
0.1302
0.1304
0.1307
0.1310
0.1313
0.1316
0.1319
0.1321
0.1324
0.1371
0.1375
0.1378
0.1381
0.1385
0.1387
0.1390
0.1393
0.1395
0.1398
0.1400
0.1403
0.1406
0.1408
0.1409
0.1409
0.1409
0.1409
0.1409
0.1409
0.1409
0.1409
0.0776
0.0728
0.0710
0.0698
0.0690
0.0682
0.0674
0.0670
0.0665
0.0660
0.0656
0.0653
0.0648
0.0646
0.0643
0.0641
0.0638
0.0636
0.0633
0.0631
0.0629
0.0626
0.0624
0.0622
0.0620
0.0618
0.0616
0.0614
0.0612
0.0610
0.0608
0.0606
0.0604
0.0603
0.0601
0.0599
0.0597
0.0595
0.0593
0.0591
0.0589
0.0587
0.0585
0.0583
0.0581
0.0579
0.0577
0.0575
0.0573
0.0571
0.0569
0.0567
0.0565
0.0563
0.0561
0.0559
0.0557
0.0555
0.0553
0.0282
0.0282
0.0282
0.0282
0.0282
0.0282
0.0282
0.0282
0.0282
0.0282
0.0282
0.0282
0.0282
0.0282
0.0282
0.0282
0.0282
0.0282
0.0282
0.0282
0.0282
0.0282
0.0282
0.0282
0.0282
0.0282
0.0282
0.0282
0.0282
0.0282
0.0282
0.0282
0.0282
0.0282
0.0282
0.0282
0.0282
0.0282
0.0282
0.0282
0.0282
0.0282
0.0282
0.0282
0.0282
0.0282
0.0282
0.0282
0.0282
0.0282
0.0282
0.0282
0.0282
0.0282
0.0282
0.0282
0.0282
0.0282
0.0282
0.0282
0.0282
0.0282
0.0282
0.0282
0.0282
0.0282
0.0282
0.0282
0.0282
0.0282
0.0282
0.0282
0.0282
0.0282
0.0282
0.0282
0.0282
0.0282
0.0282
0.0282
0.0282
0.0282
0.0282
0.0282
0.0282
0.0282
0.0282
0.0282
0.0282
0.0282
0.0282
0.0282
0.0282
0.0282
0.0282
0.0282
0.0340
0.0302
0.0299
0.0296
0.0294
0.0292
0.0290
0.0288
0.0286
0.0283
0.0282
0.0282
0.1031
0.0684
0.0632
0.0615
0.0603
0.0591
0.0582
0.0573
0.0564
0.0556
0.0549
0.0541
0.1157
0.1229
0.1240
0.1248
0.1254
0.1259
0.1262
0.1264
0.1267
0.1269
0.1271
0.1272
0.1274
0.1275
0.1276
0.1277
0.1278
0.1280
0.1281
0.1282
0.1283
0.1284
0.1240
0.1240
0.1241
0.1241
0.1242
0.1287
0.1289
0.1290
0.1291
0.1293
0.1249
0.1249
0.1250
0.1250
0.1251
0.1252
0.1253
0.1254
0.1255
0.0632
0.0600
0.1207
0.1230
0.1238
0.1243
0.1247
0.1263
0.1253
0.1256
0.1259
0.1261
0.1264
0.1266
0.1313
0.1316
0.1319
0.1321
0.1324
0.1326
0.1327
0.1331
0.1333
0.1335
0.1337
0.1339
0.1342
0.1344
0.1346
0.1348
0.1351
0.1353
0.1355
0.1358
0.1360
0.1362
0.1365
0.1367
0.1369
0.1371
0.1374
0.1331
0.1332
0.1334
0.1381
0.1383
0.1386
0.1388
0.1391
0.1393
0.1395
0.1398
0.1400
0.1402
0.1405
0.1407
0.1409
0.1409
0.1409
0.1409
0.1409
0.1409
0.1409
0.1409
0.1409
0.1409
0.1409
0.1407
0.0769
0.0733
0.0717
0.0705
0.0697
0.0689
0.0682
0.0678
0.0673
0.0669
0.0665
0.0662
0.0658
0.0656
0.0654
0.0651
0.0649
0.0647
0.0645
0.0643
0.0641
0.0639
0.0638
0.0636
0.0634
0.0633
0.0631
0.0630
0.0628
0.0626
0.0625
0.0623
0.0622
0.0620
0.0618
0.0617
0.0615
0.0614
0.0612
0.0610
0.0609
0.0607
0.0605
0.0604
0.0602
0.0600
0.0599
0.0597
0.0595
0.0593
0.0592
0.0590
0.0588
0.0586
0.0585
0.0583
0.0581
0.0579
0.0577
0.0282
0.0282
0.0282
0.0282
0.0282
0.0282
0.0282
0.0282
0.0282
0.0282
0.0282
0.0282
0.0282
0.0282
0.0282
0.0282
0.0282
0.0282
0.0282
0.0282
0.0282
0.0282
0.0282
0.0282
0.0282
0.0282
0.0282
0.0282
0.0282
0.0282
0.0282
0.0282
0.0282
0.0282
0.0282
0.0282
0.0282
0.0282
0.0282
0.0282
0.0282
0.0282
0.0282
0.0282
0.0282
0.0282
0.0282
0.0282
0.0282
0.0282
0.0282
0.0282
0.0282
0.0282
0.0282
0.0282
0.0282
0.0282
0.0282
0.0282
0.0282
0.0282
0.0282
0.0282
0.0282
0.0282
0.0282
0.0282
0.0282
0.0282
0.0282
0.0282
0.0282
0.0282
0.0282
0.0282
0.0282
0.0282
0.0282
0.0282
0.0282
0.0282
0.0282
0.0282
0.0282
0.0282
0.0282
0.0282
0.0282
0.0282
0.0282
0.0282
0.0282
0.0282
0.0282
0.0282
0.0405
0.0331
0.0324
0.0321
0.0318
0.0315
0.0312
0.0309
0.0306
0.0303
0.0301
0.0298
0.1054
0.0707
0.0657
0.0639
0.0627
0.0615
0.0604
0.0598
0.0587
0.0579
0.0571
0.0564
0.1181
0.1209
0.1220
0.1227
0.1233
0.1282
0.1287
0.1290
0.1293
0.1295
0.1298
0.1300
0.1302
0.1303
0.1305
0.1306
0.1308
0.1309
0.1310
0.1312
0.1313
0.1314
0.1315
0.1317
0.1318
0.1319
0.1320
0.1322
0.1274
0.1276
0.1278
0.1279
0.1281
0.1282
0.1283
0.1285
0.1286
0.1288
0.1289
0.1335
0.1338
0.1340
0.1341
0.1344
0.1345
0.1347
0.1349
0.1351
0.1353
0.1308
0.1311
0.1312
0.1314
0.1315
0.1317
0.1318
0.1320
0.1322
0.1325
0.1325
0.1327
0.1374
0.1377
0.1379
0.1382
0.1384
0.1386
0.1344
0.1345
0.1347
0.1349
0.1351
0.1398
0.1401
0.1404
0.1407
0.1409
0.1409
0.1409
0.1409
0.1409
0.1409
0.1409
0.1409
0.1409
0.1409
0.1409
0.1409
0.1409
0.1409
0.1409
0.1409
0.1409
0.1409
0.1409
0.1409
0.1409
0.1409
0.1409
0.1409
0.1409
0.1409
0.1409
0.1409
0.1409
0.1409
0.1409
0.1409
0.0889
0.0798
0.0775
0.0762
0.0751
0.0743
0.0736
0.0728
0.0724
0.0720
0.0716
0.0712
0.1409
0.1409
0.1409
0.1409
0.1409
0.1409
0.1409
0.1409
0.1409
0.1409
0.1409
0.1409
0.1409
0.1409
0.1409
0.1409
0.1409
0.1409
0.1409
0.1409
0.1409
0.1409
0.1409
0.1409
0.1409
0.1409
0.1409
0.1409
0.1409
0.1409
0.1409
0.1409
0.1409
0.1409
0.1409
0.1409
0.1409
0.1409
0.1409
0.1409
0.1409
0.1409
0.1409
0.1409
0.1409
0.1409
0.1409
0.1409
0.1409
0.1409
0.1409
0.1409
0.1409
0.1409
0.1409
0.1409
0.1409
0.1409
0.1409
0.1409
0.1409
0.1409
0.1409
0.1409
0.1409
0.1409
0.1409
0.1409
0.1409
0.1409
0.1409
0.1409
0.1409
0.1409
0.1409
0.1409
0.1409
0.1409
0.1409
0.1409
0.1409
0.1409
0.1409
0.1409
0.1409
0.1409
0.1409
0.1409
0.1409
0.1409
0.1409
0.1409
0.1409
0.1409
0.1409
0.1409
0.1409
0.1409
0.1409
0.1409
0.1409
0.1409
0.1409
0.1409
0.1409
0.1409
0.1409
0.1409
0.1409
0.1409
0.1409
0.1409
0.1409
0.1409
0.1409
0.1409
0.1409
0.1409
0.1409
0.1409
0.1409
0.1409
0.1409
0.1409
0.1409
0.1409
0.1409
0.1409
0.1409
0.1409
0.1409
0.1409
0.1409
0.1409
0.1409
0.1409
0.1409
0.1409
0.1409
0.1409
0.1409
0.1409
0.1409
0.1409
0.1409
0.1409
0.1409
0.1409
0.1409
0.1409
0.1409
0.1409
0.1409
0.1409
0.1409
0.1409
0.1409
0.1409
0.1409
0.1409
0.1409
0.1409
0.1409
0.1409
0.1409
0.1409
0.1409
0.1409
0.1409
0.1409
0.1409
0.1409
0.1409
0.1409
0.1409
0.1409
0.1409
0.1409
0.1409
0.1409
0.1409
0.1409
0.1409
0.1409
0.1409
0.1409
0.1409
0.1409
0.1409
0.1409
0.1409
0.1409
0.1409
0.1409
0.1409
0.1409
0.1409
0.1409
0.1409
0.1409
0.1409
0.1409
0.1409
0.1409
0.1409
0.1409
0.1409
0.1409
0.1409
0.1409
0.1409
0.1409
0.1409
0.1409
0.1409
0.1409
0.1409
0.1409
0.1409
0.1409
0.1409
0.1409
0.1409
0.1409
0.1409
0.1409
0.1409
0.1409
0.1409
0.1409
0.1409
0.1409
0.1409
0.1409
0.1409
0.1409
0.1409
0.1409
0.1409
0.1409
0.1409
0.1409
0.1409
0.1409
0.1409
0.1409
0.1409
0.1409
0.1409
0.1409
0.1409
0.1409
0.1409
0.1409
0.1409
0.1409
0.1409
0.1409
0.1409
0.1409
0.1409
0.1409
0.1409
0.1409
0.1409
0.1409
0.1409
0.1409
0.1409
0.1409
0.1409
0.1409
0.1409
0.1409
0.1409
0.1409
0.1409
0.1409
0.1409
0.1409
0.1409
0.1409
0.1409
0.1409
0.1409
0.1409
0.1409
0.1409
0.1409
0.1409
0.1409
0.1409
0.1409
0.1409
0.1409
0.1409
0.1409
0.1409
0.1409
0.1409
0.1409
0.1409
0.1409
0.1409
0.1409
0.1409
0.1409
0.1409
0.1409
0.1409
0.1409
0.1409
0.1409
0.1409
0.1409
0.1409
0.1409
0.1409
0.1409
0.1409
0.1409
0.1409
0.1409
0.1409
0.1409
0.1409
0.1409
0.1409
0.1409
0.1409
0.1409
0.1409
0.1409
0.1409
0.1409
0.1409
0.1409
0.1409
0.1409
0.1409
0.1409
0.1409
0.1409
0.1409
0.1409
0.1409
0.1409
0.1409
0.1409
0.1409
0.1409
0.1409
0.1409
0.1409
0.1409
0.1409
0.1409
0.1409
0.1409
0.1409
0.1409
0.1409
0.1409
0.1409
0.1409
0.1409
0.1409
0.1409
0.1409
0.1409
0.1409
0.1409
0.1409
0.1409
0.1409
0.1409
0.1409
0.1409
0.1409
0.1409
0.1409
0.1409
0.1409
0.1409
0.1409
0.1409
0.1409
0.1409
0.1409
0.1409
0.1409
0.1409
0.1409
0.1409
0.1409
0.1409
0.1409
0.1409
0.1409
0.1409
0.1409
0.1409
0.1409
0.1409
0.1409
0.1409
0.1409
0.1409
0.1409
0.1409
0.1409
0.1409
0.1409
0.1409
0.1409
0.1409
0.1409
0.1409
0.1409
0.1409
0.1409
0.1409
0.1409
0.1409
0.1409
0.1409
0.1409
0.1409
0.1409
0.1409
0.1409
0.1409
0.1409
0.1409
0.1409
0.1409
0.1409
0.1409
0.1409
0.1409
0.1409
0.1409
0.1409
0.1409
0.1409
0.1409
0.1409
0.1409
0.1409
0.1409
0.1409
0.1409
0.1409
0.1409
0.1409
0.1409
0.1409
0.1409
0.1409
0.1409
0.1409
0.1409
0.1409
0.1409
0.1409
0.1409
0.1409
0.1409
0.1409
0.1409
0.1409
0.1409
0.1409
0.1409
0.1409
0.1409
0.1409
0.1409
0.1409
0.1409
0.1409
0.1409
0.1409
0.1409
0.1409
0.1409
0.1409
0.1409
0.1409
0.1409
0.1409
0.1409
0.1409
0.1409
0.1409
0.1409
0.1409
0.1409
0.1409
0.1409
0.1409
0.1409
0.1409
0.1409
0.1409
0.1409
0.1409
0.1409
0.1409
0.1409
0.1409
0.1409
0.1409
0.1409
0.1409
0.1409
0.1409
0.1409
0.1409
0.1409
0.1409
0.1409
0.1409
0.1409
0.1409
0.1409
0.1409
0.1409
0.1409
0.1409
0.1409
0.1409
0.1409
0.1409
0.1409
0.1409
0.1409
0.1409
0.1409
0.1409
0.1409
0.1409
0.1409
0.1409
0.1409
0.1409
0.1409
0.1409
0.1409
0.1409
0.1409
0.1409
0.1409
0.1409
0.1409
0.1409
0.1409
0.1409
0.1409
0.1409
0.1409
0.1409
0.1409
0.1409
0.1409
0.1409
0.1409
0.1409
0.1409
0.1409
0.1409
0.1409
0.1409
0.1409
0.1409
0.1409
0.1409
0.1409
0.1409
0.1409
0.1409
0.1409
0.1409
0.1409
0.1409
0.1409
0.1409
0.1409
0.1409
0.1409
0.1409
0.1409
0.1409
0.1409
0.1409
0.1409
0.1409
0.1409
0.1409
0.1409
0.1409
0.1409
0.1409
0.1409
0.1409
0.1409
0.1409
0.1409
0.1409
0.1409
0.1409
0.1409
0.1409
0.1409
0.1409
0.1409
0.1409
0.1409
0.1409
0.1409
0.1409
0.1409
0.1409
0.1409
0.1409
0.1409
0.1409
0.1409
0.1409
0.1409
0.1409
0.1409
0.1409
0.1409
0.1409
0.1409
0.1409
0.1409
0.1409
0.1409
0.1409
0.1409
0.1409
0.1409
0.1409
0.1409
0.1409
0.1409
0.1409
0.1409
0.1409
0.1409
0.1409
0.1409
0.1409
0.1409
0.1409
0.1409
0.1409
0.1409
0.1409
0.1409
0.1409
0.1409
0.1409
0.1409
0.1409
0.1409
0.1409
0.1409
0.1409
0.1409
0.1409
0.1409
0.1409
0.1409
0.1409
0.1409
0.1409
0.1409
0.1409
0.1409
0.1409
0.1409
0.1409
0.1409
0.1409
0.1409
0.1409
0.1409
0.1409
0.1409
0.1409
0.1409
0.1409
0.1409
0.1409
0.1409
0.1409
0.1409
0.1409
0.1409
0.1409
0.1409
0.1409
0.1409
0.1409
0.1409
0.0282
0.0282
0.0282
0.0282
0.0282
0.0282
0.0282
0.0282
0.0282
0.0282
0.0282
0.0282
0.0282
0.0282
0.0282
0.0282
0.0282
0.0282
0.0282
0.0282
0.0282
0.0282
0.0282
0.0282
0.0554
0.0410
0.0401
0.0398
0.0397
0.0394
0.0392
0.0392
0.0389
0.0388
0.0386
0.0384
0.0383
0.1000
0.1030
0.1045
0.1101
0.1111
0.1119
0.1127
0.1133
0.1139
0.1144
0.1149
0.1154
0.1158
0.1162
0.1122
0.1125
0.1128
0.1131
0.1134
0.1137
0.1184
0.1189
0.1192
0.1195
0.1198
0.1202
0.1205
0.1208
0.1211
0.1214
0.1217
0.1220
0.1223
0.1226
0.1229
0.1232
0.1235
0.1238
0.1197
0.1199
0.1202
0.1204
0.1207
0.1210
0.1213
0.1215
0.1219
0.1222
0.1224
0.1227
0.1230
0.1233
0.1237
0.1240
0.1243
0.1246
0.1249
0.1252
0.1255
0.1258
0.1262
0.1264
0.0643
0.0612
0.1222
0.1247
0.1257
0.1264
0.1270
0.1320
0.1326
0.1331
0.1336
0.1341
0.1345
0.1349
0.1353
0.1357
0.1361
0.1365
0.1369
0.1372
0.1376
0.1379
0.1383
0.1386
0.1390
0.1393
0.1396
0.1400
0.1403
0.1406
0.1409
0.1409
0.1409
0.1409
0.1409
0.1409
0.1409
0.1409
0.1409
0.1409
0.1409
0.1409
0.1409
0.1409
0.1409
0.1409
0.0794
0.0756
0.0740
0.0729
0.0721
0.0714
0.0708
0.0704
0.0699
0.0695
0.0693
0.0691
0.0686
0.0686
0.0683
0.0682
0.0680
0.0678
0.0677
0.0675
0.0674
0.0672
0.0671
0.0670
0.0668
0.0667
0.0666
0.0664
0.0663
0.0662
0.0660
0.0659
0.0658
0.0656
0.0655
0.0653
0.0652
0.0650
0.0649
0.0647
0.0645
0.0644
0.0642
0.0641
0.0639
0.0637
0.0636
0.0634
0.0632
0.0630
0.0628
0.0627
0.0625
0.0623
0.0621
0.0619
0.0617
0.0615
0.0613
0.0282
0.0282
0.0282
0.0282
0.0282
0.0282
0.0282
0.0282
0.0282
0.0282
0.0282
0.0282
0.0282
0.0282
0.0282
0.0282
0.0282
0.0282
0.0282
0.0282
0.0282
0.0282
0.0282
0.0282
0.1409
0.1409
0.1409
0.1409
0.1409
0.1409
0.1409
0.1409
0.1409
0.1409
0.1409
0.1409
0.1409
0.1409
0.1409
0.1409
0.1409
0.1409
0.1409
0.1409
0.1409
0.1409
0.1409
0.1409
0.1409
0.1409
0.1409
0.1409
0.1409
0.1409
0.1409
0.1409
0.1409
0.1409
0.1409
0.1409
0.1409
0.1409
0.1409
0.1409
0.1409
0.1409
0.1409
0.1409
0.1409
0.1409
0.1409
0.1409
0.1409
0.1409
0.1409
0.1409
0.1409
0.1409
0.1409
0.1409
0.1409
0.1409
0.1409
0.1409
0.1409
0.1409
0.1409
0.1409
0.1409
0.1409
0.1409
0.1409
0.1409
0.1409
0.1409
0.1409
0.1409
0.1409
0.1409
0.1409
0.1409
0.1409
0.1409
0.1409
0.1409
0.1409
0.1409
0.1409
0.1409
0.1409
0.1036
0.0714
0.0626
0.0574
0.0534
0.0498
0.0467
0.0439
0.0414
0.0390
0.0369
0.0282
0.0282
0.0282
0.0282
0.0282
0.0282
0.0282
0.0282
0.0282
0.0282
0.0282
0.0282
0.0282
0.0282
0.0282
0.0282
0.0282
0.0282
0.0282
0.0282
0.0282
0.0282
0.0282
0.0282
0.0282
0.0282
0.0282
0.0282
0.0282
0.0282
0.0282
0.0282
0.0282
0.0282
0.0282
0.0282
0.0282
0.0282
0.0282
0.0282
0.0282
0.0282
0.0282
0.0282
0.0282
0.0282
0.0282
0.0282
0.0282
0.0282
0.0282
0.0282
0.0282
0.0282
0.0282
0.0282
0.0282
0.0282
0.0282
0.0282
0.0282
0.0282
0.0282
0.0282
0.0282
0.0282
0.0282
0.0282
0.0282
0.0282
0.0282
0.0282
0.0282
0.0282
0.0282
0.0282
0.0282
0.0282
0.0282
0.0285
0.0299
0.1409
0.0490
0.0332
0.0328
0.0316
0.0320
0.1409
0.0545
0.0365
0.0359
0.0363
0.0366
0.0370
0.0374
0.0377
0.1409
0.0624
0.0402
0.0392
0.0394
0.0396
0.0399
0.1409
0.0675
0.0424
0.0396
0.0282
0.0282
0.0282
0.0282
0.0282
0.0282
0.0282
0.0282
0.0282
0.0282
0.0282
0.0282
0.0282
0.0282
0.0282
0.0282
0.0282
0.0282
0.0282
0.0282
0.0282
0.0282
0.0282
0.0282
0.0282
0.0282
0.0282
0.0282
0.0282
0.0282
0.0282
0.0282
0.0282
0.0282
0.0282
0.0282
0.0282
0.0282
0.0282
0.0282
0.0282
0.0282
0.0282
0.0282
0.0282
0.0282
0.0282
0.0282
0.0282
0.0282
0.0282
0.0282
0.0282
0.0282
0.0282
0.0282
0.0282
0.0282
0.0282
0.0282
0.1409
0.1409
0.1409
0.1409
0.1409
0.1409
0.1409
0.1409
0.1409
0.1409
0.1409
0.1409
0.1409
0.1409
0.1409
0.1409
0.1409
0.1409
0.1409
0.1409
0.1409
0.1409
0.1409
0.1409
0.1409
0.1409
0.1409
0.1409
0.1409
0.1409
0.1409
0.1409
0.1409
0.1409
0.1409
0.1409
0.1409
0.1409
0.1409
0.1409
0.1409
0.1409
0.1409
0.1409
0.1409
0.1409
0.1409
0.1409
0.1409
0.1409
0.1409
0.1409
0.1409
0.1409
0.1409
0.1409
0.1409
0.1409
0.1409
0.1409
0.1409
0.1409
0.1409
0.1409
0.1409
0.1409
0.1409
0.1409
0.1409
0.1409
0.1409
0.1409
0.1409
0.1409
0.1409
0.1409
0.1409
0.1409
0.1409
0.1409
0.1409
0.1409
0.1409
0.1409
0.1409
0.1409
0.1409
0.1409
0.1409
0.1409
0.1409
0.1409
0.1409
0.1409
0.1409
0.1409
0.1409
0.1409
0.1409
0.1409
0.1409
0.1409
0.1409
0.1409
0.1409
0.1409
0.1409
0.1409
0.1409
0.1157
0.0539
0.0419
0.0372
0.0337
0.0308
0.0283
0.0282
0.0282
0.0282
0.0282
0.0282
0.0282
0.0282
0.0282
0.0282
0.0282
0.0282
0.0282
0.0282
0.0282
0.0282
0.0282
0.0282
0.0282
0.0282
0.0282
0.0282
0.0282
0.0282
0.0282
0.0282
0.0282
0.0282
0.0282
0.0282
0.0282
0.0282
0.0282
0.0282
0.0282
0.0282
0.0282
0.0282
0.0282
0.0282
0.0282
0.0282
0.0282
0.0282
0.0282
0.0282
0.0282
0.0282
0.0282
0.0282
0.0282
0.0282
0.0282
0.0282
0.0282
0.0282
0.0282
0.0282
0.0282
0.0282
0.0282
0.0282
0.0282
0.1409
0.0439
0.0307
0.0306
0.0311
0.0317
0.0322
0.0311
0.0316
0.0321
0.0326
0.0331
0.0336
0.0357
0.0361
0.0365
0.0370
0.0374
0.0377
0.0381
0.0384
0.0388
0.0390
0.0393
0.0396
0.0398
0.0385
0.0387
0.0390
0.0392
0.0411
0.0414
0.0416
0.0419
0.0421
0.0424
0.0427
0.0429
0.0432
0.0435
0.0438
0.0441
0.0444
0.0447
0.0449
0.0452
0.0455
0.0458
0.0444
0.0447
0.0449
0.0282
0.0282
0.0282
0.0282
0.0282
0.0282
0.0282
0.0282
0.0282
0.0282
0.0282
0.0282
0.0282
0.0282
0.0282
0.0282
0.0282
0.0282
0.0282
0.0282
0.0282
0.0282
0.0282
0.0282
0.0282
0.0282
0.0282
0.0282
0.0282
0.0282
0.0282
0.0282
0.0282
0.0282
0.0282
0.0282
0.0282
0.0282
0.0282
0.0282
0.0282
0.0282
0.0282
0.0282
0.0282
0.0282
0.0282
0.0282
0.0282
0.0282
0.0282
0.0282
0.0282
0.0282
0.0282
0.0282
0.0282
0.0282
0.0282
0.1409
0.1409
0.1409
0.1409
0.1409
0.1409
0.1409
0.1409
0.1409
0.1409
0.1409
0.1409
0.1409
0.1409
0.1409
0.1409
0.1409
0.1409
0.1409
0.1409
0.1409
0.1409
0.1409
0.1409
0.0282
0.0282
0.0282
0.0282
0.0282
0.0282
0.0282
0.0282
0.0282
0.0282
0.0282
0.0282
0.0282
0.0282
0.0282
0.0282
0.0282
0.0282
0.0282
0.0282
0.0282
0.0282
0.0282
0.0282
0.0282
0.0282
0.0282
0.0282
0.0282
0.0282
0.0282
0.0282
0.0282
0.0282
0.0282
0.0282
0.0282
0.0282
0.0282
0.0282
0.0282
0.0282
0.0282
0.0282
0.0282
0.0282
0.0282
0.0282
0.0282
0.0282
0.0282
0.0282
0.0282
0.0282
0.0282
0.0282
0.0282
0.0282
0.0282
0.0282
0.0763
0.0520
0.0491
0.0479
0.0469
0.0460
0.0452
0.0444
0.0436
0.0429
0.0422
0.0415
0.0850
0.0641
0.0610
0.0597
0.0585
0.0575
0.0566
0.0557
0.0549
0.0541
0.0533
0.0526
0.1304
0.0988
0.0931
0.0903
0.0884
0.0868
0.0853
0.0840
0.0827
0.0816
0.0805
0.0795
0.0786
0.1409
0.1409
0.1409
0.1409
0.1409
0.1409
0.1409
0.1409
0.1409
0.1409
0.1409
0.1409
0.1409
0.1409
0.1409
0.1409
0.1409
0.1409
0.1409
0.1409
0.1409
0.1409
0.1409
0.1409
0.1409
0.1409
0.1409
0.1409
0.1409
0.1409
0.1409
0.1409
0.1409
0.1409
0.1409
0.1409
0.1409
0.1409
0.1409
0.1409
0.1409
0.1409
0.1409
0.1409
0.1409
0.1409
0.1409
0.1409
0.1409
0.1409
0.1409
0.1409
0.1409
0.1409
0.1409
0.1409
0.1409
0.1409
0.1409
0.1409
0.1409
0.1409
0.1409
0.1409
0.1409
0.1409
0.1409
0.1409
0.1409
0.1409
0.1409
0.1409
0.1409
0.1409
0.1409
0.1409
0.1409
0.1409
0.1409
0.1409
0.1409
0.1409
0.1409
0.1409
0.1409
0.1409
0.1409
0.1409
0.1409
0.1409
0.1409
0.1409
0.1409
0.1409
0.1409
0.1409
0.1409
0.1409
0.1409
0.1409
0.1409
0.1409
0.1409
0.1409
0.1409
0.1409
0.1409
0.1409
0.1409
0.1409
0.1409
0.1409
0.1409
0.1409
0.1409
0.1409
0.1409
0.1409
0.1409
0.1409
0.1409
0.1409
0.1409
0.1409
0.1409
0.1409
0.1409
0.1409
0.1409
0.1409
0.1409
0.1409
0.1409
0.1409
0.1409
0.1409
0.1409
0.1409
0.1409
0.1409
0.1409
0.1409
0.1409
0.1409
0.1409
0.1409
0.1409
0.1409
0.1409
0.1409
0.1409
0.1409
0.1409
0.1409
0.1409
0.1409
0.1409
0.1409
0.1409
0.1409
0.1409
0.1409
0.1409
0.1409
0.1409
0.1409
0.1409
0.1409
0.1409
0.1409
0.1409
0.1409
0.1409
0.1409
0.1409
0.1409
0.0282
0.0282
0.0282
0.0282
0.0282
0.0282
0.0282
0.0282
0.0282
0.0282
0.0282
0.0282
0.0282
0.0282
0.0282
0.0282
0.0282
0.0282
0.0282
0.0282
0.0282
0.0282
0.0282
0.0282
0.0282
0.0282
0.0282
0.0282
0.0282
0.0282
0.0282
0.0282
0.0282
0.0282
0.0282
0.0282
0.0282
0.0282
0.0282
0.0282
0.0282
0.0282
0.0282
0.0282
0.0282
0.0282
0.0282
0.0282
0.0282
0.0282
0.0282
0.0282
0.0282
0.0282
0.0282
0.0282
0.0282
0.0282
0.0282
0.0282
0.0282
0.0282
0.0282
0.0282
0.0282
0.0282
0.0282
0.0282
0.0282
0.0282
0.0282
0.0282
0.0282
0.0282
0.0282
0.0282
0.0282
0.0282
0.0282
0.0282
0.0282
0.0282
0.0282
0.0282
0.0282
0.0282
0.0282
0.0454
0.0355
0.0347
0.0343
0.0339
0.0336
0.0333
0.0330
0.0327
0.0325
0.0322
0.0320
0.1079
0.0735
0.0685
0.0667
0.0654
0.0642
0.0631
0.0623
0.0614
0.0606
0.0598
0.0591
0.0586
0.1247
0.1276
0.1288
0.1297
0.1303
0.1263
0.1267
0.1270
0.1272
0.1319
0.1323
0.1325
0.1327
0.1330
0.1332
0.1333
0.1335
0.1337
0.1339
0.1340
0.1342
0.1343
0.1345
0.1347
0.1348
0.1350
0.1352
0.1353
0.1355
0.1357
0.1359
0.1360
0.1362
0.1363
0.1365
0.1367
0.1369
0.1371
0.1373
0.1330
0.1331
0.1332
0.1333
0.1335
0.1337
0.1339
0.1340
0.1342
0.1344
0.1346
0.1348
0.1350
0.1352
0.1354
0.1401
0.1404
0.1362
0.1364
0.1366
0.1368
0.1409
0.1409
0.1409
0.1409
0.1409
0.1409
0.1409
0.1409
0.1409
0.1409
0.1409
0.1409
0.1409
0.1409
0.1409
0.1409
0.1409
0.1409
0.1409
0.1409
0.1409
0.1409
0.1409
0.1409
0.1409
0.1409
0.1409
0.1409
0.1409
0.1409
0.1409
0.1409
0.1409
0.1409
0.1409
0.1409
0.1409
0.1409
0.1409
0.1409
0.1409
0.1409
0.1409
0.1409
0.1409
0.1409
0.0977
0.0870
0.0843
0.0829
0.0818
0.0809
0.0802
0.0795
0.0787
0.0785
0.0780
0.0777
0.0773
0.1409
0.1409
0.1409
0.1409
0.1409
0.1409
0.1409
0.1409
0.1409
0.1409
0.1409
0.1409
0.1409
0.1409
0.1409
0.1409
0.1409
0.1409
0.1409
0.1409
0.1409
0.1409
0.1409
0.1409
0.1409
0.1409
0.1409
0.1409
0.1409
0.1409
0.1409
0.1409
0.1409
0.1409
0.1409
0.1409
0.1409
0.1409
0.1409
0.1409
0.1409
0.1409
0.1409
0.1409
0.1409
0.1409
0.1409
0.1409
0.1409
0.1409
0.1409
0.1409
0.1409
0.1409
0.1409
0.1409
0.1409
0.1409
0.1409
0.1409
0.1409
0.1409
0.1409
0.1409
0.1409
0.1409
0.1409
0.1409
0.1409
0.1409
0.1409
0.1409
0.1409
0.1409
0.1409
0.1409
0.1409
0.1409
0.1409
0.1409
0.1409
0.1409
0.1409
0.1409
0.1409
0.1409
0.1409
0.1409
0.1409
0.1409
0.1409
0.1409
0.1409
0.1409
0.1409
0.1409
0.1409
0.1409
0.1409
0.1409
0.1409
0.1409
0.1409
0.1409
0.1409
0.1409
0.1409
0.1409
0.1409
0.1409
0.1409
0.1409
0.1409
0.1409
0.1409
0.1409
0.1409
0.1409
0.1409
0.1409
0.1409
0.1409
0.1409
0.1409
0.1409
0.1409
0.1409
0.1409
0.1409
0.1409
0.1409
0.1409
0.1409
0.1409
0.1409
0.1409
0.1409
0.1409
0.1409
0.1409
0.1409
0.1409
0.1409
0.1409
0.1409
0.1409
0.1409
0.1409
0.1409
0.1409
0.1409
0.1409
0.1409
0.1409
0.1409
0.1409
0.1409
0.1409
0.1409
0.1409
0.1409
0.1409
0.1409
0.1409
0.1409
0.1409
0.1409
0.1409
0.1409
0.1409
0.1409
0.1409
0.1409
0.1409
0.1409
0.1409
0.1409
0.1409
0.1409
0.1409
0.1409
0.1409
0.1409
0.1409
0.1409
0.1409
0.1409
0.1409
0.1409
0.1409
0.1409
0.1409
0.1409
0.1409
0.1409
0.1409
0.1409
0.1409
0.1409
0.1409
0.1409
0.1409
0.1409
0.1409
0.1409
0.1409
0.1409
0.1409
0.1409
0.1409
0.1409
0.1409
0.1409
0.1409
0.1409
0.1409
0.1409
0.1409
0.1409
0.1409
0.1409
0.1409
0.1409
0.1409
0.1409
0.1409
0.1409
0.1409
0.1409
0.1409
0.1409
0.1409
0.1409
0.1409
0.1409
0.1409
0.1409
0.1409
0.1409
0.1409
0.1409
0.1409
0.1409
0.1409
0.1409
0.1409
0.1409
0.1409
0.1409
0.1409
0.1409
0.1409
0.1409
0.1409
0.1409
0.1409
0.1409
0.1409
0.1409
0.1409
0.1409
0.1409
0.1409
0.1409
0.1409
0.1409
0.1409
0.1409
0.1409
0.1409
0.1409
0.1409
0.1409
0.1409
0.1409
0.1409
0.1409
0.1409
0.1409
0.1409
0.1409
0.1409
0.1409
0.1409
0.1409
0.1409
0.1409
0.1409
0.1409
0.1409
0.1409
0.1409
0.1409
0.1409
0.1409
0.1409
0.1409
0.1409
0.1409
0.1409
0.1409
0.1409
0.1409
0.1409
0.1409
0.1409
0.1409
0.1409
0.1409
0.1409
0.1409
0.1409
0.1409
0.1409
0.1409
0.1409
0.1409
0.1409
0.1409
0.1409
0.1409
0.1409
0.1409
0.1409
0.1409
0.1409
0.1409
0.1409
0.1409
0.1409
0.1409
0.1409
0.1409
0.1409
0.1409
0.1409
0.1409
0.1409
0.1409
0.1409
0.1409
0.1409
0.1409
0.1409
0.1409
0.1409
0.1409
0.1409
0.1409
0.1409
0.1409
0.1409
0.1409
0.1409
0.1409
0.1409
0.1409
0.1409
0.1409
0.1409
0.1409
0.1409
0.1409
0.1409
0.1409
0.1409
0.1409
0.1409
0.1409
0.1409
0.1409
0.1409
0.1409
0.1409
0.1409
0.1409
0.1409
0.1409
0.1409
0.1409
0.1409
0.1409
0.1409
0.1409
0.1409
0.1409
0.1409
0.1409
0.1409
0.1409
0.1409
0.1409
0.1409
0.1409
0.1409
0.1409
0.1409
0.1409
0.1409
0.1409
0.1409
0.1409
0.1409
0.1409
0.1409
0.1409
0.1409
0.1409
0.1409
0.1409
0.1409
0.1409
0.1409
0.1409
0.1409
0.1409
0.1409
0.1409
0.1409
0.1409
0.1409
0.1409
0.1409
0.1409
0.1409
0.1409
0.1409
0.1409
0.1409
0.1409
0.1409
0.1409
0.1409
0.1409
0.1409
0.1409
0.1409
0.1409
0.1409
0.1409
0.1409
0.1409
0.1409
0.1409
0.1409
0.1409
0.1409
0.1409
0.1409
0.1409
0.1409
0.1409
0.1409
0.1409
0.1409
0.1409
0.1409
0.1409
0.1409
0.1409
0.1409
0.1409
0.1409
0.1409
0.1409
0.1409
0.1409
0.1409
0.1409
0.1409
0.1409
0.1409
0.1409
0.1409
0.1409
0.1409
0.1409
0.1409
0.1409
0.1409
0.1409
0.1409
0.1409
0.1409
0.1409
0.1409
0.1409
0.1409
0.1409
0.1409
0.1409
0.1409
0.1409
0.1409
0.1409
0.1409
0.1409
0.1409
0.1409
0.1409
0.1409
0.1409
0.1409
0.1409
0.1409
0.1409
0.1409
0.1409
0.1409
0.1409
0.1409
0.1409
0.1409
0.1409
0.1409
0.1409
0.1409
0.1409
0.1409
0.1409
0.1409
0.1409
0.1409
0.1409
0.1409
0.1409
0.1409
0.1409
0.1409
0.1409
0.1409
0.1409
0.1409
0.1409
0.1409
0.1409
0.1409
0.1409
0.1409
0.1409
0.1409
0.1409
0.1409
0.1409
0.1409
0.1409
0.1409
0.1409
0.1409
0.1409
0.1409
0.1409
0.1409
0.1409
0.1409
0.1409
0.1409
0.1409
0.1409
0.1409
0.1409
0.1409
0.1409
0.1409
0.1409
0.1409
0.1409
0.1409
0.1409
0.1409
0.1409
0.1409
0.1409
0.1409
0.1409
0.1409
0.1409
0.1409
0.1409
0.1409
0.1409
0.1409
0.1409
0.1409
0.1409
0.1409
0.1409
0.1409
0.1409
0.1409
0.1409
0.1409
0.1409
0.1409
0.1409
0.1409
0.1409
0.1409
0.1409
0.1409
0.1409
0.1409
0.1409
0.1409
0.1409
0.1409
0.1409
0.1409
0.1409
0.1409
0.1409
0.1409
0.1409
0.1409
0.1409
0.1409
0.1409
0.1409
0.1409
0.1409
0.1409
0.1409
0.1409
0.1409
0.1409
0.1409
0.1409
0.1409
0.1409
0.1409
0.1409
0.1409
0.1409
0.1409
0.1409
0.1409
0.1409
0.1409
0.1409
0.1409
0.1409
0.1409
0.1409
0.1409
0.1409
0.1409
0.1409
0.1409
0.1409
0.1409
0.1409
0.1409
0.1409
0.1409
0.1409
0.1409
0.1409
0.1409
0.1409
0.1409
0.1409
0.1409
0.1409
0.1409
0.1409
0.1409
0.1409
0.1409
0.1409
0.1409
0.1409
0.1409
0.1409
0.1409
0.1409
0.1409
0.1409
0.1409
0.1409
0.1409
0.1409
0.1409
0.1409
0.1409
0.1409
0.1409
0.1409
0.1409
0.1409
0.1409
0.1409
0.1409
0.1409
0.1409
0.1409
0.1409
0.1409
0.1409
0.1409
0.1409
0.1409
0.1409
0.1409
0.1409
0.1409
0.1409
0.1409
0.1409
0.0282
0.0282
0.0282
0.0282
0.0282
0.0282
0.0282
0.0282
0.0282
0.0282
0.0282
0.0282
0.0282
0.0282
0.0282
0.0282
0.0282
0.0282
0.0282
0.0282
0.0282
0.0282
0.0282
0.0282
0.0387
0.0324
0.0319
0.0317
0.0315
0.0313
0.0311
0.0311
0.0309
0.0308
0.0307
0.0306
0.0920
0.0995
0.1010
0.1022
0.1032
0.1040
0.1003
0.1009
0.1014
0.1019
0.1069
0.1075
0.1080
0.1084
0.1089
0.1093
0.1097
0.1101
0.1105
0.1109
0.1112
0.1116
0.1120
0.1123
0.1126
0.1130
0.1133
0.1136
0.1140
0.1143
0.1145
0.1149
0.1152
0.1155
0.1158
0.1161
0.1164
0.1167
0.1170
0.1172
0.1131
0.1133
0.1135
0.1138
0.1141
0.1143
0.1146
0.1149
0.1152
0.1154
0.1157
0.1160
0.1163
0.1166
0.1169
0.1171
0.1174
0.1177
0.1225
0.1229
0.1233
0.1236
0.1239
0.1243
0.1246
0.1249
0.1253
0.1256
0.1260
0.1263
0.1267
0.1270
0.1274
0.1277
0.1281
0.1284
0.1288
0.1291
0.1295
0.1298
0.1302
0.1305
0.1308
0.1312
0.1315
0.1318
0.1322
0.1325
0.1328
0.1332
0.1335
0.1338
0.1342
0.1345
0.1348
0.1352
0.1355
0.1358
0.1362
0.1365
0.1368
0.1372
0.1375
0.1378
0.1381
0.1385
0.1388
0.1346
0.1347
0.0725
0.0693
0.0678
0.0668
0.0660
0.0654
0.0646
0.0644
0.0640
0.0637
0.0634
0.0631
0.0629
0.0627
0.0625
0.0623
0.0621
0.0620
0.0618
0.0617
0.0616
0.0614
0.0613
0.0612
0.0611
0.0610
0.0608
0.0607
0.0606
0.0605
0.0604
0.0602
0.0601
0.0600
0.0598
0.0597
0.0596
0.0594
0.0593
0.0591
0.0590
0.0589
0.0587
0.0586
0.0584
0.0583
0.0581
0.0580
0.0578
0.0577
0.0575
0.0574
0.0572
0.0570
0.0569
0.0567
0.0565
0.0563
0.0562
0.0282
0.0282
0.0282
0.0282
0.0282
0.0282
0.0282
0.0282
0.0282
0.0282
0.0282
0.0282
0.0282
0.0282
0.0282
0.0282
0.0282
0.0282
0.0282
0.0282
0.0282
0.0282
0.0282
