492.6997
492.3086
491.9104
491.5056
491.0946
490.6779
490.2560
489.8294
489.3983
488.9633
488.5247
488.0829
487.6382
487.1910
486.7416
486.2902
485.8370
485.3825
484.9268
484.4702
484.0128
483.5549
483.0968
482.6385
482.1802
481.7222
481.2646
480.8076
480.3512
479.8956
479.4410
478.9874
478.5349
478.0836
477.6337
477.1852
476.7381
476.2926
475.8487
475.4064
474.9659
474.5272
474.0904
473.6553
473.2223
472.7911
472.3620
471.9349
471.5098
471.0869
470.6660
470.2472
469.8306
469.4162
469.0039
468.5939
468.1860
467.7803
467.3769
466.9757
466.5768
466.1800
465.8229
465.4747
465.1317
464.7921
464.4547
464.1187
463.7835
463.4487
463.1141
462.7796
462.4451
462.1105
461.5435
461.1402
460.7640
460.4056
460.0629
459.7347
459.4200
459.1181
458.8281
458.5494
458.2813
458.0232
456.8491
455.8292
454.8005
453.7823
452.8064
451.9044
451.0875
457.5167
463.2434
468.4517
473.2756
477.8397
482.2011
501.4191
510.8164
519.6072
527.8891
535.8942
543.5668
558.2445
571.1277
582.6159
592.9715
602.4268
611.0537
619.0455
626.5413
633.6237
640.3387
646.7342
652.8210
651.6152
651.4010
651.9825
653.0202
654.4646
656.2635
658.2532
660.3832
662.4505
664.5059
666.4431
668.2687
670.3290
672.4642
681.8871
690.0346
697.1307
703.3548
708.8537
713.7478
718.0885
721.9647
725.4403
728.5630
731.2008
733.2121
734.8044
736.1183
737.3572
738.5134
739.4142
740.3241
741.2553
742.1892
743.1217
744.0562
738.1150
733.4945
729.9466
727.2634
725.2515
723.7469
715.5355
708.8681
703.5513
699.3137
696.0432
693.5798
691.7934
690.4971
697.0087
702.5311
707.3162
711.5206
715.2557
725.9613
735.0339
742.7622
749.3866
755.1073
760.0656
764.3224
767.9711
771.1076
773.8209
776.1857
778.2592
780.0954
781.7162
783.1492
784.4192
785.7352
787.0176
788.2707
789.4955
790.5135
791.4288
792.2733
793.0733
793.6650
794.1627
794.6001
794.9655
795.2657
795.5079
795.7000
795.8495
795.9629
795.8821
795.7712
787.8904
773.3924
761.2614
749.7288
739.4522
730.0767
721.1671
712.6972
704.6953
697.0540
689.7564
682.7446
675.9464
669.3640
662.9987
656.8433
650.8885
645.1254
639.5446
634.1370
628.8939
623.8073
618.8695
614.0741
609.4149
604.8857
600.4807
596.1941
592.0209
587.9560
583.9949
580.1334
576.3675
572.6935
569.1084
565.6090
562.1922
558.8551
555.5948
552.4089
549.2947
546.2502
543.2732
540.3617
537.5136
534.7274
532.0011
529.3336
526.7237
524.1696
521.6709
519.2263
516.8346
514.4947
512.2050
509.9645
507.7719
505.6260
503.5258
502.7752
502.1531
501.6289
501.1781
500.7813
500.4230
500.0913
499.7767
499.4720
499.1716
498.8713
498.5678
498.2589
497.9428
497.6186
497.2855
496.9432
496.5915
496.2305
495.8604
495.4815
495.0942
494.6988
494.2959
493.8859
493.4693
493.0466
492.6182
492.1846
491.7464
491.3038
490.8573
490.4074
489.9544
489.4986
489.0404
488.5801
488.1179
487.6541
487.1891
486.7230
486.2561
485.7886
485.3208
484.8528
484.3849
483.9171
483.4497
482.9828
482.5166
482.0513
481.5869
481.1236
480.6614
480.2005
479.7409
479.2829
478.8263
478.3713
477.9180
477.4665
477.0166
476.5686
476.1225
475.6782
475.2360
474.7957
474.3575
473.9213
473.4873
473.0554
472.6256
472.1981
471.7728
471.3497
470.9289
470.5104
470.0942
469.6802
469.2686
468.8592
468.4522
468.0474
467.6450
467.2819
466.9279
466.5791
466.2337
465.8907
465.5490
465.2083
464.8681
464.5282
464.1885
463.8487
463.5091
462.9527
462.5508
462.1743
461.8148
461.4704
461.1401
460.8230
460.5183
460.2254
459.9436
459.6723
459.4110
458.2173
457.1797
456.1451
455.1377
454.1918
453.3379
452.5857
451.9371
458.6819
464.6320
477.4936
488.5406
505.4972
520.0179
532.8730
544.3603
554.7481
564.2875
573.1335
581.4285
589.2620
596.7358
603.9111
610.8197
617.4786
623.9260
630.1595
636.1999
642.0629
647.7599
653.2976
658.6803
663.9147
668.9715
673.8752
678.6140
668.8345
661.3122
655.3551
650.5645
646.8088
644.0211
642.0868
640.9514
640.5539
640.7778
641.5277
642.7171
644.2561
646.0820
648.1466
650.3996
652.8040
655.2974
657.8480
660.4817
663.1443
665.8450
668.5794
671.3382
674.0962
676.8925
687.2608
696.4049
704.4613
711.6056
717.9741
723.6878
728.8310
733.3958
737.4546
741.0461
743.8247
738.4541
733.7324
729.6792
726.2360
723.3983
721.0458
719.1223
717.5918
723.7792
728.9029
733.1920
736.8104
739.8742
749.6302
757.6244
764.2084
769.6468
774.1367
777.8467
780.4674
782.3544
783.7471
784.7815
785.5503
786.1124
786.5227
786.8211
787.0618
787.2738
787.4708
787.6730
788.1072
788.6752
789.3153
789.9905
790.6948
791.4107
791.9059
792.2816
793.0180
793.7485
794.4853
795.2298
795.9796
796.7311
797.4809
798.2261
802.0096
798.7049
796.2212
793.7508
782.2172
772.0061
762.5186
753.4400
744.7867
736.5315
728.6212
720.9585
713.5592
706.2780
699.1490
692.2113
685.4736
678.9354
672.5938
666.4434
660.4768
654.6861
649.0629
643.5996
638.2884
633.1217
628.0932
623.1968
618.4273
613.7792
609.2472
604.8272
600.5148
596.3059
592.1970
588.1849
584.2671
580.4409
576.7040
573.0538
569.4878
566.0038
562.5994
559.2723
556.0203
552.8413
549.7332
546.6939
543.7219
540.8149
537.9706
535.1881
532.4658
529.8024
527.1961
524.6457
522.1498
519.7070
517.3160
514.9756
514.1461
513.4493
512.8536
512.3339
511.8701
511.4462
511.0499
510.6718
510.3045
509.9419
509.5798
509.2150
508.8449
508.4681
508.0833
507.6899
507.2875
506.8760
506.4554
506.0260
505.5880
505.1419
504.6881
504.2270
503.7591
503.2849
502.8048
502.3194
501.8291
501.3343
500.8356
500.3332
499.8277
499.3194
498.8087
498.2959
497.7813
497.2653
496.7482
496.2302
495.7115
495.1925
494.6732
494.1540
493.6350
493.1164
492.5983
492.0810
491.5645
491.0490
490.5347
490.0216
489.5098
488.9996
488.4909
487.9838
487.4786
486.9752
486.4737
485.9742
485.4767
484.9812
484.4878
483.9966
483.5076
483.0207
482.5361
482.0538
481.5737
481.0960
480.6206
480.1475
479.6768
479.2085
478.7425
478.2790
477.8178
477.3591
476.9029
476.4491
475.9978
475.5489
475.1026
474.6587
474.2420
473.8256
473.4113
473.0006
472.5939
472.1913
471.7923
471.3967
471.0039
470.6136
470.2253
469.8387
469.0933
468.5869
468.1236
467.6883
467.2773
466.8882
466.5190
466.1680
465.8336
465.5146
465.2096
464.9176
463.6272
462.4751
461.3206
460.1814
459.0864
458.0805
457.1928
463.5857
469.0144
473.6939
477.7653
481.5195
492.4590
509.2496
516.4107
523.1419
529.4059
535.1839
540.6121
545.7918
550.6227
555.2491
566.8403
577.3994
587.0479
595.7509
610.9984
624.3696
636.1586
639.6755
643.5682
647.6450
651.8137
656.0437
660.1038
664.2035
668.2299
672.1696
676.0139
679.6186
683.1218
686.5967
690.2768
693.9325
697.5781
701.1891
704.7539
708.2644
711.7137
715.0901
718.3958
721.6239
724.7778
720.8056
717.9126
715.8750
714.5163
713.7099
713.3520
713.3513
713.5672
714.1010
714.7491
715.4957
716.2949
717.1054
717.9119
718.7207
712.4035
707.4015
703.4687
700.3869
697.9894
692.2864
691.7378
691.3555
691.2171
691.3093
691.6322
692.1622
700.2529
707.1539
713.1002
718.2928
722.8714
727.1141
738.2515
747.7273
755.8445
762.8471
768.9351
774.2695
778.9446
783.0619
786.6770
789.8340
792.6068
795.1028
797.3364
799.3678
801.2393
802.9972
804.6727
806.2767
807.8186
809.3057
810.7446
812.1403
813.4987
814.8043
816.0585
817.2627
818.4459
819.4987
820.4395
821.3159
822.1180
822.8446
823.4558
823.9112
824.2229
816.6518
803.0108
791.3542
780.0786
769.9258
760.5344
751.6479
743.1076
734.9380
727.2068
719.8586
712.8395
706.0263
699.3997
692.9653
686.7151
680.6390
674.7286
668.9765
663.3757
657.9194
652.6014
647.4160
642.3583
637.4230
632.6057
627.9025
623.3102
618.8253
614.4447
610.1652
605.9838
601.8977
597.9042
594.0004
590.1846
586.4549
582.8092
579.2456
575.7618
572.3557
569.0252
565.7683
562.5829
559.4671
556.4189
553.4365
550.5180
547.6586
544.8579
542.1152
539.4290
536.7981
534.2212
531.6970
529.2242
526.8016
524.4281
522.1025
521.2535
520.5546
519.9754
519.4909
519.0811
518.7301
518.4241
518.1533
517.9109
517.6904
517.4865
517.2950
517.1123
516.9357
516.7628
516.5919
516.4214
516.2503
516.0777
515.9029
515.7242
515.5415
515.3548
515.1650
514.9712
514.7310
514.4475
514.1269
513.7747
513.3954
512.9929
512.5703
512.1302
511.6750
511.2067
510.7270
510.2374
509.7391
509.2334
508.7212
508.2034
507.6808
507.1541
506.6240
506.0910
505.5556
505.0183
504.4794
503.9393
503.3984
502.8570
502.3153
501.7735
501.2319
500.6907
500.1501
499.6103
499.0713
498.5334
497.9966
497.4611
496.9270
496.3944
495.8633
495.3339
494.8063
494.2804
493.7564
493.2343
492.7142
492.1961
491.6801
491.1662
490.6544
490.1448
489.6374
489.1323
488.6295
488.1289
487.6306
487.1347
486.6411
486.1498
485.6610
485.2138
484.7779
484.3487
483.9242
483.5030
483.0841
482.6669
482.2507
481.8353
481.4204
481.0057
480.5918
479.7794
479.2251
478.7165
478.2372
477.7834
477.3527
476.9433
476.5534
476.1813
475.8258
475.4855
475.1594
473.7729
472.5593
471.2961
469.9846
468.6549
467.3998
466.2520
472.2002
477.2980
481.8082
485.9041
489.6915
500.7472
518.0485
533.0161
546.1389
557.7709
568.1611
577.5345
586.0925
593.9535
601.2500
608.0857
614.5596
620.7110
626.5940
632.2072
637.5868
642.9030
648.0970
653.1198
650.8618
649.6675
649.3454
649.7122
650.6254
651.9704
653.6579
655.6182
657.8081
660.2353
662.7332
665.4765
668.2434
671.0345
681.0611
689.7187
697.2459
703.8345
709.6526
714.8627
719.5811
723.9191
727.9169
731.5515
734.8960
737.7737
740.2857
742.5049
744.4852
746.2357
747.7325
748.8648
749.6887
750.2486
750.5928
750.7670
743.9147
738.2828
733.5640
729.5795
726.4103
723.8100
714.5743
706.9378
700.6977
695.6221
691.6044
688.4935
686.1351
691.7227
696.6268
700.9083
704.6697
707.8479
710.4875
720.0191
727.9148
734.5595
740.2200
745.0919
749.3008
752.9670
756.3582
759.4474
762.2512
764.8025
767.1348
769.2789
771.2626
773.2850
775.2650
777.1699
778.9902
780.7280
782.3895
783.9817
785.5178
786.9855
788.3833
789.6995
790.7595
791.6667
792.4743
793.2105
793.8913
794.5270
795.1196
795.6321
796.0642
796.2924
781.1899
768.6948
758.0895
746.7427
737.0406
728.3683
720.4623
713.0301
705.9678
699.2201
692.7258
682.9516
674.5567
667.0338
660.1237
653.6820
647.6200
641.8779
636.4113
631.1863
626.1751
621.3551
616.7074
612.2164
607.8684
603.6519
599.5570
595.5751
591.6989
587.9219
584.2386
580.6441
577.1340
573.7044
570.3521
567.0736
563.8663
560.7276
557.6553
554.6474
551.7019
548.8170
545.9910
543.2225
540.5098
537.8517
535.2467
532.6937
530.1915
527.7388
525.3346
522.9779
520.6675
518.4025
516.1819
514.0048
511.8703
509.7776
507.7257
506.7540
506.2713
506.0029
505.8198
505.6625
505.5038
505.3324
505.1444
504.9395
504.7187
504.4838
504.2368
503.9796
503.7137
503.4408
503.1622
502.8790
502.5922
502.3027
502.0111
501.7180
501.4240
501.1294
500.8346
500.5400
500.0972
499.5792
499.0222
498.4452
497.8582
497.2670
496.6747
496.0834
495.4942
494.9078
494.3247
493.7452
493.1694
492.5974
492.0292
491.4649
490.9044
490.3478
489.7948
489.2456
488.7001
488.1581
487.6197
487.0849
486.5535
486.0256
485.5011
484.9799
484.4620
483.9474
483.4359
482.9277
482.4226
481.9206
481.4218
480.9260
480.4332
479.9435
479.4568
478.9730
478.4922
478.0144
477.5395
477.0675
476.5984
476.1321
475.6687
475.2081
474.7504
474.2954
473.8432
473.3937
472.9470
472.5030
472.0617
471.6231
471.1871
470.7538
470.3231
469.8951
469.4697
469.0470
468.6269
468.2095
467.7948
467.3826
466.9730
466.5660
466.1615
465.7596
465.3602
464.9633
464.6056
464.2955
464.0300
463.8027
463.6062
463.4343
463.2814
463.1433
463.0164
462.8981
462.7862
462.0950
461.1388
460.0632
458.9383
457.7987
456.6624
455.5388
454.4328
453.3472
452.2833
451.2418
450.2225
449.2255
448.2501
447.2961
446.3628
445.4496
444.5560
443.6814
442.8253
441.9872
441.1665
440.3628
439.5757
438.8046
438.0491
437.3090
436.5838
435.8731
435.1766
434.4940
433.8249
433.1691
432.5262
431.8960
431.2782
430.6726
430.0788
429.4967
428.9259
428.3663
427.8176
427.2797
426.7522
426.2349
425.7278
425.2305
424.7428
424.2646
423.7957
423.3358
422.8848
422.4425
422.0088
421.5835
421.1664
420.7573
420.3562
419.9628
419.5770
419.1987
418.8277
418.4639
418.1071
417.7572
417.4141
417.0777
416.7477
416.4242
416.1068
415.7957
415.4905
415.1912
414.8977
414.6098
414.3274
414.0504
413.7788
413.5123
413.2510
412.9947
412.7434
412.4969
412.2551
412.0180
411.7855
411.5575
411.3340
411.1147
410.8997
410.6888
410.4820
410.2793
410.0804
409.8854
409.6941
409.5066
409.3226
409.1422
408.9653
408.7918
408.6217
408.4548
408.2912
408.1307
407.9733
407.8189
407.6676
407.5191
407.3736
407.2308
407.0908
406.9536
406.8190
406.6870
406.5575
406.4306
406.3061
406.1840
406.0643
405.9993
405.9622
405.9398
405.9253
405.9151
405.9074
405.9009
405.8950
405.8893
405.8837
405.8780
405.8720
405.8658
405.8559
405.8415
405.8230
405.8009
405.7759
405.7488
405.7200
405.6899
405.6589
405.6272
405.5950
405.5626
405.5299
405.4972
405.4645
405.4318
405.3991
405.3666
405.3342
405.3019
405.2698
405.2378
405.2061
405.1745
405.1431
405.1118
405.0808
405.0499
405.0192
404.9888
404.9585
404.9283
404.8984
404.8687
404.8391
404.8097
404.7805
404.7515
404.7227
404.6940
404.6655
404.6372
404.6091
404.5811
404.5533
404.5257
404.4982
404.4709
404.4438
404.4168
404.3900
404.3634
404.3369
404.3106
404.2844
404.2584
404.2325
404.2069
404.1813
404.1560
404.1307
404.1057
404.0808
404.0560
404.0314
404.0069
403.9826
403.9584
403.9344
403.9105
403.8868
403.8632
403.8398
403.8165
403.7933
403.7703
403.7474
403.7247
403.7021
403.6796
403.6573
403.6351
403.6130
403.5911
403.5693
403.5477
403.5261
403.5047
403.4835
403.4624
403.4414
403.4205
403.3997
403.3791
403.3586
403.3382
403.3180
403.2979
403.2779
403.2580
403.2382
403.2186
403.1990
403.1796
403.1603
403.1412
403.1221
403.1032
403.0843
403.0656
403.0470
403.0285
403.0101
402.9919
402.9737
402.9556
402.9377
402.9199
402.9021
402.8845
402.8670
402.8496
402.8323
402.8151
402.7980
402.7810
402.7641
402.7473
402.7306
402.7140
402.6975
402.6811
402.6648
402.6486
402.6325
402.6165
402.6006
402.5848
402.5692
402.5536
402.5381
402.5227
402.5074
402.4922
402.4770
402.4620
402.4471
402.4323
402.4175
402.4029
402.3883
402.3739
402.3595
402.3452
402.3310
402.3169
402.3028
402.2889
402.2750
402.2613
402.2476
402.2340
402.2205
402.2071
402.1937
402.1804
402.1673
402.1542
402.1411
402.1282
402.1154
402.1026
402.0899
402.0773
402.0647
402.0523
402.0399
402.0276
402.0153
402.0032
401.9911
401.9791
401.9672
401.9553
401.9435
401.9318
401.9202
401.9086
401.8971
401.8857
401.8744
401.8631
401.8519
401.8408
401.8297
401.8187
401.8078
401.7969
401.7861
401.7754
401.7647
401.7541
401.7436
401.7331
401.7227
401.7124
401.7021
401.6919
401.6817
401.6716
401.6616
401.6516
401.6417
401.6319
401.6221
401.6123
401.6027
401.5930
401.5835
401.5740
401.5645
401.5551
401.5458
401.5365
401.5273
401.5181
401.5090
401.4999
409.0683
415.1845
420.1470
424.1892
427.4950
430.2105
432.4522
434.3131
435.8679
437.1761
438.2858
439.2353
440.0557
440.7716
441.4032
441.9663
442.4741
442.9368
443.3629
443.7590
444.1307
444.4823
444.8174
445.1388
445.4488
438.1723
432.3404
427.6553
423.8847
420.8454
418.3919
416.4083
414.8020
413.4989
412.4396
411.5762
410.8708
410.2924
409.8164
409.4229
409.0960
408.8228
408.5931
408.3983
408.2320
408.0886
407.9638
407.8541
407.7566
407.6691
407.5897
407.5169
407.4495
407.3866
407.3274
407.2711
407.2174
407.1657
407.1158
407.0673
407.0201
406.9739
406.9287
406.8842
406.8404
406.7973
406.7547
406.7125
406.6709
406.6296
406.5887
406.5481
406.5079
406.4680
406.4284
406.3891
406.3501
406.3114
406.2729
406.2346
406.1966
406.1589
406.1213
406.0840
406.0470
406.0102
405.9736
405.9372
405.9010
405.8651
405.8294
405.7939
405.7586
405.7235
405.6887
405.6541
405.6196
405.5854
405.5514
405.5176
405.4840
405.4506
405.4175
405.3845
405.3517
405.3191
405.2867
405.2545
405.2226
405.1908
405.1592
405.1277
405.0965
405.0655
405.0346
405.0040
404.9735
404.9432
404.9131
404.8832
404.8534
404.8239
404.7945
404.7653
404.7362
404.7074
404.6787
404.6502
404.6218
404.5937
404.5657
404.5378
404.5102
404.4827
404.4553
404.4282
404.4011
404.3743
404.3476
404.3211
404.2947
404.2685
404.2425
404.2166
404.1909
404.1653
404.1399
404.1146
404.0895
404.0645
404.0397
404.0150
403.9905
403.9661
403.9419
403.9178
403.8939
403.8701
403.8465
403.8230
403.7997
403.7764
403.7534
403.7304
403.7076
403.6850
403.6625
403.6401
403.6178
403.5957
403.5738
403.5519
403.5302
403.5086
403.4872
403.4658
403.4446
403.4236
403.4026
403.3818
403.3611
403.3406
403.3201
403.2998
403.2796
403.2595
403.2396
403.2198
403.2000
403.1805
403.1610
403.1570
403.1526
403.1477
403.1422
403.1362
403.1297
403.1226
403.1149
403.1068
403.0981
403.0890
403.0795
403.0701
403.0606
403.0510
403.0416
403.0323
403.0231
403.0141
403.0052
402.9965
402.9880
402.9796
402.9714
402.9584
402.9280
402.9170
402.9358
402.9835
403.0707
403.1990
411.3336
418.6215
425.1784
438.7621
450.6163
461.0003
477.7037
492.3165
505.2337
516.7632
527.2281
536.8644
545.8665
554.3832
562.5299
570.3757
577.9600
585.2882
592.3740
599.2353
605.8849
612.3228
618.5832
624.6797
623.5527
623.4682
624.2063
625.6004
627.5169
629.8198
632.3529
635.0627
645.1903
654.1990
662.2651
669.5626
676.2186
682.3794
688.1326
693.5415
698.6537
703.5028
708.1033
712.4577
716.5665
720.4588
724.3103
728.0295
731.5531
734.8532
737.7854
740.4769
742.6251
744.4596
746.0911
747.5821
748.9583
750.2388
751.4088
752.4736
746.5204
741.7159
737.8365
734.7029
732.1483
730.0535
721.2109
714.2255
708.5319
703.8359
700.0477
697.0009
694.6004
692.7038
698.5564
703.4637
707.6734
711.3408
714.5925
724.7753
733.4207
740.8480
747.2931
752.9312
757.8701
762.2065
766.0765
769.5580
772.7162
775.6055
778.4393
781.1581
783.7607
786.2497
788.6304
790.9035
793.0766
795.1726
797.2018
799.0365
800.7085
802.2845
803.7978
805.2522
806.6652
808.0315
809.3268
810.5475
811.6862
812.7712
813.7299
814.5887
815.3440
815.9996
808.7624
802.1646
795.9532
782.5164
770.8666
760.5874
749.6173
739.8214
730.7923
722.2424
714.1643
706.6754
699.4594
692.4594
685.7153
679.1674
672.8096
666.6352
660.6376
654.8098
649.1450
643.6364
638.2777
633.0624
627.9827
623.0336
618.2111
613.5112
608.9302
604.4639
600.1088
595.8609
591.7166
587.6725
583.7251
579.8720
576.1103
572.4374
568.8506
565.3474
561.9252
558.5816
555.3144
552.1214
549.0004
545.9494
542.9664
540.0501
537.1986
534.4097
531.6825
529.0151
526.4061
523.8538
521.3568
518.9136
516.5229
514.1834
511.8937
511.1467
510.5114
509.9573
509.4617
509.0076
508.5830
508.1790
507.7882
507.4051
507.0252
506.6455
506.2634
505.8772
505.4857
505.0879
504.6833
504.2715
503.8524
503.4260
502.9925
502.5520
502.1051
501.6520
501.1931
498.9172
496.9424
495.2559
493.8179
492.5836
491.5124
490.5697
489.7275
488.9637
488.2609
487.6054
486.9868
486.3969
485.8295
485.2797
484.7439
484.2190
483.7030
483.1943
482.6915
482.1937
481.7002
481.2105
480.7242
480.2409
479.7606
479.2829
478.8080
478.3355
477.8657
477.3983
476.9334
476.4710
476.0110
475.5535
475.0986
474.6461
474.1961
473.7485
473.3035
472.8610
472.4210
471.9835
471.5485
471.1160
470.6860
470.2585
469.8335
469.4109
468.9909
468.5733
468.1582
467.7455
467.3353
466.9275
466.5221
466.1192
465.7186
465.3205
464.9248
464.5314
464.1404
463.7519
463.3658
462.9821
462.6008
462.2219
461.8454
461.4713
461.0995
460.7301
460.3630
459.9982
459.6692
459.3836
459.1387
458.9287
458.7471
458.5881
458.4466
458.3189
458.2015
458.0921
457.9888
461.7660
467.5181
472.2621
477.1063
482.2352
487.4666
492.7233
514.1519
535.4377
556.5425
577.4357
598.0950
618.5035
646.9201
666.5867
686.0697
705.3573
724.4475
743.3394
770.3032
796.7361
822.6476
848.0521
872.9694
897.4175
921.4077
944.9515
968.1568
991.0137
1013.5187
1035.6727
1057.4668
1078.8896
1099.9387
1120.6160
1140.9269
1160.7894
1180.1436
1199.1393
1217.7853
1227.8189
1237.8363
1247.8351
1257.8131
1267.7772
1277.7382
1287.7005
1297.6619
1307.6205
1317.5743
1327.5210
1337.4582
1347.3817
1357.2856
1339.7668
1359.0515
1377.7763
1396.0277
1413.8453
1431.2518
1448.2714
1464.8178
1427.6002
1440.5349
1456.1825
1471.5180
1486.2794
1455.7126
1460.2225
1467.6805
1474.8069
1481.4752
1487.6785
1438.4157
1433.6520
1432.8155
1432.1285
1431.4945
1430.8656
1430.2892
1437.5598
1444.4969
1451.0571
1433.7893
1438.6233
1446.9853
1462.9261
1478.0320
1492.3790
1506.0288
1518.9897
1531.2970
1542.8285
1553.6897
1532.8705
1539.0411
1550.5169
1561.3430
1571.3118
1580.5679
1557.8229
1560.9716
1571.0142
1580.4063
1588.9449
1596.7887
1604.0055
1610.6697
1616.8788
1590.0787
1588.7447
1595.9448
1602.4141
1608.0265
1612.9901
1617.3799
1590.6209
1587.9275
1594.4333
1599.9793
1604.5128
1601.6247
1598.8148
1596.0314
1585.5576
1575.4991
1538.3894
1524.5838
1516.1153
1508.2110
1499.8331
1491.4033
1482.6702
1473.9945
1465.3723
1456.8336
1445.3795
1436.2670
1427.4472
1418.7722
1410.2756
1401.9568
1393.8079
1385.8204
1377.9856
1370.4673
1363.1600
1356.0287
1349.0429
1339.4448
1332.0437
1324.8859
1315.1539
1307.6935
1300.5177
1293.5326
1284.1603
1276.9648
1270.0127
1263.2194
1256.6120
1250.1841
1243.9249
1237.8234
1231.8696
1226.0552
1220.3730
1214.8168
1209.3819
1201.7309
1196.2038
1190.9079
1185.8170
1180.9291
1176.2187
1171.6639
1167.2475
1160.5528
1155.7473
1151.1253
1121.7257
1102.6096
1088.5556
1077.5480
1068.5059
1060.7986
1054.0374
1047.9696
1042.4228
1037.2750
1032.4374
1027.8439
1023.4442
1019.2002
1015.0824
1011.0682
1007.1397
1003.2833
999.4880
995.7453
992.0485
988.3924
984.7727
981.1861
977.6298
974.1018
970.6006
967.1246
963.6727
960.2433
956.8350
953.4467
950.0775
946.7273
943.3960
940.0873
936.8021
933.5400
930.3002
927.0820
923.8847
920.7078
917.5507
914.4131
911.2947
908.1952
905.1145
902.0522
899.0084
895.9828
892.9752
889.9856
887.0138
884.0596
881.1230
878.2039
875.3021
872.4175
869.5500
866.6996
863.8662
861.0496
858.2497
855.4665
852.6999
849.9499
847.2162
844.4988
841.7976
839.1126
836.4436
833.7906
831.1534
828.5320
825.9262
823.3360
820.7613
818.2020
815.6579
813.1290
810.6152
808.1164
805.6326
803.1635
800.7093
798.2700
795.8460
793.4374
791.0443
788.6668
786.3047
783.9581
781.6269
779.3110
777.0103
774.7248
772.4544
770.4069
768.6296
767.1065
765.8004
764.6712
763.6825
762.8036
762.0095
761.2805
760.6011
760.0024
762.3325
765.5029
767.8205
770.4327
773.5653
777.0934
780.9276
793.2753
805.5429
817.7134
829.7707
841.7006
853.4910
881.6659
909.1756
936.1221
962.4852
988.2704
1013.4864
1038.1453
1062.2815
1085.9187
1109.0774
1131.7843
1154.0595
1175.8891
1197.2817
1218.2519
1238.8106
1258.9699
1278.7401
1289.8641
1300.9386
1311.9585
1322.9165
1333.8178
1344.6641
1355.4561
1366.1939
1385.1441
1403.7456
1422.1144
1440.3258
1458.2497
1475.8940
1462.6236
1479.5566
1497.4559
1515.0023
1531.8675
1548.1257
1563.5131
1578.1499
1591.9815
1604.9185
1577.9704
1587.3129
1600.1773
1612.4432
1587.7823
1595.3349
1606.6937
1617.1663
1626.5918
1635.0632
1642.7214
1649.6623
1648.3854
1646.9504
1645.3869
1605.1525
1599.8845
1601.0071
1594.2336
1587.2188
1580.1853
1573.2947
1566.5246
1559.9342
1553.6390
1547.4508
1549.1280
1550.6482
1552.0244
1553.2457
1562.9791
1572.5651
1581.8635
1590.7749
1599.2776
1607.2266
1614.6873
1621.4859
1627.6635
1633.2851
1638.4338
1643.1585
1647.5274
1651.6491
1655.5037
1658.9628
1662.0876
1664.9140
1667.3918
1669.5065
1671.2994
1672.8007
1674.0223
1674.9452
1674.8394
1674.1933
1673.1387
1671.9671
1670.4277
1668.6006
1666.5873
1664.4346
1662.0892
1659.5499
1656.8763
1646.5865
1630.3954
1615.0340
1600.6368
1586.9585
1575.2181
1563.7047
1552.3668
1541.1912
1530.1286
1519.2526
1508.5326
1497.9637
1487.7375
1477.7138
1467.8467
1458.1195
1448.5229
1439.0511
1429.7007
1420.4705
1411.3602
1402.3572
1393.4510
1384.6462
1376.1277
1367.7932
1359.6203
1351.5941
1343.7047
1335.9452
1328.3110
1320.7961
1313.3855
1306.0765
1298.8731
1291.7777
1284.7366
1277.7821
1270.9220
1264.1609
1257.5011
1250.9441
1244.4844
1238.1107
1231.8232
1225.6272
1219.5252
1213.5183
1207.8347
1202.3416
1197.0050
1191.8018
1186.7164
1181.7379
1176.8586
1172.0728
1167.3763
1162.7657
1158.2334
1131.0578
1113.6077
1100.9652
1091.1862
1083.2188
1076.4537
1070.5206
1065.1821
1060.2774
1055.6974
1051.3640
1047.2204
1043.2248
1039.3466
1035.5624
1031.8544
1028.2093
1024.6166
1021.0686
1017.5592
1014.0841
1010.6395
1007.2230
1003.8324
1003.1784
1002.4728
1001.7064
1000.8657
999.9412
998.9274
997.7285
996.3838
994.9235
993.3542
991.6819
989.9125
988.0519
986.1063
984.0818
981.9844
979.8199
977.5939
975.3115
972.9775
970.5963
968.1723
965.7095
963.2115
960.6821
958.1244
955.5418
952.9374
950.3139
947.6738
945.0196
942.3533
939.6771
936.9930
934.3026
931.6076
928.9095
926.2098
923.5097
920.8106
918.1135
915.4196
912.7297
910.0447
907.3654
904.6925
902.0267
899.3687
896.7191
894.0786
891.4475
888.8265
886.2158
883.6161
881.0189
878.4165
875.8099
873.2000
870.5878
867.9740
860.8943
856.5008
852.6246
849.0019
845.5672
842.2826
839.1219
836.0656
833.0989
830.2101
827.3897
824.6299
820.2104
816.9543
814.0247
811.3168
808.7987
806.4445
804.2223
802.1188
800.1233
798.2272
796.4222
794.7010
786.7676
778.8684
770.7191
762.6667
754.8762
747.4690
740.4647
737.9118
735.1498
732.4369
737.4053
741.0619
743.7085
753.6122
754.2032
754.9114
755.6389
756.3847
757.1373
757.9068
766.3470
773.4493
779.4973
792.2769
802.9274
811.8711
811.8662
812.1943
812.7650
813.5149
814.3963
815.3730
816.4176
817.5090
818.6308
819.7606
821.4478
822.9794
824.1478
825.0509
825.7653
826.4533
827.0560
827.6050
828.0830
828.3518
828.5195
828.6058
828.6148
828.5551
828.4367
828.2690
828.0606
827.8192
827.5565
827.2381
826.8341
826.3466
825.7896
824.8605
823.7617
815.0218
807.7488
801.8102
796.9069
792.7426
789.1253
778.3546
769.4006
761.8823
755.5175
750.0837
745.4170
733.8073
724.4207
716.7279
710.2578
704.7501
700.0169
703.5175
713.6107
721.5208
727.7178
732.5988
736.4526
747.0702
755.6131
762.5158
768.1115
772.6609
776.3696
779.4013
781.8871
784.0011
785.8460
787.4860
788.9635
790.3083
791.5207
792.6135
793.6036
794.5077
795.3406
796.1151
796.8418
797.5292
798.1842
798.8244
799.4653
800.1106
800.7486
801.3625
801.9476
802.5045
803.0359
803.5453
804.0446
804.4639
804.8472
805.1386
805.3622
798.0059
791.4369
785.4191
779.8473
767.0736
756.0648
738.9340
724.3399
711.7673
700.8378
691.0690
682.2384
674.1802
666.7650
659.9009
653.5135
647.5368
641.9048
636.5619
631.4638
626.5758
621.8703
617.3251
612.9224
608.6501
604.4950
600.4461
596.4946
592.6339
588.8587
585.1647
581.5484
578.0070
574.5378
571.1387
567.8069
564.5405
561.3379
558.1978
555.1189
552.1001
549.1401
546.2380
543.3925
540.6027
537.8674
535.1856
532.5563
529.9784
527.4510
524.9731
522.5437
520.1618
517.8265
515.5369
513.2921
511.0911
508.9331
506.8173
505.6971
505.0345
504.5670
504.1678
503.7778
503.3718
502.9409
502.4838
502.0028
501.8896
501.7617
501.6166
501.4527
501.2692
501.0656
500.8434
500.6031
500.3455
500.0710
499.7807
499.4755
499.1562
498.8238
498.4790
498.1226
497.7553
497.3780
496.9912
496.5957
496.1921
495.7810
495.3630
494.9389
494.5093
494.0746
493.6353
493.1919
492.7447
492.2940
491.8403
491.3839
490.9251
490.4641
490.0013
489.5368
489.0710
488.6040
488.1361
487.6675
487.1983
486.7288
486.2591
485.7894
485.3197
484.8504
484.3813
483.9128
483.4448
482.9776
482.5111
482.0456
481.5810
481.1175
480.6552
480.1941
479.7343
479.2758
478.8187
478.3632
477.9091
477.4567
477.0059
476.5568
476.1094
475.6637
475.2199
474.7779
474.3377
473.8995
473.4631
473.0287
472.5963
472.1659
471.7375
471.2752
470.8746
470.4845
470.1011
469.7228
469.3485
468.9775
468.6092
468.2434
467.8797
467.5179
467.1579
466.4265
465.9321
465.4819
465.0597
464.6617
464.2854
463.9287
463.5900
463.2676
462.9602
462.6666
462.3857
461.1276
459.9971
458.8836
457.8151
456.8138
455.9229
455.1527
454.5224
461.4393
467.4032
472.6832
477.3770
481.5866
500.3376
516.5656
530.7308
543.2144
554.3529
564.4093
580.8855
595.2304
607.8707
611.7619
616.0484
620.5075
625.0796
629.6952
634.3212
638.9497
643.5674
648.1328
652.6818
657.1621
661.5883
665.9612
670.2761
674.5261
678.6997
682.7691
686.7435
683.5698
681.5336
680.5586
687.4075
693.4668
698.9410
703.9546
708.5654
712.8290
716.8000
720.5355
724.0686
727.4112
730.5330
733.4321
736.0744
738.1590
739.8787
741.4373
743.1084
744.7274
746.0877
747.4417
748.7326
749.9450
751.0805
752.1473
753.1684
746.6374
741.6430
737.8200
734.8754
732.6297
723.8607
716.7852
711.0531
706.4342
702.7401
699.8426
697.6109
703.2401
707.9553
711.9565
715.4174
718.4361
721.2807
731.8407
740.8990
748.7272
755.5461
761.5334
766.8341
771.5597
775.8272
779.7519
783.2551
786.2856
788.8389
791.1019
793.1677
795.0864
796.8883
798.5922
800.2117
801.7511
803.2029
804.5988
805.9533
807.2544
808.5005
809.7181
810.9130
812.0855
813.1972
814.2354
807.6188
802.2795
797.9002
794.2174
790.9902
788.1766
777.8935
768.7932
760.5550
749.2989
739.7653
731.0950
722.7428
714.6655
706.8832
699.4261
692.2397
682.3381
673.8555
666.3243
659.4184
652.9963
646.9671
641.2669
635.8479
630.6732
625.7130
620.9429
616.3430
611.8969
607.5906
603.4125
599.3525
595.4022
591.5544
587.8029
584.1423
580.5679
577.0756
573.6619
570.3235
567.0573
563.8607
560.7315
557.6675
554.6668
551.7275
548.8481
546.0269
543.2624
540.5533
537.8983
535.2959
532.7452
530.2448
527.7938
525.3909
523.0353
520.7258
518.4615
516.2415
514.0649
511.9307
509.8381
507.7863
506.8154
506.3339
506.0670
505.8859
505.7307
505.5743
505.4053
505.2199
505.0175
504.7992
504.5669
504.3224
504.0675
503.8040
503.5333
503.2567
502.9755
502.6906
502.4028
502.1128
501.8213
501.5287
501.2355
500.9420
500.6485
500.2068
499.6898
499.1339
498.5578
497.9717
497.3814
496.7899
496.1993
495.6107
495.0250
494.4425
493.8635
493.2883
492.7168
492.1491
491.5853
491.0251
490.4688
489.9161
489.3670
488.8215
488.2795
487.7410
487.2060
486.6743
486.1460
485.6211
485.0994
484.5810
484.0659
483.5540
483.0453
482.5397
482.0373
481.5380
481.0418
480.5486
480.0584
479.5713
479.0871
478.6059
478.1277
477.6524
477.1801
476.7106
476.2441
475.7804
475.3196
474.8616
474.4065
473.9542
473.5047
473.0579
472.6139
472.1726
471.7340
471.2980
470.8648
470.4342
470.0062
469.5809
469.1583
468.7383
468.3210
467.9063
467.4942
467.0847
466.6777
466.2733
465.8713
465.4719
465.0749
464.7172
464.4070
464.1415
463.9141
463.7176
463.5456
463.3927
463.2545
463.1275
463.0091
462.8971
462.2048
461.2471
460.1699
459.0434
457.9022
456.7643
455.6392
454.5318
453.4448
452.3797
451.3369
450.3165
449.3182
448.3417
447.3864
446.4519
445.5376
444.6428
443.7671
442.9099
442.1012
441.3481
440.6487
439.9976
439.3886
438.8159
438.3241
437.9148
437.5759
437.2926
437.0515
436.8421
436.6561
436.4874
436.3315
436.1851
436.0458
435.9120
435.7825
435.6565
435.5333
435.4126
435.2940
435.1775
435.0628
434.9499
434.8387
434.7293
434.6215
434.5154
434.4110
434.3082
434.2071
434.1076
434.0097
433.9135
433.7883
433.6265
433.4295
433.2024
432.9509
432.6804
432.3957
432.1010
431.7997
431.4944
431.1874
430.8804
430.5748
430.2716
429.9717
429.6756
429.3838
429.0966
428.7641
428.3805
427.9542
427.4971
427.0197
426.5308
426.0368
425.5424
425.0509
424.5647
424.0852
423.6135
423.1502
422.6956
422.2499
421.8132
421.3853
420.9661
420.5555
420.1533
419.7594
419.3735
418.9955
418.6252
418.2624
417.9069
417.5585
417.2171
416.8825
416.5545
416.2331
415.9181
415.6092
415.3065
415.0097
414.7187
414.4334
414.1538
413.8795
413.6107
413.3471
413.0886
412.8352
412.5867
412.3431
412.1041
411.9742
411.9000
411.8550
411.8259
411.8055
411.7898
411.7767
411.7648
411.7534
411.7421
411.7305
411.7186
411.7062
411.6864
411.6576
411.6206
411.5765
411.5267
411.4726
411.4151
411.3551
411.2933
411.2301
411.1660
411.1013
411.0362
410.9710
410.9057
410.8405
410.7755
410.7106
410.6461
410.5818
410.5178
410.4542
410.3909
410.3280
410.2654
410.2032
410.1413
410.0798
410.0187
409.9579
409.8976
409.8375
409.7779
409.7186
409.6597
409.6011
409.5429
409.4850
409.4275
409.3704
409.3135
409.2571
409.2009
409.1451
409.0897
409.0345
408.9798
408.9253
408.8712
408.8174
408.7639
408.7107
408.6579
408.6054
408.5532
408.5013
408.4497
408.3984
408.3475
408.2968
408.2465
408.1964
408.1466
408.0971
408.0480
407.9991
407.9505
407.9022
407.8542
407.8065
407.7591
407.7119
407.6651
407.6185
407.5722
407.5262
407.4805
407.4351
407.3899
407.3450
407.3004
407.2560
407.2119
407.1681
407.1246
407.0813
407.0382
406.9955
406.9530
406.9107
406.8687
406.8270
406.7855
406.7442
406.7032
406.6625
406.6219
406.5817
406.5416
406.5018
406.4623
406.4230
406.3839
406.3451
406.3065
406.2682
406.2300
406.1922
406.1545
406.1171
406.0799
406.0430
406.0062
405.9697
405.9335
405.8974
405.8616
405.8259
405.7906
405.7554
405.7204
405.6857
405.6511
405.6168
405.5827
405.5488
405.5151
405.4816
405.4483
405.4152
405.3823
405.3496
405.3171
405.2849
405.2528
405.2209
405.1892
405.1578
405.1265
405.0954
405.0645
405.0338
405.0033
404.9730
404.9429
404.9129
404.8832
404.8536
404.8242
404.7950
404.7660
404.7372
404.7085
404.6800
404.6517
404.6236
404.5956
404.5678
404.5402
404.5127
404.4854
404.4583
404.4314
404.4046
404.3780
404.3515
404.3252
404.2991
404.2731
404.2970
404.3787
404.5112
404.6838
404.8862
405.1099
405.3482
405.5961
405.8502
406.1077
406.3670
406.6266
406.8859
407.1441
407.4010
407.6562
407.9097
408.1613
408.4111
408.6590
408.9050
409.1493
409.3917
409.6324
409.8714
410.1087
410.3443
410.5784
410.8108
411.0418
411.2712
411.4991
411.7255
411.9505
412.1741
412.3963
412.6171
412.8365
413.0546
413.2713
413.4867
413.7008
413.9135
414.1250
414.3352
414.5440
414.7516
414.9580
415.1133
415.2098
415.2544
415.2578
415.2303
415.1804
415.1150
415.0388
414.9554
414.8676
414.7770
414.6849
414.5923
414.4996
414.4074
414.3157
414.2249
414.1349
414.0458
413.9577
413.8705
413.7842
413.6987
413.6141
413.5303
413.4473
413.3650
413.2834
413.2025
413.1222
413.0425
412.9634
412.8849
412.8070
412.7296
412.6528
412.5764
412.5006
412.4253
412.3504
412.2760
412.2021
412.1287
412.0557
411.9832
411.9111
411.8394
411.7682
411.6975
411.6271
411.5572
411.4877
411.4186
411.3500
411.2817
411.2138
411.1464
411.0793
411.0127
410.9464
410.8805
410.8150
410.7499
410.6852
410.6208
410.5569
410.4933
410.4301
410.3672
410.3047
410.2426
410.1808
410.1194
410.0584
409.9977
409.9374
409.8774
409.8178
409.7586
409.6996
409.6411
409.5828
409.5250
409.4674
409.4102
409.3533
409.2968
409.2406
409.1847
409.1291
409.0739
409.0190
408.9644
408.9102
408.8562
408.8026
408.7493
408.6963
408.6436
408.5912
408.5392
408.4874
408.4360
408.3849
408.3341
408.2836
408.2333
408.1834
408.1338
408.0845
408.0355
407.9867
407.9383
407.8901
407.8423
407.7947
407.7474
407.7005
407.6537
407.6073
407.5612
407.5153
407.4697
407.4244
407.3793
407.3346
407.2901
407.2458
407.2019
407.1582
407.1147
407.0715
407.0286
406.9860
406.9436
406.9014
406.8595
406.8179
406.7765
406.7354
406.6945
406.6538
406.6134
406.5733
406.5334
406.4937
406.4543
406.4151
406.3761
406.3374
406.2989
406.2607
406.2227
406.1849
406.1474
406.1100
406.0730
406.0361
405.9995
405.9630
405.9269
405.8909
405.8551
405.8196
405.7843
405.7492
405.7143
405.6796
405.6451
405.6108
405.5768
405.5429
405.5093
405.4758
405.4426
405.4095
405.3767
405.3440
405.3115
405.2793
405.2472
405.2153
405.1836
405.1521
405.1208
405.0897
405.0588
405.0280
404.9975
404.9671
404.9369
404.9069
404.8771
404.8474
404.8179
404.7886
404.7595
404.7306
404.7018
404.6732
404.6448
404.6165
404.6116
404.6067
404.6014
404.5956
404.5892
404.5822
404.5745
404.5662
404.5571
404.5474
404.5371
404.5261
404.5144
404.5025
404.4904
404.4782
404.4661
404.4539
404.4419
404.4299
404.4180
404.4062
404.3945
404.3829
404.3283
404.2776
404.2442
404.2361
404.2531
404.3116
404.4127
404.5622
404.8004
413.5855
421.6451
429.2402
444.0821
464.9702
483.3720
499.7434
514.4309
527.7076
539.7831
558.0675
574.2293
588.6285
594.5313
600.3952
606.1938
611.9270
617.5917
623.1791
628.7306
634.1986
639.5954
644.9138
643.1221
642.3774
642.4513
643.2182
644.5677
653.5698
661.7459
669.0752
675.7409
681.9538
687.8088
693.1990
698.4023
703.3847
708.1231
712.6261
716.9005
720.9710
724.8629
721.5762
719.2821
717.7213
716.7178
716.1696
715.9448
716.0020
716.2929
716.7712
717.3979
718.1418
718.9774
719.8785
727.7645
734.3274
739.8685
737.5667
735.8314
734.5439
733.6235
733.0320
732.7228
725.5025
719.6828
715.0415
711.3604
708.4896
706.1613
704.2029
709.8232
714.3769
718.0755
721.1186
723.6452
725.7596
727.5465
729.0746
730.3991
731.5644
739.7350
746.4927
752.0768
756.6993
760.5385
763.7394
766.4360
768.7289
770.6590
772.2800
773.6434
774.7952
775.7744
776.6129
777.3368
777.9679
778.5237
779.0182
779.4657
779.8577
780.2015
780.5043
780.8115
781.1575
781.5307
781.9195
782.3161
782.7149
783.1121
783.4936
783.8083
776.3916
763.0274
751.4877
741.3733
730.9898
721.6451
712.8562
704.5243
696.6425
689.1692
682.0958
675.3434
668.9797
662.9240
657.1137
651.5095
646.0840
640.8182
635.6989
630.7155
625.8599
621.1251
616.5053
611.9958
607.5912
603.2880
599.0829
594.9729
590.9552
587.0269
583.1855
579.4286
575.7537
572.1588
568.6412
565.1986
561.8298
558.5332
555.3075
552.1510
549.0623
546.0398
543.0819
540.1873
537.3543
534.5818
531.8682
529.2123
526.6129
524.0685
521.5779
519.1397
516.7528
514.4160
512.1282
509.8882
507.6951
505.5476
503.4448
502.7262
502.1228
501.5962
501.1212
500.6810
500.2643
499.8633
499.4726
499.0887
498.7087
498.3309
497.9537
497.5763
497.1977
496.8174
496.4350
496.0501
495.6626
495.2723
494.8791
494.4828
494.0835
