21.1000
21.1000
21.1000
21.1001
21.1001
21.1001
21.1001
21.1001
21.1000
21.1000
21.1000
21.1000
21.1000
21.1000
21.1000
21.1000
21.1000
21.1000
21.1000
21.1000
21.1000
21.1000
21.1000
21.1000
21.1000
21.1000
21.1000
21.1000
21.1000
21.1000
21.1000
21.1000
21.1000
21.1000
21.1000
21.1000
21.1000
21.1000
21.1000
21.1000
21.1000
21.1000
21.1000
21.1000
21.1000
21.1000
21.1000
21.1000
21.1000
21.1000
21.1000
21.1000
21.1000
21.1000
21.1000
21.1000
21.1000
21.1000
21.1000
21.1000
21.1000
21.0996
21.1000
21.1001
21.1001
21.1001
21.1001
21.1000
21.1000
21.1000
21.1000
21.1000
21.1000
21.0997
21.1001
21.1000
21.1000
21.1001
21.1001
21.1001
21.1001
21.1001
21.1001
21.1001
21.1001
21.0979
21.0983
21.0988
21.0991
21.0993
21.0994
21.0996
21.0996
21.0998
21.0999
21.1000
21.1000
21.1001
21.1001
21.1003
21.1003
21.1004
21.1005
21.1006
21.1006
21.1006
21.1006
21.1006
21.1006
21.1006
21.1006
21.1005
21.1005
21.1005
21.1005
21.1005
21.1005
21.1005
21.1005
21.1004
21.1004
21.1003
21.1003
21.1004
21.1004
21.1004
21.1004
21.1004
21.1005
21.1005
21.1006
21.1006
21.1006
21.1006
21.1006
21.1006
21.1006
21.1006
21.1006
21.1006
21.1005
21.1004
21.1003
21.1002
21.1002
21.1003
21.1002
21.1002
21.1003
21.1003
21.1003
21.1003
21.1003
21.1003
21.1003
21.1003
21.1003
21.1003
21.1003
21.1003
21.1003
21.1003
21.1003
21.1003
21.1003
21.1003
21.1003
21.1003
21.1003
21.1003
21.1003
21.1004
21.1005
21.1006
21.1006
21.1006
21.1007
21.1007
21.1007
21.1007
21.1007
21.1008
21.1008
21.1008
21.1008
21.1008
21.1008
21.1009
21.1010
21.1010
21.1010
21.1010
21.1009
21.1009
21.1009
21.1008
21.1007
21.1006
21.1006
21.1006
21.1006
21.1005
21.1005
21.1005
21.1005
21.1004
21.1004
21.1003
21.1002
21.1002
21.1001
21.1001
21.1001
21.0999
21.0999
21.0999
21.0999
21.0999
21.1000
21.1001
21.1001
21.1002
21.1002
21.1002
21.1002
21.1002
21.1003
21.1003
21.1003
21.1002
21.1001
21.1001
21.1000
21.1000
21.1000
21.1000
21.1000
21.1000
21.1000
21.0999
21.0999
21.0999
21.0999
21.0999
21.0999
21.0998
21.0998
21.0998
21.0998
21.0998
21.0998
21.0998
21.0998
21.0998
21.0998
21.0998
21.0998
21.0998
21.0998
21.0998
21.0998
21.0998
21.0998
21.0998
21.0998
21.1028
21.1024
21.1019
21.1013
21.1009
21.1006
21.1004
21.1002
21.1001
21.1000
21.1000
21.1000
21.1000
21.0999
21.0999
21.0999
21.0999
21.0999
21.0999
21.1000
21.1000
21.1000
21.1000
21.1000
21.1000
21.1000
21.1001
21.1001
21.1001
21.1001
21.1000
21.1000
21.1000
21.1000
21.1000
21.1000
21.1000
21.1000
21.1000
21.1000
21.1000
21.1000
21.1000
21.1000
21.1000
21.1000
21.1000
21.1000
21.1000
21.1000
21.1000
21.1000
21.1000
21.1000
21.1000
21.1000
21.1000
21.1000
21.1000
21.0999
21.0999
21.0999
21.0999
21.0999
21.0999
21.0999
21.0999
21.0999
21.0999
21.0999
21.0999
21.0999
21.0999
21.0999
21.0999
21.0999
21.0999
21.0999
21.0999
21.0999
21.1000
21.1000
21.1000
21.1000
21.0996
21.1000
21.1001
21.1001
21.1000
21.1000
21.1000
21.1000
21.1000
21.1000
21.1000
21.1000
21.0998
21.1002
21.1001
21.1001
21.1001
21.1002
21.1002
21.1002
21.1002
21.1002
21.1002
21.1002
21.0962
21.0966
21.0974
21.0981
21.0986
21.0990
21.0993
21.0995
21.0997
21.0999
21.0999
21.1002
21.1003
21.1003
21.1004
21.1004
21.1004
21.1004
21.1005
21.1005
21.1005
21.1005
21.1005
21.1005
21.1005
21.1005
21.1005
21.1005
21.1005
21.1005
21.1005
21.1005
21.1006
21.1006
21.1006
21.1006
21.1006
21.1005
21.1005
21.1005
21.1004
21.1004
21.1004
21.1004
21.1006
21.1006
21.1005
21.1005
21.1006
21.1006
21.1006
21.1006
21.1006
21.1006
21.1006
21.1006
21.1007
21.1007
21.1007
21.1007
21.1007
21.1007
21.1008
21.1007
21.1008
21.1008
21.1008
21.1008
21.1008
21.1008
21.1008
21.1008
21.1008
21.1006
21.1005
21.1005
21.1006
21.1006
21.1006
21.1006
21.1007
21.1007
21.1007
21.1007
21.1007
21.1007
21.1007
21.1007
21.1007
21.1007
21.1007
21.1007
21.1005
21.1004
21.1003
21.1002
21.1002
21.1001
21.1001
21.1001
21.1001
21.1000
21.1000
21.1000
21.1001
21.1002
21.1002
21.1002
21.1003
21.1003
21.1002
21.1002
21.1003
21.1003
21.1004
21.1004
21.1004
21.1004
21.1004
21.1004
21.0996
21.1002
21.1005
21.1007
21.1007
21.1006
21.1006
21.1005
21.1003
21.1003
21.1002
21.1001
21.1001
21.1001
21.1000
21.1000
21.1000
21.1000
21.1000
21.1000
21.1000
21.1000
21.1000
21.1001
21.1001
21.1001
21.1001
21.1001
21.1001
21.1001
21.1001
21.1001
21.1001
21.1001
21.1001
21.1001
21.1001
21.1000
21.1000
21.1000
21.1000
21.1000
21.1000
21.0999
21.0999
21.0999
21.0999
21.0999
21.0999
21.0999
21.0999
21.0999
21.0999
21.0999
21.0999
21.0999
21.0999
21.0999
21.0999
21.0999
21.1040
21.1036
21.1028
21.1020
21.1014
21.1009
21.1006
21.1003
21.1002
21.1001
21.1000
21.0999
21.0999
21.0999
21.0999
21.0999
21.0999
21.0999
21.0999
21.0999
21.0999
21.0999
21.0999
21.0999
21.0999
21.1000
21.1001
21.1001
21.1001
21.1001
21.1000
21.1000
21.1000
21.1000
21.1000
21.1000
21.1000
21.1000
21.1000
21.1000
21.1000
21.1000
21.1000
21.1000
21.1000
21.1000
21.1000
21.1000
21.1000
21.1000
21.1000
21.1000
21.1000
21.1000
21.1000
21.1000
21.1000
21.1000
21.1000
21.1000
21.1000
21.1000
21.1000
21.1000
21.1000
21.1000
21.1000
21.1000
21.1000
21.1000
21.1000
21.1000
21.1000
21.1000
21.1000
21.1000
21.1000
21.1000
21.1000
21.1000
21.1000
21.1000
21.1000
21.1000
21.0992
21.0999
21.1001
21.1002
21.1002
21.1002
21.1002
21.1002
21.1002
21.1001
21.1001
21.1001
21.0999
21.1002
21.1002
21.1002
21.1002
21.1002
21.1002
21.1002
21.1002
21.1002
21.1002
21.1002
21.0964
21.0967
21.0976
21.0983
21.0988
21.0991
21.0994
21.0996
21.0998
21.0999
21.0999
21.1001
21.1002
21.1003
21.1004
21.1004
21.1004
21.1005
21.1005
21.1005
21.1005
21.1004
21.1003
21.1003
21.1004
21.1003
21.1004
21.1004
21.1005
21.1005
21.1006
21.1007
21.1008
21.1008
21.1007
21.1008
21.1008
21.1009
21.1009
21.1008
21.1008
21.1007
21.1008
21.1007
21.1007
21.1007
21.1006
21.1006
21.1007
21.1007
21.1007
21.1007
21.1007
21.1007
21.1006
21.1007
21.1007
21.1007
21.1007
21.1007
19.5714
19.4901
19.4625
19.4479
19.4375
19.4299
19.4234
19.4189
19.4129
19.4094
19.4055
19.4028
19.4008
19.3918
19.4015
19.3944
19.3935
19.3911
19.3900
19.3889
19.3885
19.3865
19.3858
19.3842
19.3986
19.3936
19.3992
19.3993
19.3995
19.3996
19.4000
19.3999
19.4005
19.4006
19.3972
19.4009
19.4011
19.4018
19.4016
19.4019
19.4022
19.4025
19.4026
19.4028
19.4031
19.4034
19.4038
19.4041
19.4044
19.4048
19.4051
19.4055
19.3915
19.3914
19.3908
19.3907
19.3909
19.3905
19.3907
19.3914
19.3915
19.3831
19.3770
19.3761
19.3600
19.3760
19.3759
19.3070
19.3188
19.3153
19.3168
19.3123
19.3109
19.2947
19.3081
19.3070
19.3064
19.3057
19.3055
19.3051
19.3045
19.3040
19.3035
19.3030
19.3026
19.3013
19.3010
19.3006
19.3001
19.2997
19.2993
19.2989
19.2984
19.2980
19.2976
19.2971
19.2967
19.2963
19.2958
19.2954
19.2949
19.2944
19.2939
19.2934
19.2930
19.2925
19.2920
19.2915
19.2910
19.2889
19.2900
19.2893
19.2888
19.2883
19.2877
19.2872
19.2867
19.2861
19.2856
19.2850
19.1819
19.2895
19.2839
19.2845
19.2839
19.2837
19.2833
19.2855
19.2848
19.2854
19.2862
19.2871
19.2881
19.2890
19.2899
19.2908
19.2917
19.2925
19.2932
19.2939
19.2939
19.2944
19.2950
19.2961
19.2963
19.2964
19.2974
19.2976
19.2979
19.2981
19.2983
19.2984
19.2985
19.2986
19.2987
19.2987
19.2987
19.2987
19.2986
19.2986
19.2985
19.2984
19.2983
19.2981
19.2980
19.2978
19.2976
19.2974
19.2972
19.2970
19.2968
19.2965
19.2962
19.2960
19.2956
19.2953
19.2950
19.2946
19.2943
19.2939
19.2936
19.2932
19.2928
19.2924
19.2920
19.2916
19.2912
19.2908
19.2903
19.2899
19.2895
19.2890
19.2886
19.2881
19.2877
19.2872
19.2868
19.2863
19.2858
19.2853
19.2848
19.2843
19.2838
19.2833
19.3326
19.2640
19.2792
19.2789
19.2785
19.2778
19.2770
19.2760
19.2750
19.2740
19.2729
19.2734
19.3131
19.2565
19.2689
19.2687
19.2684
19.2680
19.2674
19.2668
19.2662
19.2655
19.2649
19.2643
19.3401
19.2500
19.2608
19.2570
19.2731
19.2662
19.2446
19.2946
19.2571
19.2569
19.2549
19.2545
19.3280
19.3262
19.3290
19.3299
19.3315
19.3336
19.3334
19.3356
19.3353
19.3360
19.3371
19.3372
19.3376
19.3377
19.3387
19.3537
19.3546
19.3551
19.3425
19.3423
19.3425
19.3423
19.3431
19.3435
19.3439
19.3443
19.3452
19.3447
19.7768
20.1155
20.3761
20.5719
20.7171
20.8235
20.9010
20.9571
20.9976
21.0267
21.0477
21.0627
21.0735
21.0812
21.0867
21.0906
21.0935
21.0956
21.0970
21.0981
21.0988
21.0994
21.0997
21.1000
21.1002
21.1004
21.1005
21.1006
21.1006
21.1007
21.1007
21.1009
21.1010
21.1009
21.1009
21.1009
21.1010
21.1010
21.1010
21.1010
21.1010
21.1011
21.1012
21.1012
21.1012
21.1010
21.1009
21.1007
21.1006
21.1005
21.1005
21.1004
21.1004
21.1005
21.1005
21.1006
21.1006
21.1006
21.1007
21.1007
21.1008
21.1009
21.1009
21.1010
21.1010
21.1010
21.1010
21.1010
21.1010
21.1010
21.1010
21.1009
21.1009
21.1008
21.1008
21.1007
21.1007
21.1007
21.1007
21.1007
21.1007
21.1007
21.1007
21.1007
21.1007
21.1006
21.1006
21.1005
21.1003
21.1003
21.1003
21.1002
19.6248
19.4626
19.4332
19.4169
19.4052
19.3959
19.3882
19.3816
19.3759
19.3715
19.3670
19.3631
19.3595
19.3562
19.3532
19.3505
19.3479
19.3455
19.3433
19.3412
19.3392
19.3374
19.3356
19.3339
19.3323
19.3307
19.3292
19.3277
19.3263
19.3249
19.3236
19.3223
19.3211
19.3199
19.3187
19.3175
19.3164
19.3153
19.3142
19.3131
19.3121
19.3111
19.3101
19.3090
19.3081
19.3071
19.3061
19.3051
19.3041
19.3037
19.3024
19.3010
19.2995
19.2980
19.2966
19.2953
19.2941
19.2928
19.2917
19.2905
19.2894
19.2883
19.2873
19.2862
19.2852
19.2842
19.2832
19.2823
19.2813
19.2804
19.2795
19.2786
19.2777
19.2768
19.2759
19.2751
19.2743
19.2734
19.2726
19.2718
19.2710
19.2702
19.2695
19.2687
19.2679
19.2672
19.2664
19.2657
19.2650
19.2642
19.2635
19.2628
19.2621
19.2613
19.2606
19.2600
19.2593
19.2586
19.2579
19.2572
19.2566
19.2559
19.2553
19.2546
19.2539
19.2533
19.2527
19.2521
19.2514
19.2508
19.2502
19.2496
19.2490
19.2484
19.2478
19.2472
19.2467
19.2461
19.2455
19.2449
19.2444
19.2438
19.2433
19.2427
19.2422
19.2416
19.2411
19.2406
19.2401
19.2395
19.2390
19.2385
19.2380
19.2375
19.2371
19.2366
19.2361
19.2357
19.2352
19.2347
19.2342
19.2338
19.2333
19.2330
19.2327
19.2325
19.2326
19.2328
19.2330
19.2332
19.2334
19.2335
19.2336
19.2337
19.2338
19.2338
19.2338
19.2323
19.2321
19.2320
19.2319
19.2318
19.2318
19.2317
19.2316
19.2316
19.2316
19.2315
19.2315
19.2315
19.2314
19.2314
19.2315
19.2315
19.2315
19.2316
19.2316
19.2317
19.2318
19.2318
19.2319
19.2320
19.2322
19.2323
19.2324
19.2326
19.2328
19.2329
19.2331
19.2333
19.2336
19.2338
19.2340
19.2343
19.2345
19.2354
19.2357
19.2361
19.2364
19.2367
19.2371
19.2374
19.2378
19.2381
19.2385
19.2389
19.2393
19.2397
19.2400
19.2404
19.2408
19.2412
19.2416
19.2420
19.2424
19.2428
19.2432
19.2437
19.2441
19.2445
19.2449
19.2454
19.2458
19.2462
19.2467
19.2471
19.2476
19.2481
19.2486
19.2490
19.2495
19.2499
19.2504
19.2509
19.2515
19.2520
19.2526
19.2532
19.2537
19.2543
19.2549
19.2556
19.2562
19.2568
19.2575
19.2581
19.2588
19.2595
19.2601
19.2608
19.2615
19.2622
19.2629
19.2636
19.2643
19.2650
19.2658
19.2665
19.2672
19.2679
19.2687
19.2694
19.2702
19.2709
19.2717
19.2724
19.2732
19.2739
19.2747
19.2754
19.2762
19.2769
19.2777
19.2784
19.2791
19.2798
19.2805
19.2819
19.2828
19.2835
19.2842
19.2849
19.2855
19.2861
19.2867
19.2873
19.2878
19.2883
19.2888
19.2892
19.2894
19.2895
19.2895
19.2895
19.2895
19.2895
19.2894
19.2894
19.2894
19.2893
19.2892
19.2891
19.2890
19.2889
19.2887
19.2886
19.2884
19.2881
19.2879
19.2876
19.2873
19.2870
19.2867
19.2864
19.2860
19.2857
19.2853
19.2849
19.2846
19.2842
19.2838
19.2835
19.2831
19.2827
19.2823
19.2819
19.2815
19.2810
19.2806
19.2802
19.2798
19.2793
19.2789
19.2784
19.2780
19.2775
19.2770
19.2766
19.2761
19.2756
19.2751
19.2746
19.2741
19.2736
19.2731
19.2726
19.2721
19.2716
19.2711
19.2706
19.2701
19.2696
19.2690
19.2685
19.2680
19.2674
19.2669
19.2664
19.2658
19.2653
19.2647
19.2642
19.2636
19.2631
19.2625
19.2620
19.2614
19.2609
19.2603
19.2598
19.2592
19.2587
19.2581
19.2576
19.2571
19.2565
19.2560
19.2554
19.2549
19.2544
19.2538
19.2533
19.2527
19.2522
19.2516
19.2511
19.2506
19.2500
19.2495
19.2490
19.2484
19.2479
19.2474
19.2468
19.2463
19.2458
19.2452
19.2447
19.2442
19.2437
19.2432
19.2426
19.2421
19.2416
19.2411
19.2406
19.2401
19.2395
19.2390
19.2385
19.2380
19.2375
19.2370
19.2365
19.2360
19.2355
19.2350
19.2346
19.2341
19.2336
19.2331
19.2326
19.2322
19.2317
19.2313
19.2308
19.2304
19.2299
19.2295
19.2291
19.2287
19.2283
19.2281
19.2280
19.2279
19.2279
19.2279
19.2279
19.2278
19.2278
19.2277
19.2277
19.2276
19.2275
19.2274
19.2273
19.2273
19.2272
19.2272
19.2271
19.2271
19.2271
19.2271
19.2272
19.2272
19.2273
19.2274
19.2275
19.2276
19.2277
19.2278
19.2279
19.2281
19.2283
19.2284
19.2286
19.2289
19.2291
19.2293
19.2296
19.2299
19.2302
19.2305
19.2308
19.2311
19.2315
19.2319
19.2323
19.2327
19.2331
19.2336
19.2340
19.2345
19.2350
19.2356
19.2361
19.2367
19.2373
19.2379
19.2385
19.2391
19.2398
19.2404
19.2411
19.2418
19.2425
19.2433
19.2440
19.2447
19.2454
19.2461
19.2468
19.2476
19.2483
19.2490
19.2498
19.2505
19.2513
19.2521
19.2528
19.2536
19.2544
19.2552
19.2560
19.2569
19.2577
19.2585
19.2593
19.2601
19.2609
19.2618
19.2626
19.2636
19.2645
19.2654
19.2664
19.2673
19.2683
19.2692
19.2701
19.2711
19.2720
19.2729
19.2738
19.2747
19.2756
19.2765
19.2773
19.2782
19.2790
19.2798
19.2807
19.2815
19.2822
19.2830
19.2837
19.2843
19.2850
19.2856
19.2861
19.2867
19.2872
19.2877
19.2882
19.2886
19.2891
19.2895
19.2899
19.2902
19.2906
19.2909
19.2912
19.2915
19.2918
19.2921
19.2923
19.2926
19.2928
19.2929
19.2931
19.2932
19.2932
19.2933
19.2933
19.2933
19.2932
19.2932
19.2931
19.2930
19.2929
19.2927
19.2925
19.2924
19.2921
19.2919
19.2916
19.2914
19.2911
19.2908
19.2904
19.2900
19.2897
19.2893
19.2888
19.2884
19.2880
19.2875
19.2870
19.2865
19.2860
19.2854
19.2849
19.2843
19.2838
19.2833
19.2827
19.2822
19.2816
19.2811
19.2806
19.2800
19.2795
19.2789
19.2784
19.2778
19.2773
19.2767
19.2761
19.2756
19.2750
19.2744
19.2738
19.2733
19.2727
19.2721
19.2715
19.2709
19.2703
19.2697
19.2691
19.2685
19.2679
19.2673
19.2667
19.2661
19.2655
19.2649
19.2643
19.2637
19.2631
19.2624
19.2618
19.2612
19.2605
19.2599
19.2592
19.2585
19.2579
19.2572
19.2565
19.2559
19.2552
19.2545
19.2538
19.2532
19.2525
19.2518
19.2511
19.2504
19.2498
19.2491
19.2484
19.2477
19.2470
19.2463
19.2456
19.2449
19.2442
19.2435
19.2428
19.2421
19.2414
19.2407
19.2400
19.2393
19.2386
19.2379
19.2373
19.2366
19.2359
19.2352
19.2345
19.2338
19.2331
19.2324
19.2317
19.2311
19.2304
19.2297
19.2290
19.2283
19.2276
19.2269
19.2262
19.2256
19.2249
19.2242
19.2235
19.2228
19.2221
19.2214
19.2207
19.2200
19.2193
19.2187
19.2180
19.2173
19.2166
19.7017
20.0623
20.3396
20.5474
20.7010
20.8131
20.8944
20.9529
20.9949
21.0250
21.0465
21.0618
21.0726
21.0807
21.0862
21.0902
21.0930
21.0951
21.0965
21.0975
21.0983
21.0988
21.0992
21.0994
21.0963
21.0970
21.0976
21.0981
21.0985
21.0989
21.0993
21.0993
21.0997
21.0999
21.1000
21.1001
21.1002
21.1003
21.1005
21.1005
21.1005
21.1005
21.1005
21.1005
21.1005
21.1005
21.1005
21.1005
21.1005
21.1005
21.1006
21.1006
21.1006
21.1006
21.1006
21.1006
21.1006
21.1006
21.1006
21.1006
21.1006
21.1006
21.1006
21.1006
21.1006
21.1006
21.1006
21.1006
21.1006
21.1006
21.1006
21.1006
21.1007
21.1007
21.1007
21.1007
21.1007
21.1008
21.1009
21.1009
21.1010
21.1009
21.1008
21.1006
21.1005
21.1003
21.1002
21.1002
21.1001
21.1001
21.1001
21.1001
21.1001
21.1001
21.1001
21.1001
21.1001
21.1000
21.1001
21.1003
21.1003
21.1004
21.1005
21.1006
21.1006
21.1007
21.1007
21.1007
21.1007
21.1007
21.1007
21.1007
21.1007
21.1007
21.1007
21.1007
21.1007
21.1007
21.1007
21.1007
21.1007
21.1008
21.1009
21.1009
21.1010
21.1010
21.1010
21.1010
21.1010
21.1010
21.1009
21.1009
21.1008
21.1008
21.1008
21.1008
21.1008
21.1008
21.1008
21.1008
21.1008
21.1008
21.1008
21.1008
21.1008
21.1007
21.1005
21.1004
21.1003
21.1003
21.1002
21.1002
21.1001
21.1001
21.1001
21.1000
21.0998
21.0998
21.0997
21.0998
21.0998
21.0999
21.0999
21.1000
21.1000
21.1000
21.1000
21.1000
21.1000
21.1000
21.1000
21.1000
21.1000
21.1000
21.1000
21.1000
21.1000
21.1000
21.1000
21.1000
21.1000
21.1000
21.1000
21.1000
21.1000
21.1000
21.1000
21.1000
21.1000
21.1000
21.1000
21.1000
21.1000
21.1000
21.1000
21.1000
21.1000
21.1000
21.1000
21.1000
21.1000
21.1000
21.1000
21.1000
21.1030
21.1024
21.1018
21.1012
21.1008
21.1005
21.1003
21.1002
21.1001
21.1000
21.1000
21.1000
21.0999
21.0999
21.0999
21.0999
21.0999
21.0999
21.0999
21.0999
21.0999
21.0999
21.1000
21.1000
19.8249
19.4536
19.4281
19.4098
19.3978
19.3878
19.3791
19.3712
19.3639
19.3572
19.3508
19.3449
19.3399
19.3345
19.3295
19.3247
19.3201
19.3158
19.3116
19.3076
19.3037
19.3000
19.2964
19.2930
19.2891
19.2858
19.2827
19.2797
19.2768
19.2739
19.2711
19.2684
19.2658
19.2632
19.2607
19.2582
19.2558
19.2535
19.2512
19.2489
19.2467
19.2445
19.2423
19.2402
19.2381
19.2360
19.2340
19.2320
19.2300
19.2280
19.2261
19.2242
19.2223
19.2204
19.2185
19.2167
19.2149
19.2131
19.2113
19.2095
19.2078
19.2061
19.2045
19.2028
19.2012
19.1996
19.1980
19.1964
19.1948
19.1933
19.1918
19.1903
19.1888
19.1875
19.1864
19.1854
19.1845
19.1836
19.1827
19.1818
19.1809
19.1801
19.1792
19.1783
23.1180
26.1408
27.9145
28.8378
29.2975
29.5216
29.6303
29.6829
29.7092
29.7223
29.7289
29.7323
29.7342
29.7353
29.7362
29.7368
29.7374
29.7379
29.7382
29.7384
29.7386
29.7386
29.7387
29.7387
29.7387
29.7387
29.7388
29.7391
29.7393
29.7395
29.7396
29.7396
29.7397
29.7397
29.7397
29.7397
29.7393
29.7388
29.7388
29.7388
29.7388
29.7389
29.7389
29.7389
29.7389
29.7389
29.7389
29.7389
29.7389
29.7389
29.7390
29.7390
29.7390
29.7390
35.1231
32.2302
30.9646
30.3558
30.0526
29.8990
29.8206
29.7805
35.2775
32.2967
30.9992
30.3740
30.0617
35.4815
32.4061
31.0584
30.4056
30.0780
29.9108
35.4716
32.3929
31.0514
30.4022
30.0759
29.9093
29.8233
29.7792
29.7566
29.7449
35.4113
32.3784
31.0470
30.4022
30.0780
29.9120
29.8263
29.7820
29.7586
29.7461
29.7396
35.4578
32.3873
31.0448
30.3970
30.0723
29.9067
35.6050
32.4584
31.0808
30.4156
30.0818
29.9112
29.8233
29.7778
29.7542
35.5233
32.4244
31.0694
30.4126
30.0810
29.9105
29.8222
35.6463
32.4951
31.1062
30.4320
30.0892
29.9132
29.8234
29.7771
29.7531
29.7405
35.5080
32.4225
31.0661
36.3448
32.8022
31.2532
30.5046
30.1273
29.9340
29.8340
35.4429
32.3953
31.0558
30.4048
30.0760
29.9071
29.8197
29.7742
29.7506
29.7383
29.7323
29.7293
29.7277
35.2569
32.3066
31.0100
36.1265
32.6924
31.1991
30.4769
35.7986
32.5571
31.1368
30.4466
30.0978
29.9185
29.8255
29.7771
29.7519
29.7389
29.7321
29.7286
29.7268
35.2426
32.3016
31.0085
30.3802
30.0633
29.9008
29.8168
29.7732
35.2835
32.3208
31.0182
25.5133
22.6184
20.8823
20.2718
20.1438
20.0641
20.0029
19.9520
19.9084
19.8709
19.8371
19.8070
19.7798
19.7551
19.7326
19.7119
19.6928
19.6752
19.6587
19.6435
19.6292
19.6158
19.6032
19.5913
19.5801
19.5695
19.5594
19.5499
19.5408
19.5322
19.5239
19.5161
19.5085
19.5012
19.4942
19.4871
19.4805
19.4742
19.4681
19.4622
19.4565
19.4509
19.4455
19.4403
19.4352
19.4302
19.4254
19.4206
19.4160
19.4115
19.4071
19.4028
19.3985
19.3944
19.3903
19.3863
19.3824
19.3785
19.3747
19.3710
19.3673
19.3637
19.3601
19.3566
19.3531
19.3497
19.3464
19.3431
19.3398
19.3366
19.3334
19.3296
19.3265
19.3234
19.3204
19.3174
19.3144
19.3115
19.3086
19.3057
19.3029
19.3000
19.2972
19.2945
19.2917
19.2891
19.2865
19.2839
19.2814
19.2789
19.2765
19.2740
19.2717
19.2694
19.2671
19.2649
19.2627
19.2607
19.2590
19.2574
19.2559
19.2544
19.2530
19.2515
19.2507
19.2493
19.2479
19.2465
23.1365
26.1310
27.8985
28.8259
29.2898
29.5174
29.6284
29.6826
29.7092
29.7223
29.7289
29.7323
29.7345
29.7359
29.7369
29.7377
29.7382
29.7385
29.7387
29.7388
29.7388
29.7388
29.7388
29.7388
29.7388
29.7389
29.7389
29.7389
29.7389
29.7389
29.7389
29.7389
29.7389
29.7389
29.7389
29.7389
29.7389
29.7389
29.7389
29.7389
29.7389
29.7393
29.7398
29.7399
29.7399
35.1770
32.2547
30.9789
30.3645
30.0582
29.9022
29.8221
29.7809
29.7594
29.7478
35.2894
32.3150
31.0122
30.3816
35.7945
32.5445
31.1251
30.4385
30.0938
29.9176
29.8268
29.7798
29.7554
29.7426
29.7359
35.4477
32.3944
31.0524
30.4019
30.0745
29.9067
29.8202
29.7755
29.7524
29.7404
29.7345
29.7313
29.7296
29.7287
29.7282
29.7277
29.7288
29.7295
29.7299
29.7300
29.7297
29.7292
29.7287
29.7283
29.7280
29.7277
29.7275
29.7275
29.7278
29.7277
29.7273
29.7270
29.7267
29.7265
29.7263
29.7260
29.7258
29.7257
29.7256
29.7255
29.7246
29.7241
29.7239
29.7235
29.7231
29.7229
29.7227
29.7225
29.7223
29.7221
29.7220
29.7217
29.7228
29.7234
29.7239
29.7242
29.7244
29.7245
29.7244
29.7243
29.7241
29.7240
29.7239
29.7237
29.7239
29.7238
29.7237
29.7236
29.7234
29.7233
29.7232
29.7232
29.7231
29.7230
29.7229
29.7228
29.7231
29.7233
29.7234
29.7235
29.7235
29.7235
29.7235
29.7235
29.7234
29.7234
29.7233
29.7233
29.7232
29.7231
29.7230
29.7230
29.7230
29.7230
29.7230
29.7229
29.7229
29.7229
29.7228
29.7228
29.7234
29.7238
29.7240
29.7242
29.7243
29.7243
29.7243
29.7244
29.7244
29.7244
24.8512
22.2198
20.6168
20.1853
20.0774
20.0091
19.9556
19.9110
19.8726
19.8387
19.8092
19.7822
19.7577
19.7355
19.7151
19.6963
19.6789
19.6628
19.6478
19.6338
19.6207
19.6084
19.5968
19.5859
19.9710
20.2557
20.4758
20.6417
20.7652
20.8564
20.9232
20.9719
21.0073
21.0330
21.0516
21.0650
21.0747
21.0817
21.0868
21.0904
21.0931
21.0950
21.0964
21.0973
21.0981
21.0986
21.0989
21.0992
21.0994
21.0996
21.0997
21.0997
21.0998
21.0998
21.0999
21.0999
21.0999
21.0999
21.0999
21.1000
21.1000
21.1000
21.1000
21.1000
21.1000
21.1000
21.1000
21.1000
21.1000
21.1000
21.1000
21.1000
21.1000
21.1000
21.1000
21.1000
21.1000
21.1000
21.1000
21.1000
21.1000
21.1000
21.1000
21.1000
21.0997
21.1004
21.1005
21.1005
21.1004
21.1003
21.1002
21.1002
21.1001
21.1001
21.1001
21.1001
21.0999
21.1003
21.1003
21.1003
21.1002
21.1002
21.1002
21.1002
21.1001
21.1001
21.1001
21.1001
21.0960
21.0968
21.0973
21.0981
21.0987
21.0991
21.0993
21.0996
21.0997
21.0998
21.0999
21.0999
21.0999
21.1002
21.1003
21.1004
21.1004
21.1005
21.1005
21.1005
21.1005
21.1005
21.1005
21.1005
21.1005
21.1005
21.1005
21.1006
21.1006
21.1006
21.1006
21.1006
21.1006
21.1006
21.1006
21.1006
19.8030
19.5359
19.4941
19.4860
19.4932
19.4861
19.4802
19.4752
19.4561
19.4520
19.4487
19.4452
19.4422
19.4396
19.4373
19.4352
19.4334
19.4318
19.4303
19.4290
19.4278
19.4267
19.3593
19.3529
19.3483
19.3451
19.3426
19.3475
19.3392
19.3376
19.3357
19.3344
19.3333
19.3246
19.3318
19.3309
19.3303
19.3964
19.4013
19.4047
19.4053
19.4061
19.4079
19.4096
19.4106
19.4115
19.4064
19.4133
19.4137
19.4144
19.4150
19.4156
19.4162
19.4168
19.4174
19.4179
19.4185
19.4190
19.4196
19.4201
19.4206
19.4212
19.4217
19.4222
19.4227
19.4232
19.4238
19.4243
19.4248
19.4253
19.4258
19.4263
19.4268
19.4273
19.4278
19.4283
19.4289
19.4294
19.4299
19.4304
19.4309
19.4314
19.4319
19.4324
19.4329
19.3669
19.3618
19.3585
19.3564
19.3549
19.3537
19.3527
19.3519
19.3518
19.3511
19.3503
19.3497
19.3490
19.3483
19.3484
19.3480
19.3474
19.3462
19.3452
19.3444
19.3436
19.3429
19.3421
19.3414
19.3409
19.3399
19.3390
19.3382
19.3374
19.3366
19.3359
19.3351
19.3342
19.3334
19.3326
19.3316
19.3308
19.3299
19.3290
19.3282
19.3273
19.3264
19.3255
19.3247
19.3238
19.3229
19.3220
19.3211
19.3202
19.3193
19.3184
19.3175
19.3165
19.3156
19.3147
19.3137
19.3128
19.3118
19.3109
19.3132
19.3101
19.3090
19.3075
19.3060
19.3045
19.3030
19.3017
19.3003
19.7599
20.1059
20.3703
20.5686
20.7153
20.8226
20.9005
20.9569
20.9974
21.0265
21.0474
21.0624
21.0730
21.0807
21.0862
21.0901
21.0929
21.0950
21.0964
21.0974
21.0981
21.0987
21.0990
21.0993
21.0995
21.0996
21.0997
21.0998
21.0998
21.0999
21.0999
21.0999
21.0999
21.0999
21.0999
21.0999
21.1000
21.1000
21.1000
21.1000
21.1000
21.1000
21.1000
21.1000
21.1000
21.1000
21.1000
21.1000
21.1000
21.1000
21.1000
21.1000
21.1000
21.1000
21.1000
21.1000
21.1000
21.1000
21.1000
21.1000
21.1000
21.1000
21.1000
21.1000
21.1000
21.1000
21.1000
21.1000
21.1000
21.1000
21.1000
21.1000
21.1000
21.1000
21.1000
21.0997
21.1003
21.1004
21.1004
21.1003
21.1003
21.1002
21.1002
21.1001
21.1001
21.1001
21.1001
21.0998
21.1002
21.1001
21.1001
21.1001
21.1001
21.1001
21.1001
21.1001
21.1000
21.1000
21.1000
21.0965
21.0972
21.0978
21.0984
21.0987
21.0991
21.0994
21.0994
21.0996
21.0997
21.0998
21.0998
21.0998
21.1000
21.1002
21.1003
21.1004
21.1005
21.1005
21.1005
21.1005
21.1005
21.1006
21.1006
21.1006
21.1006
21.1006
21.1006
21.1006
21.1006
21.1007
21.1007
21.1007
21.1007
21.1007
21.1007
21.1007
21.1007
21.1007
21.1007
21.1007
21.1007
21.1008
21.1007
21.1007
21.1007
21.1007
21.1007
21.1007
21.1007
21.1007
21.1007
21.1006
21.1006
21.1007
21.1006
21.1005
21.1003
21.1002
21.1004
21.1005
21.1004
21.1005
21.1006
21.1006
21.1006
21.1006
21.1007
21.1007
21.1007
21.1007
21.1007
21.1007
21.1006
21.1006
21.1006
21.1006
21.1006
21.1006
21.1006
21.1006
21.1006
21.1006
21.1006
21.1007
21.1008
21.1010
21.1012
21.1013
21.1014
21.1015
21.1016
21.1016
21.1016
21.1016
21.1016
21.1014
21.1012
21.1011
21.1010
21.1009
21.1008
21.1008
21.1008
21.1007
21.1007
21.1007
21.1007
21.1007
21.1007
21.1007
21.1007
21.1007
21.1007
21.1007
21.1007
21.1007
21.1007
21.1007
21.1007
21.1007
21.1007
21.1006
21.1006
21.1005
21.1005
21.1005
21.1003
21.1001
21.1000
21.1000
21.1000
19.6662
19.4819
19.4536
19.4371
19.4255
19.4162
19.4085
19.4020
19.3963
19.3913
19.3868
19.3828
19.3792
19.3759
19.3729
19.3701
19.3675
19.3651
19.3628
19.3607
19.3587
19.3568
19.3550
19.3533
19.3516
19.3500
19.3484
19.3469
19.3455
19.3441
19.3427
19.3414
19.3401
19.3388
19.3376
19.3364
19.3352
19.3340
19.3328
19.3317
19.3306
19.3294
19.3283
19.3272
19.3261
19.3250
19.3239
19.3229
19.3223
19.3219
19.3207
19.3192
19.3176
19.3160
19.3146
19.3131
19.3118
19.3104
19.3091
19.3079
19.3066
19.3054
19.3042
19.3030
19.3018
19.3007
19.2995
19.2984
19.2973
19.2962
19.2952
19.2941
19.2930
19.2920
19.2910
19.2900
19.2890
19.2880
19.2870
19.2860
19.2850
19.2841
19.2831
19.2822
19.2813
19.2803
19.2794
19.2785
19.2776
19.2767
19.2758
19.2749
19.2740
19.2731
19.2722
19.2713
19.2705
19.2696
19.2688
19.2679
19.2671
19.2662
19.2654
19.2646
19.2638
19.2630
19.2622
19.2614
19.2606
19.2598
19.2591
19.2583
19.2576
19.2568
19.2561
19.2553
19.2546
19.2539
19.2531
19.2524
19.2517
19.2510
19.2503
19.2496
19.2490
19.2483
19.2476
19.2469
19.2462
19.2456
19.2449
19.2443
19.2436
19.2430
19.2424
19.2418
19.2412
19.2406
19.2400
19.2394
19.2389
19.2383
19.2377
19.2372
19.2367
19.2364
19.2362
19.2361
19.2360
19.2360
19.2359
19.2358
19.2357
19.2357
19.2356
19.2355
19.2354
19.2339
19.2336
19.2334
19.2333
19.2332
19.2331
19.2330
19.2330
19.2330
19.2329
19.2329
19.2329
19.2329
19.2329
19.2329
19.2329
19.2329
19.2329
19.2329
19.2330
19.2330
19.2331
19.2332
19.2333
19.2334
19.2335
19.2336
19.2338
19.2339
19.2341
19.2343
19.2345
19.2348
19.2350
19.2352
19.2355
19.2358
19.2361
19.2363
19.2366
19.2369
19.2372
19.2376
19.2379
19.2382
19.2386
19.2390
19.2393
19.2397
19.2401
19.2405
19.2409
19.2413
19.2417
19.2421
19.2425
19.2429
19.2433
19.2437
19.2441
19.2445
19.2449
19.2454
19.2458
19.2462
19.2466
19.2471
19.2475
19.2480
19.2485
19.2490
19.2495
19.2505
19.2510
19.2515
19.2520
19.2525
19.2531
19.2537
19.2542
19.2548
19.2554
19.2561
19.2567
19.2573
19.2580
19.2586
19.2592
19.2599
19.2605
19.2612
19.2618
19.2624
19.2630
19.2637
19.2643
19.2648
19.2654
19.2660
19.2659
19.2665
19.2670
19.2675
19.2680
19.2685
19.2690
19.2694
19.2699
19.2703
19.2707
19.2712
19.2716
19.2720
19.2724
19.2728
19.2732
19.2736
19.2739
19.2743
19.2752
19.2764
19.2770
19.2774
19.2778
19.2781
19.2784
19.2786
19.2789
19.2791
19.2793
19.2795
19.2796
19.2797
19.2796
19.2794
19.2792
19.2789
19.2787
19.2785
19.2782
19.2780
19.2778
19.2775
19.2773
19.2770
19.2767
19.2765
19.2762
19.2759
19.2756
19.2752
19.2749
19.2745
19.2742
19.2738
19.2734
19.2730
19.2726
19.2722
19.2717
19.2713
19.2709
19.2705
19.2700
19.2696
19.2692
19.2687
19.2683
19.2678
19.2674
19.2669
19.2664
19.2660
19.2655
19.2650
19.2645
19.2640
19.2635
19.2630
19.2626
19.2621
19.2615
19.2611
19.2605
19.2600
19.2595
19.2590
19.2584
19.2579
19.2574
19.2569
19.2563
19.2558
19.2552
19.2547
19.2542
19.2536
19.2530
19.2525
19.2519
19.2513
19.2508
19.2502
19.2496
19.2490
19.2484
19.2479
19.2473
19.2467
19.2461
19.2455
19.2449
19.2443
19.2437
19.2431
19.2426
19.2420
19.2414
19.2408
19.2402
19.2396
19.2390
19.2384
19.2378
19.2372
19.2366
19.2360
19.2354
19.2348
19.2342
19.2336
19.2330
19.2325
19.2319
19.2314
19.2308
19.2303
19.2298
19.2292
19.2287
19.2282
19.2277
19.2272
19.2267
19.2263
19.2258
19.2253
19.2248
19.2243
19.2239
19.2234
19.2229
19.2225
19.2220
19.2216
19.2212
19.2207
19.2203
19.2199
19.2195
19.2190
19.2186
19.2182
19.2178
19.2174
19.2171
19.2167
19.2163
19.2159
19.2156
19.2152
19.2148
19.2144
19.2141
19.2138
19.2136
19.2135
19.2134
19.2134
19.2134
19.2134
19.2134
19.2134
19.2134
19.2134
19.2134
19.2133
19.2133
19.2133
19.2133
19.2133
19.2133
19.2134
19.2134
19.2135
19.2135
19.2136
19.2138
19.2139
19.2140
19.2142
19.2143
19.2145
19.2147
19.2150
19.2153
19.2155
19.2158
19.2162
19.2165
19.2169
19.2172
19.2176
19.2180
19.2184
19.2188
19.2193
19.2197
19.2202
19.2206
19.2211
19.2216
19.2221
19.2226
19.2232
19.2237
19.2243
19.2249
19.2254
19.2260
19.2267
19.2273
19.2279
19.2285
19.2292
19.2298
19.2305
19.2312
19.2319
19.2325
19.2332
19.2338
19.2345
19.2351
19.2358
19.2364
19.2370
19.2377
19.2383
19.2390
19.2396
19.2403
19.2409
19.2415
19.2422
19.2428
19.2435
19.2441
19.2448
19.2454
19.2461
19.2467
19.2473
19.2480
19.2487
19.2494
19.2501
19.2509
19.2516
19.2524
19.2531
19.2539
19.2546
19.2554
19.2561
19.2568
19.2575
19.2582
19.2589
19.2595
19.2602
19.2608
19.2614
19.2620
19.2626
19.2631
19.2637
19.2642
19.2647
19.2653
19.2658
19.2663
19.2667
19.2672
19.2676
19.2680
19.2684
19.2688
19.2691
19.2695
19.2698
19.2701
19.2704
19.2706
19.2708
19.2711
19.2713
19.2715
19.2716
19.2718
19.2719
19.2721
19.2722
19.2723
19.2723
19.2724
19.2725
19.2725
19.2725
19.2725
19.2725
19.2724
19.2724
19.2723
19.2722
19.2721
19.2720
19.2719
19.2717
19.2716
19.2714
19.2712
19.2710
19.2707
19.2705
19.2702
19.2699
19.2697
19.2693
19.2690
19.2687
19.2683
19.2680
19.2676
19.2672
19.2668
19.2664
19.2660
19.2656
19.2652
19.2648
19.2644
19.2639
19.2635
19.2631
19.2627
19.2623
19.2618
19.2614
19.2610
19.2605
19.2601
19.2596
19.2592
19.2587
19.2583
19.2578
19.2574
19.2569
19.2564
19.2560
19.2555
19.2550
19.2545
19.2540
19.2536
19.2531
19.2526
19.2521
19.2516
19.2512
19.2507
19.2502
19.2497
19.2492
19.2486
19.2481
19.2476
19.2471
19.2466
19.2460
19.2455
19.2450
19.2445
19.2439
19.2433
19.2427
19.2420
19.2412
19.2404
19.2396
19.2388
19.2380
19.2372
19.2364
19.2356
19.2347
19.2339
19.2331
19.2323
19.2315
19.2307
19.2299
19.2291
19.2284
19.2276
19.2269
19.2261
19.2254
19.2247
19.2239
19.2232
19.2225
19.2217
19.2210
19.2203
19.2196
19.2189
19.2182
19.2175
19.2168
19.2161
19.2154
19.2148
19.2141
19.2134
19.2127
19.2120
19.2114
19.2107
19.2100
19.2094
19.2088
19.2081
19.2074
19.2068
19.2061
19.2055
19.2048
19.2042
19.2035
19.6859
20.0519
20.3329
20.5433
20.6986
20.8118
20.8938
20.9527
20.9950
21.0252
21.0467
21.0620
21.0729
21.0808
21.0863
21.0903
21.0931
21.0951
21.0966
21.0976
21.0983
21.0988
21.0992
21.0994
21.0956
21.0959
21.0967
21.0975
21.0981
21.0986
21.0990
21.0991
21.0995
21.0998
21.1000
21.1002
21.1003
21.1005
21.1005
21.1005
21.1005
21.1005
21.1005
21.1005
21.1005
21.1005
21.1005
21.1005
21.1006
21.1006
21.1006
21.1006
21.1006
21.1006
21.1006
21.1006
21.1006
21.1006
21.1006
21.1006
21.1006
21.1006
21.1006
21.1005
21.1005
21.1004
21.1005
21.1004
21.1005
21.1005
21.1006
21.1006
21.1006
21.1006
21.1007
21.1007
21.1007
21.1007
21.1007
21.1007
21.1007
21.1007
21.1007
21.1007
21.1007
21.1007
21.1007
21.1007
21.1006
21.1005
21.1005
21.1004
21.1004
21.1004
21.1004
21.1004
21.1004
21.1003
21.1002
21.1002
21.1003
21.1003
21.1003
21.1004
21.1004
21.1004
21.1004
21.1004
21.1004
21.1004
21.1004
21.1004
21.1004
21.1004
21.1004
21.1004
21.1004
21.1004
21.1004
21.1004
21.1004
21.1004
21.1004
21.1004
21.1004
21.1004
21.1004
21.1004
21.1004
21.1004
21.1004
21.1004
21.1004
21.1004
21.1004
21.1004
21.1004
21.1004
21.1004
21.1004
21.1004
21.1004
21.1003
21.1003
21.1003
21.1002
21.1001
21.1001
21.1001
21.1001
21.1000
21.0999
21.0998
21.0998
21.0998
21.0998
21.0999
21.0998
21.0999
21.1000
21.1000
21.1000
21.1000
21.1001
21.1001
21.1001
21.1001
21.1001
21.1001
21.1001
21.1001
21.1000
21.1000
21.1000
21.1000
21.1000
21.1000
21.1000
21.1000
21.1000
21.1000
21.1000
21.1000
21.1000
21.1000
21.1000
21.1000
21.1000
21.1000
21.1000
21.1000
21.1000
21.1000
21.1000
21.1000
21.1000
21.1000
21.1000
21.1000
21.1000
21.1000
21.1000
21.1000
21.1000
21.1032
21.1031
21.1024
21.1018
21.1013
21.1009
21.1006
21.1004
21.1003
21.1002
21.1001
21.1001
21.1000
21.1000
21.1000
21.1000
21.1000
21.1000
21.1000
21.1000
21.1000
21.1000
21.1000
