3.0119
3.0120
3.0118
3.0121
3.0120
3.0124
3.0123
3.0123
3.0122
3.0122
3.0121
3.0119
3.0118
3.0117
3.0115
3.0113
3.0111
3.0110
3.0108
3.0106
3.0104
3.0102
3.0099
3.0097
3.0095
3.0093
3.0091
3.0088
3.0086
3.0083
3.0081
3.0078
3.0076
3.0073
3.0071
3.0068
3.0066
3.0063
3.0061
3.0058
3.0056
3.0053
3.0050
3.0048
3.0045
3.0042
3.0040
3.0037
3.0035
3.0032
3.0026
3.0024
3.0021
3.0019
3.0016
3.0014
3.0011
3.0009
3.0006
3.0003
3.0001
3.0211
2.9911
2.9987
2.9984
2.9982
2.9978
2.9973
2.9968
2.9962
2.9957
2.9951
2.9946
3.0123
2.9868
2.9929
2.9928
2.9926
2.9924
2.9922
2.9919
2.9916
2.9913
2.9910
2.9907
3.0248
2.9930
2.9881
2.9883
2.9891
2.9885
2.9880
3.0252
3.0202
3.0214
3.0204
3.0200
3.0204
3.0326
3.0276
3.0283
3.0359
3.0361
3.0335
3.0294
3.0319
3.0291
3.0296
3.0294
3.0285
3.0298
3.0299
3.0303
3.0305
3.0304
3.0308
3.0310
3.0312
3.0237
3.0240
3.0241
3.0240
3.0255
3.0238
3.0223
3.0252
3.0253
3.0330
3.0336
3.0335
3.0341
3.0340
3.0345
3.0348
3.0351
3.0355
3.0312
3.0358
3.0409
3.0283
3.0004
2.9983
2.9973
3.0264
3.0278
2.9992
3.0273
3.0305
3.0293
3.0301
3.0306
3.0314
3.0317
3.0322
3.0327
3.0329
3.0336
3.0340
3.0340
3.0350
3.0360
3.0359
3.0361
3.0362
3.0368
3.0374
3.0377
3.0381
3.0383
3.0386
3.0467
3.0472
3.0475
3.0479
3.0484
3.0488
3.0486
3.0497
3.0500
3.0504
3.0509
3.0511
3.0516
3.0518
3.0523
3.0527
3.0607
3.0612
3.0620
3.0622
3.0549
3.0555
3.0557
3.0559
3.0484
3.0489
3.0491
3.0491
3.0496
3.0496
3.0498
3.0500
3.0502
3.0504
3.0475
3.0507
3.0200
3.0202
3.0190
3.0157
3.0181
3.0176
3.0024
3.0171
3.0162
3.0113
3.0160
3.0140
3.0133
3.0151
3.0148
3.0146
3.0144
3.0143
3.0141
3.0139
3.0138
3.0136
3.0134
3.0133
3.0131
3.0129
3.0127
3.0125
3.0122
3.0120
3.0117
3.0112
3.0110
3.0107
3.0105
3.0102
3.0101
3.0097
3.0094
3.0092
3.0089
3.0086
3.0083
3.0080
3.0077
3.0074
3.0071
3.0068
3.0057
3.0063
3.0059
3.0056
3.0052
3.0046
3.0043
3.0040
3.0037
3.0034
3.0031
2.9587
3.0055
3.0018
3.0017
3.0013
3.0011
3.0014
3.0022
3.0021
3.0022
3.0025
3.0029
3.0034
3.0038
3.0042
3.0046
3.0049
3.0053
3.0056
3.0059
3.0061
3.0064
3.0066
3.0067
3.0069
3.0066
3.0071
3.0072
3.0072
3.0073
3.0073
3.0074
3.0074
3.0073
3.0073
3.0073
3.0072
3.0071
3.0070
3.0070
3.0069
3.0068
3.0066
3.0065
3.0064
3.0063
3.0061
3.0060
3.0058
3.0057
3.0055
3.0054
3.0052
3.0050
3.0049
3.0047
3.0045
3.0044
3.0042
3.0040
3.0038
3.0036
3.0035
3.0033
3.0031
3.0029
3.0027
3.0025
3.0024
3.0022
3.0020
3.0018
3.0016
3.0015
3.0013
3.0011
3.0009
3.0007
3.0005
3.0003
3.0001
2.9999
2.9997
2.9995
3.0201
2.9908
2.9983
2.9978
2.9976
2.9973
2.9970
2.9965
2.9961
2.9956
2.9952
2.9947
3.0123
2.9871
2.9932
2.9931
2.9930
2.9928
2.9926
2.9923
2.9920
2.9917
2.9914
2.9911
3.0243
2.9942
2.9885
2.9882
2.9888
2.9881
2.9876
2.9870
3.0187
3.0184
3.0272
3.0184
3.0229
3.0273
3.0267
3.0272
3.0275
3.0272
3.0270
3.0280
3.0274
3.0276
3.0277
3.0278
3.0280
3.0282
3.0283
3.0285
3.0287
3.0289
3.0290
3.0295
3.0296
3.0298
3.0298
3.0303
3.0282
3.0288
3.0313
3.0239
3.0316
3.0313
3.0317
3.0396
3.0324
3.0330
3.0332
3.0335
3.0336
3.0339
3.0342
3.0345
3.0346
3.0352
3.0354
3.0359
3.0360
3.0364
3.0367
3.0370
3.0392
3.0389
3.0380
3.0384
3.0388
3.0391
3.0398
3.0396
3.0404
3.0408
3.0409
3.0416
3.0283
3.0391
3.0422
3.0415
3.0436
3.0441
3.0442
3.0448
3.0462
3.0456
3.0458
3.0462
3.0466
3.0468
3.0477
3.0478
3.0483
3.0485
3.0491
3.0120
3.0112
3.0102
3.0096
3.0093
3.0091
3.0090
3.0089
3.0089
3.0088
3.0090
3.0091
3.0389
3.0404
3.0418
3.0426
3.0440
3.0445
3.0155
3.0148
3.0516
3.0448
3.0461
3.0468
3.0474
3.0480
3.0486
3.0491
3.0496
3.0724
3.0445
3.0506
3.0210
3.0176
3.0191
3.0179
3.0105
3.0180
3.0157
3.0126
3.0172
3.0169
3.0101
3.0168
3.0165
3.0163
3.0162
3.0162
3.0160
3.0159
3.0157
3.0155
3.0150
3.0148
3.0146
3.0144
3.0142
3.0140
3.0138
3.0135
3.0134
3.0131
3.0128
3.0126
3.0123
3.0121
3.0118
3.0116
3.0113
3.0110
3.0108
3.0105
3.0102
3.0099
3.0096
3.0093
3.0090
3.0087
3.0076
3.0082
3.0078
3.0075
3.0072
3.0069
3.0066
3.0063
3.0060
3.0057
3.0054
2.9577
3.0079
3.0044
3.0045
3.0044
3.0043
3.0047
3.0054
3.0050
3.0054
3.0058
3.0062
3.0067
3.0071
3.0076
3.0080
3.0084
3.0088
3.0091
3.0095
3.0098
3.0100
3.0103
3.0105
3.0107
3.0105
3.0110
3.0112
3.0113
3.0114
3.0115
3.0116
3.0116
3.0117
3.0117
3.0117
3.0117
3.0117
3.0117
3.0117
3.0117
3.0116
3.0116
3.0115
3.0115
3.0114
3.0113
3.0113
3.0112
3.0111
3.0110
3.0109
3.0108
3.0107
3.0106
3.0105
3.0104
3.0103
3.0101
3.0100
3.0099
3.0097
3.0096
3.0095
3.0093
3.0092
3.0090
3.0088
3.0087
3.0085
3.0084
3.0082
3.0081
3.0079
3.0077
3.0076
3.0074
3.0072
3.0071
3.0069
3.0067
3.0065
3.0064
3.0062
3.0363
2.9961
3.0048
3.0047
3.0045
3.0042
3.0038
3.0034
3.0029
3.0025
3.0020
3.0015
3.0200
2.9937
3.0001
3.0000
2.9999
2.9997
2.9994
2.9991
2.9988
2.9984
2.9980
2.9977
3.0303
3.0063
2.9957
2.9951
2.9950
2.9944
2.9958
2.9968
2.9930
2.9924
3.0212
3.0225
3.0269
3.0326
3.0302
3.0309
3.0317
3.0334
3.0325
3.0248
3.0251
2.9960
3.0316
3.0315
3.0245
3.0325
3.0325
3.0325
3.0330
3.0407
3.0409
3.0411
3.0416
3.0338
3.0415
3.0419
3.0421
3.0423
3.0350
3.0353
3.0354
3.0430
3.0356
3.0360
3.0359
3.0363
3.0364
3.0366
3.0368
3.0370
3.0372
3.0374
3.0374
3.0346
3.0376
3.0408
3.0382
3.0385
3.0388
3.0390
3.9350
3.9350
3.9350
3.9350
3.9350
3.9350
3.9350
3.9350
3.9350
3.9350
3.9350
3.9350
3.9350
3.9350
3.9350
3.9350
3.9350
3.9350
3.9350
3.9350
3.9350
3.9350
3.9350
3.9350
3.9350
3.9350
3.9350
3.9350
3.9350
3.9350
3.9350
3.9350
3.9350
3.9350
3.9350
3.9350
3.9350
3.9350
3.9350
3.9350
3.9350
3.9350
3.9350
3.9350
3.9350
3.9350
3.9350
3.9350
3.9350
3.9350
3.9350
3.9350
3.9350
3.9350
3.9350
3.9350
3.9350
3.9350
3.9350
3.9350
3.9350
3.9350
3.9350
3.9350
3.9350
3.9350
3.9350
3.9350
3.9350
3.9350
3.9350
3.9350
3.9350
3.9350
3.9350
3.9350
3.9350
3.9350
3.9350
3.9350
3.9350
3.9350
3.9350
3.9350
3.9350
3.9350
3.9350
3.9350
3.9350
3.9350
3.9350
3.9350
3.9350
3.9350
3.9350
3.9350
3.9350
3.9350
3.9350
3.9350
3.9350
3.9350
3.9350
3.9350
3.9350
3.9350
3.9350
3.9350
3.9350
3.9350
3.9350
3.9350
3.9350
3.9350
3.9350
3.9350
3.9350
3.9350
3.9350
3.9350
3.9350
3.9350
3.9350
3.9350
3.9350
3.9350
3.9350
3.9350
3.9350
3.9350
3.9350
3.9350
3.9350
3.9350
3.9350
3.9350
3.9350
3.9350
3.9350
3.9350
3.9350
3.9350
3.9350
3.9350
3.9350
3.9350
3.9350
3.9350
3.9350
3.9350
3.9350
3.9350
3.9350
3.9350
3.9350
3.9350
3.9350
3.9350
3.9350
3.9350
3.9350
3.9350
3.9350
3.9350
3.9350
3.9350
3.9350
3.9350
3.9350
3.9350
3.9350
3.9350
3.9350
3.9350
3.9350
3.9350
3.9350
3.9350
3.9350
3.9350
3.9350
3.9350
3.9350
3.9350
3.9350
3.9350
3.9350
3.9350
3.9350
3.9350
3.9350
3.9350
3.9350
3.9350
3.9350
3.9350
3.9350
3.9350
3.9350
3.9350
3.9350
3.9350
3.9350
3.9350
3.9350
3.9350
3.9350
3.9350
3.9350
3.9350
3.9350
3.9350
3.9350
3.9350
3.9350
3.9350
3.9350
3.9350
3.9350
3.9350
3.9350
3.9350
3.9350
3.9350
3.9350
3.9350
3.9350
3.9350
3.9350
3.9350
3.9350
3.9350
3.9350
3.9350
3.9350
3.9350
3.9350
3.9350
3.9350
3.9350
3.9350
3.9350
3.9350
3.9350
3.9350
3.9350
3.9350
3.9350
3.9350
3.9350
3.9350
3.9350
3.9350
3.9350
3.9350
3.9350
3.9350
3.9350
3.9350
3.9350
3.9350
3.9350
3.9350
3.9350
3.9350
3.9350
3.9350
3.9350
3.6322
3.4498
3.3065
3.2147
3.1509
3.1071
3.0766
3.0565
3.0428
3.0341
3.0282
3.0251
3.0228
3.0222
3.0201
3.0226
3.0232
3.0241
3.0251
3.0259
3.0275
3.0230
3.0295
3.0302
3.0313
3.0325
3.0334
3.0342
3.0353
3.0361
3.0493
3.0453
3.0464
3.0470
3.0494
3.0491
3.0498
3.0501
3.0506
3.0511
3.0589
3.0599
3.0611
3.0541
3.0472
3.0401
3.0406
3.0409
3.0413
3.0418
3.0422
3.0427
3.0508
3.0514
3.0520
3.0525
3.0531
3.0536
3.0541
3.0624
3.0628
3.0634
3.0638
3.0643
3.0648
3.0653
3.0658
3.0663
3.0668
3.0672
3.0599
3.0605
3.0607
3.0611
3.0615
3.0619
3.0623
3.0624
3.0630
3.0634
3.0611
3.0630
3.0562
3.0569
3.0548
3.0573
3.0577
3.0229
3.0270
3.0243
3.0252
3.0246
3.9350
3.9350
3.9350
3.9350
3.9350
3.9350
3.9350
3.9350
3.9350
3.9350
3.9350
3.9350
3.9350
3.9350
3.9350
3.9350
3.9350
3.9350
3.9350
3.9350
3.9350
3.9350
3.9350
3.9350
3.9350
3.9350
3.9350
3.9350
3.9350
3.9350
3.9350
3.9350
3.9350
3.9350
3.9350
3.9350
3.9350
3.9350
3.9350
3.9350
3.9350
3.9350
3.9350
3.9350
3.9350
3.9350
3.9350
3.9350
3.9350
3.9350
3.9350
3.9350
3.9350
3.9350
3.9350
3.9350
3.9350
3.9350
3.9350
3.9350
3.9350
3.9350
3.9350
3.9350
3.9350
3.9350
3.9350
3.9350
3.9350
3.9350
3.9350
3.9350
3.9350
3.9350
3.9350
3.9350
3.9350
3.9350
3.9350
3.9350
3.9350
3.9350
3.9350
3.9350
3.9350
3.9350
3.9350
3.9350
3.9350
3.9350
3.9350
3.9350
3.9350
3.9350
3.9350
3.9350
3.9350
3.9350
3.9350
3.9350
3.9350
3.9350
3.9350
3.9350
3.9350
3.9350
3.9350
3.9350
3.9350
3.9350
3.9350
3.9350
3.9350
3.9350
3.9350
3.9350
3.9350
3.9350
3.9350
3.9350
3.9350
3.9350
3.9350
3.9350
3.9350
3.9350
3.9350
3.9350
3.9350
3.9350
3.9350
3.9350
3.9350
3.9350
3.9350
3.9350
3.9350
3.9350
3.9350
3.9350
3.9350
3.9350
3.9350
3.9350
3.9350
3.9350
3.9350
3.9350
3.9350
3.9350
3.9350
3.9350
3.9350
3.9350
3.9350
3.9350
3.9350
3.9350
3.9350
3.9350
3.9350
3.9350
3.9350
3.9350
3.9350
3.9350
3.9350
3.9350
3.9350
3.9350
3.9350
3.9350
3.9350
3.9350
3.9350
3.9350
3.9350
3.9350
3.9350
3.9350
3.9350
3.9350
3.9350
3.9350
3.9350
3.9350
3.9350
3.9350
3.9350
3.9350
3.9350
3.9350
3.9350
3.9350
3.9350
3.9350
3.9350
3.9350
3.9350
3.9350
3.9350
3.9350
3.9350
3.9350
3.9350
3.9350
3.9350
3.9350
3.9350
3.9350
3.9350
3.9350
3.9350
3.9350
3.9350
3.9350
3.9350
3.9350
3.9350
3.9350
3.9350
3.9350
3.9350
3.9350
3.9350
3.9350
3.9350
3.9350
3.9350
3.9350
3.9350
3.9350
3.9350
3.9350
3.9350
3.9350
3.9350
3.9350
3.9350
3.9350
3.9350
3.9350
3.9350
3.9350
3.9350
3.9350
3.9350
3.9350
3.9350
3.9350
3.9350
3.9350
3.9350
3.9350
3.9350
3.9350
3.9350
3.9350
3.9350
3.9350
3.9350
3.9350
3.9350
3.9350
3.9350
3.9350
3.9350
3.9350
3.9350
3.9350
3.9350
3.9350
3.9350
3.9350
3.9350
3.9350
3.9350
3.9350
3.9350
3.9350
3.9350
3.9350
3.9350
3.9350
3.9350
3.9350
3.9350
3.9350
3.9350
3.9350
3.9350
3.9350
3.9350
3.9350
3.9350
3.9350
3.9350
3.9350
3.9350
3.9350
3.9350
3.9350
3.9350
3.9350
3.9350
3.9350
3.9350
3.9350
3.9350
3.9350
3.9350
3.9350
3.9350
3.9350
3.9350
3.9350
3.9350
3.9350
3.9350
3.9350
3.9350
3.9350
3.9350
3.9350
3.9350
3.9350
3.9350
3.9350
3.9350
3.9350
3.9350
3.9350
3.9350
3.9350
3.9350
3.9350
3.9350
3.9350
3.9350
3.9350
3.9350
3.9350
3.9350
3.9350
3.9350
3.9350
3.9350
3.9350
3.9350
3.9350
3.9350
3.9350
3.9350
3.9350
3.9350
3.9350
3.9350
3.9350
3.9350
3.9350
3.9350
3.9350
3.9350
3.9350
3.9350
3.9350
3.9350
3.9350
3.9350
3.9350
3.9350
3.9350
3.9350
3.9350
3.9350
3.9350
3.9350
3.9350
3.9350
3.9350
3.9350
3.9350
3.9350
3.9350
3.9350
3.9350
3.9350
3.9350
3.9350
3.9350
3.9350
3.9350
3.9350
3.9350
3.9350
3.9350
3.9350
3.9350
3.9350
3.9350
3.9350
3.9350
3.9350
3.9350
3.9350
3.9350
3.9350
3.9350
3.9350
3.9350
3.9350
3.9350
3.9350
3.9350
3.9350
3.9350
3.9350
3.9350
3.9350
3.9350
3.9350
3.9350
3.9350
3.9350
3.9350
3.9350
3.9350
3.9350
3.9350
3.9350
3.9350
3.9350
3.9350
3.9350
3.9350
3.9350
3.9350
3.9350
3.9350
3.9350
3.9350
3.9350
3.9350
3.9350
3.9350
3.9350
3.9350
3.9350
3.9350
3.9350
3.9350
3.9350
3.9350
3.9350
3.9350
3.9350
3.9350
3.9350
3.9350
3.9350
3.9350
3.9350
3.9350
3.9350
3.9350
3.9350
3.9350
3.9350
3.9350
3.9350
3.9350
3.9350
3.9350
3.9350
3.9350
3.9350
3.9350
3.9350
3.9350
3.9350
3.9350
3.9350
3.9350
3.9350
3.9350
3.9350
3.9350
3.9350
3.9350
3.9350
3.9350
3.9350
3.9350
3.9350
3.9350
3.9350
3.9350
3.9350
3.9350
3.9350
3.9350
3.9350
3.9350
3.9350
3.9350
3.9350
3.9350
3.9350
3.9350
3.9350
3.9350
3.9350
3.9350
3.9350
3.9350
3.9350
3.9350
3.9350
3.9350
3.9350
3.9350
3.9350
3.9350
3.9350
3.9350
3.9350
3.9350
3.9350
3.9350
3.9350
3.9350
3.9350
3.9350
3.9350
3.9350
3.9350
3.9350
3.9350
3.9350
3.9350
3.9350
3.9350
3.9350
3.9350
3.9350
3.9350
3.9350
3.9350
3.9350
3.9350
3.9350
3.9350
3.9350
3.9350
3.9350
3.9350
3.9350
3.9350
3.9350
3.9350
3.9350
3.9350
3.9350
3.9350
3.9350
3.9350
3.9350
3.9350
3.9350
3.9350
3.9350
3.9350
3.9350
3.9350
3.9350
3.9350
3.9350
3.9350
3.9350
3.9350
3.9350
3.9350
3.9350
3.9350
3.9350
3.9350
3.9350
3.9350
3.9350
3.9350
3.9350
3.9350
3.9350
3.9350
3.9350
3.9350
3.9350
3.9350
3.9350
3.9350
3.9350
3.9350
3.9350
3.9350
3.9350
3.9350
3.9350
3.9350
3.9350
3.9350
3.9350
3.9350
3.9350
3.9350
3.9350
3.9350
3.9350
3.9350
3.9350
3.9350
3.9350
3.9350
3.9350
3.9350
3.9350
3.9350
3.9350
3.9350
3.9350
3.9350
3.9350
3.9350
3.9350
3.9350
3.9350
3.9350
3.9350
3.9350
3.9350
3.9350
3.9350
3.9350
3.9350
3.9350
3.9350
3.9350
3.9350
3.9350
3.9350
3.9350
3.9350
3.9350
3.9350
3.9350
3.9350
3.9350
3.9350
3.9350
3.9350
3.9350
3.9350
3.9350
3.9350
3.9350
3.9350
3.9350
3.9350
3.9350
3.9350
3.9350
3.9350
3.9350
3.9350
3.9350
3.9350
3.9350
3.9350
3.9350
3.9350
3.9350
3.9350
3.9350
3.9350
3.9350
3.9350
3.9350
3.9350
3.9350
3.9350
3.9350
3.9350
3.9350
3.9350
3.9350
3.9350
3.9350
3.9350
3.9350
3.9350
3.9350
3.9350
3.9350
3.9350
3.9350
3.9350
3.9350
3.9350
3.9350
3.4374
3.3973
3.2467
3.1523
3.0849
3.0385
3.0077
2.9869
2.9734
2.9643
2.9588
2.9555
2.9665
2.9482
2.9532
2.9539
2.9549
2.9560
2.9571
2.9582
2.9593
2.9604
2.9614
2.9627
2.9989
2.9564
2.9624
2.9648
2.9723
2.9658
2.9597
3.0099
2.9998
3.0017
3.0012
3.0015
3.0100
3.0165
3.0113
3.0123
3.0136
3.0137
3.0141
3.0153
3.0151
3.0158
3.0163
3.0167
3.0174
3.0179
3.0182
3.0184
3.0192
3.0194
3.0199
3.0201
3.0207
3.0211
3.0215
3.0220
3.0223
3.0215
3.0235
3.0237
3.0255
3.0247
3.0252
3.0260
3.0263
3.0268
3.0273
3.0277
3.0281
3.0289
3.0291
3.0296
3.0377
3.0383
3.0387
3.0392
3.0325
3.0330
2.9962
2.9952
2.9944
2.9935
2.9937
2.9936
2.9934
2.9937
2.9938
2.9935
2.9942
2.9945
2.9946
2.9951
2.9956
3.0330
3.0349
3.0322
3.0370
3.0413
3.0397
3.0411
3.0417
3.0428
3.0439
3.0442
3.0446
3.0463
3.0463
3.0468
3.0474
3.0481
3.0484
3.0474
3.0494
3.0499
3.0504
3.0509
3.0592
3.0596
3.0602
3.0608
3.0614
3.0619
3.0625
3.0632
3.0638
3.0566
3.0572
3.0576
3.0580
3.0584
3.0589
3.0593
3.0595
3.0602
3.0606
3.0608
3.0615
3.0619
3.0623
3.0629
3.0632
3.0212
3.0254
3.0242
3.0235
3.0235
3.0230
3.0201
3.0228
3.0226
3.0149
3.0227
3.0251
3.0110
3.0227
3.0223
3.0223
3.0223
3.0224
3.0224
3.0223
3.0223
3.0223
3.0222
3.0221
3.0220
3.0220
3.0219
3.0218
3.0215
3.0214
3.0213
3.0212
3.0210
3.0209
3.0207
3.0206
3.0204
3.0202
3.0200
3.0199
3.0197
3.0195
3.0192
3.0190
3.0188
3.0186
3.0183
3.0181
3.0174
3.0178
3.0174
3.0171
3.0169
3.0166
3.0163
3.0160
3.0158
3.0155
3.0152
2.9652
3.0181
3.0144
3.0143
3.0138
3.0140
3.0147
3.0140
3.0143
3.0146
3.0150
3.0155
3.0159
3.0164
3.0168
3.0172
3.0176
3.0180
3.0183
3.0186
3.0188
3.0191
3.0192
3.0194
3.9039
3.9350
3.9350
3.9350
3.9350
3.9350
3.9350
3.9350
3.9350
3.9350
3.9350
3.9350
3.9350
3.9350
3.9350
3.9350
3.9350
3.9350
3.9350
3.9350
3.9350
3.9350
3.9350
3.9350
3.9350
3.9350
3.9350
3.9350
3.9350
3.9350
3.9350
3.9350
3.9350
3.9350
3.9350
3.9350
3.9350
3.9350
3.9350
3.9350
3.9350
3.9350
3.9350
3.9350
3.9350
3.9350
3.9350
3.9350
3.9350
3.9350
3.9350
3.9350
3.9350
3.9350
3.9350
3.9350
3.9350
3.9350
3.9350
3.9350
3.9350
3.9350
3.9350
3.9350
3.9350
3.9350
3.9350
3.9350
3.9350
3.9350
3.9350
3.9350
3.9350
3.9350
3.9350
3.9350
3.9350
3.9350
3.9350
3.9350
3.9350
3.9350
3.9350
3.9350
2.1148
1.5082
1.2933
1.2180
1.1899
1.1842
1.1869
1.2048
1.2131
1.2210
1.2283
1.2350
1.2411
1.2483
1.2535
1.2581
1.2625
1.2664
1.2702
1.2737
1.2769
1.2800
1.2828
1.2855
1.2880
1.2904
1.2943
1.2964
1.2985
1.3004
1.3023
1.3040
1.3058
1.3074
1.3090
1.3088
1.3086
1.3118
1.3132
1.3145
1.3158
1.3171
1.3184
1.3196
1.3208
1.3219
1.3231
1.3242
1.3253
1.3264
1.3275
1.3285
1.3296
1.3306
3.9350
1.0622
1.2267
1.2875
1.3175
1.3321
1.3392
1.3425
3.9350
1.0676
1.2377
1.2991
1.3295
3.9350
1.0712
1.2430
1.3067
1.3380
1.3528
3.9350
1.0730
1.2504
1.3139
1.3450
1.3595
1.3654
1.3683
1.3691
1.3691
3.9350
1.0766
1.2521
1.3168
1.3484
1.3635
1.3704
1.3732
1.3624
1.3614
1.3607
3.9350
1.0677
1.2444
1.3094
1.3406
1.3554
3.9350
1.0705
1.2492
1.3155
1.3471
1.3619
1.3683
1.3708
1.3713
3.9350
1.0744
1.2620
1.3304
1.3633
1.3790
1.3862
3.9350
1.0848
1.2670
1.3361
1.3580
1.3723
1.3785
1.3806
1.3809
1.3804
3.9350
1.0809
1.2595
3.9350
1.0722
1.2560
1.3282
1.3629
1.3789
1.3856
3.9350
1.0950
1.2711
1.3348
1.3657
1.3798
1.3858
1.3876
1.3877
1.3868
1.3857
1.3844
1.3833
3.9350
1.0946
1.2677
3.9350
1.0779
1.2630
1.3322
3.9350
1.0925
1.2729
1.3390
1.3707
1.3851
1.3909
1.3924
1.3920
1.3908
1.3894
1.3879
1.3865
3.9350
1.0970
1.2700
1.3322
1.3627
1.3768
1.3830
1.3851
3.9350
1.0974
1.2709
2.1584
2.9447
3.6708
3.9350
3.9350
3.9350
3.9350
3.9350
3.9350
3.9350
3.9350
3.9350
3.9350
3.9350
3.9350
3.9350
3.9350
3.9350
3.9350
3.9350
3.9350
3.9350
3.9350
3.9350
3.9350
3.9350
3.9350
3.9350
3.9350
3.9350
3.9350
3.9350
3.9350
3.9350
3.9350
3.9350
3.9350
3.9350
3.9350
3.9350
3.9350
3.9350
3.9350
3.9350
3.9350
3.9350
3.9350
3.9350
3.9350
3.9350
3.9350
3.9350
3.9350
3.9350
3.9350
3.9350
3.9350
3.9350
3.9350
3.9350
3.9350
3.9350
3.9350
3.9350
3.9350
3.9350
3.9350
3.9350
3.9350
3.9350
3.9350
3.9350
3.9350
3.9350
3.9350
3.9350
3.9350
3.9350
3.9350
3.9350
3.9350
3.9350
3.9350
3.9350
3.9350
3.9350
3.9350
3.9350
3.9350
3.9350
3.9350
3.9350
3.9350
3.9350
3.9350
3.9350
3.9350
3.9350
3.9350
3.9350
3.9350
3.9350
3.9350
3.9350
3.9350
3.9350
3.9350
3.9350
2.1375
1.5282
1.3130
1.2352
1.2065
1.1997
1.2020
1.2079
1.2150
1.2220
1.2287
1.2349
1.2406
1.2575
1.2652
1.2701
1.2746
1.2786
1.2824
1.2859
1.2891
1.2922
1.2950
1.2977
1.3002
1.3025
1.3048
1.3069
1.3089
1.3109
1.3127
1.3145
1.3162
1.3178
1.3194
1.3209
1.3224
1.3238
1.3252
1.3265
1.3295
1.3324
1.3319
1.3331
1.3343
3.9350
1.0622
1.2299
1.2919
1.3230
1.3382
1.3457
1.3493
1.3495
1.3505
3.9350
1.0707
1.2412
1.3037
3.9350
1.0663
1.2436
1.3112
1.3443
1.3600
1.3671
1.3700
1.3709
1.3711
1.3709
3.9350
1.0757
1.2522
1.3187
1.3512
1.3666
1.3736
1.3768
1.3780
1.3777
1.3782
1.3780
1.3779
1.3777
1.3777
1.3775
1.3775
1.3774
1.3776
1.3761
1.3764
1.3648
1.3640
1.3638
1.3638
1.3639
1.3640
1.3760
1.3773
1.3663
1.3659
1.3659
1.3661
1.3663
1.3666
1.3669
1.3672
1.3675
1.3678
1.3683
1.3687
1.3810
1.3707
1.3704
1.3706
1.3709
1.3712
1.3715
1.3718
1.3721
1.3725
1.3722
1.3727
1.3729
1.3731
1.3731
1.3736
1.3738
1.3742
1.3744
1.3747
1.3749
1.3751
1.3756
1.3755
1.3757
1.3758
1.3760
1.3761
1.3763
1.3764
1.3765
1.3766
1.3767
1.3768
1.3768
1.3768
1.3768
1.3769
1.3769
1.3770
1.3770
1.3770
1.3770
1.3771
1.3771
1.3771
1.3771
1.3771
1.3771
1.3771
1.3771
1.3771
1.3771
1.3771
1.3770
1.3770
1.3770
1.3769
1.3768
1.3767
1.3765
1.3765
1.3764
1.3763
1.3762
1.3762
1.3761
1.3760
1.3760
2.2709
3.0462
3.7660
3.9350
3.9350
3.9350
3.9350
3.9350
3.9350
3.9350
3.9350
3.9350
3.9350
3.9350
3.9350
3.9350
3.9350
3.9350
3.9350
3.9350
3.9350
3.9350
3.9350
3.9350
3.5277
3.5184
3.3810
3.2964
3.2367
3.1942
3.1640
3.1423
3.1268
3.1156
3.1075
3.1016
3.0972
3.0939
3.0910
3.0890
3.0873
3.0859
3.0847
3.0836
3.0826
3.0817
3.0807
3.0799
3.0790
3.0782
3.0773
3.0765
3.0756
3.0747
3.0739
3.0730
3.0722
3.0713
3.0705
3.0696
3.0688
3.0679
3.0671
3.0663
3.0654
3.0646
3.0638
3.0630
3.0622
3.0614
3.0606
3.0598
3.0590
3.0582
3.0574
3.0567
3.0559
3.0551
3.0544
3.0536
3.0529
3.0521
3.0514
3.0507
3.0819
3.0404
3.0456
3.0467
3.0461
3.0453
3.0445
3.0435
3.0425
3.0416
3.0406
3.0396
3.0590
3.0331
3.0354
3.0360
3.0355
3.0351
3.0352
3.0341
3.0334
3.0328
3.0321
3.0315
3.0652
3.0199
3.0433
3.0283
3.0283
3.0270
3.0260
3.0282
3.0259
3.0290
3.0245
3.0234
3.0603
3.0647
3.0618
3.0622
3.0625
3.0628
3.0628
3.0635
3.0629
3.0629
3.0629
3.0629
3.0629
3.0629
3.0629
3.0629
3.0629
3.0629
3.0629
3.0629
3.0629
3.0629
3.0629
3.0627
3.8204
3.9350
3.9350
3.9350
3.9350
3.9350
3.9350
3.9350
3.9350
3.9350
3.9350
3.9350
3.9350
3.9350
3.9350
3.9350
3.9350
3.9350
3.9350
3.9350
3.9350
3.9350
3.9350
3.9350
3.9350
3.9350
3.9350
3.9350
3.9350
3.9350
3.9350
3.9350
3.9350
3.9350
3.9350
3.9350
3.9350
3.9350
3.9350
3.9350
3.9350
3.9350
3.9350
3.9350
3.9350
3.9350
3.9350
3.9350
3.9350
3.9350
3.9350
3.9350
3.9350
3.9350
3.9350
3.9350
3.9350
3.9350
3.9350
3.9350
3.9350
3.9350
3.9350
3.9350
3.9350
3.9350
3.9350
3.9350
3.9350
3.9350
3.9350
3.9350
3.9350
3.9350
3.9350
3.9350
3.9350
3.9350
3.9350
3.9350
3.9350
3.9350
3.9350
3.9350
3.9350
3.9350
3.9350
3.9350
3.9350
3.9350
3.9350
3.9350
3.9350
3.9350
3.9350
3.9350
3.9350
3.9350
3.9350
3.9350
3.9350
3.9350
3.9350
3.9350
3.9350
3.9350
3.9350
3.9350
3.9350
3.9350
3.9350
3.9350
3.9350
3.9350
3.9350
3.9350
3.9350
3.9350
3.9350
3.9350
3.9350
3.9350
3.9350
3.9350
3.9350
3.9350
3.9350
3.9350
3.9350
3.9350
3.9350
3.9350
3.9350
3.9350
3.9350
3.9350
3.9350
3.9350
3.9350
3.9350
3.9350
3.9350
3.9350
3.9350
3.9350
3.9350
3.9350
3.9350
3.9350
3.9350
3.9350
3.9350
3.9350
3.4822
3.4105
3.2800
3.1869
3.1227
3.0786
3.0495
3.0286
3.0151
3.0064
3.0010
2.9979
2.9964
2.9959
2.9961
2.9967
2.9973
2.9986
2.9997
3.0009
3.0020
3.0031
3.0041
3.0051
3.0059
3.0068
3.0075
3.0082
3.0088
3.0094
3.0099
3.0104
3.0108
3.0112
3.0116
3.0119
3.0121
3.0124
3.0126
3.0128
3.0130
3.0131
3.0132
3.0133
3.0134
3.0135
3.0135
3.0135
3.0135
3.0135
3.0135
3.0135
3.0135
3.0134
3.0134
3.0133
3.0133
3.0132
3.0131
3.0130
3.0129
3.0128
3.0127
3.0126
3.0125
3.0124
3.0122
3.0121
3.0120
3.0118
3.0117
3.0115
3.0114
3.0112
3.0111
3.0359
3.0012
3.0098
3.0098
3.0097
3.0094
3.0091
3.0084
3.0080
3.0076
3.0072
3.0067
3.0265
2.9987
3.0053
3.0052
3.0051
3.0049
3.0046
3.0043
3.0041
3.0038
3.0035
3.0032
3.0418
2.9961
3.0033
3.0019
3.0082
3.0010
2.9936
3.0069
3.0024
2.9995
2.9989
2.9985
3.0057
3.0391
3.0358
3.0371
3.0380
3.0385
3.0384
3.0394
3.0393
3.0396
3.0401
3.0402
3.0405
3.0405
3.0411
3.0415
3.0414
3.0415
3.0420
3.0424
3.0424
3.0427
3.0430
3.0432
3.0437
3.0438
3.0445
3.0441
3.0446
3.0529
3.0453
3.0464
3.0459
3.0464
3.0463
3.0468
3.0470
3.0474
3.0477
3.0480
3.0479
3.0487
3.0487
3.0123
3.0104
3.0099
3.0465
3.0473
3.0411
3.0493
3.0499
3.0505
3.0511
3.0516
3.0521
3.0531
3.0531
3.0534
3.0541
3.0545
3.0552
3.0552
3.0559
3.0550
3.0561
3.0562
3.0569
3.0577
3.0597
3.0586
3.0593
3.0595
3.0678
3.0836
3.0840
3.0849
3.0854
3.0861
3.0866
3.0872
3.0880
3.0883
3.0811
3.0740
3.0668
3.0672
3.0674
3.0677
3.0681
3.0684
3.0688
3.0691
3.0693
3.0701
3.0703
3.0706
3.0710
3.0714
3.0718
3.0722
3.0726
3.0729
3.0732
3.0733
3.0739
3.0741
3.0746
3.0729
3.0749
3.0617
3.0683
3.0683
3.0667
3.0686
3.0396
3.0249
3.0363
3.0344
3.0354
3.0350
3.9350
3.9350
3.9350
3.9350
3.9350
3.9350
3.9350
3.9350
3.9350
3.9350
3.9350
3.9350
3.9350
3.9350
3.9350
3.9350
3.9350
3.9350
3.9350
3.9350
3.9350
3.9350
3.9350
3.9350
3.9350
3.9350
3.9350
3.9350
3.9350
3.9350
3.9350
3.9350
3.9350
3.9350
3.9350
3.9350
3.9350
3.9350
3.9350
3.9350
3.9350
3.9350
3.9350
3.9350
3.9350
3.9350
3.9350
3.9350
3.9350
3.9350
3.9350
3.9350
3.9350
3.9350
3.9350
3.9350
3.9350
3.9350
3.9350
3.9350
3.9350
3.9350
3.9350
3.9350
3.9350
3.9350
3.9350
3.9350
3.9350
3.9350
3.9350
3.9350
3.9350
3.9350
3.9350
3.9350
3.9350
3.9350
3.9350
3.9350
3.9350
3.9350
3.9350
3.9350
3.9350
3.9350
3.9350
3.9350
3.9350
3.9350
3.9350
3.9350
3.9350
3.9350
3.9350
3.9350
3.9350
3.9350
3.9350
3.9350
3.9350
3.9350
3.9350
3.9350
3.9350
3.9350
3.9350
3.9350
3.9350
3.9350
3.9350
3.9350
3.9350
3.9350
3.9350
3.9350
3.9350
3.9350
3.9350
3.9350
3.9350
3.9350
3.9350
3.9350
3.9350
3.9350
3.9350
3.9350
3.9350
3.9350
3.9350
3.9350
3.9350
3.9350
3.9350
3.9350
3.9350
3.9350
3.9350
3.9350
3.9350
3.9350
3.9350
3.9350
3.9350
3.9350
3.9350
3.9350
3.9350
3.9350
3.9350
3.9350
3.9350
3.9350
3.9350
3.9350
3.9350
3.9350
3.9350
3.9350
3.9350
3.9350
3.9350
3.9350
3.9350
3.9350
3.9350
3.9350
3.9350
3.9350
3.9350
3.9350
3.9350
3.9350
3.9350
3.9350
3.9350
3.9350
3.9350
3.9350
3.9350
3.9350
3.9350
3.9350
3.9350
3.9350
3.9350
3.9350
3.9350
3.9350
3.9350
3.9350
3.9350
3.9350
3.9350
3.9350
3.9350
3.9350
3.9350
3.9350
3.9350
3.9350
3.9350
3.9350
3.9350
3.9350
3.9350
3.9350
3.9350
3.9350
3.9350
3.9350
3.9350
3.9350
3.9350
3.9350
3.9350
3.9350
3.9350
3.9350
3.9350
3.9350
3.9350
3.9350
3.9350
3.9350
3.9350
3.9350
3.9350
3.9350
3.9350
3.9350
3.9350
3.9350
3.9350
3.9350
3.9350
3.9350
3.9350
3.9350
3.9350
3.9350
3.9350
3.9350
3.9350
3.9350
3.9350
3.9350
3.9350
3.9350
3.9350
3.9350
3.9350
3.9350
3.9350
3.9350
3.9350
3.9350
3.9350
3.9350
3.9350
3.9350
3.9350
3.9350
3.9350
3.9350
3.9350
3.9350
3.9350
3.9350
3.9350
3.9350
3.9350
3.9350
3.9350
3.9350
3.9350
3.9350
3.9350
3.9350
3.9350
3.9350
3.9350
3.9350
3.9350
3.9350
3.9350
3.9350
3.9350
3.9350
3.9350
3.9350
3.9350
3.9350
3.9350
3.9350
3.9350
3.9350
3.9350
3.9350
3.9350
3.9350
3.9350
3.9350
3.9350
3.9350
3.9350
3.9350
3.9350
3.9350
3.9350
3.9350
3.9350
3.9350
3.9350
3.9350
3.9350
3.9350
3.9350
3.9350
3.9350
3.9350
3.9350
3.9350
3.9350
3.9350
3.9350
3.9350
3.9350
3.9350
3.9350
3.9350
3.9350
3.9350
3.9350
3.9350
3.9350
3.9350
3.9350
3.9350
3.9350
3.9350
3.9350
3.9350
3.9350
3.9350
3.9350
3.9350
3.9350
3.9350
3.9350
3.9350
3.9350
3.9350
3.9350
3.9350
3.9350
3.9350
3.9350
3.9350
3.9350
3.9350
3.9350
3.9350
3.9350
3.9350
3.9350
3.9350
3.9350
3.9350
3.9350
3.9350
3.9350
3.9350
3.9350
3.9350
3.9350
3.9350
3.9350
3.9350
3.9350
3.9350
3.9350
3.9350
3.9350
3.9350
3.9350
3.9350
3.9350
3.9350
3.9350
3.9350
3.9350
3.9350
3.9350
3.9350
3.9350
3.9350
3.9350
3.9350
3.9350
3.9350
3.9350
3.9350
3.9350
3.9350
3.9350
3.9350
3.9350
3.9350
3.9350
3.9350
3.9350
3.9350
3.9350
3.9350
3.9350
3.9350
3.9350
3.9350
3.9350
3.9350
3.9350
3.9350
3.9350
3.9350
3.9350
3.9350
3.9350
3.9350
3.9350
3.9350
3.9350
3.9350
3.9350
3.9350
3.9350
3.9350
3.9350
3.9350
3.9350
3.9350
3.9350
3.9350
3.9350
3.9350
3.9350
3.9350
3.9350
3.9350
3.9350
3.9350
3.9350
3.9350
3.9350
3.9350
3.9350
3.9350
3.9350
3.9350
3.9350
3.9350
3.9350
3.9350
3.9350
3.9350
3.9350
3.9350
3.9350
3.9350
3.9350
3.9350
3.9350
3.9350
3.9350
3.9350
3.9350
3.9350
3.9350
3.9350
3.9350
3.9350
3.9350
3.9350
3.9350
3.9350
3.9350
3.9350
3.9350
3.9350
3.9350
3.9350
3.9350
3.9350
3.9350
3.9350
3.9350
3.9350
3.9350
3.9350
3.9350
3.9350
3.9350
3.9350
3.9350
3.9350
3.9350
3.9350
3.9350
3.9350
3.9350
3.9350
3.9350
3.9350
3.9350
3.9350
3.9350
3.9350
3.9350
3.9350
3.9350
3.9350
3.9350
3.9350
3.9350
3.9350
3.9350
3.9350
3.9350
3.9350
3.9350
3.9350
3.9350
3.9350
3.9350
3.9350
3.9350
3.9350
3.9350
3.9350
3.9350
3.9350
3.9350
3.9350
3.9350
3.9350
3.9350
3.9350
3.9350
3.9350
3.9350
3.9350
3.9350
3.9350
3.9350
3.9350
3.9350
3.9350
3.9350
3.9350
3.9350
3.9350
3.9350
3.9350
3.9350
3.9350
3.9350
3.9350
3.9350
3.9350
3.9350
3.9350
3.9350
3.9350
3.9350
3.9350
3.9350
3.9350
3.9350
3.9350
3.9350
3.9350
3.9350
3.9350
3.9350
3.9350
3.9350
3.9350
3.9350
3.9350
3.9350
3.9350
3.9350
3.9350
3.9350
3.9350
3.9350
3.9350
3.9350
3.9350
3.9350
3.9350
3.9350
3.9350
3.9350
3.9350
3.9350
3.9350
3.9350
3.9350
3.9350
3.9350
3.9350
3.9350
3.9350
3.9350
3.9350
3.9350
3.9350
3.9350
3.9350
3.9350
3.9350
3.9350
3.9350
3.9350
3.9350
3.9350
3.9350
3.9350
3.9350
3.9350
3.9350
3.9350
3.9350
3.9350
3.9350
3.9350
3.9350
3.9350
3.9350
3.9350
3.9350
3.9350
3.9350
3.9350
3.9350
3.9350
3.9350
3.9350
3.9350
3.9350
3.9350
3.9350
3.9350
3.9350
3.9350
3.9350
3.9350
3.9350
3.9350
3.9350
3.9350
3.9350
3.9350
3.9350
3.9350
3.9350
3.9350
3.9350
3.9350
3.9350
3.9350
3.9350
3.9350
3.9350
3.9350
3.9350
3.9350
3.9350
3.9350
3.9350
3.9350
3.9350
3.9350
3.9350
3.9350
3.9350
3.9350
3.9350
3.9350
3.9350
3.9350
3.9350
3.9350
3.9350
3.9350
3.9350
3.9350
3.9350
3.9350
3.9350
3.9350
3.9350
3.9350
3.9350
3.9350
3.9350
3.4918
3.3914
3.2423
3.1448
3.0775
3.0314
2.9996
2.9784
2.9641
2.9547
2.9486
2.9449
2.9428
2.9417
2.9416
2.9419
2.9425
2.9433
2.9442
2.9451
2.9460
2.9469
2.9477
2.9485
2.9624
2.9442
2.9505
2.9508
2.9576
2.9517
2.9456
2.9652
2.9851
2.9882
2.9941
2.9950
2.9998
2.9982
2.9984
2.9991
2.9999
3.0007
3.0009
3.0027
3.0027
3.0034
3.0040
3.0049
3.0052
3.0063
3.0066
3.0072
3.0080
3.0083
3.0089
3.0092
3.0098
3.0107
3.0110
3.0118
3.0117
3.0129
3.0057
3.0054
3.0069
3.0148
3.0070
3.0159
3.0158
3.0163
3.0171
3.0176
3.0178
3.0187
3.0190
3.0187
3.0198
3.0205
3.0207
3.0216
3.0218
3.0226
3.0229
3.0234
3.0239
3.0244
3.0249
3.0174
3.0184
3.0187
3.0190
3.0193
3.0200
3.0201
3.0209
3.0213
3.0218
3.0224
3.0221
3.0242
3.0235
3.0239
3.0254
3.0237
3.0260
3.0262
3.0270
3.0274
3.0279
3.0284
3.0290
3.0296
3.0301
3.0306
3.0315
3.0316
3.0324
3.0329
3.0335
3.0340
3.0346
3.0351
3.0356
3.0362
3.0367
3.0373
3.0378
3.0383
3.0389
3.0394
3.0399
3.0405
3.0410
3.0415
3.0420
3.0426
3.0431
3.0436
3.0438
3.0442
3.0447
3.0452
3.0456
3.0459
3.0413
3.0137
3.0153
3.0135
3.0146
3.0115
3.0144
3.0001
3.0145
3.0140
3.0141
3.0141
3.0141
3.0165
3.0141
3.0142
3.0141
3.0141
3.0142
3.0142
3.0142
3.0142
3.0142
3.0141
3.0138
3.0137
3.0137
3.0137
3.0136
3.0135
3.0134
3.0133
3.0132
3.0131
3.0130
3.0129
3.0127
3.0126
3.0125
3.0123
3.0121
3.0120
3.0118
3.0116
3.0114
3.0113
3.0111
3.0109
3.0107
3.0104
3.0102
3.0100
3.0098
3.0096
3.0093
3.0091
3.0089
3.0086
3.0084
3.0081
2.9965
3.0078
3.0073
3.0072
3.0069
3.0066
3.0064
3.0061
3.0058
3.0055
3.0052
3.0049
3.0046
3.0044
3.0041
3.0038
3.0036
3.0033
3.0031
3.0028
3.0026
3.0023
3.0021
