0.2000
0.2000
0.2000
0.2000
0.2000
0.2000
0.2000
0.2000
0.2000
0.2000
0.2000
0.2000
0.2000
0.2000
0.2000
0.2000
0.2000
0.2000
0.2000
0.2000
0.2000
0.2000
0.2000
0.2000
0.2000
0.2000
0.2000
0.2000
0.2000
0.2000
0.2000
0.2000
0.2000
0.2000
0.2000
0.2000
0.2000
0.2000
0.2000
0.2000
0.2000
0.2000
0.2000
0.2000
0.2000
0.2000
0.2000
0.2000
0.2000
0.2000
0.2000
0.2000
0.2000
0.2000
0.2000
0.2000
0.2000
0.2000
0.2000
0.2000
0.2000
0.6971
0.4074
0.3818
0.3735
0.3673
0.3620
0.3574
0.3534
0.3498
0.3464
0.3432
0.3404
0.7111
0.5306
0.5093
0.5010
0.4950
0.4903
0.4865
0.4835
0.4810
0.4789
0.4773
0.4759
1.0000
0.9685
0.8703
0.8466
0.8335
0.8231
0.8327
0.8096
0.8017
0.7966
0.7919
0.7881
0.8034
0.7841
0.7811
0.7983
0.7798
0.7792
0.7968
0.7797
0.7803
0.7801
0.7807
0.7812
0.8182
0.7837
0.7843
0.7853
0.8047
0.7880
0.7890
0.7903
0.7915
0.7927
0.7940
0.7953
0.7966
0.8165
0.8180
0.8194
0.8035
0.8047
0.8243
0.8080
0.8091
0.8105
0.8117
0.8131
0.8145
0.8158
0.8173
0.8180
0.8204
0.8229
0.8233
0.8248
0.8264
0.8278
0.8296
0.8308
0.8320
0.8340
0.8359
0.8373
0.8391
0.8410
0.8429
0.8447
0.8466
0.8486
0.8504
0.8525
0.8910
0.8573
0.8591
0.8613
0.8633
0.8654
0.8858
0.8704
0.8909
0.8937
0.8782
0.8804
0.8829
0.8855
0.8877
0.8898
0.8920
0.8942
0.8965
0.8986
0.9009
0.9031
0.9054
0.9076
0.9097
0.9119
0.9139
0.9160
0.9180
0.9200
0.9219
0.9421
0.9261
0.9275
0.9293
0.9309
0.9508
0.9345
0.9362
0.9379
0.9396
0.9413
0.9428
0.9443
0.9457
0.9471
0.9483
0.9488
0.9505
0.9508
0.9518
0.9516
0.9506
0.9506
0.9498
0.9452
0.9474
0.9457
0.9426
0.9416
0.9387
0.9359
0.9334
0.9303
0.9271
0.9237
0.9204
0.9170
0.9136
0.9102
0.9069
0.9036
0.9004
0.8971
0.8939
0.8906
0.8874
0.8842
0.8811
0.8781
0.8751
0.8722
0.8693
0.8664
0.8636
0.8608
0.8581
0.8554
0.8528
0.8501
0.8475
0.8450
0.8423
0.8398
0.8372
0.8346
0.8320
0.8293
0.8269
0.8243
0.8217
0.8191
0.8166
0.8141
0.8116
0.8091
0.8067
0.8042
0.2000
0.2000
0.2000
0.2000
0.2000
0.2000
0.2000
0.2000
0.2000
0.2000
0.2000
0.2000
0.2000
0.2000
0.2000
0.2000
0.2000
0.2000
0.2000
0.2000
0.2000
0.2000
0.2000
0.2000
0.2000
0.2000
0.2000
0.2000
0.2000
0.2000
0.2000
0.2000
0.2000
0.2000
0.2000
0.2000
0.2000
0.2000
0.2000
0.2000
0.2000
0.2000
0.2000
0.2000
0.2000
0.2000
0.2000
0.2000
0.2000
0.2000
0.2000
0.2000
0.2000
0.2000
0.2000
0.2000
0.2000
0.2000
0.2000
0.2000
0.2000
0.2000
0.2000
0.2000
0.2000
0.2000
0.2000
0.2000
0.2000
0.2000
0.2000
0.2000
0.2000
0.2000
0.2000
0.2000
0.2000
0.2000
0.2000
0.2000
0.2000
0.2000
0.2000
0.2000
0.6927
0.4021
0.3776
0.3701
0.3645
0.3600
0.3560
0.3526
0.3495
0.3467
0.3441
0.3418
0.7141
0.5352
0.5149
0.5075
0.5023
0.4984
0.4952
0.4926
0.4904
0.4885
0.4869
0.4854
1.0000
0.9840
0.8819
0.8565
0.8421
0.8304
0.8388
0.8125
0.8056
0.7984
0.7941
0.7873
0.8021
0.7801
0.7771
0.7752
0.7739
0.7730
0.7725
0.7727
0.7729
0.7734
0.7742
0.7751
0.7944
0.7778
0.7972
0.7808
0.7821
0.7835
0.7851
0.7867
0.7883
0.8264
0.7923
0.7936
0.8858
0.7987
0.7996
0.7991
0.8015
0.8023
0.8029
0.8231
0.8041
0.8042
0.8045
0.8049
0.8055
0.8062
0.8072
0.8083
0.8095
0.8108
0.8120
0.8134
0.8147
0.8160
0.8174
0.8188
0.8205
0.8218
0.8231
0.8248
0.8266
0.8284
0.8305
0.8324
0.8346
0.8367
0.8388
0.8410
0.8404
0.8448
0.8477
0.8498
0.8526
0.8552
0.8577
0.8604
0.8634
0.8659
0.8686
0.8714
0.8742
0.8769
0.8795
0.8818
0.8841
0.8865
0.8889
0.8909
0.8937
0.8961
0.8984
0.9008
0.9032
0.9055
0.9078
0.9101
0.9124
0.9147
0.9170
0.9197
0.9216
0.9239
0.9260
0.9283
0.9304
0.9322
0.9348
0.9375
0.9392
0.9414
0.9434
0.9453
0.9471
0.9489
0.9505
0.9521
0.9588
0.9538
0.9562
0.9564
0.9567
0.9574
0.9571
0.9549
0.9559
0.9544
0.9526
0.9523
0.9506
0.9472
0.9467
0.9444
0.9418
0.9389
0.9359
0.9328
0.9295
0.9261
0.9228
0.9193
0.9160
0.9127
0.9093
0.9060
0.9027
0.8995
0.8963
0.8932
0.8902
0.8873
0.8844
0.8816
0.8788
0.8760
0.8733
0.8707
0.8681
0.8655
0.8630
0.8605
0.8580
0.8555
0.8530
0.8506
0.8483
0.8458
0.8437
0.8414
0.8391
0.8368
0.8346
0.8324
0.8302
0.8280
0.8258
0.8236
0.2000
0.2000
0.2000
0.2000
0.2000
0.2000
0.2000
0.2000
0.2000
0.2000
0.2000
0.2000
0.2000
0.2000
0.2000
0.2000
0.2000
0.2000
0.2000
0.2000
0.2000
0.2000
0.2000
0.2000
0.2000
0.2000
0.2000
0.2000
0.2000
0.2000
0.2000
0.2000
0.2000
0.2000
0.2000
0.2000
0.2000
0.2000
0.2000
0.2000
0.2000
0.2000
0.2000
0.2000
0.2000
0.2000
0.2000
0.2000
0.2000
0.2000
0.2000
0.2000
0.2000
0.2000
0.2006
0.2013
0.2014
0.2016
0.2017
0.2018
0.2018
0.2018
0.2018
0.2018
0.2017
0.2016
0.2015
0.2013
0.2011
0.2010
0.2007
0.2005
0.2003
0.2000
0.2000
0.2000
0.2000
0.2000
0.2000
0.2000
0.2000
0.2000
0.2000
0.2000
0.7854
0.4601
0.4283
0.4185
0.4114
0.4055
0.4004
0.3959
0.3919
0.3882
0.3847
0.3817
0.7601
0.5853
0.5633
0.5547
0.5486
0.5436
0.5394
0.5357
0.5325
0.5295
0.5267
0.5241
1.0000
1.0000
0.9482
0.9054
0.8874
0.8741
0.8816
0.8544
0.8451
0.8377
0.8316
0.8258
0.8400
0.8176
0.8135
0.8109
0.8088
0.8073
0.8056
0.8043
0.8034
0.8207
0.8030
0.8021
0.8019
0.8020
0.8021
0.8025
0.8030
0.8037
0.8043
0.8051
0.8060
0.8067
0.8077
0.8086
0.8458
0.8110
0.8113
0.8120
0.8125
0.8131
0.8135
0.8141
0.8145
0.8150
0.8155
0.8160
0.8166
0.8172
0.8181
0.8191
0.8201
0.8207
0.8589
0.8252
0.8254
0.8265
0.8276
0.8289
0.8570
0.8317
0.8333
0.8348
0.8364
0.8379
0.8394
0.8409
0.8422
0.8436
0.8450
0.8465
0.8662
0.8676
0.8522
0.8531
0.8547
0.8565
0.8585
0.8608
0.8633
0.8658
0.8686
0.8714
0.8745
0.8772
0.8806
0.8835
0.8865
0.8896
0.8929
0.8961
0.8994
0.9028
0.9057
0.9094
0.9128
0.9162
0.9195
0.9228
0.9261
0.9294
0.9326
0.9359
0.9391
0.9423
0.9455
0.9487
0.9518
0.9549
0.9582
0.9614
0.9646
0.9677
0.9707
0.9735
0.9764
0.9791
0.9817
0.9842
0.9866
0.9880
0.9907
0.9922
0.9918
0.9944
0.9950
0.9933
0.9948
0.9942
0.9936
0.9922
0.9909
0.9878
0.9875
0.9855
0.9831
0.9805
0.9778
0.9748
0.9716
0.9683
0.9650
0.9617
0.9583
0.9549
0.9516
0.9482
0.9449
0.9416
0.9384
0.9353
0.9323
0.9293
0.9263
0.9234
0.9206
0.9179
0.9152
0.9126
0.9100
0.9075
0.9051
0.9027
0.9003
0.8979
0.8956
0.8934
0.8912
0.8888
0.8868
0.8846
0.8825
0.8804
0.8784
0.8764
0.8744
0.8724
0.8705
0.8685
0.2000
0.2000
0.2000
0.2000
0.2000
0.2000
0.2000
0.2000
0.2000
0.2000
0.2000
0.2000
0.2000
0.2000
0.2000
0.2000
0.2000
0.2000
0.2000
0.2000
0.2000
0.2000
0.2000
0.2000
0.2006
0.2074
0.2092
0.2108
0.2122
0.2135
0.2147
0.2158
0.2168
0.2176
0.2185
0.2192
0.2198
0.2204
0.2209
0.2214
0.2219
0.2223
0.2227
0.2230
0.2233
0.2236
0.2238
0.2240
0.2241
0.2243
0.2244
0.2245
0.2245
0.2245
0.2245
0.2245
0.2245
0.2244
0.2243
0.2241
0.2240
0.2238
0.2236
0.2233
0.2231
0.2228
0.2225
0.2222
0.2218
0.2215
0.2211
0.2207
0.2203
0.2199
0.2195
0.2190
0.2186
0.2181
0.2177
0.2172
0.2167
0.2161
0.2156
0.2152
0.7906
0.4988
0.4644
0.4530
0.4445
0.4372
0.4309
0.4252
0.4199
0.4151
0.4106
0.4065
0.7869
0.6141
0.5900
0.5797
0.5719
0.5656
0.5602
0.5556
0.5517
0.5483
0.5454
0.5429
1.0000
1.0000
0.9857
0.9344
0.9172
0.9036
0.9091
0.8870
0.8758
0.8692
0.8636
0.8591
0.8742
0.8527
0.8501
0.8484
0.8472
0.8465
0.8460
0.8460
0.8460
0.8463
0.8467
0.8471
0.8841
0.8490
0.8492
0.8497
0.8685
0.8512
0.8517
0.8521
0.8526
0.8531
0.8536
0.8542
0.8548
0.8554
0.8562
0.8569
0.8550
0.8572
0.8585
0.8600
0.8615
0.8629
0.8642
0.8657
0.8670
0.8684
0.8698
0.8714
0.8729
0.8745
0.8756
0.8777
0.8792
0.8807
0.8821
0.8835
0.8851
0.8854
0.8881
0.8896
0.8911
0.8925
0.8937
0.8948
0.8961
0.8971
0.8992
0.8992
0.9186
0.9020
0.9034
0.9046
0.9062
0.9080
0.9101
0.9306
0.9152
0.9176
0.9204
0.9233
0.9263
0.9294
0.9324
0.9353
0.9382
0.9413
0.9444
0.9476
0.9508
0.9541
0.9574
0.9607
0.9640
0.9672
0.9705
0.9737
0.9767
0.9798
0.9828
0.9859
0.9888
0.9917
0.9945
0.9973
1.0000
1.0000
1.0000
1.0000
1.0000
1.0000
1.0000
1.0000
1.0000
1.0000
1.0000
1.0000
1.0000
1.0000
1.0000
1.0000
1.0000
1.0000
1.0000
1.0000
1.0000
1.0000
1.0000
1.0000
1.0000
1.0000
1.0000
1.0000
1.0000
1.0000
1.0000
1.0000
1.0000
1.0000
1.0000
1.0000
1.0000
1.0000
1.0000
1.0000
1.0000
1.0000
1.0000
1.0000
1.0000
1.0000
1.0000
1.0000
1.0000
1.0000
1.0000
1.0000
1.0000
1.0000
1.0000
1.0000
1.0000
1.0000
1.0000
1.0000
1.0000
1.0000
1.0000
1.0000
1.0000
1.0000
1.0000
1.0000
1.0000
1.0000
1.0000
1.0000
1.0000
1.0000
1.0000
1.0000
1.0000
1.0000
1.0000
1.0000
1.0000
1.0000
1.0000
1.0000
1.0000
1.0000
1.0000
1.0000
1.0000
1.0000
1.0000
1.0000
1.0000
1.0000
1.0000
1.0000
1.0000
1.0000
1.0000
1.0000
1.0000
1.0000
1.0000
1.0000
1.0000
1.0000
1.0000
1.0000
1.0000
1.0000
1.0000
1.0000
1.0000
1.0000
1.0000
1.0000
1.0000
1.0000
1.0000
1.0000
1.0000
1.0000
1.0000
1.0000
1.0000
1.0000
1.0000
1.0000
1.0000
1.0000
1.0000
1.0000
1.0000
1.0000
1.0000
1.0000
1.0000
1.0000
1.0000
1.0000
1.0000
1.0000
1.0000
1.0000
1.0000
1.0000
1.0000
1.0000
1.0000
1.0000
1.0000
1.0000
1.0000
1.0000
1.0000
1.0000
1.0000
1.0000
1.0000
1.0000
1.0000
1.0000
1.0000
1.0000
1.0000
1.0000
1.0000
1.0000
1.0000
1.0000
1.0000
1.0000
1.0000
1.0000
1.0000
1.0000
1.0000
1.0000
1.0000
1.0000
1.0000
1.0000
1.0000
1.0000
1.0000
1.0000
1.0000
1.0000
1.0000
1.0000
1.0000
1.0000
1.0000
1.0000
1.0000
1.0000
1.0000
1.0000
1.0000
1.0000
1.0000
1.0000
1.0000
1.0000
1.0000
1.0000
1.0000
1.0000
1.0000
1.0000
1.0000
1.0000
1.0000
1.0000
1.0000
1.0000
1.0000
1.0000
1.0000
1.0000
1.0000
1.0000
1.0000
1.0000
1.0000
1.0000
1.0000
1.0000
1.0000
1.0000
1.0000
1.0000
1.0000
1.0000
1.0000
1.0000
1.0000
1.0000
1.0000
1.0000
1.0000
1.0000
1.0000
1.0000
1.0000
1.0000
1.0000
1.0000
1.0000
1.0000
1.0000
1.0000
1.0000
1.0000
1.0000
1.0000
1.0000
1.0000
1.0000
1.0000
1.0000
1.0000
1.0000
1.0000
1.0000
1.0000
1.0000
1.0000
1.0000
1.0000
1.0000
1.0000
1.0000
1.0000
1.0000
1.0000
1.0000
1.0000
1.0000
1.0000
1.0000
1.0000
1.0000
1.0000
1.0000
1.0000
1.0000
1.0000
1.0000
1.0000
1.0000
1.0000
1.0000
1.0000
1.0000
1.0000
1.0000
1.0000
1.0000
1.0000
1.0000
1.0000
1.0000
1.0000
1.0000
1.0000
1.0000
1.0000
1.0000
1.0000
1.0000
1.0000
1.0000
1.0000
1.0000
1.0000
1.0000
1.0000
1.0000
1.0000
1.0000
1.0000
1.0000
1.0000
1.0000
1.0000
1.0000
1.0000
1.0000
1.0000
1.0000
1.0000
1.0000
1.0000
1.0000
1.0000
1.0000
1.0000
1.0000
1.0000
1.0000
1.0000
1.0000
1.0000
1.0000
1.0000
1.0000
1.0000
1.0000
1.0000
1.0000
1.0000
1.0000
1.0000
1.0000
1.0000
1.0000
1.0000
1.0000
1.0000
1.0000
1.0000
1.0000
1.0000
1.0000
1.0000
1.0000
1.0000
1.0000
1.0000
1.0000
1.0000
1.0000
1.0000
1.0000
1.0000
1.0000
1.0000
1.0000
1.0000
1.0000
1.0000
1.0000
1.0000
1.0000
1.0000
1.0000
1.0000
1.0000
1.0000
1.0000
1.0000
1.0000
1.0000
1.0000
1.0000
1.0000
1.0000
1.0000
1.0000
1.0000
1.0000
1.0000
1.0000
1.0000
1.0000
1.0000
1.0000
1.0000
1.0000
1.0000
1.0000
1.0000
1.0000
1.0000
1.0000
1.0000
1.0000
1.0000
1.0000
1.0000
1.0000
1.0000
1.0000
1.0000
1.0000
1.0000
1.0000
1.0000
1.0000
1.0000
1.0000
1.0000
1.0000
1.0000
1.0000
1.0000
1.0000
1.0000
1.0000
1.0000
1.0000
1.0000
1.0000
1.0000
1.0000
1.0000
1.0000
1.0000
1.0000
1.0000
1.0000
1.0000
1.0000
1.0000
1.0000
1.0000
1.0000
1.0000
1.0000
1.0000
1.0000
1.0000
1.0000
1.0000
1.0000
1.0000
1.0000
1.0000
1.0000
1.0000
1.0000
1.0000
1.0000
1.0000
1.0000
1.0000
1.0000
1.0000
1.0000
1.0000
1.0000
1.0000
1.0000
1.0000
1.0000
1.0000
1.0000
1.0000
1.0000
1.0000
1.0000
1.0000
1.0000
1.0000
1.0000
1.0000
1.0000
1.0000
1.0000
1.0000
1.0000
1.0000
1.0000
1.0000
1.0000
1.0000
1.0000
1.0000
1.0000
1.0000
1.0000
1.0000
1.0000
1.0000
1.0000
1.0000
1.0000
1.0000
1.0000
1.0000
1.0000
1.0000
1.0000
1.0000
1.0000
1.0000
1.0000
1.0000
1.0000
1.0000
1.0000
1.0000
1.0000
1.0000
1.0000
1.0000
1.0000
1.0000
1.0000
1.0000
1.0000
1.0000
1.0000
1.0000
1.0000
1.0000
1.0000
1.0000
1.0000
1.0000
1.0000
1.0000
1.0000
1.0000
1.0000
1.0000
1.0000
1.0000
1.0000
1.0000
1.0000
1.0000
1.0000
1.0000
1.0000
1.0000
1.0000
1.0000
1.0000
1.0000
1.0000
1.0000
1.0000
1.0000
1.0000
1.0000
1.0000
1.0000
1.0000
1.0000
1.0000
1.0000
1.0000
1.0000
1.0000
1.0000
1.0000
1.0000
1.0000
1.0000
1.0000
1.0000
1.0000
1.0000
1.0000
1.0000
1.0000
1.0000
1.0000
1.0000
1.0000
1.0000
1.0000
1.0000
1.0000
1.0000
1.0000
1.0000
1.0000
1.0000
1.0000
1.0000
1.0000
1.0000
1.0000
1.0000
1.0000
1.0000
1.0000
1.0000
1.0000
1.0000
1.0000
1.0000
1.0000
1.0000
1.0000
1.0000
1.0000
1.0000
1.0000
1.0000
1.0000
1.0000
1.0000
1.0000
1.0000
1.0000
1.0000
1.0000
1.0000
1.0000
1.0000
1.0000
1.0000
1.0000
1.0000
1.0000
1.0000
1.0000
1.0000
1.0000
1.0000
1.0000
1.0000
1.0000
1.0000
1.0000
1.0000
1.0000
1.0000
1.0000
1.0000
1.0000
1.0000
1.0000
1.0000
1.0000
1.0000
1.0000
1.0000
1.0000
1.0000
1.0000
1.0000
1.0000
1.0000
1.0000
1.0000
1.0000
1.0000
1.0000
1.0000
1.0000
1.0000
1.0000
1.0000
1.0000
1.0000
1.0000
1.0000
1.0000
1.0000
1.0000
1.0000
1.0000
1.0000
1.0000
1.0000
1.0000
1.0000
1.0000
1.0000
1.0000
1.0000
1.0000
1.0000
1.0000
1.0000
1.0000
1.0000
1.0000
1.0000
1.0000
1.0000
1.0000
1.0000
1.0000
1.0000
1.0000
1.0000
1.0000
1.0000
1.0000
1.0000
1.0000
1.0000
1.0000
1.0000
1.0000
1.0000
0.2000
0.2000
0.2000
0.2000
0.2000
0.2000
0.2000
0.2000
0.2222
0.2262
0.2285
0.2303
0.5863
0.3736
0.3613
0.3598
0.3595
0.3597
0.3604
0.3613
0.3626
0.3640
0.3656
0.3674
1.0000
0.7763
0.7255
0.7125
0.7056
0.6983
0.7106
0.6929
0.6876
0.6855
0.6838
0.6830
0.7011
0.6846
0.6842
0.6854
0.6869
0.6887
0.6907
0.6931
0.6954
0.6980
0.7006
0.7033
0.7425
0.7097
0.7121
0.7148
0.7175
0.7202
0.7228
0.7254
0.7280
0.7306
0.7331
0.7356
0.7562
0.7589
0.7436
0.7457
0.7664
0.7507
0.7528
0.7552
0.7575
0.7599
0.7624
0.7649
0.7674
0.7701
0.7727
0.7938
0.7789
0.7816
0.7844
0.7873
0.7903
0.7933
0.7959
0.7992
0.8204
0.8055
0.8084
0.8115
0.8145
0.8175
0.8205
0.8233
0.8263
0.8291
0.8319
0.8346
0.8556
0.8408
0.8430
0.8447
0.8482
0.8518
0.8542
0.8575
0.8608
0.8642
0.8679
0.8715
0.8753
0.8795
0.8831
0.8868
0.8906
0.8945
0.8985
0.9022
0.9067
0.9109
0.9151
0.9192
0.9233
0.9272
0.9310
0.9347
0.9383
0.9417
0.9450
0.9480
0.9510
0.9537
0.9565
0.9591
0.9616
0.9640
0.9666
0.9691
0.9716
0.9741
0.9765
0.9788
0.9813
0.9836
0.9858
0.9881
0.9903
0.9908
0.9943
0.9959
0.9972
0.9986
0.9997
1.0000
1.0000
1.0000
1.0000
1.0000
1.0000
1.0000
1.0000
1.0000
1.0000
0.9997
0.9973
0.9951
0.9927
0.9902
0.9877
0.9851
0.9824
0.9798
0.9771
0.9743
0.9715
0.9687
0.9660
0.9634
0.9607
0.9581
0.9556
0.9530
0.9505
0.9481
0.9457
0.9433
0.9410
0.9387
0.9364
0.9342
0.9320
0.9298
0.9276
0.9255
0.9233
0.9211
0.9190
0.9168
0.9146
0.9125
0.9103
0.9082
0.9061
0.9040
0.9019
0.8998
0.2000
0.2000
0.2000
0.2000
0.2000
0.2000
0.2000
0.2000
0.2000
0.2000
0.2000
0.2000
0.2000
0.2000
0.2000
0.2000
0.2000
0.2000
0.2000
0.2000
0.2024
0.2095
0.2116
0.2133
1.0000
1.0000
1.0000
1.0000
1.0000
1.0000
1.0000
1.0000
1.0000
1.0000
1.0000
1.0000
1.0000
1.0000
1.0000
1.0000
1.0000
1.0000
1.0000
1.0000
1.0000
1.0000
1.0000
1.0000
1.0000
1.0000
1.0000
1.0000
1.0000
1.0000
1.0000
1.0000
1.0000
1.0000
1.0000
1.0000
1.0000
1.0000
1.0000
1.0000
1.0000
1.0000
1.0000
1.0000
1.0000
1.0000
1.0000
1.0000
1.0000
1.0000
1.0000
1.0000
1.0000
1.0000
1.0000
1.0000
1.0000
1.0000
1.0000
1.0000
1.0000
1.0000
1.0000
1.0000
1.0000
1.0000
1.0000
1.0000
1.0000
1.0000
1.0000
1.0000
1.0000
1.0000
1.0000
1.0000
1.0000
1.0000
1.0000
1.0000
1.0000
1.0000
1.0000
1.0000
0.2000
0.2000
0.2000
0.2000
0.2000
0.2000
0.2000
0.2000
0.2000
0.2000
0.2000
0.2000
0.2000
0.2000
0.2000
0.2000
0.2000
0.2000
0.2000
0.2000
0.2000
0.2000
0.2000
0.2000
0.2000
0.2000
0.2000
0.2000
0.2000
0.2000
0.2000
0.2000
0.2000
0.2000
0.2000
0.2000
0.2000
0.2000
0.2000
0.2000
0.2000
0.2000
0.2000
0.2000
0.2000
0.2000
0.2000
0.2000
0.2000
0.2000
0.2000
0.2000
0.2000
0.2000
0.2000
0.2000
0.2000
0.2000
0.2000
0.2000
0.2000
0.2000
0.2000
0.2000
0.2000
0.2000
0.2000
0.2000
0.2000
0.2000
0.2000
0.2000
0.2000
0.2000
0.2000
0.2000
0.2000
0.2000
0.2000
0.2000
0.2000
0.2000
0.2000
0.2000
0.2000
0.2000
0.2000
0.2000
0.2000
0.2000
0.2000
0.2000
0.2000
0.2000
0.2000
0.2000
0.2000
0.2000
0.2000
0.2000
0.2000
0.2000
0.2000
0.2000
0.2000
0.2000
0.2000
0.2000
0.2000
0.2000
0.2000
0.2000
0.2000
0.2000
0.2000
0.2000
0.2000
0.2000
0.2000
0.2000
0.2000
0.2000
0.2000
0.2000
0.2000
0.2000
0.2000
0.2000
0.2000
0.2000
0.2551
0.2000
0.2000
0.2000
0.2000
0.2000
1.0000
0.2644
0.2000
0.2000
0.2000
0.2000
0.2000
0.2000
0.2000
0.2000
0.2000
0.2000
0.2000
1.0000
0.2416
0.2000
1.0000
0.3051
0.2000
0.2000
1.0000
0.2822
0.2000
0.2000
0.2000
0.2000
0.2000
0.2000
0.2000
0.2000
0.2000
0.2000
0.2000
1.0000
0.2104
0.2000
0.2000
0.2000
0.2000
0.2000
0.2000
1.0000
0.2071
0.2000
1.0000
1.0000
1.0000
1.0000
1.0000
1.0000
1.0000
1.0000
1.0000
1.0000
1.0000
1.0000
1.0000
1.0000
1.0000
1.0000
1.0000
1.0000
1.0000
1.0000
1.0000
1.0000
1.0000
1.0000
1.0000
1.0000
1.0000
1.0000
1.0000
1.0000
1.0000
1.0000
1.0000
1.0000
1.0000
1.0000
1.0000
1.0000
1.0000
1.0000
1.0000
1.0000
1.0000
1.0000
1.0000
1.0000
1.0000
1.0000
1.0000
1.0000
1.0000
1.0000
1.0000
1.0000
1.0000
1.0000
1.0000
1.0000
1.0000
1.0000
1.0000
1.0000
1.0000
1.0000
1.0000
1.0000
1.0000
1.0000
1.0000
1.0000
1.0000
1.0000
1.0000
1.0000
1.0000
1.0000
1.0000
1.0000
1.0000
1.0000
1.0000
1.0000
1.0000
1.0000
1.0000
1.0000
1.0000
1.0000
1.0000
1.0000
1.0000
1.0000
1.0000
1.0000
1.0000
1.0000
1.0000
1.0000
1.0000
1.0000
1.0000
1.0000
1.0000
1.0000
1.0000
1.0000
1.0000
1.0000
0.2000
0.2000
0.2000
0.2000
0.2000
0.2000
0.2000
0.2000
0.2000
0.2000
0.2000
0.2000
0.2000
0.2000
0.2000
0.2000
0.2000
0.2000
0.2000
0.2000
0.2000
0.2000
0.2000
0.2000
0.2000
0.2000
0.2000
0.2000
0.2000
0.2000
0.2000
0.2000
0.2000
0.2000
0.2000
0.2000
0.2000
0.2000
0.2000
0.2000
0.2000
0.2000
0.2000
0.2000
0.2000
0.2000
0.2000
0.2000
0.2000
0.2000
0.2000
0.2000
0.2000
0.2000
0.2000
0.2000
0.2000
0.2000
0.2000
0.2000
0.2000
0.2000
0.2000
0.2000
0.2000
0.2000
0.2000
0.2000
0.2000
0.2000
0.2000
0.2000
0.2000
0.2000
0.2000
0.2000
0.2000
0.2000
0.2000
0.2000
0.2000
0.2000
0.2000
0.2000
0.2000
0.2000
0.2000
0.2000
0.2000
0.2000
0.2000
0.2000
0.2000
0.2000
0.2000
0.2000
0.2000
0.2000
0.2000
0.2000
0.2000
0.2000
0.2000
0.2000
0.2000
0.2000
0.2000
0.2000
0.2000
0.2000
0.2000
0.2000
0.2000
0.2000
0.2000
0.2000
0.2000
0.2000
0.2000
0.2000
0.2000
0.2000
0.2000
0.2000
0.2000
0.2062
0.2089
0.2108
0.2125
0.2140
0.2152
0.2161
0.2167
0.2171
0.2171
0.2169
0.2165
0.2159
0.2152
0.2144
0.2134
0.2124
0.2114
0.2103
0.2093
0.2082
0.2072
0.2062
0.2052
0.2043
0.2034
0.2025
0.2017
0.2009
0.2002
0.2000
0.2000
0.2000
0.2000
0.2000
0.2000
0.2000
0.2000
0.2000
0.2000
0.2000
0.2000
0.2000
0.2000
0.2000
0.2000
0.2000
0.2000
0.2000
0.2000
0.2000
0.2000
0.2000
0.2000
0.2000
1.0000
1.0000
1.0000
1.0000
1.0000
1.0000
1.0000
1.0000
1.0000
1.0000
1.0000
1.0000
1.0000
1.0000
1.0000
1.0000
1.0000
1.0000
1.0000
1.0000
1.0000
1.0000
1.0000
1.0000
0.2000
0.4086
0.4703
0.4740
0.4733
0.4717
0.4698
0.4679
0.4661
0.4645
0.4631
0.4618
0.4606
0.4594
0.4583
0.4572
0.4561
0.4551
0.4541
0.4530
0.4520
0.4509
0.4498
0.4487
0.4476
0.4464
0.4451
0.4438
0.4424
0.4409
0.4394
0.4379
0.4362
0.4346
0.4328
0.4311
0.4292
0.4273
0.4254
0.4234
0.4213
0.4191
0.4169
0.4147
0.4125
0.4103
0.4080
0.4057
0.4034
0.4010
0.3987
0.3963
0.3938
0.3914
0.3889
0.3863
0.3838
0.3813
0.3788
0.3763
1.0000
0.7731
0.7204
0.7007
0.6858
0.6731
0.6617
0.6512
0.6415
0.6324
0.6239
0.6160
1.0000
0.8600
0.8247
0.8087
0.7962
0.7857
0.7766
0.7684
0.7613
0.7549
0.7491
0.7439
1.0000
1.0000
1.0000
1.0000
1.0000
1.0000
1.0000
1.0000
1.0000
1.0000
1.0000
1.0000
1.0000
1.0000
1.0000
1.0000
1.0000
1.0000
1.0000
1.0000
1.0000
1.0000
1.0000
1.0000
1.0000
1.0000
1.0000
1.0000
1.0000
1.0000
1.0000
1.0000
1.0000
1.0000
1.0000
1.0000
1.0000
1.0000
1.0000
1.0000
1.0000
1.0000
1.0000
1.0000
1.0000
1.0000
1.0000
1.0000
1.0000
1.0000
1.0000
1.0000
1.0000
1.0000
1.0000
1.0000
1.0000
1.0000
1.0000
1.0000
1.0000
1.0000
1.0000
1.0000
1.0000
1.0000
1.0000
1.0000
1.0000
1.0000
1.0000
1.0000
1.0000
1.0000
1.0000
1.0000
1.0000
1.0000
1.0000
1.0000
1.0000
1.0000
1.0000
1.0000
1.0000
1.0000
1.0000
1.0000
1.0000
1.0000
1.0000
1.0000
1.0000
1.0000
1.0000
1.0000
1.0000
1.0000
1.0000
1.0000
1.0000
1.0000
1.0000
1.0000
1.0000
1.0000
1.0000
1.0000
1.0000
1.0000
1.0000
1.0000
1.0000
1.0000
1.0000
1.0000
1.0000
1.0000
1.0000
1.0000
1.0000
1.0000
1.0000
1.0000
1.0000
1.0000
1.0000
1.0000
1.0000
1.0000
1.0000
1.0000
1.0000
1.0000
1.0000
1.0000
1.0000
1.0000
1.0000
1.0000
1.0000
1.0000
1.0000
1.0000
1.0000
1.0000
1.0000
1.0000
1.0000
1.0000
1.0000
1.0000
1.0000
1.0000
1.0000
1.0000
1.0000
1.0000
1.0000
1.0000
1.0000
1.0000
1.0000
1.0000
1.0000
1.0000
1.0000
1.0000
1.0000
1.0000
1.0000
1.0000
1.0000
1.0000
1.0000
1.0000
1.0000
1.0000
1.0000
1.0000
1.0000
1.0000
1.0000
1.0000
1.0000
1.0000
1.0000
1.0000
1.0000
0.2000
0.2000
0.2000
0.2000
0.2000
0.2000
0.2000
0.2000
0.2000
0.2000
0.2000
0.2000
0.2000
0.2000
0.2000
0.2000
0.2000
0.2000
0.2000
0.2000
0.2000
0.2000
0.2011
0.2093
0.2118
0.2140
0.2160
0.2178
0.2195
0.2210
0.2224
0.2237
0.2249
0.2259
0.2268
0.2277
0.2284
0.2290
0.2296
0.2301
0.2306
0.2311
0.2315
0.2318
0.2321
0.2324
0.2326
0.2327
0.2329
0.2329
0.2330
0.2330
0.2329
0.2329
0.2328
0.2327
0.2325
0.2324
0.2322
0.2320
0.2318
0.2315
0.2313
0.2310
0.2307
0.2304
0.2301
0.2297
0.2294
0.2290
0.2286
0.2282
0.2278
0.2274
0.2269
0.8165
0.5271
0.4921
0.4804
0.4717
0.4644
0.4581
0.4524
0.4473
0.4425
0.4381
0.4341
0.8178
0.6482
0.6236
0.6129
0.6049
0.5984
0.5930
0.5884
0.5847
0.5815
0.5787
0.5764
1.0000
1.0000
1.0000
0.9989
0.9658
0.9489
0.9542
0.9300
0.9208
0.9132
0.9070
0.9018
0.9172
0.8951
0.8904
0.8881
0.8862
0.8848
0.9020
0.8838
0.8831
0.8829
0.8830
0.8832
0.9201
0.8849
0.8851
0.8856
0.9045
0.8873
0.8879
0.8887
0.8894
0.8902
0.8910
0.8919
0.8929
0.8938
0.8949
0.8959
0.8970
0.8983
0.8994
0.9009
0.9021
0.9217
0.9052
0.9064
0.9077
0.9091
0.9106
0.9122
0.9138
0.9155
0.9171
0.9184
0.9202
0.9219
0.9240
0.9252
0.9268
0.9285
0.9303
0.9321
0.9340
0.9358
0.9376
0.9395
0.9413
0.9431
0.9451
0.9470
0.9673
0.9514
0.9533
0.9552
0.9576
0.9600
0.9626
0.9655
0.9688
0.9716
0.9749
0.9781
0.9817
0.9853
0.9884
0.9917
0.9949
0.9983
1.0000
1.0000
1.0000
1.0000
1.0000
1.0000
1.0000
1.0000
1.0000
1.0000
1.0000
1.0000
1.0000
1.0000
1.0000
1.0000
1.0000
1.0000
1.0000
1.0000
1.0000
1.0000
1.0000
1.0000
1.0000
1.0000
1.0000
1.0000
1.0000
1.0000
1.0000
1.0000
1.0000
1.0000
1.0000
1.0000
1.0000
1.0000
1.0000
1.0000
1.0000
1.0000
1.0000
1.0000
1.0000
1.0000
1.0000
1.0000
1.0000
1.0000
1.0000
1.0000
1.0000
1.0000
1.0000
1.0000
1.0000
1.0000
1.0000
1.0000
1.0000
1.0000
1.0000
1.0000
1.0000
1.0000
1.0000
1.0000
1.0000
1.0000
1.0000
1.0000
1.0000
1.0000
1.0000
1.0000
1.0000
1.0000
1.0000
1.0000
1.0000
1.0000
1.0000
1.0000
1.0000
1.0000
1.0000
1.0000
1.0000
1.0000
1.0000
1.0000
1.0000
1.0000
1.0000
1.0000
1.0000
1.0000
1.0000
1.0000
1.0000
1.0000
1.0000
1.0000
1.0000
1.0000
1.0000
1.0000
1.0000
1.0000
1.0000
1.0000
1.0000
1.0000
1.0000
1.0000
1.0000
1.0000
1.0000
1.0000
1.0000
1.0000
1.0000
1.0000
1.0000
1.0000
1.0000
1.0000
1.0000
1.0000
1.0000
1.0000
1.0000
1.0000
1.0000
1.0000
1.0000
1.0000
1.0000
1.0000
1.0000
1.0000
1.0000
1.0000
1.0000
1.0000
1.0000
1.0000
1.0000
1.0000
1.0000
1.0000
1.0000
1.0000
1.0000
1.0000
1.0000
1.0000
1.0000
1.0000
1.0000
1.0000
1.0000
1.0000
1.0000
1.0000
1.0000
1.0000
1.0000
1.0000
1.0000
1.0000
1.0000
1.0000
1.0000
1.0000
1.0000
1.0000
1.0000
1.0000
1.0000
1.0000
1.0000
1.0000
1.0000
1.0000
1.0000
1.0000
1.0000
1.0000
1.0000
1.0000
1.0000
1.0000
1.0000
1.0000
1.0000
1.0000
1.0000
1.0000
1.0000
1.0000
1.0000
1.0000
1.0000
1.0000
1.0000
1.0000
1.0000
1.0000
1.0000
1.0000
1.0000
1.0000
1.0000
1.0000
1.0000
1.0000
1.0000
1.0000
1.0000
1.0000
1.0000
1.0000
1.0000
1.0000
1.0000
1.0000
1.0000
1.0000
1.0000
1.0000
1.0000
1.0000
1.0000
1.0000
1.0000
1.0000
1.0000
1.0000
1.0000
1.0000
1.0000
1.0000
1.0000
1.0000
1.0000
1.0000
1.0000
1.0000
1.0000
1.0000
1.0000
1.0000
1.0000
1.0000
1.0000
1.0000
1.0000
1.0000
1.0000
1.0000
1.0000
1.0000
1.0000
1.0000
1.0000
1.0000
1.0000
1.0000
1.0000
1.0000
1.0000
1.0000
1.0000
1.0000
1.0000
1.0000
1.0000
1.0000
1.0000
1.0000
1.0000
1.0000
1.0000
1.0000
1.0000
1.0000
1.0000
1.0000
1.0000
1.0000
1.0000
1.0000
1.0000
1.0000
1.0000
1.0000
1.0000
1.0000
1.0000
1.0000
1.0000
1.0000
1.0000
1.0000
1.0000
1.0000
1.0000
1.0000
1.0000
1.0000
1.0000
1.0000
1.0000
1.0000
1.0000
1.0000
1.0000
1.0000
1.0000
1.0000
1.0000
1.0000
1.0000
1.0000
1.0000
1.0000
1.0000
1.0000
1.0000
1.0000
1.0000
1.0000
1.0000
1.0000
1.0000
1.0000
1.0000
1.0000
1.0000
1.0000
1.0000
1.0000
1.0000
1.0000
1.0000
1.0000
1.0000
1.0000
1.0000
1.0000
1.0000
1.0000
1.0000
1.0000
1.0000
1.0000
1.0000
1.0000
1.0000
1.0000
1.0000
1.0000
1.0000
1.0000
1.0000
1.0000
1.0000
1.0000
1.0000
1.0000
1.0000
1.0000
1.0000
1.0000
1.0000
1.0000
1.0000
1.0000
1.0000
1.0000
1.0000
1.0000
1.0000
1.0000
1.0000
1.0000
1.0000
1.0000
1.0000
1.0000
1.0000
1.0000
1.0000
1.0000
1.0000
1.0000
1.0000
1.0000
1.0000
1.0000
1.0000
1.0000
1.0000
1.0000
1.0000
1.0000
1.0000
1.0000
1.0000
1.0000
1.0000
1.0000
1.0000
1.0000
1.0000
1.0000
1.0000
1.0000
1.0000
1.0000
1.0000
1.0000
1.0000
1.0000
1.0000
1.0000
1.0000
1.0000
1.0000
1.0000
1.0000
1.0000
1.0000
1.0000
1.0000
1.0000
1.0000
1.0000
1.0000
1.0000
1.0000
1.0000
1.0000
1.0000
1.0000
1.0000
1.0000
1.0000
1.0000
1.0000
1.0000
1.0000
1.0000
1.0000
1.0000
1.0000
1.0000
1.0000
1.0000
1.0000
1.0000
1.0000
1.0000
1.0000
1.0000
1.0000
1.0000
1.0000
1.0000
1.0000
1.0000
1.0000
1.0000
1.0000
1.0000
1.0000
1.0000
1.0000
1.0000
1.0000
1.0000
1.0000
1.0000
1.0000
1.0000
1.0000
1.0000
1.0000
1.0000
1.0000
1.0000
1.0000
1.0000
1.0000
1.0000
1.0000
1.0000
1.0000
1.0000
1.0000
1.0000
1.0000
1.0000
1.0000
1.0000
1.0000
1.0000
1.0000
1.0000
1.0000
1.0000
1.0000
1.0000
1.0000
1.0000
1.0000
1.0000
1.0000
1.0000
1.0000
1.0000
1.0000
1.0000
1.0000
1.0000
1.0000
1.0000
1.0000
1.0000
1.0000
1.0000
1.0000
1.0000
1.0000
1.0000
1.0000
1.0000
1.0000
1.0000
1.0000
1.0000
1.0000
1.0000
1.0000
1.0000
1.0000
1.0000
1.0000
1.0000
1.0000
1.0000
1.0000
1.0000
1.0000
1.0000
1.0000
1.0000
1.0000
1.0000
1.0000
1.0000
1.0000
1.0000
1.0000
1.0000
1.0000
1.0000
1.0000
1.0000
1.0000
1.0000
1.0000
1.0000
1.0000
1.0000
1.0000
1.0000
1.0000
1.0000
1.0000
1.0000
1.0000
1.0000
1.0000
1.0000
1.0000
1.0000
1.0000
1.0000
1.0000
1.0000
1.0000
1.0000
1.0000
1.0000
1.0000
1.0000
1.0000
1.0000
1.0000
1.0000
1.0000
1.0000
1.0000
1.0000
1.0000
1.0000
1.0000
1.0000
1.0000
1.0000
1.0000
1.0000
1.0000
1.0000
1.0000
1.0000
1.0000
1.0000
1.0000
1.0000
1.0000
1.0000
1.0000
1.0000
1.0000
1.0000
1.0000
1.0000
1.0000
1.0000
1.0000
1.0000
1.0000
1.0000
1.0000
1.0000
1.0000
1.0000
1.0000
1.0000
1.0000
1.0000
1.0000
1.0000
1.0000
1.0000
1.0000
1.0000
1.0000
1.0000
1.0000
1.0000
1.0000
1.0000
1.0000
1.0000
1.0000
1.0000
1.0000
1.0000
1.0000
1.0000
1.0000
1.0000
1.0000
1.0000
1.0000
1.0000
1.0000
1.0000
1.0000
1.0000
1.0000
1.0000
1.0000
1.0000
1.0000
1.0000
1.0000
1.0000
1.0000
1.0000
1.0000
1.0000
1.0000
1.0000
1.0000
1.0000
1.0000
1.0000
1.0000
1.0000
1.0000
1.0000
1.0000
1.0000
1.0000
1.0000
1.0000
1.0000
1.0000
1.0000
1.0000
1.0000
1.0000
1.0000
1.0000
1.0000
1.0000
1.0000
1.0000
1.0000
1.0000
1.0000
1.0000
1.0000
1.0000
1.0000
1.0000
1.0000
1.0000
1.0000
1.0000
1.0000
1.0000
1.0000
1.0000
1.0000
1.0000
1.0000
1.0000
1.0000
1.0000
1.0000
1.0000
1.0000
1.0000
1.0000
1.0000
1.0000
1.0000
1.0000
1.0000
1.0000
1.0000
1.0000
1.0000
1.0000
1.0000
1.0000
1.0000
1.0000
1.0000
1.0000
1.0000
1.0000
1.0000
1.0000
1.0000
1.0000
1.0000
1.0000
1.0000
1.0000
1.0000
1.0000
1.0000
1.0000
1.0000
1.0000
1.0000
1.0000
1.0000
1.0000
1.0000
1.0000
1.0000
1.0000
1.0000
1.0000
1.0000
1.0000
1.0000
1.0000
1.0000
1.0000
1.0000
1.0000
1.0000
1.0000
1.0000
1.0000
1.0000
1.0000
1.0000
1.0000
1.0000
1.0000
1.0000
1.0000
1.0000
1.0000
1.0000
1.0000
1.0000
1.0000
1.0000
1.0000
1.0000
1.0000
1.0000
1.0000
1.0000
1.0000
1.0000
1.0000
1.0000
1.0000
1.0000
1.0000
1.0000
1.0000
1.0000
1.0000
1.0000
1.0000
1.0000
1.0000
1.0000
1.0000
1.0000
1.0000
1.0000
1.0000
1.0000
1.0000
1.0000
1.0000
1.0000
1.0000
1.0000
1.0000
1.0000
1.0000
1.0000
1.0000
1.0000
1.0000
1.0000
1.0000
1.0000
1.0000
1.0000
1.0000
1.0000
1.0000
1.0000
1.0000
1.0000
1.0000
1.0000
1.0000
1.0000
1.0000
1.0000
1.0000
1.0000
1.0000
1.0000
1.0000
1.0000
1.0000
1.0000
1.0000
1.0000
1.0000
1.0000
1.0000
1.0000
1.0000
1.0000
1.0000
1.0000
1.0000
1.0000
1.0000
1.0000
1.0000
1.0000
1.0000
1.0000
1.0000
1.0000
1.0000
1.0000
1.0000
1.0000
1.0000
1.0000
1.0000
1.0000
1.0000
1.0000
1.0000
1.0000
1.0000
1.0000
1.0000
1.0000
1.0000
1.0000
1.0000
1.0000
1.0000
1.0000
1.0000
1.0000
1.0000
1.0000
1.0000
1.0000
1.0000
1.0000
1.0000
1.0000
1.0000
1.0000
1.0000
1.0000
1.0000
1.0000
1.0000
1.0000
1.0000
1.0000
1.0000
1.0000
1.0000
1.0000
1.0000
1.0000
1.0000
1.0000
1.0000
1.0000
1.0000
1.0000
1.0000
1.0000
1.0000
1.0000
1.0000
1.0000
1.0000
1.0000
1.0000
1.0000
1.0000
1.0000
1.0000
1.0000
1.0000
1.0000
1.0000
1.0000
1.0000
1.0000
1.0000
1.0000
1.0000
1.0000
1.0000
1.0000
1.0000
