26.7000
26.7000
26.7000
26.7000
26.7000
26.7000
26.7000
26.7000
26.7000
26.7000
26.7000
26.7000
26.7000
26.7000
26.7000
26.7000
26.7000
26.7000
26.7000
26.7000
26.7000
26.7000
26.7000
26.7000
26.7000
26.7000
26.7000
26.7000
26.7000
26.7000
26.7000
26.7000
26.7000
26.7000
26.7000
26.7000
26.7000
26.7000
26.7000
26.7000
26.7000
26.7000
26.7000
26.7000
26.7000
26.7000
26.7000
26.7000
26.7000
26.7000
26.7000
26.7000
26.7000
26.7000
26.7000
26.7000
26.7000
26.7000
26.7000
26.7000
26.7000
25.6698
25.6029
25.6001
25.6000
25.6000
25.6000
25.6000
25.6000
25.6000
25.6000
25.6000
25.6000
25.0365
25.0018
25.0001
25.0000
25.0000
25.0000
25.0000
25.0000
25.0000
25.0000
25.0000
25.0000
24.3888
24.1050
24.0071
24.0003
23.9999
23.9998
23.9999
23.9999
23.9999
23.9999
23.9999
23.9999
23.9999
23.9999
23.9999
23.9999
23.9999
23.9999
23.9999
23.9999
24.0000
24.0000
24.0000
24.0000
24.0000
24.0000
24.0000
24.0000
24.0000
24.0000
24.0000
24.0000
24.0000
24.0000
24.0000
24.0000
24.0000
24.0000
24.0000
24.0000
24.0000
24.0000
24.0000
24.0000
24.0000
24.0000
24.0000
24.0000
24.0000
24.0000
24.0000
24.0000
24.0000
24.0000
24.0000
24.0000
24.0000
24.0000
24.0000
24.0000
24.0000
24.0000
24.0000
24.0000
24.0000
24.0000
24.0000
24.0000
24.0000
24.0000
24.0000
24.0000
24.0000
24.0000
24.0000
24.0000
24.0000
24.0000
24.0000
24.0000
24.0000
24.0000
24.0000
24.0000
24.0000
24.0000
24.0000
24.0000
24.0000
24.0000
24.0000
24.0000
24.0000
24.0000
24.0000
24.0000
24.0000
24.0000
24.0000
24.0000
24.0000
24.0000
24.0000
24.0000
24.0000
24.0000
24.0000
24.0000
24.0000
24.0000
24.0000
24.0000
24.0000
24.0000
24.0000
24.0000
24.0000
24.0000
24.0000
24.0000
24.0000
24.0000
24.0000
24.0000
24.0000
24.0000
24.0000
24.0000
24.0000
24.0000
24.0000
24.0000
24.0000
24.0000
24.0000
24.0000
24.0000
24.0000
24.0000
24.0000
24.0001
24.0001
24.0001
24.0001
24.0001
24.0000
24.0000
24.0000
24.0000
24.0000
24.0000
24.0000
24.0000
24.0000
24.0000
24.0000
24.0000
24.0000
24.0000
24.0000
24.0000
24.0000
24.0000
24.0000
24.0000
24.0000
24.0000
24.0000
24.0000
24.0000
24.0000
24.0000
23.9999
23.9999
23.9999
23.9999
23.9999
23.9999
23.9999
23.9999
24.9956
25.5602
25.9280
26.1896
26.3873
26.5390
26.6595
26.6994
26.7001
26.7001
26.7001
26.7001
26.7001
26.7001
26.7001
26.7001
26.7001
26.7001
26.7001
26.7001
26.7001
26.7001
26.7000
26.7000
26.7000
26.7000
26.7000
26.7000
26.7000
26.7000
26.7000
26.7000
26.7000
26.7000
26.7000
26.7000
26.7000
26.7000
26.7000
26.7000
26.7000
26.7000
26.7000
26.7000
26.7000
26.7000
26.7000
26.7000
26.7000
26.7000
26.7000
26.7000
26.7000
26.7000
26.7000
26.7000
26.7000
26.7000
26.7000
26.7000
26.7000
26.7000
26.7000
26.7000
26.7000
26.7000
26.7000
26.7000
26.7000
26.7000
26.7000
26.7000
26.7000
26.7000
26.7000
26.7000
26.7000
26.7000
26.7000
26.7000
26.7000
26.7000
26.7000
26.7000
25.6696
25.6029
25.6001
25.6000
25.6000
25.6000
25.6000
25.6000
25.6000
25.6000
25.6000
25.6000
25.0367
25.0018
25.0001
25.0000
25.0000
25.0000
25.0000
25.0000
25.0000
25.0000
25.0000
25.0000
24.4023
24.1254
24.0084
24.0002
23.9997
23.9997
23.9997
23.9998
23.9998
23.9998
23.9999
23.9999
23.9999
23.9999
23.9999
23.9999
23.9999
23.9999
23.9999
23.9999
23.9999
23.9999
23.9999
23.9999
24.0000
24.0000
24.0000
24.0000
24.0000
24.0000
24.0000
24.0000
24.0000
24.0000
24.0000
24.0000
24.0000
24.0000
24.0000
24.0000
24.0000
24.0000
24.0000
24.0000
24.0000
24.0000
24.0000
24.0000
24.0000
24.0000
24.0000
24.0000
24.0000
24.0000
24.0000
24.0000
24.0000
24.0000
24.0000
24.0000
24.0000
24.0002
24.0002
24.0002
24.0001
24.0001
24.0001
24.0001
24.0001
24.0001
24.0001
24.0001
24.0001
24.0000
24.0000
24.0000
24.0000
24.0000
24.0000
24.0000
24.0000
24.0000
24.0000
24.0000
24.0000
24.0000
24.0000
24.0000
24.0000
24.0000
24.0000
24.0000
24.0000
24.0000
24.0000
24.0000
24.0000
24.0000
24.0028
24.0075
24.0130
24.0190
24.0252
24.0322
24.0384
24.0448
24.0664
24.0649
24.0684
24.0731
24.0796
24.0869
24.0931
24.0997
24.1061
24.1124
24.1187
24.1248
24.1309
24.1367
24.1496
24.1492
24.1540
24.1576
24.1605
24.1634
24.1644
24.1617
24.1616
24.1586
24.1537
24.1498
24.1442
24.1354
24.1294
24.1219
24.1136
24.1050
24.0960
24.0869
24.0776
24.0682
24.0588
24.0494
24.0400
24.0308
24.0216
24.0125
24.0035
24.0003
24.0000
24.0000
24.0000
24.0000
24.0000
24.0000
24.0000
24.0000
24.0000
24.0000
24.0000
24.0000
24.0000
24.0000
24.0000
24.0000
24.0000
24.0000
24.0000
24.0000
24.0000
24.0000
24.0000
24.0000
24.0000
24.0000
24.0000
24.0000
24.0000
24.0000
25.0254
25.6048
25.9812
26.2477
26.4497
26.6050
26.6985
26.7001
26.7002
26.7002
26.7001
26.7001
26.7001
26.7001
26.7001
26.7001
26.7001
26.7001
26.7001
26.7001
26.7001
26.7001
26.7001
26.7001
26.7001
26.7001
26.7001
26.7001
26.7001
26.7001
26.7001
26.7001
26.7001
26.7000
26.7000
26.7000
26.7000
26.7000
26.7000
26.7000
26.7000
26.7000
26.7000
26.7000
26.7000
26.7000
26.7000
26.7000
26.7000
26.7000
26.7000
26.7000
26.7000
26.7000
26.7000
26.7000
26.7000
26.7000
26.7000
26.7000
26.7000
26.7000
26.7000
26.7000
26.7000
26.7000
26.7000
26.7000
26.7000
26.7000
26.7000
26.7000
26.7000
26.7000
26.7000
26.7000
26.7000
26.7000
26.7000
26.7000
26.7000
26.7000
26.7000
26.7000
25.6719
25.6032
25.6001
25.6000
25.6000
25.6000
25.6000
25.6000
25.6000
25.6000
25.6000
25.6000
25.0381
25.0020
25.0001
25.0000
25.0000
25.0000
25.0000
25.0000
25.0000
25.0000
25.0000
25.0000
24.4552
24.2037
24.0683
24.0045
24.0000
23.9998
23.9998
23.9998
23.9998
23.9999
23.9999
23.9999
23.9999
23.9999
24.0000
24.0000
24.0000
24.0000
24.0000
24.0000
24.0000
24.0000
24.0000
24.0000
24.0000
24.0000
24.0000
24.0000
24.0000
24.0000
24.0000
24.0000
24.0000
24.0000
24.0000
24.0000
24.0000
24.0000
24.0000
24.0000
24.0000
24.0000
24.0000
24.0000
24.0000
24.0000
24.0000
24.0000
24.0000
24.0000
24.0000
24.0000
24.0000
24.0000
24.0000
24.0000
24.0000
24.0000
24.0000
24.0000
24.0001
24.0002
24.0003
24.0003
24.0002
24.0002
24.0002
24.0002
24.0001
24.0001
24.0001
24.0001
24.0001
24.0001
24.0001
24.0001
24.0001
24.0000
24.0000
24.0000
24.0000
24.0000
24.0000
24.0000
24.0000
24.0000
24.0000
24.0000
24.0000
24.0000
24.0000
24.0000
24.0000
24.0000
24.0000
24.0000
24.0000
24.0000
24.0000
24.0000
24.0000
24.0000
24.0000
24.0000
24.0000
24.0000
24.0000
24.0000
24.0000
24.0000
24.0000
24.0000
24.0000
24.0000
24.0000
24.0000
24.0000
24.0000
24.0000
24.0000
24.0000
24.0000
24.0000
24.0000
24.0000
24.0000
24.0000
24.0000
24.0000
24.0000
24.0000
24.0000
24.0000
24.0000
24.0000
24.0000
24.0000
24.0000
24.0000
24.0000
24.0000
24.0000
24.0000
24.0000
24.0000
24.0000
24.0000
24.0000
24.0000
24.0000
24.0000
24.0000
24.0000
24.0000
24.0000
24.0000
24.0000
24.0000
24.0000
24.0000
24.0000
24.0000
24.0000
24.0000
24.0000
24.0000
24.0000
24.0000
24.0000
24.0000
24.0000
24.0000
24.0000
24.0000
24.0000
24.0000
24.0000
24.0000
24.0000
24.0000
25.0126
25.5845
25.9561
26.2186
26.4180
26.5716
26.6935
26.7000
26.7001
26.7001
26.7001
26.7001
26.7001
26.7001
26.7001
26.7001
26.7001
26.7001
26.7001
26.7001
26.7001
26.7001
26.7001
26.7001
26.7001
26.7001
26.7001
26.7001
26.7001
26.7001
26.7000
26.7000
26.7000
26.7000
26.7000
26.7000
26.7000
26.7000
26.7000
26.7000
26.7000
26.7000
26.7000
26.7000
26.7000
26.7000
26.7000
26.7000
26.7000
26.7000
26.7000
26.7000
26.7000
26.7000
26.7000
26.7000
26.7000
26.7000
26.7000
26.7000
26.7000
26.7000
26.7000
26.7000
26.7000
26.7000
26.7000
26.7000
26.7000
26.7000
26.7000
26.7000
26.7000
26.7000
26.7000
26.7000
26.7000
26.7000
26.7000
26.7000
26.7000
26.7000
26.7000
26.7000
25.6713
25.6032
25.6002
25.6000
25.6000
25.6000
25.6000
25.6000
25.6000
25.6000
25.6000
25.6000
25.0376
25.0019
25.0001
25.0000
25.0000
25.0000
25.0000
25.0000
25.0000
25.0000
25.0000
25.0000
24.4340
24.1693
24.0329
24.0019
23.9998
23.9997
23.9997
23.9997
23.9998
23.9998
23.9999
23.9999
23.9999
23.9999
23.9999
23.9999
23.9999
23.9999
23.9999
23.9999
23.9999
24.0000
24.0000
24.0000
24.0000
24.0000
24.0000
24.0000
24.0000
24.0000
24.0000
24.0000
24.0000
24.0000
24.0000
24.0000
24.0000
24.0000
24.0000
24.0000
24.0000
23.9999
23.9999
23.9998
23.9998
23.9998
23.9998
23.9998
23.9998
23.9998
23.9999
23.9999
23.9999
23.9999
23.9999
23.9999
24.0000
24.0000
24.0000
24.0000
24.0000
24.0000
24.0000
24.0000
24.0000
24.0000
24.0000
24.0000
24.0000
24.0000
24.0000
24.0000
24.0000
24.0000
24.0000
24.0000
24.0000
24.0000
24.0000
24.0000
24.0000
24.0000
24.0000
24.0000
24.0001
24.0001
24.0001
24.0001
24.0000
24.0000
24.0000
24.0000
24.0001
24.0001
24.0001
24.0000
24.0000
24.0000
24.0000
24.0000
24.0000
24.0000
24.0000
24.0000
24.0016
24.0046
24.0084
24.0124
24.0166
24.0209
24.0253
24.0301
24.0347
24.0394
24.0440
24.0485
24.0530
24.0573
24.0617
24.0659
24.0691
24.0733
24.0770
24.0805
24.0829
24.0863
24.0891
24.0895
24.0931
24.0952
24.0975
24.0991
24.1250
24.1118
24.1072
24.1046
24.1023
24.0995
24.0959
24.0915
24.0865
24.0810
24.0750
24.0687
24.0621
24.0554
24.0484
24.0414
24.0342
24.0270
24.0199
24.0127
24.0055
24.0004
24.0000
24.0000
24.0000
24.0000
24.0000
24.0000
24.0000
24.0000
24.0000
24.0000
24.0000
24.0000
24.0000
24.0000
24.0000
24.0000
24.0000
24.0000
24.0000
24.0000
24.0000
24.0000
24.0000
24.0000
24.0000
24.0000
24.0000
24.0000
24.0000
24.0000
24.0000
24.0000
24.0000
24.0000
24.0000
24.0000
24.0000
24.0000
24.0000
24.0000
24.0000
24.0000
24.0000
24.0000
24.0000
24.0000
24.0000
24.0000
24.0000
24.0000
24.0000
24.0000
24.0000
24.0000
24.0000
24.0000
24.0000
24.0000
24.0000
24.0000
24.0000
24.0000
24.0000
24.0000
24.0000
24.0000
24.0000
24.0000
24.0000
24.0000
24.0000
24.0000
24.0000
24.0000
24.0000
24.0000
24.0000
24.0000
24.0000
24.0000
24.0000
24.0000
24.0000
24.0000
24.0000
24.0000
24.0000
24.0000
24.0000
24.0000
24.0000
24.0000
24.0000
24.0000
24.0000
24.0000
24.0000
24.0000
24.0000
24.0000
24.0000
24.0000
24.0000
24.0000
24.0000
24.0000
24.0000
24.0000
24.0000
24.0000
24.0000
24.0000
24.0000
24.0000
24.0000
24.0000
24.0000
24.0000
24.0000
24.0000
24.0000
24.0000
24.0000
24.0000
24.0000
24.0000
24.0000
24.0000
24.0000
24.0000
24.0000
24.0000
24.0000
24.0000
23.9999
23.9999
23.9999
23.9999
23.9999
23.9999
24.0000
24.0000
24.0000
24.0000
24.0000
24.0000
24.0000
24.0000
24.0000
24.0000
24.0000
24.0000
24.0000
24.0000
24.0000
24.0000
24.0000
24.0000
24.0000
24.0000
24.0000
24.0000
24.0000
24.0000
24.0000
24.0000
24.0000
24.0000
24.0000
24.0000
24.0000
24.0000
24.0000
24.0000
24.0000
24.0000
24.0000
24.0000
24.0000
24.0000
24.0000
24.0000
24.0000
24.0000
24.0000
24.0000
24.0000
24.0000
24.0000
24.0000
24.0000
24.0000
24.0000
24.0000
24.0000
24.0000
24.0000
24.0000
24.0000
24.0000
24.0000
24.0000
24.0000
24.0000
24.0000
24.0000
24.0000
24.0000
24.0000
24.0000
24.0000
24.0000
24.0000
24.0000
24.0000
24.0000
24.0000
24.0000
24.0000
24.0000
24.0000
24.0000
24.0000
24.0000
24.0000
24.0000
24.0000
24.0000
24.0000
24.0000
24.0000
24.0000
24.0000
24.0000
24.0000
24.0000
24.0000
24.0000
24.0000
24.0000
24.0000
24.0000
24.0000
24.0000
24.0000
24.0000
24.0000
24.0000
24.0000
24.0000
24.0000
24.0000
24.0000
24.0000
24.0000
24.0000
24.0000
24.0000
24.0000
24.0000
24.0000
24.0000
24.0000
24.0000
24.0000
24.0000
24.0000
24.0000
24.0000
24.0000
24.0000
24.0000
24.0000
24.0000
24.0000
24.0000
24.0000
24.0000
24.0000
24.0000
24.0000
24.0000
24.0000
24.0000
24.0000
24.0000
24.0000
24.0000
24.0000
24.0000
24.0000
24.0000
24.0000
24.0000
24.0000
24.0000
24.0000
24.0000
24.0000
24.0000
24.0000
24.0000
24.0000
24.0000
24.0000
24.0000
24.0000
24.0000
24.0000
24.0000
24.0000
24.0000
24.0000
24.0000
24.0000
24.0000
24.0000
24.0000
24.0000
24.0000
24.0000
24.0000
24.0000
24.0000
24.0000
24.0000
24.0000
24.0000
24.0000
24.0000
24.0000
24.0000
24.0000
24.0000
24.0000
24.0000
24.0000
24.0000
24.0000
24.0000
24.0000
24.0000
24.0000
24.0000
24.0000
24.0000
24.0000
24.0000
24.0000
24.0000
24.0000
24.0000
24.0000
24.0000
24.0000
24.0000
24.0000
24.0000
24.0000
24.0000
24.0000
24.0000
24.0000
24.0000
24.0000
24.0000
24.0000
24.0000
24.0000
24.0000
24.0000
24.0000
24.0000
24.0000
24.0000
24.0000
24.0000
24.0000
24.0000
24.0000
24.0000
24.0000
24.0000
24.0000
24.0000
24.0000
24.0000
24.0000
24.0000
24.0000
24.0000
24.0000
24.0000
24.0000
24.0000
24.0000
24.0000
24.0000
24.0000
24.0000
24.0000
24.0000
24.0000
24.0000
24.0000
24.0000
24.0000
24.0000
24.0000
24.0000
24.0000
24.0000
24.0000
24.0000
24.0000
24.0000
24.0000
24.0000
24.0000
24.0000
24.0000
24.0000
24.0000
24.0000
24.0000
24.0000
24.0000
24.0000
24.0000
24.0000
24.0000
24.0000
24.0000
24.0000
24.0000
24.0000
24.0000
24.0000
24.0000
24.0000
24.0000
24.0000
24.0000
24.0000
24.0000
24.0000
24.0000
24.0000
24.0000
24.0000
24.0000
24.0000
24.0000
24.0000
24.0000
24.0000
24.0000
24.0000
24.0000
24.0000
24.0000
24.0000
24.0000
24.0000
24.0000
24.0000
24.0000
24.0000
24.0000
24.0000
24.0000
24.0000
24.0000
24.0000
24.0000
24.0000
24.0000
24.0000
24.0000
24.0000
24.0000
24.0000
24.0000
24.0000
24.0000
24.0000
24.0000
24.0000
24.0000
24.0000
24.0000
24.0000
24.0000
24.0000
24.0000
24.0000
24.0000
24.0000
24.0000
24.0000
24.0000
24.0000
24.0000
24.0000
24.0000
24.0000
24.0000
24.0000
24.0000
24.0000
24.0000
24.0000
24.0000
24.0000
24.0000
24.0000
24.0000
24.0000
24.0000
24.0000
24.0000
24.0000
24.0000
24.0000
24.0000
24.0000
24.0000
24.0000
24.0000
24.0000
24.0000
24.0000
24.0000
24.0000
24.0000
24.0000
24.0000
24.0000
24.0000
24.0000
24.0000
24.0000
24.0000
24.0000
24.0000
24.0000
24.0000
24.0000
24.0000
24.0000
24.0000
24.0000
24.0000
24.0000
24.0000
24.0000
24.0000
24.0000
24.0000
24.0000
24.0000
24.0000
24.0000
24.0000
24.0000
24.0000
24.0000
24.0000
24.0000
24.0000
24.0000
24.0000
24.0000
24.0000
24.0000
24.0000
24.0000
24.0000
24.0000
24.0000
24.0000
24.0000
24.0000
24.0000
24.0000
24.0000
24.0000
24.0000
24.0000
24.0000
24.0000
24.0000
24.0000
24.0000
24.0000
24.0000
24.0000
24.0000
24.0000
24.0000
24.0000
24.0000
24.0000
24.0000
24.0000
24.0000
24.0000
24.0000
24.0000
24.0000
24.0000
24.0000
24.0000
24.0000
24.0000
24.0000
24.0000
24.0000
24.0000
24.0000
24.0000
24.0000
24.0000
24.0000
24.0000
24.0000
24.0000
24.0000
24.0000
24.0000
24.0000
24.0000
24.0000
24.0000
24.0000
24.0000
24.0000
24.0000
24.0000
24.0000
24.0000
24.0000
24.0000
24.0000
24.0000
24.0000
24.0000
24.0000
24.0000
24.0000
24.0000
24.0000
24.0000
24.0000
24.0000
24.0000
24.0000
24.0000
24.0000
24.0000
24.0000
24.0000
24.0000
24.0000
24.0000
24.0000
24.0000
24.0000
24.0000
24.0000
24.0000
24.0000
24.0000
24.0000
24.0000
24.0000
24.0000
24.0000
24.0000
24.0000
24.0000
24.0000
24.0000
24.0000
24.0000
24.0000
24.7627
25.2155
25.5156
25.5981
25.5999
25.5999
25.5999
25.5999
25.5999
25.5999
25.5999
25.5999
25.0305
25.0010
24.9999
24.9999
24.9999
24.9999
24.9999
24.9999
24.9999
24.9999
24.9999
24.9999
24.2289
24.0145
24.0004
23.9996
23.9996
23.9997
23.9997
23.9997
23.9998
23.9998
23.9998
23.9999
23.9999
23.9999
23.9999
23.9999
23.9999
23.9999
23.9999
23.9999
23.9999
23.9999
23.9999
23.9999
23.9999
24.0000
24.0000
24.0000
24.0000
24.0000
24.0000
24.0000
24.0000
24.0000
24.0000
24.0000
24.0000
24.0000
24.0000
24.0000
24.0000
24.0000
24.0000
24.0000
24.0000
24.0000
24.0000
24.0000
24.0000
24.0000
24.0000
24.0000
24.0000
24.0000
24.0000
24.0000
24.0000
24.0000
24.0000
24.0000
24.0000
24.0000
24.0000
24.0000
24.0000
24.0000
24.0000
24.0000
24.0000
24.0000
24.0000
24.0000
24.0000
24.0000
24.0000
24.0000
24.0000
24.0000
24.0000
24.0000
24.0000
24.0000
24.0000
24.0000
24.0000
24.0000
24.0000
24.0000
24.0000
24.0000
24.0000
24.0000
24.0000
24.0000
24.0000
24.0000
24.0000
24.0000
24.0000
24.0000
24.0000
24.0000
24.0000
24.0000
24.0000
24.0000
24.0000
24.0000
24.0000
24.0000
24.0000
24.0000
24.0000
24.0000
24.0000
24.0000
24.0000
24.0000
24.0000
24.0010
24.0038
24.0050
24.0101
24.0142
24.0180
24.0217
24.0252
24.0276
24.0314
24.0347
24.0354
24.0398
24.0438
24.0421
24.0460
24.0478
24.0488
24.0490
24.0487
24.0478
24.0466
24.0450
24.0432
24.0411
24.0388
24.0363
24.0336
24.0307
24.0277
24.0244
24.0211
24.0176
24.0141
24.0105
24.0069
24.0031
24.0002
24.0000
24.0000
24.0000
24.0000
24.0000
24.0000
24.0000
24.0000
24.0000
24.0000
24.0000
24.0000
24.0000
24.0000
24.0000
24.0000
24.0000
24.0000
24.0000
24.0000
24.0000
24.0000
24.0000
25.0833
25.6906
26.0836
26.3614
26.5711
26.6979
26.7001
26.7001
26.7001
26.7001
26.7001
26.7001
26.7001
26.7001
26.7001
26.7001
26.7001
26.7001
26.7001
26.7001
26.7001
26.7001
26.7001
26.7000
25.5068
24.9306
24.6438
24.4830
24.3800
24.3053
24.2452
24.1935
24.1470
24.1038
24.0633
24.0248
23.9880
23.9527
23.9186
23.8856
23.8537
23.8228
23.7927
23.7636
23.7352
23.7076
23.6806
23.6543
23.6286
23.6036
23.5792
23.5553
23.5319
23.5090
23.4866
23.4645
23.4429
23.4217
23.4009
23.3803
23.3602
23.3403
23.3207
23.3015
23.2825
23.2638
23.2453
23.2271
23.2089
23.1911
23.1734
23.1559
23.1385
23.1213
23.1043
23.0874
23.0706
23.0541
23.0376
23.0212
23.0051
22.9889
22.9729
22.9570
22.9412
22.9255
22.9099
22.8944
22.8791
22.8639
22.8489
22.8341
22.8195
22.8050
22.7907
22.7766
22.7629
22.7497
22.7374
22.7258
22.7150
22.7047
22.6949
22.6856
22.6766
22.6681
22.6599
22.6520
25.5140
26.6301
26.6688
26.6695
26.6696
26.6696
26.6697
26.6697
26.6698
26.6698
26.6698
26.6699
26.6699
26.6699
26.6700
26.6700
26.6798
26.7082
26.7479
26.7943
26.8446
26.8972
26.9508
27.0047
27.0720
27.1205
27.1699
27.2193
27.2683
27.3167
27.3642
27.4108
27.4565
27.5013
27.5453
27.6018
27.6404
27.6931
27.7292
27.7672
27.8062
27.8458
27.8856
27.9760
27.9992
28.0283
28.0608
28.0951
28.1303
28.1658
28.2013
28.2490
28.2923
28.3207
28.8541
28.6899
28.6242
28.5961
28.5900
28.5976
28.6136
28.6349
29.1686
28.9973
28.9268
28.8937
28.8828
29.3985
29.2112
29.1297
29.0892
29.0728
29.0713
29.5934
29.4062
29.3262
29.2961
29.2752
29.2701
29.2852
29.2927
29.3051
29.3203
29.8594
29.6820
29.6038
29.5625
29.5431
29.5374
29.5404
29.5488
29.5608
29.5747
29.5903
30.2039
29.7139
29.7011
29.7008
29.7009
29.7009
30.3340
29.7202
29.7014
29.7010
29.7010
29.7010
29.7010
29.7010
29.7010
30.3622
29.7230
29.7016
29.7011
29.7011
29.7011
29.7011
30.4088
29.7262
29.7017
29.7012
29.7012
29.7012
29.7011
29.7011
29.7011
29.7011
30.4393
29.7286
29.7018
30.4411
29.7290
29.7019
29.7012
29.7012
29.7012
29.7012
30.4594
29.7303
29.7019
29.7011
29.7011
29.7011
29.7011
29.7011
29.7011
29.7011
29.7011
29.7010
29.7010
30.4224
29.7281
29.7016
30.5449
29.7347
29.7018
29.7010
30.4910
29.7318
29.7017
29.7010
29.7010
29.7010
29.7010
29.7009
29.7009
29.7009
29.7009
29.7009
29.7009
30.4077
29.7271
29.7015
29.7009
29.7009
29.7009
29.7009
29.7009
30.4082
29.7271
29.7015
28.1243
27.4219
27.0718
26.8624
26.7184
26.6083
26.5144
26.4289
26.3484
26.2712
26.1967
26.1245
26.0545
25.9866
25.9209
25.8573
25.7956
25.7360
25.6783
25.6225
25.5685
25.5162
25.4655
25.4165
25.3689
25.3227
25.2778
25.2342
25.1918
25.1505
25.1103
25.0712
25.0331
24.9960
24.9597
24.9243
24.8896
24.8557
24.8225
24.7899
24.7580
24.7267
24.6959
24.6655
24.6357
24.6064
24.5775
24.5491
24.5210
24.4934
24.4661
24.4391
24.4124
24.3860
24.3599
24.3341
24.3084
24.2831
24.2580
24.2331
24.2084
24.1840
24.1598
24.1358
24.1119
24.0881
24.0646
24.0412
24.0179
23.9948
23.9719
23.9490
23.9263
23.9038
23.8815
23.8592
23.8371
23.8151
23.7931
23.7712
23.7495
23.7278
23.7062
23.6847
23.6632
23.6420
23.6208
23.5999
23.5792
23.5586
23.5384
23.5183
23.4986
23.4791
23.4600
23.4411
23.4227
23.4051
23.3885
23.3729
23.3582
23.3442
23.3309
23.3180
23.3057
23.2939
23.2825
23.2714
26.1973
26.6621
26.6696
26.6698
26.6698
26.6699
26.6699
26.6700
26.6700
26.6872
26.7227
26.7702
26.8255
26.8858
26.9493
27.0147
27.0809
27.1472
27.2130
27.2781
27.3421
27.4049
27.4664
27.5265
27.5851
27.6554
27.7071
27.7589
27.8103
27.8610
27.9108
27.9597
28.0075
28.0543
28.1000
28.1448
28.1886
28.2315
28.2736
28.3148
28.3552
28.4069
28.4420
28.4778
28.5139
29.0542
28.8958
28.8339
28.8084
28.8051
28.8153
28.8454
28.8657
28.8903
28.9174
29.4550
29.2904
29.2221
29.1903
29.6997
29.5035
29.4169
29.3739
29.3567
29.3554
29.3640
29.3787
29.3971
29.4174
29.4389
29.9825
29.7062
29.6687
29.6521
29.6492
29.6550
29.6665
29.6821
29.7000
29.7006
29.7006
29.7006
29.7006
29.7007
29.7007
29.7007
29.7007
29.7007
29.7007
29.7007
29.7007
29.7007
29.7007
29.7007
29.7007
29.7007
29.7008
29.7008
29.7008
29.7008
29.7008
29.7008
29.7008
29.7008
29.7008
29.7008
29.7008
29.7008
29.7008
29.7008
29.7009
29.7009
29.7009
29.7009
29.7009
29.7009
29.7009
29.7009
29.7009
29.7009
29.7008
29.7008
29.7008
29.7008
29.7008
29.7008
29.7008
29.7008
29.7009
29.7009
29.7009
29.7009
29.7009
29.7009
29.7009
29.7009
29.7009
29.7009
29.7009
29.7009
29.7009
29.7009
29.7009
29.7009
29.7008
29.7008
29.7008
29.7008
29.7008
29.7008
29.7008
29.7008
29.7008
29.7008
29.7008
29.7008
29.7008
29.7008
29.7008
29.7008
29.7008
29.7008
29.7008
29.7008
29.7008
29.7008
29.7008
29.7008
29.7008
29.7008
29.7008
29.7008
29.7008
29.7008
29.7008
29.7008
29.7008
29.7008
29.7008
29.7008
28.1988
27.5269
27.1912
26.9874
26.8476
26.7397
26.6471
26.5625
26.4828
26.4063
26.3325
26.2609
26.1913
26.1237
26.0582
25.9947
25.9331
25.8734
25.8157
25.7598
25.7056
25.6532
25.6024
25.5532
26.6777
26.6991
26.7000
26.6999
26.6999
26.6999
26.6999
26.6999
26.6999
26.6999
26.6999
26.6999
26.6999
26.6999
26.6999
26.6999
26.6999
26.6999
26.6999
26.6999
26.6999
26.6999
26.6999
26.6999
26.6999
26.6999
26.6999
26.6999
26.7000
26.7000
26.7000
26.7000
26.7000
26.7000
26.7000
26.7000
26.7000
26.7000
26.7000
26.7000
26.7000
26.7000
26.7000
26.7000
26.7000
26.7000
26.7000
26.7000
26.7000
26.7000
26.7000
26.7000
26.7000
26.7000
26.7000
26.7000
26.7000
26.7000
26.7000
26.7000
25.7677
25.6103
25.6006
25.6001
25.6001
25.6001
25.6001
25.6000
25.6000
25.6000
25.6000
25.6000
25.1015
25.0068
25.0005
25.0001
25.0001
25.0001
25.0001
25.0000
25.0000
25.0000
25.0000
25.0000
24.7127
24.5694
24.5004
24.4514
24.4175
24.3908
24.3686
24.3504
24.3332
24.3190
24.3041
24.2908
24.2794
24.2693
24.2587
24.2496
24.2416
24.2344
24.2279
24.2222
24.2167
24.2118
24.2074
24.2033
24.1996
24.1962
24.1931
24.1903
24.1877
24.1853
24.1831
24.1809
24.1790
24.1771
24.1754
24.1886
24.1946
24.1815
24.1732
24.1701
24.1685
24.1671
24.1659
24.1799
24.1709
24.1670
24.1652
24.1642
24.1636
24.1635
24.1636
24.1641
24.1648
24.1656
24.1666
24.1677
24.1689
24.1702
24.1716
24.1730
24.1745
24.1760
24.1776
24.1951
24.1882
24.1865
24.1865
24.1873
24.2033
24.1954
24.1944
24.1947
24.1958
24.1974
24.1992
24.2014
24.2036
24.2061
24.2091
24.2273
24.2228
24.2233
24.2249
24.2286
24.2323
24.2362
24.2398
24.2432
24.2465
24.2498
24.2529
24.2560
24.2591
24.2621
24.2651
24.2680
24.2710
24.2741
24.2772
24.2804
24.2837
24.2870
24.2904
24.2940
24.2976
24.3014
24.3199
24.3157
24.3165
24.3339
24.3294
24.3302
24.3331
24.3367
24.3407
24.3449
24.3491
24.3534
24.3578
24.3620
24.3662
24.3703
24.3741
24.3775
24.3804
24.3829
24.3851
24.3869
24.3883
24.3895
24.3903
24.3906
24.3903
24.3894
24.3876
24.3850
24.3814
24.3768
24.3714
24.3653
24.3586
24.3514
24.3438
24.3358
24.3275
24.3191
24.3102
24.3012
24.2920
24.2828
24.2734
24.2640
24.2546
24.2451
24.2356
24.2260
24.2165
24.2069
24.1973
24.1878
24.1783
24.1688
24.1594
24.1499
24.1405
24.1311
24.1218
24.1124
24.1031
24.0938
24.0844
24.0750
24.0655
24.0560
24.0466
24.0372
24.0278
24.0184
24.0091
23.9997
23.9908
23.9810
23.9710
23.9605
23.9498
23.9389
23.9279
23.9168
23.9057
25.0154
25.6360
26.0374
26.3179
26.5221
26.6754
26.6994
26.6999
26.6999
26.6999
26.6999
26.6999
26.6999
26.6999
26.6999
26.6999
26.6999
26.6999
26.6999
26.6999
26.6999
26.6999
26.6999
26.6999
26.6999
26.6999
26.6999
26.6999
26.6999
26.6999
26.6999
26.6999
26.6999
26.6999
26.6999
26.6999
26.7000
26.7000
26.7000
26.7000
26.7000
26.7000
26.7000
26.7000
26.7000
26.7000
26.7000
26.7000
26.7000
26.7000
26.7000
26.7000
26.7000
26.7000
26.7000
26.7000
26.7000
26.7000
26.7000
26.7000
26.7000
26.7000
26.7000
26.7000
26.7000
26.7000
26.7000
26.7000
26.7000
26.7000
26.7000
26.7000
26.7000
26.7000
26.7000
25.6741
25.6035
25.6002
25.6000
25.6000
25.6000
25.6000
25.6000
25.6000
25.6000
25.6000
25.6000
25.0394
25.0022
25.0001
25.0000
25.0000
25.0000
25.0000
25.0000
25.0000
25.0000
25.0000
25.0000
24.5109
24.2789
24.1610
24.0905
24.0453
24.0086
24.0004
23.9998
23.9998
23.9998
23.9999
23.9999
23.9999
23.9999
23.9999
23.9999
24.0000
24.0000
24.0000
24.0000
24.0000
24.0000
24.0000
24.0000
24.0000
24.0000
24.0000
24.0000
24.0000
24.0000
24.0000
24.0000
24.0000
24.0000
24.0000
24.0000
24.0000
24.0000
24.0000
24.0000
24.0000
24.0000
24.0000
24.0000
24.0000
24.0000
24.0000
24.0000
24.0000
24.0000
24.0000
24.0000
24.0000
24.0000
24.0000
24.0000
24.0001
24.0001
24.0000
24.0000
24.0000
24.0001
24.0000
24.0000
24.0000
24.0000
24.0000
24.0000
24.0000
24.0000
24.0000
24.0000
24.0000
24.0000
24.0000
24.0002
24.0000
24.0000
24.0000
24.0106
24.0035
24.0028
24.0052
24.0239
24.0203
24.0223
24.0258
24.0303
24.0352
24.0405
24.0460
24.0667
24.0645
24.0673
24.0869
24.0843
24.0870
24.0918
24.0974
24.1033
24.1093
24.1155
24.1217
24.1279
24.1490
24.1472
24.1501
24.1548
24.1603
24.1659
24.1719
24.1779
24.1839
24.1898
24.1956
24.2013
24.2069
24.2123
24.2177
24.2223
24.2278
24.2308
24.2367
24.2412
24.2447
24.2486
24.2516
24.2507
24.2558
24.2586
24.2612
24.2628
24.2915
24.2761
24.2702
24.2667
24.2637
24.2605
24.2567
24.2523
24.2474
24.2420
24.2363
24.2303
24.2242
24.2179
24.2114
24.2048
24.1982
24.1915
24.1848
24.1781
24.1715
24.1648
24.1582
24.1515
24.1449
24.1384
24.1318
24.1253
24.1188
24.1124
24.1060
24.0996
24.0932
24.0867
24.0803
24.0739
24.0674
24.0610
24.0544
24.0477
24.0410
24.0343
24.0276
24.0209
24.0142
24.0075
24.0008
24.0001
24.0000
24.0000
24.0000
24.0000
24.0000
24.0000
24.0000
24.0000
24.0000
24.0000
24.0000
24.0000
24.0000
24.0000
24.0000
24.0000
24.0000
24.0000
24.0000
24.0000
24.0000
24.0000
24.0000
24.0000
24.0000
24.0000
24.0000
24.0000
24.0000
24.0000
24.0000
24.0000
24.0000
24.0000
24.0000
24.0000
24.0000
24.0000
24.0000
24.0000
24.0000
24.0000
24.0000
24.0000
24.0000
24.0000
24.0000
24.0000
24.0000
24.0000
24.0000
24.0000
24.0000
24.0000
24.0000
24.0000
24.0000
24.0000
24.0000
24.0000
24.0000
24.0000
24.0000
24.0000
24.0000
24.0000
24.0000
24.0000
24.0000
24.0000
24.0000
24.0000
24.0000
24.0000
24.0000
24.0000
24.0000
24.0000
24.0000
24.0000
24.0000
24.0000
24.0000
24.0000
24.0000
24.0000
24.0000
24.0000
24.0000
24.0000
24.0000
24.0000
24.0000
24.0000
24.0000
24.0000
24.0000
24.0000
24.0000
24.0000
24.0000
24.0000
24.0000
24.0000
24.0000
24.0000
24.0000
24.0000
23.9999
23.9999
23.9999
23.9999
23.9999
24.0000
24.0000
24.0000
24.0000
24.0000
24.0000
24.0000
24.0000
24.0000
24.0000
24.0000
24.0000
24.0000
24.0000
24.0000
24.0000
24.0000
24.0000
24.0000
24.0000
24.0000
24.0000
24.0000
24.0000
24.0000
24.0000
24.0000
24.0000
24.0000
24.0000
24.0000
24.0000
24.0000
24.0000
24.0000
24.0000
24.0000
24.0000
24.0000
24.0000
24.0000
24.0000
24.0000
24.0000
24.0000
24.0000
24.0000
24.0000
24.0000
24.0000
24.0000
24.0000
24.0000
24.0000
24.0000
24.0000
24.0000
24.0000
24.0000
24.0000
24.0000
24.0000
24.0000
24.0000
24.0000
24.0000
24.0000
24.0000
24.0000
24.0000
24.0000
24.0000
24.0000
24.0000
24.0000
24.0000
24.0000
24.0000
24.0000
24.0000
24.0000
24.0000
24.0000
24.0000
24.0000
24.0000
24.0000
24.0000
24.0000
24.0000
24.0000
24.0000
24.0000
24.0000
24.0000
24.0000
24.0000
24.0000
24.0000
24.0000
24.0000
24.0000
24.0000
24.0000
24.0000
24.0000
24.0000
24.0000
24.0000
24.0000
24.0000
24.0000
24.0000
24.0000
24.0000
24.0000
24.0000
24.0000
24.0000
24.0000
24.0000
24.0000
24.0000
24.0000
24.0000
24.0000
24.0000
24.0000
24.0000
24.0000
24.0000
24.0000
24.0000
24.0000
24.0000
24.0000
24.0000
24.0000
24.0000
24.0000
24.0000
24.0000
24.0000
24.0000
24.0000
24.0000
24.0000
24.0000
24.0000
24.0000
24.0000
24.0000
24.0000
24.0000
24.0000
24.0000
24.0000
24.0000
24.0000
24.0000
24.0000
24.0000
24.0000
24.0000
24.0000
24.0000
24.0000
24.0000
24.0000
24.0000
24.0000
24.0000
24.0000
24.0000
24.0000
24.0000
24.0000
24.0000
24.0000
24.0000
24.0000
24.0000
24.0000
24.0000
24.0000
24.0000
24.0000
24.0000
24.0000
24.0000
24.0000
24.0000
24.0000
24.0000
24.0000
24.0000
24.0000
24.0000
24.0000
24.0000
24.0000
24.0000
24.0000
24.0000
24.0000
24.0000
24.0000
24.0000
24.0000
24.0000
24.0000
24.0000
24.0000
24.0000
24.0000
24.0000
24.0000
24.0000
24.0000
24.0000
24.0000
24.0000
24.0000
24.0000
24.0000
24.0000
24.0000
24.0000
24.0000
24.0000
24.0000
24.0000
24.0000
24.0000
24.0000
24.0000
24.0000
24.0000
24.0000
24.0000
24.0000
24.0000
24.0000
24.0000
24.0000
24.0000
24.0000
24.0000
24.0000
24.0000
24.0000
24.0000
24.0000
24.0000
24.0000
24.0000
24.0000
24.0000
24.0000
24.0000
24.0000
24.0000
24.0000
24.0000
24.0000
24.0000
24.0000
24.0000
24.0000
24.0000
24.0000
24.0000
24.0000
24.0000
24.0000
24.0000
24.0000
24.0000
24.0000
24.0000
24.0000
24.0000
24.0000
24.0000
24.0000
24.0000
24.0000
24.0000
24.0000
24.0000
24.0000
24.0000
24.0000
24.0000
24.0000
24.0000
24.0000
24.0000
24.0000
24.0000
24.0000
24.0000
24.0000
24.0000
24.0000
24.0000
24.0000
24.0000
24.0000
24.0000
24.0000
24.0000
24.0000
24.0000
24.0000
24.0000
24.0000
24.0000
24.0000
24.0000
24.0000
24.0000
24.0000
24.0000
24.0000
24.0000
24.0000
24.0000
24.0000
24.0000
24.0000
24.0000
24.0000
24.0000
24.0000
24.0000
24.0000
24.0000
24.0000
24.0000
24.0000
24.0000
24.0000
24.0000
24.0000
24.0000
24.0000
24.0000
24.0000
24.0000
24.0000
24.0000
24.0000
24.0000
24.0000
24.0000
24.0000
24.0000
24.0000
24.0000
24.0000
24.0000
24.0000
24.0000
24.0000
24.0000
24.0000
24.0000
24.0000
24.0000
24.0000
24.0000
24.0000
24.0000
24.0000
24.0000
24.0000
24.0000
24.0000
24.0000
24.0000
24.0000
24.0000
24.0000
24.0000
24.0000
24.0000
24.0000
24.0000
24.0000
24.0000
24.0000
24.0000
24.0000
24.0000
24.0000
24.0000
24.0000
24.0000
24.0000
24.0000
24.0000
24.0000
24.0000
24.0000
24.0000
24.0000
24.0000
24.0000
24.0000
24.0000
24.0000
24.0000
24.0000
24.0000
24.0000
24.0000
24.0000
24.0000
24.0000
24.0000
24.0000
24.0000
24.0000
24.0000
24.0000
24.0000
24.0000
24.0000
24.0000
24.0000
24.0000
24.0000
24.0000
24.0000
24.0000
24.0000
24.0000
24.0000
24.0000
24.0000
24.0000
24.0000
24.0000
24.0000
24.0000
24.0000
24.0000
24.0000
24.0000
24.0000
24.0000
24.0000
24.0000
24.0000
24.0000
24.0000
24.0000
24.0000
24.0000
24.0000
24.0000
24.0000
24.0000
24.0000
24.0000
24.0000
24.0000
24.0000
24.0000
24.0000
24.0000
24.0000
24.0000
24.0000
24.0000
24.0000
24.0000
24.0000
24.0000
24.0000
24.0000
24.0000
24.0000
24.0000
24.0000
24.0000
23.7357
23.6182
23.5560
23.5186
23.4929
23.4731
23.4567
23.4423
23.4293
23.4174
23.4062
23.3958
23.3859
23.3764
23.3672
23.3583
23.3496
23.3409
23.3324
23.3241
23.3160
23.3080
23.3002
23.2926
23.2852
23.2778
23.2705
23.2634
23.2564
23.2495
23.2425
23.2355
23.2286
23.2217
23.2150
23.2082
23.2016
23.1950
23.1885
23.1821
23.1757
23.1694
23.1631
23.1566
23.1501
23.1437
23.1373
23.1309
23.1247
23.1185
23.1124
23.1063
23.1003
23.0943
23.0883
23.0823
23.0761
23.0699
23.0637
23.0576
23.0226
23.0299
23.0265
23.0211
23.0149
23.0085
23.0021
22.9961
22.9904
22.9850
22.9799
22.9754
22.9717
22.9691
22.9678
22.9675
22.9680
22.9689
22.9701
22.9715
22.9730
22.9746
22.9763
22.9779
22.9834
22.9807
22.9828
22.9848
22.9890
22.9897
22.9890
22.9963
22.9977
22.9998
23.0014
23.0041
23.0088
23.0128
23.0175
23.0230
23.0292
23.0357
23.0424
23.0499
23.0571
23.0646
23.0722
23.0800
23.0878
23.0958
23.1037
23.1117
23.1198
23.1277
23.1356
23.1434
23.1513
23.1593
23.1670
23.1749
23.1983
23.1975
23.2175
23.2147
23.2183
23.2239
23.2459
23.2444
23.2477
23.2530
23.2593
23.2659
23.2884
23.2869
23.2906
23.3119
23.3101
23.3138
23.3194
23.3261
23.3330
23.3401
23.3472
23.3543
23.3616
23.3688
23.3763
23.3836
23.3913
23.3988
23.4062
23.4135
23.4210
23.4283
23.4358
23.4433
23.4508
23.4740
23.4728
23.4774
23.4832
23.4899
23.5288
23.5189
23.5204
23.5255
23.5326
23.5407
23.5497
23.5592
23.5690
23.5789
23.5890
23.5994
23.6100
23.6206
23.6315
23.6423
23.6533
23.6644
23.6755
23.6865
23.6975
23.7085
23.7194
23.7304
23.7412
23.7519
23.7626
23.7733
23.7838
23.7942
23.8046
23.8149
23.8253
23.8356
23.8458
23.8559
23.8658
23.8754
23.8850
23.8943
23.9035
23.9124
23.9196
23.9276
23.9519
23.9512
23.9555
23.9596
23.9650
23.9649
23.9714
23.9752
23.9777
23.9791
23.9796
23.9802
23.9788
23.9772
23.9751
23.9726
23.9698
23.9667
23.9633
23.9597
23.9560
23.9521
23.9480
23.9439
23.9396
23.9353
23.9309
23.9265
23.9220
23.9175
23.9130
23.9086
23.9040
23.8995
23.8950
23.8904
23.8859
23.8814
23.8768
23.8723
23.8679
23.8634
23.8590
23.8545
23.8501
23.8457
23.8413
23.8369
23.8323
23.8277
23.8231
23.8185
23.8139
23.8093
23.8047
23.8002
23.7956
23.7910
23.7830
23.7804
23.7759
23.7709
23.7657
23.7604
23.7554
23.7505
23.7459
23.7414
23.7372
23.7331
23.7292
23.7254
23.7218
23.7181
23.7145
23.7110
23.7075
23.7039
23.7004
23.6969
23.6934
