0.0000
0.0000
0.0000
0.0000
0.0000
0.0000
0.0000
0.0000
0.0000
0.0000
0.0000
0.0000
0.0000
0.0000
0.0000
0.0000
0.0000
0.0000
0.0000
0.0000
0.0000
0.0000
0.0000
0.0000
0.0000
0.0000
0.0000
0.0000
0.0000
0.0000
0.0000
0.0000
0.0000
0.0000
0.0000
0.0000
0.0000
0.0000
0.0000
0.0000
0.0000
0.0000
0.0000
0.0000
0.0000
0.0000
0.0000
0.0000
0.0000
0.0000
0.0000
0.0000
0.0000
0.0000
0.0000
0.0000
0.0000
0.0000
0.0000
0.0000
0.0000
0.0000
0.0000
0.0000
0.0000
0.0000
0.0000
0.0000
0.0000
0.0000
0.0000
0.0000
0.0000
0.0000
0.0000
0.0000
0.0000
0.0000
0.0000
0.0000
0.0000
0.0000
0.0000
0.0000
0.0000
0.0000
0.0000
0.0000
0.0000
0.0000
0.0000
0.0000
0.0000
0.0000
0.0000
0.0000
0.0000
0.0000
0.0000
0.0000
0.0000
0.0000
0.0000
0.0000
0.0000
0.0000
0.0000
0.0000
0.0000
0.0000
0.0000
0.0000
0.0000
0.0000
0.0000
0.0000
0.0000
0.0000
0.0000
0.0000
0.0000
0.0000
0.0000
0.0000
0.0000
0.0000
0.0000
0.0000
0.0000
0.0000
0.0000
0.0000
0.0000
0.0000
0.0000
0.0000
0.0000
0.0000
0.0000
0.0000
0.0000
0.0000
0.0000
0.0000
0.0000
0.0000
0.0000
0.0000
0.0000
0.0000
0.0000
0.0000
0.0000
0.0000
0.0000
0.0000
0.0000
0.0000
0.0000
0.0000
0.0000
0.0000
0.0000
0.0000
0.0000
0.0000
0.0000
0.0000
0.0000
0.0000
0.0000
0.0000
0.0000
0.0000
0.0000
0.0000
0.0000
0.0000
0.0000
0.0000
0.0000
0.0000
0.0000
0.0000
0.0000
0.0000
0.0000
0.0000
0.0000
0.0000
0.0000
0.0000
0.0000
0.0000
0.0000
0.0000
0.0000
0.0000
0.0000
0.0000
0.0000
0.0000
0.0000
0.0000
0.0000
0.0000
0.0000
0.0000
0.0000
0.0000
0.0000
0.0000
0.0000
0.0000
0.0000
0.0000
0.0000
0.0000
0.0000
0.0000
0.0000
0.0000
0.0000
0.0000
0.0000
0.0000
0.0000
0.0000
0.0000
0.0000
0.0000
0.0000
0.0000
0.0000
0.0000
0.0000
0.0000
0.0000
0.0000
0.0000
0.0000
0.0000
0.0000
0.0000
0.0000
0.0000
0.0000
0.0000
0.0000
0.0000
0.0000
0.0000
0.0000
0.0000
0.0000
0.0000
0.0000
0.0000
0.0000
0.0000
0.0000
0.0000
0.0000
0.0000
0.0000
0.0000
0.0000
0.0000
0.0000
0.0000
0.0000
0.0000
0.0000
0.0000
0.0000
0.0000
0.0000
0.0000
0.0000
0.0000
0.0000
0.0000
0.0000
0.0000
0.0000
0.0000
0.0000
0.0000
0.0000
0.0000
0.0000
0.0000
0.0000
0.0000
0.0000
0.0000
0.0000
0.0000
0.0000
0.0000
0.0000
0.0000
0.0000
0.0000
0.0000
0.0000
0.0000
0.0000
0.0000
0.0000
0.0000
0.0000
0.0000
0.0000
0.0000
0.0000
0.0000
0.0000
0.0000
0.0000
0.0000
0.0000
0.0000
0.0000
0.0000
0.0000
0.0000
0.0000
0.0000
0.0000
0.0000
0.0000
0.0000
0.0000
0.0000
0.0000
0.0000
0.0000
0.0000
0.0000
0.0000
0.0000
0.0000
0.0000
0.0000
0.0000
0.0000
0.0000
0.0000
0.0000
0.0000
0.0000
0.0000
0.0000
0.0000
0.0000
0.0000
0.0000
0.0000
0.0000
0.0000
0.0000
0.0000
0.0000
0.0000
0.0000
0.0000
0.0000
0.0000
0.0000
0.0000
0.0000
0.0000
0.0000
0.0000
0.0000
0.0000
0.0000
0.0000
0.0000
0.0000
0.0000
0.0000
0.0000
0.0000
0.0000
0.0000
0.0000
0.0000
0.0000
0.0000
0.0000
0.0000
0.0000
0.0000
0.0000
0.0000
0.0000
0.0000
0.0000
0.0000
0.0000
0.0000
0.0000
0.0000
0.0000
0.0000
0.0000
0.0000
0.0000
0.0000
0.0000
0.0000
0.0000
0.0000
0.0000
0.0000
0.0000
0.0000
0.0000
0.0000
0.0000
0.0000
0.0000
0.0000
0.0000
0.0000
0.0000
0.0000
0.0000
0.0000
0.0000
0.0000
0.0000
0.0000
0.0000
0.0000
0.0000
0.0000
0.0000
0.0000
0.0000
0.0000
0.0000
0.0000
0.0000
0.0000
0.0000
0.0000
0.0000
0.0000
0.0000
0.0000
0.0000
0.0000
0.0000
0.0000
0.0000
0.0000
0.0000
0.0000
0.0000
0.0000
0.0000
0.0000
0.0000
0.0000
0.0000
0.0000
0.0000
0.0000
0.0000
0.0000
0.0000
0.0000
0.0000
0.0000
0.0000
0.0000
0.0000
0.0000
0.0000
0.0000
0.0000
0.0000
0.0000
0.0000
0.0000
0.0000
0.0000
0.0000
0.0000
0.0000
0.0000
0.0000
0.0000
0.0000
0.0000
0.0000
0.0000
0.0000
0.0000
0.0000
0.0000
0.0000
0.0000
0.0000
0.0000
0.0000
0.0000
0.0000
0.0000
0.0000
0.0000
0.0000
0.0000
0.0000
0.0000
0.0000
0.0000
0.0000
0.0000
0.0000
0.0000
0.0000
0.0000
0.0000
0.0000
0.0000
0.0000
0.0000
0.0000
0.0000
0.0000
0.0000
0.0000
0.0000
0.0000
0.0000
0.0000
0.0000
0.0000
0.0000
0.0000
0.0000
0.0000
0.0000
0.0000
0.0000
0.0000
0.0000
0.0000
0.0000
0.0000
0.0000
0.0000
0.0000
0.0000
0.0000
0.0000
0.0000
0.0000
0.0000
0.0000
0.0000
0.0000
0.0000
0.0000
0.0000
0.0000
0.0000
0.0000
0.0000
0.0000
0.0000
0.0000
0.0000
0.0000
0.0000
0.0000
0.0000
0.0000
0.0000
0.0000
0.0000
0.0000
0.0000
0.0000
0.0000
0.0000
0.0000
0.0000
0.0000
0.0000
0.0000
0.0000
0.0000
0.0000
0.0000
0.0000
0.0000
0.0000
0.0000
0.0000
0.0000
0.0000
0.0000
0.0000
0.0000
0.0000
0.0000
0.0000
0.0000
0.0000
0.0000
0.0000
0.0000
0.0000
0.0000
0.0000
0.0000
0.0000
0.0000
0.0000
0.0000
0.0000
0.0000
0.0000
0.0000
0.0000
0.0000
0.0000
0.0000
0.0000
0.0000
0.0000
0.0000
0.0000
0.0000
0.0000
0.0000
0.0000
0.0000
0.0000
0.0000
0.0000
0.0000
0.0000
0.0000
0.0000
0.0000
0.0000
0.0000
0.0000
0.0000
0.0000
0.0000
0.0000
0.0000
0.0000
0.0000
0.0000
0.0000
0.0000
0.0000
0.0000
0.0000
0.0000
0.0000
0.0000
0.0000
0.0000
0.0000
0.0000
0.0000
0.0000
0.0000
0.0000
0.0000
0.0000
0.0000
0.0000
0.0000
0.0000
0.0000
0.0000
0.0000
0.0000
0.0000
0.0000
0.0000
0.0000
0.0000
0.0000
0.0000
0.0000
0.0000
0.0000
0.0000
0.0000
0.0000
0.0000
0.0000
0.0000
0.0000
0.0000
0.0000
0.0000
0.0000
0.0000
0.0000
0.0000
0.0000
0.0000
0.0000
0.0000
0.0000
0.0000
0.0000
0.0000
0.0000
0.0000
0.0000
0.0000
0.0000
0.0000
0.0000
0.0000
0.0000
0.0000
0.0000
0.0000
0.0000
4069.7902
4069.7902
4069.7902
4069.7902
4069.7902
4069.7902
4069.7902
4069.7902
4069.7902
4069.7902
4069.7902
3675.7101
3392.2336
1661.9115
1420.1595
1247.7950
1101.5685
973.0429
903.3794
872.6886
844.2884
817.9836
793.2800
769.9331
747.4170
725.8972
705.3591
685.6545
666.7248
648.5057
633.4525
620.3147
608.3670
597.4149
587.3433
578.0762
570.0226
562.7862
556.2559
550.4072
545.1649
540.5284
540.5765
543.1441
545.8233
550.4963
556.7981
564.3803
575.5363
588.6280
602.7219
618.4857
635.9964
653.4426
670.3375
688.5824
705.7541
724.9969
1815.1517
1974.0088
2095.6268
2212.2705
2324.7102
2439.6935
2557.8576
2681.0494
2767.6838
2838.1410
2903.1978
2965.4746
3025.2250
3082.7055
3136.1039
3200.7429
3253.9042
3299.8987
3343.3095
3384.8667
3424.9530
3463.8167
3501.6471
3538.5917
3574.7772
3610.3056
3630.1158
3646.5583
3661.3645
3675.0022
3687.6750
3699.5833
3710.8472
3721.5463
3731.7907
3741.5964
3751.0120
3760.0513
3768.8153
3777.6535
3785.7501
3793.9350
3801.8771
3809.6570
3817.2994
3824.8108
3832.2032
3839.4854
3846.6677
3853.7576
4069.7902
4069.7902
4069.7902
4069.7902
4069.7902
4069.7902
4069.7902
4069.7902
4069.7902
4069.7902
4069.7902
4069.7902
4069.7902
4069.7902
4069.7902
4069.7902
4069.7902
4069.7902
4069.7902
4069.7902
4069.7902
4069.7902
4069.7902
4069.7902
4069.7902
4069.7902
4069.7902
4069.7902
4069.7902
4069.7902
4069.7902
4069.7902
4069.7902
4069.7902
4069.7902
4069.7902
4069.7902
4069.7902
4069.7902
4069.7902
4069.7902
4069.7902
4069.7902
4069.7902
4069.7902
4069.7902
4069.7902
4069.7902
4069.7902
4069.7902
4069.7902
4069.7902
4069.7902
4069.7902
4069.7902
4069.7902
4069.7902
4069.7902
4069.7902
4069.7902
4069.7902
4069.7902
4069.7902
4069.7902
4069.7902
4069.7902
4069.7902
4069.7902
4069.7902
4069.7902
4069.7902
4069.7902
4069.7902
4069.7902
4069.7902
4069.7902
4069.7902
4069.7902
4069.7902
4069.7902
4069.7902
4069.7902
4069.7902
4069.7902
0.0000
0.0000
0.0000
0.0000
0.0000
0.0000
0.0000
0.0000
0.0000
0.0000
0.0000
0.0000
0.0000
0.0000
0.0000
0.0000
0.0000
0.0000
0.0000
0.0000
0.0000
0.0000
0.0000
0.0000
0.0000
0.0000
0.0000
0.0000
0.0000
0.0000
0.0000
0.0000
0.0000
0.0000
0.0000
0.0000
0.0000
0.0000
0.0000
0.0000
0.0000
0.0000
0.0000
0.0000
0.0000
0.0000
0.0000
0.0000
0.0000
0.0000
0.0000
0.0000
0.0000
0.0000
0.0000
0.0000
0.0000
0.0000
0.0000
0.0000
0.0000
0.0000
0.0000
0.0000
0.0000
0.0000
0.0000
0.0000
0.0000
0.0000
0.0000
0.0000
0.0000
0.0000
0.0000
0.0000
0.0000
0.0000
0.0000
0.0000
0.0000
0.0000
0.0000
0.0000
0.0000
0.0000
0.0000
0.0000
0.0000
0.0000
0.0000
0.0000
0.0000
0.0000
0.0000
0.0000
4069.7902
4069.7902
4069.7902
4069.7902
4069.7902
4069.7902
4069.7902
4069.7902
3717.5829
3357.2550
3129.9127
2953.1881
2811.7306
2689.3362
2580.5643
2483.1227
2393.4423
2313.0499
2239.5045
2169.8160
2105.4973
2045.2208
1988.4926
1935.1655
1884.6092
1836.7279
1791.3983
1748.5132
1708.0055
1668.9412
1643.4461
1626.8695
1613.7584
1604.0285
1597.5484
1594.1423
1594.3649
1597.5968
1603.6942
1612.4145
1640.0078
1663.0490
1688.0300
1716.8122
1748.8252
1784.0276
1822.3196
1863.6949
1914.3231
1968.5433
2054.0803
2127.8605
2199.2160
2271.3640
2330.7790
2386.1261
2437.2115
2490.4018
2543.3476
2597.5615
4015.7154
4066.6534
4069.7902
4069.7902
4069.7902
4069.7902
4069.7902
4069.7902
4069.7902
4069.7902
4069.7902
4069.7902
4069.7902
4069.7902
4069.7902
4069.7902
4069.7902
4069.7902
4069.7902
4069.7902
4069.7902
4069.7902
4069.7902
4069.7902
4069.7902
4069.7902
4069.7902
4069.7902
4069.7902
4069.7902
4069.7902
4069.7902
4069.7902
4069.7902
4069.7902
4069.7902
4069.7902
4069.7902
4069.7902
4069.7902
4069.7902
4069.7902
4069.7902
4069.7902
4069.7902
4069.7902
4069.7902
4069.7902
4069.7902
4069.7902
4069.7902
4069.7902
4069.7902
4069.7902
4069.7902
4069.7902
4069.7902
4069.7902
4069.7902
4069.7902
4069.7902
4069.7902
4069.7902
4069.7902
4069.7902
4069.7902
4069.7902
4069.7902
4069.7902
4069.7902
4069.7902
4069.7902
4069.7902
4069.7902
4069.7902
4069.7902
4069.7902
4069.7902
4069.7902
4069.7902
4069.7902
4069.7902
4069.7902
4069.7902
4069.7902
4069.7902
4069.7902
4069.7902
4069.7902
4069.7902
4069.7902
4069.7902
4069.7902
4069.7902
4069.7902
4069.7902
4069.7902
4069.7902
4069.7902
4069.7902
4069.7902
4069.7902
4069.7902
4069.7902
4069.7902
4069.7902
4069.7902
4069.7902
4069.7902
4069.7902
4069.7902
4069.7902
4069.7902
4069.7902
4069.7902
4069.7902
4069.7902
4069.7902
4069.7902
4069.7902
4069.7902
4069.7902
4069.7902
4069.7902
4069.7902
4069.7902
4069.7902
4069.7902
4069.7902
4069.7902
4069.7902
4069.7902
0.0000
0.0000
0.0000
0.0000
0.0000
0.0000
0.0000
0.0000
0.0000
0.0000
0.0000
0.0000
0.0000
0.0000
0.0000
0.0000
0.0000
0.0000
0.0000
0.0000
0.0000
0.0000
0.0000
0.0000
0.0000
0.0000
0.0000
0.0000
0.0000
0.0000
0.0000
0.0000
0.0000
0.0000
0.0000
0.0000
0.0000
0.0000
0.0000
0.0000
0.0000
0.0000
0.0000
0.0000
0.0000
0.0000
0.0000
0.0000
0.0000
0.0000
0.0000
0.0000
0.0000
0.0000
0.0000
0.0000
0.0000
0.0000
0.0000
0.0000
0.0000
0.0000
0.0000
0.0000
0.0000
0.0000
0.0000
0.0000
0.0000
0.0000
0.0000
0.0000
0.0000
0.0000
0.0000
0.0000
0.0000
0.0000
0.0000
0.0000
0.0000
0.0000
0.0000
0.0000
0.0000
0.0000
0.0000
0.0000
0.0000
0.0000
0.0000
0.0000
0.0000
0.0000
0.0000
0.0000
4069.7902
4069.7902
4069.7902
4069.7902
4069.7902
4069.7902
4069.7902
4069.7902
4069.7902
4069.7902
4069.7902
4069.7902
4069.7902
4069.7902
4069.7902
4069.7902
4069.7902
4069.7902
4068.6193
4035.8242
4012.0244
3992.5325
3975.8210
3961.3156
3947.3485
3935.6081
3925.5383
3917.1008
3909.8788
3903.7438
3894.2811
3883.5748
3872.7868
3862.1003
3851.5864
3841.2768
3831.2275
3821.0606
3811.2386
3801.7855
3792.6397
3783.8021
3779.0249
3776.5428
3775.2182
3774.8320
3775.2808
3776.7919
3781.1523
3786.4827
3793.0533
3800.3265
3808.2860
3816.9701
3829.4785
3844.4518
3861.0019
3878.9797
3898.3301
3919.0046
4000.9246
4026.9271
4054.5023
4069.7902
4069.7902
4069.7902
4069.7902
4069.7902
4069.7902
4069.7902
4069.7902
4069.7902
4069.7902
4069.7902
4069.7902
4069.7902
4069.7902
4069.7902
4069.7902
4069.7902
4069.7902
4069.7902
4069.7902
4069.7902
4069.7902
4069.7902
4069.7902
4069.7902
4069.7902
4069.7902
4069.7902
4069.7902
4069.7902
4069.7902
4069.7902
4069.7902
4069.7902
4069.7902
4069.7902
4069.7902
4069.7902
4069.7902
4069.7902
4069.7902
4069.7902
4069.7902
4069.7902
4069.7902
4069.7902
4069.7902
4069.7902
4069.7902
4069.7902
4069.7902
4069.7902
4069.7902
4069.7902
4069.7902
4069.7902
4069.7902
4069.7902
4069.7902
4069.7902
4069.7902
4069.7902
4069.7902
4069.7902
4069.7902
4069.7902
4069.7902
4069.7902
4069.7902
4069.7902
4069.7902
4069.7902
4069.7902
4069.7902
4069.7902
4069.7902
4069.7902
4069.7902
4069.7902
4069.7902
4069.7902
4069.7902
4069.7902
4069.7902
4069.7902
4069.7902
4069.7902
4069.7902
4069.7902
4069.7902
4069.7902
4069.7902
4069.7902
4069.7902
4069.7902
4069.7902
4069.7902
4069.7902
4069.7902
4069.7902
4069.7902
4069.7902
4069.7902
4069.7902
4069.7902
4069.7902
4069.7902
4069.7902
4069.7902
4069.7902
4069.7902
4069.7902
4069.7902
4069.7902
4069.7902
4069.7902
4069.7902
4069.7902
4069.7902
4069.7902
4069.7902
4069.7902
4069.7902
4069.7902
4069.7902
4069.7902
4069.7902
4069.7902
4069.7902
0.0000
0.0000
0.0000
0.0000
0.0000
0.0000
0.0000
0.0000
0.0000
0.0000
0.0000
0.0000
0.0000
0.0000
0.0000
0.0000
0.0000
0.0000
0.0000
0.0000
0.0000
0.0000
0.0000
0.0000
0.0000
0.0000
0.0000
0.0000
0.0000
0.0000
0.0000
0.0000
0.0000
0.0000
0.0000
0.0000
0.0000
0.0000
0.0000
0.0000
0.0000
0.0000
0.0000
0.0000
0.0000
0.0000
0.0000
0.0000
0.0000
0.0000
0.0000
0.0000
0.0000
0.0000
0.0000
0.0000
0.0000
0.0000
0.0000
0.0000
0.0000
0.0000
0.0000
0.0000
0.0000
0.0000
0.0000
0.0000
0.0000
0.0000
0.0000
0.0000
0.0000
0.0000
0.0000
0.0000
0.0000
0.0000
0.0000
0.0000
0.0000
0.0000
0.0000
0.0000
0.0000
0.0000
0.0000
0.0000
0.0000
0.0000
0.0000
0.0000
0.0000
0.0000
0.0000
0.0000
4069.7902
4069.7902
4069.7902
4069.7902
4069.7902
4069.7902
4069.7902
4069.7902
4069.7902
4069.7902
4069.7902
4069.7902
4069.7902
4069.7902
4069.7902
4069.7902
4069.7902
4069.7902
4069.7902
4069.7902
4069.7902
4069.7902
4069.7902
4069.7902
4069.7902
4069.7902
4069.7902
4069.7902
4069.7902
4048.7463
4044.0117
4043.6045
4044.5225
4047.0959
4051.1285
4056.4712
4062.2022
4068.8566
4069.7902
4069.7902
4069.7902
4069.7902
4069.7902
4069.7902
4069.7902
4069.7902
4069.7902
4069.7902
4069.7902
4069.7902
4069.7902
4069.7902
4069.7902
4069.7902
4069.7902
4069.7902
4069.7902
4069.7902
4069.7902
4069.7902
4069.7902
4069.7902
4069.7902
4069.7902
4069.7902
4069.7902
4069.7902
4069.7902
4069.7902
4069.7902
4069.7902
4069.7902
4069.7902
4069.7902
4069.7902
4069.7902
4069.7902
4069.7902
4069.7902
4069.7902
4069.7902
4069.7902
4069.7902
4069.7902
4069.7902
4069.7902
4069.7902
4069.7902
4069.7902
4069.7902
4069.7902
4069.7902
4069.7902
4069.7902
4069.7902
4069.7902
4069.7902
4069.7902
4069.7902
4069.7902
4069.7902
4069.7902
4069.7902
4069.7902
4069.7902
4069.7902
4069.7902
4069.7902
4069.7902
4069.7902
4069.7902
4069.7902
4069.7902
4069.7902
4069.7902
4069.7902
4069.7902
4069.7902
4069.7902
4069.7902
4069.7902
4069.7902
4069.7902
4069.7902
4069.7902
4069.7902
4069.7902
4069.7902
4069.7902
4069.7902
4069.7902
4069.7902
4069.7902
4069.7902
4069.7902
4069.7902
4069.7902
4069.7902
4069.7902
4069.7902
4069.7902
4069.7902
4069.7902
4069.7902
4069.7902
4069.7902
4069.7902
4069.7902
4069.7902
4069.7902
4069.7902
4069.7902
4069.7902
4069.7902
4069.7902
4069.7902
4069.7902
4069.7902
4069.7902
4069.7902
4069.7902
4069.7902
4069.7902
4069.7902
4069.7902
4069.7902
4069.7902
4069.7902
4069.7902
4069.7902
4069.7902
4069.7902
4069.7902
4069.7902
4069.7902
4069.7902
4069.7902
4069.7902
4069.7902
4069.7902
4069.7902
4069.7902
4069.7902
4069.7902
4069.7902
4069.7902
4069.7902
4069.7902
4069.7902
4069.7902
4069.7902
4069.7902
0.0000
0.0000
0.0000
0.0000
0.0000
0.0000
0.0000
0.0000
0.0000
0.0000
0.0000
0.0000
0.0000
0.0000
0.0000
0.0000
0.0000
0.0000
0.0000
0.0000
0.0000
0.0000
0.0000
0.0000
0.0000
0.0000
0.0000
0.0000
0.0000
0.0000
0.0000
0.0000
0.0000
0.0000
0.0000
0.0000
0.0000
0.0000
0.0000
0.0000
0.0000
0.0000
0.0000
0.0000
0.0000
0.0000
0.0000
0.0000
0.0000
0.0000
0.0000
0.0000
0.0000
0.0000
0.0000
0.0000
0.0000
0.0000
0.0000
0.0000
0.0000
0.0000
0.0000
0.0000
0.0000
0.0000
0.0000
0.0000
0.0000
0.0000
0.0000
0.0000
0.0000
0.0000
0.0000
0.0000
0.0000
0.0000
0.0000
0.0000
0.0000
0.0000
0.0000
0.0000
0.0000
0.0000
0.0000
0.0000
0.0000
0.0000
0.0000
0.0000
0.0000
0.0000
0.0000
0.0000
4069.7902
4069.7902
4069.7902
3683.2104
2860.6378
2417.3353
2115.9558
1871.5660
1661.7712
1475.8311
1307.6724
1153.2836
1021.0469
916.0735
883.7152
853.2012
824.2918
796.7704
779.1877
767.8323
759.1994
753.2853
749.6678
749.7885
751.5339
754.9150
759.9862
766.7437
775.1396
785.1349
794.8883
799.1352
801.1930
802.7391
803.9897
805.1927
806.2102
807.2357
808.3286
809.5244
810.8535
812.2677
814.1455
816.3863
818.8820
821.6781
824.7484
820.3454
820.4797
823.7196
826.5835
830.8462
835.7821
836.7717
842.7240
851.6388
861.2322
872.0880
888.7160
902.6691
2426.9413
2568.3367
2661.5489
2749.7961
2826.5731
2910.6830
2972.1196
3020.8525
3065.1498
3109.7904
3153.7469
3196.4172
3240.5219
3310.3078
3359.6063
3397.0849
3431.2770
3463.4244
3493.8480
3522.9944
3551.0687
3578.1684
3604.5680
3630.3120
3647.2234
3662.6126
3677.0319
3690.7078
3703.7745
3716.3234
3728.3837
3740.0646
3751.4706
3762.5388
3773.3521
3784.0001
3794.7223
3805.5889
3815.8741
3826.3783
3836.7330
3847.0085
3857.2202
3867.3787
3877.4959
3887.5319
3897.5987
3907.6546
4069.7902
4069.7902
4069.7902
4069.7902
4069.7902
4069.7902
4069.7902
4069.7902
4069.7902
4069.7902
4069.7902
4069.7902
4069.7902
4069.7902
4069.7902
4069.7902
4069.7902
4069.7902
4069.7902
4069.7902
4069.7902
4069.7902
4069.7902
4069.7902
4069.7902
4069.7902
4069.7902
4069.7902
4069.7902
4069.7902
4069.7902
4069.7902
4069.7902
4069.7902
4069.7902
4069.7902
4069.7902
4069.7902
4069.7902
4069.7902
4069.7902
4069.7902
4069.7902
4069.7902
4069.7902
4069.7902
4069.7902
4069.7902
4069.7902
4069.7902
4069.7902
4069.7902
4069.7902
4069.7902
4069.7902
4069.7902
4069.7902
4069.7902
4069.7902
4069.7902
4069.7902
4069.7902
4069.7902
4069.7902
4069.7902
4069.7902
4069.7902
4069.7902
4069.7902
4069.7902
4069.7902
4069.7902
4069.7902
4069.7902
4069.7902
4069.7902
4069.7902
4069.7902
4069.7902
4069.7902
4069.7902
4069.7902
4069.7902
4069.7902
0.0000
0.0000
0.0000
0.0000
0.0000
0.0000
0.0000
0.0000
0.0000
0.0000
0.0000
0.0000
0.0000
0.0000
0.0000
0.0000
0.0000
0.0000
0.0000
0.0000
0.0000
0.0000
0.0000
0.0000
0.0000
0.0000
0.0000
0.0000
0.0000
0.0000
0.0000
0.0000
0.0000
0.0000
0.0000
0.0000
0.0000
0.0000
0.0000
0.0000
0.0000
0.0000
0.0000
0.0000
0.0000
0.0000
0.0000
0.0000
0.0000
0.0000
0.0000
0.0000
0.0000
0.0000
0.0000
0.0000
0.0000
0.0000
0.0000
0.0000
0.0000
0.0000
0.0000
0.0000
0.0000
0.0000
0.0000
0.0000
0.0000
0.0000
0.0000
0.0000
0.0000
0.0000
0.0000
0.0000
0.0000
0.0000
0.0000
0.0000
0.0000
0.0000
0.0000
0.0000
0.0000
0.0000
0.0000
0.0000
0.0000
0.0000
0.0000
0.0000
0.0000
0.0000
0.0000
0.0000
4069.7902
1623.0579
4069.7902
4069.7902
4069.7902
4069.7902
4069.7902
2639.6527
1937.9476
1625.6718
1418.5757
442.5698
1130.8559
981.0149
910.2088
883.9517
860.1311
838.4492
818.7122
800.8433
784.5402
769.7832
154.0507
762.6820
735.4798
725.9662
717.1514
708.9821
94.7881
713.0786
687.0459
677.8059
669.4052
660.9395
652.8645
644.8240
637.6008
27.0287
636.9962
610.3207
602.1257
595.1733
591.8830
590.7672
0.0000
602.4739
593.3788
595.7859
602.5898
1331.5072
1441.0080
1514.0393
1580.9255
1645.5207
595.7815
1787.1659
1796.1837
586.3393
1918.6485
1946.7588
1996.6722
2043.4547
2090.0434
2127.5484
772.0501
2269.0683
2263.8998
2298.9374
2332.0565
2365.2344
2398.2931
2431.0385
2463.0956
2505.9909
2539.8171
2568.7182
2595.9705
947.7538
2698.2147
2669.7694
882.9315
2767.5142
2734.8015
2754.5689
948.2463
2835.2814
2793.2854
2805.4074
2816.9819
2827.9317
2838.7253
2849.3282
2859.7678
2870.0352
2880.1194
2889.9723
2900.5218
1055.2131
2977.7858
2930.8418
2941.4840
2951.3484
2960.8627
2970.1901
2979.5603
1079.4953
3055.7180
3006.1269
3271.5805
3318.8283
3330.7356
3352.8428
3375.3844
3397.0861
3421.3068
3447.4021
3474.8601
3503.1573
3532.1258
3561.3993
3596.4674
3631.3696
3666.2967
3701.1386
3735.7944
3770.1911
3804.2724
3838.0038
3871.3602
3904.3313
3936.9109
3969.1027
3997.1123
4025.0005
4052.4351
4069.7902
4069.7902
4069.7902
4069.7902
4069.7902
4069.7902
4069.7902
4069.7902
4069.7902
4069.7902
4069.7902
4069.7902
4069.7902
4069.7902
4069.7902
4069.7902
4069.7902
4069.7902
4069.7902
4069.7902
4069.7902
4069.7902
4069.7902
4069.7902
4069.7902
4069.7902
4069.7902
4069.7902
4069.7902
4069.7902
4069.7902
4069.7902
4069.7902
4069.7902
4069.7902
4069.7902
4069.7902
4069.7902
4069.7902
4069.7902
4069.7902
4069.7902
4069.7902
4069.7902
4069.7902
4069.7902
4069.7902
4069.7902
4069.7902
4069.7902
4069.7902
4069.7902
4069.7902
4069.7902
4069.7902
4069.7902
4069.7902
0.0000
0.0000
0.0000
0.0000
0.0000
0.0000
0.0000
0.0000
0.0000
0.0000
0.0000
0.0000
0.0000
0.0000
0.0000
0.0000
0.0000
0.0000
0.0000
0.0000
0.0000
0.0000
0.0000
0.0000
0.0000
0.0000
0.0000
0.0000
0.0000
0.0000
0.0000
0.0000
0.0000
0.0000
0.0000
0.0000
0.0000
0.0000
0.0000
0.0000
0.0000
0.0000
0.0000
0.0000
0.0000
0.0000
0.0000
0.0000
0.0000
0.0000
0.0000
0.0000
0.0000
0.0000
0.0000
0.0000
0.0000
0.0000
0.0000
0.0000
0.0000
0.0000
0.0000
0.0000
0.0000
0.0000
0.0000
0.0000
0.0000
0.0000
0.0000
0.0000
0.0000
0.0000
0.0000
0.0000
0.0000
0.0000
0.0000
0.0000
0.0000
0.0000
0.0000
0.0000
0.0000
0.0000
0.0000
0.0000
0.0000
0.0000
0.0000
0.0000
0.0000
0.0000
0.0000
0.0000
4069.7902
4069.7902
4069.7902
4069.7902
3313.7259
2929.3554
2694.7704
975.9166
873.4746
826.2964
786.8278
753.4965
726.2690
685.5004
664.3428
645.8453
629.4294
614.8005
598.2479
598.3757
581.7111
562.0384
544.0300
527.0703
511.2188
495.8726
481.0091
466.4598
452.1440
438.2059
433.4923
433.3702
435.4959
439.4369
444.9942
465.0678
476.6014
487.4820
499.4091
516.9713
533.6887
550.4425
559.9955
566.2226
571.5189
576.2814
580.7229
584.9258
589.9648
595.3377
600.2215
605.4033
606.0802
609.4265
615.5324
623.0245
631.0927
639.8046
653.0183
664.7633
676.5592
1609.6625
1735.5628
1823.6315
1903.2824
1979.8989
2039.0291
2089.0884
2135.0147
2177.9092
2218.3782
2256.8221
2291.8984
2326.2708
2358.1951
2388.5479
2417.6003
2445.5098
2472.4184
2498.4287
2523.6284
2548.0882
2571.8879
2595.0779
2617.7969
2640.1401
2662.1812
2683.8594
2705.2367
2726.3370
2747.1869
2767.7463
2788.1056
2808.3631
2828.4497
2848.3056
2866.9919
2885.5286
2903.5854
2921.6147
2939.4948
2957.2614
2974.9343
2992.4668
3009.9342
3027.3540
3044.7196
3062.0295
3404.2162
3465.9556
3460.5166
3492.3950
3525.2753
3577.3485
3617.0116
3657.0675
3735.8330
3784.2089
3830.0139
3875.5455
3900.9383
3922.5441
3942.5855
3961.3933
3979.0833
3995.7284
4011.3719
4026.0580
4039.8193
4052.6956
4064.7185
4069.7902
4069.7902
4069.7902
4069.7902
4069.7902
4069.7902
4069.7902
4069.7902
4069.7902
4069.7902
4069.7902
4069.7902
4069.7902
4069.7902
4069.7902
4069.7902
4069.7902
4069.7902
4069.7902
4069.7902
4069.7902
4069.7902
4069.7902
4069.7902
4069.7902
4069.7902
4069.7902
4069.7902
4069.7902
4069.7902
4069.7902
4069.7902
4069.7902
4069.7902
4069.7902
4069.7902
4069.7902
4069.7902
4069.7902
4069.7902
4069.7902
4069.7902
4069.7902
4069.7902
4069.7902
4069.7902
4069.7902
4069.7902
4069.7902
4069.7902
4069.7902
4069.7902
4069.7902
4069.7902
4069.7902
4069.7902
4069.7902
4069.7902
4069.7902
4069.7902
4069.7902
0.0000
0.0000
0.0000
0.0000
0.0000
0.0000
0.0000
0.0000
0.0000
0.0000
0.0000
0.0000
0.0000
0.0000
0.0000
0.0000
0.0000
0.0000
0.0000
0.0000
0.0000
0.0000
0.0000
0.0000
0.0000
0.0000
0.0000
0.0000
0.0000
0.0000
0.0000
0.0000
0.0000
0.0000
0.0000
0.0000
0.0000
0.0000
0.0000
0.0000
0.0000
0.0000
0.0000
0.0000
0.0000
0.0000
0.0000
0.0000
0.0000
0.0000
0.0000
0.0000
0.0000
0.0000
0.0000
0.0000
0.0000
0.0000
0.0000
0.0000
0.0000
0.0000
0.0000
0.0000
0.0000
0.0000
0.0000
0.0000
0.0000
0.0000
0.0000
0.0000
0.0000
0.0000
0.0000
0.0000
0.0000
0.0000
0.0000
0.0000
0.0000
0.0000
0.0000
0.0000
0.0000
0.0000
0.0000
0.0000
0.0000
0.0000
0.0000
0.0000
0.0000
0.0000
0.0000
0.0000
4069.7902
4069.7902
4069.7902
4069.7902
4069.7902
3594.2048
3139.7667
2887.1415
2711.1763
2572.7049
923.8249
870.3701
836.6249
809.8954
788.1750
770.3570
755.7439
743.9675
729.0208
712.8662
696.8409
681.1928
665.9568
651.1069
636.3279
621.7517
607.4189
590.5607
575.4406
561.0173
547.3079
534.1617
521.4178
509.0176
496.9670
485.1978
473.9644
463.1577
452.7374
442.6822
432.8590
423.6929
419.3795
417.5345
417.0196
417.5297
419.2017
421.2373
427.6538
435.3008
443.9303
453.6182
464.3782
475.8741
489.7971
504.9427
521.3388
1074.4713
1220.6467
1332.7008
1441.9875
1551.8905
1664.2012
1780.0958
1900.6068
2026.9078
2118.1375
2193.9916
2263.8886
2332.6199
2399.9278
2465.5601
2528.4061
2610.7479
2675.2139
2730.5436
2782.8124
2832.9506
2881.4154
2928.4933
2974.3933
3019.2736
3063.2655
3106.4758
3134.3237
3159.8135
3183.8828
3206.8496
3228.9013
3250.1673
3270.7498
3290.7302
3310.1787
3329.1537
3347.7074
3365.8836
3383.9161
3401.8139
3419.5210
3437.0051
3454.2950
3471.4123
3488.3722
3505.1873
3521.8713
3538.4352
3554.8905
3571.2466
3887.0381
3904.5705
3923.4424
3943.6377
3964.0923
3984.2518
4003.9624
4023.2289
4042.1089
4069.7902
4069.7902
4069.7902
4069.7902
4069.7902
4069.7902
4069.7902
4069.7902
4069.7902
4069.7902
4069.7902
4069.7902
4069.7902
4069.7902
4069.7902
4069.7902
4069.7902
4069.7902
4069.7902
4069.7902
4069.7902
4069.7902
4069.7902
4069.7902
4069.7902
4069.7902
4069.7902
4069.7902
4069.7902
4069.7902
4069.7902
4069.7902
4069.7902
4069.7902
4069.7902
4069.7902
4069.7902
4069.7902
4069.7902
4069.7902
4069.7902
4069.7902
4069.7902
4069.7902
4069.7902
4069.7902
4069.7902
4069.7902
4069.7902
4069.7902
4069.7902
4069.7902
4069.7902
4069.7902
4069.7902
4069.7902
4069.7902
4069.7902
4069.7902
4069.7902
4069.7902
4069.7902
4069.7902
4069.7902
4069.7902
4069.7902
4069.7902
4069.7902
4069.7902
4069.7902
4069.7902
4069.7902
4069.7902
4069.7902
4069.7902
0.0000
0.0000
0.0000
0.0000
0.0000
0.0000
0.0000
0.0000
0.0000
0.0000
0.0000
0.0000
0.0000
0.0000
0.0000
0.0000
0.0000
0.0000
0.0000
0.0000
0.0000
0.0000
0.0000
0.0000
0.0000
0.0000
0.0000
0.0000
0.0000
0.0000
0.0000
0.0000
0.0000
0.0000
0.0000
0.0000
0.0000
0.0000
0.0000
0.0000
0.0000
0.0000
0.0000
0.0000
0.0000
0.0000
0.0000
0.0000
0.0000
0.0000
0.0000
0.0000
0.0000
0.0000
0.0000
0.0000
0.0000
0.0000
0.0000
0.0000
0.0000
0.0000
0.0000
0.0000
0.0000
0.0000
0.0000
0.0000
0.0000
0.0000
0.0000
0.0000
0.0000
0.0000
0.0000
0.0000
0.0000
0.0000
0.0000
0.0000
0.0000
0.0000
0.0000
0.0000
0.0000
0.0000
0.0000
0.0000
0.0000
0.0000
0.0000
0.0000
0.0000
0.0000
0.0000
0.0000
4069.7902
4069.7902
4069.7902
4069.7902
4069.7902
3722.9254
3275.4516
3014.2732
2820.3743
2658.3828
2517.3487
2389.4594
2277.9274
2176.5571
2083.1925
2002.9363
1923.4746
1846.1543
1779.1896
1718.5859
1656.1041
1599.1199
1547.3435
1499.0949
1454.7906
1412.9514
1373.0738
1336.1991
1301.4212
1268.6253
1241.8984
1218.2639
1197.4362
1178.9704
1162.8223
1148.7648
1136.3780
1125.9402
1117.3442
1110.6428
1105.3977
1101.8821
1109.4026
1124.1904
1142.7089
1164.6184
1189.7701
1218.4467
1252.7730
1291.9146
1332.8517
1378.1386
1427.1939
1479.3084
1534.4139
1594.3009
1653.6927
1718.9500
1787.5088
1860.1320
3812.6668
3877.0456
3902.4261
3929.0297
3957.0009
3986.5153
4006.8361
4025.1931
4041.2781
4056.1520
4069.7902
4069.7902
4069.7902
4069.7902
4069.7902
4069.7902
4069.7902
4069.7902
4069.7902
4069.7902
4069.7902
4069.7902
4069.7902
4069.7902
4069.7902
4069.7902
4069.7902
4069.7902
4069.7902
4069.7902
4069.7902
4069.7902
4069.7902
4069.7902
4069.7902
4069.7902
4069.7902
4069.7902
4069.7902
4069.7902
4069.7902
4069.7902
4069.7902
4069.7902
4069.7902
4069.7902
4069.7902
4069.7902
4069.7902
4069.7902
4069.7902
4069.7902
4069.7902
4069.7902
4069.7902
4069.7902
4069.7902
4069.7902
4069.7902
4069.7902
4069.7902
4069.7902
4069.7902
4069.7902
4069.7902
4069.7902
4069.7902
4069.7902
4069.7902
4069.7902
4069.7902
4069.7902
4069.7902
4069.7902
4069.7902
4069.7902
4069.7902
4069.7902
4069.7902
4069.7902
4069.7902
4069.7902
4069.7902
4069.7902
4069.7902
4069.7902
4069.7902
4069.7902
4069.7902
4069.7902
4069.7902
4069.7902
4069.7902
4069.7902
4069.7902
4069.7902
4069.7902
4069.7902
4069.7902
4069.7902
4069.7902
4069.7902
4069.7902
4069.7902
4069.7902
4069.7902
4069.7902
4069.7902
4069.7902
4069.7902
4069.7902
4069.7902
4069.7902
4069.7902
4069.7902
4069.7902
4069.7902
4069.7902
4069.7902
4069.7902
4069.7902
4069.7902
4069.7902
4069.7902
4069.7902
4069.7902
4069.7902
4069.7902
4069.7902
4069.7902
4069.7902
4069.7902
0.0000
0.0000
0.0000
0.0000
0.0000
0.0000
0.0000
0.0000
0.0000
0.0000
0.0000
0.0000
0.0000
0.0000
0.0000
0.0000
0.0000
0.0000
0.0000
0.0000
0.0000
0.0000
0.0000
0.0000
0.0000
0.0000
0.0000
0.0000
0.0000
0.0000
0.0000
0.0000
0.0000
0.0000
0.0000
0.0000
0.0000
0.0000
0.0000
0.0000
0.0000
0.0000
0.0000
0.0000
0.0000
0.0000
0.0000
0.0000
0.0000
0.0000
0.0000
0.0000
0.0000
0.0000
0.0000
0.0000
0.0000
0.0000
0.0000
0.0000
0.0000
0.0000
0.0000
0.0000
0.0000
0.0000
0.0000
0.0000
0.0000
0.0000
0.0000
0.0000
0.0000
0.0000
0.0000
0.0000
0.0000
0.0000
0.0000
0.0000
0.0000
0.0000
0.0000
0.0000
0.0000
0.0000
0.0000
0.0000
0.0000
0.0000
0.0000
0.0000
0.0000
0.0000
0.0000
0.0000
4069.7902
4069.7902
4069.7902
4069.7902
4069.7902
4069.7902
4069.7902
4069.7902
4069.7902
4069.7902
4069.7902
4069.7902
4069.7902
4069.7902
4032.9901
3990.0713
3954.1745
3921.6783
3901.2890
3887.0403
3877.3235
3871.2698
3868.2807
3868.0588
3870.8731
3878.3672
3887.3258
3897.9647
3916.2872
3934.2239
3942.3201
3946.4700
3949.6291
3956.5558
3961.4809
3965.1111
3968.0636
3970.8133
3973.4947
3976.1656
3978.8610
3981.6034
3986.5998
3992.9004
3999.8980
4007.4770
4015.5850
4024.2041
4033.7315
4043.6787
4054.2111
4065.3183
4069.7902
4069.7902
4069.7902
4069.7902
4069.7902
4069.7902
4069.7902
4069.7902
4069.7902
4069.7902
4069.7902
4069.7902
4069.7902
4069.7902
4069.7902
4069.7902
4069.7902
4069.7902
4069.7902
4069.7902
4069.7902
4069.7902
4069.7902
4069.7902
4069.7902
4069.7902
4069.7902
4069.7902
4069.7902
4069.7902
4069.7902
4069.7902
4069.7902
4069.7902
4069.7902
4069.7902
4069.7902
4069.7902
4069.7902
4069.7902
4069.7902
4069.7902
4069.7902
4069.7902
4069.7902
4069.7902
4069.7902
4069.7902
4069.7902
4069.7902
4069.7902
4069.7902
4069.7902
4069.7902
4069.7902
4069.7902
4069.7902
4069.7902
4069.7902
4069.7902
4069.7902
4069.7902
4069.7902
4069.7902
4069.7902
4069.7902
4069.7902
4069.7902
4069.7902
4069.7902
4069.7902
4069.7902
4069.7902
4069.7902
4069.7902
4069.7902
4069.7902
4069.7902
4069.7902
4069.7902
4069.7902
4069.7902
4069.7902
4069.7902
4069.7902
4069.7902
4069.7902
4069.7902
4069.7902
4069.7902
4069.7902
4069.7902
4069.7902
4069.7902
4069.7902
4069.7902
4069.7902
4069.7902
4069.7902
4069.7902
4069.7902
4069.7902
4069.7902
4069.7902
4069.7902
4069.7902
4069.7902
4069.7902
4069.7902
4069.7902
4069.7902
4069.7902
4069.7902
4069.7902
4069.7902
4069.7902
4069.7902
4069.7902
4069.7902
4069.7902
4069.7902
4069.7902
4069.7902
4069.7902
4069.7902
4069.7902
4069.7902
4069.7902
4069.7902
4069.7902
4069.7902
4069.7902
4069.7902
4069.7902
4069.7902
4069.7902
4069.7902
4069.7902
4069.7902
4069.7902
0.0000
0.0000
0.0000
0.0000
0.0000
0.0000
0.0000
0.0000
0.0000
0.0000
0.0000
0.0000
0.0000
0.0000
0.0000
0.0000
0.0000
0.0000
0.0000
0.0000
0.0000
0.0000
0.0000
0.0000
0.0000
0.0000
0.0000
0.0000
0.0000
0.0000
0.0000
0.0000
0.0000
0.0000
0.0000
0.0000
0.0000
0.0000
0.0000
0.0000
0.0000
0.0000
0.0000
0.0000
0.0000
0.0000
0.0000
0.0000
0.0000
0.0000
0.0000
0.0000
0.0000
0.0000
0.0000
0.0000
0.0000
0.0000
0.0000
0.0000
0.0000
0.0000
0.0000
0.0000
0.0000
0.0000
0.0000
0.0000
0.0000
0.0000
0.0000
0.0000
0.0000
0.0000
0.0000
0.0000
0.0000
0.0000
0.0000
0.0000
0.0000
0.0000
0.0000
0.0000
0.0000
0.0000
0.0000
0.0000
0.0000
0.0000
0.0000
0.0000
0.0000
0.0000
0.0000
0.0000
4069.7902
4069.7902
4069.7902
4069.7902
4069.7902
4069.7902
4069.7902
4069.7902
4069.7902
4069.7902
4069.7902
4069.7902
4069.7902
4069.7902
4069.7902
4069.7902
4069.7902
4069.7902
4050.4616
4030.3574
4012.6711
3996.3831
3981.0767
3964.9382
3949.7939
3935.6361
3922.0344
3908.8762
3895.8238
3883.6056
3880.4664
3882.5204
3890.8760
3899.6489
3909.4445
3920.8287
3940.9406
3959.3663
3977.2386
4001.8289
4031.3714
4057.6711
4069.7902
4069.7902
4069.7902
4069.7902
4069.7902
4069.7902
4069.7902
4069.7902
4069.7902
4069.7902
4069.7902
4069.7902
4069.7902
4069.7902
4069.7902
4069.7902
4069.7902
4069.7902
4069.7902
4069.7902
4069.7902
4069.7902
4069.7902
4069.7902
4069.7902
4069.7902
4069.7902
4069.7902
4069.7902
4069.7902
4069.7902
4069.7902
4069.7902
4069.7902
4069.7902
4069.7902
4069.7902
4069.7902
4069.7902
4069.7902
4069.7902
4069.7902
4069.7902
4069.7902
4069.7902
4069.7902
4069.7902
4069.7902
4069.7902
4069.7902
4069.7902
4069.7902
4069.7902
4069.7902
4069.7902
4069.7902
4069.7902
4069.7902
4069.7902
4069.7902
4069.7902
4069.7902
4069.7902
4069.7902
4069.7902
4069.7902
4069.7902
4069.7902
4069.7902
4069.7902
4069.7902
4069.7902
4069.7902
4069.7902
4069.7902
4069.7902
4069.7902
4069.7902
4069.7902
4069.7902
4069.7902
4069.7902
4069.7902
4069.7902
4069.7902
4069.7902
4069.7902
4069.7902
4069.7902
4069.7902
4069.7902
4069.7902
4069.7902
4069.7902
4069.7902
4069.7902
4069.7902
4069.7902
4069.7902
4069.7902
4069.7902
4069.7902
4069.7902
4069.7902
4069.7902
4069.7902
4069.7902
4069.7902
4069.7902
4069.7902
4069.7902
4069.7902
4069.7902
4069.7902
4069.7902
4069.7902
4069.7902
4069.7902
4069.7902
4069.7902
4069.7902
4069.7902
4069.7902
4069.7902
4069.7902
4069.7902
4069.7902
4069.7902
4069.7902
4069.7902
4069.7902
4069.7902
4069.7902
4069.7902
4069.7902
4069.7902
4069.7902
4069.7902
4069.7902
4069.7902
4069.7902
4069.7902
4069.7902
4069.7902
4069.7902
4069.7902
4069.7902
4069.7902
4069.7902
4069.7902
0.0000
0.0000
0.0000
0.0000
0.0000
0.0000
0.0000
0.0000
0.0000
0.0000
0.0000
0.0000
0.0000
0.0000
0.0000
0.0000
0.0000
0.0000
0.0000
0.0000
0.0000
0.0000
0.0000
0.0000
0.0000
0.0000
0.0000
0.0000
0.0000
0.0000
0.0000
0.0000
0.0000
0.0000
0.0000
0.0000
0.0000
0.0000
0.0000
0.0000
0.0000
0.0000
0.0000
0.0000
0.0000
0.0000
0.0000
0.0000
0.0000
0.0000
0.0000
0.0000
0.0000
0.0000
0.0000
0.0000
0.0000
0.0000
0.0000
0.0000
0.0000
0.0000
0.0000
0.0000
0.0000
0.0000
0.0000
0.0000
0.0000
0.0000
0.0000
0.0000
0.0000
0.0000
0.0000
0.0000
0.0000
0.0000
0.0000
0.0000
0.0000
0.0000
0.0000
0.0000
0.0000
0.0000
0.0000
0.0000
0.0000
0.0000
0.0000
0.0000
0.0000
0.0000
0.0000
0.0000
4069.7902
4069.7902
3949.9171
4069.7902
4003.6182
3597.3157
3332.4523
3133.8404
2966.7492
2822.2786
2694.3013
2579.7789
2486.6401
2403.4689
2329.9414
2264.5779
2206.4379
2153.9505
2098.6977
2043.7790
1990.8666
1940.0958
1891.1717
1844.1312
1799.4376
1756.7611
1716.5172
1676.2232
1637.5155
1600.1637
1568.1208
1538.2423
1510.1249
1483.7731
1459.3707
1435.7436
1412.1675
1391.9408
1370.7213
1353.1272
1334.8160
1319.0659
1329.1744
1354.5749
1388.0001
1427.4026
1472.6655
1523.6144
1583.8275
1649.3145
1737.7589
745.0920
745.7761
767.0429
781.1480
794.3835
805.2000
817.9222
831.1803
845.0405
860.0308
2283.3965
2430.3216
2531.4753
2626.1213
2712.0003
2779.0532
2835.6015
2887.0575
2935.7334
2982.4063
3027.1833
3068.4026
3115.7629
3155.8053
3191.1625
3224.6773
3256.8490
3287.9398
3318.1366
3347.5150
3376.2604
3404.5412
3432.3463
3448.2045
3461.4637
3473.3998
3484.4973
3494.9145
3504.7206
3514.0503
3523.0105
3531.5728
3539.8477
3547.8132
3555.5665
3563.7976
3572.2746
3580.7378
3589.0835
3597.3894
3605.5818
3613.6962
3621.7469
3629.7338
3637.6595
3645.5295
3653.3476
3930.3687
3932.4835
3940.4381
3949.1419
3957.9934
3966.5222
3974.5880
3982.1906
3989.3817
3996.2257
4002.7802
4009.0948
4018.2977
4028.6649
4039.3924
4050.2591
4061.1955
4069.7902
4069.7902
4069.7902
4069.7902
4069.7902
4069.7902
