26.5413
26.5517
26.5614
26.5704
26.5788
26.5865
26.5936
26.6001
26.6061
26.6116
26.6165
26.6209
26.6249
26.6284
26.6315
26.6342
26.6365
26.6385
26.6402
26.6415
26.6424
26.6429
26.6430
26.6427
26.6421
26.6412
26.6401
26.6386
26.6369
26.6349
26.6328
26.6304
26.6279
26.6251
26.6222
26.6192
26.6160
26.6126
26.6092
26.6056
26.6018
26.5980
26.5941
26.5900
26.5858
26.5816
26.5772
26.5728
26.5683
26.5638
26.5591
26.5544
26.5496
26.5448
26.5399
26.5350
26.5301
26.5251
26.5200
26.5148
26.5097
25.6445
25.6013
25.6000
25.6000
25.6000
25.6000
25.6000
25.6000
25.6000
25.6000
25.6000
25.6000
25.0293
25.0011
25.0000
25.0000
25.0000
25.0000
25.0000
25.0000
25.0000
25.0000
25.0000
25.0000
24.2850
24.0178
24.0008
23.9999
23.9998
23.9999
23.9999
23.9999
23.9999
23.9999
23.9999
23.9999
23.9999
24.0000
24.0000
24.0000
24.0000
24.0000
24.0000
24.0000
24.0000
24.0000
24.0000
24.0000
24.0000
24.0000
24.0000
24.0000
24.0000
24.0000
24.0000
24.0000
24.0000
24.0000
24.0000
24.0000
24.0000
24.0000
24.0000
24.0000
24.0001
24.0001
24.0001
24.0001
24.0001
24.0001
24.0001
24.0000
24.0000
24.0000
24.0000
24.0000
24.0000
24.0000
24.0000
24.0000
24.0000
24.0000
24.0000
24.0000
24.0000
24.0000
24.0000
24.0000
24.0000
24.0000
24.0000
24.0000
24.0000
24.0000
24.0000
24.0000
24.0000
24.0000
24.0000
24.0000
24.0000
24.0000
24.0000
24.0000
24.0000
24.0001
24.0001
24.0001
24.0001
24.0000
24.0000
24.0000
24.0000
24.0000
24.0000
24.0000
24.0000
24.0000
24.0000
24.0000
24.0000
24.0000
24.0000
24.0000
24.0000
24.0000
24.0000
24.0000
24.0001
24.0001
24.0001
24.0001
24.0001
24.0001
24.0001
24.0001
24.0001
24.0001
24.0001
24.0001
24.0001
24.0001
24.0001
24.0001
24.0000
24.0000
24.0000
24.0000
24.0000
24.0000
24.0000
24.0000
24.0000
24.0000
24.0000
24.0000
24.0000
24.0000
24.0000
24.0000
24.0000
24.0000
24.0000
24.0000
24.0000
24.0000
24.0001
24.0001
24.0001
24.0000
24.0000
24.0000
24.0000
24.0000
24.0000
24.0000
24.0000
24.0000
24.0000
24.0000
24.0000
24.0000
24.0000
24.0000
24.0000
24.0000
24.0000
24.0000
24.0000
24.0000
24.0000
24.0000
24.0000
24.0000
24.0000
24.0000
24.0000
24.0000
24.0000
24.0000
24.0000
24.0000
24.0000
24.0000
24.7667
25.1839
25.4490
25.6351
25.7766
25.8847
25.9682
26.0341
26.0875
26.1320
26.1699
26.2033
26.2327
26.2590
26.2825
26.3037
26.3231
26.3408
26.3571
26.3721
26.3859
26.3988
26.4108
26.4220
26.4325
26.4423
26.4515
26.4602
26.4682
26.4758
26.4829
26.4895
26.4957
26.5014
26.5068
26.5118
26.5164
26.5207
26.5247
26.5284
26.5318
26.5350
26.5378
26.5403
26.5424
26.5442
26.5457
26.5469
26.5479
26.5486
26.5491
26.5494
26.5494
26.5493
26.5491
26.5486
26.5481
26.5473
26.5465
26.5455
26.5444
26.5432
26.5419
26.5406
26.5391
26.5375
26.5359
26.5342
26.5325
26.5306
26.5288
26.5268
26.5248
26.5228
26.5207
26.5185
26.5163
26.5140
26.5116
26.5092
26.5067
26.5041
26.5014
26.4986
25.6436
25.6012
25.6000
25.6000
25.6000
25.6000
25.6000
25.6000
25.6000
25.6000
25.6000
25.6000
25.0293
25.0011
25.0000
25.0000
25.0000
25.0000
25.0000
25.0000
25.0000
25.0000
25.0000
25.0000
24.2988
24.0187
24.0007
23.9997
23.9997
23.9997
23.9998
23.9998
23.9998
23.9999
23.9999
23.9999
23.9999
24.0000
24.0000
24.0000
24.0000
24.0000
24.0000
24.0000
24.0000
24.0000
24.0000
24.0000
24.0000
24.0000
24.0000
24.0000
24.0000
24.0000
24.0000
24.0000
24.0000
24.0000
24.0000
24.0000
24.0000
24.0001
24.0001
24.0001
24.0001
24.0001
24.0000
24.0000
24.0001
24.0000
24.0000
24.0000
24.0000
24.0000
24.0000
24.0000
24.0000
24.0000
24.0000
24.0000
24.0000
24.0000
24.0000
24.0000
24.0000
24.0000
24.0000
24.0000
24.0000
24.0000
24.0000
24.0000
24.0000
24.0000
24.0000
24.0000
24.0000
24.0000
24.0000
24.0000
24.0000
24.0000
24.0000
24.0000
24.0000
24.0000
24.0000
24.0000
24.0000
24.0000
24.0000
24.0000
24.0000
24.0000
24.0000
24.0000
24.0000
24.0000
24.0000
24.0000
24.0000
24.0000
24.0000
24.0000
24.0000
24.0000
24.0000
24.0000
24.0000
24.0000
24.0000
24.0000
24.0000
24.0000
24.0000
24.0000
24.0000
24.0000
24.0000
24.0000
24.0000
24.0000
24.0000
24.0000
23.9999
24.0000
24.0000
24.0000
24.0001
24.0001
24.0001
24.0001
24.0001
24.0001
24.0001
24.0000
24.0000
24.0000
24.0000
24.0000
24.0000
24.0000
24.0000
24.0000
24.0000
24.0000
24.0000
24.0000
24.0000
24.0000
24.0000
24.0000
24.0000
24.0000
24.0000
24.0000
24.0000
24.0000
24.0000
24.0000
24.0000
24.0000
24.0000
24.0000
24.0000
24.0000
24.0000
24.0000
24.0000
24.0000
24.0000
24.0000
24.0000
24.0000
24.0000
24.0000
24.0000
24.0000
24.0000
24.0000
24.0000
24.0000
24.0000
24.0000
24.7888
25.2169
25.4886
25.6788
25.8240
25.9355
26.0219
26.0904
26.1461
26.1926
26.2325
26.2675
26.2988
26.3271
26.3526
26.3759
26.3973
26.4170
26.4353
26.4523
26.4681
26.4829
26.4968
26.5099
26.5223
26.5339
26.5450
26.5555
26.5654
26.5749
26.5838
26.5923
26.6003
26.6080
26.6152
26.6220
26.6285
26.6346
26.6404
26.6459
26.6511
26.6560
26.6608
26.6653
26.6696
26.6736
26.6775
26.6811
26.6845
26.6877
26.6908
26.6937
26.6964
26.6989
26.7000
26.7000
26.7000
26.7000
26.7000
26.7000
26.7000
26.7000
26.7000
26.7000
26.7000
26.7000
26.7000
26.7000
26.7000
26.7000
26.7000
26.7000
26.7000
26.7000
26.6994
26.6985
26.6972
26.6957
26.6940
26.6922
26.6902
26.6880
26.6856
26.6832
25.6594
25.6019
25.6001
25.6000
25.6000
25.6000
25.6000
25.6000
25.6000
25.6000
25.6000
25.6000
25.0310
25.0013
25.0001
25.0000
25.0000
25.0000
25.0000
25.0000
25.0000
25.0000
25.0000
25.0000
24.3565
24.0818
24.0047
24.0000
23.9997
23.9998
23.9998
23.9999
23.9999
23.9999
23.9999
23.9999
23.9999
24.0000
24.0000
24.0000
24.0000
24.0000
24.0000
24.0000
24.0000
24.0000
24.0000
24.0000
24.0000
24.0000
24.0000
24.0000
24.0000
24.0000
24.0000
24.0000
24.0000
24.0000
24.0000
24.0000
24.0000
24.0000
24.0000
24.0000
24.0000
24.0000
24.0000
24.0000
24.0000
24.0000
24.0000
24.0000
24.0000
24.0000
24.0000
24.0000
24.0000
24.0000
24.0000
24.0000
24.0001
24.0000
24.0000
24.0000
24.0001
24.0003
24.0003
24.0003
24.0002
24.0002
24.0002
24.0002
24.0002
24.0001
24.0001
24.0001
24.0001
24.0001
24.0001
24.0001
24.0001
24.0001
24.0001
24.0001
24.0001
24.0001
24.0001
24.0000
24.0000
24.0000
24.0000
24.0000
24.0000
24.0000
24.0000
24.0000
24.0000
24.0000
24.0000
24.0000
24.0000
24.0000
24.0000
24.0000
24.0000
24.0000
24.0000
24.0000
24.0000
24.0000
24.0000
24.0000
24.0000
24.0000
24.0000
24.0000
24.0000
24.0000
24.0000
24.0000
24.0000
24.0000
24.0000
24.0000
24.0000
24.0000
24.0000
24.0000
24.0000
24.0000
24.0000
24.0000
24.0000
24.0000
24.0000
24.0000
24.0000
24.0000
24.0000
24.0000
24.0000
24.0000
24.0000
24.0000
24.0000
24.0000
24.0000
24.0000
24.0000
24.0000
24.0000
24.0000
24.0000
24.0000
24.0000
24.0000
24.0000
24.0000
24.0000
24.0000
24.0000
24.0000
24.0000
24.0000
24.0000
24.0000
24.0000
24.0000
24.0000
24.0000
24.0000
24.0000
24.0000
24.0000
24.0000
24.0000
24.0000
24.0000
24.0000
24.0000
24.0000
24.0000
24.0000
24.0000
24.8429
25.2954
25.5814
25.7809
25.9330
26.0504
26.1418
26.2151
26.2754
26.3264
26.3710
26.4106
26.4460
26.4778
26.5066
26.5329
26.5572
26.5798
26.6007
26.6202
26.6384
26.6555
26.6715
26.6866
26.6999
26.7000
26.7000
26.7000
26.7000
26.7000
26.7000
26.7000
26.7000
26.7000
26.7000
26.7000
26.7000
26.7000
26.7000
26.7000
26.7000
26.7000
26.7000
26.7000
26.7000
26.7000
26.7000
26.7000
26.7000
26.7000
26.7000
26.7000
26.7000
26.7000
26.7000
26.7000
26.7000
26.7000
26.7000
26.7000
26.7000
26.7000
26.7000
26.7000
26.7000
26.7000
26.7000
26.7000
26.7000
26.7000
26.7000
26.7000
26.7000
26.7000
26.7000
26.7000
26.7000
26.7000
26.7000
26.7000
26.7000
26.7000
26.7000
26.7000
25.6614
25.6021
25.6001
25.6000
25.6000
25.6000
25.6000
25.6000
25.6000
25.6000
25.6000
25.6000
25.0319
25.0013
25.0001
25.0000
25.0000
25.0000
25.0000
25.0000
25.0000
25.0000
25.0000
25.0000
24.3850
24.1195
24.0072
24.0001
23.9997
23.9997
23.9998
23.9998
23.9998
23.9999
23.9999
23.9999
23.9999
23.9999
24.0000
24.0000
24.0000
24.0000
24.0000
24.0000
24.0000
24.0000
24.0000
24.0000
24.0000
24.0000
24.0000
24.0000
24.0000
24.0000
24.0000
24.0000
24.0000
24.0000
24.0000
24.0000
24.0000
24.0000
24.0000
24.0000
24.0000
23.9999
23.9999
23.9998
23.9998
23.9998
23.9998
23.9998
23.9998
23.9999
23.9999
23.9999
23.9999
23.9999
23.9999
23.9999
23.9999
23.9999
24.0000
24.0000
24.0000
24.0000
24.0000
24.0000
24.0000
24.0000
24.0000
24.0000
24.0000
24.0000
24.0000
24.0000
24.0000
24.0000
24.0000
24.0000
24.0000
24.0000
24.0000
24.0000
24.0000
24.0000
24.0000
24.0000
24.0000
24.0000
24.0000
24.0000
24.0000
24.0000
24.0000
24.0000
24.0000
24.0000
24.0000
24.0000
24.0000
24.0000
24.0000
24.0000
24.0000
24.0000
24.0000
24.0000
24.0000
24.0000
24.0000
24.0000
24.0001
24.0033
24.0077
24.0130
24.0183
24.0237
24.0291
24.0344
24.0396
24.0445
24.0495
24.0542
24.0579
24.0624
24.0662
24.0694
24.0711
24.0733
24.0746
24.0731
24.0743
24.0735
24.0725
24.0707
24.0901
24.0740
24.0662
24.0605
24.0551
24.0495
24.0436
24.0372
24.0306
24.0237
24.0165
24.0092
24.0017
24.0001
24.0000
24.0000
24.0000
24.0000
24.0000
24.0000
24.0000
24.0000
24.0000
24.0000
24.0000
24.0000
24.0000
24.0000
24.0000
24.0000
24.0000
24.0000
24.0000
24.0000
24.0000
24.0000
24.0000
24.0000
24.0000
24.0000
24.0000
24.0000
24.0000
24.0000
24.0000
24.0000
24.0000
24.0000
24.0000
24.0000
24.0000
24.0000
24.0000
24.0000
24.0000
24.0000
24.0000
24.0000
24.0000
24.0000
24.0000
24.0000
24.0000
24.0000
24.0000
24.0000
24.0000
24.0000
24.0000
24.0000
24.0000
24.0000
24.0000
24.0000
24.0000
24.0000
24.0000
24.0000
24.0000
24.0000
24.0000
24.0000
24.0000
24.0000
24.0000
24.0000
24.0000
24.0000
24.0000
24.0000
24.0000
24.0000
24.0000
24.0000
24.0000
24.0000
24.0000
24.0000
24.0000
24.0000
24.0000
24.0000
24.0000
24.0000
24.0000
24.0000
24.0000
24.0000
24.0000
24.0000
24.0000
24.0000
24.0000
24.0000
24.0000
24.0000
24.0000
24.0000
24.0000
24.0000
24.0000
24.0000
24.0000
24.0000
24.0000
24.0000
24.0000
24.0000
24.0000
24.0000
24.0000
24.0000
24.0000
24.0000
24.0000
24.0000
24.0000
24.0000
24.0000
24.0000
24.0000
24.0000
24.0000
24.0000
24.0000
24.0000
24.0000
24.0000
24.0000
24.0000
24.0000
24.0000
24.0000
24.0000
24.0000
24.0000
23.9999
23.9999
23.9999
23.9999
23.9999
23.9999
23.9999
23.9999
24.0000
24.0000
24.0000
24.0000
24.0000
24.0000
24.0000
24.0000
24.0000
24.0000
24.0000
24.0000
24.0000
24.0000
24.0000
24.0000
24.0000
24.0000
24.0000
24.0000
24.0000
24.0000
24.0000
24.0000
24.0000
24.0000
24.0000
24.0000
24.0000
24.0000
24.0000
24.0000
24.0000
24.0000
24.0000
24.0000
24.0000
24.0000
24.0000
24.0000
24.0000
24.0000
24.0000
24.0000
24.0000
24.0000
24.0000
24.0000
24.0000
24.0000
24.0000
24.0000
24.0000
24.0000
24.0000
24.0000
24.0000
24.0000
24.0000
24.0000
24.0000
24.0000
24.0000
24.0000
24.0000
24.0000
24.0000
24.0000
24.0000
24.0000
24.0000
24.0000
24.0000
24.0000
24.0000
24.0000
24.0000
24.0000
24.0000
24.0000
24.0000
24.0000
24.0000
24.0000
24.0000
24.0000
24.0000
24.0000
24.0000
24.0000
24.0000
24.0000
24.0000
24.0000
24.0000
24.0000
24.0000
24.0000
24.0000
24.0000
24.0000
24.0000
24.0000
24.0000
24.0000
24.0000
24.0000
24.0000
24.0000
24.0000
24.0000
24.0000
24.0000
24.0000
24.0000
24.0000
24.0000
24.0000
24.0000
24.0000
24.0000
24.0000
24.0000
24.0000
24.0000
24.0000
24.0000
24.0000
24.0000
24.0000
24.0000
24.0000
24.0000
24.0000
24.0000
24.0000
24.0000
24.0000
24.0000
24.0000
24.0000
24.0000
24.0000
24.0000
24.0000
24.0000
24.0000
24.0000
24.0000
24.0000
24.0000
24.0000
24.0000
24.0000
24.0000
24.0000
24.0000
24.0000
24.0000
24.0000
24.0000
24.0000
24.0000
24.0000
24.0000
24.0000
24.0000
24.0000
24.0000
24.0000
24.0000
24.0000
24.0000
24.0000
24.0000
24.0000
24.0000
24.0000
24.0000
24.0000
24.0000
24.0000
24.0000
24.0000
24.0000
24.0000
24.0000
24.0000
24.0000
24.0000
24.0000
24.0000
24.0000
24.0000
24.0000
24.0000
24.0000
24.0000
24.0000
24.0000
24.0000
24.0000
24.0000
24.0000
24.0000
24.0000
24.0000
24.0000
24.0000
24.0000
24.0000
24.0000
24.0000
24.0000
24.0000
24.0000
24.0000
24.0000
24.0000
24.0000
24.0000
24.0000
24.0000
24.0000
24.0000
24.0000
24.0000
24.0000
24.0000
24.0000
24.0000
24.0000
24.0000
24.0000
24.0000
24.0000
24.0000
24.0000
24.0000
24.0000
24.0000
24.0000
24.0000
24.0000
24.0000
24.0000
24.0000
24.0000
24.0000
24.0000
24.0000
24.0000
24.0000
24.0000
24.0000
24.0000
24.0000
24.0000
24.0000
24.0000
24.0000
24.0000
24.0000
24.0000
24.0000
24.0000
24.0000
24.0000
24.0000
24.0000
24.0000
24.0000
24.0000
24.0000
24.0000
24.0000
24.0000
24.0000
24.0000
24.0000
24.0000
24.0000
24.0000
24.0000
24.0000
24.0000
24.0000
24.0000
24.0000
24.0000
24.0000
24.0000
24.0000
24.0000
24.0000
24.0000
24.0000
24.0000
24.0000
24.0000
24.0000
24.0000
24.0000
24.0000
24.0000
24.0000
24.0000
24.0000
24.0000
24.0000
24.0000
24.0000
24.0000
24.0000
24.0000
24.0000
24.0000
24.0000
24.0000
24.0000
24.0000
24.0000
24.0000
24.0000
24.0000
24.0000
24.0000
24.0000
24.0000
24.0000
24.0000
24.0000
24.0000
24.0000
24.0000
24.0000
24.0000
24.0000
24.0000
24.0000
24.0000
24.0000
24.0000
24.0000
24.0000
24.0000
24.0000
24.0000
24.0000
24.0000
24.0000
24.0000
24.0000
24.0000
24.0000
24.0000
24.0000
24.0000
24.0000
24.0000
24.0000
24.0000
24.0000
24.0000
24.0000
24.0000
24.0000
24.0000
24.0000
24.0000
24.0000
24.0000
24.0000
24.0000
24.0000
24.0000
24.0000
24.0000
24.0000
24.0000
24.0000
24.0000
24.0000
24.0000
24.0000
24.0000
24.0000
24.0000
24.0000
24.0000
24.0000
24.0000
24.0000
24.0000
24.0000
24.0000
24.0000
24.0000
24.0000
24.0000
24.0000
24.0000
24.0000
24.0000
24.0000
24.0000
24.0000
24.0000
24.0000
24.0000
24.0000
24.0000
24.0000
24.0000
24.0000
24.0000
24.0000
24.0000
24.0000
24.0000
24.0000
24.0000
24.0000
24.0000
24.0000
24.0000
24.0000
24.0000
24.0000
24.0000
24.0000
24.0000
24.0000
24.0000
24.0000
24.0000
24.0000
24.0000
24.0000
24.0000
24.0000
24.0000
24.0000
24.0000
24.0000
24.0000
24.0000
24.0000
24.0000
24.0000
24.0000
24.0000
24.0000
24.0000
24.0000
24.0000
24.0000
24.0000
24.0000
24.0000
24.0000
24.0000
24.0000
24.0000
24.0000
24.0000
24.0000
24.0000
24.0000
24.0000
24.0000
24.0000
24.0000
24.0000
24.0000
24.0000
24.0000
24.0000
24.0000
24.0000
24.0000
24.0000
24.0000
24.0000
24.0000
24.0000
24.0000
24.0000
24.0000
24.0000
24.0000
24.0000
24.0000
24.0000
24.0000
24.0000
24.0000
24.0000
24.0000
24.0000
24.0000
24.0000
24.0000
24.0000
24.0000
24.0000
24.0000
24.0000
24.0000
24.0000
24.0000
24.0000
24.0000
24.0000
24.0000
24.0000
24.0000
24.0000
24.0000
24.0000
24.0000
24.0000
24.0000
24.0000
24.0000
24.0000
24.0000
24.0000
24.0000
24.0000
24.0000
24.0000
24.0000
24.0000
24.0000
24.0000
24.0000
24.0000
24.0000
24.0000
24.0000
24.0000
24.0000
24.0000
24.5743
24.9048
25.1190
25.2729
25.3890
25.4772
25.5449
25.5969
25.5999
25.5999
25.5999
25.5999
25.0245
25.0005
24.9999
24.9999
24.9999
24.9999
24.9999
24.9999
24.9999
24.9999
24.9999
24.9999
24.1109
24.0053
23.9999
23.9996
23.9997
23.9997
23.9997
23.9998
23.9998
23.9998
23.9998
23.9999
23.9999
23.9999
23.9999
23.9999
23.9999
23.9999
23.9999
23.9999
23.9999
23.9999
23.9999
23.9999
23.9999
24.0000
24.0000
24.0000
24.0000
24.0000
24.0000
24.0000
24.0000
24.0000
24.0000
24.0000
24.0000
24.0000
24.0000
24.0000
24.0000
24.0000
24.0000
24.0000
24.0000
24.0000
24.0000
24.0000
24.0000
24.0000
24.0000
24.0000
24.0000
24.0000
24.0000
24.0000
24.0000
24.0000
24.0000
24.0000
24.0000
24.0000
24.0000
24.0000
24.0000
24.0000
24.0000
24.0000
24.0000
24.0000
24.0000
24.0000
24.0000
24.0000
24.0000
24.0000
24.0000
24.0000
24.0000
24.0000
24.0000
24.0000
24.0000
24.0000
24.0000
24.0000
24.0000
24.0000
24.0000
24.0000
24.0000
24.0000
24.0000
24.0000
24.0000
24.0000
24.0000
24.0000
24.0000
24.0000
24.0000
24.0000
24.0000
24.0000
24.0000
24.0000
24.0000
24.0000
24.0000
24.0000
24.0000
24.0000
24.0000
24.0000
24.0000
24.0000
24.0000
24.0000
24.0000
24.0000
24.0000
24.0000
24.0000
24.0000
24.0000
24.0000
24.0000
24.0000
24.0018
24.0032
24.0021
24.0044
24.0061
24.0026
24.0042
24.0037
24.0022
24.0001
24.0000
24.0000
24.0000
24.0000
24.0000
24.0000
24.0000
24.0000
24.0000
24.0000
24.0000
24.0000
24.0000
24.0000
24.0000
24.0000
24.0000
24.0000
24.0000
24.0000
24.0000
24.0000
24.0000
24.0000
24.0000
24.0000
24.0000
24.0000
24.0000
24.0000
24.0000
24.0000
24.0000
24.0000
24.0000
24.0000
24.0000
24.0000
24.0000
24.0000
24.0000
24.0000
24.8806
25.3502
25.6456
25.8513
26.0075
26.1267
26.2189
26.2921
26.3519
26.4021
26.4452
26.4831
26.5170
26.5479
26.5761
26.6019
26.6257
26.6477
26.6680
26.6868
26.6999
26.7000
26.7000
26.7000
25.3713
24.7575
24.4755
24.3254
24.2314
24.1628
24.1067
24.0571
24.0113
23.9680
23.9265
23.8865
23.8476
23.8098
23.7730
23.7369
23.7017
23.6673
23.6335
23.6006
23.5684
23.5368
23.5058
23.4754
23.4456
23.4165
23.3880
23.3600
23.3325
23.3056
23.2791
23.2531
23.2275
23.2024
23.1777
23.1534
23.1294
23.1058
23.0826
23.0597
23.0372
23.0150
22.9931
22.9714
22.9499
22.9288
22.9079
22.8871
22.8666
22.8463
22.8262
22.8063
22.7866
22.7671
22.7478
22.7286
22.7096
22.6907
22.6720
22.6535
22.6350
22.6167
22.5985
22.5804
22.5624
22.5443
22.5262
22.5080
22.4899
22.4717
22.4536
22.4357
22.4182
22.4013
22.3855
22.3708
22.3572
22.3445
22.3327
22.3217
22.3115
22.3020
22.2931
22.2847
24.8287
26.4092
26.6593
26.6685
26.6690
26.6692
26.6693
26.6694
26.6695
26.6695
26.6696
26.6696
26.6697
26.6697
26.6697
26.6698
26.6698
26.6698
26.6699
26.6699
26.6699
26.6699
26.6700
26.6700
26.6700
26.6700
26.6700
26.6700
26.6700
26.6700
26.6700
26.6700
26.6700
26.6700
26.6700
26.6700
26.6700
26.6700
26.6767
26.6897
26.7078
26.7298
26.7546
26.7816
26.8102
26.8398
26.8702
26.9012
26.9328
26.9648
26.9974
27.0511
27.0784
27.1076
27.6027
27.4861
27.4358
27.4097
27.3989
27.4007
27.4113
27.4284
27.9173
27.7919
27.7344
27.7008
27.6858
28.1579
28.0130
27.9427
27.8990
27.8760
27.8864
28.3550
28.2242
28.1460
28.0961
28.0682
28.0566
28.0563
28.0640
28.0776
28.0953
28.5828
28.4605
28.3971
28.3616
28.3455
28.3424
28.3480
28.3600
28.3765
28.3963
28.4185
28.9090
28.7893
28.7249
28.6893
28.6722
28.6681
29.1450
29.0123
28.9383
28.8952
28.8719
28.8629
28.8638
28.8716
28.8840
29.3662
29.2398
29.1712
29.1311
29.1093
29.1009
29.1016
29.5766
29.4428
29.3675
29.3221
29.2962
29.2842
29.2818
29.2855
29.2930
29.3030
29.7790
29.6421
29.5641
30.0123
29.7066
29.6305
29.5801
29.5466
29.5248
29.5109
30.0237
29.7071
29.6456
29.6021
29.5705
29.5470
29.5289
29.5144
29.5023
29.4916
29.4819
29.4728
29.4640
29.9660
29.7054
29.6324
30.1953
29.7117
29.6402
29.5860
30.1149
29.7093
29.6348
29.5793
29.5370
29.5041
29.4779
29.4569
29.4396
29.4251
29.4126
29.4017
29.3919
29.9016
29.7037
29.6063
29.5375
29.4874
29.4501
29.4215
29.3993
29.9036
29.7037
29.6002
27.8834
27.1238
26.7779
26.5807
26.4478
26.3468
26.2611
26.1838
26.1115
26.0428
25.9767
25.9128
25.8507
25.7904
25.7317
25.6745
25.6187
25.5643
25.5112
25.4594
25.4088
25.3594
25.3112
25.2640
25.2179
25.1728
25.1286
25.0852
25.0427
25.0011
24.9604
24.9204
24.8813
24.8430
24.8053
24.7684
24.7320
24.6963
24.6612
24.6264
24.5924
24.5588
24.5256
24.4928
24.4605
24.4287
24.3973
24.3663
24.3356
24.3054
24.2754
24.2458
24.2164
24.1874
24.1587
24.1302
24.1019
24.0739
24.0462
24.0187
23.9915
23.9645
23.9377
23.9112
23.8848
23.8585
23.8324
23.8066
23.7808
23.7553
23.7299
23.7046
23.6795
23.6546
23.6299
23.6053
23.5809
23.5566
23.5322
23.5081
23.4841
23.4602
23.4363
23.4126
23.3890
23.3655
23.3422
23.3190
23.2959
23.2728
23.2497
23.2264
23.2034
23.1806
23.1578
23.1353
23.1133
23.0921
23.0723
23.0537
23.0363
23.0199
23.0045
22.9899
22.9763
22.9634
22.9512
22.9396
25.4681
26.6211
26.6686
26.6693
26.6694
26.6694
26.6695
26.6695
26.6695
26.6696
26.6696
26.6697
26.6698
26.6698
26.6698
26.6699
26.6699
26.6699
26.6699
26.6700
26.6700
26.6700
26.6700
26.6700
26.7093
26.7086
26.7216
26.7428
26.7904
26.8145
26.8432
26.8752
26.9095
26.9453
26.9819
27.0192
27.0569
27.0948
27.1536
27.1859
27.2197
27.2545
27.2899
27.3257
27.3616
27.8657
27.7514
27.7048
27.6826
27.6750
27.6794
27.6923
27.7109
27.7335
27.7590
28.2747
28.1501
28.0926
28.0610
28.5311
28.3719
28.2958
28.2501
28.2236
28.2126
28.2126
28.2204
28.2341
28.2520
28.2728
28.7627
28.6445
28.6207
28.5937
28.5641
28.5503
28.5483
28.5552
28.5683
28.5855
28.6062
28.6289
28.6532
28.6786
28.7218
28.7429
28.7664
28.7914
28.8174
28.8441
28.8712
28.9153
28.9374
28.9615
28.9867
29.0127
29.0556
29.0771
29.1006
29.1254
29.1511
29.1772
29.2037
29.2303
29.2571
29.2838
29.3104
29.3368
29.3629
29.3887
29.4139
29.4386
29.4626
29.4861
29.5088
29.5308
29.5521
29.5727
29.5925
29.6116
29.6302
29.6481
29.6656
29.6825
29.6988
29.7005
29.7006
29.7006
29.7006
29.7006
29.7006
29.7006
29.7006
29.7006
29.7006
29.7006
29.7006
29.7006
29.7006
29.7006
29.7006
29.7006
29.7006
29.7006
29.7006
29.7006
29.7006
29.7005
29.7005
29.7005
29.7005
29.7005
29.7005
29.7005
29.7005
29.6996
29.6975
29.6947
29.6911
29.6869
29.6822
29.6772
29.6720
29.6666
29.6611
29.6555
29.6497
29.6440
29.6382
29.6323
29.6264
29.6206
29.6147
29.6088
29.6029
29.5970
29.5911
29.5852
29.5793
29.5733
27.9083
27.2596
26.9535
26.7713
26.6458
26.5477
26.4630
26.3856
26.3128
26.2431
26.1759
26.1106
26.0469
25.9848
25.9243
25.8652
25.8075
25.7511
25.6961
25.6424
25.5900
25.5389
25.4890
25.4402
26.5078
26.6947
26.6999
26.7000
26.7000
26.6999
26.6999
26.6999
26.6999
26.6999
26.6999
26.6999
26.6999
26.6999
26.6999
26.6999
26.6999
26.6999
26.6999
26.6999
26.6999
26.6999
26.6999
26.6999
26.6999
26.6999
26.6999
26.6999
26.7000
26.7000
26.7000
26.7000
26.7000
26.7000
26.7000
26.7000
26.7000
26.7000
26.7000
26.7000
26.7000
26.7000
26.7000
26.7000
26.7000
26.7000
26.7000
26.7000
26.7000
26.7000
26.7000
26.7000
26.7000
26.7000
26.7000
26.7000
26.7000
26.7000
26.7000
26.7000
25.7053
25.6054
25.6003
25.6001
25.6001
25.6000
25.6000
25.6000
25.6000
25.6000
25.6000
25.6000
25.0549
25.0031
25.0002
25.0001
25.0001
25.0001
25.0000
25.0000
25.0000
25.0000
25.0000
25.0000
24.6647
24.5125
24.4417
24.3924
24.3577
24.3295
24.3263
24.2930
24.2685
24.2493
24.2307
24.2142
24.2213
24.1962
24.1792
24.1666
24.1565
24.1478
24.1402
24.1337
24.1278
24.1226
24.1180
24.1139
24.1103
24.1072
24.1044
24.1020
24.0999
24.0981
24.0966
24.0952
24.0939
24.0929
24.0919
24.0911
24.1042
24.0956
24.0903
24.0894
24.0900
24.0914
24.0937
24.0968
24.1006
24.1049
24.1096
24.1144
24.1191
24.1236
24.1280
24.1322
24.1362
24.1400
24.1649
24.1557
24.1547
24.1563
24.1591
24.1625
24.1664
24.1706
24.1752
24.1809
24.1856
24.1904
24.1952
24.1999
24.2045
24.2079
24.2128
24.2172
24.2642
24.2435
24.2392
24.2401
24.2429
24.2465
24.2721
24.2643
24.2647
24.2677
24.2713
24.2767
24.2824
24.2884
24.2943
24.3002
24.3062
24.3123
24.3185
24.3247
24.3310
24.3373
24.3437
24.3500
24.3564
24.3628
24.3692
24.3757
24.3822
24.3888
24.3954
24.4022
24.4091
24.4161
24.4231
24.4302
24.4374
24.4447
24.4522
24.4599
24.4677
24.4754
24.4832
24.4908
24.4985
24.5062
24.5138
24.5212
24.5285
24.5357
24.5423
24.5481
24.5531
24.5572
24.5605
24.5628
24.5642
24.5646
24.5637
24.5613
24.5572
24.5515
24.5442
24.5355
24.5256
24.5147
24.5027
24.4900
24.4767
24.4629
24.4486
24.4340
24.4192
24.4042
24.3889
24.3734
24.3580
24.3426
24.3272
24.3118
24.2966
24.2814
24.2664
24.2515
24.2367
24.2220
24.2075
24.1931
24.1790
24.1650
24.1511
24.1374
24.1239
24.1105
24.0972
24.0841
24.0711
24.0583
24.0453
24.0324
24.0196
24.0069
23.9943
23.9818
23.9695
23.9572
23.9451
23.9330
23.9214
23.9090
23.8963
23.8834
23.8703
23.8572
23.8441
23.8310
23.8180
24.7853
25.2966
25.6201
25.8462
26.0032
26.1164
26.2015
26.2683
26.3229
26.3689
26.4090
26.4446
26.4768
26.5063
26.5336
26.5591
26.5830
26.6055
26.6268
26.6470
26.6662
26.6844
26.6997
26.6999
26.6999
26.6999
26.6999
26.6999
26.6999
26.6999
26.6999
26.6999
26.6999
26.6999
26.6999
26.6999
26.6999
26.6999
26.7000
26.7000
26.7000
26.7000
26.7000
26.7000
26.7000
26.7000
26.7000
26.7000
26.7000
26.7000
26.7000
26.7000
26.7000
26.7000
26.7000
26.7000
26.7000
26.7000
26.7000
26.7000
26.7000
26.7000
26.7000
26.7000
26.7000
26.7000
26.7000
26.7000
26.7000
26.7000
26.7000
26.7000
26.7000
26.7000
26.7000
25.6628
25.6022
25.6001
25.6000
25.6000
25.6000
25.6000
25.6000
25.6000
25.6000
25.6000
25.6000
25.0330
25.0015
25.0001
25.0000
25.0000
25.0000
25.0000
25.0000
25.0000
25.0000
25.0000
25.0000
24.4352
24.1897
24.0716
24.0043
24.0000
23.9998
23.9998
23.9998
23.9999
23.9999
23.9999
23.9999
23.9999
24.0000
24.0000
24.0000
24.0000
24.0000
24.0000
24.0000
24.0000
24.0000
24.0000
24.0000
24.0000
24.0000
24.0000
24.0000
24.0000
24.0001
24.0000
24.0000
24.0000
24.0000
24.0000
24.0000
24.0000
24.0000
24.0000
24.0000
24.0000
24.0000
24.0000
24.0000
24.0000
24.0000
24.0000
24.0000
24.0000
24.0000
24.0000
24.0000
24.0000
24.0000
24.0000
24.0000
24.0000
24.0000
24.0000
24.0000
24.0000
24.0000
24.0000
24.0000
24.0000
24.0000
24.0000
24.0000
24.0000
24.0000
24.0000
24.0000
24.0000
24.0000
24.0000
24.0000
24.0000
24.0000
24.0000
24.0000
24.0000
24.0000
24.0000
24.0000
24.0000
24.0000
24.0000
24.0000
24.0000
24.0000
24.0020
24.0069
24.0130
24.0198
24.0269
24.0345
24.0422
24.0502
24.0582
24.0663
24.0745
24.0829
24.0912
24.0997
24.1080
24.1166
24.1250
24.1333
24.1417
24.1499
24.1584
24.1669
24.1752
24.1834
24.1914
24.1991
24.2068
24.2142
24.2214
24.2278
24.2348
24.2394
24.2461
24.2511
24.2545
24.2578
24.2600
24.2580
24.2611
24.2615
24.2612
24.2597
24.2818
24.2638
24.2549
24.2482
24.2420
24.2358
24.2293
24.2226
24.2156
24.2083
24.2009
24.1933
24.1856
24.1778
24.1699
24.1619
24.1538
24.1457
24.1376
24.1296
24.1216
24.1137
24.1058
24.0979
24.0901
24.0823
24.0747
24.0670
24.0595
24.0521
24.0447
24.0373
24.0299
24.0225
24.0153
24.0080
24.0007
24.0000
24.0000
24.0000
24.0000
24.0000
24.0000
24.0000
24.0000
24.0000
24.0000
24.0000
24.0000
24.0000
24.0000
24.0000
24.0000
24.0000
24.0000
24.0000
24.0000
24.0000
24.0000
24.0000
24.0000
24.0000
24.0000
24.0000
24.0000
24.0000
24.0000
24.0000
24.0000
24.0000
24.0000
24.0000
24.0000
24.0000
24.0000
24.0000
24.0000
24.0000
24.0000
24.0000
24.0000
24.0000
24.0000
24.0000
24.0000
24.0000
24.0000
24.0000
24.0000
24.0000
24.0000
24.0000
24.0000
24.0000
24.0000
24.0000
24.0000
24.0000
24.0000
24.0000
24.0000
24.0000
24.0000
24.0000
24.0000
24.0000
24.0000
24.0000
24.0000
24.0000
24.0000
24.0000
24.0000
24.0000
24.0000
24.0000
24.0000
24.0000
24.0000
24.0000
24.0000
24.0000
24.0000
24.0000
24.0000
24.0000
24.0000
24.0000
24.0000
24.0000
24.0000
24.0000
24.0000
24.0000
24.0000
24.0000
24.0000
24.0000
24.0000
24.0000
24.0000
24.0000
24.0000
24.0000
24.0000
24.0000
24.0000
24.0000
24.0000
24.0000
24.0000
24.0000
24.0000
24.0000
24.0000
24.0000
23.9999
23.9999
23.9999
23.9999
23.9999
23.9999
24.0000
24.0000
24.0000
24.0000
24.0000
24.0000
24.0000
24.0000
24.0000
24.0000
24.0000
24.0000
24.0000
24.0000
24.0000
24.0000
24.0000
24.0000
24.0000
24.0000
24.0000
24.0000
24.0000
24.0000
24.0000
24.0000
24.0000
24.0000
24.0000
24.0000
24.0000
24.0000
24.0000
24.0000
24.0000
24.0000
24.0000
24.0000
24.0000
24.0000
24.0000
24.0000
24.0000
24.0000
24.0000
24.0000
24.0000
24.0000
24.0000
24.0000
24.0000
24.0000
24.0000
24.0000
24.0000
24.0000
24.0000
24.0000
24.0000
24.0000
24.0000
24.0000
24.0000
24.0000
24.0000
24.0000
24.0000
24.0000
24.0000
24.0000
24.0000
24.0000
24.0000
24.0000
24.0000
24.0000
24.0000
24.0000
24.0000
24.0000
24.0000
24.0000
24.0000
24.0000
24.0000
24.0000
24.0000
24.0000
24.0000
24.0000
24.0000
24.0000
24.0000
24.0000
24.0000
24.0000
24.0000
24.0000
24.0000
24.0000
24.0000
24.0000
24.0000
24.0000
24.0000
24.0000
24.0000
24.0000
24.0000
24.0000
24.0000
24.0000
24.0000
24.0000
24.0000
24.0000
24.0000
24.0000
24.0000
24.0000
24.0000
24.0000
24.0000
24.0000
24.0000
24.0000
24.0000
24.0000
24.0000
24.0000
24.0000
24.0000
24.0000
24.0000
24.0000
24.0000
24.0000
24.0000
24.0000
24.0000
24.0000
24.0000
24.0000
24.0000
24.0000
24.0000
24.0000
24.0000
24.0000
24.0000
24.0000
24.0000
24.0000
24.0000
24.0000
24.0000
24.0000
24.0000
24.0000
24.0000
24.0000
24.0000
24.0000
24.0000
24.0000
24.0000
24.0000
24.0000
24.0000
24.0000
24.0000
24.0000
24.0000
24.0000
24.0000
24.0000
24.0000
24.0000
24.0000
24.0000
24.0000
24.0000
24.0000
24.0000
24.0000
24.0000
24.0000
24.0000
24.0000
24.0000
24.0000
24.0000
24.0000
24.0000
24.0000
24.0000
24.0000
24.0000
24.0000
24.0000
24.0000
24.0000
24.0000
24.0000
24.0000
24.0000
24.0000
24.0000
24.0000
24.0000
24.0000
24.0000
24.0000
24.0000
24.0000
24.0000
24.0000
24.0000
24.0000
24.0000
24.0000
24.0000
24.0000
24.0000
24.0000
24.0000
24.0000
24.0000
24.0000
24.0000
24.0000
24.0000
24.0000
24.0000
24.0000
24.0000
24.0000
24.0000
24.0000
24.0000
24.0000
24.0000
24.0000
24.0000
24.0000
24.0000
24.0000
24.0000
24.0000
24.0000
24.0000
24.0000
24.0000
24.0000
24.0000
24.0000
24.0000
24.0000
24.0000
24.0000
24.0000
24.0000
24.0000
24.0000
24.0000
24.0000
24.0000
24.0000
24.0000
24.0000
24.0000
24.0000
24.0000
24.0000
24.0000
24.0000
24.0000
24.0000
24.0000
24.0000
24.0000
24.0000
24.0000
24.0000
24.0000
24.0000
24.0000
24.0000
24.0000
24.0000
24.0000
24.0000
24.0000
24.0000
24.0000
24.0000
24.0000
24.0000
24.0000
24.0000
24.0000
24.0000
24.0000
24.0000
24.0000
24.0000
24.0000
24.0000
24.0000
24.0000
24.0000
24.0000
24.0000
24.0000
24.0000
24.0000
24.0000
24.0000
24.0000
24.0000
24.0000
24.0000
24.0000
24.0000
24.0000
24.0000
24.0000
24.0000
24.0000
24.0000
24.0000
24.0000
24.0000
24.0000
24.0000
24.0000
24.0000
24.0000
24.0000
24.0000
24.0000
24.0000
24.0000
24.0000
24.0000
24.0000
24.0000
24.0000
24.0000
24.0000
24.0000
24.0000
24.0000
24.0000
24.0000
24.0000
24.0000
24.0000
24.0000
24.0000
24.0000
24.0000
24.0000
24.0000
24.0000
24.0000
24.0000
24.0000
24.0000
24.0000
24.0000
24.0000
24.0000
24.0000
24.0000
24.0000
24.0000
24.0000
24.0000
24.0000
24.0000
24.0000
24.0000
24.0000
24.0000
24.0000
24.0000
24.0000
24.0000
24.0000
24.0000
24.0000
24.0000
24.0000
24.0000
24.0000
24.0000
24.0000
24.0000
24.0000
24.0000
24.0000
24.0000
24.0000
24.0000
24.0000
24.0000
24.0000
24.0000
24.0000
24.0000
24.0000
24.0000
24.0000
24.0000
24.0000
24.0000
24.0000
24.0000
24.0000
24.0000
24.0000
24.0000
24.0000
24.0000
24.0000
24.0000
24.0000
24.0000
24.0000
24.0000
24.0000
24.0000
24.0000
24.0000
24.0000
24.0000
24.0000
24.0000
24.0000
24.0000
24.0000
24.0000
24.0000
24.0000
24.0000
24.0000
24.0000
24.0000
24.0000
24.0000
24.0000
24.0000
24.0000
24.0000
24.0000
24.0000
24.0000
24.0000
24.0000
24.0000
24.0000
24.0000
24.0000
24.0000
24.0000
24.0000
24.0000
24.0000
24.0000
24.0000
24.0000
24.0000
24.0000
24.0000
24.0000
24.0000
24.0000
24.0000
24.0000
24.0000
24.0000
24.0000
24.0000
24.0000
24.0000
24.0000
24.0000
24.0000
24.0000
24.0000
24.0000
24.0000
24.0000
24.0000
24.0000
24.0000
24.0000
24.0000
24.0000
24.0000
24.0000
24.0000
24.0000
24.0000
24.0000
24.0000
24.0000
24.0000
24.0000
24.0000
24.0000
24.0000
24.0000
24.0000
24.0000
24.0000
24.0000
24.0000
24.0000
24.0000
24.0000
24.0000
24.0000
24.0000
24.0000
24.0000
24.0000
24.0000
24.0000
24.0000
24.0000
24.0000
24.0000
24.0000
24.0000
24.0000
24.0000
24.0000
24.0000
24.0000
24.0000
24.0000
24.0000
24.0000
24.0000
23.5253
23.3512
23.2603
23.2065
23.1692
23.1399
23.1148
23.0924
23.0718
23.0523
23.0338
23.0166
23.0013
22.9887
22.9790
22.9719
22.9666
22.9627
22.9597
22.9574
22.9554
22.9535
22.9516
22.9497
22.9511
22.9449
22.9433
22.9414
22.9413
22.9380
22.9568
22.9462
22.9621
22.9449
22.9369
22.9333
22.9564
22.9429
22.9393
22.9398
22.9425
22.9465
22.9745
22.9670
22.9680
22.9722
22.9779
22.9844
23.0145
23.0084
23.0109
23.0163
23.0231
23.0302
23.0376
23.0451
23.0528
23.0607
23.0684
23.0762
23.1067
23.1012
23.1039
23.1322
23.1259
23.1283
23.1562
23.1495
23.1512
23.1560
23.1621
23.1686
23.1753
23.1823
23.1895
23.2197
23.2141
23.2170
23.2225
23.2292
23.2362
23.2435
23.2506
23.2578
23.2650
23.2723
23.2798
23.2873
23.2951
23.3026
23.3100
23.3174
23.3249
23.3322
23.3397
23.3472
23.3546
23.3622
23.3695
23.4002
23.3946
23.4207
23.4596
23.4362
23.4338
23.4381
23.4454
23.4539
23.4631
23.4728
23.4824
23.4918
23.5013
23.5108
23.5206
23.5302
23.5400
23.5498
23.5597
23.5697
23.5798
23.5897
23.5997
23.6097
23.6197
23.6297
23.6397
23.6495
23.6595
23.6693
23.6791
23.6888
23.6986
23.7083
23.7182
23.7282
23.7380
23.7477
23.7572
23.7665
23.7757
23.7846
23.7934
23.8020
23.8089
23.8165
23.8249
23.8315
23.8376
23.8418
23.8465
23.8459
23.8510
23.8534
23.8545
23.8545
23.8536
23.8526
23.8498
23.8466
23.8431
23.8391
23.8349
23.8304
23.8256
23.8206
23.8155
23.8103
23.8050
23.7997
23.7942
23.7887
23.7831
23.7775
23.7720
23.7665
23.7611
23.7557
23.7503
23.7450
23.7396
23.7343
23.7291
23.7240
23.7189
23.7138
23.7088
23.7038
23.6989
23.6940
23.6891
23.6842
23.6794
23.6746
23.6697
23.6646
23.6595
23.6545
23.6495
23.6445
23.6396
23.6347
23.6298
23.6249
23.6170
23.6139
23.6090
23.6035
23.5980
23.5926
23.5875
23.5828
23.5783
23.5743
23.5704
23.5669
23.5635
23.5603
23.5572
23.5542
23.5512
23.5483
23.5454
23.5424
23.5395
23.5365
23.5335
