496.8358
496.3483
495.8582
495.3658
494.8713
494.3750
493.8771
493.3779
492.8776
492.3765
491.8747
491.3724
490.8699
490.3674
489.8649
489.3627
488.8609
488.3596
487.8591
487.3593
486.8606
486.3629
485.8664
485.3712
484.8774
484.3851
483.8943
483.4053
482.9181
482.4326
481.9491
481.4675
480.9879
480.5103
480.0349
479.5616
479.0904
478.6215
478.1548
477.6904
477.2283
476.7686
476.3111
475.8561
475.4034
474.9531
474.5053
474.0598
473.6168
473.1763
472.7382
472.3025
471.8694
471.4387
471.0104
470.5847
470.1614
469.7405
469.3222
468.9063
468.4928
468.0819
467.7054
467.3373
466.9744
466.6152
466.2585
465.9038
465.5505
465.1982
464.8467
464.4959
464.1456
463.7959
463.4693
463.1497
462.8362
462.5286
462.2270
461.9312
461.6414
461.3574
461.0793
460.8071
460.5405
460.2796
459.0642
458.1277
457.1936
456.2654
455.3665
454.5212
453.7388
453.0314
452.5444
452.2764
452.2237
452.3892
452.7588
467.2819
480.5636
486.2193
491.9062
497.7365
497.3721
497.4431
504.8999
512.0523
525.5371
537.8311
549.0267
559.3209
568.8611
577.7524
586.0656
593.8706
601.2052
608.1466
614.6794
620.8549
626.5603
631.8937
636.9287
641.6258
646.0201
650.0056
653.6807
656.9981
660.0002
663.0163
665.9428
668.8524
671.7110
674.5132
677.2552
679.9345
682.5494
685.0536
681.2604
678.3240
676.0732
674.2538
672.6145
671.2003
670.0318
669.1883
668.6013
668.0895
667.8142
667.7429
667.8393
668.0749
668.4325
668.9097
669.5002
670.1896
670.9542
671.7550
672.5527
679.6683
685.6901
690.8729
695.3226
699.2290
702.6900
705.7892
708.5250
711.0281
713.3187
715.4884
717.5740
719.5921
721.7032
723.8511
726.0050
728.1480
730.2712
732.3489
734.2922
736.0838
737.7290
739.2424
740.6399
741.9307
736.9774
732.9436
729.6645
727.0074
725.0207
723.5360
728.7401
733.2333
736.9764
740.1515
742.8681
745.2274
747.1401
748.7463
750.1114
751.2559
752.2112
753.0046
753.6606
754.2005
754.6427
747.2753
741.0045
735.3455
730.0087
724.8804
719.8240
714.8629
710.0136
705.0589
700.0616
695.0931
690.1195
685.1678
680.2256
675.2656
670.3118
665.3850
660.4976
655.6581
650.8737
646.1495
641.4893
636.8962
632.3726
627.9200
623.5403
619.2345
615.0032
610.8467
606.7647
602.7569
598.8228
594.9618
591.1733
587.4562
583.8098
580.2335
576.7262
573.2869
569.9147
566.6080
563.3659
560.1871
557.0706
554.0151
551.0198
548.0832
545.2044
542.3823
539.6160
536.9049
534.2475
531.6435
529.0923
526.5927
524.1439
521.7448
519.3943
517.0916
514.8355
512.6252
511.6472
510.7879
510.0214
509.3268
508.6875
508.0901
507.5243
506.9818
506.4562
505.9423
505.4363
504.9351
504.4365
503.9387
503.4406
502.9412
502.4399
501.9365
501.4306
500.9222
500.4113
499.8980
499.3824
498.8647
498.3452
497.8240
497.3014
496.7776
496.2529
495.7275
495.2016
494.6754
494.1492
493.6231
493.0973
492.5721
492.0474
491.5235
491.0005
490.4786
489.9578
489.4384
488.9203
488.4038
487.8889
487.3758
486.8645
486.3550
485.8476
485.3423
484.8391
484.3381
483.8394
483.3429
482.8489
482.3572
481.8679
481.3811
480.8967
480.4149
479.9356
479.4588
478.9845
478.5128
478.0437
477.5771
477.1132
476.6519
476.1932
475.7371
475.2837
474.8329
474.3848
473.9393
473.4965
473.0564
472.6190
472.1842
471.7521
471.3226
470.8957
470.4715
470.0498
469.6308
469.2461
468.8700
468.4993
468.1323
467.7680
467.4058
467.0451
466.6856
466.3270
465.9693
465.6123
465.2559
464.9232
464.5979
464.2789
463.9660
463.6593
463.3586
463.0641
462.7756
462.4931
462.2165
461.9458
461.6809
460.4597
459.5147
458.5791
457.6611
456.7864
455.9786
455.2463
454.5923
454.0211
453.6351
453.4165
453.3723
466.8886
478.9449
490.0100
500.2226
509.7220
518.6535
527.1017
535.1538
542.8574
550.2808
557.4625
564.4206
571.1628
577.7157
584.0744
590.2533
596.2636
602.1136
607.8080
613.3506
618.7462
623.9703
629.0422
633.9528
629.7094
626.2243
623.1816
620.4576
618.0448
615.9465
614.1506
612.6664
611.4883
610.5981
609.9770
609.6061
609.4617
609.5269
609.7877
610.2277
610.8332
611.5813
612.4569
613.4650
614.5832
615.8102
617.1404
618.5665
620.0770
630.2606
646.2903
660.5460
673.1760
684.3773
694.3222
703.1699
711.0501
718.0099
724.1572
729.5683
733.9863
737.3190
739.8277
741.7602
743.2573
744.4784
745.4562
746.2552
746.9388
747.5964
748.2046
748.7978
749.3877
749.9694
750.5342
751.1069
751.6956
746.1520
741.5795
737.8091
734.3475
731.2567
728.5355
726.1590
724.0931
722.2954
720.7360
725.6533
729.7316
733.1255
735.9547
738.3226
740.5090
742.4949
744.2837
745.8867
747.3372
748.6544
749.6523
750.4337
751.4446
752.3983
753.3198
754.2167
755.0923
755.9483
756.7851
757.6031
761.0514
755.8302
751.4791
747.4012
743.2815
739.0959
734.8178
730.3334
725.7400
721.0737
716.3445
711.5225
706.6526
701.6532
696.5759
691.4714
686.3665
681.2792
676.2237
671.2103
666.2467
661.3382
656.4891
651.7029
646.9815
642.3268
637.7402
633.2231
628.7767
624.4015
620.0976
615.8655
611.7051
607.6163
603.5989
599.6528
595.7780
591.9744
588.2416
584.5792
580.9864
577.4626
574.0068
570.6182
567.2959
564.0387
560.8456
557.7155
554.6476
551.6406
548.6926
545.8033
542.9716
540.1966
537.4771
534.8120
532.2004
529.6410
527.1331
524.6754
523.6082
522.6636
521.8151
521.0410
520.3241
519.6509
519.0104
518.3946
517.7965
517.2111
516.6342
516.0628
515.4945
514.9276
514.3609
513.7933
513.2245
512.6538
512.0812
511.5066
510.9299
510.3513
509.7710
509.1890
508.6057
508.0210
507.4354
506.8490
506.2621
505.6749
505.0876
504.5005
503.9138
503.3276
502.7422
502.1577
501.5744
500.9923
500.4117
499.8326
499.2552
498.6796
498.1060
497.5343
496.9648
496.3974
495.8323
495.2696
494.7092
494.1513
493.5960
493.0432
492.4930
491.9455
491.4007
490.8587
490.3195
489.7832
489.2496
488.7189
488.1911
487.6662
487.1442
486.6250
486.1087
485.5954
485.0849
484.5773
484.0726
483.5708
483.0719
482.5758
482.0826
481.5923
481.1048
480.6202
480.1384
479.6595
479.1835
478.7102
478.2398
477.7723
477.3075
476.8455
476.4076
475.9707
475.5363
475.1058
474.6794
474.2573
473.8390
473.4243
473.0127
472.6039
472.1976
471.7934
471.3396
470.9489
470.5726
470.2088
469.8568
469.5161
469.1862
468.8667
468.5570
468.2566
467.9646
467.6790
466.2238
465.1083
464.0146
462.9358
461.8925
460.9185
460.0369
459.2677
458.6357
458.1409
457.7737
457.5939
464.1659
476.6759
487.9410
498.2036
507.5178
515.9390
523.6421
530.7698
537.2875
543.3581
548.9742
554.6542
560.3277
565.8266
571.3788
576.9276
582.4166
587.8038
593.2009
598.5128
603.7065
608.7886
607.3140
606.7135
606.7668
607.3534
608.3726
615.9999
622.9112
629.2659
635.3404
641.0209
640.0790
639.8147
640.1073
640.8587
641.9864
643.4149
645.0899
646.9580
648.9809
646.6135
644.6943
648.1406
651.2535
654.1325
656.8164
659.3300
661.7184
663.9538
666.0256
667.9601
669.7546
671.4029
672.9151
680.6848
687.3587
693.1143
698.0921
702.3917
706.1073
709.2710
712.0195
714.4772
716.7049
718.7579
720.6963
722.5523
724.3461
726.1113
727.8649
729.6321
731.4117
733.3488
735.3893
737.5067
739.6741
741.8710
744.0819
746.2928
748.4616
750.5735
746.4117
743.1423
740.6044
744.9572
748.7790
752.1696
755.2032
757.9382
760.4204
762.6874
764.7708
766.6971
768.4887
770.1646
771.7425
773.2225
774.6291
775.9670
777.2645
778.4300
779.4795
780.4551
781.3501
782.1642
782.8636
783.4133
777.3283
770.6182
764.6121
758.9198
753.3452
747.8838
742.5172
737.1410
731.7014
726.2629
720.9193
715.6617
710.4778
705.2948
700.1175
694.9672
689.8527
684.7800
679.7541
674.7801
669.8618
665.0024
660.2043
655.4699
650.8011
646.1994
641.6657
637.2015
632.8078
628.4856
624.2354
620.0573
615.9517
611.9183
607.9569
604.0670
600.2488
596.5021
592.8265
589.2214
585.6860
582.2192
578.8202
575.4879
572.2211
569.0188
565.8798
562.8028
559.7866
556.8277
553.9257
551.0801
548.2900
545.5543
542.8720
540.2421
537.6636
535.1354
532.6566
530.2261
529.1994
528.3082
527.5268
526.8342
526.2134
525.6508
525.1346
524.6563
524.2100
523.7899
523.3915
523.0107
522.6445
522.2902
521.9456
521.6090
521.2788
520.9539
520.6334
520.3163
520.0012
519.6876
519.3753
519.0650
518.7557
518.4107
518.0324
517.6256
517.1949
516.7438
516.2754
515.7921
515.2961
514.7891
514.2727
513.7483
513.2170
512.6798
512.1377
511.5913
511.0413
510.4885
509.9332
509.3760
508.8173
508.2575
507.6969
507.1359
506.5747
506.0135
505.4525
504.8921
504.3323
503.7733
503.2154
502.6585
502.1028
501.5485
500.9957
500.4444
499.8947
499.3467
498.8006
498.2562
497.7138
497.1733
496.6349
496.0985
495.5642
495.0321
494.5021
493.9743
493.4488
492.9256
492.4047
491.8860
491.3697
490.8558
490.3442
489.8351
489.3283
488.8239
488.3220
487.8225
487.3592
486.9061
486.4595
486.0175
485.5790
485.1432
484.7093
484.2770
483.8459
483.4159
482.9866
482.5585
481.9795
481.5221
481.0855
480.6648
480.2591
479.8675
479.4892
479.1236
478.7700
478.4277
478.0962
477.7749
476.2205
475.0257
473.8146
472.5689
471.3096
470.1100
468.9967
468.0043
467.1926
466.5834
466.1847
465.9890
472.6054
478.9217
485.0065
490.9376
496.7482
508.9531
520.0217
530.1405
539.4252
548.0082
555.9978
563.4970
570.5593
577.2479
583.5791
589.5969
595.4581
601.1274
606.5757
611.7295
616.6215
621.3020
625.7844
630.0855
634.2208
638.2075
642.0627
645.8131
643.2715
641.5690
640.7301
640.4716
640.7079
641.4000
642.4303
643.7300
645.2417
646.9276
648.7753
657.1440
664.6118
671.2996
677.2531
682.6032
687.2445
691.3018
694.8719
698.0310
700.8149
697.0201
693.7964
691.0272
688.6282
686.5392
684.7134
683.0945
681.6732
680.3587
679.1388
678.1650
677.3295
682.8614
687.3731
691.1194
694.2500
696.9630
699.3661
695.3383
692.1635
689.8391
688.1660
687.0253
692.4707
697.0567
700.9065
704.2821
707.3236
710.1219
712.7214
715.1311
717.3752
719.6226
721.8024
723.8894
725.8788
727.7734
729.5789
731.3027
733.1045
734.9070
736.6746
738.3920
740.0554
741.6653
743.2236
744.7392
746.1990
747.5993
748.9284
750.0327
750.9966
751.8643
752.6599
753.3973
754.0861
754.7283
755.2927
755.7784
747.4802
740.7442
734.6760
729.0185
723.6253
718.4899
713.6062
708.9020
704.2347
699.5752
694.9231
690.2644
682.1772
675.0035
668.3811
662.1390
656.1910
650.4896
645.0053
639.7170
634.6086
629.6665
624.8791
620.2361
615.7287
611.3487
607.0885
602.9416
598.9020
594.9641
591.1232
587.3746
583.7145
580.1389
576.6447
573.2286
569.8877
566.6192
563.4209
560.2905
557.2259
554.2253
551.2867
548.4086
545.5892
542.8272
540.1209
537.4691
534.8705
532.3237
529.8277
527.3812
524.9831
522.6324
520.3281
518.0691
515.8544
513.6832
511.5545
509.4675
508.3265
507.6396
507.1739
506.8160
506.5100
506.2281
505.9561
505.6867
505.4164
505.1434
504.8670
504.5870
504.3037
504.0174
503.7284
503.4372
503.1441
502.8496
502.5540
502.2576
501.9607
501.6637
501.3667
501.0700
500.7736
500.3487
499.8552
499.3237
498.7705
498.2046
497.6313
497.0541
496.4752
495.8960
495.3176
494.7407
494.1658
493.5934
493.0237
492.4569
491.8933
491.3329
490.7757
490.2219
489.6715
489.1245
488.5808
488.0406
487.5037
486.9702
486.4401
485.9133
485.3897
484.8695
484.3525
483.8386
483.3280
482.8205
482.3161
481.8149
481.3167
480.8215
480.3295
479.8404
479.3543
478.8712
478.3910
477.9138
477.4395
476.9681
476.4996
476.0340
475.5712
475.1112
474.6540
474.1996
473.7480
473.2991
472.8529
472.4095
471.9688
471.5307
471.0953
470.6625
470.2324
469.8050
469.3802
468.9581
468.5387
468.1219
467.7077
467.2961
466.8871
466.4807
466.0768
465.6754
465.2765
464.9122
464.5903
464.3093
464.0641
463.8488
463.6580
463.4871
463.3320
463.1896
463.0572
462.9329
462.3065
461.4386
460.4518
459.4069
458.3358
457.2559
456.1774
455.1067
454.0477
453.0031
451.9746
450.9634
449.9700
448.9950
448.0384
447.1003
446.1805
445.2789
444.3952
443.5292
442.6804
441.8486
441.0335
440.2347
439.4519
438.6847
437.9328
437.1959
436.4736
435.7656
435.0716
434.3914
433.7246
433.0709
432.4301
431.8019
431.1860
430.5822
429.9902
429.4098
428.8408
428.2828
427.7357
427.1993
426.6734
426.1576
425.6520
425.1561
424.6698
424.1930
423.7254
423.2668
422.8171
422.3761
421.9436
421.5195
421.1036
420.6957
420.2957
419.9035
419.5188
419.1416
418.7717
418.4090
418.0532
417.7044
417.3623
417.0269
416.6979
416.3753
416.0589
415.7486
415.4444
415.1459
414.8532
414.5661
414.2846
414.0084
413.7375
413.4718
413.2113
412.9558
412.7051
412.4594
412.2183
411.9820
411.7502
411.5229
411.2999
411.0813
410.8670
410.6567
410.4506
410.2484
410.0501
409.8557
409.6650
409.4780
409.2946
409.1148
408.9384
408.7654
408.5957
408.4293
408.2662
408.1062
407.9492
407.7953
407.6444
407.4964
407.3513
407.2090
407.0694
406.9326
406.7984
406.6668
406.5377
406.4111
406.2870
406.1653
406.0916
406.0436
406.0102
405.9856
405.9665
405.9510
405.9379
405.9265
405.9162
405.9068
405.8978
405.8893
405.8810
405.8698
405.8549
405.8365
405.8149
405.7908
405.7647
405.7369
405.7078
405.6778
405.6470
405.6157
405.5839
405.5519
405.5197
405.4874
405.4550
405.4226
405.3903
405.3581
405.3259
405.2939
405.2620
405.2303
405.1987
405.1672
405.1359
405.1048
405.0739
405.0431
405.0125
404.9821
404.9519
404.9218
404.8920
404.8623
404.8328
404.8035
404.7743
404.7453
404.7165
404.6879
404.6595
404.6312
404.6031
404.5752
404.5474
404.5198
404.4924
404.4651
404.4381
404.4111
404.3843
404.3577
404.3313
404.3050
404.2789
404.2529
404.2271
404.2014
404.1759
404.1506
404.1254
404.1004
404.0755
404.0508
404.0262
404.0018
403.9775
403.9533
403.9294
403.9055
403.8818
403.8583
403.8348
403.8116
403.7884
403.7654
403.7426
403.7199
403.6973
403.6749
403.6526
403.6304
403.6084
403.5865
403.5647
403.5431
403.5216
403.5002
403.4790
403.4579
403.4369
403.4161
403.3953
403.3748
403.3543
403.3339
403.3137
403.2936
403.2736
403.2538
403.2340
403.2144
403.1949
403.1755
403.1563
403.1371
403.1181
403.0992
403.0803
403.0617
403.0431
403.0246
403.0062
402.9880
402.9698
402.9518
402.9339
402.9161
402.8984
402.8808
402.8633
402.8459
402.8286
402.8114
402.7943
402.7774
402.7605
402.7437
402.7270
402.7105
402.6940
402.6776
402.6614
402.6452
402.6291
402.6131
402.5973
402.5815
402.5658
402.5503
402.5348
402.5194
402.5041
402.4889
402.4739
402.4589
402.4440
402.4291
402.4144
402.3998
402.3852
402.3708
402.3564
402.3422
402.3280
402.3139
402.2999
402.2860
402.2721
402.2584
402.2447
402.2311
402.2176
402.2042
402.1909
402.1776
402.1645
402.1514
402.1384
402.1255
402.1126
402.0999
402.0872
402.0746
402.0621
402.0496
402.0373
402.0250
402.0128
402.0006
401.9886
401.9766
401.9647
401.9528
401.9411
401.9294
401.9177
401.9062
401.8947
401.8833
401.8720
401.8607
401.8495
401.8384
401.8274
401.8164
401.8055
401.7946
401.7838
401.7731
401.7625
401.7519
401.7414
401.7309
401.7205
401.7102
401.6999
401.6897
401.6796
401.6695
401.6595
401.6495
401.6396
401.6298
401.6200
401.6103
401.6006
401.5910
401.5814
401.5719
401.5625
401.5531
401.5438
401.5345
401.5253
401.5161
401.5070
401.4980
401.5143
401.5645
401.6496
401.7672
401.9137
402.0849
402.2772
402.4869
402.7110
402.9468
403.1920
403.4446
403.7029
403.9657
404.2318
404.5001
404.7701
405.0409
405.3121
405.5833
405.8541
406.1243
406.3936
406.6618
406.9289
407.1694
407.3747
407.5437
407.6789
407.7837
407.8622
407.9183
407.9553
407.9765
407.9845
407.9815
407.9697
407.9506
407.9256
407.8958
407.8623
407.8257
407.7868
407.7461
407.7039
407.6608
407.6168
407.5724
407.5275
407.4825
407.4374
407.3923
407.3473
407.3024
407.2577
407.2132
407.1690
407.1250
407.0812
407.0378
406.9946
406.9517
406.9091
406.8668
406.8247
406.7830
406.7415
406.7003
406.6594
406.6187
406.5783
406.5382
406.4983
406.4587
406.4194
406.3803
406.3414
406.3028
406.2644
406.2263
406.1884
406.1507
406.1133
406.0761
406.0391
406.0023
405.9658
405.9294
405.8933
405.8575
405.8218
405.7864
405.7511
405.7161
405.6813
405.6467
405.6123
405.5782
405.5442
405.5105
405.4769
405.4436
405.4104
405.3775
405.3448
405.3122
405.2799
405.2477
405.2158
405.1840
405.1525
405.1211
405.0899
405.0589
405.0281
404.9975
404.9671
404.9368
404.9067
404.8768
404.8471
404.8176
404.7883
404.7591
404.7301
404.7013
404.6726
404.6441
404.6158
404.5877
404.5597
404.5319
404.5043
404.4768
404.4495
404.4224
404.3954
404.3686
404.3420
404.3155
404.2892
404.2630
404.2370
404.2111
404.1854
404.1599
404.1345
404.1093
404.0842
404.0592
404.0344
404.0098
403.9853
403.9610
403.9368
403.9127
403.8888
403.8651
403.8415
403.8180
403.7947
403.7715
403.7485
403.7256
403.7028
403.6802
403.6577
403.6353
403.6131
403.5910
403.5691
403.5473
403.5256
403.5040
403.4826
403.4613
403.4401
403.4191
403.3982
403.3774
403.3567
403.3362
403.3158
403.2955
403.2753
403.2553
403.2353
403.2155
403.1958
403.1763
403.1723
403.1680
403.1632
403.1579
403.1522
403.1460
403.1393
403.1321
403.1245
403.1164
403.1079
403.0990
403.0902
403.0813
403.0724
403.0635
403.0547
403.0460
403.0374
403.0289
403.0206
403.0124
403.0043
402.9963
402.9865
402.9652
402.9560
402.9665
402.9971
403.0553
403.1429
403.2638
403.5088
403.8711
404.3474
404.9478
405.6635
414.5327
422.9018
430.8403
445.0698
458.1133
470.1623
481.3881
491.9266
501.8964
511.3773
520.4249
529.0670
537.3338
545.2567
546.4661
548.2752
550.5983
553.3534
556.4547
559.8201
569.8605
579.1087
587.6593
595.5707
602.8556
609.5948
615.9352
621.9228
627.5835
632.9716
638.1194
643.0882
647.9040
652.5816
657.1298
661.5516
665.8392
669.9768
667.6924
666.1896
665.4617
665.3169
665.6014
666.2029
666.9267
667.7989
668.5282
669.2357
669.9661
670.7385
671.5453
672.3790
673.2105
674.0274
674.8013
675.5156
676.1720
676.7695
677.2914
677.7377
678.0797
678.6092
675.3923
672.5789
674.2762
675.6762
676.9227
678.0242
679.0320
686.3538
692.6761
698.1812
703.0221
707.3933
711.4234
715.1850
718.7235
722.0634
725.1953
728.1176
730.8513
733.4162
735.8310
738.1120
740.4211
742.6927
744.9132
747.0740
749.1709
751.1966
753.1520
755.0516
756.9061
758.6215
760.2160
761.7404
763.2192
764.6528
766.0541
767.4170
768.7189
769.9549
771.1171
772.2288
773.2262
767.6221
763.0307
759.2645
753.5190
748.1988
743.0490
738.0369
733.1429
728.3150
723.4766
718.6418
713.8293
708.9346
704.0293
699.2569
694.4261
689.5327
684.6351
679.7142
674.7875
669.8692
664.9714
660.1041
655.2752
650.4916
645.7588
641.0810
636.4607
631.9011
627.4058
622.9774
618.6185
614.3303
610.1141
605.9706
601.9001
597.9028
593.9785
590.1274
586.3494
582.6439
579.0104
575.4481
571.9561
568.5336
565.1794
561.8927
558.6722
555.5170
552.4259
549.3982
546.4328
543.5280
540.6834
537.8975
535.1694
532.4978
529.8816
527.3196
524.8107
522.3537
519.9476
519.0105
518.1763
517.4192
516.7197
516.0634
515.4398
514.8412
514.2610
513.6944
513.1373
512.5868
512.0406
511.4969
510.9543
510.4119
509.8690
509.3249
508.7795
508.2324
507.6836
507.1331
506.5810
506.0275
505.4728
502.7659
500.3951
498.3426
496.5685
495.0287
493.6826
492.4949
491.4362
490.4823
489.6137
488.8144
488.0715
487.3746
486.7155
486.0872
485.4843
484.9024
484.3378
483.7878
483.2499
482.7223
482.2035
481.6923
481.1877
480.6888
480.1952
479.7061
479.2213
478.7404
478.2631
477.7893
477.3187
476.8512
476.3868
475.9252
475.4666
475.0107
474.5576
474.1071
473.6594
473.2143
472.7718
472.3319
471.8946
471.4598
471.0277
470.5980
470.1709
469.7463
469.3242
468.9046
468.4875
468.0729
467.6607
467.2510
466.8438
466.4389
466.0365
465.6365
465.2389
464.8437
464.4508
464.0604
463.6725
463.2869
462.9038
462.5231
462.1447
461.7688
461.3952
461.0239
460.6550
460.2885
459.9533
459.6569
459.3979
459.1715
458.9726
458.7963
458.6382
458.4948
458.3631
458.2407
458.1258
461.3833
467.5605
474.7743
481.0873
487.6392
494.3598
501.1938
508.0518
515.0628
522.1352
529.2012
536.2127
543.1348
555.6801
568.3278
588.0671
607.6311
627.0181
639.2042
651.4372
663.6932
675.9635
695.2658
714.3514
733.2272
751.8945
770.3557
788.6949
806.8966
824.9510
842.8524
860.5868
878.1381
895.4983
912.6630
929.6303
946.3246
962.6907
978.8498
994.8049
1010.5557
1026.1075
1041.4643
1056.6299
1071.6158
1086.4364
1101.1008
1115.6120
1129.9735
1144.1882
1158.2586
1172.1871
1185.9744
1199.6194
1213.1521
1226.5232
1239.6668
1252.6081
1265.3627
1277.9371
1290.3427
1302.5083
1311.3967
1322.0122
1325.4215
1328.9964
1332.6728
1336.6365
1341.1604
1338.2055
1335.2740
1332.4419
1329.7079
1332.0275
1336.0174
1339.7297
1350.3139
1360.6208
1370.6395
1380.4041
1389.9258
1399.2190
1408.2500
1417.7479
1427.4713
1436.9211
1446.0460
1454.9249
1463.5985
1472.0898
1480.3870
1488.4900
1496.2600
1503.4749
1487.0593
1492.1614
1499.5961
1506.5771
1506.4493
1506.1988
1485.6455
1490.1878
1497.3773
1504.0412
1510.1985
1515.9532
1521.3434
1526.4099
1531.2110
1515.5409
1516.4348
1521.6003
1526.2018
1530.2791
1533.9702
1537.3207
1520.7438
1520.0194
1524.5548
1521.8161
1514.6736
1507.9824
1501.5079
1495.2128
1488.9962
1482.8850
1477.9004
1472.6138
1467.1199
1462.0846
1456.4772
1450.7251
1444.6302
1438.4913
1432.3114
1426.1192
1417.4478
1410.5770
1403.8869
1397.2529
1390.7029
1384.2387
1377.8567
1371.5524
1365.3214
1359.3054
1353.4192
1347.6354
1341.9305
1333.9655
1327.8039
1321.8099
1313.5799
1307.2367
1301.0995
1295.0902
1286.9954
1280.7310
1274.6424
1268.6596
1262.8081
1257.0846
1251.4819
1245.9920
1240.6079
1235.3241
1230.1355
1225.0383
1220.0295
1213.0717
1207.9549
1203.0178
1198.2423
1193.6296
1189.1598
1184.8152
1180.5823
1174.3447
1169.7650
1165.3295
1137.3363
1118.0442
1103.1862
1091.1165
1080.9387
1072.1163
1064.3077
1057.2810
1050.8713
1044.9558
1039.4411
1034.2540
1029.3367
1024.6430
1020.1357
1015.7847
1011.5657
1007.4587
1003.4475
999.5188
995.6617
991.8672
988.1279
984.4377
980.7915
977.1852
973.6153
970.0792
966.5741
963.0976
959.6475
956.2218
952.8192
949.4386
946.0797
942.7452
939.4355
936.1500
932.8880
929.6486
926.4310
923.2346
920.0588
916.9032
913.7673
910.6509
907.5538
904.4755
901.4160
898.3751
895.3525
892.3481
889.3617
886.3932
883.4424
880.5093
877.5936
874.6953
871.8143
868.9505
866.1037
863.2738
860.4609
857.6647
854.8851
852.1222
849.3757
846.6456
843.9318
841.2343
838.5528
835.8874
833.2379
830.6042
827.9863
825.3840
822.7972
820.2259
817.6699
815.1292
812.6037
810.0932
807.5977
805.1172
802.6514
800.2007
797.7652
795.3451
792.9405
790.5514
788.1777
785.8195
783.4767
781.1491
778.8369
776.5397
774.2578
772.1718
770.3276
768.7158
767.3079
766.0711
764.9748
763.9921
763.1008
762.2826
761.5225
760.8463
762.7332
766.4363
769.5091
772.7449
776.1828
779.6981
783.2029
786.6414
790.2869
794.1251
798.1331
802.2899
806.5767
825.0143
843.1973
861.2004
878.9944
896.5722
913.9300
931.0672
948.0026
964.7465
981.3064
997.6960
1013.9237
1029.9686
1045.8300
1061.5121
1077.0166
1092.3462
1107.5024
1122.4884
1137.3078
1151.9599
1166.4422
1180.7625
1194.9257
1208.9355
1222.7952
1236.5064
1250.0932
1263.6475
1277.2258
1290.7116
1297.0853
1303.7348
1310.3752
1317.0024
1323.7143
1330.2516
1336.6978
1343.0799
1349.3766
1355.5320
1361.4603
1367.8746
1374.3206
1380.2925
1393.0073
1406.0052
1418.6391
1430.1528
1440.9217
1451.1018
1460.7685
1470.0025
1478.8541
1487.2750
1495.3662
1503.1538
1491.8163
1498.2115
1506.1342
1513.3532
1519.8015
1525.6374
1530.9909
1529.3236
1527.5117
1525.6396
1523.5962
1521.4905
1519.3612
1523.7597
1527.8467
1532.3945
1537.0243
1541.6328
1546.1446
1550.5374
1554.6998
1558.6704
1562.3229
1565.6830
1568.7776
1571.6581
1567.8294
1564.1600
1560.7054
1557.4322
1560.7829
1563.9076
1566.8294
1569.5197
1571.9622
1574.1768
1576.1796
1577.9738
1579.5435
1580.3779
1580.7862
1580.8617
1580.8097
1580.4515
1579.8405
1579.0468
1578.1047
1576.9780
1569.2530
1561.7415
1554.2899
1545.7748
1537.4652
1529.4266
1521.5664
1513.7459
1505.9830
1498.2404
1490.5137
1482.7671
1475.0650
1467.3876
1459.7353
1452.2745
1444.8932
1437.5560
1430.2522
1422.9772
1415.7294
1408.5094
1401.3192
1394.1618
1387.0293
1379.9158
1372.8277
1365.9248
1359.1243
1352.4100
1345.7715
1339.2028
1332.7003
1326.2622
1319.8854
1313.5592
1307.2829
1301.0619
1294.8999
1288.7522
1282.6483
1276.5962
1270.6012
1264.6670
1258.7961
1252.9851
1247.2256
1241.5190
1235.8709
1230.2846
1224.7624
1219.5029
1214.3925
1209.4032
1204.5166
1199.7203
1195.0058
1190.3674
1185.8011
1181.3040
1176.8739
1172.5046
1146.4258
1128.6188
1115.0570
1104.1449
1095.0036
1087.1094
1080.1323
1073.8510
1068.1083
1062.7910
1057.8141
1053.1122
1048.6341
1044.3402
1040.1987
1036.1844
1032.2768
1028.4595
1024.7192
1021.0452
1017.4290
1013.8633
1010.3426
1006.8622
1006.1889
1005.4720
1004.7032
1003.8706
1002.9658
1001.9834
1000.9213
999.7784
998.5549
997.2518
995.8709
994.4144
992.8847
991.2845
989.6166
987.8840
986.0897
984.2367
982.3278
980.3655
978.3526
976.2915
974.1847
972.0345
969.8434
967.6136
965.3473
963.0464
960.7129
958.3486
955.9554
953.5350
951.0891
948.6192
946.1269
943.6138
941.0811
938.5303
935.9627
933.3796
930.7822
928.1715
925.5488
922.9151
920.2715
917.6189
914.9583
912.2907
909.6169
906.9378
904.2542
901.5668
898.8764
896.1838
893.4895
890.7944
888.0991
885.4043
882.7107
880.0187
873.5344
869.4468
865.7382
862.2223
858.8562
855.6146
852.4798
849.4386
846.4805
843.5967
840.7804
838.0251
832.8370
829.2069
825.9300
822.8823
820.0321
817.3550
814.8228
812.4221
810.1420
807.9730
805.9066
803.9349
795.3823
787.6227
779.7468
771.9719
764.4239
757.2043
750.3320
743.8441
737.7466
732.0914
726.8635
722.0458
717.6067
723.9129
729.3192
734.0074
738.0347
741.5160
744.5375
747.1874
749.6010
751.8767
754.0567
756.1630
758.2353
760.2839
762.3092
764.2774
766.1770
768.0060
769.7655
771.4584
773.0885
774.6595
776.1753
777.6309
779.5164
781.2321
782.6003
777.1937
772.6969
769.0636
766.0910
763.6797
755.2154
748.0935
742.1398
737.1540
732.9611
729.4206
726.4188
723.8626
721.6755
726.3049
730.0873
739.6456
747.4506
753.7872
758.9029
762.7303
765.6009
767.7362
769.2956
770.5122
771.4115
771.9660
772.1931
772.1315
771.8278
771.3013
770.5890
769.7250
768.7506
767.6798
766.7472
765.8513
764.8644
763.7837
762.6248
761.4350
760.1865
758.9675
757.8110
756.7607
755.8263
755.0017
754.3207
753.7835
753.3765
753.0818
752.8811
752.7577
752.6971
752.7472
752.9151
753.1908
753.5580
753.9992
754.4795
754.9809
755.4940
756.0137
756.5374
757.0632
757.5901
758.1171
758.6435
759.1792
759.7340
760.3082
760.8889
761.4592
762.0126
762.5476
763.0650
763.5663
764.0609
764.4875
764.8822
765.1958
758.9382
747.2914
737.0658
727.9429
719.7354
712.2964
705.4808
699.1837
693.2402
687.5815
682.1763
676.8426
671.5722
666.3698
661.2425
656.2066
651.2755
646.4548
641.7382
637.1179
632.5881
628.1448
623.7850
619.5060
615.3060
611.1851
607.1406
603.1698
599.2706
595.4416
591.6816
587.9897
584.3652
580.8072
577.3149
573.8876
570.5236
567.2219
563.9818
560.8024
557.6829
554.6225
551.6204
548.6757
545.7876
542.9551
540.1773
537.4532
534.7819
532.1626
529.5941
527.0757
524.6063
522.1851
519.8111
517.4833
515.2010
512.9632
510.7691
508.6177
507.3389
506.4851
505.8334
505.2722
504.7464
504.2296
503.7099
503.1824
502.6460
502.5253
502.3922
502.2445
502.0808
501.9001
501.7021
501.4880
501.2580
501.0127
500.7525
500.4782
500.1905
499.8900
499.5776
499.2538
498.9193
498.5747
498.2205
497.8575
497.4860
497.1067
496.7201
496.3267
495.9271
495.5219
495.1115
494.6962
494.2764
493.8526
493.4249
492.9938
492.5595
492.1223
491.6825
491.2403
490.7959
490.3497
489.9017
489.4522
489.0014
488.5496
488.0967
487.6431
487.1889
486.7342
486.2791
485.8239
485.3685
484.9132
484.4580
484.0031
483.5485
483.0943
482.6407
482.1877
481.7355
481.2840
480.8333
480.3836
479.9349
479.4873
479.0408
478.5955
478.1514
477.7086
477.2672
476.8271
476.3885
475.9514
475.5157
475.0817
474.6492
474.2183
473.7891
473.3616
472.9741
472.5962
472.2236
471.8546
471.4879
471.1227
470.7584
470.3947
470.0313
469.6681
469.3049
468.9416
468.3984
467.9891
467.6011
467.2285
466.8699
466.5245
466.1914
465.8699
465.5594
465.2591
464.9685
464.6871
463.2932
462.1977
461.1352
460.1108
459.1404
458.2585
457.4743
456.8030
456.2827
455.9370
455.7877
455.8049
455.9746
469.7885
482.3097
493.7148
504.1619
513.8114
516.3849
519.4329
522.8608
526.6203
537.1017
546.7612
555.6858
563.9816
571.7124
578.9480
585.7622
592.2124
598.3215
604.1665
609.7426
615.0952
620.2523
625.2333
630.0522
634.7143
639.2108
643.5574
647.7049
651.6308
655.4964
659.2209
662.7993
666.2950
669.7294
673.0867
676.3606
679.5496
682.6555
685.6808
682.4084
680.0149
678.3201
677.1493
676.1234
675.2896
674.7251
674.5937
674.7031
674.8334
675.1503
675.5750
676.0668
676.6033
677.1713
684.0920
690.0162
688.8304
687.9651
687.3508
686.9460
693.0208
698.0971
702.3196
705.8608
708.8540
711.4350
713.6920
715.6904
717.5107
719.2017
720.8151
722.3578
723.9999
725.9685
728.0926
730.3262
732.6336
734.9852
737.3581
739.7290
742.1021
744.4995
746.7903
748.8768
750.7095
752.4131
754.0410
755.6163
757.1491
758.6433
760.1005
761.5164
762.8778
764.2067
765.5118
766.7790
768.0043
769.2085
770.3955
771.5644
772.6812
773.7333
768.2020
763.5962
759.7004
756.3280
749.5308
744.0528
739.0749
734.2479
729.4955
724.7566
720.0385
715.3576
710.4543
705.3823
700.2113
695.0145
689.7905
681.5905
674.3360
667.7007
661.4574
655.5225
649.8467
644.3971
639.1498
634.0859
629.1897
624.4482
619.8499
615.3853
611.0455
606.8230
602.7109
598.7032
594.7944
590.9798
587.2551
583.6164
580.0601
576.5830
573.1823
569.8549
566.5986
563.4110
560.2901
557.2339
554.2406
551.3085
548.4360
545.6216
542.8639
540.1614
537.5129
534.9171
532.3728
529.8788
527.4341
525.0375
522.6881
520.3848
518.1266
515.9127
513.7420
511.6137
509.5270
508.3868
507.7012
507.2370
506.8810
506.5772
506.2975
506.0278
505.7609
505.4930
505.2225
504.9486
504.6711
504.3902
504.1062
503.8194
503.5303
503.2392
502.9465
502.6527
502.3580
502.0627
501.7672
501.4716
501.1761
500.8810
500.4572
499.9648
499.4344
498.8821
498.3171
497.7448
497.1684
496.5903
496.0118
495.4340
494.8578
494.2835
493.7117
493.1426
492.5764
492.0132
491.4532
490.8964
490.3429
489.7927
489.2458
488.7022
488.1619
487.6249
487.0912
486.5608
486.0336
485.5097
484.9890
484.4715
483.9573
483.4462
482.9383
482.4335
481.9318
481.4332
480.9376
480.4451
479.9555
479.4690
478.9855
478.5049
478.0273
477.5526
477.0809
476.6120
476.1460
475.6830
475.2228
474.7654
474.3109
473.8591
473.4102
472.9640
472.5205
472.0797
471.6417
471.2063
470.7736
470.3436
469.9162
469.4915
469.0695
468.6502
468.2334
467.8193
467.4078
466.9988
466.5924
466.1885
465.7871
465.3882
465.0237
464.7018
464.4208
464.1755
463.9601
463.7693
463.5983
463.4432
463.3007
463.1683
463.0438
462.4165
461.5473
460.5590
459.5127
458.4401
457.3588
456.2789
455.2068
454.1465
453.1007
452.0710
451.0587
450.0642
449.0880
448.1302
447.1910
446.2700
445.3673
444.4824
443.6153
442.7919
442.0196
441.2972
440.6207
439.9851
439.3856
438.8610
438.4139
438.0344
437.7101
437.4296
437.1833
436.9636
436.7646
436.5820
436.4121
436.2524
436.1010
435.9563
435.8171
435.6827
435.5523
435.4255
435.3018
435.1809
435.0626
434.9468
434.8332
434.7218
434.6125
434.5052
434.3998
434.2962
434.1945
434.0946
433.9965
433.8734
433.7182
433.5313
433.3164
433.0781
432.8212
432.5496
432.2670
431.9766
431.6809
431.3821
431.0819
430.7818
430.4829
430.1860
429.8920
429.6014
429.3145
428.9882
428.6163
428.2054
427.7649
427.3041
426.8303
426.3496
425.8662
425.3835
424.9039
424.4291
423.9602
423.4981
423.0435
422.5966
422.1576
421.7267
421.3040
420.8893
420.4826
420.0839
419.6930
419.3098
418.9342
418.5660
418.2050
417.8512
417.5044
417.1644
416.8312
416.5045
416.1842
415.8703
415.5625
415.2607
414.9649
414.6748
414.3904
414.1116
413.8383
413.5702
413.3074
413.0497
412.7970
412.5493
412.3064
412.1590
412.0630
411.9962
411.9469
411.9085
411.8774
411.8511
411.8281
411.8075
411.7884
411.7705
411.7533
411.7366
411.7142
411.6845
411.6477
411.6047
411.5566
411.5044
411.4490
411.3910
411.3311
411.2697
411.2072
411.1439
411.0800
411.0158
410.9514
410.8869
410.8225
410.7581
410.6938
410.6298
410.5660
410.5024
410.4392
410.3762
410.3136
410.2513
410.1893
410.1276
410.0663
410.0054
409.9448
409.8846
409.8247
409.7651
409.7060
409.6472
409.5887
409.5306
409.4728
409.4154
409.3583
409.3016
409.2452
409.1891
409.1334
409.0780
409.0229
408.9682
408.9138
408.8598
408.8061
408.7526
408.6996
408.6468
408.5943
408.5422
408.4904
408.4389
408.3877
408.3368
408.2862
408.2359
408.1859
408.1362
408.0868
408.0377
407.9888
407.9403
407.8921
407.8441
407.7965
407.7491
407.7020
407.6552
407.6087
407.5625
407.5166
407.4709
407.4255
407.3804
407.3356
407.2910
407.2467
407.2027
407.1589
407.1154
407.0722
407.0292
406.9865
406.9440
406.9018
406.8599
406.8182
406.7767
406.7355
406.6946
406.6539
406.6134
406.5732
406.5332
406.4935
406.4540
406.4147
406.3757
406.3369
406.2984
406.2601
406.2220
406.1842
406.1466
406.1092
406.0721
406.0352
405.9985
405.9621
405.9258
405.8898
405.8540
405.8185
405.7831
405.7480
405.7131
405.6783
405.6439
405.6096
405.5755
405.5416
405.5080
405.4745
405.4413
405.4082
405.3754
405.3427
405.3103
405.2781
405.2460
405.2142
405.1826
405.1511
405.1199
405.0889
405.0580
405.0274
404.9969
404.9666
404.9365
404.9066
404.8769
404.8474
404.8181
404.7889
404.7599
404.7311
404.7025
404.6741
404.6458
404.6177
404.5897
404.5620
404.5344
404.5070
404.4797
404.4526
404.4257
404.3990
404.3724
404.3460
404.3197
404.2936
404.3109
404.3796
404.4948
404.6478
404.8300
405.0342
405.2544
405.4861
405.7258
405.9710
406.2198
406.4707
406.7227
406.9751
407.2273
407.4789
407.7295
407.9790
408.2273
408.4742
408.7196
408.9635
409.2060
409.4469
409.6863
409.9242
410.1605
410.3953
410.6286
410.8605
411.0908
411.3197
411.5472
411.7732
411.9978
412.2210
412.4429
412.6634
412.8825
413.1003
413.3167
413.5318
413.7456
413.9581
414.1693
414.3792
414.5878
414.7951
414.9580
415.0683
415.1311
415.1550
415.1485
415.1190
415.0724
415.0133
414.9451
414.8704
414.7911
414.7086
414.6240
414.5380
414.4512
414.3640
414.2767
414.1897
414.1029
414.0165
413.9306
413.8453
413.7606
413.6765
413.5930
413.5101
413.4278
413.3462
413.2651
413.1846
413.1047
413.0253
412.9465
412.8683
412.7905
412.7133
412.6366
412.5604
412.4847
412.4095
412.3347
412.2604
412.1866
412.1133
412.0404
411.9679
411.8959
411.8244
411.7533
411.6826
411.6123
411.5425
411.4731
411.4041
411.3355
411.2673
411.1995
411.1321
411.0652
410.9986
410.9324
410.8666
410.8012
410.7361
410.6715
410.6072
410.5433
410.4798
410.4167
410.3539
410.2915
410.2294
410.1678
410.1065
410.0455
409.9849
409.9246
409.8648
409.8052
409.7460
409.6872
409.6287
409.5705
409.5127
409.4552
409.3981
409.3413
409.2848
409.2287
409.1729
409.1174
409.0622
409.0074
408.9529
408.8987
408.8448
408.7912
408.7380
408.6851
408.6325
408.5802
408.5282
408.4765
408.4252
408.3741
408.3234
408.2729
408.2228
408.1729
408.1234
408.0741
408.0251
407.9765
407.9281
407.8800
407.8322
407.7847
407.7375
407.6906
407.6439
407.5976
407.5515
407.5057
407.4601
407.4149
407.3699
407.3252
407.2807
407.2365
407.1926
407.1490
407.1056
407.0625
407.0196
406.9770
406.9347
406.8926
406.8507
406.8091
406.7678
406.7267
406.6859
406.6453
406.6050
406.5649
406.5250
406.4854
406.4460
406.4068
406.3679
406.3293
406.2908
406.2527
406.2147
406.1770
406.1395
406.1022
406.0652
406.0283
405.9917
405.9554
405.9192
405.8833
405.8476
405.8121
405.7768
405.7418
405.7069
405.6723
405.6378
405.6036
405.5696
405.5358
405.5022
405.4688
405.4356
405.4025
405.3697
405.3371
405.3047
405.2725
405.2404
405.2086
405.1770
405.1455
405.1142
405.0832
405.0523
405.0216
404.9910
404.9607
404.9305
404.9006
404.8708
404.8412
404.8117
404.7825
404.7534
404.7245
404.6957
404.6672
404.6388
404.6338
404.6287
404.6233
404.6176
404.6113
404.6045
404.5971
404.5891
404.5804
404.5713
404.5615
404.5511
404.5403
404.5291
404.5177
404.5062
404.4948
404.4833
404.4719
404.4605
404.4491
404.4379
404.4267
404.4155
404.3861
404.3536
404.3301
404.3217
404.3286
404.3616
404.4218
404.5138
404.6627
404.9417
405.3525
405.9385
414.7887
429.9490
443.9139
456.8673
468.9477
480.2639
484.3557
488.7152
493.2825
498.0378
509.5103
520.2351
530.2840
539.7357
548.6528
557.0878
565.1258
572.7737
580.0815
587.0774
593.7928
600.2191
606.3495
612.2303
617.8951
623.3773
628.6860
633.7093
638.5204
643.2274
647.8579
652.2885
656.7068
661.0615
665.3123
669.4462
673.4517
677.3358
681.1067
684.7395
681.9634
679.8642
678.3022
677.1982
676.4432
676.0011
675.8277
675.8809
676.1241
676.5261
677.0607
677.6997
678.2766
678.8614
679.5022
680.2018
680.9425
681.7061
688.8569
695.0836
700.5319
705.3075
709.5045
713.2266
716.5260
719.4760
722.0103
724.1201
725.8237
727.2017
728.3211
729.2634
730.0761
730.7902
731.4313
732.0199
732.5724
733.1019
733.6282
734.1785
734.7266
735.2680
735.8037
736.3339
736.8727
737.4242
737.9571
738.4622
738.9384
739.3881
739.8146
740.2207
740.6093
740.9829
741.3439
741.6937
742.0359
742.3566
742.6564
742.9368
743.2199
743.5094
743.8017
744.0909
744.3735
744.6472
744.9110
739.0297
734.1124
728.0405
722.5029
717.2293
712.1501
707.1579
702.2562
697.3160
692.3573
687.4277
682.5421
677.7318
672.9690
668.3314
663.7820
659.2931
654.8517
650.4506
646.0878
641.7634
637.4789
633.2362
629.0373
624.8843
620.7792
616.7234
612.7185
608.7664
604.8686
601.0263
597.2405
593.5120
589.8413
586.2288
582.6749
579.1794
575.7420
572.3631
569.0428
565.7811
562.5778
559.4324
556.3446
553.3139
550.3396
547.4212
544.5580
541.7493
538.9946
536.2931
533.6440
531.0464
528.4995
526.0026
523.5548
521.1553
518.8033
516.4981
514.2386
512.0241
511.0929
510.2683
509.5178
508.8199
508.1600
507.5282
506.9178
506.3240
505.7434
505.1735
504.6122
504.0584
503.5107
502.9682
502.4304
501.8964
501.3660
500.8386
500.3139
499.7916
499.2715
498.7533
