0.0487
0.0487
0.0487
0.0487
0.0487
0.0487
0.0487
0.0487
0.0487
0.0487
0.0487
0.0487
0.0487
0.0487
0.0487
0.0487
0.0487
0.0487
0.0487
0.0487
0.0487
0.0487
0.0487
0.0487
0.0487
0.0487
0.0487
0.0487
0.0487
0.0487
0.0487
0.0487
0.0487
0.0487
0.0487
0.0487
0.0487
0.0487
0.0487
0.0487
0.0487
0.0487
0.0487
0.0487
0.0487
0.0487
0.0487
0.0487
0.0487
0.0487
0.0487
0.0487
0.0487
0.0487
0.0487
0.0487
0.0487
0.0487
0.0487
0.0487
0.0487
0.1696
0.0991
0.0929
0.0909
0.0894
0.0881
0.0870
0.0860
0.0851
0.0843
0.0835
0.0828
0.1731
0.1291
0.1239
0.1219
0.1205
0.1193
0.1184
0.1176
0.1170
0.1165
0.1161
0.1158
0.2433
0.2357
0.2118
0.2060
0.2028
0.2003
0.2026
0.1970
0.1951
0.1938
0.1927
0.1918
0.1955
0.1908
0.1901
0.1943
0.1898
0.1896
0.1939
0.1897
0.1899
0.1898
0.1900
0.1901
0.1991
0.1907
0.1909
0.1911
0.1958
0.1917
0.1920
0.1923
0.1926
0.1929
0.1932
0.1935
0.1939
0.1987
0.1991
0.1994
0.1955
0.1958
0.2006
0.1966
0.1969
0.1972
0.1975
0.1979
0.1982
0.1985
0.1989
0.1991
0.1996
0.2002
0.2003
0.2007
0.2011
0.2014
0.2019
0.2022
0.2025
0.2030
0.2034
0.2038
0.2042
0.2046
0.2051
0.2056
0.2060
0.2065
0.2069
0.2074
0.2168
0.2086
0.2091
0.2096
0.2101
0.2106
0.2156
0.2118
0.2168
0.2175
0.2137
0.2142
0.2149
0.2155
0.2160
0.2165
0.2171
0.2176
0.2182
0.2187
0.2192
0.2198
0.2203
0.2208
0.2214
0.2219
0.2224
0.2229
0.2234
0.2239
0.2243
0.2293
0.2254
0.2257
0.2261
0.2265
0.2314
0.2274
0.2278
0.2282
0.2286
0.2290
0.2294
0.2298
0.2301
0.2305
0.2308
0.2309
0.2313
0.2314
0.2316
0.2316
0.2313
0.2313
0.2311
0.2300
0.2305
0.2301
0.2294
0.2291
0.2284
0.2277
0.2271
0.2264
0.2256
0.2248
0.2240
0.2231
0.2223
0.2215
0.2207
0.2199
0.2191
0.2183
0.2175
0.2167
0.2159
0.2152
0.2144
0.2137
0.2129
0.2122
0.2115
0.2108
0.2101
0.2095
0.2088
0.2082
0.2075
0.2069
0.2062
0.2056
0.2050
0.2044
0.2037
0.2031
0.2025
0.2018
0.2012
0.2006
0.2000
0.1993
0.1987
0.1981
0.1975
0.1969
0.1963
0.1957
0.0487
0.0487
0.0487
0.0487
0.0487
0.0487
0.0487
0.0487
0.0487
0.0487
0.0487
0.0487
0.0487
0.0487
0.0487
0.0487
0.0487
0.0487
0.0487
0.0487
0.0487
0.0487
0.0487
0.0487
0.0487
0.0487
0.0487
0.0487
0.0487
0.0487
0.0487
0.0487
0.0487
0.0487
0.0487
0.0487
0.0487
0.0487
0.0487
0.0487
0.0487
0.0487
0.0487
0.0487
0.0487
0.0487
0.0487
0.0487
0.0487
0.0487
0.0487
0.0487
0.0487
0.0487
0.0487
0.0487
0.0487
0.0487
0.0487
0.0487
0.0487
0.0487
0.0487
0.0487
0.0487
0.0487
0.0487
0.0487
0.0487
0.0487
0.0487
0.0487
0.0487
0.0487
0.0487
0.0487
0.0487
0.0487
0.0487
0.0487
0.0487
0.0487
0.0487
0.0487
0.1686
0.0978
0.0919
0.0901
0.0887
0.0876
0.0866
0.0858
0.0851
0.0844
0.0837
0.0832
0.1738
0.1302
0.1253
0.1235
0.1222
0.1213
0.1205
0.1199
0.1193
0.1189
0.1185
0.1181
0.2433
0.2394
0.2146
0.2084
0.2049
0.2021
0.2041
0.1977
0.1960
0.1943
0.1932
0.1916
0.1952
0.1898
0.1891
0.1886
0.1883
0.1881
0.1880
0.1880
0.1881
0.1882
0.1884
0.1886
0.1933
0.1893
0.1940
0.1900
0.1903
0.1907
0.1910
0.1914
0.1918
0.2011
0.1928
0.1931
0.2156
0.1943
0.1946
0.1945
0.1950
0.1952
0.1954
0.2003
0.1957
0.1957
0.1958
0.1959
0.1960
0.1962
0.1964
0.1967
0.1970
0.1973
0.1976
0.1979
0.1983
0.1986
0.1989
0.1992
0.1997
0.2000
0.2003
0.2007
0.2011
0.2016
0.2021
0.2026
0.2031
0.2036
0.2041
0.2047
0.2045
0.2056
0.2063
0.2068
0.2075
0.2081
0.2087
0.2094
0.2101
0.2107
0.2114
0.2120
0.2127
0.2134
0.2140
0.2146
0.2151
0.2157
0.2163
0.2168
0.2175
0.2180
0.2186
0.2192
0.2198
0.2203
0.2209
0.2215
0.2220
0.2226
0.2231
0.2238
0.2243
0.2248
0.2253
0.2259
0.2264
0.2268
0.2275
0.2281
0.2286
0.2291
0.2296
0.2300
0.2305
0.2309
0.2313
0.2317
0.2333
0.2321
0.2327
0.2327
0.2328
0.2330
0.2329
0.2324
0.2326
0.2322
0.2318
0.2317
0.2313
0.2305
0.2304
0.2298
0.2292
0.2285
0.2278
0.2270
0.2262
0.2254
0.2245
0.2237
0.2229
0.2221
0.2213
0.2205
0.2197
0.2189
0.2181
0.2174
0.2166
0.2159
0.2152
0.2145
0.2138
0.2132
0.2125
0.2119
0.2112
0.2106
0.2100
0.2094
0.2088
0.2082
0.2076
0.2070
0.2064
0.2058
0.2053
0.2047
0.2042
0.2036
0.2031
0.2026
0.2020
0.2015
0.2010
0.2004
0.0487
0.0487
0.0487
0.0487
0.0487
0.0487
0.0487
0.0487
0.0487
0.0487
0.0487
0.0487
0.0487
0.0487
0.0487
0.0487
0.0487
0.0487
0.0487
0.0487
0.0487
0.0487
0.0487
0.0487
0.0487
0.0487
0.0487
0.0487
0.0487
0.0487
0.0487
0.0487
0.0487
0.0487
0.0487
0.0487
0.0487
0.0487
0.0487
0.0487
0.0487
0.0487
0.0487
0.0487
0.0487
0.0487
0.0487
0.0487
0.0487
0.0487
0.0487
0.0487
0.0487
0.0487
0.0488
0.0490
0.0490
0.0491
0.0491
0.0491
0.0491
0.0491
0.0491
0.0491
0.0491
0.0491
0.0490
0.0490
0.0489
0.0489
0.0488
0.0488
0.0487
0.0487
0.0487
0.0487
0.0487
0.0487
0.0487
0.0487
0.0487
0.0487
0.0487
0.0487
0.1911
0.1120
0.1042
0.1018
0.1001
0.0987
0.0974
0.0963
0.0954
0.0945
0.0936
0.0929
0.1850
0.1424
0.1371
0.1350
0.1335
0.1323
0.1313
0.1304
0.1296
0.1289
0.1282
0.1275
0.2433
0.2433
0.2307
0.2203
0.2159
0.2127
0.2145
0.2079
0.2057
0.2038
0.2024
0.2010
0.2044
0.1990
0.1980
0.1973
0.1968
0.1965
0.1960
0.1957
0.1955
0.1997
0.1954
0.1952
0.1951
0.1952
0.1952
0.1953
0.1954
0.1956
0.1957
0.1959
0.1961
0.1963
0.1965
0.1968
0.2058
0.1974
0.1974
0.1976
0.1977
0.1979
0.1980
0.1981
0.1982
0.1983
0.1984
0.1986
0.1987
0.1989
0.1991
0.1993
0.1996
0.1997
0.2090
0.2008
0.2009
0.2011
0.2014
0.2017
0.2085
0.2024
0.2028
0.2032
0.2035
0.2039
0.2043
0.2046
0.2049
0.2053
0.2056
0.2060
0.2108
0.2111
0.2074
0.2076
0.2080
0.2084
0.2089
0.2095
0.2101
0.2107
0.2114
0.2121
0.2128
0.2135
0.2143
0.2150
0.2157
0.2165
0.2173
0.2181
0.2189
0.2197
0.2204
0.2213
0.2221
0.2230
0.2238
0.2246
0.2254
0.2262
0.2269
0.2277
0.2285
0.2293
0.2301
0.2309
0.2316
0.2324
0.2332
0.2339
0.2347
0.2355
0.2362
0.2369
0.2376
0.2383
0.2389
0.2395
0.2401
0.2404
0.2411
0.2414
0.2414
0.2420
0.2421
0.2417
0.2421
0.2419
0.2418
0.2414
0.2411
0.2404
0.2403
0.2398
0.2392
0.2386
0.2379
0.2372
0.2364
0.2356
0.2348
0.2340
0.2332
0.2324
0.2316
0.2307
0.2299
0.2291
0.2284
0.2276
0.2269
0.2261
0.2254
0.2247
0.2240
0.2234
0.2227
0.2221
0.2215
0.2208
0.2202
0.2197
0.2191
0.2185
0.2179
0.2174
0.2169
0.2163
0.2158
0.2153
0.2148
0.2142
0.2138
0.2133
0.2128
0.2123
0.2118
0.2114
0.0487
0.0487
0.0487
0.0487
0.0487
0.0487
0.0487
0.0487
0.0487
0.0487
0.0487
0.0487
0.0487
0.0487
0.0487
0.0487
0.0487
0.0487
0.0487
0.0487
0.0487
0.0487
0.0487
0.0487
0.0488
0.0505
0.0509
0.0513
0.0516
0.0520
0.0522
0.0525
0.0527
0.0530
0.0532
0.0533
0.0535
0.0536
0.0538
0.0539
0.0540
0.0541
0.0542
0.0543
0.0543
0.0544
0.0545
0.0545
0.0545
0.0546
0.0546
0.0546
0.0546
0.0546
0.0546
0.0546
0.0546
0.0546
0.0546
0.0545
0.0545
0.0545
0.0544
0.0543
0.0543
0.0542
0.0541
0.0541
0.0540
0.0539
0.0538
0.0537
0.0536
0.0535
0.0534
0.0533
0.0532
0.0531
0.0530
0.0528
0.0527
0.0526
0.0525
0.0524
0.1924
0.1214
0.1130
0.1102
0.1082
0.1064
0.1048
0.1035
0.1022
0.1010
0.0999
0.0989
0.1915
0.1494
0.1436
0.1411
0.1392
0.1376
0.1363
0.1352
0.1343
0.1334
0.1327
0.1321
0.2433
0.2433
0.2399
0.2274
0.2232
0.2199
0.2212
0.2158
0.2131
0.2115
0.2102
0.2091
0.2127
0.2075
0.2069
0.2064
0.2062
0.2060
0.2059
0.2059
0.2059
0.2059
0.2060
0.2061
0.2151
0.2066
0.2067
0.2068
0.2113
0.2071
0.2072
0.2074
0.2075
0.2076
0.2077
0.2079
0.2080
0.2082
0.2083
0.2085
0.2081
0.2086
0.2089
0.2093
0.2096
0.2100
0.2103
0.2106
0.2110
0.2113
0.2117
0.2121
0.2124
0.2128
0.2131
0.2136
0.2140
0.2143
0.2147
0.2150
0.2154
0.2154
0.2161
0.2165
0.2168
0.2172
0.2175
0.2178
0.2180
0.2183
0.2188
0.2188
0.2235
0.2195
0.2198
0.2201
0.2205
0.2210
0.2215
0.2265
0.2227
0.2233
0.2240
0.2247
0.2254
0.2262
0.2269
0.2276
0.2283
0.2291
0.2298
0.2306
0.2314
0.2322
0.2330
0.2338
0.2346
0.2354
0.2362
0.2369
0.2377
0.2384
0.2392
0.2399
0.2406
0.2413
0.2420
0.2427
0.2433
0.2433
0.2433
0.2433
0.2433
0.2433
0.2433
0.2433
0.2433
0.2433
0.2433
0.2433
0.2433
0.2433
0.2433
0.2433
0.2433
0.2433
0.2433
0.2433
0.2433
0.2433
0.2433
0.2433
0.2433
0.2433
0.2433
0.2433
0.2433
0.2433
0.2433
0.2433
0.2433
0.2433
0.2433
0.2433
0.2433
0.2433
0.2433
0.2433
0.2433
0.2433
0.2433
0.2433
0.2433
0.2433
0.2433
0.2433
0.2433
0.2433
0.2433
0.2433
0.2433
0.2433
0.2433
0.2433
0.2433
0.2433
0.2433
0.2433
0.2433
0.2433
0.2433
0.2433
0.2433
0.2433
0.2433
0.2433
0.2433
0.2433
0.2433
0.2433
0.2433
0.2433
0.2433
0.2433
0.2433
0.2433
0.2433
0.2433
0.2433
0.2433
0.2433
0.2433
0.2433
0.2433
0.2433
0.2433
0.2433
0.2433
0.2433
0.2433
0.2433
0.2433
0.2433
0.2433
0.2433
0.2433
0.2433
0.2433
0.2433
0.2433
0.2433
0.2433
0.2433
0.2433
0.2433
0.2433
0.2433
0.2433
0.2433
0.2433
0.2433
0.2433
0.2433
0.2433
0.2433
0.2433
0.2433
0.2433
0.2433
0.2433
0.2433
0.2433
0.2433
0.2433
0.2433
0.2433
0.2433
0.2433
0.2433
0.2433
0.2433
0.2433
0.2433
0.2433
0.2433
0.2433
0.2433
0.2433
0.2433
0.2433
0.2433
0.2433
0.2433
0.2433
0.2433
0.2433
0.2433
0.2433
0.2433
0.2433
0.2433
0.2433
0.2433
0.2433
0.2433
0.2433
0.2433
0.2433
0.2433
0.2433
0.2433
0.2433
0.2433
0.2433
0.2433
0.2433
0.2433
0.2433
0.2433
0.2433
0.2433
0.2433
0.2433
0.2433
0.2433
0.2433
0.2433
0.2433
0.2433
0.2433
0.2433
0.2433
0.2433
0.2433
0.2433
0.2433
0.2433
0.2433
0.2433
0.2433
0.2433
0.2433
0.2433
0.2433
0.2433
0.2433
0.2433
0.2433
0.2433
0.2433
0.2433
0.2433
0.2433
0.2433
0.2433
0.2433
0.2433
0.2433
0.2433
0.2433
0.2433
0.2433
0.2433
0.2433
0.2433
0.2433
0.2433
0.2433
0.2433
0.2433
0.2433
0.2433
0.2433
0.2433
0.2433
0.2433
0.2433
0.2433
0.2433
0.2433
0.2433
0.2433
0.2433
0.2433
0.2433
0.2433
0.2433
0.2433
0.2433
0.2433
0.2433
0.2433
0.2433
0.2433
0.2433
0.2433
0.2433
0.2433
0.2433
0.2433
0.2433
0.2433
0.2433
0.2433
0.2433
0.2433
0.2433
0.2433
0.2433
0.2433
0.2433
0.2433
0.2433
0.2433
0.2433
0.2433
0.2433
0.2433
0.2433
0.2433
0.2433
0.2433
0.2433
0.2433
0.2433
0.2433
0.2433
0.2433
0.2433
0.2433
0.2433
0.2433
0.2433
0.2433
0.2433
0.2433
0.2433
0.2433
0.2433
0.2433
0.2433
0.2433
0.2433
0.2433
0.2433
0.2433
0.2433
0.2433
0.2433
0.2433
0.2433
0.2433
0.2433
0.2433
0.2433
0.2433
0.2433
0.2433
0.2433
0.2433
0.2433
0.2433
0.2433
0.2433
0.2433
0.2433
0.2433
0.2433
0.2433
0.2433
0.2433
0.2433
0.2433
0.2433
0.2433
0.2433
0.2433
0.2433
0.2433
0.2433
0.2433
0.2433
0.2433
0.2433
0.2433
0.2433
0.2433
0.2433
0.2433
0.2433
0.2433
0.2433
0.2433
0.2433
0.2433
0.2433
0.2433
0.2433
0.2433
0.2433
0.2433
0.2433
0.2433
0.2433
0.2433
0.2433
0.2433
0.2433
0.2433
0.2433
0.2433
0.2433
0.2433
0.2433
0.2433
0.2433
0.2433
0.2433
0.2433
0.2433
0.2433
0.2433
0.2433
0.2433
0.2433
0.2433
0.2433
0.2433
0.2433
0.2433
0.2433
0.2433
0.2433
0.2433
0.2433
0.2433
0.2433
0.2433
0.2433
0.2433
0.2433
0.2433
0.2433
0.2433
0.2433
0.2433
0.2433
0.2433
0.2433
0.2433
0.2433
0.2433
0.2433
0.2433
0.2433
0.2433
0.2433
0.2433
0.2433
0.2433
0.2433
0.2433
0.2433
0.2433
0.2433
0.2433
0.2433
0.2433
0.2433
0.2433
0.2433
0.2433
0.2433
0.2433
0.2433
0.2433
0.2433
0.2433
0.2433
0.2433
0.2433
0.2433
0.2433
0.2433
0.2433
0.2433
0.2433
0.2433
0.2433
0.2433
0.2433
0.2433
0.2433
0.2433
0.2433
0.2433
0.2433
0.2433
0.2433
0.2433
0.2433
0.2433
0.2433
0.2433
0.2433
0.2433
0.2433
0.2433
0.2433
0.2433
0.2433
0.2433
0.2433
0.2433
0.2433
0.2433
0.2433
0.2433
0.2433
0.2433
0.2433
0.2433
0.2433
0.2433
0.2433
0.2433
0.2433
0.2433
0.2433
0.2433
0.2433
0.2433
0.2433
0.2433
0.2433
0.2433
0.2433
0.2433
0.2433
0.2433
0.2433
0.2433
0.2433
0.2433
0.2433
0.2433
0.2433
0.2433
0.2433
0.2433
0.2433
0.2433
0.2433
0.2433
0.2433
0.2433
0.2433
0.2433
0.2433
0.2433
0.2433
0.2433
0.2433
0.2433
0.2433
0.2433
0.2433
0.2433
0.2433
0.2433
0.2433
0.2433
0.2433
0.2433
0.2433
0.2433
0.2433
0.2433
0.2433
0.2433
0.2433
0.2433
0.2433
0.2433
0.2433
0.2433
0.2433
0.2433
0.2433
0.2433
0.2433
0.2433
0.2433
0.2433
0.2433
0.2433
0.2433
0.2433
0.2433
0.2433
0.2433
0.2433
0.2433
0.2433
0.2433
0.2433
0.2433
0.2433
0.2433
0.2433
0.2433
0.2433
0.2433
0.2433
0.2433
0.2433
0.2433
0.2433
0.2433
0.2433
0.2433
0.2433
0.2433
0.2433
0.2433
0.2433
0.2433
0.2433
0.2433
0.2433
0.2433
0.2433
0.2433
0.2433
0.2433
0.2433
0.2433
0.2433
0.2433
0.2433
0.2433
0.2433
0.2433
0.2433
0.2433
0.2433
0.2433
0.2433
0.2433
0.2433
0.2433
0.2433
0.2433
0.2433
0.2433
0.2433
0.2433
0.2433
0.2433
0.2433
0.2433
0.2433
0.2433
0.2433
0.2433
0.2433
0.2433
0.2433
0.2433
0.2433
0.2433
0.2433
0.2433
0.2433
0.2433
0.2433
0.2433
0.2433
0.2433
0.2433
0.2433
0.2433
0.2433
0.2433
0.2433
0.2433
0.2433
0.2433
0.2433
0.2433
0.2433
0.2433
0.2433
0.2433
0.2433
0.2433
0.2433
0.2433
0.2433
0.2433
0.2433
0.2433
0.2433
0.2433
0.2433
0.2433
0.2433
0.2433
0.2433
0.2433
0.2433
0.2433
0.2433
0.2433
0.2433
0.2433
0.2433
0.2433
0.2433
0.2433
0.2433
0.2433
0.2433
0.2433
0.2433
0.2433
0.2433
0.2433
0.2433
0.2433
0.2433
0.2433
0.2433
0.2433
0.2433
0.2433
0.2433
0.2433
0.2433
0.2433
0.2433
0.2433
0.2433
0.2433
0.2433
0.2433
0.2433
0.2433
0.2433
0.2433
0.2433
0.2433
0.2433
0.2433
0.2433
0.2433
0.2433
0.2433
0.2433
0.2433
0.2433
0.2433
0.2433
0.2433
0.2433
0.2433
0.2433
0.2433
0.2433
0.2433
0.2433
0.2433
0.2433
0.2433
0.2433
0.2433
0.2433
0.2433
0.2433
0.2433
0.0487
0.0487
0.0487
0.0487
0.0487
0.0487
0.0487
0.0487
0.0541
0.0550
0.0556
0.0560
0.1427
0.0909
0.0879
0.0876
0.0875
0.0875
0.0877
0.0879
0.0882
0.0886
0.0890
0.0894
0.2433
0.1889
0.1765
0.1734
0.1717
0.1699
0.1729
0.1686
0.1673
0.1668
0.1664
0.1662
0.1706
0.1666
0.1665
0.1668
0.1672
0.1676
0.1681
0.1687
0.1692
0.1698
0.1705
0.1711
0.1807
0.1727
0.1733
0.1739
0.1746
0.1752
0.1759
0.1765
0.1772
0.1778
0.1784
0.1790
0.1840
0.1847
0.1809
0.1815
0.1865
0.1827
0.1832
0.1838
0.1843
0.1849
0.1855
0.1861
0.1867
0.1874
0.1880
0.1932
0.1895
0.1902
0.1909
0.1916
0.1923
0.1930
0.1937
0.1945
0.1996
0.1960
0.1967
0.1975
0.1982
0.1989
0.1997
0.2003
0.2011
0.2018
0.2024
0.2031
0.2082
0.2046
0.2051
0.2056
0.2064
0.2073
0.2079
0.2087
0.2095
0.2103
0.2112
0.2121
0.2130
0.2140
0.2149
0.2158
0.2167
0.2177
0.2186
0.2196
0.2206
0.2217
0.2227
0.2237
0.2247
0.2256
0.2266
0.2275
0.2283
0.2292
0.2299
0.2307
0.2314
0.2321
0.2328
0.2334
0.2340
0.2346
0.2352
0.2358
0.2364
0.2370
0.2376
0.2382
0.2388
0.2393
0.2399
0.2404
0.2410
0.2411
0.2420
0.2423
0.2427
0.2430
0.2433
0.2433
0.2433
0.2433
0.2433
0.2433
0.2433
0.2433
0.2433
0.2433
0.2433
0.2433
0.2427
0.2421
0.2416
0.2410
0.2403
0.2397
0.2391
0.2384
0.2378
0.2371
0.2364
0.2357
0.2351
0.2344
0.2338
0.2332
0.2325
0.2319
0.2313
0.2307
0.2301
0.2295
0.2290
0.2284
0.2279
0.2273
0.2268
0.2263
0.2257
0.2252
0.2247
0.2241
0.2236
0.2231
0.2226
0.2220
0.2215
0.2210
0.2205
0.2200
0.2195
0.2190
0.0487
0.0487
0.0487
0.0487
0.0487
0.0487
0.0487
0.0487
0.0487
0.0487
0.0487
0.0487
0.0487
0.0487
0.0487
0.0487
0.0487
0.0487
0.0487
0.0487
0.0493
0.0510
0.0515
0.0519
0.2433
0.2433
0.2433
0.2433
0.2433
0.2433
0.2433
0.2433
0.2433
0.2433
0.2433
0.2433
0.2433
0.2433
0.2433
0.2433
0.2433
0.2433
0.2433
0.2433
0.2433
0.2433
0.2433
0.2433
0.2433
0.2433
0.2433
0.2433
0.2433
0.2433
0.2433
0.2433
0.2433
0.2433
0.2433
0.2433
0.2433
0.2433
0.2433
0.2433
0.2433
0.2433
0.2433
0.2433
0.2433
0.2433
0.2433
0.2433
0.2433
0.2433
0.2433
0.2433
0.2433
0.2433
0.2433
0.2433
0.2433
0.2433
0.2433
0.2433
0.2433
0.2433
0.2433
0.2433
0.2433
0.2433
0.2433
0.2433
0.2433
0.2433
0.2433
0.2433
0.2433
0.2433
0.2433
0.2433
0.2433
0.2433
0.2433
0.2433
0.2433
0.2433
0.2433
0.2433
0.2433
0.2246
0.1266
0.0937
0.0807
0.0709
0.0595
0.0548
0.0487
0.0487
0.0487
0.0487
0.0487
0.0487
0.0487
0.0487
0.0487
0.0487
0.0487
0.0487
0.0487
0.0487
0.0487
0.0487
0.0487
0.0487
0.0487
0.0487
0.0487
0.0487
0.0487
0.0487
0.0487
0.0487
0.0487
0.0487
0.0487
0.0487
0.0487
0.0487
0.0487
0.0487
0.0487
0.0487
0.0487
0.0487
0.0487
0.0487
0.0487
0.0487
0.0487
0.0487
0.0487
0.0487
0.0487
0.0487
0.0487
0.0487
0.0487
0.0487
0.0487
0.0487
0.0487
0.0487
0.0487
0.0487
0.0487
0.0487
0.0487
0.0487
0.0487
0.0487
0.0487
0.0487
0.0487
0.0487
0.0487
0.0487
0.0487
0.0487
0.0487
0.0487
0.0487
0.0487
0.0487
0.0487
0.0487
0.0487
0.0487
0.0487
0.0487
0.0487
0.0487
0.0487
0.0487
0.0487
0.0487
0.0487
0.0487
0.0487
0.0487
0.0487
0.0487
0.0487
0.0487
0.0487
0.0487
0.0487
0.0487
0.0487
0.0487
0.0487
0.0487
0.0487
0.0487
0.0487
0.0487
0.0487
0.0487
0.0487
0.0487
0.0487
0.0487
0.0487
0.0487
0.0487
0.0487
0.0487
0.0487
0.0487
0.0621
0.0487
0.0487
0.0487
0.0487
0.0487
0.2433
0.0643
0.0487
0.0487
0.0487
0.0487
0.0487
0.0487
0.0487
0.0487
0.0487
0.0487
0.0487
0.2433
0.0588
0.0487
0.2433
0.0742
0.0487
0.0487
0.2433
0.0687
0.0487
0.0487
0.0487
0.0487
0.0487
0.0487
0.0487
0.0487
0.0487
0.0487
0.0487
0.2433
0.0512
0.0487
0.0487
0.0487
0.0487
0.0487
0.0487
0.2433
0.0504
0.0487
0.2433
0.2433
0.2433
0.2433
0.2433
0.2433
0.2433
0.2433
0.2433
0.2433
0.2433
0.2433
0.2433
0.2433
0.2433
0.2433
0.2433
0.2433
0.2433
0.2433
0.2433
0.2433
0.2433
0.2433
0.2433
0.2433
0.2433
0.2433
0.2433
0.2433
0.2433
0.2433
0.2433
0.2433
0.2433
0.2433
0.2433
0.2433
0.2433
0.2433
0.2433
0.2433
0.2433
0.2433
0.2433
0.2433
0.2433
0.2433
0.2433
0.2433
0.2433
0.2433
0.2433
0.2433
0.2433
0.2433
0.2433
0.2433
0.2433
0.2433
0.2433
0.2433
0.2433
0.2433
0.2433
0.2433
0.2433
0.2433
0.2433
0.2433
0.2433
0.2433
0.2433
0.2433
0.2433
0.2433
0.2433
0.2433
0.2433
0.2433
0.2433
0.2433
0.2433
0.2433
0.2433
0.2433
0.2433
0.2433
0.2433
0.2433
0.2433
0.2433
0.2433
0.2433
0.2433
0.2433
0.2433
0.2433
0.2433
0.2433
0.2433
0.2433
0.2433
0.2433
0.2433
0.2433
0.2433
0.2433
0.2433
0.1393
0.0510
0.0487
0.0487
0.0487
0.0487
0.0487
0.0487
0.0487
0.0487
0.0487
0.0487
0.0487
0.0487
0.0487
0.0487
0.0487
0.0487
0.0487
0.0487
0.0487
0.0487
0.0487
0.0487
0.0487
0.0487
0.0487
0.0487
0.0487
0.0487
0.0487
0.0487
0.0487
0.0487
0.0487
0.0487
0.0487
0.0487
0.0487
0.0487
0.0487
0.0487
0.0487
0.0487
0.0487
0.0487
0.0487
0.0487
0.0487
0.0487
0.0487
0.0487
0.0487
0.0487
0.0487
0.0487
0.0487
0.0487
0.0487
0.0487
0.0487
0.0487
0.0487
0.0487
0.0487
0.0487
0.0487
0.0487
0.0487
0.0487
0.0487
0.0487
0.0487
0.0487
0.0487
0.0487
0.0487
0.0487
0.0487
0.0487
0.0487
0.0487
0.0487
0.0487
0.0487
0.0487
0.0487
0.0487
0.0487
0.0487
0.0487
0.0487
0.0487
0.0487
0.0487
0.0487
0.0487
0.0487
0.0487
0.0487
0.0487
0.0487
0.0487
0.0487
0.0487
0.0487
0.0487
0.0487
0.0487
0.0487
0.0487
0.0487
0.0487
0.0487
0.0487
0.0487
0.0487
0.0487
0.0487
0.0487
0.0487
0.0487
0.0487
0.0487
0.0502
0.0508
0.0513
0.0517
0.0521
0.0524
0.0526
0.0527
0.0528
0.0528
0.0528
0.0527
0.0525
0.0524
0.0522
0.0519
0.0517
0.0514
0.0512
0.0509
0.0507
0.0504
0.0502
0.0499
0.0497
0.0495
0.0493
0.0491
0.0489
0.0487
0.0487
0.0487
0.0487
0.0487
0.0487
0.0487
0.0487
0.0487
0.0487
0.0487
0.0487
0.0487
0.0487
0.0487
0.0487
0.0487
0.0487
0.0487
0.0487
0.0487
0.0487
0.0487
0.0487
0.0487
0.0487
0.2433
0.2433
0.2433
0.2433
0.2433
0.2433
0.2433
0.2433
0.2433
0.2433
0.2433
0.2433
0.2433
0.2433
0.2433
0.2433
0.2433
0.2433
0.2433
0.2433
0.2433
0.2433
0.2433
0.2433
0.0487
0.0994
0.1145
0.1153
0.1152
0.1148
0.1143
0.1139
0.1134
0.1130
0.1127
0.1124
0.1121
0.1118
0.1115
0.1113
0.1110
0.1107
0.1105
0.1102
0.1100
0.1097
0.1095
0.1092
0.1089
0.1086
0.1083
0.1080
0.1076
0.1073
0.1069
0.1065
0.1062
0.1057
0.1053
0.1049
0.1045
0.1040
0.1035
0.1030
0.1025
0.1020
0.1015
0.1009
0.1004
0.0998
0.0993
0.0987
0.0982
0.0976
0.0970
0.0964
0.0958
0.0952
0.0946
0.0940
0.0934
0.0928
0.0922
0.0916
0.2433
0.1881
0.1753
0.1705
0.1669
0.1638
0.1610
0.1585
0.1561
0.1539
0.1518
0.1499
0.2433
0.2093
0.2007
0.1968
0.1938
0.1912
0.1890
0.1870
0.1852
0.1837
0.1823
0.1810
0.2433
0.2433
0.2433
0.2433
0.2433
0.2433
0.2433
0.2433
0.2433
0.2433
0.2433
0.2433
0.2433
0.2433
0.2433
0.2433
0.2433
0.2433
0.2433
0.2433
0.2433
0.2433
0.2433
0.2433
0.2433
0.2433
0.2433
0.2433
0.2433
0.2433
0.2433
0.2433
0.2433
0.2433
0.2433
0.2433
0.2433
0.2433
0.2433
0.2433
0.2433
0.2433
0.2433
0.2433
0.2433
0.2433
0.2433
0.2433
0.2433
0.2433
0.2433
0.2433
0.2433
0.2433
0.2433
0.2433
0.2433
0.2433
0.2433
0.2433
0.2433
0.2433
0.2433
0.2433
0.2433
0.2433
0.2433
0.2433
0.2433
0.2433
0.2433
0.2433
0.2433
0.2433
0.2433
0.2433
0.2433
0.2433
0.2433
0.2433
0.2433
0.2433
0.2433
0.2433
0.2433
0.2433
0.2433
0.2433
0.2433
0.2433
0.2433
0.2433
0.2433
0.2433
0.2433
0.2433
0.2433
0.2433
0.2433
0.2433
0.2433
0.2433
0.2433
0.2433
0.2433
0.2433
0.2433
0.2433
0.2433
0.2433
0.2433
0.2433
0.2433
0.2433
0.2433
0.2433
0.2433
0.2433
0.2433
0.2433
0.2433
0.2433
0.2433
0.2433
0.2433
0.2433
0.2433
0.2433
0.2433
0.2433
0.2433
0.2433
0.2433
0.2433
0.2433
0.2433
0.2433
0.2433
0.2433
0.2433
0.2433
0.2433
0.2433
0.2433
0.2433
0.2433
0.2433
0.2433
0.2433
0.2433
0.2433
0.2433
0.2433
0.2433
0.2433
0.2433
0.2433
0.2433
0.2433
0.2433
0.2433
0.2433
0.2433
0.2433
0.2433
0.2433
0.2433
0.2433
0.2433
0.2433
0.2433
0.2433
0.2433
0.2433
0.2433
0.2433
0.2433
0.2433
0.2433
0.2433
0.2433
0.2433
0.2433
0.2433
0.2433
0.2433
0.2433
0.2433
0.2433
0.0487
0.0487
0.0487
0.0487
0.0487
0.0487
0.0487
0.0487
0.0487
0.0487
0.0487
0.0487
0.0487
0.0487
0.0487
0.0487
0.0487
0.0487
0.0487
0.0487
0.0487
0.0487
0.0489
0.0509
0.0515
0.0521
0.0526
0.0530
0.0534
0.0538
0.0541
0.0544
0.0547
0.0550
0.0552
0.0554
0.0556
0.0557
0.0559
0.0560
0.0561
0.0562
0.0563
0.0564
0.0565
0.0565
0.0566
0.0566
0.0567
0.0567
0.0567
0.0567
0.0567
0.0567
0.0567
0.0566
0.0566
0.0566
0.0565
0.0565
0.0564
0.0563
0.0563
0.0562
0.0561
0.0561
0.0560
0.0559
0.0558
0.0557
0.0556
0.0555
0.0554
0.0553
0.0552
0.1987
0.1283
0.1198
0.1169
0.1148
0.1130
0.1115
0.1101
0.1088
0.1077
0.1066
0.1056
0.1990
0.1577
0.1518
0.1491
0.1472
0.1456
0.1443
0.1432
0.1423
0.1415
0.1408
0.1403
0.2433
0.2433
0.2433
0.2431
0.2350
0.2309
0.2322
0.2263
0.2241
0.2222
0.2207
0.2194
0.2232
0.2178
0.2167
0.2161
0.2157
0.2153
0.2195
0.2151
0.2149
0.2149
0.2149
0.2149
0.2239
0.2153
0.2154
0.2155
0.2201
0.2159
0.2161
0.2162
0.2164
0.2166
0.2168
0.2170
0.2173
0.2175
0.2178
0.2180
0.2183
0.2186
0.2189
0.2192
0.2195
0.2243
0.2203
0.2206
0.2209
0.2212
0.2216
0.2220
0.2224
0.2228
0.2232
0.2235
0.2239
0.2244
0.2248
0.2251
0.2255
0.2259
0.2264
0.2268
0.2273
0.2277
0.2282
0.2286
0.2291
0.2295
0.2300
0.2305
0.2354
0.2315
0.2320
0.2324
0.2330
0.2336
0.2342
0.2349
0.2358
0.2364
0.2372
0.2380
0.2389
0.2398
0.2405
0.2413
0.2421
0.2429
0.2433
0.2433
0.2433
0.2433
0.2433
0.2433
0.2433
0.2433
0.2433
0.2433
0.2433
0.2433
0.2433
0.2433
0.2433
0.2433
0.2433
0.2433
0.2433
0.2433
0.2433
0.2433
0.2433
0.2433
0.2433
0.2433
0.2433
0.2433
0.2433
0.2433
0.2433
0.2433
0.2433
0.2433
0.2433
0.2433
0.2433
0.2433
0.2433
0.2433
0.2433
0.2433
0.2433
0.2433
0.2433
0.2433
0.2433
0.2433
0.2433
0.2433
0.2433
0.2433
0.2433
0.2433
0.2433
0.2433
0.2433
0.2433
0.2433
0.2433
0.2433
0.2433
0.2433
0.2433
0.2433
0.2433
0.2433
0.2433
0.2433
0.2433
0.2433
0.2433
0.2433
0.2433
0.2433
0.2433
0.2433
0.2433
0.2433
0.2433
0.2433
0.2433
0.2433
0.2433
0.2433
0.2433
0.2433
0.2433
0.2433
0.2433
0.2433
0.2433
0.2433
0.2433
0.2433
0.2433
0.2433
0.2433
0.2433
0.2433
0.2433
0.2433
0.2433
0.2433
0.2433
0.2433
0.2433
0.2433
0.2433
0.2433
0.2433
0.2433
0.2433
0.2433
0.2433
0.2433
0.2433
0.2433
0.2433
0.2433
0.2433
0.2433
0.2433
0.2433
0.2433
0.2433
0.2433
0.2433
0.2433
0.2433
0.2433
0.2433
0.2433
0.2433
0.2433
0.2433
0.2433
0.2433
0.2433
0.2433
0.2433
0.2433
0.2433
0.2433
0.2433
0.2433
0.2433
0.2433
0.2433
0.2433
0.2433
0.2433
0.2433
0.2433
0.2433
0.2433
0.2433
0.2433
0.2433
0.2433
0.2433
0.2433
0.2433
0.2433
0.2433
0.2433
0.2433
0.2433
0.2433
0.2433
0.2433
0.2433
0.2433
0.2433
0.2433
0.2433
0.2433
0.2433
0.2433
0.2433
0.2433
0.2433
0.2433
0.2433
0.2433
0.2433
0.2433
0.2433
0.2433
0.2433
0.2433
0.2433
0.2433
0.2433
0.2433
0.2433
0.2433
0.2433
0.2433
0.2433
0.2433
0.2433
0.2433
0.2433
0.2433
0.2433
0.2433
0.2433
0.2433
0.2433
0.2433
0.2433
0.2433
0.2433
0.2433
0.2433
0.2433
0.2433
0.2433
0.2433
0.2433
0.2433
0.2433
0.2433
0.2433
0.2433
0.2433
0.2433
0.2433
0.2433
0.2433
0.2433
0.2433
0.2433
0.2433
0.2433
0.2433
0.2433
0.2433
0.2433
0.2433
0.2433
0.2433
0.2433
0.2433
0.2433
0.2433
0.2433
0.2433
0.2433
0.2433
0.2433
0.2433
0.2433
0.2433
0.2433
0.2433
0.2433
0.2433
0.2433
0.2433
0.2433
0.2433
0.2433
0.2433
0.2433
0.2433
0.2433
0.2433
0.2433
0.2433
0.2433
0.2433
0.2433
0.2433
0.2433
0.2433
0.2433
0.2433
0.2433
0.2433
0.2433
0.2433
0.2433
0.2433
0.2433
0.2433
0.2433
0.2433
0.2433
0.2433
0.2433
0.2433
0.2433
0.2433
0.2433
0.2433
0.2433
0.2433
0.2433
0.2433
0.2433
0.2433
0.2433
0.2433
0.2433
0.2433
0.2433
0.2433
0.2433
0.2433
0.2433
0.2433
0.2433
0.2433
0.2433
0.2433
0.2433
0.2433
0.2433
0.2433
0.2433
0.2433
0.2433
0.2433
0.2433
0.2433
0.2433
0.2433
0.2433
0.2433
0.2433
0.2433
0.2433
0.2433
0.2433
0.2433
0.2433
0.2433
0.2433
0.2433
0.2433
0.2433
0.2433
0.2433
0.2433
0.2433
0.2433
0.2433
0.2433
0.2433
0.2433
0.2433
0.2433
0.2433
0.2433
0.2433
0.2433
0.2433
0.2433
0.2433
0.2433
0.2433
0.2433
0.2433
0.2433
0.2433
0.2433
0.2433
0.2433
0.2433
0.2433
0.2433
0.2433
0.2433
0.2433
0.2433
0.2433
0.2433
0.2433
0.2433
0.2433
0.2433
0.2433
0.2433
0.2433
0.2433
0.2433
0.2433
0.2433
0.2433
0.2433
0.2433
0.2433
0.2433
0.2433
0.2433
0.2433
0.2433
0.2433
0.2433
0.2433
0.2433
0.2433
0.2433
0.2433
0.2433
0.2433
0.2433
0.2433
0.2433
0.2433
0.2433
0.2433
0.2433
0.2433
0.2433
0.2433
0.2433
0.2433
0.2433
0.2433
0.2433
0.2433
0.2433
0.2433
0.2433
0.2433
0.2433
0.2433
0.2433
0.2433
0.2433
0.2433
0.2433
0.2433
0.2433
0.2433
0.2433
0.2433
0.2433
0.2433
0.2433
0.2433
0.2433
0.2433
0.2433
0.2433
0.2433
0.2433
0.2433
0.2433
0.2433
0.2433
0.2433
0.2433
0.2433
0.2433
0.2433
0.2433
0.2433
0.2433
0.2433
0.2433
0.2433
0.2433
0.2433
0.2433
0.2433
0.2433
0.2433
0.2433
0.2433
0.2433
0.2433
0.2433
0.2433
0.2433
0.2433
0.2433
0.2433
0.2433
0.2433
0.2433
0.2433
0.2433
0.2433
0.2433
0.2433
0.2433
0.2433
0.2433
0.2433
0.2433
0.2433
0.2433
0.2433
0.2433
0.2433
0.2433
0.2433
0.2433
0.2433
0.2433
0.2433
0.2433
0.2433
0.2433
0.2433
0.2433
0.2433
0.2433
0.2433
0.2433
0.2433
0.2433
0.2433
0.2433
0.2433
0.2433
0.2433
0.2433
0.2433
0.2433
0.2433
0.2433
0.2433
0.2433
0.2433
0.2433
0.2433
0.2433
0.2433
0.2433
0.2433
0.2433
0.2433
0.2433
0.2433
0.2433
0.2433
0.2433
0.2433
0.2433
0.2433
0.2433
0.2433
0.2433
0.2433
0.2433
0.2433
0.2433
0.2433
0.2433
0.2433
0.2433
0.2433
0.2433
0.2433
0.2433
0.2433
0.2433
0.2433
0.2433
0.2433
0.2433
0.2433
0.2433
0.2433
0.2433
0.2433
0.2433
0.2433
0.2433
0.2433
0.2433
0.2433
0.2433
0.2433
0.2433
0.2433
0.2433
0.2433
0.2433
0.2433
0.2433
0.2433
0.2433
0.2433
0.2433
0.2433
0.2433
0.2433
0.2433
0.2433
0.2433
0.2433
0.2433
0.2433
0.2433
0.2433
0.2433
0.2433
0.2433
0.2433
0.2433
0.2433
0.2433
0.2433
0.2433
0.2433
0.2433
0.2433
0.2433
0.2433
0.2433
0.2433
0.2433
0.2433
0.2433
0.2433
0.2433
0.2433
0.2433
0.2433
0.2433
0.2433
0.2433
0.2433
0.2433
0.2433
0.2433
0.2433
0.2433
0.2433
0.2433
0.2433
0.2433
0.2433
0.2433
0.2433
0.2433
0.2433
0.2433
0.2433
0.2433
0.2433
0.2433
0.2433
0.2433
0.2433
0.2433
0.2433
0.2433
0.2433
0.2433
0.2433
0.2433
0.2433
0.2433
0.2433
0.2433
0.2433
0.2433
0.2433
0.2433
0.2433
0.2433
0.2433
0.2433
0.2433
0.2433
0.2433
0.2433
0.2433
0.2433
0.2433
0.2433
0.2433
0.2433
0.2433
0.2433
0.2433
0.2433
0.2433
0.2433
0.2433
0.2433
0.2433
0.2433
0.2433
0.2433
0.2433
0.2433
0.2433
0.2433
0.2433
0.2433
0.2433
0.2433
0.2433
0.2433
0.2433
0.2433
0.2433
0.2433
0.2433
0.2433
0.2433
0.2433
0.2433
0.2433
0.2433
0.2433
0.2433
0.2433
0.2433
0.2433
0.2433
0.2433
0.2433
0.2433
0.2433
0.2433
0.2433
0.2433
0.2433
0.2433
0.2433
0.2433
0.2433
0.2433
0.2433
0.2433
0.2433
0.2433
0.2433
0.2433
0.2433
0.2433
0.2433
0.2433
0.2433
0.2433
0.2433
0.2433
0.2433
0.2433
0.2433
0.2433
0.2433
0.2433
0.2433
0.2433
0.2433
0.2433
0.2433
0.2433
0.2433
0.2433
0.2433
0.2433
0.2433
0.2433
0.2433
0.2433
0.2433
0.2433
0.2433
0.2433
0.2433
0.2433
0.2433
0.2433
0.2433
0.2433
0.2433
0.2433
0.2433
0.2433
0.2433
0.2433
0.2433
0.2433
0.2433
0.2433
0.2433
0.2433
0.2433
0.2433
0.2433
0.2433
0.2433
0.2433
0.2433
0.2433
0.2433
0.2433
0.2433
0.2433
0.2433
0.2433
0.2433
0.2433
0.2433
0.2433
0.2433
0.2433
0.2433
0.2433
0.2433
0.2433
0.2433
0.2433
0.2433
0.2433
0.2433
0.2433
0.2433
0.2433
0.2433
0.2433
0.2433
0.2433
0.2433
0.2433
0.2433
0.2433
0.2433
0.2433
0.2433
0.2433
0.2433
0.2433
0.2433
0.2433
0.2433
0.2433
0.2433
0.2433
0.2433
0.2433
0.2433
0.2433
0.2433
0.2433
0.2433
0.2433
0.2433
0.2433
0.2433
0.2433
0.2433
0.2433
0.2433
0.2433
0.2433
0.2433
0.2433
0.2433
0.2433
0.2433
0.2433
0.2433
0.2433
0.2433
0.2433
0.2433
0.2433
0.2433
0.2433
0.2433
0.2433
0.2433
0.2433
0.2433
0.2433
0.2433
0.2433
0.2433
0.2433
0.2433
0.2433
0.2433
0.2433
0.2433
0.2433
0.2433
0.2433
0.2433
0.2433
0.2433
0.2433
0.2433
0.2433
0.2433
0.2433
0.2433
0.2433
0.2433
0.2433
0.2433
0.2433
0.2433
0.2433
0.2433
0.2433
0.2433
0.2433
0.2433
0.2433
0.2433
0.2433
0.2433
0.2433
0.2433
0.2433
0.2433
0.2433
0.2433
0.2433
0.2433
0.2433
0.2433
0.2433
0.2433
0.2433
0.2433
0.2433
0.2433
0.2433
0.2433
0.2433
0.2433
0.2433
0.2433
0.2433
0.2433
0.2433
0.2433
0.2433
0.2433
0.2433
0.2433
0.2433
0.2433
0.2433
0.2433
0.2433
0.2433
0.2433
0.2433
0.2433
0.2433
0.2433
0.2433
0.2433
0.2433
0.2433
0.2433
0.2433
0.2433
0.2433
0.2433
0.2433
0.2433
0.2433
0.2433
0.2433
0.2433
0.2433
0.2433
0.2433
0.2433
0.2433
0.2433
0.2433
