0.1188
0.1193
0.1196
0.1200
0.1203
0.1206
0.1208
0.1210
0.1212
0.1214
0.1215
0.1216
0.1217
0.1217
0.1218
0.1218
0.1218
0.1218
0.1217
0.1217
0.1216
0.1215
0.1214
0.1213
0.1212
0.1211
0.1210
0.1209
0.1207
0.1206
0.1204
0.1203
0.1201
0.1199
0.1197
0.1196
0.1194
0.1192
0.1190
0.1188
0.1186
0.1184
0.1182
0.1180
0.1177
0.1175
0.1173
0.1171
0.1169
0.1167
0.1164
0.1162
0.1160
0.1158
0.1156
0.1154
0.1151
0.1149
0.1147
0.1144
0.1142
0.3288
0.2220
0.2083
0.2040
0.2009
0.1984
0.1962
0.1943
0.1926
0.1910
0.1896
0.1883
0.3240
0.2604
0.2515
0.2480
0.2454
0.2434
0.2416
0.2401
0.2388
0.2377
0.2367
0.2358
0.3977
0.3977
0.3828
0.3655
0.3595
0.3553
0.3520
0.3500
0.3469
0.3449
0.3430
0.3416
0.3404
0.3399
0.3388
0.3383
0.3380
0.3378
0.3374
0.3421
0.3380
0.3378
0.3380
0.3381
0.3427
0.3387
0.3389
0.3392
0.3395
0.3398
0.3402
0.3405
0.3409
0.3412
0.3416
0.3464
0.3424
0.3473
0.3432
0.3434
0.3441
0.3445
0.3449
0.3454
0.3458
0.3462
0.3467
0.3471
0.3476
0.3481
0.3485
0.3531
0.3497
0.3505
0.3506
0.3555
0.3517
0.3521
0.3527
0.3531
0.3579
0.3542
0.3548
0.3551
0.3557
0.3562
0.3568
0.3574
0.3580
0.3586
0.3592
0.3599
0.3606
0.3612
0.3619
0.3627
0.3633
0.3640
0.3647
0.3654
0.3662
0.3670
0.3677
0.3685
0.3693
0.3701
0.3708
0.3715
0.3722
0.3729
0.3735
0.3742
0.3749
0.3756
0.3763
0.3769
0.3776
0.3782
0.3789
0.3795
0.3802
0.3808
0.3814
0.3821
0.3827
0.3832
0.3838
0.3844
0.3850
0.3855
0.3862
0.3868
0.3873
0.3879
0.3884
0.3889
0.3894
0.3899
0.3903
0.3904
0.3911
0.3912
0.3917
0.3918
0.3916
0.3919
0.3919
0.3904
0.3918
0.3916
0.3910
0.3912
0.3907
0.3902
0.3899
0.3894
0.3888
0.3882
0.3875
0.3868
0.3861
0.3854
0.3847
0.3840
0.3833
0.3825
0.3818
0.3810
0.3802
0.3795
0.3787
0.3779
0.3772
0.3764
0.3756
0.3749
0.3741
0.3734
0.3726
0.3719
0.3712
0.3704
0.3697
0.3689
0.3682
0.3674
0.3667
0.3659
0.3652
0.3643
0.3636
0.3629
0.3621
0.3613
0.3605
0.3597
0.3590
0.3582
0.3575
0.3567
0.0795
0.0795
0.0795
0.0795
0.0795
0.0795
0.0795
0.0912
0.0988
0.1007
0.1023
0.1037
0.1050
0.1061
0.1071
0.1080
0.1089
0.1096
0.1102
0.1108
0.1114
0.1119
0.1124
0.1128
0.1132
0.1136
0.1140
0.1143
0.1146
0.1149
0.1152
0.1154
0.1156
0.1158
0.1160
0.1162
0.1163
0.1165
0.1166
0.1167
0.1167
0.1168
0.1169
0.1169
0.1169
0.1169
0.1169
0.1169
0.1169
0.1169
0.1169
0.1169
0.1168
0.1168
0.1167
0.1167
0.1166
0.1165
0.1164
0.1164
0.1163
0.1162
0.1161
0.1160
0.1159
0.1158
0.1157
0.1156
0.1155
0.1154
0.1153
0.1152
0.1151
0.1150
0.1149
0.1148
0.1147
0.1145
0.1144
0.1143
0.1142
0.1140
0.1139
0.1138
0.3279
0.2220
0.2085
0.2043
0.2014
0.1991
0.1970
0.1953
0.1937
0.1924
0.1911
0.1899
0.3260
0.2629
0.2542
0.2508
0.2484
0.2465
0.2449
0.2435
0.2422
0.2411
0.2401
0.2393
0.3977
0.3977
0.3892
0.3699
0.3633
0.3589
0.3553
0.3522
0.3498
0.3472
0.3457
0.3431
0.3464
0.3404
0.3392
0.3384
0.3378
0.3373
0.3370
0.3369
0.3367
0.3367
0.3368
0.3369
0.3371
0.3373
0.3376
0.3380
0.3383
0.3387
0.3390
0.3395
0.3399
0.3403
0.3407
0.3412
0.3503
0.3422
0.3427
0.3426
0.3437
0.3443
0.3450
0.3508
0.3466
0.3474
0.3483
0.3492
0.3545
0.3511
0.3520
0.3575
0.3541
0.3550
0.3560
0.3570
0.3579
0.3588
0.3598
0.3607
0.3930
0.3723
0.3640
0.3647
0.3654
0.3662
0.3715
0.3679
0.3686
0.3692
0.3698
0.3703
0.3695
0.3709
0.3715
0.3718
0.3726
0.3733
0.3742
0.3797
0.3766
0.3776
0.3788
0.3801
0.3815
0.3829
0.3842
0.3855
0.3867
0.3880
0.3893
0.3903
0.3918
0.3930
0.3941
0.3953
0.3964
0.3975
0.3977
0.3977
0.3977
0.3977
0.3977
0.3977
0.3977
0.3977
0.3977
0.3977
0.3977
0.3977
0.3977
0.3977
0.3977
0.3977
0.3977
0.3977
0.3977
0.3977
0.3977
0.3977
0.3977
0.3977
0.3977
0.3977
0.3977
0.3977
0.3977
0.3977
0.3977
0.3977
0.3977
0.3977
0.3977
0.3977
0.3977
0.3977
0.3977
0.3977
0.3977
0.3977
0.3977
0.3977
0.3977
0.3977
0.3977
0.3977
0.3977
0.3977
0.3977
0.3960
0.3942
0.3928
0.3915
0.3902
0.3890
0.3878
0.3867
0.3856
0.3845
0.3835
0.3825
0.3815
0.3805
0.3796
0.3786
0.3777
0.3768
0.3759
0.3750
0.3741
0.3733
0.3725
0.3716
0.3708
0.3700
0.3692
0.3684
0.3676
0.3668
0.3660
0.0795
0.0795
0.0795
0.0795
0.0795
0.0795
0.0854
0.1006
0.1032
0.1052
0.1070
0.1085
0.1098
0.1110
0.1120
0.1129
0.1137
0.1145
0.1153
0.1161
0.1168
0.1174
0.1180
0.1186
0.1192
0.1197
0.1201
0.1206
0.1210
0.1214
0.1218
0.1221
0.1225
0.1228
0.1230
0.1233
0.1235
0.1237
0.1239
0.1241
0.1243
0.1245
0.1246
0.1248
0.1249
0.1250
0.1251
0.1252
0.1253
0.1253
0.1254
0.1254
0.1255
0.1255
0.1255
0.1255
0.1255
0.1255
0.1255
0.1255
0.1254
0.1254
0.1253
0.1253
0.1252
0.1251
0.1251
0.1250
0.1249
0.1248
0.1247
0.1246
0.1244
0.1243
0.1242
0.1241
0.1239
0.1238
0.1237
0.1235
0.1234
0.1232
0.1231
0.1229
0.3424
0.2374
0.2234
0.2188
0.2157
0.2131
0.2109
0.2090
0.2073
0.2057
0.2043
0.2030
0.3403
0.2782
0.2691
0.2655
0.2629
0.2608
0.2590
0.2574
0.2559
0.2546
0.2534
0.2524
0.3977
0.3977
0.3977
0.3928
0.3803
0.3749
0.3713
0.3682
0.3652
0.3629
0.3610
0.3591
0.3579
0.3564
0.3594
0.3542
0.3534
0.3528
0.3521
0.3515
0.3511
0.3506
0.3506
0.3502
0.3544
0.3545
0.3500
0.3498
0.3499
0.3499
0.3500
0.3501
0.3502
0.3503
0.3505
0.3506
0.3508
0.3510
0.3556
0.3514
0.3514
0.3560
0.3517
0.3518
0.3519
0.3520
0.3521
0.3522
0.3524
0.3526
0.3528
0.3575
0.3535
0.3535
0.3541
0.3547
0.3549
0.3553
0.3557
0.3561
0.3601
0.3568
0.3574
0.3578
0.3581
0.3583
0.3585
0.3587
0.3632
0.3589
0.3589
0.3590
0.3592
0.3591
0.3597
0.3597
0.3599
0.3602
0.3605
0.3608
0.3612
0.3615
0.3620
0.3624
0.3629
0.3677
0.3641
0.3645
0.3650
0.3656
0.3661
0.3667
0.3674
0.3680
0.3685
0.3693
0.3699
0.3706
0.3713
0.3720
0.3726
0.3733
0.3740
0.3747
0.3754
0.3761
0.3768
0.3775
0.3781
0.3788
0.3795
0.3803
0.3810
0.3817
0.3823
0.3830
0.3836
0.3843
0.3849
0.3855
0.3860
0.3862
0.3870
0.3874
0.3871
0.3881
0.3884
0.3880
0.3889
0.3890
0.3892
0.3890
0.3889
0.3881
0.3884
0.3880
0.3876
0.3872
0.3867
0.3862
0.3856
0.3851
0.3845
0.3839
0.3833
0.3827
0.3820
0.3814
0.3808
0.3801
0.3795
0.3789
0.3782
0.3776
0.3770
0.3763
0.3757
0.3751
0.3745
0.3739
0.3733
0.3727
0.3721
0.3714
0.3708
0.3702
0.3696
0.3690
0.3685
0.3678
0.3673
0.3667
0.3661
0.3655
0.3649
0.3643
0.3637
0.3631
0.3625
0.3620
0.0795
0.0795
0.0795
0.0795
0.0795
0.0795
0.0795
0.0978
0.1012
0.1033
0.1052
0.1068
0.1083
0.1095
0.1106
0.1115
0.1125
0.1134
0.1143
0.1151
0.1159
0.1166
0.1173
0.1180
0.1186
0.1192
0.1197
0.1202
0.1207
0.1212
0.1216
0.1220
0.1223
0.1226
0.1229
0.1232
0.1235
0.1237
0.1240
0.1242
0.1243
0.1245
0.1247
0.1248
0.1249
0.1250
0.1251
0.1251
0.1252
0.1253
0.1253
0.1253
0.1253
0.1253
0.1253
0.1252
0.1252
0.1251
0.1250
0.1249
0.1248
0.1247
0.1246
0.1245
0.1243
0.1242
0.1240
0.1238
0.1237
0.1235
0.1233
0.1231
0.1229
0.1227
0.1225
0.1223
0.1220
0.1218
0.1216
0.1213
0.1211
0.1208
0.1205
0.1203
0.3393
0.2344
0.2200
0.2153
0.2120
0.2093
0.2069
0.2049
0.2030
0.2013
0.1998
0.1984
0.3353
0.2728
0.2635
0.2598
0.2572
0.2550
0.2531
0.2515
0.2501
0.2488
0.2477
0.2468
0.3977
0.3977
0.3977
0.3829
0.3745
0.3696
0.3653
0.3643
0.3604
0.3583
0.3565
0.3550
0.3540
0.3528
0.3519
0.3513
0.3509
0.3506
0.3503
0.3502
0.3502
0.3502
0.3502
0.3503
0.3504
0.3505
0.3552
0.3510
0.3511
0.3513
0.3559
0.3517
0.3518
0.3519
0.3521
0.3523
0.3525
0.3527
0.3529
0.3531
0.3523
0.3531
0.3535
0.3541
0.3546
0.3552
0.3557
0.3564
0.3570
0.3578
0.3585
0.3594
0.3602
0.3610
0.3617
0.3672
0.3636
0.3644
0.3651
0.3658
0.3666
0.3668
0.3680
0.3687
0.3694
0.3701
0.3707
0.3713
0.3720
0.3726
0.3736
0.3737
0.3743
0.3750
0.3757
0.3763
0.3769
0.3776
0.3783
0.3790
0.3797
0.3804
0.3812
0.3909
0.3875
0.3838
0.3845
0.3852
0.3859
0.3866
0.3874
0.3971
0.3892
0.3899
0.3906
0.3914
0.3922
0.3930
0.3937
0.3945
0.3953
0.3960
0.3967
0.3975
0.3977
0.3977
0.3977
0.3977
0.3977
0.3977
0.3977
0.3977
0.3977
0.3977
0.3977
0.3977
0.3977
0.3977
0.3977
0.3977
0.3977
0.3977
0.3977
0.3977
0.3977
0.3977
0.3977
0.3977
0.3977
0.3977
0.3977
0.3977
0.3977
0.3977
0.3977
0.3977
0.3977
0.3977
0.3977
0.3977
0.3977
0.3977
0.3977
0.3977
0.3977
0.3977
0.3977
0.3977
0.3977
0.3977
0.3977
0.3977
0.3977
0.3977
0.3977
0.3977
0.3977
0.3977
0.3977
0.3977
0.3977
0.3977
0.3977
0.3977
0.3977
0.3977
0.3977
0.3977
0.3977
0.3977
0.3977
0.3977
0.3977
0.3977
0.3977
0.3977
0.3977
0.3977
0.3977
0.3977
0.3977
0.3977
0.3977
0.3977
0.3977
0.3977
0.3977
0.3977
0.3977
0.3977
0.3977
0.3977
0.3977
0.3977
0.3977
0.3977
0.3977
0.3977
0.3977
0.3977
0.3977
0.3977
0.3977
0.3977
0.3977
0.3977
0.3977
0.3977
0.3977
0.3977
0.3977
0.3977
0.3977
0.3977
0.3977
0.3977
0.3977
0.3977
0.3977
0.3977
0.3977
0.3977
0.3977
0.3977
0.3977
0.3977
0.3977
0.3977
0.3977
0.3977
0.3977
0.3977
0.3977
0.3977
0.3977
0.3977
0.3977
0.3977
0.3977
0.3977
0.3977
0.3977
0.3977
0.3977
0.3977
0.3977
0.3977
0.3977
0.3977
0.3977
0.3977
0.3977
0.3977
0.3977
0.3977
0.3977
0.3977
0.3977
0.3977
0.3977
0.3977
0.3977
0.3977
0.3977
0.3977
0.3977
0.3977
0.3977
0.3977
0.3977
0.3977
0.3977
0.3977
0.3977
0.3977
0.3977
0.3977
0.3977
0.3977
0.3977
0.3977
0.3977
0.3977
0.3977
0.3977
0.3977
0.3977
0.3977
0.3977
0.3977
0.3977
0.3977
0.3977
0.3977
0.3977
0.3977
0.3977
0.3977
0.3977
0.3977
0.3977
0.3977
0.3977
0.3977
0.3977
0.3977
0.3977
0.3977
0.3977
0.3977
0.3977
0.3977
0.3977
0.3977
0.3977
0.3977
0.3977
0.3977
0.3977
0.3977
0.3977
0.3977
0.3977
0.3977
0.3977
0.3977
0.3977
0.3977
0.3977
0.3977
0.3977
0.3977
0.3977
0.3977
0.3977
0.3977
0.3977
0.3977
0.3977
0.3977
0.3977
0.3977
0.3977
0.3977
0.3977
0.3977
0.3977
0.3977
0.3977
0.3977
0.3977
0.3977
0.3977
0.3977
0.3977
0.3977
0.3977
0.3977
0.3977
0.3977
0.3977
0.3977
0.3977
0.3977
0.3977
0.3977
0.3977
0.3977
0.3977
0.3977
0.3977
0.3977
0.3977
0.3977
0.3977
0.3977
0.3977
0.3977
0.3977
0.3977
0.3977
0.3977
0.3977
0.3977
0.3977
0.3977
0.3977
0.3977
0.3977
0.3977
0.3977
0.3977
0.3977
0.3977
0.3977
0.3977
0.3977
0.3977
0.3977
0.3977
0.3977
0.3977
0.3977
0.3977
0.3977
0.3977
0.3977
0.3977
0.3977
0.3977
0.3977
0.3977
0.3977
0.3977
0.3977
0.3977
0.3977
0.3977
0.3977
0.3977
0.3977
0.3977
0.3977
0.3977
0.3977
0.3977
0.3977
0.3977
0.3977
0.3977
0.3977
0.3977
0.3977
0.3977
0.3977
0.3977
0.3977
0.3977
0.3977
0.3977
0.3977
0.3977
0.3977
0.3977
0.3977
0.3977
0.3977
0.3977
0.3977
0.3977
0.3977
0.3977
0.3977
0.3977
0.3977
0.3977
0.3977
0.3977
0.3977
0.3977
0.3977
0.3977
0.3977
0.3977
0.3977
0.3977
0.3977
0.3977
0.3977
0.3977
0.3977
0.3977
0.3977
0.3977
0.3977
0.3977
0.3977
0.3977
0.3977
0.3977
0.3977
0.3977
0.3977
0.3977
0.3977
0.3977
0.3977
0.3977
0.3977
0.3977
0.3977
0.3977
0.3977
0.3977
0.3977
0.3977
0.3977
0.3977
0.3977
0.3977
0.3977
0.3977
0.3977
0.3977
0.3977
0.3977
0.3977
0.3977
0.3977
0.3977
0.3977
0.3977
0.3977
0.3977
0.3977
0.3977
0.3977
0.3977
0.3977
0.3977
0.3977
0.3977
0.3977
0.3977
0.3977
0.3977
0.3977
0.3977
0.3977
0.3977
0.3977
0.3977
0.3977
0.3977
0.3977
0.3977
0.3977
0.3977
0.3977
0.3977
0.3977
0.3977
0.3977
0.3977
0.3977
0.3977
0.3977
0.3977
0.3977
0.3977
0.3977
0.3977
0.3977
0.3977
0.3977
0.3977
0.3977
0.3977
0.3977
0.3977
0.3977
0.3977
0.3977
0.3977
0.3977
0.3977
0.3977
0.3977
0.3977
0.3977
0.3977
0.3977
0.3977
0.3977
0.3977
0.3977
0.3977
0.3977
0.3977
0.3977
0.3977
0.3977
0.3977
0.3977
0.3977
0.3977
0.3977
0.3977
0.3977
0.3977
0.3977
0.3977
0.3977
0.3977
0.3977
0.3977
0.3977
0.3977
0.3977
0.3977
0.3977
0.3977
0.3977
0.3977
0.3977
0.3977
0.3977
0.3977
0.3977
0.3977
0.3977
0.3977
0.3977
0.3977
0.3977
0.3977
0.3977
0.3977
0.3977
0.3977
0.3977
0.3977
0.3977
0.3977
0.3977
0.3977
0.3977
0.3977
0.3977
0.3977
0.3977
0.3977
0.3977
0.3977
0.3977
0.3977
0.3977
0.3977
0.3977
0.3977
0.3977
0.3977
0.3977
0.3977
0.3977
0.3977
0.3977
0.3977
0.3977
0.3977
0.3977
0.3977
0.3977
0.3977
0.3977
0.3977
0.3977
0.3977
0.3977
0.3977
0.3977
0.3977
0.3977
0.3977
0.3977
0.3977
0.3977
0.3977
0.3977
0.3977
0.3977
0.3977
0.3977
0.3977
0.3977
0.3977
0.3977
0.3977
0.3977
0.3977
0.3977
0.3977
0.3977
0.3977
0.3977
0.3977
0.3977
0.3977
0.3977
0.3977
0.3977
0.3977
0.3977
0.3977
0.3977
0.3977
0.3977
0.3977
0.3977
0.3977
0.3977
0.3977
0.3977
0.3977
0.3977
0.3977
0.3977
0.3977
0.3977
0.3977
0.3977
0.3977
0.3977
0.3977
0.3977
0.3977
0.3977
0.3977
0.3977
0.3977
0.3977
0.3977
0.3977
0.3977
0.3977
0.3977
0.3977
0.3977
0.3977
0.3977
0.3977
0.3977
0.3977
0.3977
0.3977
0.3977
0.3977
0.3977
0.3977
0.3977
0.3977
0.3977
0.3977
0.3977
0.3977
0.3977
0.3977
0.3977
0.3977
0.3977
0.3977
0.3977
0.3977
0.3977
0.3977
0.3977
0.3977
0.3977
0.3977
0.3977
0.3977
0.3977
0.3977
0.3977
0.3977
0.3977
0.3977
0.3977
0.3977
0.3977
0.3977
0.3977
0.3977
0.3977
0.3977
0.3977
0.3977
0.3977
0.3977
0.3977
0.3977
0.3977
0.3977
0.3977
0.3977
0.3977
0.3977
0.3977
0.3977
0.3977
0.3977
0.3977
0.3977
0.3977
0.3977
0.3977
0.3977
0.3977
0.3977
0.3977
0.3977
0.3977
0.3977
0.3977
0.3977
0.3977
0.3977
0.3977
0.3977
0.3977
0.3977
0.3977
0.3977
0.3977
0.3977
0.3977
0.3977
0.3977
0.3977
0.3977
0.3977
0.3977
0.3977
0.3977
0.3977
0.3977
0.3977
0.3977
0.3977
0.3977
0.3977
0.3977
0.3977
0.3977
0.3977
0.3977
0.3977
0.3977
0.3977
0.3977
0.0795
0.0795
0.0795
0.1086
0.1232
0.1258
0.1278
0.1295
0.1310
0.1323
0.1335
0.1347
0.2661
0.1997
0.1943
0.1936
0.1935
0.1936
0.1939
0.1943
0.1947
0.1952
0.1958
0.1963
0.3977
0.3568
0.3268
0.3204
0.3177
0.3148
0.3125
0.3127
0.3105
0.3097
0.3089
0.3085
0.3084
0.3088
0.3085
0.3088
0.3093
0.3097
0.3103
0.3109
0.3115
0.3122
0.3130
0.3137
0.3145
0.3153
0.3161
0.3168
0.3177
0.3185
0.3193
0.3200
0.3209
0.3217
0.3224
0.3233
0.3240
0.3247
0.3256
0.3264
0.3273
0.3280
0.3287
0.3340
0.3304
0.3311
0.3319
0.3327
0.3335
0.3343
0.3351
0.3360
0.3370
0.3379
0.3388
0.3397
0.3407
0.3416
0.3424
0.3435
0.3445
0.3454
0.3463
0.3517
0.3483
0.3492
0.3501
0.3509
0.3518
0.3527
0.3536
0.3544
0.3553
0.3563
0.3570
0.3575
0.3587
0.3598
0.3605
0.3616
0.3625
0.3635
0.3645
0.3655
0.3666
0.3677
0.3686
0.3696
0.3706
0.3717
0.3727
0.3736
0.3748
0.3759
0.3770
0.3781
0.3792
0.3846
0.3813
0.3822
0.3831
0.3840
0.3894
0.3859
0.3867
0.3874
0.3883
0.3890
0.3898
0.3905
0.3913
0.3921
0.3928
0.3936
0.3943
0.3951
0.3958
0.3966
0.3973
0.3977
0.3977
0.3977
0.3977
0.3977
0.3977
0.3977
0.3977
0.3977
0.3977
0.3977
0.3977
0.3977
0.3977
0.3977
0.3977
0.3977
0.3977
0.3977
0.3977
0.3977
0.3977
0.3977
0.3977
0.3977
0.3977
0.3977
0.3977
0.3977
0.3977
0.3977
0.3977
0.3977
0.3977
0.3977
0.3977
0.3977
0.3974
0.3965
0.3958
0.3951
0.3945
0.3939
0.3933
0.3927
0.3921
0.3914
0.3908
0.3902
0.3896
0.3889
0.3884
0.3877
0.3871
0.3864
0.3858
0.3851
0.3845
0.3838
0.3832
0.3825
0.0795
0.0795
0.0795
0.0795
0.0795
0.0863
0.1062
0.1095
0.1120
0.1141
0.1158
0.1173
0.1185
0.1198
0.1210
0.1221
0.1231
0.1241
0.1250
0.1258
0.1266
0.1273
0.1279
0.1285
0.3977
0.3977
0.3977
0.3977
0.3977
0.3977
0.3977
0.3977
0.3977
0.3977
0.3977
0.3977
0.3977
0.3977
0.3977
0.3977
0.3977
0.3977
0.3977
0.3977
0.3977
0.3977
0.3977
0.3977
0.3977
0.3977
0.3977
0.3977
0.3977
0.3977
0.3977
0.3977
0.3977
0.3977
0.3977
0.3977
0.3977
0.3977
0.3977
0.3977
0.3977
0.3977
0.3977
0.3977
0.3977
0.3977
0.3977
0.3977
0.3977
0.3977
0.3977
0.3977
0.3977
0.3977
0.3977
0.3977
0.3977
0.3977
0.3977
0.3977
0.3977
0.3977
0.3977
0.3977
0.3977
0.3977
0.3977
0.3977
0.3977
0.3977
0.3977
0.3977
0.3977
0.3977
0.3977
0.3977
0.3977
0.3977
0.3977
0.3977
0.3977
0.3977
0.3977
0.3977
0.3977
0.1729
0.0795
0.0795
0.0795
0.0795
0.0795
0.0795
0.0795
0.0795
0.0795
0.0795
0.0795
0.0795
0.0795
0.0795
0.0795
0.0795
0.0795
0.0795
0.0795
0.0795
0.0795
0.0795
0.0795
0.0795
0.0795
0.0795
0.0795
0.0795
0.0795
0.0795
0.0795
0.0795
0.0795
0.0795
0.0795
0.0795
0.0795
0.0795
0.0795
0.0795
0.0795
0.0795
0.0795
0.0795
0.0795
0.0795
0.0795
0.0795
0.0795
0.0795
0.0795
0.0795
0.0795
0.0795
0.0795
0.0795
0.0795
0.0795
0.0795
0.0795
0.0795
0.0795
0.0795
0.0795
0.0795
0.0795
0.0795
0.0795
0.0795
0.0795
0.0795
0.0795
0.0795
0.0795
0.0795
0.0795
0.0795
0.0795
0.0795
0.0795
0.0795
0.0795
0.0795
0.0795
0.0795
0.0795
0.0795
0.0795
0.0795
0.0795
0.0795
0.0795
0.3977
0.1265
0.0819
0.0811
0.0819
0.0828
0.3977
0.1480
0.0915
0.0883
0.0891
0.0900
0.0909
0.0918
0.0926
0.3977
0.1609
0.0995
0.0975
0.0980
0.0987
0.0995
0.3977
0.1717
0.1067
0.1044
0.1048
0.1053
0.1060
0.1066
0.1072
0.1077
0.3977
0.1796
0.1141
0.0795
0.1809
0.1171
0.1142
0.1143
0.1146
0.1148
0.3977
0.1852
0.1201
0.1164
0.1160
0.1157
0.1155
0.1152
0.1149
0.1146
0.1142
0.1139
0.1135
0.3977
0.1817
0.1172
0.3977
0.1955
0.1186
0.1144
0.3977
0.1890
0.1191
0.1153
0.1149
0.1147
0.1146
0.1144
0.1142
0.1139
0.1136
0.1132
0.1129
0.3977
0.1796
0.1166
0.1131
0.1127
0.1124
0.1123
0.1121
0.3977
0.1805
0.1162
0.3977
0.3977
0.3977
0.3977
0.3977
0.3977
0.3977
0.3977
0.3977
0.3977
0.3977
0.3977
0.3977
0.3977
0.3977
0.3977
0.3977
0.3977
0.3977
0.3977
0.3977
0.3977
0.3977
0.3977
0.3977
0.3977
0.3977
0.3977
0.3977
0.3977
0.3977
0.3977
0.3977
0.3977
0.3977
0.3977
0.3977
0.3977
0.3977
0.3977
0.3977
0.3977
0.3977
0.3977
0.3977
0.3977
0.3977
0.3977
0.3977
0.3977
0.3977
0.3977
0.3977
0.3977
0.3977
0.3977
0.3977
0.3977
0.3977
0.3977
0.3977
0.3977
0.3977
0.3977
0.3977
0.3977
0.3977
0.3977
0.3977
0.3977
0.3977
0.3977
0.3977
0.3977
0.3977
0.3977
0.3977
0.3977
0.3977
0.3977
0.3977
0.3977
0.3977
0.3977
0.3977
0.3977
0.3977
0.3977
0.3977
0.3977
0.3977
0.3977
0.3977
0.3977
0.3977
0.3977
0.3977
0.3977
0.3977
0.3977
0.3977
0.3977
0.3977
0.3977
0.3977
0.3977
0.3977
0.3977
0.3766
0.0795
0.0795
0.0795
0.0795
0.0795
0.0795
0.0795
0.0795
0.0795
0.0795
0.0795
0.0795
0.0795
0.0795
0.0795
0.0795
0.0795
0.0795
0.0795
0.0795
0.0795
0.0795
0.0795
0.0795
0.0795
0.0795
0.0795
0.0795
0.0795
0.0795
0.0795
0.0795
0.0795
0.0795
0.0795
0.0795
0.0795
0.0795
0.0795
0.0795
0.0795
0.0795
0.0795
0.0795
0.0795
0.0795
0.0795
0.0795
0.0795
0.0795
0.0795
0.0795
0.0795
0.0795
0.0795
0.0795
0.0795
0.0795
0.0795
0.0795
0.0795
0.0795
0.0795
0.0795
0.0795
0.0795
0.0795
0.0795
0.0795
0.0795
0.0968
0.0795
0.0795
0.0795
0.0795
0.0795
0.0795
0.0795
0.0824
0.0835
0.0845
0.0855
0.0865
0.0874
0.0884
0.0894
0.0903
0.0913
0.0922
0.0932
0.0942
0.0951
0.0961
0.0970
0.0979
0.0989
0.0998
0.1007
0.1032
0.1025
0.1034
0.1043
0.1052
0.1061
0.1069
0.1078
0.1087
0.1095
0.1104
0.1112
0.1120
0.1127
0.1135
0.1142
0.1149
0.1155
0.1162
0.1168
0.1175
0.1182
0.1188
0.1196
0.1202
0.1209
0.1215
0.1222
0.1229
0.1235
0.1241
0.1247
0.1252
0.1257
0.1261
0.1263
0.1266
0.1267
0.1268
0.1268
0.1268
0.1268
0.1267
0.1266
0.1265
0.1263
0.1262
0.1261
0.1259
0.1258
0.1256
0.1255
0.1253
0.1251
0.1250
0.1248
0.1247
0.1245
0.1244
0.1242
0.1240
0.1239
0.1237
0.1236
0.1235
0.1233
0.1232
0.1230
0.1229
0.1227
0.1226
0.1224
0.1223
0.1221
0.1220
0.1218
0.1217
0.1215
0.1213
0.1212
0.1210
0.3977
0.3977
0.3977
0.3977
0.3977
0.3977
0.3977
0.3977
0.3977
0.3977
0.3977
0.3977
0.3977
0.3977
0.3977
0.3977
0.3977
0.3977
0.3977
0.3977
0.3977
0.3977
0.3977
0.3977
0.1039
0.2265
0.2322
0.2323
0.2316
0.2307
0.2297
0.2286
0.2276
0.2267
0.2258
0.2249
0.2241
0.2233
0.2225
0.2218
0.2210
0.2203
0.2196
0.2189
0.2182
0.2175
0.2168
0.2161
0.2154
0.2147
0.2140
0.2133
0.2125
0.2118
0.2110
0.2102
0.2095
0.2087
0.2079
0.2071
0.2062
0.2054
0.2046
0.2037
0.2028
0.2020
0.2011
0.2002
0.1993
0.1984
0.1975
0.1966
0.1957
0.1948
0.1939
0.1930
0.1920
0.1911
0.1902
0.1892
0.1883
0.1874
0.1864
0.1855
0.3977
0.3305
0.3062
0.2988
0.2938
0.2896
0.2859
0.2826
0.2796
0.2769
0.2744
0.2720
0.3977
0.3609
0.3448
0.3393
0.3354
0.3321
0.3294
0.3269
0.3246
0.3226
0.3208
0.3192
0.3977
0.3977
0.3977
0.3977
0.3977
0.3977
0.3977
0.3977
0.3977
0.3977
0.3977
0.3977
0.3977
0.3977
0.3977
0.3977
0.3977
0.3977
0.3977
0.3977
0.3977
0.3977
0.3977
0.3977
0.3977
0.3977
0.3977
0.3977
0.3977
0.3977
0.3977
0.3977
0.3977
0.3977
0.3977
0.3977
0.3977
0.3977
0.3977
0.3977
0.3977
0.3977
0.3977
0.3977
0.3977
0.3977
0.3977
0.3977
0.3977
0.3977
0.3977
0.3977
0.3977
0.3977
0.3977
0.3977
0.3977
0.3977
0.3977
0.3977
0.3977
0.3977
0.3977
0.3977
0.3977
0.3977
0.3977
0.3977
0.3977
0.3977
0.3977
0.3977
0.3977
0.3977
0.3977
0.3977
0.3977
0.3977
0.3977
0.3977
0.3977
0.3977
0.3977
0.3977
0.3977
0.3977
0.3977
0.3977
0.3977
0.3977
0.3977
0.3977
0.3977
0.3977
0.3977
0.3977
0.3977
0.3977
0.3977
0.3977
0.3977
0.3977
0.3977
0.3977
0.3977
0.3977
0.3977
0.3977
0.3977
0.3977
0.3977
0.3977
0.3977
0.3977
0.3977
0.3977
0.3977
0.3977
0.3977
0.3977
0.3977
0.3977
0.3977
0.3977
0.3977
0.3977
0.3977
0.3977
0.3977
0.3977
0.3977
0.3977
0.3977
0.3977
0.3977
0.3977
0.3977
0.3977
0.3977
0.3977
0.3977
0.3977
0.3977
0.3977
0.3977
0.3977
0.3977
0.3977
0.3977
0.3977
0.3977
0.3977
0.3977
0.3977
0.3977
0.3977
0.3977
0.3977
0.3977
0.3977
0.3977
0.3977
0.3977
0.3977
0.3977
0.3977
0.3977
0.3977
0.3977
0.3977
0.3977
0.3977
0.3977
0.3977
0.3977
0.3977
0.3977
0.3977
0.3977
0.3977
0.3977
0.3977
0.3977
0.3977
0.3977
0.3977
0.3977
0.3977
0.3977
0.0795
0.0795
0.0795
0.0795
0.0795
0.0795
0.0987
0.1052
0.1082
0.1107
0.1129
0.1149
0.1166
0.1183
0.1198
0.1212
0.1226
0.1238
0.1249
0.1259
0.1268
0.1276
0.1284
0.1292
0.1299
0.1306
0.1312
0.1318
0.1323
0.1328
0.1333
0.1337
0.1341
0.1344
0.1347
0.1350
0.1352
0.1354
0.1356
0.1358
0.1359
0.1360
0.1361
0.1362
0.1363
0.1363
0.1363
0.1363
0.1363
0.1362
0.1362
0.1361
0.1361
0.1360
0.1359
0.1358
0.1357
0.1355
0.1354
0.1353
0.1351
0.1350
0.1348
0.1346
0.1345
0.1343
0.1341
0.1339
0.1337
0.1335
0.1333
0.1331
0.1329
0.1327
0.1324
0.3545
0.2518
0.2372
0.2324
0.2290
0.2262
0.2238
0.2217
0.2199
0.2182
0.2167
0.2153
0.3533
0.2922
0.2828
0.2790
0.2762
0.2740
0.2721
0.2705
0.2691
0.2679
0.2668
0.2659
0.3977
0.3977
0.3977
0.3977
0.3977
0.3977
0.3909
0.3879
0.3845
0.3818
0.3797
0.3778
0.3768
0.3752
0.3734
0.3725
0.3718
0.3712
0.3707
0.3705
0.3703
0.3702
0.3702
0.3702
0.3703
0.3704
0.3706
0.3708
0.3710
0.3712
0.3715
0.3718
0.3720
0.3723
0.3726
0.3729
0.3732
0.3736
0.3739
0.3742
0.3746
0.3751
0.3754
0.3759
0.3763
0.3768
0.3772
0.3776
0.3781
0.3786
0.3791
0.3796
0.3801
0.3807
0.3812
0.3950
0.3825
0.3829
0.3835
0.3838
0.3888
0.3849
0.3854
0.3859
0.3865
0.3871
0.3876
0.3883
0.3888
0.3894
0.3946
0.3908
0.3914
0.3921
0.3927
0.3977
0.3942
0.3949
0.3956
0.3977
0.3977
0.3977
0.3977
0.3977
0.3977
0.3977
0.3977
0.3977
0.3977
0.3977
0.3977
0.3977
0.3977
0.3977
0.3977
0.3977
0.3977
0.3977
0.3977
0.3977
0.3977
0.3977
0.3977
0.3977
0.3977
0.3977
0.3977
0.3977
0.3977
0.3977
0.3977
0.3977
0.3977
0.3977
0.3977
0.3977
0.3977
0.3977
0.3977
0.3977
0.3977
0.3977
0.3977
0.3977
0.3977
0.3977
0.3977
0.3977
0.3977
0.3977
0.3977
0.3977
0.3977
0.3977
0.3977
0.3977
0.3977
0.3977
0.3977
0.3977
0.3977
0.3977
0.3977
0.3977
0.3977
0.3977
0.3977
0.3977
0.3977
0.3977
0.3977
0.3977
0.3977
0.3977
0.3977
0.3977
0.3977
0.3977
0.3977
0.3977
0.3977
0.3977
0.3977
0.3977
0.3977
0.3977
0.3977
0.3977
0.3977
0.3977
0.3977
0.3977
0.3977
0.3977
0.3977
0.3977
0.3977
0.3977
0.3977
0.3977
0.3977
0.3977
0.3977
0.3977
0.3977
0.3977
0.3977
0.3977
0.3977
0.3977
0.3977
0.3977
0.3977
0.3977
0.3977
0.3977
0.3977
0.3977
0.3977
0.3977
0.3977
0.3977
0.3977
0.3977
0.3977
0.3977
0.3977
0.3977
0.3977
0.3977
0.3977
0.3977
0.3977
0.3977
0.3977
0.3977
0.3977
0.3977
0.3977
0.3977
0.3977
0.3977
0.3977
0.3977
0.3977
0.3977
0.3977
0.3977
0.3977
0.3977
0.3977
0.3977
0.3977
0.3977
0.3977
0.3977
0.3977
0.3977
0.3977
0.3977
0.3977
0.3977
0.3977
0.3977
0.3977
0.3977
0.3977
0.3977
0.3977
0.3977
0.3977
0.3977
0.3977
0.3977
0.3977
0.3977
0.3977
0.3977
0.3977
0.3977
0.3977
0.3977
0.3977
0.3977
0.3977
0.3977
0.3977
0.3977
0.3977
0.3977
0.3977
0.3977
0.3977
0.3977
0.3977
0.3977
0.3977
0.3977
0.3977
0.3977
0.3977
0.3977
0.3977
0.3977
0.3977
0.3977
0.3977
0.3977
0.3977
0.3977
0.3977
0.3977
0.3977
0.3977
0.3977
0.3977
0.3977
0.3977
0.3977
0.3977
0.3977
0.3977
0.3977
0.3977
0.3977
0.3977
0.3977
0.3977
0.3977
0.3977
0.3977
0.3977
0.3977
0.3977
0.3977
0.3977
0.3977
0.3977
0.3977
0.3977
0.3977
0.3977
0.3977
0.3977
0.3977
0.3977
0.3977
0.3977
0.3977
0.3977
0.3977
0.3977
0.3977
0.3977
0.3977
0.3977
0.3977
0.3977
0.3977
0.3977
0.3977
0.3977
0.3977
0.3977
0.3977
0.3977
0.3977
0.3977
0.3977
0.3977
0.3977
0.3977
0.3977
0.3977
0.3977
0.3977
0.3977
0.3977
0.3977
0.3977
0.3977
0.3977
0.3977
0.3977
0.3977
0.3977
0.3977
0.3977
0.3977
0.3977
0.3977
0.3977
0.3977
0.3977
0.3977
0.3977
0.3977
0.3977
0.3977
0.3977
0.3977
0.3977
0.3977
0.3977
0.3977
0.3977
0.3977
0.3977
0.3977
0.3977
0.3977
0.3977
0.3977
0.3977
0.3977
0.3977
0.3977
0.3977
0.3977
0.3977
0.3977
0.3977
0.3977
0.3977
0.3977
0.3977
0.3977
0.3977
0.3977
0.3977
0.3977
0.3977
0.3977
0.3977
0.3977
0.3977
0.3977
0.3977
0.3977
0.3977
0.3977
0.3977
0.3977
0.3977
0.3977
0.3977
0.3977
0.3977
0.3977
0.3977
0.3977
0.3977
0.3977
0.3977
0.3977
0.3977
0.3977
0.3977
0.3977
0.3977
0.3977
0.3977
0.3977
0.3977
0.3977
0.3977
0.3977
0.3977
0.3977
0.3977
0.3977
0.3977
0.3977
0.3977
0.3977
0.3977
0.3977
0.3977
0.3977
0.3977
0.3977
0.3977
0.3977
0.3977
0.3977
0.3977
0.3977
0.3977
0.3977
0.3977
0.3977
0.3977
0.3977
0.3977
0.3977
0.3977
0.3977
0.3977
0.3977
0.3977
0.3977
0.3977
0.3977
0.3977
0.3977
0.3977
0.3977
0.3977
0.3977
0.3977
0.3977
0.3977
0.3977
0.3977
0.3977
0.3977
0.3977
0.3977
0.3977
0.3977
0.3977
0.3977
0.3977
0.3977
0.3977
0.3977
0.3977
0.3977
0.3977
0.3977
0.3977
0.3977
0.3977
0.3977
0.3977
0.3977
0.3977
0.3977
0.3977
0.3977
0.3977
0.3977
0.3977
0.3977
0.3977
0.3977
0.3977
0.3977
0.3977
0.3977
0.3977
0.3977
0.3977
0.3977
0.3977
0.3977
0.3977
0.3977
0.3977
0.3977
0.3977
0.3977
0.3977
0.3977
0.3977
0.3977
0.3977
0.3977
0.3977
0.3977
0.3977
0.3977
0.3977
0.3977
0.3977
0.3977
0.3977
0.3977
0.3977
0.3977
0.3977
0.3977
0.3977
0.3977
0.3977
0.3977
0.3977
0.3977
0.3977
0.3977
0.3977
0.3977
0.3977
0.3977
0.3977
0.3977
0.3977
0.3977
0.3977
0.3977
0.3977
0.3977
0.3977
0.3977
0.3977
0.3977
0.3977
0.3977
0.3977
0.3977
0.3977
0.3977
0.3977
0.3977
0.3977
0.3977
0.3977
0.3977
0.3977
0.3977
0.3977
0.3977
0.3977
0.3977
0.3977
0.3977
0.3977
0.3977
0.3977
0.3977
0.3977
0.3977
0.3977
0.3977
0.3977
0.3977
0.3977
0.3977
0.3977
0.3977
0.3977
0.3977
0.3977
0.3977
0.3977
0.3977
0.3977
0.3977
0.3977
0.3977
0.3977
0.3977
0.3977
0.3977
0.3977
0.3977
0.3977
0.3977
0.3977
0.3977
0.3977
0.3977
0.3977
0.3977
0.3977
0.3977
0.3977
0.3977
0.3977
0.3977
0.3977
0.3977
0.3977
0.3977
0.3977
0.3977
0.3977
0.3977
0.3977
0.3977
0.3977
0.3977
0.3977
0.3977
0.3977
0.3977
0.3977
0.3977
0.3977
0.3977
0.3977
0.3977
0.3977
0.3977
0.3977
0.3977
0.3977
0.3977
0.3977
0.3977
0.3977
0.3977
0.3977
0.3977
0.3977
0.3977
0.3977
0.3977
0.3977
0.3977
0.3977
0.3977
0.3977
0.3977
0.3977
0.3977
0.3977
0.3977
0.3977
0.3977
0.3977
0.3977
0.3977
0.3977
0.3977
0.3977
0.3977
0.3977
0.3977
0.3977
0.3977
0.3977
0.3977
0.3977
0.3977
0.3977
0.3977
0.3977
0.3977
0.3977
0.3977
0.3977
0.3977
0.3977
0.3977
0.3977
0.3977
0.3977
0.3977
0.3977
0.3977
0.3977
0.3977
0.3977
0.3977
0.3977
0.3977
0.3977
0.3977
0.3977
0.3977
0.3977
0.3977
0.3977
0.3977
0.3977
0.3977
0.3977
0.3977
0.3977
0.3977
0.3977
0.3977
0.3977
0.3977
0.3977
0.3977
0.3977
0.3977
0.3977
0.3977
0.3977
0.3977
0.3977
0.3977
0.3977
0.3977
0.3977
0.3977
0.3977
0.3977
0.3977
0.3977
0.3977
0.3977
0.3977
0.3977
0.3977
0.3977
0.3977
0.3977
0.3977
0.3977
0.3977
0.3977
0.3977
0.3977
0.3977
0.3977
0.3977
0.3977
0.3977
0.3977
0.3977
0.3977
0.3977
0.3977
0.3977
0.3977
0.3977
0.3977
0.3977
0.3977
0.3977
0.3977
0.3977
0.3977
0.3977
0.3977
0.3977
0.3977
0.3977
0.3977
0.3977
0.3977
0.3977
0.3977
0.3977
0.3977
0.3977
0.3977
0.3977
0.3977
0.3977
0.3977
0.3977
0.3977
0.3977
0.3977
0.3977
0.3977
0.3977
0.3977
0.3977
0.3977
0.3977
0.3977
0.3977
0.3977
0.3977
0.3977
0.3977
0.3977
0.3977
0.3977
0.3977
0.3977
0.3977
0.3977
0.3977
0.3977
0.3977
0.3977
0.3977
0.3977
0.3977
0.3977
0.3977
0.3977
0.3977
0.3977
0.3977
0.3977
0.3977
0.3977
0.3977
0.3977
0.3977
0.3977
0.3977
0.3977
0.3977
0.3977
0.3977
0.3977
0.3977
0.3977
0.3977
0.3977
0.3977
0.3977
0.3977
0.3977
0.3977
0.3977
0.3977
0.3977
0.3977
0.3977
0.3977
0.3977
0.3977
0.3977
0.3977
0.3977
0.3977
0.3977
0.3977
0.3977
0.3977
0.3977
0.3977
0.3977
0.3977
0.3977
0.3977
0.3977
0.3977
0.3977
0.3977
0.3977
0.3977
0.3977
0.3977
0.3977
0.3977
0.3977
0.3977
0.3977
0.3977
0.3977
0.3977
0.3977
0.3977
0.3977
0.3977
0.3977
0.3977
0.3977
0.3977
0.3977
0.3977
0.3977
0.3977
0.3977
0.3977
0.3977
0.3977
0.3977
0.3977
0.3977
0.3977
0.3977
0.3977
0.3977
0.3977
0.3977
0.3977
0.3977
0.3977
0.3977
0.3977
0.3977
0.3977
0.3977
0.3977
0.3977
0.3977
0.3977
0.3977
0.3977
0.3977
0.3977
0.3977
0.3977
0.3977
0.3977
0.3977
0.3977
0.3977
0.3977
0.3977
0.3977
0.3977
0.3977
0.3977
0.3977
0.3977
0.3977
0.3977
0.3977
0.3977
0.3977
0.3977
0.3977
0.3977
0.3977
0.3977
0.3977
0.3977
0.3977
0.3977
0.3977
0.3977
0.3977
0.3977
0.3977
0.3977
0.3977
0.3977
0.3977
0.3977
0.3977
0.3977
0.3977
0.3977
0.3977
0.3977
0.3977
0.3977
0.3977
0.3977
0.3977
0.3977
0.3977
0.3977
0.3977
0.3977
0.3977
0.3977
0.3977
0.3977
0.3977
0.3977
0.3977
0.3977
0.3977
0.3977
0.3977
0.3977
0.3977
0.3977
0.3977
0.3977
0.3977
0.3977
0.3977
0.3977
0.3977
0.3977
0.3977
0.3977
0.3977
0.3977
0.3977
0.3977
0.3977
0.3977
0.3977
0.3977
0.3977
0.3977
0.3977
0.3977
0.3977
0.3977
0.3977
0.3977
0.3977
0.3977
0.3977
0.3977
0.3977
0.3977
0.3977
0.3977
0.3977
