12.8008
12.8008
12.8000
12.8007
12.8004
12.8012
12.8012
12.8012
12.8011
12.8011
12.8011
12.8011
12.8011
12.8011
12.8011
12.8011
12.8011
12.8011
12.8011
12.8010
12.8010
12.8010
12.8010
12.8010
12.8010
12.8010
12.8010
12.8010
12.8010
12.8010
12.8010
12.8010
12.8010
12.8010
12.8010
12.8010
12.8010
12.8010
12.8010
12.8010
12.8010
12.8010
12.8010
12.8010
12.8010
12.8010
12.8010
12.8010
12.8010
12.8010
12.8001
12.8002
12.8002
12.8002
12.8003
12.8003
12.8003
12.8003
12.8004
12.8004
12.8004
12.8584
12.7771
12.7989
12.7991
12.7994
12.7996
12.7997
12.7998
12.7999
12.8000
12.8001
12.8001
12.8501
12.7816
12.7992
12.7995
12.7998
12.7999
12.8001
12.8001
12.8002
12.8003
12.8003
12.8003
12.8919
12.8074
12.7953
12.7973
12.8005
12.8001
12.8002
12.8266
12.8061
12.8076
12.8038
12.8019
12.8023
12.8152
12.8004
12.8017
12.8019
12.8015
12.7936
12.8018
12.8089
12.8011
12.8020
12.8013
12.7984
12.8014
12.8011
12.8019
12.8018
12.8012
12.8018
12.8018
12.8018
12.8008
12.8020
12.8019
12.8011
12.8050
12.7998
12.7950
12.8025
12.8021
12.8025
12.8027
12.8014
12.8021
12.8008
12.8015
12.8014
12.8014
12.8014
12.7888
12.8004
12.8136
12.7988
12.7990
12.8006
12.8007
12.8051
12.8020
12.7980
12.8042
12.8067
12.8010
12.8013
12.8012
12.8019
12.8014
12.8015
12.8016
12.8011
12.8018
12.8018
12.8006
12.8022
12.8039
12.8025
12.8021
12.8012
12.8017
12.8022
12.8021
12.8020
12.8014
12.8012
12.8020
12.8015
12.8008
12.8008
12.8007
12.8008
12.7990
12.8008
12.8005
12.8005
12.8005
12.8001
12.8003
12.7997
12.8001
12.8001
12.8007
12.8003
12.8012
12.8006
12.7997
12.8007
12.8006
12.8002
12.7992
12.8002
12.8001
12.7996
12.8002
12.7996
12.7994
12.7993
12.7992
12.7992
12.7907
12.7987
12.7911
12.7992
12.7987
12.7917
12.7994
12.7994
12.7583
12.7996
12.7982
12.7854
12.7991
12.7946
12.7933
12.7990
12.7989
12.7990
12.7991
12.7993
12.7994
12.7995
12.7996
12.7998
12.7998
12.8000
12.8000
12.8001
12.8001
12.8001
12.8002
12.8002
12.8002
12.7994
12.7995
12.7996
12.7997
12.7997
12.8000
12.7997
12.7998
12.7999
12.8000
12.8000
12.8000
12.8000
12.8001
12.8001
12.8002
12.8004
12.7981
12.8007
12.8005
12.8006
12.8006
12.7998
12.7999
12.8000
12.8001
12.8001
12.8002
12.6804
12.8099
12.8003
12.8007
12.8005
12.8004
12.8014
12.8030
12.8023
12.8015
12.8015
12.8015
12.8014
12.8014
12.8014
12.8014
12.8014
12.8013
12.8013
12.8013
12.8013
12.8013
12.8013
12.8013
12.8013
12.8003
12.8013
12.8013
12.8012
12.8012
12.8012
12.8012
12.8012
12.8012
12.8012
12.8012
12.8012
12.8012
12.8012
12.8012
12.8012
12.8012
12.8012
12.8012
12.8012
12.8011
12.8011
12.8011
12.8011
12.8011
12.8011
12.8011
12.8011
12.8011
12.8011
12.8011
12.8011
12.8011
12.8011
12.8011
12.8011
12.8011
12.8011
12.8011
12.8011
12.8011
12.8011
12.8011
12.8011
12.8011
12.8011
12.8011
12.8011
12.8011
12.8011
12.8011
12.8011
12.8011
12.8011
12.8011
12.8011
12.8011
12.8011
12.8011
12.8580
12.7784
12.7997
12.7991
12.7995
12.7997
12.7999
12.8000
12.8001
12.8002
12.8003
12.8003
12.8497
12.7817
12.7991
12.7994
12.7996
12.7998
12.7998
12.7999
12.7999
12.7999
12.7999
12.7999
12.8871
12.8087
12.7956
12.7965
12.8000
12.7996
12.8001
12.8003
12.8120
12.8048
12.8269
12.8021
12.8137
12.8050
12.8025
12.8031
12.8035
12.8023
12.8014
12.8037
12.8016
12.8018
12.8017
12.8016
12.8016
12.8015
12.8015
12.8015
12.8014
12.8014
12.8011
12.8019
12.8017
12.8017
12.8010
12.8016
12.7953
12.7961
12.8022
12.7812
12.8016
12.8002
12.8006
12.8214
12.8012
12.8021
12.8019
12.8019
12.8014
12.8014
12.8013
12.8013
12.8007
12.8013
12.8011
12.8017
12.8010
12.8010
12.8010
12.8009
12.8059
12.8044
12.8010
12.8011
12.8011
12.8011
12.8019
12.8002
12.8016
12.8015
12.8010
12.8016
12.7642
12.7926
12.8002
12.7974
12.8020
12.8024
12.8017
12.8022
12.8050
12.8023
12.8018
12.8018
12.8017
12.8011
12.8023
12.8016
12.8016
12.8010
12.8016
12.7960
12.8014
12.8012
12.8012
12.8012
12.8012
12.8012
12.8010
12.8010
12.8007
12.8008
12.8008
12.8051
12.8008
12.8008
12.8001
12.8013
12.8005
12.7962
12.8004
12.8057
12.7994
12.8005
12.8002
12.8001
12.8000
12.7999
12.7999
12.7998
12.8593
12.7838
12.7994
12.7940
12.7917
12.7982
12.7964
12.7769
12.7984
12.7927
12.7846
12.7979
12.7978
12.7795
12.7985
12.7981
12.7983
12.7985
12.7990
12.7992
12.7993
12.7994
12.7995
12.7988
12.7989
12.7990
12.7991
12.7993
12.7994
12.7993
12.7994
12.7996
12.7996
12.7997
12.7997
12.7998
12.8000
12.8000
12.8001
12.8001
12.8002
12.8002
12.8002
12.8003
12.8003
12.8002
12.8003
12.8003
12.8003
12.7981
12.8006
12.8004
12.8005
12.8005
12.8005
12.8005
12.8005
12.8006
12.8005
12.8005
12.6727
12.8109
12.8010
12.8015
12.8014
12.8013
12.8022
12.8035
12.8016
12.8016
12.8015
12.8015
12.8014
12.8014
12.8014
12.8014
12.8014
12.8014
12.8013
12.8013
12.8013
12.8013
12.8013
12.8013
12.8013
12.8003
12.8013
12.8013
12.8013
12.8013
12.8013
12.8013
12.8013
12.8012
12.8012
12.8012
12.8012
12.8012
12.8012
12.8012
12.8012
12.8012
12.8012
12.8012
12.8012
12.8012
12.8012
12.8012
12.8012
12.8012
12.8012
12.8012
12.8012
12.8012
12.8012
12.8012
12.8012
12.8012
12.8012
12.8011
12.8011
12.8011
12.8011
12.8011
12.8011
12.8011
12.8011
12.8011
12.8011
12.8011
12.8011
12.8011
12.8011
12.8011
12.8011
12.8011
12.8011
12.8011
12.8011
12.8011
12.8011
12.8011
12.8011
12.8011
12.8828
12.7745
12.7992
12.7994
12.7997
12.7998
12.8000
12.8000
12.8001
12.8002
12.8002
12.8003
12.8518
12.7812
12.7992
12.7995
12.7998
12.7999
12.8000
12.8001
12.8001
12.8001
12.8002
12.8002
12.8860
12.8245
12.7980
12.7982
12.7998
12.7998
12.8054
12.8099
12.8013
12.8010
12.8047
12.8016
12.8118
12.8059
12.7979
12.7988
12.8005
12.8046
12.8020
12.8007
12.8018
12.7991
12.8075
12.8016
12.8013
12.8027
12.8016
12.8011
12.8017
12.8020
12.8012
12.8010
12.8016
12.7999
12.8007
12.8008
12.8008
12.8008
12.8003
12.8013
12.8013
12.8016
12.8002
12.8015
12.8009
12.8016
12.8016
12.8016
12.8016
12.8016
12.8017
12.8017
12.8011
12.7927
12.8003
12.8085
12.8007
12.8010
12.8009
12.8008
12.9130
12.7978
12.8003
12.7996
12.7995
12.8001
12.8002
12.8014
12.7998
12.8005
12.7999
12.8004
12.8011
12.7933
12.8070
12.8012
12.8017
12.8006
12.8007
12.8007
12.8013
12.7999
12.7999
12.7987
12.7991
12.7932
12.7994
12.7996
12.7997
12.7998
12.8002
12.7999
12.8005
12.8005
12.7963
12.8003
12.8004
12.8010
12.8004
12.8004
12.8004
12.8004
12.8001
12.8000
12.8000
12.7999
12.7999
12.7998
12.7997
12.7997
12.7996
12.7996
12.7996
12.7995
12.7991
12.7988
12.7988
12.7982
12.7981
12.7985
12.7983
12.7882
12.7975
12.7969
12.7783
12.7968
12.7973
12.7774
12.7968
12.7971
12.8013
12.7980
12.7978
12.7804
12.7971
12.7974
12.7975
12.7975
12.7982
12.7984
12.7985
12.7986
12.7986
12.7987
12.7987
12.7978
12.7980
12.7981
12.7982
12.7983
12.7983
12.7983
12.7984
12.7984
12.7985
12.7985
12.7986
12.7987
12.7987
12.7988
12.7988
12.7989
12.7989
12.7989
12.7989
12.7989
12.7990
12.7990
12.7990
12.7972
12.7992
12.7990
12.7990
12.7990
12.7990
12.7991
12.7991
12.7991
12.7991
12.7991
12.6797
12.8029
12.8005
12.8005
12.8005
12.8004
12.8000
12.8021
12.8007
12.8005
12.8005
12.8005
12.8005
12.8005
12.8005
12.8005
12.8005
12.8005
12.8005
12.8005
12.7997
12.7997
12.7997
12.8005
12.8003
12.7999
12.8006
12.8006
12.8005
12.8005
12.8005
12.8005
12.8005
12.8005
12.8005
12.8005
12.8005
12.8005
12.8005
12.8005
12.8005
12.8005
12.8005
12.8005
12.8005
12.8005
12.8005
12.8005
12.8005
12.8005
12.8005
12.8005
12.8004
12.8004
12.8004
12.8004
12.8004
12.8004
12.8004
12.8004
12.8004
12.8005
12.8005
12.8005
12.8005
12.8005
12.8005
12.8005
12.8005
12.8005
12.8005
12.8005
12.8005
12.8005
12.8005
12.8005
12.8005
12.8005
12.8005
12.8005
12.8005
12.8005
12.8005
12.8005
12.8586
12.7800
12.7963
12.7978
12.7981
12.7983
12.7985
12.7986
12.7987
12.7988
12.7988
12.8005
12.8479
12.7835
12.7971
12.7983
12.7986
12.7987
12.7988
12.7989
12.7990
12.7991
12.7991
12.7991
12.8881
12.7868
12.7978
12.7956
12.8153
12.8086
12.7841
12.8432
12.8017
12.8011
12.8003
12.8008
12.8096
12.8020
12.8013
12.8002
12.8004
12.8014
12.8001
12.8017
12.8005
12.8005
12.8010
12.8004
12.8002
12.7997
12.8003
12.8003
12.8003
12.7997
12.8010
12.8006
12.8006
12.8001
12.8006
12.8006
12.8006
12.8006
12.8012
12.8001
12.7631
12.7799
12.7836
12.7899
12.7932
12.7959
12.7965
12.7984
12.7989
12.8001
12.7999
12.8008
12.7997
12.8005
12.7948
12.8008
12.8005
12.8005
12.8005
12.7999
12.8012
12.7861
12.8007
12.8001
12.8002
12.8010
12.8010
12.8006
12.8013
12.8013
12.8148
12.8011
12.8018
12.8010
12.8055
12.8026
12.8027
12.8014
12.8011
12.8006
12.7998
12.8000
12.8012
12.8004
12.8004
12.8005
12.8011
12.8008
12.8008
12.8008
12.8009
12.8009
12.8013
12.8010
12.8010
12.8010
12.8010
12.8010
12.8010
12.8019
12.8009
12.8010
12.8006
12.8004
12.8002
12.8002
12.8001
12.8003
12.8000
12.7999
12.7989
12.7998
12.7995
12.7996
12.7996
12.7996
12.7996
12.7989
12.7995
12.7995
12.7924
12.7965
12.7972
12.7987
12.7924
12.7986
12.7990
12.7799
12.7987
12.7942
12.7984
12.7984
20.0698
20.1820
20.2900
20.3964
20.5020
20.5984
20.6719
20.7347
20.7938
20.8520
20.9084
20.9629
21.0149
21.0844
21.1369
21.1800
21.2201
21.2579
21.2931
21.3282
21.3630
21.3974
21.4314
21.4650
21.4887
21.5103
21.5305
21.5498
21.5682
21.5860
21.6032
21.6199
21.6361
21.6519
21.6673
21.6824
21.6977
21.7131
21.7282
21.7432
21.7578
21.7724
21.7868
21.8010
21.8150
21.8289
21.8426
21.8563
21.8755
21.8888
21.9025
21.9166
21.9309
21.9451
21.9591
21.9729
21.9865
21.9999
22.0130
22.0259
22.0392
22.0526
22.0660
22.0791
22.0921
22.1050
22.1176
22.1301
22.1424
22.1545
22.1665
22.1783
22.1899
22.2014
22.2128
22.2239
22.2349
22.2458
22.2565
22.2671
22.2776
22.2880
22.2983
22.3085
22.3185
22.3284
22.3381
22.3478
22.3574
22.3670
22.3767
22.3861
22.3955
22.4048
22.4139
22.4229
22.4309
22.4385
22.4458
22.4529
22.4599
22.4668
22.4736
22.4804
22.4870
22.4935
22.4998
22.5060
22.5130
22.5205
22.5281
22.5357
22.5433
22.5508
22.5584
22.5659
22.5735
22.5810
22.5885
22.5958
22.6018
22.6071
22.6122
22.6171
22.6219
22.6265
22.6311
22.6355
22.6398
22.6442
22.6484
22.6525
22.6536
22.6553
22.6560
22.6572
22.6593
22.6615
22.6650
22.6684
22.6729
22.6774
22.6670
22.6556
22.6431
22.6172
22.5915
22.5661
22.5408
22.5143
22.4899
22.4654
22.4406
22.4159
22.3912
22.3665
22.3398
22.3152
22.2902
22.2648
22.2391
22.2133
22.1896
22.1670
22.1448
22.1229
22.1011
22.0795
22.0551
22.0309
22.0068
21.9826
21.9584
21.9341
21.9092
21.8839
21.8584
21.8328
21.8071
21.7813
21.7527
21.7234
21.6938
21.6640
21.6339
21.6036
21.5753
21.5479
21.5300
21.5084
21.4844
21.4602
21.4381
21.4164
21.3948
21.3734
21.3519
21.3436
21.3309
21.3026
21.2812
21.2639
21.2475
21.2318
21.2228
21.2152
21.2085
21.2024
21.1971
21.1922
21.1834
21.1724
21.1827
21.1812
21.1729
21.1628
21.1812
21.1846
21.1798
21.1728
21.1645
21.1569
21.1432
21.1178
21.0834
21.0401
20.9892
20.9317
20.8664
20.7952
20.7347
20.6610
20.5785
20.4917
20.3908
20.2809
20.1652
20.0445
19.9194
19.7907
19.6623
19.5318
19.4000
19.2666
19.1320
18.9966
18.9059
18.8392
18.7835
18.7385
18.7039
18.6794
18.6394
18.6214
18.6188
18.6177
18.6294
18.6523
18.6147
18.5535
18.4876
18.4188
18.3482
18.2765
18.2041
18.1369
18.0666
17.9946
17.9228
17.8519
17.8377
17.8505
17.8729
17.9034
17.9410
17.9850
18.0445
18.1100
18.1784
18.2534
18.3342
18.4195
18.5378
18.6728
18.8170
18.9661
19.1231
19.2845
19.3673
19.5454
19.7286
19.9171
20.1113
20.3123
20.4332
20.5207
20.5999
20.6765
20.7565
20.8287
20.8939
20.9830
21.0481
21.0998
21.1475
21.1924
21.2351
21.2758
21.3148
21.3523
21.3881
21.4223
21.4462
21.4677
21.4879
21.5074
21.5259
21.5436
21.5606
21.5770
21.5928
21.6083
21.6233
21.6377
21.6522
21.6665
21.6805
21.6943
21.7079
21.7213
21.7344
21.7473
21.7601
21.7727
21.7851
21.7974
21.8082
21.8176
21.8273
21.8359
21.8445
21.8530
21.8611
21.8689
21.8765
21.8838
21.8910
21.8979
21.9092
21.9215
21.9342
21.9469
21.9598
21.9728
21.9858
21.9988
22.0118
22.0248
22.0378
22.0507
22.0627
22.0744
22.0861
22.0976
22.1090
22.1202
22.1313
22.1426
22.1537
22.1646
22.1754
22.1861
22.1976
22.2092
22.2208
22.2324
22.2438
22.2550
22.2664
22.2779
22.2896
22.3012
22.3125
22.3238
22.3351
22.3464
22.3577
22.3689
22.3801
22.3913
22.4024
22.4134
22.4245
22.4357
22.4467
22.4575
22.4683
22.4790
22.4897
22.5004
22.5110
22.5216
22.5321
22.5426
22.5530
22.5634
22.5739
22.5846
22.5946
22.6047
22.6148
22.6249
22.6350
22.6452
22.6552
22.6652
22.6751
22.6849
22.6947
22.7046
22.7087
22.7118
22.7145
22.7173
22.7204
22.7242
22.7286
22.7334
22.7386
22.7440
22.7304
22.7141
22.6881
22.6596
22.6319
22.6052
22.5796
22.5535
22.5339
22.5132
22.4922
22.4696
22.4487
22.4289
22.4103
22.3847
22.3635
22.3446
22.3261
22.3077
22.2805
22.2491
22.2162
22.1825
22.1544
22.1230
22.0855
22.0469
22.0076
21.9679
21.9260
21.8841
21.8504
21.8204
21.7952
21.7694
21.7435
21.7181
21.6939
21.6703
21.6471
21.6241
21.6016
21.5866
21.5605
21.5290
21.4960
21.4618
21.4267
21.3910
21.3535
21.3151
21.2762
21.2369
21.1970
21.1568
21.1191
21.0824
21.0460
20.9856
20.9371
20.8950
20.8674
20.8420
20.8180
20.7950
20.7730
20.7517
20.7382
20.7290
20.7218
20.7161
20.6727
20.6496
20.6348
20.6214
20.6094
20.5407
20.5032
20.4813
20.4700
20.4660
20.4664
20.4707
20.4784
20.4893
20.5082
20.5298
20.5541
20.5806
20.6086
20.6378
20.6443
20.6410
20.6340
20.6244
20.6128
20.6010
20.5861
20.5704
20.5542
20.5376
20.5205
20.5030
20.4766
20.4450
20.3766
20.3217
20.2741
20.2239
20.1762
20.1274
20.0769
20.0248
19.9710
19.8649
19.8835
19.9140
19.9420
19.9764
20.0162
20.0613
20.1083
20.1591
20.2137
20.2718
20.3333
20.3976
20.4454
20.4868
20.5272
20.5673
20.6076
20.6481
20.6995
20.7528
20.8072
20.8623
20.9181
20.9743
21.0262
21.0762
21.1256
21.1740
21.2215
21.2688
21.3156
21.3623
21.4090
21.4556
21.5020
21.5479
21.5853
21.6186
21.6506
21.6814
21.7110
21.7398
21.7676
21.7955
21.8235
21.8513
21.8791
21.9071
21.9350
21.9631
21.9911
22.0192
22.0474
22.0756
22.0920
22.1070
22.1212
22.1347
22.1478
22.1606
22.1730
22.1850
22.1969
22.2085
22.2199
22.2311
22.2436
22.2567
22.2699
22.2830
22.2960
22.3091
22.3221
22.3351
22.3481
22.3610
22.3739
22.3868
22.3982
22.4091
22.4197
22.4303
22.4406
22.4509
22.4610
22.4711
22.4811
22.4911
22.5009
22.5107
22.5244
22.5384
22.5525
22.5668
22.5811
22.5955
22.6098
22.6238
22.6382
22.6526
22.6670
22.6814
22.6966
22.7117
22.7268
22.7420
22.7573
22.7726
22.7877
22.8029
22.8181
22.8333
22.8485
22.8616
22.8755
22.8894
22.9032
22.9168
22.9303
22.9438
22.9572
22.9706
22.9840
22.9974
23.0110
23.0248
23.0390
23.0539
23.0693
23.0847
23.1003
23.1161
23.1319
23.1478
23.1636
23.1795
23.1953
23.2110
23.2261
23.2410
23.2559
23.2708
23.2855
23.3003
23.3150
23.3297
23.3443
23.3588
23.3732
23.3876
23.4031
23.4183
23.4335
23.4486
23.4636
23.4786
23.4936
23.5085
23.5234
23.5383
23.5531
23.5679
12.4478
12.7953
12.7815
12.7926
12.7943
12.7947
12.7969
12.7983
12.8000
12.8000
12.8004
12.8007
12.8361
12.7870
12.8005
12.8005
12.8006
12.8007
12.8007
12.8006
12.8006
12.8006
12.8006
12.8014
12.8950
12.7780
12.7936
12.7993
12.8190
12.8001
12.7822
12.8428
12.8067
12.8079
12.8037
12.8021
12.8028
12.8182
12.8017
12.8025
12.8043
12.8029
12.8024
12.8042
12.8021
12.8025
12.8025
12.8023
12.8029
12.8030
12.8024
12.8018
12.8027
12.8020
12.8019
12.8014
12.8018
12.8016
12.8015
12.8017
12.8011
12.7979
12.8021
12.8012
12.8048
12.8014
12.8016
12.8023
12.8018
12.8020
12.8018
12.8017
12.8015
12.8022
12.8013
12.8013
12.8017
12.8013
12.8005
12.8004
12.8006
12.8009
12.7961
12.8008
12.8006
12.7994
12.8007
12.8006
12.8000
12.8007
12.8007
12.7994
12.8006
12.8009
12.8003
12.8010
12.8016
12.8059
12.8014
12.7895
12.7991
12.8077
12.8007
12.8020
12.8015
12.8023
12.8030
12.8019
12.8013
12.8038
12.8020
12.8016
12.8016
12.8016
12.8008
12.7965
12.8003
12.8000
12.7999
12.7997
12.8006
12.7995
12.7994
12.7993
12.7993
12.7992
12.7994
12.7996
12.7999
12.7989
12.8000
12.7999
12.8000
12.8000
12.8000
12.8000
12.7994
12.8000
12.7999
12.7993
12.7999
12.7998
12.7998
12.8003
12.7998
12.7808
12.7999
12.7992
12.7987
12.7997
12.7992
12.7915
12.7990
12.7988
12.7778
12.7990
12.8057
12.7671
12.7993
12.7985
12.7989
12.7989
12.7993
12.7996
12.7997
12.7997
12.7998
12.7998
12.7998
12.7995
12.7999
12.8000
12.8000
12.7993
12.7994
12.7995
12.7995
12.7996
12.7996
12.7996
12.7997
12.7997
12.7998
12.7998
12.7998
12.7999
12.7999
12.7999
12.7999
12.7999
12.8000
12.8000
12.8001
12.7986
12.8005
12.8002
12.8002
12.8002
12.8002
12.8002
12.8002
12.8002
12.8002
12.8002
12.6649
12.8108
12.8012
12.8016
12.8011
12.8020
12.8036
12.8012
12.8012
12.8012
12.8012
12.8011
12.8011
12.8011
12.8010
12.8010
12.8010
12.8010
12.8010
12.8010
12.8011
12.8012
12.8010
12.8010
13.1971
12.8034
12.7995
12.7994
12.7993
12.7992
12.7992
12.7991
12.7991
12.7991
12.7990
12.7990
12.7997
12.7997
12.7997
12.7997
12.7997
12.7997
12.7997
12.7997
12.7997
12.7997
12.7997
12.7997
12.7990
12.7990
12.7990
12.7990
12.7990
12.7990
12.7990
12.7990
12.7990
12.7991
12.7991
12.7991
12.7991
12.7991
12.7991
12.7991
12.7991
12.7991
12.7991
12.7991
12.7991
12.7991
12.7991
12.7991
12.7991
12.7991
12.7992
12.7992
12.7992
12.7992
12.7992
12.7992
12.7992
12.7992
12.7992
12.7992
12.7992
12.7993
12.7993
12.7993
12.7994
12.7994
12.7994
12.7994
12.7994
12.7994
12.7994
12.7994
12.7994
12.7993
12.7993
12.7993
12.7992
12.7992
12.7992
12.7991
12.7991
12.7991
12.7991
12.7991
36.8993
39.9842
39.9832
39.9868
30.8169
28.7346
27.2698
26.0690
24.6347
23.7267
22.9227
22.1986
21.5345
20.1110
19.5303
19.0008
18.5106
18.0548
17.6354
17.2486
16.8917
16.5634
16.2635
16.0083
16.1746
15.9571
15.3776
15.1820
14.9941
14.8236
15.0463
15.2823
15.1215
14.9517
14.7849
14.6263
14.4654
14.2808
14.0748
13.8623
13.2410
13.0071
12.8009
12.8885
12.8009
12.8009
12.8009
12.8009
12.8009
12.8009
12.8009
12.8009
12.8009
12.8009
30.1994
12.3835
12.8180
12.8094
12.8051
12.8029
12.8018
12.8018
30.3207
12.3347
12.8236
12.8097
12.8055
30.4933
12.3861
12.8226
12.8103
12.8054
12.8033
30.4567
12.2806
12.8190
12.8106
12.8051
12.8022
12.7932
12.7983
12.7997
12.8003
30.3893
12.3345
12.8108
12.8105
12.8058
12.8034
12.8023
12.8018
12.8000
12.8013
12.8015
30.4822
12.2968
12.8000
12.8100
12.8059
12.8038
30.6066
12.3056
12.7955
12.8099
12.8061
12.8037
12.8027
12.8021
12.8019
30.5129
12.3146
12.7931
12.8108
12.8061
12.8036
12.8026
30.5654
12.3221
12.7889
12.8108
12.8026
12.8002
12.8025
12.8018
12.8016
12.8012
30.4660
12.3176
12.7979
31.3425
12.4517
12.8077
12.8115
12.8053
12.8033
12.8019
30.3377
12.3325
12.8149
12.8102
14.6799
15.4114
15.8795
16.2848
16.6511
17.0701
17.3988
17.6742
17.9261
30.1688
12.6157
18.0279
31.0855
12.8228
18.4592
19.0305
30.6855
13.7900
18.9600
19.4291
19.5798
19.6984
19.8033
19.8994
19.9889
20.0731
20.1528
20.2285
20.3049
30.1416
15.6212
20.0914
20.4593
20.5628
20.6445
20.7185
20.7878
30.1768
16.2652
20.5727
13.2254
12.8991
12.8894
12.8316
12.7997
12.7995
12.7994
12.7993
12.7992
12.7999
12.7999
12.7998
12.7998
12.7998
12.7998
12.7998
12.7998
12.7998
12.7998
12.7998
12.7998
12.7998
12.7998
12.7998
12.7997
12.7997
12.7997
12.7997
12.7998
12.7998
12.7999
12.8000
12.8000
12.8001
12.8001
12.7996
12.7996
12.7996
12.7996
12.7996
12.7996
12.7996
12.7997
12.7997
12.7997
12.7997
12.7997
12.7997
12.7997
12.7997
12.7997
12.7997
12.7997
12.7997
12.7997
12.7997
12.7997
12.7997
12.7997
12.7997
12.7997
12.7997
12.7997
12.7997
12.7997
12.7997
12.7997
12.7997
12.7997
12.7997
12.7997
12.7990
12.7990
12.7990
12.7990
12.7990
12.7990
12.7990
12.7990
12.7991
12.7991
12.7991
12.7991
12.7991
12.7991
12.7992
12.7992
12.7992
12.7992
12.7992
12.7992
12.7993
12.7993
12.7993
12.7993
12.7993
12.7993
12.7992
12.7992
12.7991
12.7991
12.7991
12.7990
12.7990
12.7997
12.7997
12.7997
12.7997
38.0288
39.9824
39.9829
39.9867
38.3530
26.1077
24.3623
23.0897
22.0216
21.1392
20.3424
19.6217
19.0140
18.0679
17.5753
17.1481
16.7646
16.4335
16.1883
15.1508
14.9006
14.6779
14.4775
14.2981
14.5334
14.3402
14.1312
13.9233
13.7014
13.4734
13.2383
12.9998
12.8009
12.8009
12.8009
12.8009
12.8009
12.8009
12.8009
12.8009
12.8012
12.8012
12.8007
12.8010
12.8010
30.2454
12.3809
12.8227
12.8094
12.8068
12.8033
12.8023
12.8019
12.8016
12.8016
30.3147
12.3914
12.8191
12.8097
30.8167
12.3986
12.8157
12.8106
12.8059
12.8035
12.8022
12.8016
12.8013
12.8010
12.8012
30.4265
12.3527
12.8044
12.8102
12.8064
12.8011
12.7988
12.8001
12.8007
12.7933
12.8022
12.8020
12.8024
12.8022
12.8023
12.7991
12.8019
12.8020
12.8021
12.8017
12.8019
12.8001
12.8018
12.8020
12.8017
12.8019
12.8016
12.8034
12.8022
12.8013
12.8028
12.8026
12.8021
12.8020
12.8019
12.8017
12.8015
12.8010
12.8014
12.8031
12.8013
12.8031
12.8000
12.8015
12.8016
12.8014
12.8015
12.8017
12.8013
12.8014
12.8016
12.7941
12.8015
12.8009
12.8014
12.7982
12.8014
12.8002
12.8014
12.8016
12.8010
12.8012
12.8011
12.8038
12.8018
12.8016
12.8014
12.8013
12.8012
13.6994
14.3493
14.7776
15.1491
15.4841
15.7848
16.0655
16.3222
16.5608
16.7843
16.9948
17.1942
17.3840
17.5654
17.7394
17.9069
18.0685
18.2120
18.3492
18.4817
18.6099
18.7345
18.8558
18.9741
19.0894
19.2024
19.3137
19.4230
19.5301
19.6326
19.7331
19.8320
19.9295
20.0258
20.1209
20.2150
20.3076
20.3994
20.4903
20.5805
20.6698
13.2233
12.8968
12.8880
12.8202
12.7997
12.7996
12.7995
12.7994
12.7995
12.7993
12.7999
12.7999
12.7998
12.7998
12.7998
12.7998
12.7998
12.7997
12.7997
12.7997
12.7997
12.7997
12.7997
12.7997
12.4875
12.8213
12.7870
12.7900
12.7929
12.7950
12.7969
12.7978
12.7986
12.7992
12.7996
12.7999
12.8001
12.8002
12.7996
12.7997
12.7997
12.7998
12.7998
12.7999
12.7999
12.7999
12.7999
12.8000
12.8000
12.8000
12.8000
12.8000
12.8000
12.8001
12.8001
12.8001
12.8001
12.8001
12.8001
12.8001
12.8002
12.8002
12.8002
12.8002
12.8002
12.8002
12.8002
12.8002
12.8002
12.8002
12.8003
12.8003
12.8003
12.8003
12.8003
12.8003
12.8003
12.8003
12.8003
12.8003
12.8004
12.8004
12.8004
12.8004
12.8862
12.7770
12.7929
12.7976
12.7982
12.7985
12.7987
12.7989
12.7990
12.7992
12.7993
12.7994
12.8545
12.7868
12.7948
12.7979
12.7983
12.7988
12.8009
12.8000
12.8000
12.8000
12.8001
12.8001
12.8881
12.7708
12.8375
12.7995
12.8019
12.8004
12.7998
12.8079
12.8035
12.8138
12.8033
12.8019
12.8071
12.8119
12.8018
12.8014
12.8015
12.8015
12.8011
12.8027
12.8008
12.8009
12.8008
12.8008
12.8007
12.8007
12.8007
12.8007
12.8006
12.8006
12.8005
12.8005
12.8005
12.8004
12.8004
12.7998
36.9487
40.0203
40.0199
40.0230
40.0267
40.0291
40.0316
40.0342
40.0353
39.8594
39.1759
38.7335
38.3522
37.9823
37.6184
37.2795
36.9661
36.5030
36.2386
35.9999
35.7800
35.5760
35.3864
35.3817
35.2233
35.0753
34.9363
40.0413
40.0370
40.0332
40.0298
40.0268
40.0243
35.2144
34.3948
33.7149
33.2663
32.8477
32.4465
32.0542
31.6654
31.2779
30.9688
30.5373
30.2940
30.0722
29.8680
29.5958
29.3826
29.3779
29.2270
29.0944
28.9807
28.8919
28.6897
28.4241
28.1421
27.8494
27.5497
27.2456
26.9331
26.4476
26.1313
25.7344
25.3865
25.0715
24.7806
24.4314
24.0316
23.6197
23.3703
22.9472
22.5242
22.0804
21.4591
21.0269
20.5782
20.1222
19.9803
19.9861
20.0446
20.3171
20.4602
20.6366
21.0642
31.8176
32.7111
33.3251
33.8919
34.4383
35.0018
35.5689
36.1103
36.5456
37.1097
37.7106
38.3611
39.0547
39.7906
40.0274
40.0262
40.0250
40.0236
40.0223
40.0210
40.0198
40.0186
40.0176
40.0165
40.0156
40.0147
40.0139
40.0132
40.0126
40.0120
40.0114
40.0110
40.0106
40.0102
40.0098
40.0095
40.0092
40.0089
40.0086
40.0084
40.0082
40.0080
40.0079
40.0077
40.0076
40.0075
40.0074
40.0073
40.0072
40.0072
40.0071
40.0070
40.0070
40.0069
40.0069
40.0068
40.0067
40.0067
40.0066
40.0123
40.0159
40.0177
40.0188
40.0195
40.0201
40.0205
40.0208
40.0210
12.5018
12.7663
12.7830
12.7887
12.7926
12.7953
12.7998
12.7992
12.7997
12.8003
12.8003
12.8006
12.8008
12.8009
12.8010
12.8010
12.8001
12.8011
12.8010
12.8010
12.8010
12.8009
12.8010
12.8012
12.8010
12.8010
12.8010
12.8009
12.8009
12.8009
12.8009
12.8009
12.8009
12.8008
12.8008
12.8008
12.8008
12.8008
12.8008
12.8008
12.8008
12.8008
12.8008
12.8008
12.8007
12.8007
12.8007
12.8007
12.8007
12.8007
12.8007
12.8007
12.8007
12.8007
12.8007
12.8007
12.8007
12.8007
12.8007
12.8007
12.8007
12.8007
12.8007
12.8007
12.8007
12.8007
12.8007
12.8007
12.8007
12.8007
12.8007
12.8007
12.8007
12.8007
12.8007
12.8686
12.7750
12.7989
12.7994
12.7997
12.7999
12.8000
12.7994
12.7995
12.7996
12.7997
12.7997
12.8550
12.7802
12.7986
12.7991
12.7993
12.7995
12.7996
12.7997
12.7997
12.7998
12.7999
12.7999
12.9017
12.7809
12.8026
12.8002
12.8188
12.8006
12.7815
12.8195
12.8089
12.8021
12.8019
12.8018
12.8228
12.8183
12.8013
12.8019
12.8022
12.8021
12.8007
12.8022
12.8010
12.8011
12.8014
12.8009
12.8010
12.8004
12.8012
12.8016
12.8009
12.8003
12.8009
12.8015
12.8008
12.8008
12.8009
12.8008
12.8016
12.8009
12.8021
12.8003
12.8010
12.8025
12.8004
12.8031
12.8010
12.8017
12.8005
12.8011
12.8009
12.8008
12.8008
12.8008
12.7996
12.8009
12.8002
12.7966
12.7994
12.8006
12.8053
12.8001
12.8004
12.8011
12.8007
12.8007
12.8007
12.8007
12.8008
12.8021
12.8009
12.8004
12.8011
12.8012
12.8018
12.8005
12.8012
12.7978
12.7996
12.7988
12.7994
12.8004
12.8048
12.8005
12.8014
12.8006
12.8018
12.8027
12.8008
12.8014
12.8009
12.8010
12.8007
12.8006
12.8012
12.8006
12.7997
12.7997
12.7996
12.8005
12.8005
12.8005
12.8005
12.8005
12.8004
12.8004
12.7998
12.8009
12.8003
12.8003
12.8002
12.8002
12.8002
12.8002
12.8002
12.8001
12.7998
12.7991
12.7997
12.7990
12.7996
12.7938
12.7984
12.7815
12.7993
12.7988
12.7938
12.7983
12.7951
12.7622
12.7963
12.7931
12.7976
12.7977
18.9625
19.1529
19.3354
19.5191
19.7050
19.8942
20.0118
20.1121
20.1969
20.2733
20.3448
20.4121
20.4741
20.5507
20.6103
20.6602
20.7069
20.7511
20.7932
20.8337
20.8726
20.9103
20.9468
20.9822
21.0106
21.0373
21.0628
21.0875
21.1113
21.1345
21.1571
21.1792
21.2009
21.2222
21.2430
21.2636
21.2840
21.3041
21.3240
21.3436
21.3629
21.3820
21.4008
21.4195
21.4378
21.4559
21.4741
21.4922
21.4938
21.5134
21.5332
21.5536
21.5743
21.5949
21.6154
21.6357
21.6560
21.6759
21.6957
21.7154
21.7345
21.7533
21.7718
21.7900
21.8081
21.8259
21.8435
21.8609
21.8781
21.8951
21.9119
21.9286
21.9448
21.9609
21.9770
21.9929
22.0087
22.0243
22.0398
22.0552
22.0704
22.0855
22.1005
22.1152
22.1304
22.1456
22.1607
22.1758
22.1907
22.2056
22.2203
22.2350
22.2495
22.2640
22.2783
22.2925
22.3050
22.3170
22.3288
22.3402
22.3518
22.3632
22.3744
22.3855
22.3965
22.4073
22.4179
22.4284
22.4386
22.4487
22.4584
22.4681
22.4777
22.4874
22.4970
22.5064
22.5158
22.5250
22.5341
22.5430
22.5520
22.5610
22.5698
22.5785
22.5872
22.5958
22.6046
22.6131
22.6217
22.6301
22.6385
22.6467
22.6481
22.6485
22.6484
22.6483
22.6485
22.6493
22.6506
22.6525
22.6546
22.6570
22.6317
22.6055
22.6008
22.5821
22.5640
22.5458
22.5273
22.5086
22.4911
22.4744
22.4577
22.4368
22.4177
22.3999
22.3796
22.3614
22.3427
22.3234
22.3036
22.2833
22.2517
22.2149
22.1764
22.1415
22.1037
22.0643
22.0238
21.9891
21.9518
21.9131
21.8744
21.8331
21.8034
21.7768
21.7510
21.7262
21.7021
21.6797
21.6576
19.4417
19.2906
19.2101
19.1484
19.0944
19.0437
18.9964
18.9522
18.9105
18.8708
18.8328
18.7974
18.7634
18.7306
18.6988
18.6682
18.6382
18.6124
18.5889
18.5666
18.5450
18.5243
18.5043
18.4888
18.4722
18.4584
18.4622
18.4594
18.4514
18.4446
18.4387
18.4088
18.3914
18.3821
18.3736
18.3629
18.3535
18.3446
18.3360
18.3275
18.3185
18.2920
18.2510
18.1997
18.1399
18.0720
18.0161
17.9419
20.0700
20.1084
20.0638
19.9937
19.9049
19.8067
19.6986
19.5805
19.4534
19.3180
19.1749
19.0375
18.8962
18.7497
18.6175
18.4693
18.3118
18.2568
18.2348
18.2456
18.2825
18.3395
18.4166
18.5113
18.6477
18.7877
18.9360
19.1503
19.3500
19.4409
19.4941
19.5379
19.6183
19.6744
19.7157
19.7519
19.7855
19.8174
19.8480
19.8779
19.9071
19.9472
19.9928
20.0408
20.0908
20.1427
20.1965
20.2552
20.3137
20.3739
20.4357
20.4992
20.5640
20.6205
20.6736
20.7260
20.7783
20.8306
20.8831
20.8570
20.9153
20.9739
21.0328
21.0813
21.1324
21.1767
21.2169
21.2553
21.2950
21.3355
21.3757
21.4141
21.4705
21.5118
21.5447
21.5759
21.6058
21.6347
21.6628
21.6903
21.7171
21.7435
21.7694
21.7884
21.8063
21.8237
21.8405
21.8568
21.8729
21.8886
21.9039
21.9190
21.9337
21.9483
21.9626
21.9769
21.9911
22.0051
22.0190
22.0328
22.0463
22.0598
22.0732
22.0863
22.0992
22.1119
22.1248
22.1377
22.1507
22.1636
22.1764
22.1894
22.2025
22.2153
22.2282
22.2411
22.2539
22.2666
22.2793
22.2939
22.3078
22.3228
22.3367
22.3516
22.3657
22.3809
22.3949
22.4101
22.4241
22.4392
22.4532
22.4670
22.4809
22.4948
22.5087
22.5224
22.5361
22.5500
22.5640
22.5777
22.5915
22.6053
22.6189
22.6339
22.6475
22.6624
22.6760
22.6906
22.7040
22.7187
22.7324
22.7472
22.7607
22.7754
22.7889
22.7975
22.8045
22.8111
22.8172
22.8231
22.8287
22.8342
22.8395
22.8447
22.8498
22.8546
22.8594
22.8643
22.8694
22.8744
22.8791
22.8838
22.8885
22.8931
22.8975
22.9020
22.9064
22.9108
22.9150
22.9189
22.9225
22.9261
22.9294
22.9327
22.9358
22.9389
22.9420
22.9449
22.9478
22.9507
22.9536
22.9513
22.9487
22.9458
22.9430
22.9406
22.9387
22.9375
22.9368
22.9364
22.9363
22.9208
22.9107
22.8871
22.8584
22.8309
22.8034
22.7754
22.7473
22.7216
22.6981
22.6763
22.6489
22.6270
22.6084
22.5905
22.5688
22.5497
22.5322
22.5151
22.4982
22.4765
22.4521
22.4266
22.4002
22.3730
22.3451
22.3109
20.0978
19.9281
19.8295
19.7462
19.6709
19.6055
19.5459
19.4901
19.4372
19.3865
19.3377
19.2905
19.2446
19.1997
19.1558
19.1129
19.0707
19.0292
18.9884
18.9479
18.9076
18.8676
18.8278
18.7883
18.7490
18.7097
18.6704
18.6240
18.5816
18.5445
18.5095
18.4757
18.4428
18.4157
18.3864
18.3682
18.3516
18.3359
18.3211
18.3071
18.2939
18.2811
18.2689
18.2573
18.2465
18.2364
18.2268
18.2186
20.4223
20.5455
20.5981
20.6068
20.6197
20.6181
20.5999
20.5691
20.5278
20.4770
20.4382
20.3778
20.3014
20.2157
20.1213
20.0181
19.9063
19.8149
19.7331
19.6548
19.5801
19.5067
19.4408
19.3965
19.3600
19.3299
19.3060
19.2884
19.2771
19.2264
19.1591
19.0866
19.0101
18.9302
18.8279
18.7300
18.6357
18.5403
18.4433
18.3448
18.2449
18.2515
18.3094
18.4206
18.5296
18.6465
18.7740
18.9736
19.1505
19.3201
19.5431
19.7920
20.0097
20.1204
20.1916
20.2515
20.3035
20.3498
20.3917
20.4338
20.4364
20.4587
20.4903
20.5227
20.5553
20.6063
20.6653
20.7267
20.7899
20.8547
20.9209
20.9856
21.0508
21.1168
21.1834
21.2504
21.3177
21.3682
21.4112
21.4517
21.4907
21.5285
21.5653
21.6018
21.6479
21.6852
21.7175
21.7482
21.7779
21.8067
21.8346
21.8617
21.8876
21.9131
21.9393
21.9575
21.9744
21.9904
22.0060
22.0210
22.0357
22.0499
22.0639
22.0776
22.0910
22.1042
22.1172
22.1296
22.1419
22.1538
22.1655
22.1771
22.1886
22.1999
22.2110
22.2219
22.2328
22.2436
22.2542
22.2653
22.2765
22.2879
22.2994
22.3106
22.3220
22.3332
22.3444
22.3555
22.3665
22.3775
22.3885
22.3998
22.4108
22.4216
22.4327
22.4437
22.4544
22.4652
22.4759
22.4865
22.4970
22.5074
22.5178
22.5275
22.5372
22.5468
22.5563
22.5658
22.5753
22.5848
22.5943
22.6038
22.6133
22.6227
22.6319
22.6420
22.6525
22.6630
22.6735
22.6840
22.6947
22.7053
22.7158
22.7263
22.7367
22.7471
22.7574
22.7690
22.7808
22.7928
22.8047
22.8165
22.8283
22.8405
22.8526
22.8646
22.8768
22.8889
22.9010
22.9122
22.9231
22.9339
22.9446
22.9554
22.9661
22.9768
22.9877
22.9986
23.0093
23.0200
23.0307
23.0422
23.0538
23.0654
23.0771
23.0888
23.1005
23.1123
23.1241
23.1362
23.1482
23.1601
23.1720
12.5591
12.7879
12.7815
12.7880
12.7918
12.7945
12.7957
12.7971
12.7980
12.7987
12.7991
12.7994
12.7997
12.7998
12.7999
12.8000
12.8000
12.8000
12.8000
12.8000
12.8000
12.8000
12.8000
12.7999
12.8318
12.7822
12.7997
12.8002
12.8186
12.8011
12.7831
12.8368
12.8131
12.8125
12.8039
12.8023
12.8122
12.8048
12.8025
12.8019
12.8018
12.8017
12.8003
12.8032
12.8012
12.8012
12.8012
12.8018
12.8011
12.8023
12.8016
12.8016
12.8022
12.8015
12.8015
12.8009
12.8009
12.8020
12.8013
12.8019
12.8001
12.8019
12.8010
12.7996
12.8025
12.8027
12.7997
12.8031
12.8010
12.8007
12.8014
12.8013
12.8005
12.8017
12.8010
12.7987
12.8003
12.8009
12.8000
12.8011
12.8004
12.8012
12.8007
12.8005
12.8005
12.8004
12.8004
12.7988
12.8010
12.8009
12.8004
12.8000
12.8007
12.7999
12.8006
12.8005
12.8006
12.8007
12.7988
12.8032
12.7999
12.7997
12.8026
12.7963
12.8012
12.8005
12.8012
12.8006
12.8006
12.8005
12.8006
12.8005
12.8005
12.8005
12.8013
12.8002
12.8008
12.8008
12.8008
12.8008
12.8008
12.8008
12.8008
12.8008
12.8008
12.8008
12.8007
12.8007
12.8007
12.8007
12.8007
12.8006
12.8006
12.8006
12.8006
12.8006
12.8005
12.8005
12.7998
12.7995
12.7994
12.7994
12.7993
12.7987
12.7848
12.7847
12.7960
12.7933
12.7977
12.7898
12.7982
12.7589
12.7987
12.7978
12.7983
12.7985
12.7986
12.8052
12.7990
12.7992
12.7992
12.7992
12.7996
12.7997
12.7998
12.7998
12.7998
12.7999
12.7992
12.7991
12.7993
12.7994
12.7994
12.7995
12.7995
12.7996
12.7996
12.7996
12.7997
12.7997
12.7997
12.7998
12.7999
12.7999
12.7999
12.7999
12.8000
12.8000
12.8000
12.8000
12.8000
12.8000
12.8000
12.8000
12.8000
12.8001
12.8001
12.8001
12.8001
12.8001
12.8001
12.8001
12.8001
12.8001
12.7723
12.8020
12.8004
12.8004
12.8004
12.8004
12.8004
12.8004
12.8004
12.8004
12.8004
12.8004
12.8004
12.8004
12.8004
12.8004
12.8004
12.8004
12.8004
12.8005
12.8005
12.8006
12.8006
