489.7175
489.4151
489.0991
488.7704
488.4300
488.0786
487.7170
487.3462
486.9669
486.5798
486.1856
485.7851
485.3788
484.9674
484.5514
484.1313
483.7076
483.2809
482.8514
482.4197
481.9860
481.5509
481.1145
480.6772
480.2392
479.8008
479.3624
478.9240
478.4860
478.0486
477.6118
477.1759
476.7410
476.3073
475.8748
475.4437
475.0141
474.5861
474.1597
473.7350
473.3121
472.8912
472.4721
472.0551
471.6400
471.2271
470.8162
470.4075
470.0010
469.5966
469.1944
468.7945
468.3969
468.0014
467.6083
467.2173
466.8286
466.4422
466.0580
465.6762
465.2967
464.9194
464.0014
463.4367
462.9338
462.4606
462.0091
461.5748
461.1544
460.7453
460.3459
459.9546
459.5706
459.1927
458.6452
458.2421
457.8771
457.5380
457.2210
456.9236
456.6439
456.3802
456.1311
455.8955
455.6720
455.4599
454.6008
453.4661
452.2809
451.1487
450.0864
449.1346
448.3056
447.6195
447.3616
447.5097
448.0387
448.9404
450.1723
451.7180
453.8376
456.4651
459.5269
463.0714
466.9506
473.2574
477.2329
481.3748
485.6777
490.1374
496.8279
501.1697
505.6460
510.2358
514.9019
519.6200
524.3513
529.0997
533.7978
538.4426
542.8974
549.3680
553.2858
559.2285
562.6020
565.7667
568.7947
571.6140
574.2427
576.9513
579.6391
582.3621
585.0818
587.7888
590.4741
593.1304
595.7519
600.4137
602.5988
604.7614
606.8444
610.8606
612.1308
613.2167
614.1955
615.1812
618.2661
618.8157
619.4434
620.1368
620.8856
621.6795
622.5166
623.4050
624.3486
625.3428
626.3724
627.4086
628.4203
629.3893
630.2854
631.1888
632.0724
633.0037
633.9860
635.0244
636.0594
637.1543
638.2864
639.5000
640.7984
642.1734
643.7433
645.4442
647.2362
649.0920
650.9929
652.9049
654.7457
656.4887
658.1308
659.6779
661.1390
662.5182
663.8250
665.0513
666.1979
667.2673
668.4043
669.5458
670.6893
671.8308
672.8310
673.7587
674.6321
675.4685
676.1419
676.7322
677.2635
677.7264
678.1253
678.4654
678.7528
678.9934
679.1928
679.2297
679.2256
679.0519
678.4464
677.3635
675.6903
673.5933
671.1881
668.1372
664.6823
660.9908
657.0409
652.9370
648.6784
644.2441
639.7085
635.1267
630.5353
625.9600
621.4206
616.9315
612.5030
608.1426
603.8561
599.6467
595.5182
591.4727
587.5106
583.6319
579.8356
576.1203
572.4846
568.9267
565.4452
562.0380
558.7038
555.4413
552.2489
549.1246
546.0669
543.0738
540.1436
537.2749
534.4662
531.7161
529.0233
526.3863
523.8039
521.2748
518.7988
516.3745
514.0013
511.6790
509.4067
507.1833
505.0080
502.8794
500.7963
498.7578
496.7628
494.8101
494.5170
494.3081
494.1613
494.0588
493.9866
493.9336
493.8910
493.8466
493.7971
493.7402
493.6722
493.5901
493.4919
493.3762
493.2420
493.0890
492.9171
492.7265
492.5176
492.2908
492.0469
491.7865
491.5104
491.2195
490.9147
490.5966
490.2662
489.9242
489.5715
489.2088
488.8369
488.4566
488.0685
487.6734
487.2718
486.8643
486.4516
486.0340
485.6122
485.1865
484.7576
484.3257
483.8914
483.4548
483.0166
482.5768
482.1359
481.6941
481.2518
480.8091
480.3663
479.9237
479.4813
479.0394
478.5982
478.1578
477.7183
477.2799
476.8427
476.4068
475.9723
475.5393
475.1078
474.6779
474.2498
473.8234
473.3989
472.9762
472.5555
472.1367
471.7200
471.3053
470.8928
470.4824
470.0742
469.6682
469.2644
468.8628
468.4635
468.0665
467.6717
467.2793
466.8891
466.5013
465.5525
464.9671
464.4457
463.9552
463.4875
463.0377
462.6027
462.1797
461.7670
461.3630
460.9666
460.5770
460.0149
459.6004
459.2255
458.8776
458.5528
458.2485
457.9627
457.6935
457.4396
457.1996
456.9723
456.7566
455.8869
454.7336
453.5274
452.4065
451.3860
450.5035
449.7678
449.1773
448.7356
448.6478
448.8624
449.3786
452.2878
453.1667
454.6442
456.6389
459.0958
461.9888
465.2612
468.8791
472.7841
476.9547
481.3534
485.9348
490.6531
495.4858
500.3893
505.3418
510.3235
515.3159
520.3005
525.2625
530.1883
535.0424
539.8273
544.5262
553.2096
556.8606
560.2433
563.2658
566.0758
568.7653
571.3929
576.1916
578.6245
581.1711
583.8256
586.5770
591.5364
594.1316
596.8205
601.7170
604.2483
606.8438
609.4814
612.1845
614.9120
617.6720
620.4618
623.2748
640.9143
645.8841
646.4357
647.4332
648.7487
650.3222
654.2113
655.8409
657.6231
659.4483
661.2843
663.0889
664.4925
665.3861
665.9154
666.2360
666.4334
666.6057
666.7453
668.9749
668.8387
668.8325
668.9137
669.0941
669.3678
669.7150
670.1169
670.5831
671.1128
671.6912
672.2946
672.8998
673.1651
673.2395
673.2050
673.1085
672.9783
672.8251
672.6640
672.5043
672.3714
672.2750
672.2159
672.2018
672.4049
672.7503
675.2714
675.4500
675.7280
676.0808
676.3162
676.4981
676.9933
677.5211
678.0853
678.6824
679.3065
679.9515
680.6119
681.2825
684.3505
687.9079
691.0543
693.3450
694.4708
694.5871
693.7976
692.0179
689.5755
686.6057
683.1989
679.3767
675.2645
670.7355
665.9604
661.0461
656.0625
651.0559
646.0611
641.1027
636.1976
631.3573
626.5897
621.9003
617.2927
612.7689
608.3304
603.9780
599.7124
595.5492
591.4849
587.5128
583.6288
579.8298
576.1133
572.4772
568.9204
565.4414
562.0386
558.7103
555.4550
552.2710
549.1564
546.1095
543.1288
540.2122
537.3582
534.5650
531.8315
529.1552
526.5345
523.9690
521.4575
518.9989
516.5918
514.2351
511.9278
509.6687
507.4567
505.2908
504.9681
504.7312
504.5574
504.4285
504.3299
504.2503
504.1756
504.0925
504.0053
503.9092
503.8004
503.6758
503.5334
503.3718
503.1904
502.9886
502.7666
502.5243
502.2624
501.9813
501.6818
501.3648
501.0312
500.6818
500.3176
499.9395
499.5484
499.1452
498.7309
498.3063
497.8723
497.4296
496.9791
496.5214
496.0573
495.5874
495.1124
494.6329
494.1494
493.6624
493.1724
492.6799
492.1852
491.6888
491.1910
490.6921
490.1926
489.6926
489.1924
488.6924
488.1927
487.6935
487.1951
486.6977
486.2015
485.7066
485.2132
484.7215
484.2316
483.7435
483.2575
482.7735
482.2916
481.8120
481.3346
480.8596
480.3870
479.9168
479.4491
478.9839
478.5212
478.0611
477.6036
477.1487
476.6964
476.2467
475.7997
475.3553
474.9136
474.4746
474.0383
473.6048
473.1739
472.7457
471.6928
471.0080
470.3903
469.8097
469.2602
468.7372
468.2371
467.7563
467.2919
466.8415
466.4029
465.9744
465.3765
464.9347
464.5402
464.1793
463.8468
463.5390
463.2525
462.9849
462.7337
462.4971
462.2734
462.0611
461.1674
459.9603
458.6547
457.3705
456.1814
455.1274
454.2442
453.5624
453.1216
452.9123
452.9076
453.2221
453.7824
454.6016
458.0211
459.5100
461.3617
463.4493
465.7709
468.3241
470.9696
473.7530
476.5973
479.8771
485.6286
491.2225
494.7134
498.4868
502.4562
506.5501
510.8347
515.2033
519.6050
524.0230
528.2992
532.5820
536.7934
540.9236
547.1143
550.6704
554.1658
559.7918
563.1372
566.5195
569.9382
573.3716
576.8039
580.2235
583.6217
586.9851
590.3113
595.7303
598.6692
601.5181
604.2537
606.8783
609.3712
611.7602
614.0572
616.2680
618.4804
620.5277
622.4655
624.3079
626.0460
627.6690
629.1814
630.6032
634.0788
635.0988
636.1145
637.1070
638.0694
638.9463
639.8112
640.6990
641.6251
642.5989
643.6429
644.7592
645.9449
647.2087
648.5519
649.9827
651.4907
655.3010
656.8459
658.5455
660.3660
662.2797
664.2647
666.3002
668.3435
670.3746
672.3513
674.2545
676.0784
677.8598
679.5739
681.2384
682.8625
684.4512
686.0060
687.5281
689.0186
690.4786
691.9091
693.3113
694.6886
696.0274
697.3267
698.5857
699.8247
700.9607
702.0031
702.9849
703.8979
704.7401
705.4800
706.0847
706.5570
706.7670
706.6010
705.8708
704.4335
702.4630
700.0342
697.0534
693.5394
689.6728
685.6828
681.5911
677.4125
673.0385
668.5262
663.9322
659.2918
654.6306
649.9701
645.3281
640.7185
636.1521
631.6375
627.1814
622.7892
618.4642
614.2097
610.0286
605.9227
601.8932
597.9406
594.0651
590.2663
586.5436
582.8963
579.3232
575.8242
572.3988
569.0462
565.7652
562.5547
559.4130
556.3386
553.3300
550.3856
547.5037
544.6827
541.9211
539.2171
536.5646
533.9648
531.4173
528.9211
526.4750
524.0781
521.7292
519.4274
517.1715
514.9605
512.7935
512.4437
512.1933
512.0207
511.9079
511.8408
511.8079
511.7993
511.8102
511.8376
511.8760
511.9208
511.9681
512.0146
512.0577
512.0952
512.1255
512.1472
512.1594
512.1614
512.1527
512.1318
512.0986
512.0533
511.9976
511.9304
511.8033
511.6201
511.3882
511.1141
510.8036
510.4614
510.0915
509.6973
509.2819
508.8480
508.3978
507.9334
507.4565
506.9689
506.4717
505.9665
505.4542
504.9359
504.4125
503.8848
503.3535
502.8194
502.2830
501.7447
501.2052
500.6649
500.1240
499.5831
499.0425
498.5023
497.9630
497.4248
496.8878
496.3523
495.8185
495.2865
494.7564
494.2284
493.7026
493.1791
492.6579
492.1392
491.6231
491.1096
490.5987
490.0905
489.5851
489.0823
488.5824
488.0853
487.5910
487.0996
486.6111
486.1255
485.6428
485.1630
484.6861
484.2122
483.7412
482.6031
481.8894
481.2561
480.6627
480.0991
479.5590
479.0379
478.5324
478.0401
477.5588
477.0869
476.6241
475.9486
475.4467
474.9952
474.5792
474.1937
473.8349
473.4997
473.1854
472.8898
472.6108
472.3466
472.0959
471.1307
469.8548
468.4111
466.9308
465.4486
464.0842
462.8777
461.8926
461.2229
460.9001
460.9262
461.2750
461.9294
463.1307
464.8223
466.9758
469.5373
472.4313
475.6058
479.0355
482.6582
486.4514
490.3922
494.4688
498.6433
502.8977
509.3379
513.3513
517.5114
521.7466
528.1491
532.0256
535.8597
539.6646
543.4285
547.1440
550.8068
554.4165
557.9757
561.4949
564.9757
568.3937
571.8839
575.3064
578.6719
582.0212
585.3136
588.5435
591.7054
594.8051
597.8633
600.8901
603.9013
606.8787
609.7534
614.6888
616.9572
619.0702
621.0521
622.9182
624.6592
626.2167
627.5441
628.6394
629.5249
630.2291
630.7792
631.1834
631.4844
631.6426
631.6912
631.7789
631.8472
631.8675
631.8159
631.7719
631.7573
631.8514
632.0735
632.4144
632.8913
633.6109
634.4836
639.6676
642.1059
642.1628
642.2634
642.5226
642.9674
643.5880
644.3615
649.4296
649.7689
650.3995
651.2163
652.1590
653.1901
654.2840
655.4221
656.5909
657.9165
659.3180
660.7520
662.1946
663.6315
665.0551
666.4610
667.8519
669.2117
670.5335
671.8032
672.8794
673.8333
674.7023
675.5061
676.2565
676.9611
677.6216
678.2092
678.7224
679.0634
679.2419
679.1199
678.5819
677.5631
676.2056
674.6080
672.7288
670.4361
667.7408
664.7162
661.3913
658.5173
655.6683
652.6535
649.4284
646.0060
642.4188
638.7032
634.8934
631.0192
627.1059
623.1746
619.2425
615.3238
611.4299
607.5698
603.7508
599.9784
596.2571
592.5902
588.9802
585.4289
581.9374
578.5064
575.1364
571.8271
568.5785
565.3901
562.2616
559.1922
556.1813
553.2281
550.3316
547.4910
544.7054
541.9739
539.2954
536.6689
534.0936
531.5685
529.0925
526.6648
524.2845
521.9505
519.6620
517.4181
515.2179
513.0605
510.9451
509.6884
508.8595
508.2520
507.7636
507.3422
506.9601
506.6024
506.2601
505.9281
505.6032
505.2832
504.9666
504.6526
504.3406
504.0301
503.7209
503.4128
503.1057
502.7995
502.4943
502.1900
501.8866
501.5843
501.2830
500.9827
500.5670
500.0879
499.5723
499.0347
498.4831
497.9228
497.3570
496.7878
496.2169
495.6454
495.0742
494.5040
493.9353
493.3684
492.8038
492.2417
491.6822
491.1256
490.5719
490.0212
489.4736
488.9291
488.3878
487.8498
487.3150
486.7834
486.2550
485.7299
485.2079
484.6891
484.1735
483.6610
483.1517
482.6455
482.1423
481.6422
481.1452
480.6512
480.1602
479.6722
479.1872
478.7052
478.2261
477.7499
477.2766
476.8063
476.3387
475.8741
475.4123
474.9532
474.4970
474.0436
473.5929
473.1450
472.6998
472.2573
471.8174
471.3803
470.9458
470.5140
470.0848
469.6584
469.2346
468.8135
468.3950
467.9791
467.5659
467.1552
466.7471
466.3416
465.9386
465.5380
465.1690
464.8390
464.5471
464.2892
464.0603
463.8557
463.6710
463.5028
463.3480
463.2043
463.0695
462.4829
461.6721
460.7452
459.7568
458.7360
457.6995
456.6577
455.6172
454.5827
453.5574
452.5438
451.5434
450.5575
449.5870
448.6325
447.6944
446.7728
445.8679
444.9796
444.1080
443.2529
442.4141
441.5914
440.7846
439.9934
439.2176
438.4570
437.7112
436.9800
436.2631
435.5602
434.8711
434.1954
433.5330
432.8835
432.2468
431.6225
431.0103
430.4102
429.8217
429.2447
428.6790
428.1242
427.5803
427.0470
426.5240
426.0113
425.5084
425.0153
424.5318
424.0576
423.5926
423.1366
422.6894
422.2508
421.8207
421.3990
420.9853
420.5797
420.1819
419.7919
419.4094
419.0343
418.6664
418.3057
417.9520
417.6051
417.2649
416.9314
416.6042
416.2834
415.9688
415.6603
415.3577
415.0609
414.7698
414.4842
414.2042
413.9296
413.6602
413.3960
413.1369
412.8828
412.6335
412.3891
412.1495
411.9144
411.6840
411.4579
411.2363
411.0189
410.8057
410.5967
410.3917
410.1907
409.9935
409.8002
409.6105
409.4246
409.2422
409.0633
408.8879
408.7159
408.5472
408.3817
408.2195
408.0604
407.9043
407.7513
407.6012
407.4541
407.3098
407.1683
407.0295
406.8934
406.7600
406.6291
406.5008
406.3749
406.2515
406.1716
406.1160
406.0748
406.0426
406.0166
405.9949
405.9764
405.9602
405.9457
405.9326
405.9206
405.9094
405.8988
405.8859
405.8700
405.8510
405.8294
405.8054
405.7795
405.7522
405.7236
405.6940
405.6637
405.6329
405.6016
405.5699
405.5381
405.5061
405.4740
405.4418
405.4097
405.3776
405.3456
405.3137
405.2818
405.2501
405.2185
405.1871
405.1558
405.1246
405.0937
405.0628
405.0322
405.0017
404.9714
404.9413
404.9113
404.8815
404.8519
404.8225
404.7933
404.7642
404.7353
404.7066
404.6780
404.6497
404.6215
404.5934
404.5656
404.5379
404.5103
404.4830
404.4558
404.4287
404.4019
404.3751
404.3486
404.3222
404.2960
404.2699
404.2440
404.2182
404.1926
404.1672
404.1419
404.1168
404.0918
404.0670
404.0423
404.0178
403.9934
403.9691
403.9451
403.9211
403.8973
403.8737
403.8502
403.8268
403.8036
403.7805
403.7575
403.7347
403.7121
403.6895
403.6671
403.6449
403.6228
403.6008
403.5789
403.5572
403.5356
403.5142
403.4929
403.4717
403.4506
403.4297
403.4089
403.3882
403.3677
403.3472
403.3269
403.3068
403.2867
403.2668
403.2469
403.2272
403.2077
403.1882
403.1689
403.1496
403.1305
403.1115
403.0926
403.0739
403.0552
403.0367
403.0182
402.9999
402.9817
402.9636
402.9456
402.9277
402.9099
402.8923
402.8747
402.8572
402.8399
402.8226
402.8055
402.7884
402.7715
402.7547
402.7379
402.7213
402.7048
402.6883
402.6720
402.6558
402.6396
402.6236
402.6077
402.5918
402.5761
402.5605
402.5449
402.5295
402.5141
402.4989
402.4837
402.4687
402.4537
402.4388
402.4241
402.4094
402.3948
402.3803
402.3658
402.3515
402.3373
402.3231
402.3090
402.2951
402.2812
402.2674
402.2536
402.2400
402.2265
402.2130
402.1996
402.1863
402.1731
402.1600
402.1469
402.1339
402.1210
402.1082
402.0955
402.0829
402.0703
402.0578
402.0454
402.0330
402.0208
402.0086
401.9965
401.9844
401.9725
401.9606
401.9488
401.9370
401.9253
401.9138
401.9022
401.8908
401.8794
401.8681
401.8569
401.8457
401.8346
401.8236
401.8126
401.8017
401.7909
401.7801
401.7694
401.7588
401.7482
401.7377
401.7273
401.7169
401.7066
401.6964
401.6862
401.6761
401.6660
401.6560
401.6461
401.6362
401.6264
401.6166
401.6069
401.5973
401.5877
401.5781
401.5687
401.5593
401.5499
401.5406
401.5313
401.5221
401.5130
401.5039
401.5177
401.5626
401.6397
401.7474
401.8827
402.0421
402.2223
402.4201
402.6327
402.8577
403.0928
403.3361
403.5861
403.8414
404.1007
404.3632
404.6280
404.8944
405.1618
405.4298
405.6979
405.9659
406.2334
406.5003
406.7663
407.0085
407.2186
407.3952
407.5400
407.6560
407.7466
407.8149
407.8643
407.8974
407.9167
407.9245
407.9226
407.9125
407.8958
407.8735
407.8466
407.8160
407.7824
407.7463
407.7082
407.6686
407.6277
407.5859
407.5433
407.5002
407.4568
407.4131
407.3692
407.3253
407.2814
407.2376
407.1939
407.1503
407.1069
407.0638
407.0208
406.9780
406.9355
406.8932
406.8512
406.8094
406.7679
406.7266
406.6856
406.6449
406.6044
406.5642
406.5242
406.4844
406.4450
406.4057
406.3667
406.3280
406.2895
406.2512
406.2131
406.1753
406.1377
406.1004
406.0632
406.0263
405.9896
405.9532
405.9169
405.8809
405.8451
405.8095
405.7742
405.7390
405.7041
405.6693
405.6348
405.6005
405.5664
405.5325
405.4989
405.4654
405.4321
405.3990
405.3662
405.3335
405.3010
405.2688
405.2367
405.2048
405.1731
405.1416
405.1103
405.0792
405.0483
405.0175
404.9870
404.9566
404.9264
404.8964
404.8666
404.8369
404.8074
404.7782
404.7490
404.7201
404.6913
404.6628
404.6343
404.6061
404.5780
404.5501
404.5224
404.4948
404.4674
404.4401
404.4131
404.3861
404.3594
404.3328
404.3064
404.2801
404.2540
404.2280
404.2022
404.1766
404.1511
404.1257
404.1006
404.0755
404.0506
404.0259
404.0013
403.9769
403.9526
403.9284
403.9045
403.8806
403.8569
403.8333
403.8099
403.7867
403.7635
403.7405
403.7177
403.6950
403.6724
403.6499
403.6276
403.6055
403.5834
403.5615
403.5397
403.5181
403.4966
403.4752
403.4540
403.4328
403.4118
403.3910
403.3702
403.3496
403.3291
403.3087
403.2885
403.2684
403.2483
403.2285
403.2087
403.1891
403.1851
403.1808
403.1760
403.1690
403.1605
403.1513
403.1415
403.1309
403.1198
403.1081
403.0959
403.0831
403.0594
403.0423
403.0262
403.0109
402.9962
402.9822
402.9688
402.9560
402.9439
402.9322
402.9211
402.9105
402.9023
402.8580
402.8488
402.8882
402.9726
403.1171
403.3223
403.5941
404.1496
404.9538
405.9850
407.2559
408.7328
410.5003
412.6049
415.0516
417.8189
420.9294
424.3830
428.1797
432.3023
436.7380
441.4525
446.4034
451.5365
456.8075
462.1814
467.6270
473.1115
478.6255
484.1537
489.6690
495.1414
500.5482
505.8783
511.1248
516.2610
521.2301
526.0515
530.7984
535.4741
540.0588
544.5737
551.1877
555.3192
559.4538
563.5848
567.7028
571.7956
575.8449
579.8238
583.7119
587.5107
591.3292
595.0929
598.7469
602.2602
605.5169
608.5858
611.2550
613.6633
615.8809
617.9547
622.0268
623.5714
625.0340
626.4136
627.6929
628.8659
629.9398
630.9183
631.7922
632.5652
633.2173
634.0088
634.7339
635.3710
635.9979
636.5983
637.2109
637.8104
638.4220
639.0810
639.8336
640.6870
641.6506
642.7840
644.1115
645.6220
647.2914
649.0861
650.9484
652.8450
654.7554
656.6679
658.5737
660.4672
664.5809
666.3141
668.1096
669.9433
671.7967
675.7572
677.2875
678.8583
680.4599
681.9800
683.4254
684.8340
686.2223
687.5869
688.9359
690.2611
691.5401
692.7661
693.9298
695.0501
696.0683
697.0012
697.8427
698.5930
699.0758
698.8717
697.9866
696.5532
694.6750
692.3692
689.5892
686.4500
683.0417
679.2181
675.1900
671.2326
666.9899
662.5427
657.9937
653.3261
648.5871
643.8135
639.0345
634.2729
629.5462
624.8678
620.2482
615.6949
611.2106
606.8005
602.4693
598.2199
594.0539
589.9726
585.9761
582.0640
578.2355
574.4892
570.8238
567.2410
563.7447
560.3297
556.9933
553.7331
550.5470
547.4327
544.3882
541.4115
538.5008
535.6541
532.8698
530.1468
527.4831
524.8772
522.3281
519.8344
517.3945
515.0070
512.6704
510.3836
508.1451
505.9539
503.8088
503.4981
503.2593
503.0703
502.9143
502.7793
502.6463
502.4917
502.3352
502.1726
502.0004
501.8159
501.6170
501.4025
501.1711
500.9222
500.6556
500.3713
500.0696
499.7510
499.4161
499.0657
498.7008
498.3221
497.9306
496.6370
495.4287
494.3297
493.3365
492.4357
491.6124
490.8525
490.1439
489.4767
488.8428
488.2357
487.6503
487.0825
486.5290
485.9874
485.4554
484.9316
484.4147
483.9036
483.3976
482.8961
482.3985
481.9045
481.4139
480.9264
480.4418
479.9600
479.4810
479.0046
478.5309
478.0597
477.5910
477.1249
476.6613
476.2003
475.7417
475.2857
474.8322
474.3812
473.9327
473.4868
473.0433
472.6023
472.1639
471.7280
471.2945
470.8636
470.4352
470.0092
469.5857
469.1648
468.7462
468.3302
467.9166
467.5054
467.0967
466.6904
466.2866
465.8851
465.4860
465.0894
464.6951
464.3033
463.9138
463.5268
463.1422
462.7601
462.3803
462.0029
461.6279
461.2552
460.8848
460.5168
460.1776
459.8742
459.6057
459.3684
459.1577
458.9693
458.7993
458.6444
458.5020
458.3697
458.2456
461.1826
463.7315
465.6823
468.2357
471.3032
474.7779
478.6222
482.7889
487.3431
492.2411
497.4444
502.9207
508.6427
514.5840
520.8081
527.2804
533.9797
540.8930
548.0082
555.3135
562.7835
570.4063
578.1737
586.0825
596.3581
604.4693
612.7044
621.1289
629.7201
638.4605
647.3367
656.3277
665.4112
674.5721
683.7989
695.3105
704.5094
715.8650
724.9551
734.0707
743.2053
752.3569
761.5231
779.6169
788.5525
797.5189
806.5185
815.5488
824.6074
833.6918
842.7994
854.1563
865.4647
874.4920
884.3756
893.2001
902.0895
910.9674
919.8192
928.6354
937.4177
946.1179
953.4683
960.7126
968.1087
975.5887
983.0766
991.4811
999.2512
1006.7456
1014.0016
1021.0593
1027.9250
1033.8369
1039.8387
1045.7163
1053.6899
1059.2746
1064.7534
1072.3479
1077.5578
1082.6912
1087.7245
1093.9452
1099.6295
1105.2262
1110.7111
1116.1078
1121.4360
1126.7084
1131.9150
1137.0446
1142.0278
1146.9023
1174.1622
1181.6312
1186.0339
1190.1241
1194.0612
1197.9071
1222.1290
1228.6987
1234.5426
1237.6440
1240.5659
1243.3849
1246.1251
1248.8056
1251.4560
1267.8187
1272.3907
1274.7323
1276.5912
1278.1934
1279.6480
1280.9896
1293.0021
1296.2318
1297.8409
1298.8372
1299.4525
1300.1900
1300.8854
1301.5047
1301.9463
1302.2386
1308.4479
1309.3722
1309.3919
1309.8756
1308.9943
1307.9984
1306.4221
1304.5795
1302.4925
1300.2049
1283.4574
1278.5904
1275.5911
1272.6245
1269.6227
1266.5820
1263.5013
1260.3807
1257.2211
1254.1958
1251.2152
1248.2488
1245.2714
1226.8708
1221.6703
1218.4928
1200.0256
1194.5508
1191.4476
1188.5086
1171.1214
1166.1557
1163.2009
1160.3641
1157.5732
1154.8173
1152.0892
1149.3831
1146.6953
1144.0230
1141.3647
1138.7194
1136.0866
1119.9207
1115.9019
1113.4933
1111.2696
1109.1552
1107.1190
1105.1393
1103.2015
1089.0312
1085.5431
1083.4526
1070.7782
1063.5938
1058.5446
1054.5002
1050.9265
1047.5588
1044.2657
1040.9831
1037.6809
1034.3467
1030.9772
1027.5736
1024.1395
1020.6793
1017.1980
1013.7004
1010.1910
1006.6739
1003.1530
999.6315
996.1123
992.5979
989.0907
985.5923
982.1044
978.6284
975.1655
971.7168
968.2829
964.8641
961.4603
958.0716
954.6982
951.3404
947.9988
944.6766
941.3751
938.0944
934.8343
931.5944
928.3744
925.1741
921.9931
918.8313
915.6883
912.5642
909.4587
906.3717
903.3031
900.2527
897.2205
894.2062
891.2099
888.2313
885.2704
882.3271
879.4012
876.4927
873.6014
870.7273
867.8703
865.0302
862.2071
859.4007
856.6110
853.8380
851.0815
848.3414
845.6176
842.9101
840.2188
837.5436
834.8843
832.2409
829.6133
827.0013
824.4050
821.8242
819.2587
816.7086
814.1737
811.6540
809.1492
806.6595
804.1846
801.7247
799.2802
796.8509
794.4372
792.0389
789.6561
787.2887
784.9366
782.5999
780.2785
777.9722
775.6811
773.5694
771.6810
770.0105
768.5340
767.2235
766.0518
764.9948
764.0322
763.1467
762.3245
761.5878
763.1118
763.9525
765.4863
767.5652
770.0598
772.8771
775.9503
779.2303
782.7087
786.3647
790.1787
794.1323
798.2091
802.3872
806.7490
811.3493
816.1505
821.1351
826.2885
831.5993
837.0739
842.7110
848.5075
854.4660
860.5844
869.0640
875.3727
881.8008
888.3413
894.9884
901.7354
908.5772
915.5094
922.5242
929.6120
936.7730
944.0045
951.3033
958.6662
966.0882
973.5859
983.4644
991.2445
999.1135
1007.0667
1015.9435
1023.8642
1031.8688
1039.9336
1047.8705
1055.6997
1065.6690
1073.2421
1080.6713
1087.8754
1096.0348
1103.4340
1110.5460
1117.4182
1125.2686
1132.2724
1138.6313
1144.5268
1150.0626
1155.2956
1160.2839
1165.0659
1169.6067
1173.9706
1178.1811
1183.9056
1189.8965
1194.2594
1198.1821
1201.7101
1204.9485
1207.9897
1210.8526
1213.5736
1216.2791
1218.8680
1221.3923
1223.8799
1226.3320
1228.7439
1231.5673
1234.6315
1237.8515
1241.1628
1244.5344
1247.8707
1251.1805
1254.3658
1257.4338
1260.3976
1263.2852
1266.1072
1268.8949
1271.7034
1276.7644
1279.3889
1281.9473
1284.4450
1286.8542
1289.1615
1291.3743
1293.4994
1295.5322
1297.4610
1298.9490
1300.1480
1301.1332
1302.0505
1302.7691
1303.3217
1303.7539
1304.0899
1304.3063
1304.3910
1304.3677
1304.1411
1304.2209
1304.1990
1304.1359
1303.9434
1303.4361
1302.6638
1301.5877
1300.2189
1298.5251
1296.5898
1294.4060
1291.9858
1289.5622
1287.0074
1284.2808
1281.3759
1278.2969
1275.0517
1271.6513
1268.1083
1264.4359
1260.6333
1256.7006
1252.6540
1248.7059
1244.7642
1240.8104
1236.8350
1232.8341
1228.8074
1224.7570
1220.6829
1216.5753
1212.4371
1208.2787
1204.1090
1199.8739
1195.6133
1191.3417
1187.0693
1182.8041
1178.5518
1174.3107
1170.0720
1165.8395
1161.6226
1157.4278
1153.2600
1149.3774
1145.6394
1142.0078
1138.4576
1134.9728
1131.5431
1128.1615
1124.8238
1121.5275
1118.2707
1115.0469
1100.3173
1091.3113
1084.7844
1079.5676
1075.0732
1070.9898
1067.1479
1063.4520
1059.8447
1056.2933
1052.7779
1049.2863
1045.8110
1042.3483
1038.8958
1035.4525
1032.0180
1028.5927
1025.1769
1021.7714
1018.3770
1014.9944
1011.6244
1008.2679
1007.4193
1005.5265
1003.5690
1001.5606
999.4853
997.3317
995.0956
992.7759
990.3734
987.8911
985.3337
982.7062
980.0145
977.2644
974.4621
971.6136
968.7248
965.8009
962.8466
959.8661
956.8634
953.8423
950.8060
947.7576
944.7001
941.6360
938.5680
935.4984
932.4290
929.3617
926.2978
923.2387
920.1859
917.1405
914.1034
911.0757
908.0582
905.0517
902.0569
899.0745
896.1050
893.1491
890.2070
887.2790
884.3653
881.4661
878.5817
875.7124
872.8582
870.0195
867.1962
864.3886
861.5967
858.8205
856.0605
853.3167
850.5891
847.8778
845.1828
842.5039
837.9164
834.5924
831.7040
828.9892
826.3791
823.8382
821.3443
818.8829
816.4448
814.0234
811.6149
809.2165
806.1558
803.6414
801.4028
799.3369
797.4142
795.6108
793.8927
792.2508
790.6787
789.1720
787.7260
786.3364
780.7380
773.2458
765.0047
756.6507
748.4894
740.6992
733.3300
726.4563
720.0832
714.3045
709.0803
704.3916
700.1918
696.7946
694.0758
691.9573
690.2880
689.0011
688.0318
687.3402
686.9488
686.8639
687.0554
687.4860
688.1432
688.9966
690.0126
691.1321
692.3201
693.5537
694.8161
696.0948
697.3804
698.6657
699.9450
703.2896
704.6497
705.9366
706.9751
707.8248
708.5342
709.2233
709.8451
712.5048
712.7014
712.7768
712.8023
712.7857
712.7241
712.6193
712.4752
712.2963
712.0872
711.8522
711.5994
711.3014
710.9330
710.4936
709.9922
709.1902
708.2355
707.2045
706.1403
707.2530
706.0128
704.7900
703.5452
702.2660
703.0388
701.3625
699.6954
698.0383
696.4047
694.7865
693.3784
692.0779
690.7586
689.4069
688.0276
688.7383
687.0226
685.4064
683.9089
682.5609
681.3636
680.3060
679.4142
678.6848
678.1028
677.6493
677.3053
677.0533
676.8780
676.8204
676.8861
677.0649
677.3414
677.6989
678.1047
678.5413
678.9985
679.4707
679.9538
680.4454
680.9434
681.4462
684.0354
684.2332
684.5014
686.9152
686.9703
687.0980
687.2796
687.5030
687.7595
688.0428
688.3548
688.6347
688.9095
689.1306
689.3083
689.4846
689.1175
688.2273
686.8970
685.2034
683.1898
680.9067
678.3260
675.4858
672.4416
669.0986
665.5067
661.7180
657.7798
653.7416
649.6448
645.5198
641.3821
637.2427
633.1114
628.9973
624.9082
620.8509
616.8311
612.8554
608.9267
605.0471
601.2185
597.4427
593.7215
590.0561
586.4478
582.8975
579.4056
575.9727
572.5981
569.2817
566.0234
562.8231
559.6803
556.5948
553.5661
550.5936
547.6767
544.8147
542.0068
539.2524
536.5506
533.9006
531.3016
528.7526
526.2529
523.8015
521.3976
519.0404
516.7289
514.4623
512.2398
510.0604
508.6778
507.6971
506.9195
506.2433
505.6170
505.0142
504.4220
503.8338
503.2468
503.1183
502.9786
502.8260
502.6590
502.4768
502.2790
502.0165
501.7205
501.4005
501.0581
500.6949
500.3126
499.9125
499.4956
499.0634
498.6171
498.1577
497.6867
497.2050
496.7138
496.2143
495.7077
495.1944
494.6757
494.1524
493.6251
493.0946
492.5616
492.0265
491.4899
490.9523
490.4143
489.8762
489.3384
488.8012
488.2651
487.7303
487.1970
486.6655
486.1360
485.6087
485.0838
484.5614
484.0416
483.5247
483.0105
482.4994
481.9912
481.4861
480.9842
480.4854
479.9899
479.4975
479.0084
478.5226
478.0401
477.5608
477.0849
476.6122
476.1428
475.6766
475.2137
474.7540
474.2976
473.8444
473.3943
472.9475
472.5037
472.0631
471.6256
471.1912
470.7598
470.3315
469.9061
469.4837
468.5582
467.9668
467.4424
466.9513
466.4841
466.0350
465.6003
465.1770
464.7630
464.3567
463.9570
463.5627
463.0218
462.6153
462.2502
461.9146
461.6039
461.3149
461.0448
460.7913
460.5525
460.3266
460.1124
459.9084
459.0309
457.8679
456.6466
455.4706
454.3849
453.4506
452.6954
452.1387
451.8394
451.8313
452.1456
452.7116
453.4950
454.4790
456.1184
458.3094
460.9629
464.0237
467.4363
471.1788
475.1807
479.4136
483.8357
488.3995
493.0463
497.7547
502.4851
507.2162
511.9424
516.6554
521.3273
525.9835
530.5833
535.1373
539.6452
544.1030
548.5059
552.8423
557.0935
561.2588
565.2882
569.1539
572.9871
576.7173
580.3298
583.8798
587.3813
590.8207
594.1904
597.4877
600.7125
603.8658
606.9369
609.8874
612.7002
621.6748
622.9589
624.0876
625.1851
626.4388
629.8174
630.6383
631.5358
632.4547
633.3705
634.2734
635.1599
636.0400
636.9587
637.8951
640.9083
641.4827
642.0803
642.6814
643.2228
645.7792
645.8924
646.0370
646.2469
648.6127
648.6456
648.8194
649.1295
651.6650
651.9121
652.4481
653.4487
654.7384
656.2553
657.9490
659.7770
663.7881
665.4630
667.2470
671.2269
672.7846
674.2716
675.6229
676.9326
678.2357
679.5425
680.8533
682.1645
683.4717
686.8490
687.7939
688.7748
689.7888
690.8135
691.8380
692.8745
693.9215
694.9740
695.9976
696.9774
697.9012
698.6679
699.2495
699.6155
699.7169
699.6304
699.2049
698.1918
696.6119
694.4870
691.9312
689.0435
685.4670
681.4012
676.9821
672.3715
667.5929
663.5903
659.7978
656.0333
652.1822
648.2425
644.2306
640.1678
636.0749
631.9706
627.8706
623.7882
619.7342
615.7174
611.7449
607.8220
603.9530
600.1412
596.3888
592.6976
589.0688
585.5030
582.0007
578.5617
575.1860
571.8728
568.6217
565.4319
562.3028
559.2334
556.2230
553.2705
550.3751
547.5357
544.7514
542.0211
539.3438
536.7187
534.1446
531.6206
529.1457
526.7190
524.3395
522.0063
519.7185
517.4753
515.2756
513.1187
511.0037
509.7479
508.9202
508.3144
507.8279
507.4085
507.0286
506.6732
506.3333
506.0038
505.6813
505.3637
505.0496
504.7380
504.4283
504.1200
503.8129
503.5068
503.2015
502.8971
502.5936
502.2909
501.9890
501.6881
501.3881
501.0891
500.6746
500.1967
499.6821
499.1455
498.5949
498.0355
497.4705
496.9022
496.3320
495.7612
495.1907
494.6212
494.0531
493.4869
492.9228
492.3612
491.8022
491.2460
490.6926
490.1422
489.5948
489.0504
488.5092
487.9711
487.4361
486.9043
486.3756
485.8501
485.3278
484.8086
484.2926
483.7797
483.2699
482.7633
482.2597
481.7592
481.2618
480.7673
480.2759
479.7875
479.3020
478.8195
478.3400
477.8634
477.3898
476.9190
476.4512
475.9862
475.5241
475.0649
474.6085
474.1550
473.7042
473.2562
472.8109
472.3684
471.9285
471.4914
471.0569
470.6252
470.1961
469.7697
469.3460
468.9249
468.5065
468.0907
467.6775
467.2668
466.8588
466.4532
466.0502
465.6497
465.2805
464.9505
464.6586
464.4007
464.1717
463.9670
463.7823
463.6140
463.4592
463.3153
463.1804
462.5930
461.7810
460.8528
459.8630
458.8408
457.8030
456.7598
455.7181
454.6823
453.6559
452.6411
451.6397
450.6527
449.6811
448.7255
447.7862
446.8635
445.9574
445.0681
444.1953
443.3631
442.5782
441.8403
441.1463
440.4919
439.8730
439.3247
438.8499
438.4405
438.0855
437.7747
437.4994
437.2527
437.0288
436.8234
436.6330
436.4550
436.2872
436.1281
435.9761
435.8304
435.6900
435.5544
435.4230
435.2953
435.1710
435.0498
434.9315
434.8158
434.7027
434.5920
434.4835
434.3772
434.2729
434.1707
434.0704
433.9480
433.7964
433.6156
433.4086
433.1794
432.9318
432.6696
432.3960
432.1140
431.8260
431.5339
431.2396
430.9444
430.6495
430.3559
430.0644
429.7755
429.4898
429.1683
428.8048
428.4048
427.9765
427.5279
427.0658
426.5956
426.1214
425.6464
425.1729
424.7028
424.2375
423.7777
423.3242
422.8776
422.4381
422.0060
421.5814
421.1644
420.7549
420.3531
419.9588
419.5720
419.1926
418.8204
418.4555
418.0976
417.7466
417.4025
417.0650
416.7341
416.4097
416.0916
415.7797
415.4739
415.1740
414.8800
414.5918
414.3091
414.0319
413.7602
413.4937
413.2324
412.9763
412.7250
412.4787
412.3192
412.2079
412.1254
412.0610
412.0089
411.9654
411.9281
411.8956
411.8666
411.8403
411.8162
411.7936
411.7724
411.7467
411.7148
411.6769
411.6336
411.5858
411.5342
411.4796
411.4225
411.3636
411.3032
411.2416
411.1792
411.1161
411.0526
410.9888
410.9248
410.8608
410.7968
410.7328
410.6690
410.6054
410.5420
410.4788
410.4159
410.3532
410.2909
410.2288
410.1671
410.1057
410.0446
409.9839
409.9235
409.8635
409.8038
409.7444
409.6854
409.6268
409.5684
409.5105
409.4528
409.3956
409.3386
409.2820
409.2258
409.1698
409.1142
409.0590
409.0040
408.9494
408.8952
408.8412
408.7876
408.7343
408.6814
408.6287
408.5764
408.5243
408.4726
408.4212
408.3701
408.3193
408.2688
408.2186
408.1687
408.1191
408.0698
408.0208
407.9721
407.9237
407.8755
407.8277
407.7801
407.7329
407.6859
407.6392
407.5928
407.5467
407.5008
407.4553
407.4100
407.3649
407.3202
407.2757
407.2315
407.1876
407.1439
407.1005
407.0574
407.0145
406.9719
406.9295
406.8874
406.8455
406.8039
406.7625
406.7214
406.6805
406.6399
406.5995
406.5594
406.5195
406.4798
406.4404
406.4013
406.3623
406.3236
406.2852
406.2470
406.2090
406.1712
406.1337
406.0964
406.0594
406.0225
405.9859
405.9495
405.9134
405.8775
405.8417
405.8063
405.7710
405.7359
405.7011
405.6664
405.6320
405.5978
405.5638
405.5300
405.4964
405.4630
405.4299
405.3969
405.3641
405.3315
405.2992
405.2670
405.2351
405.2033
405.1717
405.1404
405.1092
405.0782
405.0474
405.0169
404.9865
404.9563
404.9262
404.8964
404.8668
404.8373
404.8080
404.7789
404.7500
404.7213
404.6927
404.6643
404.6361
404.6080
404.5802
404.5525
404.5249
404.4976
404.4704
404.4434
404.4165
404.3898
404.3633
404.3369
404.3107
404.3237
404.3838
404.4871
404.6265
404.7943
404.9842
405.1907
405.4096
405.6378
405.8727
406.1124
406.3555
406.6007
406.8473
407.0946
407.3421
407.5894
407.8361
408.0822
408.3273
408.5714
408.8144
409.0562
409.2966
409.5358
409.7736
410.0101
410.2452
410.4788
410.7111
410.9420
411.1715
411.3995
411.6262
411.8516
412.0755
412.2981
412.5194
412.7393
412.9579
413.1752
413.3911
413.6057
413.8190
414.0310
414.2418
414.4512
414.6594
414.8272
414.9469
415.0222
415.0604
415.0690
415.0546
415.0224
414.9767
414.9207
414.8570
414.7874
414.7135
414.6363
414.5568
414.4755
414.3931
414.3098
414.2261
414.1421
414.0581
413.9742
413.8905
413.8071
413.7240
413.6413
413.5591
413.4773
413.3959
413.3151
413.2348
413.1549
413.0755
412.9967
412.9183
412.8405
412.7631
412.6862
412.6098
412.5338
412.4584
412.3834
412.3089
412.2348
412.1612
412.0880
412.0153
411.9430
411.8712
411.7998
411.7288
411.6583
411.5882
411.5185
411.4492
411.3803
411.3119
411.2438
411.1762
411.1090
411.0421
410.9757
410.9096
410.8440
410.7787
410.7138
410.6493
410.5851
410.5213
410.4580
410.3949
410.3323
410.2700
410.2081
410.1465
410.0853
410.0245
409.9640
409.9039
409.8441
409.7847
409.7256
409.6669
409.6085
409.5505
409.4928
409.4355
409.3784
409.3217
409.2654
409.2094
409.1537
409.0983
409.0432
408.9885
408.9341
408.8800
408.8263
408.7728
408.7197
408.6669
408.6144
408.5622
408.5103
408.4588
408.4075
408.3566
408.3059
408.2556
408.2055
408.1558
408.1064
408.0572
408.0083
407.9598
407.9115
407.8635
407.8158
407.7684
407.7213
407.6745
407.6279
407.5817
407.5357
407.4899
407.4445
407.3993
407.3545
407.3098
407.2655
407.2214
407.1776
407.1340
407.0907
407.0477
407.0049
406.9624
406.9201
406.8781
406.8364
406.7949
406.7536
406.7126
406.6719
406.6315
406.5912
406.5513
406.5115
406.4720
406.4327
406.3937
406.3549
406.3164
406.2780
406.2399
406.2021
406.1644
406.1270
406.0898
406.0529
406.0161
405.9796
405.9434
405.9073
405.8714
405.8358
405.8004
405.7652
405.7302
405.6954
405.6609
405.6265
405.5924
405.5584
405.5247
405.4911
405.4578
405.4247
405.3917
405.3590
405.3264
405.2941
405.2619
405.2300
405.1982
405.1666
405.1352
405.1040
405.0730
405.0422
405.0115
404.9811
404.9508
404.9207
404.8908
404.8611
404.8315
404.8021
404.7729
404.7439
404.7151
404.6864
404.6579
404.6340
404.6127
404.5928
404.5733
404.5539
404.5341
404.5139
404.4931
404.4718
404.4500
404.4276
404.4049
404.3817
404.3591
404.3375
404.3172
404.2981
404.2802
404.2634
404.2476
404.2327
404.2186
404.2053
404.1926
404.1363
404.0558
404.0144
404.0311
404.1016
404.2606
404.5052
404.8419
405.3615
406.3252
407.6963
409.6019
411.8870
414.5440
417.6329
421.1636
425.1011
429.3931
433.9721
438.8254
443.8738
449.0924
454.4359
459.8694
465.3522
470.8693
476.3990
481.9209
487.4620
492.9680
498.4431
503.8731
509.2543
514.5433
519.7025
524.7600
531.8136
536.3971
543.0367
547.1006
551.1078
555.1511
561.3205
564.9827
568.7738
572.6180
576.4550
580.2556
586.0784
589.4368
592.7803
598.1500
601.0294
603.8053
606.4448
608.9641
611.3297
613.5785
615.7262
617.7823
619.7560
621.6542
623.4835
625.2429
626.7819
628.1985
629.5643
630.8981
632.1956
633.4483
634.6631
635.8666
637.0689
640.3453
641.2044
642.1242
643.0707
644.0536
649.1192
649.2282
649.2738
649.2801
649.2730
649.2957
649.3649
649.4848
649.6579
649.8853
650.1664
650.4999
650.8937
651.3624
651.8739
652.4160
652.9839
653.5729
654.1931
654.8445
655.4946
656.1315
656.7522
657.3569
657.9468
658.5233
659.0881
659.6426
660.1879
660.7248
661.2552
661.7659
662.2569
662.7293
663.2032
663.6823
664.1625
664.6390
665.1084
665.5687
666.0187
666.4486
666.8189
666.9590
668.7171
667.5437
665.9579
663.8828
661.4479
658.4600
655.1070
651.5071
647.7396
643.9021
639.9693
636.1218
632.2890
628.4374
624.5556
620.6443
616.7116
612.7685
608.8262
604.8955
600.9860
597.1061
593.2627
589.4612
585.7069
582.0042
578.3564
574.7661
571.2351
567.7646
564.3556
561.0085
557.7233
554.4994
551.3361
548.2340
545.1933
542.2136
539.2945
536.4354
533.6353
530.8934
528.2086
525.5799
523.0063
520.4867
518.0202
515.6056
513.2416
510.9271
508.6612
506.4426
504.2703
502.1433
500.0606
498.0213
496.0243
494.0688
492.9176
492.2488
491.8676
491.6503
491.5189
491.4247
491.3377
491.2401
491.1216
490.9770
490.8039
490.6021
490.3722
490.1157
489.8346
489.5306
489.2060
488.8626
488.5024
488.1270
487.7382
487.3373
