12.8008
12.8008
12.8000
12.8007
12.8004
12.8012
12.8012
12.8012
12.8011
12.8011
12.8011
12.8011
12.8011
12.8011
12.8011
12.8011
12.8011
12.8011
12.8011
12.8010
12.8010
12.8010
12.8010
12.8010
12.8010
12.8010
12.8010
12.8010
12.8010
12.8010
12.8010
12.8010
12.8010
12.8010
12.8010
12.8010
12.8010
12.8010
12.8010
12.8010
12.8010
12.8010
12.8010
12.8010
12.8010
12.8010
12.8010
12.8010
12.8010
12.8010
12.8001
12.8002
12.8002
12.8002
12.8003
12.8003
12.8003
12.8003
12.8004
12.8004
12.8004
12.8584
12.7771
12.7989
12.7991
12.7994
12.7996
12.7997
12.7998
12.7999
12.8000
12.8001
12.8001
12.8501
12.7816
12.7992
12.7995
12.7998
12.7999
12.8001
12.8001
12.8002
12.8003
12.8003
12.8003
12.8919
12.8074
12.7953
12.7973
12.8005
12.8001
12.8002
12.8266
12.8061
12.8076
12.8038
12.8019
12.8023
12.8152
12.8004
12.8017
12.8019
12.8015
12.7936
12.8018
12.8089
12.8011
12.8020
12.8013
12.7984
12.8014
12.8011
12.8019
12.8018
12.8012
12.8018
12.8018
12.8018
12.8008
12.8020
12.8019
12.8011
12.8050
12.7998
12.7950
12.8025
12.8021
12.8025
12.8027
12.8014
12.8021
12.8008
12.8015
12.8014
12.8014
12.8014
12.7888
12.8004
12.8136
12.7988
12.7990
12.8006
12.8007
12.8051
12.8020
12.7980
12.8042
12.8067
12.8010
12.8013
12.8012
12.8019
12.8014
12.8015
12.8016
12.8011
12.8018
12.8018
12.8006
12.8022
12.8039
12.8025
12.8021
12.8012
12.8017
12.8022
12.8021
12.8020
12.8014
12.8012
12.8020
12.8015
12.8008
12.8008
12.8007
12.8008
12.7990
12.8008
12.8005
12.8005
12.8005
12.8001
12.8003
12.7997
12.8001
12.8001
12.8007
12.8003
12.8012
12.8006
12.7997
12.8007
12.8006
12.8002
12.7992
12.8002
12.8001
12.7996
12.8002
12.7996
12.7994
12.7993
12.7992
12.7992
12.7907
12.7987
12.7911
12.7992
12.7987
12.7917
12.7994
12.7994
12.7583
12.7996
12.7982
12.7854
12.7991
12.7946
12.7933
12.7990
12.7989
12.7990
12.7991
12.7993
12.7994
12.7995
12.7996
12.7998
12.7998
12.8000
12.8000
12.8001
12.8001
12.8001
12.8002
12.8002
12.8002
12.7994
12.7995
12.7996
12.7997
12.7997
12.8000
12.7997
12.7998
12.7999
12.8000
12.8000
12.8000
12.8000
12.8001
12.8001
12.8002
12.8004
12.7981
12.8007
12.8005
12.8006
12.8006
12.7998
12.7999
12.8000
12.8001
12.8001
12.8002
12.6804
12.8099
12.8003
12.8007
12.8005
12.8004
12.8014
12.8030
12.8023
12.8015
12.8015
12.8015
12.8014
12.8014
12.8014
12.8014
12.8014
12.8013
12.8013
12.8013
12.8013
12.8013
12.8013
12.8013
12.8013
12.8003
12.8013
12.8013
12.8012
12.8012
12.8012
12.8012
12.8012
12.8012
12.8012
12.8012
12.8012
12.8012
12.8012
12.8012
12.8012
12.8012
12.8012
12.8012
12.8012
12.8011
12.8011
12.8011
12.8011
12.8011
12.8011
12.8011
12.8011
12.8011
12.8011
12.8011
12.8011
12.8011
12.8011
12.8011
12.8011
12.8011
12.8011
12.8011
12.8011
12.8011
12.8011
12.8011
12.8011
12.8011
12.8011
12.8011
12.8011
12.8011
12.8011
12.8011
12.8011
12.8011
12.8011
12.8011
12.8011
12.8011
12.8011
12.8011
12.8580
12.7784
12.7997
12.7991
12.7995
12.7997
12.7999
12.8000
12.8001
12.8002
12.8003
12.8003
12.8497
12.7817
12.7991
12.7994
12.7996
12.7998
12.7998
12.7999
12.7999
12.7999
12.7999
12.7999
12.8871
12.8087
12.7956
12.7965
12.8000
12.7996
12.8001
12.8003
12.8120
12.8048
12.8269
12.8021
12.8137
12.8050
12.8025
12.8031
12.8035
12.8023
12.8014
12.8037
12.8016
12.8018
12.8017
12.8016
12.8016
12.8015
12.8015
12.8015
12.8014
12.8014
12.8011
12.8019
12.8017
12.8017
12.8010
12.8016
12.7953
12.7961
12.8022
12.7812
12.8016
12.8002
12.8006
12.8214
12.8012
12.8021
12.8019
12.8019
12.8014
12.8014
12.8013
12.8013
12.8007
12.8013
12.8011
12.8017
12.8010
12.8010
12.8010
12.8009
12.8059
12.8044
12.8010
12.8011
12.8011
12.8011
12.8019
12.8002
12.8016
12.8015
12.8010
12.8016
12.7642
12.7926
12.8002
12.7974
12.8020
12.8024
12.8017
12.8022
12.8050
12.8023
12.8018
12.8018
12.8017
12.8011
12.8023
12.8016
12.8016
12.8010
12.8016
12.7960
12.8014
12.8012
12.8012
12.8012
12.8012
12.8012
12.8010
12.8010
12.8007
12.8008
12.8008
12.8051
12.8008
12.8008
12.8001
12.8013
12.8005
12.7962
12.8004
12.8057
12.7994
12.8005
12.8002
12.8001
12.8000
12.7999
12.7999
12.7998
12.8593
12.7838
12.7994
12.7940
12.7917
12.7982
12.7964
12.7769
12.7984
12.7927
12.7846
12.7979
12.7978
12.7795
12.7985
12.7981
12.7983
12.7985
12.7990
12.7992
12.7993
12.7994
12.7995
12.7988
12.7989
12.7990
12.7991
12.7993
12.7994
12.7993
12.7994
12.7996
12.7996
12.7997
12.7997
12.7998
12.8000
12.8000
12.8001
12.8001
12.8002
12.8002
12.8002
12.8003
12.8003
12.8002
12.8003
12.8003
12.8003
12.7981
12.8006
12.8004
12.8005
12.8005
12.8005
12.8005
12.8005
12.8006
12.8005
12.8005
12.6727
12.8109
12.8010
12.8015
12.8014
12.8013
12.8022
12.8035
12.8016
12.8016
12.8015
12.8015
12.8014
12.8014
12.8014
12.8014
12.8014
12.8014
12.8013
12.8013
12.8013
12.8013
12.8013
12.8013
12.8013
12.8003
12.8013
12.8013
12.8013
12.8013
12.8013
12.8013
12.8013
12.8012
12.8012
12.8012
12.8012
12.8012
12.8012
12.8012
12.8012
12.8012
12.8012
12.8012
12.8012
12.8012
12.8012
12.8012
12.8012
12.8012
12.8012
12.8012
12.8012
12.8012
12.8012
12.8012
12.8012
12.8012
12.8012
12.8011
12.8011
12.8011
12.8011
12.8011
12.8011
12.8011
12.8011
12.8011
12.8011
12.8011
12.8011
12.8011
12.8011
12.8011
12.8011
12.8011
12.8011
12.8011
12.8011
12.8011
12.8011
12.8011
12.8011
12.8011
12.8828
12.7745
12.7992
12.7994
12.7997
12.7998
12.8000
12.8000
12.8001
12.8002
12.8002
12.8003
12.8518
12.7812
12.7992
12.7995
12.7998
12.7999
12.8000
12.8001
12.8001
12.8001
12.8002
12.8002
12.8860
12.8245
12.7980
12.7982
12.7998
12.7998
12.8054
12.8099
12.8013
12.8010
12.8047
12.8016
12.8118
12.8059
12.7979
12.7988
12.8005
12.8046
12.8020
12.8007
12.8018
12.7991
12.8075
12.8016
12.8013
12.8027
12.8016
12.8011
12.8017
12.8020
12.8012
12.8010
12.8016
12.7999
12.8007
12.8008
12.8008
12.8008
12.8003
12.8013
12.8013
12.8016
12.8002
12.8015
12.8009
12.8016
12.8016
12.8016
12.8016
12.8016
12.8017
12.8017
12.8011
12.7927
12.8003
12.8085
12.8007
12.8010
12.8009
12.8008
12.9130
12.7978
12.8003
12.7996
12.7995
12.8001
12.8002
12.8014
12.7998
12.8005
12.7999
12.8004
12.8011
12.7933
12.8070
12.8012
12.8017
12.8006
12.8007
12.8007
12.8013
12.7999
12.7999
12.7987
12.7991
12.7932
12.7994
12.7996
12.7997
12.7998
12.8002
12.7999
12.8005
12.8005
12.7963
12.8003
12.8004
12.8010
12.8004
12.8004
12.8004
12.8004
12.8001
12.8000
12.8000
12.7999
12.7999
12.7998
12.7997
12.7997
12.7996
12.7996
12.7996
12.7995
12.7991
12.7988
12.7988
12.7982
12.7981
12.7985
12.7983
12.7882
12.7975
12.7969
12.7783
12.7968
12.7973
12.7774
12.7968
12.7971
12.8013
12.7980
12.7978
12.7804
12.7971
12.7974
12.7975
12.7975
12.7982
12.7984
12.7985
12.7986
12.7986
12.7987
12.7987
12.7978
12.7980
12.7981
12.7982
12.7983
12.7983
12.7983
12.7984
12.7984
12.7985
12.7985
12.7986
12.7987
12.7987
12.7988
12.7988
12.7989
12.7989
12.7989
12.7989
12.7989
12.7990
12.7990
12.7990
12.7972
12.7992
12.7990
12.7990
12.7990
12.7990
12.7991
12.7991
12.7991
12.7991
12.7991
12.6797
12.8029
12.8005
12.8005
12.8005
12.8004
12.8000
12.8021
12.8007
12.8005
12.8005
12.8005
12.8005
12.8005
12.8005
12.8005
12.8005
12.8005
12.8005
12.8005
12.7997
12.7997
12.7997
12.8005
12.8003
12.7999
12.8006
12.8006
12.8005
12.8005
12.8005
12.8005
12.8005
12.8005
12.8005
12.8005
12.8005
12.8005
12.8005
12.8005
12.8005
12.8005
12.8005
12.8005
12.8005
12.8005
12.8005
12.8005
12.8005
12.8005
12.8005
12.8005
12.8004
12.8004
12.8004
12.8004
12.8004
12.8004
12.8004
12.8004
12.8004
12.8005
12.8005
12.8005
12.8005
12.8005
12.8005
12.8005
12.8005
12.8005
12.8005
12.8005
12.8005
12.8005
12.8005
12.8005
12.8005
12.8005
12.8005
12.8005
12.8005
12.8005
12.8005
12.8005
12.8586
12.7800
12.7963
12.7978
12.7981
12.7983
12.7985
12.7986
12.7987
12.7988
12.7988
12.8005
12.8479
12.7835
12.7971
12.7983
12.7986
12.7987
12.7988
12.7989
12.7990
12.7991
12.7991
12.7991
12.8881
12.7868
12.7978
12.7956
12.8153
12.8086
12.7841
12.8432
12.8017
12.8011
12.8003
12.8008
12.8096
12.8020
12.8013
12.8002
12.8004
12.8014
12.8001
12.8017
12.8005
12.8005
12.8010
12.8004
12.8002
12.7997
12.8003
12.8003
12.8003
12.7997
12.8010
12.8006
12.8006
12.8001
12.8006
12.8006
12.8006
12.8006
12.8012
12.8001
12.7631
12.7799
12.7836
12.7899
12.7932
12.7959
12.7965
12.7984
12.7989
12.8001
12.7999
12.8008
12.7997
12.8005
12.7948
12.8008
12.8005
12.8005
12.8005
12.7999
12.8012
12.7861
12.8007
12.8001
12.8002
12.8010
12.8010
12.8006
12.8013
12.8013
12.8148
12.8011
12.8018
12.8010
12.8055
12.8026
12.8027
12.8014
12.8011
12.8006
12.7998
12.8000
12.8012
12.8004
12.8004
12.8005
12.8011
12.8008
12.8008
12.8008
12.8009
12.8009
12.8013
12.8010
12.8010
12.8010
12.8010
12.8010
12.8010
12.8019
12.8009
12.8010
12.8006
12.8004
12.8002
12.8002
12.8001
12.8003
12.8000
12.7999
12.7989
12.7998
12.7995
12.7996
12.7996
12.7996
12.7996
12.7989
12.7995
12.7995
12.7924
12.7965
12.7972
12.7987
12.7924
12.7986
12.7990
12.7799
12.7987
12.7942
12.7984
12.7984
13.0047
12.7994
12.7992
12.7991
12.7991
12.7991
12.7990
12.7990
12.7990
12.7997
12.7997
12.7997
12.7997
12.7997
12.7997
12.7997
12.7997
12.7997
12.7997
12.7997
12.7997
12.8162
12.8654
12.8995
12.9304
12.9605
12.9892
13.0172
13.0443
13.0706
13.0964
13.1221
13.1469
13.1713
13.1957
13.2195
13.2432
13.2666
13.2905
13.3146
13.3380
13.3615
13.3844
13.4070
13.4295
13.4517
13.4737
13.4956
13.5178
13.5410
13.5663
13.5935
13.6219
13.6509
13.6799
13.7086
13.7368
13.7647
13.7920
13.8189
13.8455
13.8717
13.8974
13.9229
13.9482
13.9730
13.9975
14.0215
14.0452
14.0687
14.0920
14.1149
14.1378
14.1604
14.1827
14.2045
14.2261
14.2481
14.2693
14.2902
14.3111
14.3317
14.3523
14.3727
14.3930
14.4126
14.4320
14.4515
14.4709
14.4903
14.5107
14.5299
14.5493
14.5686
14.5873
14.6058
14.6243
14.6427
14.6610
14.6792
14.6973
14.7152
14.7331
14.7517
14.7698
14.7875
14.8050
14.8219
14.8387
14.8554
14.8720
14.8885
14.9049
14.9212
14.9374
14.9535
14.9703
14.9866
15.0027
15.0186
15.0340
15.0493
15.0646
15.0798
15.0949
15.1099
15.1247
15.1395
15.1541
15.1694
15.1841
15.1986
15.2129
15.2275
15.2418
15.2560
15.2699
15.2837
15.2973
15.3106
15.3238
15.3368
15.3495
15.3603
15.3675
15.3709
15.3698
15.3657
15.3597
15.3530
15.3461
15.3393
15.3326
15.3260
15.3196
15.3134
15.3068
15.3013
15.2958
15.2904
15.2850
15.2795
15.2739
15.2682
15.2625
15.2567
15.2508
15.2449
15.2389
15.2329
15.2267
15.2203
15.2137
15.2069
15.2000
15.1928
15.1854
15.1777
15.1698
15.1617
15.1533
15.1447
15.1358
15.1266
15.1170
15.1071
15.0969
15.0862
15.0753
15.0640
15.0524
15.0405
15.0283
15.0159
15.0033
14.9908
14.9781
14.9648
14.9517
14.9381
14.9244
14.9106
14.8969
14.8831
14.8692
14.8554
14.8416
14.8279
14.8142
14.8006
14.7871
14.7737
14.7603
14.7473
14.7345
14.7216
14.7083
14.6950
14.6819
14.6691
14.6568
14.6446
14.6324
14.6201
14.6077
14.5947
14.5816
14.5685
14.5553
14.5416
14.5278
14.5139
14.4998
14.4854
14.4707
14.4558
14.4405
14.4250
14.4090
14.3927
14.3759
14.3588
14.3414
14.3237
14.3056
14.2870
14.2681
14.2490
14.2295
14.2097
14.1898
14.1696
14.1492
14.1287
14.1081
14.0874
14.0667
14.0460
14.0253
14.0047
13.9840
13.9634
13.9428
13.9222
13.9016
13.8810
13.8606
13.8401
13.8197
13.7994
13.7793
13.7593
13.7395
13.7200
13.7009
13.6821
13.6639
13.6452
13.6270
13.6097
13.5933
13.5777
13.5629
13.5491
13.5362
13.5242
13.5132
13.5031
13.4942
13.4868
13.4822
13.4800
13.4796
13.4807
13.4830
13.4866
13.4912
13.4968
13.5032
13.5103
13.5181
13.5264
13.5356
13.5451
13.5552
13.5657
13.5769
13.5886
13.6009
13.6136
13.6267
13.6403
13.6539
13.6679
13.6822
13.6976
13.7126
13.7275
13.7423
13.7571
13.7719
13.7867
13.8014
13.8161
13.8308
13.8456
13.8603
13.8750
13.8901
13.9049
13.9196
13.9344
13.9493
13.9643
13.9792
13.9943
14.0094
14.0245
14.0397
14.0549
14.0702
14.0859
14.1011
14.1163
14.1315
14.1468
14.1620
14.1772
14.1924
14.2076
14.2228
14.2380
14.2533
14.2687
14.2846
14.3002
14.3158
14.3316
14.3475
14.3634
14.3795
14.3956
14.4118
14.4280
14.4443
14.4601
14.4759
14.4927
14.5092
14.5250
14.5409
14.5568
14.5728
14.5887
14.6047
14.6208
14.6368
14.6529
14.6689
14.6850
14.7020
14.7186
14.7345
14.7503
14.7663
14.7822
14.7982
14.8141
14.8301
14.8460
14.8619
14.8778
14.8936
14.9103
14.9265
14.9421
14.9577
14.9732
14.9888
15.0044
15.0199
15.0354
15.0509
15.0663
15.0817
15.0970
15.1131
15.1288
15.1439
15.1589
15.1739
15.1890
15.2040
15.2189
15.2338
15.2487
15.2636
15.2784
15.2932
15.3087
15.3238
15.3389
15.3538
15.3685
15.3830
15.3974
15.4116
15.4256
15.4393
15.4528
15.4660
15.4769
15.4842
15.4877
15.4879
15.4859
15.4822
15.4776
15.4727
15.4678
15.4630
15.4585
15.4542
15.4501
15.4463
15.4424
15.4386
15.4347
15.4305
15.4260
15.4212
15.4161
15.4104
15.4044
15.3979
15.3910
15.3836
15.3759
15.3677
15.3592
15.3502
15.3409
15.3312
15.3212
15.3108
15.3001
15.2891
15.2777
15.2661
15.2541
15.2420
15.2293
15.2166
15.2036
15.1904
15.1769
15.1631
15.1488
15.1340
15.1186
15.1027
15.0862
15.0691
15.0513
15.0324
15.0133
14.9936
14.9733
14.9523
14.9305
14.9084
14.8857
14.8624
14.8384
14.8140
14.7893
14.7643
14.7386
14.7133
14.6881
14.6628
14.6376
14.6125
14.5875
14.5624
14.5373
14.5121
14.4865
14.4611
14.4354
14.4086
14.3821
14.3555
14.3288
14.3021
14.2756
14.2495
14.2233
14.1977
14.1726
14.1480
14.1239
14.1005
14.0774
14.0554
14.0338
14.0125
13.9912
13.9699
13.9486
13.9273
13.9058
13.8843
13.8627
13.8410
13.8192
13.7968
13.7751
13.7535
13.7319
13.7104
13.6890
13.6675
13.6464
13.6256
13.6050
13.5846
13.5651
13.5454
13.5257
13.5073
13.4899
13.4735
13.4581
13.4438
13.4306
13.4184
13.4075
13.3977
13.3891
13.3816
13.3750
13.3692
13.3644
13.3605
13.3574
13.3551
13.3537
13.3531
13.3535
13.3548
13.3570
13.3600
13.3639
13.3685
13.3741
13.3804
13.3875
13.3954
13.4041
13.4135
13.4236
13.4343
13.4456
13.4575
13.4700
13.4831
13.4966
13.5109
13.5253
13.5400
13.5552
13.5709
13.5869
13.6033
13.6200
13.6372
13.6547
13.6726
13.6908
13.7094
13.7287
13.7478
13.7668
13.7858
13.8047
13.8236
13.8425
13.8612
13.8799
13.8986
13.9172
13.9357
13.9542
13.9731
13.9915
14.0099
14.0283
14.0467
14.0652
14.0836
14.1021
14.1206
14.1391
14.1577
14.1763
14.1950
14.2141
14.2327
14.2514
14.2701
14.2888
14.3075
14.3262
14.3449
14.3637
14.3824
14.4011
14.4199
14.4388
14.4582
14.4773
14.4965
14.5159
14.5354
14.5550
14.5747
14.5945
14.6144
14.6344
14.6545
14.6748
14.6953
14.7158
14.7360
14.7563
14.7766
14.7970
14.8174
14.8380
14.8585
14.8794
14.9003
14.9211
14.9418
14.9624
14.9836
15.0043
15.0251
15.0458
15.0666
15.0875
15.1083
15.1291
15.1502
15.1710
15.1916
15.2123
15.2333
15.2544
15.2753
15.2961
15.3170
15.3379
15.3585
15.3792
15.3999
15.4207
15.4415
15.4623
15.4834
15.5045
15.5257
15.5465
15.5673
15.5881
15.6090
15.6299
15.6508
15.6717
15.6926
15.7136
15.7345
15.7555
15.7765
15.7979
15.8189
15.8398
12.4478
12.7953
12.7815
12.7926
12.7943
12.7947
12.7969
12.7983
12.8000
12.8000
12.8004
12.8007
12.8361
12.7870
12.8005
12.8005
12.8006
12.8007
12.8007
12.8006
12.8006
12.8006
12.8006
12.8014
12.8950
12.7780
12.7936
12.7993
12.8190
12.8001
12.7822
12.8428
12.8067
12.8079
12.8037
12.8021
12.8028
12.8182
12.8017
12.8025
12.8043
12.8029
12.8024
12.8042
12.8021
12.8025
12.8025
12.8023
12.8029
12.8030
12.8024
12.8018
12.8027
12.8020
12.8019
12.8014
12.8018
12.8016
12.8015
12.8017
12.8011
12.7979
12.8021
12.8012
12.8048
12.8014
12.8016
12.8023
12.8018
12.8020
12.8018
12.8017
12.8015
12.8022
12.8013
12.8013
12.8017
12.8013
12.8005
12.8004
12.8006
12.8009
12.7961
12.8008
12.8006
12.7994
12.8007
12.8006
12.8000
12.8007
12.8007
12.7994
12.8006
12.8009
12.8003
12.8010
12.8016
12.8059
12.8014
12.7895
12.7991
12.8077
12.8007
12.8020
12.8015
12.8023
12.8030
12.8019
12.8013
12.8038
12.8020
12.8016
12.8016
12.8016
12.8008
12.7965
12.8003
12.8000
12.7999
12.7997
12.8006
12.7995
12.7994
12.7993
12.7993
12.7992
12.7994
12.7996
12.7999
12.7989
12.8000
12.7999
12.8000
12.8000
12.8000
12.8000
12.7994
12.8000
12.7999
12.7993
12.7999
12.7998
12.7998
12.8003
12.7998
12.7808
12.7999
12.7992
12.7987
12.7997
12.7992
12.7915
12.7990
12.7988
12.7778
12.7990
12.8057
12.7671
12.7993
12.7985
12.7989
12.7989
12.7993
12.7996
12.7997
12.7997
12.7998
12.7998
12.7998
12.7995
12.7999
12.8000
12.8000
12.7993
12.7994
12.7995
12.7995
12.7996
12.7996
12.7996
12.7997
12.7997
12.7998
12.7998
12.7998
12.7999
12.7999
12.7999
12.7999
12.7999
12.8000
12.8000
12.8001
12.7986
12.8005
12.8002
12.8002
12.8002
12.8002
12.8002
12.8002
12.8002
12.8002
12.8002
12.6649
12.8108
12.8012
12.8016
12.8011
12.8020
12.8036
12.8012
12.8012
12.8012
12.8012
12.8011
12.8011
12.8011
12.8010
12.8010
12.8010
12.8010
12.8010
12.8010
12.8011
12.8012
12.8010
12.8010
13.1971
12.8034
12.7995
12.7994
12.7993
12.7992
12.7992
12.7991
12.7991
12.7991
12.7990
12.7990
12.7997
12.7997
12.7997
12.7997
12.7997
12.7997
12.7997
12.7997
12.7997
12.7997
12.7997
12.7997
12.7990
12.7990
12.7990
12.7990
12.7990
12.7990
12.7990
12.7990
12.7990
12.7991
12.7991
12.7991
12.7991
12.7991
12.7991
12.7991
12.7991
12.7991
12.7991
12.7991
12.7991
12.7991
12.7991
12.7991
12.7991
12.7991
12.7992
12.7992
12.7992
12.7992
12.7992
12.7992
12.7992
12.7992
12.7992
12.7992
12.7992
12.7993
12.7993
12.7993
12.7994
12.7994
12.7994
12.7994
12.7994
12.7994
12.7994
12.7994
12.7994
12.7993
12.7993
12.7993
12.7992
12.7992
12.7992
12.7991
12.7991
12.7991
12.7991
12.7991
36.5588
39.9758
31.7019
28.1530
26.2309
24.6465
23.2219
21.8919
20.6287
19.4224
18.2688
17.1677
16.1203
15.1273
14.1804
13.2898
12.8013
12.8009
12.8010
12.8013
12.8013
12.8014
12.8014
12.8015
12.8016
12.8016
12.8011
12.8008
12.8008
12.8008
12.8008
12.8008
12.8009
12.8009
12.8009
12.8006
12.8006
12.8011
12.8008
12.8009
12.8009
12.8009
12.8009
12.8009
12.8009
12.8009
12.8009
12.8009
12.8009
12.8009
12.8009
12.8009
12.8009
12.8009
30.1994
12.3835
12.8180
12.8094
12.8051
12.8029
12.8018
12.8018
30.3207
12.3347
12.8236
12.8097
12.8055
30.4933
12.3861
12.8226
12.8103
12.8054
12.8033
30.4567
12.2806
12.8190
12.8106
12.8051
12.8022
12.7932
12.7983
12.7997
12.8003
30.3893
12.3345
12.8108
12.8105
12.8058
12.8034
12.8023
12.8018
12.8000
12.8013
12.8015
30.4822
12.2968
12.8000
12.8100
12.8059
12.8038
30.6066
12.3056
12.7955
12.8099
12.8061
12.8037
12.8027
12.8021
12.8019
30.5129
12.3146
12.7931
12.8108
12.8061
12.8036
12.8026
30.5654
12.3221
12.7889
12.8108
12.8026
12.8002
12.8025
12.8018
12.8016
12.8012
30.4660
12.3176
12.7979
31.3425
12.4517
12.8077
12.8115
12.8053
12.8033
12.8019
30.3377
12.3325
12.8149
12.8102
12.8053
12.8028
12.8017
12.8011
12.8017
12.8007
12.8015
12.8015
12.8016
30.1688
12.3304
12.8154
31.0855
12.3329
12.8130
12.8106
30.6855
12.3332
12.8143
12.8102
12.8052
12.8035
12.8022
12.8016
12.8013
12.8012
12.8012
12.8012
12.8012
30.1416
12.3284
12.8170
12.8095
12.8049
12.8026
12.8024
12.8018
30.1768
12.3286
12.8170
13.2254
12.8991
12.8894
12.8316
12.7997
12.7995
12.7994
12.7993
12.7992
12.7999
12.7999
12.7998
12.7998
12.7998
12.7998
12.7998
12.7998
12.7998
12.7998
12.7998
12.7998
12.7998
12.7998
12.7998
12.7997
12.7997
12.7997
12.7997
12.7998
12.7998
12.7999
12.8000
12.8000
12.8001
12.8001
12.7996
12.7996
12.7996
12.7996
12.7996
12.7996
12.7996
12.7997
12.7997
12.7997
12.7997
12.7997
12.7997
12.7997
12.7997
12.7997
12.7997
12.7997
12.7997
12.7997
12.7997
12.7997
12.7997
12.7997
12.7997
12.7997
12.7997
12.7997
12.7997
12.7997
12.7997
12.7997
12.7997
12.7997
12.7997
12.7997
12.7990
12.7990
12.7990
12.7990
12.7990
12.7990
12.7990
12.7990
12.7991
12.7991
12.7991
12.7991
12.7991
12.7991
12.7992
12.7992
12.7992
12.7992
12.7992
12.7992
12.7993
12.7993
12.7993
12.7993
12.7993
12.7993
12.7992
12.7992
12.7991
12.7991
12.7991
12.7990
12.7990
12.7997
12.7997
12.7997
12.7997
37.8981
32.4660
20.1337
18.2367
16.9610
15.8737
14.8822
13.9670
13.0616
12.8018
12.8015
12.8013
12.8013
12.8032
12.8021
12.8019
12.8019
12.8011
12.8010
12.8010
12.8010
12.8010
12.8010
12.8010
12.8010
12.8010
12.8010
12.8009
12.8009
12.8009
12.8009
12.8009
12.8009
12.8009
12.8009
12.8009
12.8009
12.8009
12.8009
12.8009
12.8012
12.8012
12.8007
12.8010
12.8010
30.2454
12.3809
12.8227
12.8094
12.8068
12.8033
12.8023
12.8019
12.8016
12.8016
30.3147
12.3914
12.8191
12.8097
30.8167
12.3986
12.8157
12.8106
12.8059
12.8035
12.8022
12.8016
12.8013
12.8010
12.8012
30.4265
12.3527
12.8044
12.8102
12.8064
12.8011
12.7988
12.8001
12.8007
12.7933
12.8022
12.8020
12.8024
12.8022
12.8023
12.7991
12.8019
12.8020
12.8021
12.8017
12.8019
12.8001
12.8018
12.8020
12.8017
12.8019
12.8016
12.8034
12.8022
12.8013
12.8028
12.8026
12.8021
12.8020
12.8019
12.8017
12.8015
12.8010
12.8014
12.8031
12.8013
12.8031
12.8000
12.8015
12.8016
12.8014
12.8015
12.8017
12.8013
12.8014
12.8016
12.7941
12.8015
12.8009
12.8014
12.7982
12.8014
12.8002
12.8014
12.8016
12.8010
12.8012
12.8011
12.8038
12.8018
12.8016
12.8014
12.8013
12.8012
12.8011
12.8011
12.8010
12.8011
12.8011
12.8010
12.8000
12.8009
12.8009
12.8009
12.8009
12.8009
12.8009
12.8009
12.8009
12.8009
12.8009
12.8008
12.8011
12.8008
12.8008
12.8008
12.8008
12.8008
12.8008
12.8009
12.8008
12.8008
12.8008
12.8008
12.7994
12.8008
12.8008
12.8008
12.8008
12.8008
12.8008
12.8008
12.8008
12.8008
12.8008
13.2233
12.8968
12.8880
12.8202
12.7997
12.7996
12.7995
12.7994
12.7995
12.7993
12.7999
12.7999
12.7998
12.7998
12.7998
12.7998
12.7998
12.7997
12.7997
12.7997
12.7997
12.7997
12.7997
12.7997
12.4875
12.8213
12.7870
12.7900
12.7929
12.7950
12.7969
12.7978
12.7986
12.7992
12.7996
12.7999
12.8001
12.8002
12.7996
12.7997
12.7997
12.7998
12.7998
12.7999
12.7999
12.7999
12.7999
12.8000
12.8000
12.8000
12.8000
12.8000
12.8000
12.8001
12.8001
12.8001
12.8001
12.8001
12.8001
12.8001
12.8002
12.8002
12.8002
12.8002
12.8002
12.8002
12.8002
12.8002
12.8002
12.8002
12.8003
12.8003
12.8003
12.8003
12.8003
12.8003
12.8003
12.8003
12.8003
12.8003
12.8004
12.8004
12.8004
12.8004
12.8862
12.7770
12.7929
12.7976
12.7982
12.7985
12.7987
12.7989
12.7990
12.7992
12.7993
12.7994
12.8545
12.7868
12.7948
12.7979
12.7983
12.7988
12.8009
12.8000
12.8000
12.8000
12.8001
12.8001
12.8881
12.7708
12.8375
12.7995
12.8019
12.8004
12.7998
12.8079
12.8035
12.8138
12.8033
12.8019
12.8071
12.8119
12.8018
12.8014
12.8015
12.8015
12.8011
12.8027
12.8008
12.8009
12.8008
12.8008
12.8007
12.8007
12.8007
12.8007
12.8006
12.8006
12.8005
12.8005
12.8005
12.8004
12.8004
12.7998
12.9305
12.8027
12.7820
12.7914
12.7961
12.7971
12.7976
12.7982
12.7982
12.7986
12.7995
12.7995
12.7995
12.7995
12.7995
12.7995
12.7995
12.7995
12.7995
12.7995
12.7995
12.7995
12.7994
12.7995
12.7994
12.7994
12.7994
12.8077
12.8002
12.7999
12.7993
12.7992
12.7992
12.7901
12.7994
12.7994
12.7994
12.7993
12.7992
12.7992
12.7975
12.7965
12.7972
12.7981
12.7985
12.7986
12.7920
12.7993
12.7993
12.7993
12.7993
12.7993
12.7993
12.7993
12.7993
12.7993
12.7993
12.7993
12.7993
12.7993
12.7993
12.7993
12.7993
12.7993
12.7993
12.7993
12.7993
12.7993
12.7993
12.7993
12.7993
12.7993
12.7993
12.7993
12.7993
12.7993
12.7993
12.7992
12.7992
12.7992
12.7992
12.7992
12.7992
12.7992
12.7992
12.7993
12.7993
12.7993
12.7993
12.7993
12.7993
12.7993
12.7994
12.8000
12.8000
12.7999
12.7999
12.7999
12.8000
12.8008
12.8013
12.8014
12.8008
12.8005
12.8004
12.8004
12.8004
12.8004
12.8003
12.8006
12.8004
12.8002
12.8002
12.8002
12.8001
12.8001
12.8001
12.8001
12.8001
12.8001
12.7999
12.7999
12.7999
12.7998
12.7998
12.7998
12.7998
12.7998
12.7998
12.7998
12.7998
12.7998
12.7998
12.7998
12.7998
12.7998
12.7998
12.7998
12.7998
12.7998
12.7998
12.7998
12.7998
12.7998
12.8036
12.7999
12.7999
12.7999
12.7999
12.7999
12.7999
12.7999
12.7999
12.5018
12.7663
12.7830
12.7887
12.7926
12.7953
12.7998
12.7992
12.7997
12.8003
12.8003
12.8006
12.8008
12.8009
12.8010
12.8010
12.8001
12.8011
12.8010
12.8010
12.8010
12.8009
12.8010
12.8012
12.8010
12.8010
12.8010
12.8009
12.8009
12.8009
12.8009
12.8009
12.8009
12.8008
12.8008
12.8008
12.8008
12.8008
12.8008
12.8008
12.8008
12.8008
12.8008
12.8008
12.8007
12.8007
12.8007
12.8007
12.8007
12.8007
12.8007
12.8007
12.8007
12.8007
12.8007
12.8007
12.8007
12.8007
12.8007
12.8007
12.8007
12.8007
12.8007
12.8007
12.8007
12.8007
12.8007
12.8007
12.8007
12.8007
12.8007
12.8007
12.8007
12.8007
12.8007
12.8686
12.7750
12.7989
12.7994
12.7997
12.7999
12.8000
12.7994
12.7995
12.7996
12.7997
12.7997
12.8550
12.7802
12.7986
12.7991
12.7993
12.7995
12.7996
12.7997
12.7997
12.7998
12.7999
12.7999
12.9017
12.7809
12.8026
12.8002
12.8188
12.8006
12.7815
12.8195
12.8089
12.8021
12.8019
12.8018
12.8228
12.8183
12.8013
12.8019
12.8022
12.8021
12.8007
12.8022
12.8010
12.8011
12.8014
12.8009
12.8010
12.8004
12.8012
12.8016
12.8009
12.8003
12.8009
12.8015
12.8008
12.8008
12.8009
12.8008
12.8016
12.8009
12.8021
12.8003
12.8010
12.8025
12.8004
12.8031
12.8010
12.8017
12.8005
12.8011
12.8009
12.8008
12.8008
12.8008
12.7996
12.8009
12.8002
12.7966
12.7994
12.8006
12.8053
12.8001
12.8004
12.8011
12.8007
12.8007
12.8007
12.8007
12.8008
12.8021
12.8009
12.8004
12.8011
12.8012
12.8018
12.8005
12.8012
12.7978
12.7996
12.7988
12.7994
12.8004
12.8048
12.8005
12.8014
12.8006
12.8018
12.8027
12.8008
12.8014
12.8009
12.8010
12.8007
12.8006
12.8012
12.8006
12.7997
12.7997
12.7996
12.8005
12.8005
12.8005
12.8005
12.8005
12.8004
12.8004
12.7998
12.8009
12.8003
12.8003
12.8002
12.8002
12.8002
12.8002
12.8002
12.8001
12.7998
12.7991
12.7997
12.7990
12.7996
12.7938
12.7984
12.7815
12.7993
12.7988
12.7938
12.7983
12.7951
12.7622
12.7963
12.7931
12.7976
12.7977
13.0301
12.7995
12.7993
12.7992
12.7992
12.7992
12.7992
12.7992
12.7992
12.7991
12.7991
12.7991
12.7991
12.7991
12.7991
12.7991
12.7991
12.7991
12.7991
12.7991
12.7991
12.7992
12.7992
12.7992
12.7992
12.7992
12.7992
12.7992
12.7992
12.7992
12.7992
12.7992
12.7992
12.7992
12.7992
12.7992
12.7992
12.7992
12.7992
12.7992
12.7992
12.7992
12.7992
12.7992
12.7992
12.7992
12.7992
12.8490
12.8840
12.9159
12.9486
12.9824
13.0167
13.0511
13.0855
13.1196
13.1538
13.1872
13.2204
13.2532
13.2855
13.3180
13.3497
13.3806
13.4114
13.4418
13.4718
13.5015
13.5306
13.5595
13.5879
13.6163
13.6447
13.6726
13.7010
13.7290
13.7565
13.7839
13.8110
13.8379
13.8645
13.8907
13.9167
13.9423
13.9678
13.9932
14.0186
14.0446
14.0701
14.0955
14.1209
14.1460
14.1709
14.1955
14.2199
14.2440
14.2680
14.2920
14.3159
14.3390
14.3634
14.3872
14.4109
14.4344
14.4575
14.4803
14.5029
14.5250
14.5470
14.5689
14.5902
14.6113
14.6324
14.6546
14.6761
14.6976
14.7189
14.7399
14.7606
14.7808
14.8009
14.8209
14.8403
14.8596
14.8789
14.8981
14.9183
14.9379
14.9575
14.9769
14.9959
15.0147
15.0332
15.0519
15.0703
15.0884
15.1064
15.1242
15.1418
15.1594
15.1765
15.1933
15.2098
15.2251
15.2387
15.2500
15.2581
15.2637
15.2676
15.2702
15.2719
15.2729
15.2731
15.2727
15.2718
15.2703
15.2679
15.2658
15.2632
15.2601
15.2564
15.2522
15.2474
15.2421
15.2363
15.2301
15.2233
15.2160
15.2084
15.2004
15.1921
15.1835
15.1746
15.1655
15.1563
15.1470
15.1374
15.1276
15.1176
15.1075
15.0971
15.0865
15.0757
15.0645
15.0528
15.0405
15.0278
15.0146
15.0011
14.9874
14.9734
14.9593
14.9450
14.9305
14.9160
14.9014
14.8872
14.8729
14.8584
14.8439
14.8294
14.8145
14.7995
14.7848
14.7702
14.7556
14.7412
14.7269
14.7127
14.6987
14.6848
14.6711
14.6578
14.6449
14.6322
14.6195
14.6069
14.5944
14.5819
14.5695
14.5575
14.5456
14.5336
14.5216
14.5091
14.4964
14.4834
14.4700
14.4562
14.4417
14.4269
14.4120
14.3969
14.3815
14.3656
14.3493
14.3325
14.3152
14.2973
14.2789
14.2599
14.2405
14.2206
14.2006
14.1804
14.1600
14.1393
14.1185
14.0978
14.0772
14.0572
14.0377
14.0189
14.0009
13.9838
13.9676
13.9522
13.9379
13.9250
13.9131
13.9025
13.8924
13.8829
13.8743
13.8662
13.8585
13.8510
13.8438
13.8368
13.8300
13.8231
13.8164
13.8099
13.8039
13.7982
13.7929
13.7882
13.7836
13.7795
13.7760
13.7731
13.7710
13.7695
13.7687
13.7686
13.7691
13.7703
13.7720
13.7743
13.7776
13.7828
13.7896
13.7976
13.8064
13.8158
13.8256
13.8360
13.8468
13.8580
13.8696
13.8816
13.8941
13.9070
13.9198
13.9331
13.9467
13.9604
13.9742
13.9883
14.0027
14.0173
14.0322
14.0473
14.0625
14.0781
14.0940
14.1094
14.1252
14.1410
14.1567
14.1724
14.1879
14.2034
14.2189
14.2345
14.2502
14.2659
14.2819
14.2981
14.3138
14.3299
14.3460
14.3619
14.3777
14.3936
14.4095
14.4255
14.4416
14.4577
14.4735
14.4901
14.5070
14.5233
14.5400
14.5568
14.5733
14.5897
14.6061
14.6227
14.6392
14.6559
14.6727
14.6891
14.7064
14.7241
14.7413
14.7588
14.7764
14.7939
14.8112
14.8286
14.8461
14.8637
14.8814
14.8986
14.9158
14.9340
14.9525
14.9703
14.9884
15.0065
15.0243
15.0420
15.0597
15.0774
15.0952
15.1125
15.1299
15.1475
15.1660
15.1847
15.2028
15.2210
15.2394
15.2575
15.2754
15.2932
15.3104
15.3274
15.3444
15.3613
15.3779
15.3952
15.4124
15.4288
15.4452
15.4612
15.4770
15.4924
15.5072
15.5219
15.5365
15.5511
15.5655
15.5797
15.5945
15.6093
15.6234
15.6375
15.6514
15.6651
15.6784
15.6914
15.7042
15.7169
15.7296
15.7422
15.7547
15.7676
15.7806
15.7931
15.8054
15.8175
15.8295
15.8413
15.8530
15.8646
15.8760
15.8872
15.8981
15.9087
15.9176
15.9236
15.9266
15.9269
15.9251
15.9216
15.9170
15.9118
15.9061
15.9002
15.8944
15.8886
15.8828
15.8770
15.8711
15.8652
15.8592
15.8531
15.8467
15.8403
15.8336
15.8267
15.8195
15.8119
15.8038
15.7953
15.7861
15.7763
15.7657
15.7542
15.7416
15.7283
15.7140
15.6988
15.6831
15.6667
15.6499
15.6327
15.6151
15.5969
15.5785
15.5602
15.5416
15.5231
15.5045
15.4858
15.4669
15.4478
15.4284
15.4089
15.3891
15.3692
15.3485
15.3275
15.3068
15.2858
15.2647
15.2436
15.2224
15.2009
15.1794
15.1577
15.1361
15.1145
15.0932
15.0716
15.0503
15.0298
15.0096
14.9897
14.9705
14.9515
14.9326
14.9140
14.8954
14.8773
14.8596
14.8425
14.8254
14.8085
14.7921
14.7756
14.7589
14.7422
14.7252
14.7078
14.6895
14.6709
14.6519
14.6323
14.6121
14.5909
14.5689
14.5468
14.5242
14.5012
14.4781
14.4551
14.4319
14.4087
14.3857
14.3631
14.3410
14.3194
14.2980
14.2771
14.2572
14.2378
14.2189
14.2006
14.1829
14.1655
14.1484
14.1316
14.1150
14.0988
14.0828
14.0670
14.0516
14.0372
14.0237
14.0110
13.9995
13.9889
13.9794
13.9710
13.9637
13.9576
13.9527
13.9488
13.9459
13.9437
13.9424
13.9417
13.9417
13.9422
13.9432
13.9447
13.9467
13.9491
13.9520
13.9555
13.9595
13.9639
13.9690
13.9746
13.9807
13.9874
13.9946
14.0024
14.0106
14.0194
14.0287
14.0384
14.0485
14.0589
14.0697
14.0810
14.0924
14.1043
14.1166
14.1291
14.1420
14.1552
14.1686
14.1824
14.1965
14.2108
14.2255
14.2405
14.2559
14.2710
14.2864
14.3019
14.3172
14.3322
14.3474
14.3625
14.3774
14.3924
14.4074
14.4223
14.4376
14.4530
14.4679
14.4830
14.4981
14.5131
14.5279
14.5426
14.5575
14.5723
14.5872
14.6021
14.6166
14.6319
14.6474
14.6624
14.6776
14.6929
14.7081
14.7230
14.7380
14.7531
14.7682
14.7834
14.7982
14.8130
14.8288
14.8449
14.8604
14.8762
14.8920
14.9077
14.9233
14.9389
14.9545
12.7995
12.7995
12.7995
12.7995
12.7995
12.7995
12.7995
12.7995
12.7995
12.7995
12.7995
12.7995
12.7995
12.7995
12.7995
12.7995
12.7995
12.7995
12.7995
12.7995
12.7995
12.7995
12.7995
12.7995
12.7995
12.7995
12.7995
12.7995
12.7995
12.7995
12.7995
12.7995
12.7995
12.7995
12.7995
12.7995
12.7995
12.7995
12.7995
12.7995
12.7995
12.7995
12.7995
12.7995
12.7995
12.7995
12.7995
12.7995
12.7995
12.7995
12.7995
12.7995
12.7995
12.7995
12.7995
12.7995
12.7995
12.7995
12.7995
12.7995
12.5591
12.7879
12.7815
12.7880
12.7918
12.7945
12.7957
12.7971
12.7980
12.7987
12.7991
12.7994
12.7997
12.7998
12.7999
12.8000
12.8000
12.8000
12.8000
12.8000
12.8000
12.8000
12.8000
12.7999
12.8318
12.7822
12.7997
12.8002
12.8186
12.8011
12.7831
12.8368
12.8131
12.8125
12.8039
12.8023
12.8122
12.8048
12.8025
12.8019
12.8018
12.8017
12.8003
12.8032
12.8012
12.8012
12.8012
12.8018
12.8011
12.8023
12.8016
12.8016
12.8022
12.8015
12.8015
12.8009
12.8009
12.8020
12.8013
12.8019
12.8001
12.8019
12.8010
12.7996
12.8025
12.8027
12.7997
12.8031
12.8010
12.8007
12.8014
12.8013
12.8005
12.8017
12.8010
12.7987
12.8003
12.8009
12.8000
12.8011
12.8004
12.8012
12.8007
12.8005
12.8005
12.8004
12.8004
12.7988
12.8010
12.8009
12.8004
12.8000
12.8007
12.7999
12.8006
12.8005
12.8006
12.8007
12.7988
12.8032
12.7999
12.7997
12.8026
12.7963
12.8012
12.8005
12.8012
12.8006
12.8006
12.8005
12.8006
12.8005
12.8005
12.8005
12.8013
12.8002
12.8008
12.8008
12.8008
12.8008
12.8008
12.8008
12.8008
12.8008
12.8008
12.8008
12.8007
12.8007
12.8007
12.8007
12.8007
12.8006
12.8006
12.8006
12.8006
12.8006
12.8005
12.8005
12.7998
12.7995
12.7994
12.7994
12.7993
12.7987
12.7848
12.7847
12.7960
12.7933
12.7977
12.7898
12.7982
12.7589
12.7987
12.7978
12.7983
12.7985
12.7986
12.8052
12.7990
12.7992
12.7992
12.7992
12.7996
12.7997
12.7998
12.7998
12.7998
12.7999
12.7992
12.7991
12.7993
12.7994
12.7994
12.7995
12.7995
12.7996
12.7996
12.7996
12.7997
12.7997
12.7997
12.7998
12.7999
12.7999
12.7999
12.7999
12.8000
12.8000
12.8000
12.8000
12.8000
12.8000
12.8000
12.8000
12.8000
12.8001
12.8001
12.8001
12.8001
12.8001
12.8001
12.8001
12.8001
12.8001
12.7723
12.8020
12.8004
12.8004
12.8004
12.8004
12.8004
12.8004
12.8004
12.8004
12.8004
12.8004
12.8004
12.8004
12.8004
12.8004
12.8004
12.8004
12.8004
12.8005
12.8005
12.8006
12.8006
