0.2988
0.2998
0.3008
0.3017
0.3025
0.3032
0.3038
0.3043
0.3048
0.3052
0.3055
0.3058
0.3060
0.3061
0.3062
0.3062
0.3062
0.3061
0.3060
0.3059
0.3057
0.3055
0.3053
0.3051
0.3048
0.3046
0.3043
0.3039
0.3035
0.3032
0.3028
0.3024
0.3019
0.3015
0.3011
0.3006
0.3001
0.2996
0.2992
0.2987
0.2982
0.2976
0.2971
0.2966
0.2961
0.2955
0.2950
0.2944
0.2939
0.2933
0.2928
0.2922
0.2917
0.2911
0.2906
0.2900
0.2895
0.2889
0.2883
0.2877
0.2872
0.8268
0.5581
0.5236
0.5128
0.5051
0.4988
0.4934
0.4886
0.4843
0.4803
0.4767
0.4734
0.8146
0.6547
0.6322
0.6235
0.6171
0.6119
0.6075
0.6037
0.6004
0.5975
0.5950
0.5928
1.0000
1.0000
0.9624
0.9190
0.9038
0.8934
0.8849
0.8799
0.8722
0.8671
0.8625
0.8588
0.8559
0.8546
0.8518
0.8507
0.8499
0.8493
0.8484
0.8602
0.8498
0.8493
0.8497
0.8501
0.8616
0.8516
0.8521
0.8529
0.8536
0.8544
0.8553
0.8561
0.8570
0.8578
0.8588
0.8709
0.8609
0.8732
0.8629
0.8634
0.8651
0.8661
0.8672
0.8684
0.8694
0.8706
0.8716
0.8728
0.8739
0.8751
0.8763
0.8879
0.8792
0.8813
0.8814
0.8939
0.8843
0.8854
0.8869
0.8878
0.8998
0.8906
0.8920
0.8928
0.8943
0.8957
0.8972
0.8986
0.9002
0.9017
0.9032
0.9049
0.9065
0.9081
0.9099
0.9118
0.9134
0.9152
0.9169
0.9188
0.9207
0.9227
0.9246
0.9265
0.9285
0.9306
0.9323
0.9340
0.9357
0.9375
0.9392
0.9408
0.9426
0.9443
0.9460
0.9477
0.9494
0.9510
0.9526
0.9542
0.9559
0.9575
0.9590
0.9606
0.9621
0.9635
0.9651
0.9666
0.9680
0.9694
0.9710
0.9725
0.9739
0.9753
0.9766
0.9779
0.9791
0.9803
0.9814
0.9816
0.9833
0.9835
0.9848
0.9851
0.9846
0.9854
0.9854
0.9817
0.9852
0.9847
0.9830
0.9835
0.9822
0.9811
0.9804
0.9790
0.9775
0.9760
0.9743
0.9726
0.9709
0.9691
0.9673
0.9655
0.9636
0.9618
0.9599
0.9580
0.9560
0.9541
0.9521
0.9502
0.9483
0.9464
0.9445
0.9426
0.9407
0.9388
0.9369
0.9351
0.9332
0.9314
0.9295
0.9276
0.9257
0.9239
0.9220
0.9201
0.9181
0.9160
0.9143
0.9123
0.9104
0.9084
0.9064
0.9045
0.9026
0.9006
0.8987
0.8968
0.2000
0.2000
0.2000
0.2000
0.2000
0.2000
0.2000
0.2292
0.2483
0.2532
0.2572
0.2608
0.2640
0.2668
0.2694
0.2717
0.2737
0.2755
0.2770
0.2786
0.2800
0.2813
0.2825
0.2836
0.2846
0.2856
0.2865
0.2874
0.2882
0.2889
0.2896
0.2902
0.2908
0.2913
0.2917
0.2921
0.2925
0.2928
0.2931
0.2933
0.2935
0.2937
0.2938
0.2939
0.2940
0.2940
0.2940
0.2940
0.2940
0.2940
0.2939
0.2938
0.2937
0.2936
0.2935
0.2933
0.2931
0.2930
0.2928
0.2926
0.2924
0.2922
0.2919
0.2917
0.2915
0.2912
0.2910
0.2908
0.2905
0.2902
0.2900
0.2897
0.2894
0.2892
0.2889
0.2886
0.2883
0.2880
0.2877
0.2874
0.2871
0.2867
0.2864
0.2860
0.8245
0.5582
0.5242
0.5137
0.5064
0.5005
0.4954
0.4910
0.4871
0.4836
0.4804
0.4775
0.8196
0.6611
0.6390
0.6307
0.6247
0.6198
0.6157
0.6121
0.6090
0.6062
0.6038
0.6016
1.0000
1.0000
0.9786
0.9299
0.9135
0.9024
0.8933
0.8854
0.8795
0.8729
0.8693
0.8627
0.8708
0.8559
0.8529
0.8509
0.8494
0.8481
0.8473
0.8469
0.8466
0.8465
0.8467
0.8471
0.8475
0.8481
0.8489
0.8497
0.8506
0.8515
0.8525
0.8535
0.8546
0.8556
0.8566
0.8578
0.8809
0.8603
0.8617
0.8613
0.8643
0.8657
0.8674
0.8821
0.8716
0.8736
0.8757
0.8779
0.8914
0.8828
0.8851
0.8988
0.8903
0.8927
0.8951
0.8975
0.8999
0.9022
0.9045
0.9068
0.9881
0.9361
0.9151
0.9169
0.9188
0.9208
0.9341
0.9250
0.9268
0.9284
0.9298
0.9311
0.9291
0.9325
0.9341
0.9349
0.9368
0.9387
0.9408
0.9546
0.9468
0.9494
0.9525
0.9558
0.9592
0.9626
0.9660
0.9692
0.9724
0.9755
0.9788
0.9814
0.9850
0.9880
0.9910
0.9939
0.9967
0.9994
1.0000
1.0000
1.0000
1.0000
1.0000
1.0000
1.0000
1.0000
1.0000
1.0000
1.0000
1.0000
1.0000
1.0000
1.0000
1.0000
1.0000
1.0000
1.0000
1.0000
1.0000
1.0000
1.0000
1.0000
1.0000
1.0000
1.0000
1.0000
1.0000
1.0000
1.0000
1.0000
1.0000
1.0000
1.0000
1.0000
1.0000
1.0000
1.0000
1.0000
1.0000
1.0000
1.0000
1.0000
1.0000
1.0000
1.0000
1.0000
1.0000
1.0000
1.0000
0.9957
0.9911
0.9876
0.9843
0.9811
0.9781
0.9752
0.9723
0.9695
0.9668
0.9642
0.9616
0.9592
0.9567
0.9543
0.9519
0.9496
0.9473
0.9451
0.9429
0.9405
0.9386
0.9365
0.9344
0.9323
0.9303
0.9283
0.9263
0.9243
0.9223
0.9203
0.2000
0.2000
0.2000
0.2000
0.2000
0.2000
0.2147
0.2529
0.2595
0.2645
0.2689
0.2727
0.2761
0.2790
0.2815
0.2838
0.2859
0.2880
0.2900
0.2918
0.2936
0.2952
0.2968
0.2982
0.2996
0.3008
0.3021
0.3032
0.3043
0.3053
0.3062
0.3071
0.3079
0.3086
0.3093
0.3100
0.3106
0.3111
0.3116
0.3121
0.3125
0.3129
0.3133
0.3137
0.3140
0.3143
0.3145
0.3147
0.3149
0.3151
0.3153
0.3154
0.3155
0.3156
0.3156
0.3156
0.3156
0.3156
0.3156
0.3155
0.3154
0.3153
0.3152
0.3150
0.3148
0.3146
0.3144
0.3142
0.3140
0.3137
0.3134
0.3132
0.3129
0.3126
0.3123
0.3119
0.3116
0.3112
0.3109
0.3105
0.3102
0.3098
0.3094
0.3090
0.8609
0.5970
0.5616
0.5502
0.5423
0.5358
0.5303
0.5254
0.5211
0.5173
0.5137
0.5105
0.8556
0.6994
0.6765
0.6675
0.6611
0.6557
0.6511
0.6471
0.6435
0.6402
0.6372
0.6345
1.0000
1.0000
1.0000
0.9876
0.9561
0.9427
0.9335
0.9259
0.9183
0.9124
0.9077
0.9030
0.8999
0.8960
0.9037
0.8905
0.8885
0.8870
0.8852
0.8837
0.8827
0.8816
0.8815
0.8804
0.8912
0.8912
0.8799
0.8796
0.8796
0.8798
0.8799
0.8802
0.8805
0.8808
0.8812
0.8816
0.8820
0.8824
0.8940
0.8835
0.8836
0.8951
0.8844
0.8846
0.8847
0.8850
0.8853
0.8856
0.8860
0.8865
0.8871
0.8990
0.8888
0.8888
0.8903
0.8919
0.8923
0.8933
0.8943
0.8953
0.9054
0.8971
0.8985
0.8995
0.9003
0.9010
0.9014
0.9018
0.9131
0.9024
0.9025
0.9027
0.9031
0.9028
0.9043
0.9044
0.9050
0.9056
0.9063
0.9071
0.9081
0.9090
0.9101
0.9112
0.9125
0.9246
0.9154
0.9165
0.9178
0.9191
0.9206
0.9221
0.9237
0.9252
0.9265
0.9285
0.9302
0.9319
0.9336
0.9353
0.9370
0.9387
0.9404
0.9421
0.9438
0.9456
0.9473
0.9490
0.9508
0.9525
0.9543
0.9561
0.9579
0.9597
0.9613
0.9630
0.9646
0.9661
0.9676
0.9691
0.9705
0.9710
0.9730
0.9739
0.9733
0.9758
0.9766
0.9755
0.9777
0.9781
0.9785
0.9781
0.9778
0.9757
0.9765
0.9756
0.9746
0.9734
0.9723
0.9710
0.9696
0.9682
0.9667
0.9652
0.9637
0.9621
0.9605
0.9590
0.9574
0.9558
0.9542
0.9526
0.9510
0.9494
0.9478
0.9462
0.9447
0.9431
0.9416
0.9400
0.9385
0.9370
0.9354
0.9339
0.9324
0.9309
0.9294
0.9279
0.9264
0.9248
0.9234
0.9219
0.9204
0.9189
0.9174
0.9160
0.9145
0.9130
0.9115
0.9101
0.2000
0.2000
0.2000
0.2000
0.2000
0.2000
0.2000
0.2458
0.2544
0.2598
0.2645
0.2686
0.2722
0.2754
0.2781
0.2804
0.2828
0.2851
0.2873
0.2894
0.2914
0.2933
0.2950
0.2967
0.2982
0.2997
0.3010
0.3023
0.3035
0.3046
0.3057
0.3066
0.3075
0.3084
0.3091
0.3098
0.3105
0.3111
0.3116
0.3122
0.3126
0.3130
0.3134
0.3137
0.3140
0.3143
0.3145
0.3147
0.3148
0.3149
0.3150
0.3150
0.3150
0.3150
0.3149
0.3148
0.3147
0.3145
0.3143
0.3141
0.3138
0.3136
0.3133
0.3129
0.3126
0.3122
0.3118
0.3114
0.3109
0.3105
0.3100
0.3095
0.3090
0.3085
0.3080
0.3074
0.3068
0.3063
0.3057
0.3050
0.3044
0.3037
0.3031
0.3024
0.8532
0.5892
0.5531
0.5414
0.5331
0.5262
0.5203
0.5151
0.5104
0.5062
0.5024
0.4989
0.8431
0.6859
0.6625
0.6533
0.6466
0.6411
0.6364
0.6323
0.6288
0.6256
0.6229
0.6205
1.0000
1.0000
1.0000
0.9628
0.9417
0.9294
0.9184
0.9159
0.9062
0.9008
0.8963
0.8926
0.8902
0.8869
0.8849
0.8833
0.8822
0.8814
0.8808
0.8806
0.8804
0.8804
0.8806
0.8808
0.8810
0.8814
0.8931
0.8826
0.8828
0.8832
0.8949
0.8843
0.8846
0.8849
0.8853
0.8857
0.8862
0.8867
0.8873
0.8879
0.8857
0.8878
0.8888
0.8902
0.8915
0.8930
0.8944
0.8960
0.8977
0.8996
0.9015
0.9036
0.9056
0.9077
0.9094
0.9232
0.9143
0.9161
0.9180
0.9198
0.9217
0.9223
0.9253
0.9270
0.9288
0.9305
0.9321
0.9336
0.9352
0.9367
0.9393
0.9397
0.9412
0.9427
0.9447
0.9461
0.9477
0.9493
0.9511
0.9528
0.9546
0.9565
0.9585
0.9829
0.9742
0.9650
0.9667
0.9684
0.9703
0.9721
0.9740
0.9985
0.9786
0.9802
0.9822
0.9841
0.9861
0.9880
0.9900
0.9920
0.9938
0.9957
0.9975
0.9994
1.0000
1.0000
1.0000
1.0000
1.0000
1.0000
1.0000
1.0000
1.0000
1.0000
1.0000
1.0000
1.0000
1.0000
1.0000
1.0000
1.0000
1.0000
1.0000
1.0000
1.0000
1.0000
1.0000
1.0000
1.0000
1.0000
1.0000
1.0000
1.0000
1.0000
1.0000
1.0000
1.0000
1.0000
1.0000
1.0000
1.0000
1.0000
1.0000
1.0000
1.0000
1.0000
1.0000
1.0000
1.0000
1.0000
1.0000
1.0000
1.0000
1.0000
1.0000
1.0000
1.0000
1.0000
1.0000
1.0000
1.0000
1.0000
1.0000
1.0000
1.0000
1.0000
1.0000
1.0000
1.0000
1.0000
1.0000
1.0000
1.0000
1.0000
1.0000
1.0000
1.0000
1.0000
1.0000
1.0000
1.0000
1.0000
1.0000
1.0000
1.0000
1.0000
1.0000
1.0000
1.0000
1.0000
1.0000
1.0000
1.0000
1.0000
1.0000
1.0000
1.0000
1.0000
1.0000
1.0000
1.0000
1.0000
1.0000
1.0000
1.0000
1.0000
1.0000
1.0000
1.0000
1.0000
1.0000
1.0000
1.0000
1.0000
1.0000
1.0000
1.0000
1.0000
1.0000
1.0000
1.0000
1.0000
1.0000
1.0000
1.0000
1.0000
1.0000
1.0000
1.0000
1.0000
1.0000
1.0000
1.0000
1.0000
1.0000
1.0000
1.0000
1.0000
1.0000
1.0000
1.0000
1.0000
1.0000
1.0000
1.0000
1.0000
1.0000
1.0000
1.0000
1.0000
1.0000
1.0000
1.0000
1.0000
1.0000
1.0000
1.0000
1.0000
1.0000
1.0000
1.0000
1.0000
1.0000
1.0000
1.0000
1.0000
1.0000
1.0000
1.0000
1.0000
1.0000
1.0000
1.0000
1.0000
1.0000
1.0000
1.0000
1.0000
1.0000
1.0000
1.0000
1.0000
1.0000
1.0000
1.0000
1.0000
1.0000
1.0000
1.0000
1.0000
1.0000
1.0000
1.0000
1.0000
1.0000
1.0000
1.0000
1.0000
1.0000
1.0000
1.0000
1.0000
1.0000
1.0000
1.0000
1.0000
1.0000
1.0000
1.0000
1.0000
1.0000
1.0000
1.0000
1.0000
1.0000
1.0000
1.0000
1.0000
1.0000
1.0000
1.0000
1.0000
1.0000
1.0000
1.0000
1.0000
1.0000
1.0000
1.0000
1.0000
1.0000
1.0000
1.0000
1.0000
1.0000
1.0000
1.0000
1.0000
1.0000
1.0000
1.0000
1.0000
1.0000
1.0000
1.0000
1.0000
1.0000
1.0000
1.0000
1.0000
1.0000
1.0000
1.0000
1.0000
1.0000
1.0000
1.0000
1.0000
1.0000
1.0000
1.0000
1.0000
1.0000
1.0000
1.0000
1.0000
1.0000
1.0000
1.0000
1.0000
1.0000
1.0000
1.0000
1.0000
1.0000
1.0000
1.0000
1.0000
1.0000
1.0000
1.0000
1.0000
1.0000
1.0000
1.0000
1.0000
1.0000
1.0000
1.0000
1.0000
1.0000
1.0000
1.0000
1.0000
1.0000
1.0000
1.0000
1.0000
1.0000
1.0000
1.0000
1.0000
1.0000
1.0000
1.0000
1.0000
1.0000
1.0000
1.0000
1.0000
1.0000
1.0000
1.0000
1.0000
1.0000
1.0000
1.0000
1.0000
1.0000
1.0000
1.0000
1.0000
1.0000
1.0000
1.0000
1.0000
1.0000
1.0000
1.0000
1.0000
1.0000
1.0000
1.0000
1.0000
1.0000
1.0000
1.0000
1.0000
1.0000
1.0000
1.0000
1.0000
1.0000
1.0000
1.0000
1.0000
1.0000
1.0000
1.0000
1.0000
1.0000
1.0000
1.0000
1.0000
1.0000
1.0000
1.0000
1.0000
1.0000
1.0000
1.0000
1.0000
1.0000
1.0000
1.0000
1.0000
1.0000
1.0000
1.0000
1.0000
1.0000
1.0000
1.0000
1.0000
1.0000
1.0000
1.0000
1.0000
1.0000
1.0000
1.0000
1.0000
1.0000
1.0000
1.0000
1.0000
1.0000
1.0000
1.0000
1.0000
1.0000
1.0000
1.0000
1.0000
1.0000
1.0000
1.0000
1.0000
1.0000
1.0000
1.0000
1.0000
1.0000
1.0000
1.0000
1.0000
1.0000
1.0000
1.0000
1.0000
1.0000
1.0000
1.0000
1.0000
1.0000
1.0000
1.0000
1.0000
1.0000
1.0000
1.0000
1.0000
1.0000
1.0000
1.0000
1.0000
1.0000
1.0000
1.0000
1.0000
1.0000
1.0000
1.0000
1.0000
1.0000
1.0000
1.0000
1.0000
1.0000
1.0000
1.0000
1.0000
1.0000
1.0000
1.0000
1.0000
1.0000
1.0000
1.0000
1.0000
1.0000
1.0000
1.0000
1.0000
1.0000
1.0000
1.0000
1.0000
1.0000
1.0000
1.0000
1.0000
1.0000
1.0000
1.0000
1.0000
1.0000
1.0000
1.0000
1.0000
1.0000
1.0000
1.0000
1.0000
1.0000
1.0000
1.0000
1.0000
1.0000
1.0000
1.0000
1.0000
1.0000
1.0000
1.0000
1.0000
1.0000
1.0000
1.0000
1.0000
1.0000
1.0000
1.0000
1.0000
1.0000
1.0000
1.0000
1.0000
1.0000
1.0000
1.0000
1.0000
1.0000
1.0000
1.0000
1.0000
1.0000
1.0000
1.0000
1.0000
1.0000
1.0000
1.0000
1.0000
1.0000
1.0000
1.0000
1.0000
1.0000
1.0000
1.0000
1.0000
1.0000
1.0000
1.0000
1.0000
1.0000
1.0000
1.0000
1.0000
1.0000
1.0000
1.0000
1.0000
1.0000
1.0000
1.0000
1.0000
1.0000
1.0000
1.0000
1.0000
1.0000
1.0000
1.0000
1.0000
1.0000
1.0000
1.0000
1.0000
1.0000
1.0000
1.0000
1.0000
1.0000
1.0000
1.0000
1.0000
1.0000
1.0000
1.0000
1.0000
1.0000
1.0000
1.0000
1.0000
1.0000
1.0000
1.0000
1.0000
1.0000
1.0000
1.0000
1.0000
1.0000
1.0000
1.0000
1.0000
1.0000
1.0000
1.0000
1.0000
1.0000
1.0000
1.0000
1.0000
1.0000
1.0000
1.0000
1.0000
1.0000
1.0000
1.0000
1.0000
1.0000
1.0000
1.0000
1.0000
1.0000
1.0000
1.0000
1.0000
1.0000
1.0000
1.0000
1.0000
1.0000
1.0000
1.0000
1.0000
1.0000
1.0000
1.0000
1.0000
1.0000
1.0000
1.0000
1.0000
1.0000
1.0000
1.0000
1.0000
1.0000
1.0000
1.0000
1.0000
1.0000
1.0000
1.0000
1.0000
1.0000
1.0000
1.0000
1.0000
1.0000
1.0000
1.0000
1.0000
1.0000
1.0000
1.0000
1.0000
1.0000
1.0000
1.0000
1.0000
1.0000
1.0000
1.0000
1.0000
1.0000
1.0000
1.0000
1.0000
1.0000
1.0000
1.0000
1.0000
1.0000
1.0000
1.0000
1.0000
1.0000
1.0000
1.0000
1.0000
1.0000
1.0000
1.0000
1.0000
1.0000
1.0000
1.0000
1.0000
1.0000
1.0000
1.0000
1.0000
1.0000
1.0000
1.0000
1.0000
1.0000
1.0000
1.0000
1.0000
1.0000
1.0000
1.0000
1.0000
1.0000
1.0000
1.0000
1.0000
1.0000
1.0000
1.0000
1.0000
1.0000
1.0000
1.0000
1.0000
1.0000
1.0000
1.0000
1.0000
1.0000
1.0000
1.0000
1.0000
1.0000
1.0000
1.0000
1.0000
1.0000
1.0000
1.0000
1.0000
1.0000
1.0000
1.0000
1.0000
1.0000
1.0000
1.0000
1.0000
1.0000
1.0000
1.0000
1.0000
1.0000
1.0000
1.0000
1.0000
1.0000
1.0000
1.0000
1.0000
1.0000
1.0000
0.2000
0.2000
0.2000
0.2731
0.3097
0.3163
0.3212
0.3255
0.3293
0.3327
0.3358
0.3386
0.6692
0.5021
0.4885
0.4868
0.4865
0.4869
0.4876
0.4885
0.4896
0.4909
0.4922
0.4937
1.0000
0.8971
0.8217
0.8057
0.7989
0.7916
0.7857
0.7863
0.7808
0.7786
0.7768
0.7757
0.7754
0.7765
0.7757
0.7765
0.7776
0.7788
0.7801
0.7818
0.7833
0.7850
0.7869
0.7887
0.7907
0.7927
0.7947
0.7966
0.7987
0.8007
0.8027
0.8047
0.8067
0.8087
0.8107
0.8127
0.8147
0.8165
0.8188
0.8207
0.8229
0.8246
0.8265
0.8397
0.8307
0.8325
0.8345
0.8364
0.8384
0.8406
0.8426
0.8449
0.8472
0.8495
0.8518
0.8541
0.8565
0.8589
0.8610
0.8637
0.8661
0.8683
0.8708
0.8844
0.8757
0.8779
0.8802
0.8823
0.8846
0.8868
0.8889
0.8911
0.8933
0.8958
0.8976
0.8988
0.9018
0.9048
0.9065
0.9090
0.9114
0.9140
0.9166
0.9190
0.9216
0.9245
0.9269
0.9293
0.9319
0.9345
0.9371
0.9394
0.9425
0.9452
0.9479
0.9506
0.9533
0.9671
0.9587
0.9609
0.9633
0.9656
0.9791
0.9703
0.9722
0.9741
0.9762
0.9781
0.9800
0.9819
0.9838
0.9858
0.9876
0.9896
0.9915
0.9933
0.9953
0.9971
0.9989
1.0000
1.0000
1.0000
1.0000
1.0000
1.0000
1.0000
1.0000
1.0000
1.0000
1.0000
1.0000
1.0000
1.0000
1.0000
1.0000
1.0000
1.0000
1.0000
1.0000
1.0000
1.0000
1.0000
1.0000
1.0000
1.0000
1.0000
1.0000
1.0000
1.0000
1.0000
1.0000
1.0000
1.0000
1.0000
1.0000
1.0000
0.9993
0.9968
0.9951
0.9935
0.9919
0.9904
0.9888
0.9873
0.9857
0.9842
0.9827
0.9811
0.9796
0.9779
0.9765
0.9748
0.9732
0.9716
0.9700
0.9683
0.9667
0.9651
0.9634
0.9618
0.2000
0.2000
0.2000
0.2000
0.2000
0.2169
0.2670
0.2754
0.2816
0.2868
0.2912
0.2949
0.2980
0.3012
0.3041
0.3069
0.3095
0.3119
0.3142
0.3163
0.3182
0.3200
0.3216
0.3232
1.0000
1.0000
1.0000
1.0000
1.0000
1.0000
1.0000
1.0000
1.0000
1.0000
1.0000
1.0000
1.0000
1.0000
1.0000
1.0000
1.0000
1.0000
1.0000
1.0000
1.0000
1.0000
1.0000
1.0000
1.0000
1.0000
1.0000
1.0000
1.0000
1.0000
1.0000
1.0000
1.0000
1.0000
1.0000
1.0000
1.0000
1.0000
1.0000
1.0000
1.0000
1.0000
1.0000
1.0000
1.0000
1.0000
1.0000
1.0000
1.0000
1.0000
1.0000
1.0000
1.0000
1.0000
1.0000
1.0000
1.0000
1.0000
1.0000
1.0000
1.0000
1.0000
1.0000
1.0000
1.0000
1.0000
1.0000
1.0000
1.0000
1.0000
1.0000
1.0000
1.0000
1.0000
1.0000
1.0000
1.0000
1.0000
1.0000
1.0000
1.0000
1.0000
1.0000
1.0000
0.2000
0.2000
0.2000
0.2000
0.2000
0.2000
0.2000
0.2000
0.2000
0.2000
0.2000
0.2000
0.2000
0.2000
0.2000
0.2000
0.2000
0.2000
0.2000
0.2000
0.2000
0.2000
0.2000
0.2000
0.2000
0.2000
0.2000
0.2000
0.2000
0.2000
0.2000
0.2000
0.2000
0.2000
0.2000
0.2000
0.2000
0.2000
0.2000
0.2000
0.2000
0.2000
0.2000
0.2000
0.2000
0.2000
0.2000
0.2000
0.2000
0.2000
0.2000
0.2000
0.2000
0.2000
0.2000
0.2000
0.2000
0.2000
0.2000
0.2000
0.2000
0.2000
0.2000
0.2000
0.2000
0.2000
0.2000
0.2000
0.2000
0.2000
0.2000
0.2000
0.2000
0.2000
0.2000
0.2000
0.2000
0.2000
0.2000
0.2000
0.2000
0.2000
0.2000
0.2000
0.2000
0.2000
0.2000
0.2000
0.2000
0.2000
0.2000
0.2000
0.2000
0.2000
1.0000
0.3180
0.2059
0.2038
0.2058
0.2083
1.0000
0.3721
0.2300
0.2221
0.2240
0.2262
0.2285
0.2307
0.2328
1.0000
0.4046
0.2502
0.2452
0.2465
0.2483
0.2502
1.0000
0.4317
0.2682
0.2624
0.2634
0.2649
0.2665
0.2681
0.2695
0.2708
1.0000
0.4516
0.2869
0.2000
0.4547
0.2944
0.2870
0.2873
0.2881
0.2887
1.0000
0.4657
0.3019
0.2927
0.2916
0.2910
0.2904
0.2897
0.2890
0.2881
0.2872
0.2863
0.2853
1.0000
0.4568
0.2946
1.0000
0.4915
0.2982
0.2877
1.0000
0.4751
0.2995
0.2899
0.2889
0.2885
0.2881
0.2876
0.2870
0.2863
0.2855
0.2847
0.2839
1.0000
0.4516
0.2932
0.2844
0.2833
0.2827
0.2823
0.2819
1.0000
0.4539
0.2921
1.0000
1.0000
1.0000
1.0000
1.0000
1.0000
1.0000
1.0000
1.0000
1.0000
1.0000
1.0000
1.0000
1.0000
1.0000
1.0000
1.0000
1.0000
1.0000
1.0000
1.0000
1.0000
1.0000
1.0000
1.0000
1.0000
1.0000
1.0000
1.0000
1.0000
1.0000
1.0000
1.0000
1.0000
1.0000
1.0000
1.0000
1.0000
1.0000
1.0000
1.0000
1.0000
1.0000
1.0000
1.0000
1.0000
1.0000
1.0000
1.0000
1.0000
1.0000
1.0000
1.0000
1.0000
1.0000
1.0000
1.0000
1.0000
1.0000
1.0000
1.0000
1.0000
1.0000
1.0000
1.0000
1.0000
1.0000
1.0000
1.0000
1.0000
1.0000
1.0000
1.0000
1.0000
1.0000
1.0000
1.0000
1.0000
1.0000
1.0000
1.0000
1.0000
1.0000
1.0000
1.0000
1.0000
1.0000
1.0000
1.0000
1.0000
1.0000
1.0000
1.0000
1.0000
1.0000
1.0000
1.0000
1.0000
1.0000
1.0000
1.0000
1.0000
1.0000
1.0000
1.0000
1.0000
1.0000
1.0000
0.2000
0.2000
0.2000
0.2000
0.2000
0.2000
0.2000
0.2000
0.2000
0.2000
0.2000
0.2000
0.2000
0.2000
0.2000
0.2000
0.2000
0.2000
0.2000
0.2000
0.2000
0.2000
0.2000
0.2000
0.2000
0.2000
0.2000
0.2000
0.2000
0.2000
0.2000
0.2000
0.2000
0.2000
0.2000
0.2000
0.2000
0.2000
0.2000
0.2000
0.2000
0.2000
0.2000
0.2000
0.2000
0.2000
0.2000
0.2000
0.2000
0.2000
0.2000
0.2000
0.2000
0.2000
0.2000
0.2000
0.2000
0.2000
0.2000
0.2000
0.2000
0.2000
0.2000
0.2000
0.2000
0.2000
0.2000
0.2000
0.2000
0.2000
0.2000
0.2433
0.2000
0.2000
0.2000
0.2000
0.2000
0.2000
0.2000
0.2072
0.2100
0.2125
0.2149
0.2174
0.2198
0.2222
0.2247
0.2271
0.2295
0.2319
0.2343
0.2367
0.2392
0.2416
0.2439
0.2463
0.2486
0.2509
0.2532
0.2596
0.2578
0.2600
0.2622
0.2644
0.2667
0.2689
0.2711
0.2733
0.2754
0.2776
0.2796
0.2816
0.2835
0.2853
0.2871
0.2888
0.2904
0.2921
0.2938
0.2955
0.2972
0.2988
0.3006
0.3023
0.3040
0.3056
0.3073
0.3089
0.3105
0.3120
0.3135
0.3148
0.3159
0.3169
0.3176
0.3182
0.3186
0.3188
0.3189
0.3188
0.3187
0.3185
0.3183
0.3180
0.3177
0.3173
0.3170
0.3166
0.3162
0.3158
0.3154
0.3150
0.3146
0.3142
0.3139
0.3135
0.3131
0.3127
0.3123
0.3119
0.3115
0.3111
0.3108
0.3104
0.3100
0.3097
0.3093
0.3090
0.3086
0.3082
0.3079
0.3075
0.3071
0.3067
0.3063
0.3059
0.3055
0.3051
0.3047
0.3043
1.0000
1.0000
1.0000
1.0000
1.0000
1.0000
1.0000
1.0000
1.0000
1.0000
1.0000
1.0000
1.0000
1.0000
1.0000
1.0000
1.0000
1.0000
1.0000
1.0000
1.0000
1.0000
1.0000
1.0000
0.2612
0.5695
0.5837
0.5840
0.5824
0.5800
0.5775
0.5749
0.5723
0.5699
0.5676
0.5655
0.5634
0.5614
0.5595
0.5575
0.5557
0.5539
0.5521
0.5503
0.5485
0.5468
0.5450
0.5433
0.5416
0.5399
0.5381
0.5362
0.5343
0.5325
0.5305
0.5286
0.5267
0.5247
0.5227
0.5206
0.5186
0.5165
0.5144
0.5122
0.5100
0.5078
0.5055
0.5033
0.5011
0.4988
0.4966
0.4943
0.4920
0.4898
0.4875
0.4852
0.4829
0.4805
0.4782
0.4758
0.4734
0.4711
0.4688
0.4665
1.0000
0.8311
0.7699
0.7512
0.7386
0.7281
0.7189
0.7106
0.7031
0.6962
0.6898
0.6839
1.0000
0.9075
0.8670
0.8530
0.8432
0.8351
0.8281
0.8218
0.8162
0.8112
0.8067
0.8025
1.0000
1.0000
1.0000
1.0000
1.0000
1.0000
1.0000
1.0000
1.0000
1.0000
1.0000
1.0000
1.0000
1.0000
1.0000
1.0000
1.0000
1.0000
1.0000
1.0000
1.0000
1.0000
1.0000
1.0000
1.0000
1.0000
1.0000
1.0000
1.0000
1.0000
1.0000
1.0000
1.0000
1.0000
1.0000
1.0000
1.0000
1.0000
1.0000
1.0000
1.0000
1.0000
1.0000
1.0000
1.0000
1.0000
1.0000
1.0000
1.0000
1.0000
1.0000
1.0000
1.0000
1.0000
1.0000
1.0000
1.0000
1.0000
1.0000
1.0000
1.0000
1.0000
1.0000
1.0000
1.0000
1.0000
1.0000
1.0000
1.0000
1.0000
1.0000
1.0000
1.0000
1.0000
1.0000
1.0000
1.0000
1.0000
1.0000
1.0000
1.0000
1.0000
1.0000
1.0000
1.0000
1.0000
1.0000
1.0000
1.0000
1.0000
1.0000
1.0000
1.0000
1.0000
1.0000
1.0000
1.0000
1.0000
1.0000
1.0000
1.0000
1.0000
1.0000
1.0000
1.0000
1.0000
1.0000
1.0000
1.0000
1.0000
1.0000
1.0000
1.0000
1.0000
1.0000
1.0000
1.0000
1.0000
1.0000
1.0000
1.0000
1.0000
1.0000
1.0000
1.0000
1.0000
1.0000
1.0000
1.0000
1.0000
1.0000
1.0000
1.0000
1.0000
1.0000
1.0000
1.0000
1.0000
1.0000
1.0000
1.0000
1.0000
1.0000
1.0000
1.0000
1.0000
1.0000
1.0000
1.0000
1.0000
1.0000
1.0000
1.0000
1.0000
1.0000
1.0000
1.0000
1.0000
1.0000
1.0000
1.0000
1.0000
1.0000
1.0000
1.0000
1.0000
1.0000
1.0000
1.0000
1.0000
1.0000
1.0000
1.0000
1.0000
1.0000
1.0000
1.0000
1.0000
1.0000
1.0000
1.0000
1.0000
1.0000
1.0000
1.0000
1.0000
1.0000
1.0000
1.0000
0.2000
0.2000
0.2000
0.2000
0.2000
0.2000
0.2481
0.2645
0.2720
0.2783
0.2839
0.2888
0.2932
0.2974
0.3013
0.3049
0.3081
0.3112
0.3140
0.3165
0.3188
0.3208
0.3229
0.3248
0.3266
0.3283
0.3299
0.3313
0.3327
0.3339
0.3351
0.3361
0.3371
0.3379
0.3387
0.3394
0.3400
0.3405
0.3410
0.3414
0.3418
0.3420
0.3423
0.3425
0.3426
0.3427
0.3427
0.3427
0.3426
0.3426
0.3424
0.3423
0.3421
0.3419
0.3417
0.3414
0.3411
0.3408
0.3405
0.3401
0.3397
0.3393
0.3389
0.3385
0.3381
0.3376
0.3372
0.3367
0.3362
0.3357
0.3352
0.3346
0.3341
0.3335
0.3330
0.8913
0.6331
0.5964
0.5842
0.5757
0.5687
0.5627
0.5574
0.5528
0.5486
0.5448
0.5413
0.8884
0.7348
0.7111
0.7015
0.6945
0.6889
0.6841
0.6800
0.6765
0.6735
0.6709
0.6685
1.0000
1.0000
1.0000
1.0000
1.0000
1.0000
0.9829
0.9752
0.9667
0.9600
0.9546
0.9498
0.9475
0.9434
0.9389
0.9366
0.9347
0.9332
0.9321
0.9315
0.9309
0.9307
0.9307
0.9307
0.9310
0.9313
0.9318
0.9323
0.9328
0.9334
0.9341
0.9348
0.9354
0.9361
0.9368
0.9376
0.9385
0.9392
0.9402
0.9409
0.9419
0.9430
0.9439
0.9452
0.9461
0.9473
0.9483
0.9495
0.9506
0.9518
0.9531
0.9544
0.9556
0.9571
0.9584
0.9931
0.9618
0.9628
0.9643
0.9650
0.9775
0.9678
0.9690
0.9703
0.9718
0.9732
0.9746
0.9762
0.9776
0.9791
0.9920
0.9827
0.9842
0.9857
0.9875
1.0000
0.9913
0.9928
0.9947
1.0000
1.0000
1.0000
1.0000
1.0000
1.0000
1.0000
1.0000
1.0000
1.0000
1.0000
1.0000
1.0000
1.0000
1.0000
1.0000
1.0000
1.0000
1.0000
1.0000
1.0000
1.0000
1.0000
1.0000
1.0000
1.0000
1.0000
1.0000
1.0000
1.0000
1.0000
1.0000
1.0000
1.0000
1.0000
1.0000
1.0000
1.0000
1.0000
1.0000
1.0000
1.0000
1.0000
1.0000
1.0000
1.0000
1.0000
1.0000
1.0000
1.0000
1.0000
1.0000
1.0000
1.0000
1.0000
1.0000
1.0000
1.0000
1.0000
1.0000
1.0000
1.0000
1.0000
1.0000
1.0000
1.0000
1.0000
1.0000
1.0000
1.0000
1.0000
1.0000
1.0000
1.0000
1.0000
1.0000
1.0000
1.0000
1.0000
1.0000
1.0000
1.0000
1.0000
1.0000
1.0000
1.0000
1.0000
1.0000
1.0000
1.0000
1.0000
1.0000
1.0000
1.0000
1.0000
1.0000
1.0000
1.0000
1.0000
1.0000
1.0000
1.0000
1.0000
1.0000
1.0000
1.0000
1.0000
1.0000
1.0000
1.0000
1.0000
1.0000
1.0000
1.0000
1.0000
1.0000
1.0000
1.0000
1.0000
1.0000
1.0000
1.0000
1.0000
1.0000
1.0000
1.0000
1.0000
1.0000
1.0000
1.0000
1.0000
1.0000
1.0000
1.0000
1.0000
1.0000
1.0000
1.0000
1.0000
1.0000
1.0000
1.0000
1.0000
1.0000
1.0000
1.0000
1.0000
1.0000
1.0000
1.0000
1.0000
1.0000
1.0000
1.0000
1.0000
1.0000
1.0000
1.0000
1.0000
1.0000
1.0000
1.0000
1.0000
1.0000
1.0000
1.0000
1.0000
1.0000
1.0000
1.0000
1.0000
1.0000
1.0000
1.0000
1.0000
1.0000
1.0000
1.0000
1.0000
1.0000
1.0000
1.0000
1.0000
1.0000
1.0000
1.0000
1.0000
1.0000
1.0000
1.0000
1.0000
1.0000
1.0000
1.0000
1.0000
1.0000
1.0000
1.0000
1.0000
1.0000
1.0000
1.0000
1.0000
1.0000
1.0000
1.0000
1.0000
1.0000
1.0000
1.0000
1.0000
1.0000
1.0000
1.0000
1.0000
1.0000
1.0000
1.0000
1.0000
1.0000
1.0000
1.0000
1.0000
1.0000
1.0000
1.0000
1.0000
1.0000
1.0000
1.0000
1.0000
1.0000
1.0000
1.0000
1.0000
1.0000
1.0000
1.0000
1.0000
1.0000
1.0000
1.0000
1.0000
1.0000
1.0000
1.0000
1.0000
1.0000
1.0000
1.0000
1.0000
1.0000
1.0000
1.0000
1.0000
1.0000
1.0000
1.0000
1.0000
1.0000
1.0000
1.0000
1.0000
1.0000
1.0000
1.0000
1.0000
1.0000
1.0000
1.0000
1.0000
1.0000
1.0000
1.0000
1.0000
1.0000
1.0000
1.0000
1.0000
1.0000
1.0000
1.0000
1.0000
1.0000
1.0000
1.0000
1.0000
1.0000
1.0000
1.0000
1.0000
1.0000
1.0000
1.0000
1.0000
1.0000
1.0000
1.0000
1.0000
1.0000
1.0000
1.0000
1.0000
1.0000
1.0000
1.0000
1.0000
1.0000
1.0000
1.0000
1.0000
1.0000
1.0000
1.0000
1.0000
1.0000
1.0000
1.0000
1.0000
1.0000
1.0000
1.0000
1.0000
1.0000
1.0000
1.0000
1.0000
1.0000
1.0000
1.0000
1.0000
1.0000
1.0000
1.0000
1.0000
1.0000
1.0000
1.0000
1.0000
1.0000
1.0000
1.0000
1.0000
1.0000
1.0000
1.0000
1.0000
1.0000
1.0000
1.0000
1.0000
1.0000
1.0000
1.0000
1.0000
1.0000
1.0000
1.0000
1.0000
1.0000
1.0000
1.0000
1.0000
1.0000
1.0000
1.0000
1.0000
1.0000
1.0000
1.0000
1.0000
1.0000
1.0000
1.0000
1.0000
1.0000
1.0000
1.0000
1.0000
1.0000
1.0000
1.0000
1.0000
1.0000
1.0000
1.0000
1.0000
1.0000
1.0000
1.0000
1.0000
1.0000
1.0000
1.0000
1.0000
1.0000
1.0000
1.0000
1.0000
1.0000
1.0000
1.0000
1.0000
1.0000
1.0000
1.0000
1.0000
1.0000
1.0000
1.0000
1.0000
1.0000
1.0000
1.0000
1.0000
1.0000
1.0000
1.0000
1.0000
1.0000
1.0000
1.0000
1.0000
1.0000
1.0000
1.0000
1.0000
1.0000
1.0000
1.0000
1.0000
1.0000
1.0000
1.0000
1.0000
1.0000
1.0000
1.0000
1.0000
1.0000
1.0000
1.0000
1.0000
1.0000
1.0000
1.0000
1.0000
1.0000
1.0000
1.0000
1.0000
1.0000
1.0000
1.0000
1.0000
1.0000
1.0000
1.0000
1.0000
1.0000
1.0000
1.0000
1.0000
1.0000
1.0000
1.0000
1.0000
1.0000
1.0000
1.0000
1.0000
1.0000
1.0000
1.0000
1.0000
1.0000
1.0000
1.0000
1.0000
1.0000
1.0000
1.0000
1.0000
1.0000
1.0000
1.0000
1.0000
1.0000
1.0000
1.0000
1.0000
1.0000
1.0000
1.0000
1.0000
1.0000
1.0000
1.0000
1.0000
1.0000
1.0000
1.0000
1.0000
1.0000
1.0000
1.0000
1.0000
1.0000
1.0000
1.0000
1.0000
1.0000
1.0000
1.0000
1.0000
1.0000
1.0000
1.0000
1.0000
1.0000
1.0000
1.0000
1.0000
1.0000
1.0000
1.0000
1.0000
1.0000
1.0000
1.0000
1.0000
1.0000
1.0000
1.0000
1.0000
1.0000
1.0000
1.0000
1.0000
1.0000
1.0000
1.0000
1.0000
1.0000
1.0000
1.0000
1.0000
1.0000
1.0000
1.0000
1.0000
1.0000
1.0000
1.0000
1.0000
1.0000
1.0000
1.0000
1.0000
1.0000
1.0000
1.0000
1.0000
1.0000
1.0000
1.0000
1.0000
1.0000
1.0000
1.0000
1.0000
1.0000
1.0000
1.0000
1.0000
1.0000
1.0000
1.0000
1.0000
1.0000
1.0000
1.0000
1.0000
1.0000
1.0000
1.0000
1.0000
1.0000
1.0000
1.0000
1.0000
1.0000
1.0000
1.0000
1.0000
1.0000
1.0000
1.0000
1.0000
1.0000
1.0000
1.0000
1.0000
1.0000
1.0000
1.0000
1.0000
1.0000
1.0000
1.0000
1.0000
1.0000
1.0000
1.0000
1.0000
1.0000
1.0000
1.0000
1.0000
1.0000
1.0000
1.0000
1.0000
1.0000
1.0000
1.0000
1.0000
1.0000
1.0000
1.0000
1.0000
1.0000
1.0000
1.0000
1.0000
1.0000
1.0000
1.0000
1.0000
1.0000
1.0000
1.0000
1.0000
1.0000
1.0000
1.0000
1.0000
1.0000
1.0000
1.0000
1.0000
1.0000
1.0000
1.0000
1.0000
1.0000
1.0000
1.0000
1.0000
1.0000
1.0000
1.0000
1.0000
1.0000
1.0000
1.0000
1.0000
1.0000
1.0000
1.0000
1.0000
1.0000
1.0000
1.0000
1.0000
1.0000
1.0000
1.0000
1.0000
1.0000
1.0000
1.0000
1.0000
1.0000
1.0000
1.0000
1.0000
1.0000
1.0000
1.0000
1.0000
1.0000
1.0000
1.0000
1.0000
1.0000
1.0000
1.0000
1.0000
1.0000
1.0000
1.0000
1.0000
1.0000
1.0000
1.0000
1.0000
1.0000
1.0000
1.0000
1.0000
1.0000
1.0000
1.0000
1.0000
1.0000
1.0000
1.0000
1.0000
1.0000
1.0000
1.0000
1.0000
1.0000
1.0000
1.0000
1.0000
1.0000
1.0000
1.0000
1.0000
1.0000
1.0000
1.0000
1.0000
1.0000
1.0000
1.0000
1.0000
1.0000
1.0000
1.0000
1.0000
1.0000
1.0000
1.0000
1.0000
1.0000
1.0000
1.0000
1.0000
1.0000
1.0000
1.0000
1.0000
1.0000
1.0000
1.0000
1.0000
1.0000
1.0000
1.0000
1.0000
1.0000
1.0000
1.0000
1.0000
1.0000
1.0000
1.0000
1.0000
1.0000
1.0000
1.0000
1.0000
1.0000
1.0000
1.0000
1.0000
1.0000
1.0000
1.0000
1.0000
1.0000
1.0000
1.0000
1.0000
1.0000
1.0000
1.0000
1.0000
1.0000
1.0000
1.0000
1.0000
1.0000
1.0000
1.0000
1.0000
1.0000
1.0000
1.0000
1.0000
1.0000
1.0000
1.0000
1.0000
1.0000
1.0000
1.0000
1.0000
1.0000
1.0000
1.0000
1.0000
1.0000
1.0000
1.0000
1.0000
1.0000
1.0000
1.0000
1.0000
1.0000
1.0000
1.0000
1.0000
1.0000
1.0000
1.0000
1.0000
1.0000
1.0000
1.0000
1.0000
1.0000
1.0000
1.0000
1.0000
1.0000
1.0000
1.0000
1.0000
1.0000
1.0000
1.0000
1.0000
1.0000
1.0000
1.0000
1.0000
1.0000
1.0000
1.0000
1.0000
1.0000
1.0000
1.0000
1.0000
1.0000
1.0000
1.0000
1.0000
1.0000
1.0000
1.0000
1.0000
1.0000
1.0000
1.0000
1.0000
1.0000
1.0000
1.0000
1.0000
1.0000
1.0000
1.0000
1.0000
1.0000
1.0000
1.0000
1.0000
1.0000
1.0000
1.0000
1.0000
1.0000
1.0000
1.0000
1.0000
1.0000
1.0000
1.0000
1.0000
1.0000
1.0000
1.0000
1.0000
1.0000
1.0000
1.0000
1.0000
1.0000
1.0000
1.0000
1.0000
1.0000
1.0000
1.0000
1.0000
1.0000
1.0000
1.0000
1.0000
1.0000
1.0000
1.0000
1.0000
1.0000
1.0000
1.0000
1.0000
1.0000
1.0000
1.0000
1.0000
1.0000
1.0000
1.0000
1.0000
1.0000
1.0000
1.0000
1.0000
1.0000
1.0000
1.0000
1.0000
1.0000
1.0000
1.0000
1.0000
1.0000
1.0000
1.0000
1.0000
1.0000
1.0000
1.0000
1.0000
1.0000
1.0000
1.0000
1.0000
1.0000
1.0000
1.0000
1.0000
1.0000
1.0000
1.0000
1.0000
1.0000
1.0000
1.0000
1.0000
1.0000
1.0000
1.0000
1.0000
1.0000
1.0000
1.0000
1.0000
1.0000
1.0000
1.0000
1.0000
1.0000
1.0000
1.0000
1.0000
1.0000
1.0000
1.0000
1.0000
1.0000
