484.1070
483.5469
482.9903
482.4365
481.8877
481.3438
480.8049
480.2711
479.7423
479.2186
478.7000
478.1863
477.6775
477.1735
476.6743
476.1797
475.6897
475.2041
474.7231
474.2463
473.7739
473.3056
472.8414
472.3812
471.9250
471.4727
471.0242
470.5794
470.1383
469.7007
469.2667
468.8361
468.4089
467.9851
467.5645
467.1472
466.7331
466.3221
465.9142
465.5093
465.1075
464.7086
464.3127
463.9196
463.5293
463.1419
462.7573
462.3753
461.9961
461.6196
461.2457
460.8744
460.5057
460.1396
459.7759
459.4148
459.0562
458.7000
458.3463
457.9949
457.6458
457.2991
457.8176
457.6772
457.4521
457.1892
456.9012
456.5961
456.2791
455.9540
455.6238
455.2903
454.9550
454.6190
454.8901
454.7591
454.6048
454.4523
454.3050
454.1635
454.0278
453.8976
453.7726
453.6521
453.5356
453.4228
449.9065
447.2379
445.4830
444.3151
443.5542
443.2047
443.0851
445.0509
447.4887
450.2360
453.2350
456.5722
459.9813
465.3628
471.2854
477.2709
484.9790
491.7303
497.8568
501.9953
506.9472
512.2059
517.5557
523.0349
528.0069
533.2411
538.5792
543.8851
549.0241
554.0552
558.8405
563.6664
568.0082
570.4991
573.6719
577.0261
580.4926
583.4368
586.2274
588.0377
590.1361
591.5908
594.7428
597.9401
600.4805
603.3994
606.0781
608.6786
611.2001
613.6452
616.0176
617.9623
620.0374
622.0149
621.8296
620.7060
620.1453
620.0545
622.1239
623.1572
622.2669
624.0348
625.1496
626.2496
627.3363
628.4025
629.4977
630.6929
631.9673
633.2620
634.4998
635.5652
636.4161
637.1125
637.5520
638.4810
639.2355
640.4394
641.7173
643.0795
644.0828
645.5187
646.8586
648.5403
650.3276
653.9037
656.6254
659.0884
661.4013
663.6132
665.7587
667.7184
669.1218
670.2728
671.3047
672.2789
673.2203
674.1056
674.9763
675.7224
676.3937
678.7555
680.2794
681.4365
682.5794
681.9481
682.1173
682.6170
683.1711
682.0319
681.7589
681.8676
682.0579
682.1296
682.1641
682.1695
682.1570
682.1325
682.0991
681.2327
680.9904
678.1117
675.0908
671.3457
666.3784
661.9110
657.7772
651.0762
645.4107
640.3761
634.9446
629.9831
624.8233
619.3721
614.2400
609.3537
604.6614
600.1280
595.7410
591.4852
587.3471
583.3216
579.4037
575.5827
571.8682
568.2483
564.7171
561.2687
557.8994
554.6052
551.3836
548.2323
545.1494
542.1331
539.1829
536.2984
533.4742
530.7103
528.0035
525.3523
522.7563
520.2144
517.7252
515.2873
512.8994
510.5607
508.2700
506.0265
503.8366
501.6892
499.5953
497.5493
495.5492
493.5930
491.6794
489.8071
487.9748
486.1815
484.4262
482.7079
485.8531
488.1430
489.8334
491.0409
491.8623
492.3750
492.6414
492.7155
492.6358
492.4336
492.1353
491.7626
491.3323
490.8582
490.3511
489.8196
489.2705
488.7092
488.1398
487.5657
486.9895
486.4132
485.8383
485.2661
484.6973
484.1313
483.5706
483.0150
482.4646
481.9197
481.3801
480.8460
480.3172
479.7939
479.2758
478.7628
478.2550
477.7521
477.2542
476.7610
476.2725
475.7886
475.3091
474.8341
474.3633
473.8967
473.4343
472.9758
472.5213
472.0707
471.6238
471.1806
470.7411
470.3051
469.8726
469.4436
469.0179
468.5956
468.1765
467.7606
467.3479
466.9383
466.5317
466.1283
465.7277
465.3302
464.9356
464.5438
464.1549
463.7687
463.3854
463.0047
462.6268
462.2515
461.8788
461.5086
461.1409
460.7758
460.4130
460.0527
459.6947
459.3390
458.9857
458.6346
459.1439
458.9984
458.7687
458.5015
458.2096
457.9006
457.5799
457.2514
456.9178
456.5811
456.2426
455.9037
456.1850
456.0555
455.9021
455.7505
455.6036
455.4624
455.3268
455.1964
455.0708
454.9494
454.8318
454.7176
451.1361
448.4040
446.7328
445.7268
445.1818
445.0619
445.1799
445.4577
447.7148
449.8682
452.0165
454.4968
457.1064
462.4444
467.8640
473.2794
478.8014
484.5920
490.3887
496.2930
502.1071
508.0311
513.9297
519.7061
525.3100
530.8727
536.2153
541.4579
546.5954
551.6209
556.5166
561.2878
565.9365
570.2823
574.5771
578.6726
580.9040
584.1196
585.7388
586.4562
587.8058
589.6801
591.8687
594.6729
597.7563
600.9879
604.2852
607.6059
610.8446
614.0709
617.3036
620.4857
623.6396
626.5916
629.4458
632.5036
635.3371
638.2493
641.1755
644.0834
646.8812
649.8834
653.3363
657.0283
660.2590
663.3727
666.3384
669.1877
671.8669
673.9366
675.8227
677.4272
676.5029
674.3269
672.6703
671.7408
671.1965
671.2112
671.1558
671.2719
671.6207
672.3717
672.9639
673.7159
674.5234
675.2874
675.9955
676.8195
677.6998
678.5442
679.2777
676.3469
674.6745
673.6680
673.0202
672.5773
672.2608
671.9817
671.7769
671.6247
671.6375
671.7416
671.8876
673.8963
675.3034
676.4359
677.3858
678.2171
679.0427
678.0387
677.6202
681.0368
681.5098
682.2145
682.9782
683.7557
684.5287
685.2890
686.0336
686.7611
702.8684
709.2464
710.1866
706.0301
700.7447
695.2932
689.5103
682.2844
676.1696
670.2848
664.4639
658.3493
652.6304
645.8139
639.6707
633.9818
628.6106
623.4736
618.5406
613.7802
609.1664
604.6815
600.3134
596.0534
591.8956
587.8327
583.8631
579.9842
576.1965
572.4896
568.8606
565.3148
561.8444
558.4475
555.1252
551.8758
548.7036
545.6054
542.5781
539.6200
536.7295
533.9037
531.1404
528.4374
525.7928
523.2046
520.6716
518.1926
515.7665
513.3826
511.0543
508.7765
506.5475
504.3660
502.2309
500.1409
498.0951
496.0924
494.1317
492.2119
495.4145
497.7330
499.4308
500.6291
501.4281
501.9083
502.1377
502.1725
502.0470
501.7954
501.4455
501.0194
500.5348
500.0057
499.4434
498.8565
498.2523
497.6362
497.0126
496.3849
495.7556
495.1269
494.5002
493.8766
493.2572
492.6411
492.0307
491.4260
490.8271
490.2340
489.6467
489.0653
488.4897
487.9198
487.3555
486.7968
486.2435
485.6955
485.1527
484.6149
484.0821
483.5541
483.0309
482.5122
481.9981
481.4884
480.9830
480.4818
479.9848
479.4918
479.0028
478.5177
478.0364
477.5588
477.0857
476.6167
476.1512
475.6890
475.2302
474.7746
474.3222
473.8729
473.4267
472.9835
472.5432
472.1059
471.6714
471.2398
470.8110
470.3850
469.9617
469.5412
469.1233
468.7081
468.2955
467.8858
467.4789
467.0748
466.6735
466.2748
465.8788
465.4854
465.0946
464.7064
464.8931
464.4900
464.1218
463.7903
463.4748
463.1627
462.8472
462.5254
462.1963
461.8601
461.5176
461.1701
461.4777
461.3675
461.2407
461.1174
460.9965
460.8768
460.7573
460.6377
460.5180
460.3983
460.2789
460.1602
456.2776
453.3246
451.4577
450.1868
449.2880
448.9179
448.9804
449.4579
450.4363
451.6197
454.6512
456.9450
459.0361
463.2575
467.6185
472.3922
476.5543
480.1524
483.9771
486.2408
489.4783
491.3668
498.1482
504.2236
508.1445
514.5188
520.4140
525.9929
531.2098
537.8621
543.3662
548.2664
552.8685
555.6153
560.7375
565.0569
568.8096
572.4140
574.1168
576.7215
579.8219
584.9869
587.8303
591.4301
595.0747
598.5934
602.0122
605.3442
608.5962
611.7280
614.8027
617.7733
620.6826
622.9751
624.9674
626.8600
628.5263
630.2448
631.9488
633.6033
634.8725
636.0315
637.2698
638.5071
639.5896
640.4942
641.3177
642.1755
643.1646
644.1838
645.1726
646.0203
646.7942
647.1466
647.9251
648.9524
650.1097
651.3710
652.8395
654.3928
655.9940
657.7270
659.5450
661.4977
664.8533
667.6780
670.4023
673.0287
675.5664
678.0261
680.4218
682.7411
684.8097
686.7449
688.3788
689.8158
691.1444
692.6499
693.9445
695.2942
696.6600
698.0202
699.3571
700.6684
701.9558
703.2192
704.4610
705.6805
706.8959
707.9942
709.0480
710.0570
709.7744
710.2991
710.7895
711.4110
711.9189
712.3459
712.4938
712.3206
712.0342
710.7531
707.0627
703.1322
697.6804
692.7092
687.6952
680.1820
673.6896
667.8347
663.1523
658.4734
653.7942
648.2620
642.9857
637.9032
632.9695
628.1560
623.4643
618.8892
614.4234
610.0616
605.8000
601.6357
597.5672
593.5838
589.6914
585.8894
582.1751
578.5453
574.9971
571.5278
568.1352
564.8171
561.5708
558.3931
555.2898
552.2588
549.2969
546.4021
543.5717
540.8032
538.0942
535.4429
532.8475
530.3062
527.8178
525.3811
522.9945
520.6205
518.3126
516.0526
513.8391
511.6708
509.5461
507.4639
505.4233
503.4232
501.4626
499.5408
502.1283
504.8222
506.9449
508.5951
509.8683
510.8398
511.5463
512.0670
512.4646
512.7371
512.9070
512.9929
513.0095
512.9692
512.8811
512.7540
512.5948
512.4095
512.2028
511.9786
511.7139
511.4415
511.1628
510.9060
510.6229
509.3432
508.0881
506.9350
505.8735
504.8870
503.9621
503.0883
502.2576
501.4634
500.7006
499.9648
499.2526
498.5610
497.8876
497.2304
496.5876
495.9578
495.3397
494.7321
494.1343
493.5453
492.9645
492.3911
491.8248
491.2651
490.7115
490.1636
489.6211
489.0839
488.5515
488.0239
487.5007
486.9818
486.4671
485.9564
485.4496
484.9465
484.4471
483.9513
483.4590
482.9701
482.4845
482.0023
481.5232
481.0473
480.5745
480.1048
479.6382
479.1745
478.7138
478.2560
477.8010
477.3489
476.8996
476.4530
476.0092
475.5680
475.1295
474.6937
475.1802
474.9969
474.7195
474.4006
474.0536
473.6867
473.3053
472.9136
472.5145
472.1102
471.7026
471.3048
471.4765
471.3078
471.1330
470.9678
470.8098
470.6570
470.5078
470.3614
470.2173
470.0754
469.9353
469.7971
465.8165
462.8155
460.4378
458.4096
456.7083
455.9200
455.5642
455.9004
457.0988
458.8954
461.0817
463.4491
468.8120
473.4754
478.2810
483.3760
488.5388
493.5563
498.5249
503.5782
508.4319
513.3073
518.1791
523.1121
527.8983
532.6487
537.1338
542.9308
548.0137
552.7146
555.6564
559.2961
562.8548
566.4662
569.9589
573.3575
576.6751
579.9360
583.1609
586.4132
589.9318
594.6325
597.1043
600.1490
603.1879
606.4421
609.3796
612.2022
614.9149
617.5928
620.3542
623.1407
626.0109
628.7341
630.9504
633.2830
634.3667
635.5030
636.6591
637.7978
638.7584
639.2142
639.1246
638.8134
638.4304
638.0397
637.6621
637.1929
636.8727
636.1849
637.3365
637.6715
637.6271
637.3649
636.8892
636.8854
637.0398
637.7628
638.7267
639.7549
642.7668
644.8951
646.6457
646.5512
645.6037
644.3001
644.6311
645.7860
647.2823
648.8966
650.5297
652.0202
655.2262
657.5057
659.3659
661.0074
662.5228
663.9558
665.3277
668.4059
670.5992
672.4096
674.0094
675.4838
676.8844
678.2338
679.5418
680.8485
682.0375
683.1493
682.3828
682.3817
682.6580
683.0561
683.4995
683.9540
684.4059
684.8229
685.0103
685.1140
684.5151
683.7955
680.2713
677.4301
673.7695
670.5368
667.6110
662.4229
657.8419
652.9298
648.0876
643.1080
642.6652
639.9603
636.0336
631.6491
627.1378
622.6406
618.2156
613.8847
609.6542
605.5242
601.4920
597.5541
593.7068
589.9467
586.2704
582.6750
579.1575
575.7154
572.3462
569.0476
565.8177
562.6545
559.5561
556.5208
553.5470
550.6331
547.7777
544.9795
542.2369
539.5488
536.9140
534.3313
531.7995
529.3175
526.8843
524.4989
522.1602
519.8673
517.6192
515.4151
513.2539
511.1349
509.0572
507.0200
505.0223
503.0636
501.1429
499.2595
502.7311
504.2732
504.8924
505.0636
505.0128
504.8489
504.6253
504.3691
504.0941
503.8079
503.5150
503.2178
502.9180
502.6168
502.3148
502.0126
501.7105
501.4089
501.1080
500.8079
500.5088
500.2107
499.9139
499.6183
499.3240
498.2722
497.4424
496.7245
496.0645
495.4364
494.8274
494.2308
493.6432
493.0627
492.4881
491.9187
491.3540
490.7937
490.2376
489.6856
489.1374
488.5929
488.0521
487.5149
486.9812
486.4509
485.9240
485.4005
484.8803
484.3633
483.8496
483.3390
482.8316
482.3272
481.8260
481.3278
480.8327
480.3406
479.8515
479.3654
478.8823
478.4021
477.9248
477.4505
476.9790
476.5105
476.0448
475.5819
475.1219
474.6647
474.2102
473.7586
473.3096
472.8635
472.4200
471.9792
471.5411
471.1056
470.6728
470.2426
469.8151
469.3901
468.9677
468.5478
468.1305
467.7160
467.3041
466.8948
466.4882
466.0841
465.6825
465.2835
464.8869
464.4928
464.1012
463.7120
463.3252
463.1292
463.0152
462.9341
462.8638
462.7952
462.7244
462.6505
462.5731
462.4928
462.4097
462.3245
459.2502
457.1968
455.6268
454.2975
453.0974
451.9742
450.9027
449.8698
448.8683
447.8941
446.9445
446.0176
445.1119
444.2264
443.3601
442.5123
441.6823
440.8695
440.0735
439.2936
438.5296
437.7809
437.0472
436.3282
435.6235
434.9327
434.2556
433.5919
432.9412
432.3033
431.6779
431.0647
430.4636
429.8741
429.2962
428.7296
428.1740
427.6293
427.0951
426.5713
426.0577
425.5541
425.0602
424.5760
424.1011
423.6355
423.1788
422.7310
422.2919
421.8613
421.4390
421.0249
420.6188
420.2205
419.8299
419.4468
419.0712
418.7027
418.3414
417.9871
417.6396
417.2988
416.9646
416.6368
416.3154
416.0002
415.6911
415.3880
415.0907
414.7992
414.5133
414.2330
413.9580
413.6883
413.4237
413.1641
412.9096
412.6599
412.4151
412.1749
411.9395
411.7085
411.4821
411.2600
411.0421
410.8285
410.6190
410.4136
410.2122
410.0146
409.8209
409.6309
409.4445
409.2618
409.0826
408.9069
408.7346
408.5656
408.3999
408.2374
408.0780
407.9217
407.7684
407.6180
407.4706
407.3260
407.1842
407.0452
406.9088
406.7750
406.6439
406.5153
406.3892
406.2655
406.1442
406.0252
405.9086
405.7942
405.6820
405.5720
405.7312
405.8092
405.8475
405.8656
405.8734
405.8754
405.8741
405.8708
405.8661
405.8606
405.8543
405.8476
405.8404
405.8152
405.7824
405.7466
405.7100
405.6734
405.6371
405.6014
405.5660
405.5312
405.4968
405.4627
405.4290
405.3956
405.3625
405.3296
405.2971
405.2647
405.2326
405.2007
405.1691
405.1376
405.1063
405.0753
405.0444
405.0137
404.9832
404.9529
404.9228
404.8929
404.8632
404.8337
404.8043
404.7752
404.7462
404.7174
404.6887
404.6603
404.6320
404.6039
404.5759
404.5482
404.5206
404.4931
404.4659
404.4387
404.4118
404.3850
404.3584
404.3319
404.3056
404.2795
404.2535
404.2277
404.2021
404.1766
404.1512
404.1260
404.1010
404.0761
404.0514
404.0268
404.0023
403.9781
403.9539
403.9299
403.9061
403.8824
403.8588
403.8354
403.8121
403.7890
403.7660
403.7432
403.7204
403.6979
403.6754
403.6531
403.6310
403.6090
403.5871
403.5653
403.5437
403.5222
403.5008
403.4796
403.4585
403.4375
403.4167
403.3960
403.3754
403.3549
403.3345
403.3143
403.2942
403.2742
403.2544
403.2346
403.2150
403.1955
403.1761
403.1568
403.1377
403.1187
403.0997
403.0809
403.0622
403.0436
403.0252
403.0068
402.9885
402.9704
402.9524
402.9344
402.9166
402.8989
402.8813
402.8638
402.8464
402.8291
402.8119
402.7948
402.7779
402.7610
402.7442
402.7275
402.7110
402.6945
402.6781
402.6618
402.6457
402.6296
402.6136
402.5977
402.5819
402.5663
402.5507
402.5352
402.5198
402.5045
402.4894
402.4743
402.4593
402.4444
402.4295
402.4148
402.4002
402.3856
402.3712
402.3568
402.3426
402.3284
402.3143
402.3003
402.2863
402.2725
402.2588
402.2451
402.2315
402.2180
402.2046
402.1913
402.1780
402.1648
402.1518
402.1388
402.1258
402.1130
402.1002
402.0876
402.0750
402.0624
402.0500
402.0376
402.0253
402.0131
402.0010
401.9889
401.9769
401.9650
401.9531
401.9414
401.9297
401.9181
401.9065
401.8950
401.8836
401.8723
401.8610
401.8498
401.8387
401.8277
401.8167
401.8058
401.7949
401.7841
401.7734
401.7628
401.7522
401.7416
401.7312
401.7208
401.7105
401.7002
401.6900
401.6799
401.6698
401.6598
401.6498
401.6399
401.6301
401.6203
401.6106
401.6009
401.5913
401.5817
401.5723
401.5628
401.5534
401.5441
401.5348
401.5256
401.5165
401.5074
401.4983
401.4893
401.4804
401.4715
401.4627
401.4539
401.5934
401.8089
402.0640
402.3401
402.6270
402.9194
403.2141
403.5091
403.8034
404.0962
404.3871
404.6759
404.9625
405.2468
405.5288
405.8085
406.0860
406.3612
406.6344
406.9054
407.1744
407.4414
407.7065
407.9697
408.2311
408.3424
408.3760
408.3683
408.3381
408.2953
408.2455
408.1918
408.1362
408.0799
408.0235
407.9675
407.9121
407.8575
407.8037
407.7508
407.6988
407.6476
407.5972
407.5475
407.4985
407.4503
407.4026
407.3556
407.3090
407.2630
407.2175
407.1725
407.1278
407.0836
407.0398
406.9963
406.9532
406.9104
406.8680
406.8259
406.7841
406.7426
406.7013
406.6604
406.6198
406.5794
406.5393
406.4994
406.4598
406.4205
406.3814
406.3425
406.3039
406.2656
406.2274
406.1895
406.1518
406.1144
406.0772
406.0402
406.0034
405.9669
405.9305
405.8944
405.8585
405.8228
405.7874
405.7522
405.7171
405.6823
405.6477
405.6134
405.5792
405.5452
405.5115
405.4779
405.4446
405.4114
405.3785
405.3457
405.3132
405.2808
405.2487
405.2167
405.1850
405.1534
405.1220
405.0908
405.0598
405.0290
404.9984
404.9680
404.9377
404.9076
404.8777
404.8480
404.8185
404.7891
404.7600
404.7310
404.7021
404.6735
404.6450
404.6167
404.5885
404.5606
404.5328
404.5051
404.4777
404.4504
404.4232
404.3962
404.3694
404.3428
404.3163
404.2900
404.2638
404.2378
404.2119
404.1862
404.1607
404.1353
404.1100
404.0850
404.0600
404.0352
404.0106
403.9861
403.9618
403.9376
403.9136
403.8897
403.8659
403.8423
403.8188
403.7955
403.7723
403.7493
403.7264
403.7036
403.6810
403.6585
403.6361
403.6139
403.5918
403.5699
403.5480
403.5263
403.5048
403.4834
403.4621
403.4409
403.4198
403.3989
403.3781
403.3575
403.3369
403.3165
403.2962
403.2761
403.2560
403.2361
403.2163
403.1966
403.1770
403.1576
403.1383
403.1191
403.1000
403.0810
403.0687
403.0541
403.0371
403.0198
403.0017
402.9828
402.9634
402.9436
402.9240
402.9044
402.8847
402.8651
402.8591
402.8474
402.8379
402.8300
402.8232
402.8171
402.8116
402.8063
402.8013
402.7964
402.7916
402.7869
402.8567
402.5870
402.7837
403.1570
403.5598
404.1340
404.7800
407.3138
409.9296
412.5395
415.2264
418.2417
423.0011
426.8578
431.4152
436.3157
441.3691
446.9188
452.7964
458.9966
465.3979
471.9987
478.6233
485.1716
491.5023
497.6494
503.6493
509.4970
515.1453
520.7608
526.2817
531.6036
536.6721
541.5235
546.2226
550.7944
555.0828
558.8325
562.5414
566.6929
570.7905
574.6922
578.6545
582.5699
586.6546
590.7445
594.7825
598.7442
602.5994
606.2871
609.7308
612.9467
617.8454
621.7316
625.0706
627.9399
628.7065
630.2204
628.4698
628.4716
629.1423
630.0913
631.2002
632.2956
633.3741
634.2923
635.1234
635.7506
636.2341
636.6673
637.0335
637.2397
637.3722
640.8100
642.4731
642.7982
642.8746
643.4146
643.8468
644.5178
645.0279
645.6974
646.6276
647.9278
649.3707
650.9730
653.0990
655.5588
658.1302
660.7126
663.2178
665.4532
667.5125
669.4702
671.3596
673.1929
676.7302
679.3482
681.6005
683.7287
685.7542
687.6928
689.5265
691.2914
693.0723
693.0821
694.1092
695.1157
696.2977
697.5546
698.7694
700.0140
701.1918
702.1994
703.1165
703.9223
704.7878
705.2344
705.6855
706.0190
706.2681
701.7844
697.7949
693.1719
688.7204
684.3943
679.7405
674.3612
669.2427
664.3522
658.2587
653.0947
649.5063
643.7189
638.1416
633.0246
627.7053
622.5687
617.6007
612.7881
608.1180
603.5790
599.1628
594.8634
590.6733
586.5681
582.5653
578.6667
574.8661
571.1585
567.5419
564.0113
560.5627
557.1930
553.8989
550.6771
547.5336
544.4617
541.4594
538.5246
535.6553
532.8493
530.1049
527.4203
524.7936
522.2234
519.7082
517.2465
514.8395
512.4802
510.1753
507.9196
505.7118
503.5504
501.4343
499.3623
497.3335
495.3468
493.4013
491.4960
494.3314
496.2338
497.5169
498.3399
498.8261
499.0652
499.1262
499.0346
498.8239
498.5205
498.1445
497.7118
497.2349
496.7238
496.1866
495.6298
495.0583
494.4764
493.8872
493.2934
492.6988
492.1073
491.5168
490.9280
489.5491
488.7927
488.2876
487.8725
487.4792
487.0811
486.6695
486.2430
485.8032
485.3523
484.8927
484.4265
483.9553
483.4806
483.0034
482.5248
482.0454
481.5659
481.0868
480.6084
480.1311
479.6552
479.1809
478.7083
478.2377
477.7691
477.3026
476.8384
476.3764
475.9168
475.4596
475.0048
474.5525
474.1027
473.6553
473.2105
472.7681
472.3283
471.8910
471.4562
471.0240
470.5942
470.1670
469.7422
469.3200
468.9002
468.4829
468.0681
467.6557
467.2458
466.8384
466.4334
466.0308
465.6306
465.2328
464.8375
464.4445
464.0538
463.6656
463.2796
462.8960
462.5149
462.1363
461.7602
461.3865
461.0151
460.6461
460.2795
459.9151
459.5531
459.1933
458.8358
458.4805
458.2996
458.1941
458.1189
458.0539
457.9906
457.9255
457.8574
457.7864
457.7125
457.6363
457.5580
477.1976
497.4064
524.0832
547.3914
568.5716
586.7035
603.5273
623.0155
641.0612
657.8168
673.5168
688.3497
702.4605
719.8878
735.8706
750.8382
765.2150
779.2848
793.1234
806.7310
819.7303
832.4119
844.9334
857.4526
869.9800
882.3770
898.4664
913.3584
927.5525
941.2649
954.6287
967.4564
979.6483
991.3807
1002.7689
1010.1062
1014.6615
1024.6905
1034.6934
1044.5942
1054.3108
1063.9612
1073.5405
1083.0457
1092.6728
1102.5418
1112.5489
1122.5287
1132.4650
1142.3462
1152.1639
1161.9121
1171.5508
1181.0272
1188.6452
1195.6122
1202.2409
1209.2019
1216.4379
1223.7275
1231.1586
1236.7712
1167.3235
1200.1413
1213.9164
1223.7979
1231.2386
1248.4940
1261.2323
1257.5465
1255.0529
1254.6299
1254.6738
1205.6734
1235.4054
1240.3887
1241.2407
1243.3695
1245.2707
1247.4035
1249.8194
1252.4799
1254.2770
1283.3459
1290.2824
1293.0015
1293.8355
1295.6617
1298.3714
1301.6037
1304.5401
1303.5331
1303.4935
1304.5557
1327.5757
1332.1760
1326.2441
1320.8192
1317.8419
1316.8993
1344.5098
1341.7730
1335.2852
1328.4838
1324.7109
1323.2679
1322.7486
1322.8576
1323.8277
1359.7671
1346.4926
1340.2025
1330.5581
1324.4375
1321.2507
1319.2092
1361.8222
1350.6378
1342.0990
1329.2538
1316.3541
1317.5871
1317.4147
1316.2992
1312.8804
1309.6200
1343.3040
1326.8162
1312.8089
1324.5641
1303.1035
1289.5056
1274.7120
1265.8420
1258.2837
1251.5732
1193.7595
1208.6588
1212.1089
1209.4383
1205.6954
1201.7240
1197.6505
1193.5120
1189.3271
1188.2520
1186.2014
1183.4487
1180.1089
1128.1912
1144.9896
1149.2514
1101.0210
1119.3329
1124.5331
1124.2815
1077.8877
1095.5415
1100.0192
1099.1178
1097.3323
1095.2917
1093.0998
1090.7818
1088.3681
1085.8887
1083.3693
1080.8271
1078.2794
1033.1870
1053.6015
1060.0027
1061.5714
1061.9632
1061.7061
1060.9976
1059.9771
1012.9669
1031.4787
1036.8763
1003.4332
1024.2566
1031.0133
1032.4441
1031.4293
1029.1769
1026.2836
1023.0504
1019.6336
1016.1169
1012.5467
1008.9502
1005.3420
1001.7330
998.1299
994.5370
990.9576
987.3935
983.8462
980.3168
976.8059
973.3140
969.8414
966.3883
962.9556
959.5430
956.1504
952.7778
949.4239
946.0862
942.7639
939.4571
936.1665
932.8930
929.6397
926.4232
923.2330
920.0644
916.9151
913.7843
910.6717
907.5771
904.5005
901.4419
898.4012
895.3784
892.3736
889.3866
886.4173
883.4657
880.5315
877.6147
874.7151
871.8328
868.9676
866.1194
863.2881
860.4737
857.6760
854.8950
852.1305
849.3825
846.6510
843.9358
841.2368
838.5540
835.8872
833.2364
830.6015
827.9823
825.3788
822.7909
820.2185
817.6614
815.1197
812.5931
810.0816
807.5851
805.1035
802.6367
800.1847
797.7473
795.3245
792.9162
790.5223
788.1445
785.7830
783.4376
781.1081
778.7942
776.4957
774.2125
771.9445
769.6914
767.4532
765.2297
763.0208
761.8956
761.2392
760.7713
760.3673
759.9735
759.5687
759.1460
758.7047
758.2463
757.7730
757.5093
771.7521
788.4546
811.4794
832.3350
849.8032
864.3452
876.6605
887.3408
897.5869
907.3167
916.5217
925.2304
933.4891
944.9761
959.4802
972.3492
984.0425
995.1845
1005.9627
1016.4913
1027.2804
1038.2181
1049.2281
1060.4512
1071.7888
1082.4955
1092.9233
1103.2648
1113.4880
1123.6200
1133.6353
1143.5687
1153.4417
1163.1563
1172.6422
1182.1526
1191.6544
1201.1255
1210.5502
1219.8849
1233.4521
1249.9603
1260.8746
1271.6529
1282.3441
1291.0558
1304.6184
1311.3883
1319.7489
1322.1703
1325.6241
1329.9169
1333.7914
1332.4685
1331.7234
1347.4230
1362.3787
1358.1258
1351.2274
1367.0090
1372.7229
1356.7225
1344.9149
1337.3834
1332.0925
1328.7329
1326.5849
1323.3058
1321.7417
1320.8868
1359.6432
1358.7874
1345.6062
1333.7425
1323.6842
1317.0452
1313.4180
1310.4547
1308.4802
1307.7373
1305.7234
1305.1371
1305.4768
1305.9664
1306.3603
1318.9784
1328.4915
1335.5126
1340.6396
1341.2244
1342.4712
1340.5094
1339.2752
1338.2831
1337.6332
1337.6619
1338.0291
1342.7008
1345.6204
1344.1126
1343.7855
1344.0365
1344.4838
1344.3276
1343.7594
1343.2638
1342.8871
1342.4082
1341.6197
1333.7575
1327.9050
1327.2026
1322.9482
1319.1035
1315.8480
1313.4649
1311.5980
1309.2980
1306.6316
1304.2792
1300.1252
1305.0408
1303.9343
1302.9918
1300.4281
1294.1372
1288.0064
1281.0179
1273.9152
1266.0382
1259.2520
1252.3495
1245.4370
1242.3699
1237.6675
1231.8846
1225.6568
1219.2590
1212.8056
1206.3728
1200.0121
1193.7550
1187.3880
1180.8902
1174.5284
1171.5713
1167.8154
1163.6123
1159.1593
1154.5801
1149.9541
1145.3317
1140.6936
1135.8728
1131.0368
1126.3497
1121.8178
1116.4207
1111.4633
1106.8086
1102.3766
1098.1158
1093.9922
1089.8803
1085.6355
1081.4290
1077.3942
1073.5131
1069.7601
1070.3704
1069.7058
1068.2770
1066.3743
1064.1790
1061.8084
1059.3367
1056.8136
1054.2715
1051.7316
1049.1094
1021.4143
1042.1072
1049.2082
1051.1168
1050.5483
1048.6955
1046.1621
1043.2535
1040.1207
1036.8658
1033.5386
1030.1683
1026.7784
1023.3796
1019.9791
1016.5823
1013.1930
1009.8142
1006.4479
1003.0959
999.7594
996.4394
993.1366
989.8516
988.5077
986.6842
984.5812
982.0972
979.3164
976.3165
973.1753
969.9282
966.6007
963.2210
959.8090
956.3781
952.9399
949.5024
946.0712
942.6521
939.2516
935.8685
932.5021
929.1528
925.8207
922.5059
919.2093
915.9311
912.6723
909.4324
906.2106
903.0069
899.8209
896.6530
893.5032
890.3714
887.2576
884.1615
881.0833
878.0228
874.9799
871.9546
868.9466
865.9560
862.9824
860.0256
857.0859
854.1634
851.2580
848.3699
845.4990
842.6451
839.8079
836.9875
834.1837
831.3963
828.6253
825.8705
823.1321
820.4121
817.7102
815.0259
812.3591
809.7093
812.7496
812.3482
810.7416
808.7665
806.5843
804.2726
801.8789
799.4338
796.9584
794.4668
791.9691
789.4723
789.3305
788.2935
787.0546
785.8618
784.7169
783.5776
782.3275
781.1073
779.9313
778.8036
777.7150
776.6629
750.2092
732.1917
719.7449
710.7252
703.5996
697.8360
692.7755
688.6203
684.9991
682.4815
680.3087
678.5663
680.5816
681.6142
682.6382
683.8262
684.6371
685.4581
686.2401
687.0785
688.3378
689.9393
691.6532
693.4015
695.3074
697.2417
699.1544
700.8473
702.4146
703.9007
705.3226
706.6917
708.0158
709.2997
710.5469
711.7104
715.0046
715.8172
715.4908
715.2987
716.6234
717.2035
717.4549
717.7812
716.5774
715.9826
715.7320
715.4827
715.1732
714.8306
714.4697
714.0990
713.7231
713.3452
712.9946
712.4475
711.6918
710.8609
707.2387
704.7745
702.9753
701.5230
700.2745
699.8195
699.1746
698.0502
696.6836
695.2161
693.7337
692.1229
690.5059
688.9046
687.4007
688.6476
688.4036
687.6977
686.2777
684.7483
683.2171
681.8843
680.3596
679.2912
678.4476
677.9228
677.5550
677.2670
677.2870
677.4523
677.6820
677.9361
678.1952
678.4502
678.6972
679.2874
680.0309
680.8330
681.6472
682.4512
683.1235
683.7292
684.3009
684.8548
685.3988
685.9367
686.4700
686.9992
687.5242
688.1062
688.7615
689.4369
690.0569
690.5837
691.0622
691.5151
691.9537
692.3838
692.8534
692.9572
693.2034
693.1302
693.0687
690.4625
687.1088
683.3412
679.5892
675.8956
672.1201
668.3530
664.1350
659.8644
655.6958
650.7087
645.7463
640.8736
636.1117
631.5217
627.1015
622.8200
618.6115
614.4622
610.3747
606.3541
602.4021
598.5185
594.7026
590.9667
587.2943
583.6819
580.1314
576.6441
573.2205
569.8606
566.5640
563.3302
560.1585
557.0478
553.9942
550.9981
548.0594
545.1775
542.3518
539.5813
536.8650
534.2019
531.5910
529.0312
526.5217
524.0613
521.6491
519.2842
516.9657
514.6925
512.4639
510.2788
508.1364
506.0359
503.9763
501.9571
499.9772
498.0359
501.0344
502.2777
502.6233
502.5087
502.1577
501.6853
501.1508
500.5849
500.0036
499.3347
498.8758
498.3491
497.7660
497.1423
496.4902
495.8512
495.2078
494.5592
493.9090
493.2649
492.6263
491.9932
491.3659
490.7446
490.1295
489.5192
488.9159
488.3188
487.7280
487.1433
486.5644
485.9928
485.4331
484.8798
484.3326
483.7912
483.2552
482.7246
482.1989
481.6782
481.1620
480.6504
480.1430
479.6398
479.1406
478.6453
478.1537
477.6659
477.1817
476.7010
476.2239
475.7502
475.2799
474.8128
474.3491
473.8885
473.4310
472.9766
472.5253
472.0770
471.6317
471.1893
470.7499
470.3134
469.8797
469.4489
469.0209
468.5958
468.1734
467.7538
467.3369
466.9227
466.5112
466.1024
465.6962
465.2926
464.8916
464.4932
464.0973
463.7039
463.3131
462.9247
462.5388
462.1553
462.8057
462.6840
462.4540
462.1777
461.8716
461.5452
461.2048
460.8548
460.4985
460.1379
459.7747
459.4104
459.6389
459.5045
459.3577
459.2166
459.0801
458.9466
458.8154
458.6859
458.5580
458.4316
458.3069
458.1837
454.2409
451.4876
449.9270
448.9911
448.3986
448.2930
448.4442
448.9726
450.1106
451.7645
453.9449
455.9919
458.0587
463.7950
469.3465
474.8346
480.2646
485.7748
491.3094
497.0300
502.5967
508.2143
513.7663
519.1759
524.3134
529.3804
534.2273
538.9455
543.6262
548.2443
552.6506
557.1888
561.4368
565.6965
569.9090
574.0472
578.1003
582.0210
585.7418
589.3804
592.5858
597.2209
599.0919
602.1692
605.0703
608.2224
611.4162
614.4660
617.4018
620.2494
623.0233
625.7318
628.3003
630.5244
632.5173
630.5785
630.3544
630.5762
635.0146
637.1838
636.8325
638.8850
640.2219
641.2571
642.1488
642.9695
643.7548
644.5880
645.7140
646.7429
647.5548
648.2759
648.9975
649.6136
649.8188
649.8763
650.0896
650.4069
650.9739
651.6482
652.3834
653.3342
654.3938
655.6284
658.5766
664.1875
667.7730
670.6621
673.4321
676.1004
678.6689
681.1466
683.5083
685.8926
686.6775
686.6996
686.0374
686.6242
687.6984
688.9617
690.2861
691.6178
692.9301
694.2138
695.4356
696.5386
697.7156
698.9105
699.9953
701.0180
702.1199
703.2239
704.3062
705.1726
705.9121
706.5288
706.4370
706.0027
705.1844
703.8361
702.7104
698.6856
694.4334
689.7359
684.6130
679.6790
673.2048
665.8424
659.0704
652.6979
647.0216
641.3151
641.5261
638.8989
635.2903
630.9630
626.5349
622.1239
617.7790
613.5191
609.3505
605.2737
601.2871
597.3882
593.5742
589.8426
586.1907
582.6162
579.1166
575.6898
572.3338
569.0466
565.8264
562.6715
559.5803
556.5513
553.5828
550.6736
547.8222
545.0273
542.2876
539.6020
536.9692
534.3882
531.8579
529.3771
526.9449
524.5603
522.2222
519.9298
517.6821
515.4782
513.3171
511.1982
509.1204
507.0830
505.0852
503.1263
501.2053
499.3216
502.7955
504.3406
504.9630
505.1374
505.0896
504.9287
504.7079
504.4543
504.1819
503.8982
503.6075
503.3126
503.0150
502.7157
502.4155
502.1150
501.8145
501.5144
501.2148
500.9160
500.6181
500.3212
500.0254
499.7308
499.4374
498.3865
497.5575
496.8403
496.1811
495.5537
494.9453
494.3493
493.7622
493.1822
492.6080
492.0389
491.4746
490.9146
490.3587
489.8067
489.2585
488.7139
488.1729
487.6354
487.1013
486.5705
486.0431
485.5190
484.9981
484.4805
483.9661
483.4549
482.9469
482.4420
481.9403
481.4417
480.9461
480.4536
479.9642
479.4777
478.9943
478.5138
478.0363
477.5618
477.0902
476.6214
476.1556
475.6926
475.2325
474.7752
474.3208
473.8691
473.4202
472.9740
472.5305
472.0898
471.6517
471.2163
470.7836
470.3535
469.9260
469.5012
469.0789
468.6592
468.2420
467.8276
467.4158
467.0067
466.6001
466.1960
465.7945
465.3954
464.9988
464.6046
464.2129
463.8236
463.4367
463.2406
463.1266
463.0453
462.9750
462.9063
462.8355
462.7614
462.6840
462.6035
462.5204
462.4350
459.3553
457.2983
455.7256
454.3941
453.1920
452.0671
450.9939
449.9595
448.9566
447.9810
447.0301
446.1019
445.1951
444.3084
443.4411
442.5922
441.7611
440.9474
440.1503
439.3695
438.7607
438.2375
437.7597
437.3081
436.8731
436.4500
436.2920
436.2237
436.1753
436.1217
436.0556
435.9769
435.8877
435.7905
435.6874
435.5803
435.4706
435.3595
435.2478
435.1360
435.0246
434.9140
434.8045
434.6961
434.5892
434.4837
434.3797
434.2773
434.1765
434.0774
433.9799
433.8839
433.7896
433.6969
433.6058
433.5163
433.2721
432.9593
432.6177
432.2661
431.9136
431.5648
431.2218
430.8856
430.5567
430.2352
429.9211
429.6141
429.3142
429.0211
428.7345
428.4543
428.1803
427.9120
427.3937
426.7993
426.1975
425.6129
425.0524
424.5158
424.0009
423.5050
423.0257
422.5611
422.1096
421.6700
421.2412
420.8226
420.4135
420.0135
419.6221
419.2389
418.8637
418.4963
418.1363
417.7836
417.4380
417.0993
416.7673
416.4420
416.1230
415.8103
415.5038
415.2033
414.9087
414.6199
414.3366
414.0590
413.7867
413.5198
413.2580
413.0013
412.7497
412.5029
412.2609
412.0236
411.7910
411.5628
411.3391
411.1197
411.4375
411.5932
411.6695
411.7057
411.7211
411.7251
411.7225
411.7158
411.7065
411.6953
411.6828
411.6693
411.6551
411.6048
411.5393
411.4679
411.3949
411.3219
411.2496
411.1782
411.1078
411.0383
410.9697
410.9018
410.8346
410.7680
410.7020
410.6366
410.5717
410.5072
410.4433
410.3797
410.3166
410.2539
410.1917
410.1298
410.0683
410.0071
409.9464
409.8861
409.8261
409.7665
409.7073
409.6484
409.5899
409.5318
409.4740
409.4165
409.3594
409.3027
409.2463
409.1902
409.1345
409.0791
409.0240
408.9693
408.9149
408.8608
408.8071
408.7537
408.7005
408.6478
408.5953
408.5431
408.4913
408.4398
408.3885
408.3376
408.2870
408.2367
408.1867
408.1370
408.0876
408.0384
407.9896
407.9411
407.8929
407.8450
407.7973
407.7500
407.7029
407.6561
407.6096
407.5634
407.5174
407.4718
407.4264
407.3813
407.3364
407.2918
407.2475
407.2035
407.1597
407.1162
407.0730
407.0300
406.9873
406.9449
406.9026
406.8607
406.8190
406.7775
406.7363
406.6954
406.6547
406.6142
406.5740
406.5340
406.4943
406.4548
406.4155
406.3765
406.3377
406.2992
406.2609
406.2228
406.1850
406.1474
406.1101
406.0729
406.0360
405.9993
405.9629
405.9266
405.8906
405.8548
405.8193
405.7839
405.7488
405.7139
405.6791
405.6447
405.6104
405.5763
405.5424
405.5088
405.4753
405.4421
405.4090
405.3762
405.3435
405.3111
405.2788
405.2468
405.2149
405.1832
405.1518
405.1206
405.0895
405.0587
405.0280
404.9975
404.9673
404.9372
404.9073
404.8776
404.8480
404.8187
404.7895
404.7605
404.7317
404.7031
404.6746
404.6463
404.6182
404.5903
404.5625
404.5349
404.5075
404.4802
404.4531
404.4262
404.3994
404.3728
404.3464
404.3202
404.2941
404.2681
404.2424
404.2167
404.1913
404.1660
404.3949
404.7148
405.0572
405.3955
405.7211
406.0325
406.3312
406.6191
406.8983
407.1704
407.4367
407.6982
407.9558
408.2100
408.4613
408.7099
408.9562
409.2004
409.4425
409.6828
409.9213
410.1580
410.3931
410.6266
410.8585
411.0888
411.3177
411.5451
411.7711
411.9956
412.2187
412.4405
412.6608
412.8798
413.0975
413.3139
413.5289
413.7426
413.9549
414.1660
414.3758
414.5843
414.7916
414.9976
415.2023
415.4058
415.6081
415.8092
415.7551
415.6088
415.4390
415.2722
415.1172
414.9752
414.8450
414.7245
414.6118
414.5051
414.4033
414.3052
414.2101
414.1174
414.0267
413.9376
413.8500
413.7637
413.6784
413.5941
413.5107
413.4281
413.3462
413.2651
413.1846
413.1047
413.0254
412.9467
412.8686
412.7909
412.7138
412.6372
412.5611
412.4855
412.4104
412.3357
412.2616
412.1878
412.1146
412.0417
411.9694
411.8974
411.8259
411.7549
411.6842
411.6140
411.5442
411.4748
411.4058
411.3372
411.2691
411.2013
411.1339
411.0669
411.0004
410.9342
410.8684
410.8030
410.7379
410.6733
410.6090
410.5451
410.4816
410.4184
410.3556
410.2932
410.2312
410.1695
410.1082
410.0472
409.9866
409.9263
409.8664
409.8069
409.7476
409.6888
409.6303
409.5721
409.5143
409.4568
409.3997
409.3429
409.2864
409.2302
409.1744
409.1189
409.0638
409.0089
408.9544
408.9002
408.8463
408.7927
408.7394
408.6865
408.6338
408.5815
408.5295
408.4778
408.4264
408.3753
408.3245
408.2740
408.2239
408.1740
408.1244
408.0751
408.0261
407.9775
407.9291
407.8810
407.8332
407.7857
407.7384
407.6915
407.6448
407.5985
407.5524
407.5065
407.4610
407.4157
407.3707
407.3260
407.2816
407.2374
407.1935
407.1498
407.1064
407.0633
407.0204
406.9778
406.9355
406.8934
406.8515
406.8099
406.7686
406.7275
406.6867
406.6461
406.6057
406.5656
406.5258
406.4861
406.4468
406.4076
406.3687
406.3301
406.2916
406.2535
406.2155
406.1778
406.1403
406.1030
406.0660
406.0292
405.9926
405.9562
405.9201
405.8842
405.8485
405.8130
405.7777
405.7426
405.7078
405.6731
405.6387
405.6044
405.5704
405.5366
405.5030
405.4696
405.4364
405.4034
405.3705
405.3379
405.3055
405.2733
405.2412
405.2094
405.1778
405.1463
405.1150
405.0839
405.0530
405.0223
404.9918
404.9615
404.9313
404.9013
404.8715
404.8419
404.8125
404.7832
404.7541
404.7252
404.6965
404.6679
404.6395
404.6113
404.5832
404.5553
404.5276
404.5000
404.5015
404.4949
404.4824
404.4657
404.4463
404.4248
404.4020
404.3783
404.3540
404.3293
404.3042
404.2790
404.2536
404.2341
404.2183
404.2046
404.1924
404.1811
404.1704
404.1601
404.1503
404.1407
404.1313
404.1222
403.8281
403.6124
403.7822
404.1191
404.4878
405.1342
405.8522
406.6975
410.0301
413.4530
418.8783
423.7526
428.1426
432.8585
438.3327
444.3049
450.4935
456.7481
462.9183
469.2873
475.4192
481.5791
487.6145
493.5461
499.3035
505.0088
510.6080
516.0867
521.7305
527.0442
532.3470
537.5274
542.6370
547.4175
551.8599
556.3520
560.8328
565.3590
567.9738
571.3871
575.0768
581.0972
583.6505
588.8256
593.3384
597.4802
601.2800
604.8800
608.2787
611.6127
614.8736
617.8432
620.5572
622.7653
624.6526
626.5053
628.0235
629.6234
631.2105
632.7594
634.2751
635.7536
637.1999
636.7936
637.1021
637.8354
638.9144
640.0694
641.1657
642.1704
643.1739
644.3130
645.5070
646.6474
647.7454
648.9977
650.0942
651.2768
651.7161
651.6353
651.3315
651.1199
651.0364
651.2204
651.5448
651.9435
652.4098
652.9357
653.5131
654.1347
654.8607
655.7409
656.4899
657.2008
657.9114
658.6160
659.4068
660.2297
660.8733
661.4378
661.9681
662.4839
662.9911
663.4934
663.9927
664.4892
664.9828
665.4732
665.9670
666.3694
666.7516
667.1213
667.6021
668.1090
668.5954
669.0510
669.4815
669.8916
670.2843
670.6044
670.6517
667.7661
664.8762
661.1197
657.2610
652.4999
648.0772
642.0616
636.6871
631.7216
627.0270
622.7987
618.3408
614.9497
611.2000
607.2449
603.1961
599.1202
595.0672
591.0636
587.1233
583.2534
579.4577
575.7376
572.0949
568.5237
565.0283
561.6089
558.2633
554.9888
551.7839
548.6468
545.5757
542.5689
539.6247
536.7381
533.9086
531.1432
528.4399
525.7965
523.2110
520.6817
518.2069
515.7851
513.4148
511.0951
508.8249
506.6028
504.4272
502.2969
500.2109
498.1683
496.1681
494.2094
492.2913
490.4129
488.5734
486.7718
485.0075
483.2797
486.5132
488.5269
489.7452
490.4403
490.7880
490.9022
490.8573
490.7022
490.4693
490.1806
489.8507
489.4899
489.1054
488.7022
488.2844
487.8547
487.4155
486.9686
486.5152
486.0563
485.5927
485.1253
