473.9997
473.4399
472.8899
472.3491
471.8170
471.2931
470.7770
470.2683
469.7669
469.2723
468.7844
468.3028
467.8273
467.3579
466.8944
466.4368
465.9849
465.5384
465.0972
464.6611
464.2299
463.8036
463.3819
462.9647
462.5519
462.1434
461.7390
461.3387
460.9422
460.5495
460.1606
459.7753
459.3935
459.0152
458.6403
458.2687
457.9004
457.5353
457.1733
456.8143
456.4584
456.1054
455.7553
455.4080
455.0635
454.7218
454.3827
454.0463
453.7126
453.3813
453.0526
452.7264
452.4027
452.0814
451.7624
451.4458
451.1315
450.8195
450.5098
450.2023
449.8970
449.5938
449.3610
449.1388
448.9204
448.7023
448.4827
448.2602
448.0344
447.8048
447.5715
447.3345
447.0941
446.8505
447.2741
447.6519
447.9863
448.2810
448.5397
448.7659
448.9627
449.1330
449.2794
449.4043
449.5097
449.5976
449.3993
449.0088
448.5139
447.9691
447.4102
446.8706
446.3666
450.2254
453.9355
461.5431
472.6879
482.7581
491.8707
504.2122
515.5499
526.0081
535.6918
544.8158
553.3711
561.3945
568.8232
575.7974
582.3899
588.6790
590.7215
593.1349
599.8129
606.1485
612.1726
617.9186
623.3893
628.6365
633.6168
638.3637
642.7333
646.8177
650.6956
650.4501
646.7632
647.8340
648.9978
650.1386
647.3593
645.5528
644.4461
643.9900
640.0805
637.2589
635.3306
634.1343
633.5354
630.5661
628.1724
629.6899
631.1746
636.5372
640.8136
644.2754
647.1311
649.6220
651.7965
653.5476
655.1561
656.6512
658.0494
659.3638
660.6059
661.7939
662.9418
664.0509
665.1092
666.0845
666.9433
667.6717
668.2176
672.6175
676.1041
678.9467
677.4565
680.3323
682.6696
680.8540
683.4995
685.8263
687.9438
686.0945
685.2416
685.1173
685.5296
686.3388
687.4437
684.8713
683.2263
682.2482
681.7490
681.6022
681.7367
685.9831
689.4794
692.4088
694.8892
697.0495
699.1030
700.9697
702.6831
704.2675
705.5470
706.6548
707.6492
708.5696
709.2435
705.9025
703.3198
705.2261
706.7609
708.0166
709.0591
709.9397
710.6981
711.2024
707.7010
704.7480
701.8563
698.8813
695.6168
692.1906
688.6964
684.7200
680.4944
676.1976
670.5227
665.1665
659.9898
654.9236
649.9747
645.1483
640.4440
635.8595
631.3818
627.0043
622.7230
618.5345
614.4356
610.4172
606.4408
602.5103
598.6290
594.7992
591.0229
587.3016
583.6364
580.0281
576.4774
572.9848
569.5507
566.1752
562.8586
559.6007
556.4010
553.2592
550.1747
547.1470
544.1756
541.2596
538.3986
535.5917
532.8383
530.1375
527.4891
524.8922
522.3465
519.8517
517.4070
515.0118
512.6652
510.3665
508.1149
505.9094
503.7493
501.6336
498.6157
496.0642
493.8881
492.0141
490.3830
488.9477
487.6702
486.5205
485.4743
484.5123
483.6188
482.7816
481.9909
481.2389
480.5193
479.8271
479.1583
478.5098
477.8789
477.2635
476.6622
476.0734
475.4962
474.9295
474.3727
473.8251
473.2861
472.7553
472.2324
471.7169
471.2088
470.7075
470.2130
469.7250
469.2432
468.7675
468.2979
467.8341
467.3759
466.9233
466.4760
466.0339
465.5968
465.1645
464.7371
464.3143
463.8959
463.4820
463.0722
462.6666
462.2650
461.8673
461.4734
461.0833
460.6968
460.3139
459.9344
459.5584
459.1857
458.8163
458.4501
458.0872
457.7274
457.3706
457.0169
456.6661
456.3182
455.9732
455.6309
455.2914
454.9545
454.6203
454.2885
453.9591
453.6319
453.3071
452.9846
452.6643
452.3463
452.0305
451.7169
451.4054
451.0961
450.7889
450.5517
450.3254
450.1028
449.8806
449.6570
449.4307
449.2011
448.9679
448.7310
448.4905
448.2467
447.9998
448.4323
448.8182
449.1599
449.4613
449.7261
449.9578
450.1596
450.3344
450.4848
450.6132
450.7217
450.8122
450.6106
450.2119
449.7160
449.1828
448.6515
448.1553
447.7098
447.3232
451.3123
459.2734
466.3690
472.8091
478.6741
492.3455
504.7315
515.9813
526.2491
535.7002
540.4896
549.2901
557.4982
565.2191
572.5244
575.5335
574.8945
583.0387
590.6074
597.6780
604.3126
610.5624
616.4809
622.1056
627.4717
632.5747
637.4546
642.1150
638.5297
632.1363
630.9802
630.1136
629.5750
629.4140
629.6119
626.2395
627.9312
629.8442
631.9549
634.2346
636.6537
639.1884
641.8208
640.5350
640.0250
644.1303
647.9853
655.6657
662.4176
668.4305
673.8457
678.7730
683.2465
691.3246
694.5803
697.8959
701.1732
704.3963
707.5244
710.5361
713.4101
716.0482
718.4529
720.6063
722.0788
722.6860
726.5519
729.2949
731.2043
732.5638
733.4808
734.0630
734.4324
734.7329
734.9415
735.1145
735.2813
731.6805
728.9249
726.8619
725.3340
724.2296
723.4585
719.1728
715.4557
712.3349
709.7624
707.6613
705.9546
708.3780
710.1310
711.4633
712.4900
713.2901
713.9257
714.4517
715.1868
716.0135
713.0719
714.8500
716.4041
713.9774
712.0520
714.3951
716.7259
718.6888
720.4116
721.9699
723.4111
724.7685
726.0660
727.3214
732.0126
733.3056
734.5860
731.2566
727.6242
723.7268
719.5484
714.8690
709.9997
705.0428
698.7149
692.6946
686.9011
681.1713
675.5537
670.0845
664.7737
659.6216
654.6008
649.6988
644.9103
640.2304
635.6546
631.1791
626.7997
622.5165
618.3232
614.2153
610.1903
606.2453
602.3770
598.5634
594.7935
591.0697
587.3941
583.7682
580.1943
576.6739
573.2080
569.7975
566.4433
563.1456
559.9047
556.7205
553.5931
550.5221
547.5071
544.5477
541.6436
538.7936
535.9975
533.2549
530.5650
527.9272
525.3408
522.8052
520.3195
517.8830
515.4949
513.1544
509.7908
506.9282
504.4710
502.3416
500.4775
498.8287
497.3551
496.0248
494.8116
493.6946
492.6569
491.6850
490.7681
489.8976
489.0663
488.2687
487.5001
486.7569
486.0361
485.3352
484.6522
483.9855
483.3335
482.6952
482.0697
481.4560
480.8535
480.2615
479.6795
479.1069
478.5433
477.9884
477.4416
476.9028
476.3716
475.8476
475.3306
474.8202
474.3162
473.8184
473.3267
472.8407
472.3604
471.8855
471.4159
470.9514
470.4918
470.0371
469.5869
469.1413
468.7000
468.2630
467.8301
467.4013
466.9765
466.5556
466.1386
465.7252
465.3156
464.9095
464.5068
464.1074
463.7113
463.3184
462.9286
462.5419
462.1582
461.7773
461.3993
461.0242
460.6518
460.2820
459.9150
459.5506
459.1888
458.8295
458.4728
458.1186
457.7669
457.4176
457.0708
456.7264
456.3843
456.0447
455.7526
455.4565
455.1600
454.8662
454.5758
454.2889
454.0049
453.7229
453.4423
453.1622
452.8823
452.6020
453.0674
453.4850
453.8580
454.1904
454.4856
454.7470
454.9773
455.1791
455.3548
455.5065
455.6363
455.7460
455.5386
455.1175
454.5859
453.9991
453.3909
457.1105
460.2218
462.8816
465.2768
467.4702
469.4949
475.6360
481.1588
490.2709
498.6147
506.3493
513.4656
519.9639
525.9712
531.5924
536.7620
545.5757
553.3866
560.8147
567.8566
574.3951
576.8112
579.6540
582.7975
586.1424
589.7839
593.5891
597.4864
601.4518
601.3379
601.9372
599.0542
597.2193
596.2378
599.8655
607.4043
610.2176
613.2930
616.4146
619.5793
622.7571
625.9284
629.0793
632.1992
639.2659
645.5567
647.2196
649.0510
650.9144
656.7478
665.7595
673.3534
679.7983
685.3045
690.0896
694.2258
697.8805
701.0349
699.9498
695.3908
691.8157
689.0068
686.8129
685.1376
683.8815
682.9565
682.2857
681.7932
681.3578
684.9309
687.8348
694.0645
699.0241
703.0044
706.2132
708.8144
710.9664
712.7843
714.3778
712.0797
710.8286
710.3608
710.4902
711.0624
711.9602
713.0846
710.6088
709.2034
708.5759
712.2155
715.1148
717.4402
719.3986
721.0327
722.4513
723.7234
724.8928
726.0179
727.1214
728.2109
729.2908
730.3640
731.4318
728.8421
727.3715
726.6647
730.1505
732.8615
734.8645
736.4268
737.7600
738.8925
736.2212
730.8110
727.0582
724.4159
722.2563
720.1383
717.6059
711.8260
706.4233
701.2490
696.0377
690.7252
685.4610
680.4424
675.6234
670.9682
666.3236
661.7293
657.2205
652.8154
648.5261
644.3000
640.1217
635.9942
631.9213
627.9059
623.9501
620.0544
616.2388
612.4867
608.7908
605.1513
601.5683
598.0420
594.5727
591.1603
587.8044
584.5040
581.2599
578.0668
574.9238
571.8309
568.7883
565.7957
562.8530
559.9600
557.1164
554.3217
551.5756
548.8774
546.2266
543.6224
541.0618
538.5451
536.0725
533.6433
531.2572
528.9135
526.6116
524.3510
522.1311
519.9511
517.8106
514.5204
511.7556
509.4213
507.4393
505.7466
504.2919
503.0317
501.9328
500.9703
500.1213
499.3669
498.6915
498.0819
497.5275
497.0191
496.5494
496.1121
495.7020
495.3150
494.9474
494.5942
494.2534
493.9234
493.6048
493.2945
492.9136
492.4709
491.9804
491.4538
490.9004
490.3277
489.7414
489.1463
488.5460
487.9435
487.3411
486.7406
486.1434
485.5508
484.9634
484.3819
483.8068
483.2383
482.6767
482.1221
481.5744
481.0337
480.4999
479.9727
479.4521
478.9379
478.4299
477.9279
477.4319
476.9415
476.4567
475.9772
475.5029
475.0336
474.5692
474.1094
473.6542
473.2034
472.7569
472.3145
471.8761
471.4416
471.0109
470.5838
470.1603
469.7402
469.3235
468.9101
468.4999
468.0927
467.6887
467.2876
466.8894
466.4941
466.1016
465.7119
465.3248
464.9404
464.5586
464.2517
463.9599
463.6746
463.3918
463.1093
462.8253
462.5389
462.2495
461.9569
461.6608
461.3615
461.0599
461.6084
462.0981
462.5335
462.9198
463.2617
463.5634
463.8283
464.0599
464.2610
464.4344
464.5824
464.7074
464.5085
464.0907
463.5211
462.8396
466.3771
473.1815
478.9367
483.8522
488.1789
496.1147
503.1086
509.3135
514.8583
520.1578
525.2689
530.2677
535.1843
540.0114
540.8004
546.1723
551.3797
556.4565
561.4258
566.3187
563.1926
565.3057
571.7541
577.7972
583.6182
589.1917
594.4854
599.4237
604.0497
608.4244
612.5681
616.5036
620.2523
619.9102
624.0802
628.0070
631.7683
635.2960
638.8242
638.2637
638.3108
638.9155
639.9138
641.2112
642.7446
644.4657
646.3574
648.3929
646.5995
645.6435
645.2737
645.4016
649.6913
653.3511
656.5062
655.2841
654.4732
651.1020
648.2008
645.6365
643.3476
641.2927
639.4388
637.7486
636.2193
634.7895
637.3592
639.4635
641.1162
642.3539
643.2073
647.8110
651.4121
654.3208
656.7232
662.6142
667.3354
671.3303
674.6692
673.6532
672.9722
672.4761
672.0981
672.0163
672.2578
672.7779
673.4995
674.3225
679.0184
682.9711
686.2574
688.9883
691.2739
693.2088
694.8704
696.3206
697.8631
699.3775
700.8706
702.3281
703.7555
705.1595
706.5445
704.2104
702.9111
706.0624
708.6262
710.5076
712.0315
713.3244
714.4661
715.5116
716.4961
713.6887
711.7881
710.5216
709.5464
704.9461
701.2162
697.8419
694.5296
691.3642
688.3531
683.0492
678.0520
673.2051
668.4802
663.8342
655.7208
649.4553
643.9990
638.9231
634.0560
629.3314
624.7252
620.2288
615.8387
611.5524
607.3676
603.2815
599.2911
595.3933
591.5847
587.8622
584.2227
580.6634
577.1814
573.7743
570.4396
567.1752
563.9789
560.8489
557.7833
554.7803
551.8384
548.9560
546.1316
543.3637
540.6511
537.9925
535.3866
532.8323
530.3284
527.8738
525.4675
523.1085
520.7957
518.5283
516.3052
514.1255
511.9884
509.8929
507.8383
505.8238
503.8484
501.9115
500.6570
500.3531
500.3610
500.4230
500.4461
500.4064
500.3058
500.1548
499.9647
499.7453
499.5048
499.2489
498.9823
498.7082
498.4289
498.1462
497.8613
497.5751
497.2884
497.0015
496.7149
496.4288
496.1435
495.8591
495.5756
495.0390
494.4128
493.7655
493.1238
492.4963
491.8844
491.2868
490.7016
490.1267
489.5606
489.0018
488.4496
487.9031
487.3618
486.8251
486.2927
485.7644
485.2400
484.7192
484.2021
483.6884
483.1782
482.6713
482.1675
481.6669
481.1693
480.6749
480.1835
479.6951
479.2098
478.7274
478.2480
477.7715
477.2980
476.8273
476.3595
475.8947
475.4326
474.9734
474.5170
474.0634
473.6126
473.1645
472.7192
472.2766
471.8366
471.3994
470.9648
470.5328
470.1035
469.6768
469.2526
468.8310
468.4120
467.9955
467.5816
467.1701
466.7612
466.3547
465.9509
465.5497
465.1511
464.7550
464.3615
463.9706
463.5820
463.1960
462.8123
462.4311
462.0522
461.6757
461.9971
462.1435
462.2021
462.2135
462.1976
462.1640
462.1181
462.0630
462.0006
461.9325
461.8597
461.7830
460.6961
459.2896
457.8340
456.4266
455.0943
453.8374
452.6476
451.5150
450.4309
449.3878
448.3801
447.4034
446.4543
445.5302
444.6290
443.7492
442.8895
442.0488
441.2263
440.4213
439.6331
438.8612
438.1051
437.3643
436.6384
435.9271
435.2300
434.5468
433.8770
433.2206
432.5770
431.9461
431.3276
430.7212
430.1267
429.5439
428.9723
428.4120
427.8626
427.3238
426.7956
426.2776
425.7697
425.2717
424.7833
424.3044
423.8348
423.3743
422.9227
422.4799
422.0456
421.6197
421.2020
420.7924
420.3907
419.9968
419.6105
419.2316
418.8600
418.4957
418.1383
417.7879
417.4442
417.1072
416.7767
416.4526
416.1348
415.8231
415.5174
415.2177
414.9237
414.6354
414.3527
414.0754
413.8034
413.5366
413.2749
413.0182
412.7665
412.5196
412.2774
412.0399
411.8071
411.5787
411.3547
411.1350
410.9196
410.7084
410.5012
410.2981
410.0988
409.9034
409.7118
409.5240
409.3397
409.1590
408.9818
408.8080
408.6376
408.4704
408.3065
408.1458
407.9881
407.8335
407.6819
407.5332
407.3874
407.2444
407.1042
406.9667
406.8318
406.6996
406.5699
406.4427
406.3180
406.1956
406.0757
405.9581
405.8427
405.7296
405.7090
405.7215
405.7426
405.7626
405.7784
405.7895
405.7964
405.7998
405.8004
405.7990
405.7959
405.7916
405.7218
405.6679
405.6218
405.5798
405.5402
405.5022
405.4653
405.4293
405.3940
405.3594
405.3253
405.2917
405.2586
405.2258
405.1934
405.1613
405.1295
405.0980
405.0667
405.0357
405.0049
404.9743
404.9439
404.9138
404.8838
404.8541
404.8245
404.7952
404.7660
404.7371
404.7083
404.6797
404.6513
404.6230
404.5949
404.5671
404.5393
404.5118
404.4844
404.4571
404.4301
404.4032
404.3764
404.3499
404.3235
404.2972
404.2711
404.2452
404.2194
404.1938
404.1683
404.1430
404.1179
404.0929
404.0681
404.0434
404.0188
403.9944
403.9702
403.9461
403.9222
403.8984
403.8747
403.8512
403.8278
403.8046
403.7815
403.7586
403.7358
403.7131
403.6906
403.6682
403.6459
403.6238
403.6018
403.5800
403.5583
403.5367
403.5152
403.4939
403.4727
403.4517
403.4308
403.4100
403.3893
403.3687
403.3483
403.3280
403.3078
403.2878
403.2678
403.2480
403.2283
403.2087
403.1893
403.1699
403.1507
403.1316
403.1126
403.0937
403.0749
403.0562
403.0377
403.0193
403.0009
402.9827
402.9646
402.9466
402.9287
402.9109
402.8933
402.8757
402.8582
402.8409
402.8236
402.8065
402.7894
402.7725
402.7556
402.7389
402.7222
402.7057
402.6892
402.6729
402.6566
402.6405
402.6244
402.6085
402.5926
402.5769
402.5612
402.5456
402.5302
402.5148
402.4995
402.4844
402.4693
402.4543
402.4394
402.4246
402.4100
402.3954
402.3809
402.3664
402.3521
402.3379
402.3237
402.3096
402.2957
402.2818
402.2680
402.2542
402.2406
402.2270
402.2136
402.2002
402.1869
402.1736
402.1605
402.1475
402.1345
402.1216
402.1088
402.0960
402.0834
402.0708
402.0583
402.0459
402.0335
402.0213
402.0091
401.9970
401.9849
401.9730
401.9611
401.9493
401.9375
401.9258
401.9142
401.9027
401.8913
401.8799
401.8686
401.8573
401.8462
401.8351
401.8240
401.8131
401.8022
401.7913
401.7806
401.7699
401.7593
401.7487
401.7382
401.7278
401.7174
401.7071
401.6969
401.6867
401.6766
401.6665
401.6565
401.6466
401.6367
401.6269
401.6171
401.6074
401.5978
401.5882
401.5787
401.5692
401.5598
401.5504
401.5411
401.5318
401.5227
401.5135
401.5044
401.4954
401.4864
401.4775
401.4686
401.4598
401.4511
401.4423
401.4337
401.4251
401.4165
401.4080
401.4494
401.5485
401.6984
401.8884
402.1080
402.3487
402.6039
402.8687
403.1394
403.4135
403.6891
403.9651
404.2405
404.5148
404.7876
405.0586
405.3278
405.5950
405.8602
406.1234
406.3847
406.6439
406.9013
407.1568
407.4104
407.6125
407.7551
407.8452
407.8936
407.9107
407.9052
407.8836
407.8509
407.8108
407.7659
407.7179
407.6681
407.6174
407.5664
407.5156
407.4651
407.4150
407.3656
407.3169
407.2688
407.2213
407.1745
407.1282
407.0826
407.0374
406.9928
406.9487
406.9051
406.8619
406.8191
406.7767
406.7346
406.6930
406.6516
406.6107
406.5700
406.5296
406.4895
406.4498
406.4103
406.3710
406.3321
406.2934
406.2549
406.2167
406.1788
406.1411
406.1036
406.0664
406.0294
405.9926
405.9560
405.9197
405.8836
405.8477
405.8120
405.7766
405.7413
405.7063
405.6716
405.6370
405.6026
405.5685
405.5346
405.5009
405.4674
405.4341
405.4010
405.3681
405.3354
405.3029
405.2706
405.2385
405.2066
405.1749
405.1434
405.1120
405.0809
405.0500
405.0192
404.9886
404.9583
404.9281
404.8980
404.8682
404.8385
404.8091
404.7798
404.7506
404.7217
404.6929
404.6643
404.6359
404.6076
404.5796
404.5516
404.5239
404.4963
404.4689
404.4416
404.4145
404.3876
404.3609
404.3343
404.3078
404.2815
404.2554
404.2294
404.2036
404.1780
404.1525
404.1271
404.1020
404.0769
404.0520
404.0273
404.0027
403.9783
403.9540
403.9298
403.9058
403.8820
403.8583
403.8347
403.8113
403.7880
403.7649
403.7419
403.7191
403.6963
403.6738
403.6513
403.6290
403.6068
403.5848
403.5629
403.5411
403.5194
403.4979
403.4765
403.4553
403.4341
403.4131
403.3923
403.3715
403.3509
403.3304
403.3100
403.2898
403.2696
403.2496
403.2297
403.2100
403.1903
403.1708
403.1514
403.1321
403.1129
403.0939
403.0749
403.0561
403.0374
403.0188
403.0003
402.9820
402.9361
402.8935
402.8537
402.8164
402.7813
402.7481
402.7165
402.6865
402.6578
402.6303
402.6039
402.5786
402.5892
402.5981
402.6054
402.6116
402.6167
402.6209
402.6243
402.6270
402.6292
402.6307
402.6318
402.6324
402.6385
402.6225
402.6239
402.6546
402.7145
402.8147
402.9575
407.4544
411.7828
420.0875
427.6773
438.8108
448.8276
457.9459
466.3655
474.2065
481.5703
488.5815
491.2890
502.4349
512.7704
522.4275
531.4984
536.0907
536.8452
550.2329
562.2955
573.2096
583.1205
592.1763
600.5133
608.2243
615.3723
622.0175
628.2209
634.0366
635.6813
633.7805
636.5973
639.5657
642.6506
645.8085
649.0108
648.3813
648.4748
649.1688
650.3551
651.9393
653.8529
656.0113
658.3317
660.7458
663.2242
669.7887
675.6848
677.0819
678.6488
680.1715
681.7151
682.9424
684.0390
681.2017
679.0771
673.6163
669.3406
666.0028
663.4058
661.3968
659.8211
658.5808
657.6005
656.8008
656.1330
659.4967
662.4523
664.8086
670.5361
675.0637
678.5860
685.1778
690.2127
694.0297
696.9306
699.1908
700.9939
698.7338
697.3049
696.6099
696.5185
696.9024
697.7391
698.8968
700.2634
701.7802
703.4070
705.1401
706.9444
709.0209
714.9931
720.0710
724.4929
728.4354
728.2236
732.3324
735.8948
739.0365
741.6831
743.9480
745.9658
744.0586
746.6883
748.9939
751.0422
752.8555
754.4619
755.8835
757.1797
758.2824
759.2426
759.9578
760.5325
749.5079
740.1600
731.9619
724.6860
718.1060
712.0434
706.2424
700.6999
695.4173
690.1192
684.9786
680.2991
673.9556
668.0016
662.3701
656.9548
651.7565
646.7166
641.8073
637.0197
632.3528
627.8030
623.3656
619.0375
614.8557
610.7766
606.7809
602.8650
599.0263
595.2628
591.5728
587.9547
584.4070
580.9285
577.5178
574.1682
570.8783
567.6471
564.4739
561.3580
558.2985
555.2947
552.3459
549.4514
546.6104
543.8220
541.0856
538.3875
535.7283
533.1090
530.5303
527.9925
525.4958
523.0404
520.6263
518.2536
515.9220
513.6314
511.3815
508.0912
505.2641
502.8078
500.6510
498.7387
497.0282
495.4862
494.0847
492.8009
491.6163
490.5158
489.4867
488.5189
487.6038
486.7343
485.9045
485.1094
484.3450
483.6076
482.8944
482.2030
481.5315
480.8782
480.2413
482.1349
483.1178
483.5925
483.7655
483.7485
483.6057
483.3763
483.0851
482.7492
482.3804
481.9872
481.5758
481.1507
480.7154
480.2728
479.8248
479.3731
478.9189
478.4631
478.0067
477.5501
477.0939
476.6384
476.1840
475.7310
475.2796
474.8299
474.3821
473.9362
473.4924
473.0508
472.6114
472.1742
471.7393
471.3068
470.8766
470.4487
470.0233
469.6002
469.1795
468.7611
468.3452
467.9317
467.5206
467.1119
466.7055
466.3016
465.9000
465.5008
465.1040
464.7096
464.3175
463.9278
463.5404
463.1553
462.7725
462.3920
462.0138
461.6379
461.2642
460.8931
460.5244
460.1582
459.7944
459.4329
459.0738
458.7170
458.3624
458.0101
457.6600
457.3122
456.9665
457.2564
457.3892
457.4427
457.4534
457.4390
457.4085
457.3667
457.3164
457.2594
457.1971
457.1304
457.0602
463.6054
470.0189
476.3653
482.9072
493.2408
504.0080
515.1147
526.4445
542.4903
558.4930
574.3866
590.1224
605.6641
629.6384
652.9277
675.5185
697.4279
718.6890
739.3347
759.3945
778.8631
797.7665
816.1378
834.0185
847.1188
860.1106
877.3197
894.2728
910.9477
927.3347
939.1060
946.5657
954.3164
962.3069
970.4968
978.8542
987.1901
995.3676
1003.6377
1011.9852
1024.7169
1037.1756
1049.3766
1057.0075
1069.0741
1080.9369
1092.6194
1104.1306
1115.4789
1126.6725
1137.7182
1144.2961
1151.0585
1162.3054
1173.6501
1188.7906
1203.2898
1217.2071
1226.2725
1235.1739
1243.9342
1252.4058
1254.5618
1260.2910
1266.0303
1271.9593
1277.9266
1284.5853
1291.8663
1298.0019
1303.5186
1308.6166
1317.6525
1321.6299
1328.9892
1331.1780
1333.1675
1335.1789
1337.1668
1339.1757
1341.2124
1343.2886
1349.6371
1357.4130
1361.0780
1364.5931
1367.8549
1371.0090
1374.1268
1377.2434
1380.3237
1379.0304
1377.8434
1376.8361
1377.2635
1378.3886
1383.1167
1387.0870
1390.5660
1393.7334
1394.0839
1398.7239
1398.1906
1401.5060
1404.3279
1406.8548
1409.1547
1411.2876
1409.0157
1409.2940
1408.4753
1411.4742
1413.4678
1414.9037
1416.0322
1416.9322
1420.9172
1422.7209
1424.6874
1421.1499
1417.2592
1414.0276
1411.0155
1403.8260
1396.9094
1390.2981
1386.5251
1381.6724
1376.3288
1372.2818
1362.3843
1352.5364
1342.3558
1332.4210
1322.7282
1313.3128
1299.6386
1289.3430
1279.8028
1270.6920
1261.9955
1253.6800
1245.7112
1238.0577
1230.6916
1223.8671
1217.4085
1211.2396
1205.2961
1195.5204
1188.6683
1182.3426
1172.3299
1165.4295
1159.1087
1153.1598
1143.7617
1137.3069
1131.3559
1125.7073
1120.3537
1115.2640
1110.4081
1105.7588
1101.2934
1096.9929
1092.8419
1088.8271
1084.9379
1077.7311
1073.3827
1069.4935
1065.9391
1062.6711
1059.6288
1056.7645
1054.0435
1047.8303
1044.1346
1040.8049
1018.2579
1011.1180
1008.6379
1007.4879
1006.3984
1004.9387
1003.0254
1000.7033
998.0536
995.1566
992.0804
988.8783
985.5888
982.2420
978.8595
975.4572
972.0463
968.6349
965.2287
961.8318
958.4471
955.0766
951.7219
948.3838
945.0641
941.7629
938.4805
935.2170
931.9720
928.7446
925.5336
922.3386
919.1593
915.9960
912.8499
909.7271
906.6279
903.5511
900.4954
897.4596
894.4429
891.4447
888.4644
885.5019
882.5570
879.6295
876.7193
873.8263
870.9501
868.0908
865.2482
862.4223
859.6131
856.8206
854.0445
851.2849
848.5417
845.8148
843.1042
840.4096
837.7312
835.0688
832.4224
829.7917
827.1769
824.5776
821.9939
819.4257
816.8729
814.3354
811.8130
809.3058
806.8134
804.3360
801.8733
799.4253
796.9919
794.5731
792.1687
789.7786
787.4029
785.0414
782.6939
780.3605
778.0450
775.7464
773.4643
771.1982
768.9477
766.7127
764.4927
762.2877
760.0974
757.9216
755.7602
753.6130
755.4144
756.2402
756.5725
756.6389
756.5498
756.3605
756.1010
755.7890
755.4357
755.0495
754.6363
754.2750
758.5140
762.0482
765.3245
768.7985
773.0917
782.3500
791.7396
801.1492
810.5704
819.9654
829.2995
838.5434
847.6723
860.9745
874.0199
886.9729
899.7654
912.3805
924.8088
945.7028
965.8038
985.1787
1003.8847
1021.9885
1035.2138
1048.1956
1060.9377
1073.4546
1085.7545
1097.8473
1109.7398
1121.4417
1132.9633
1144.3053
1155.4638
1166.4579
1177.2988
1187.9952
1198.5544
1208.9797
1223.6488
1233.7810
1244.1608
1254.5212
1264.8583
1275.6314
1285.8337
1295.7441
1305.5683
1314.7646
1323.5382
1327.6471
1331.7184
1335.6305
1343.5237
1356.6615
1369.2488
1380.3366
1390.4208
1401.2522
1411.3932
1419.2767
1425.7980
1427.0219
1427.7978
1428.2950
1428.6112
1428.6350
1428.5660
1428.4462
1431.2985
1433.5982
1434.6434
1430.4617
1430.2103
1429.5461
1433.0386
1436.0452
1438.6814
1441.0987
1443.1402
1444.9947
1446.7351
1448.3661
1441.2491
1435.8765
1431.5686
1428.0672
1425.1794
1422.8041
1420.7086
1414.5812
1413.1623
1411.7756
1414.7654
1417.5271
1420.0993
1422.5519
1424.9952
1427.1275
1428.6737
1429.8369
1430.8357
1431.7069
1432.4694
1433.1837
1433.8969
1434.7305
1431.4216
1427.8192
1424.3010
1425.0980
1425.7812
1426.1234
1426.1994
1426.1020
1425.8780
1421.1712
1416.6287
1412.2732
1407.9146
1400.1635
1392.8440
1386.0416
1379.5599
1373.0775
1366.6499
1360.1966
1353.7179
1342.8532
1332.3706
1322.2047
1312.3288
1303.0592
1294.1461
1285.4894
1277.0454
1268.7887
1260.7021
1252.7729
1244.9946
1237.3634
1229.8564
1222.4536
1215.1610
1208.2724
1201.6337
1195.1970
1188.9309
1182.8143
1176.8332
1170.9779
1165.2372
1159.5863
1154.0192
1148.5429
1143.1622
1137.7914
1132.4804
1127.2452
1122.0951
1117.0355
1112.0690
1107.1874
1102.3723
1097.6237
1092.9508
1088.3589
1083.8509
1079.7988
1075.9968
1072.3758
1068.8907
1065.5119
1062.2197
1059.0009
1055.8468
1052.7512
1049.7100
1046.7120
1028.2118
1023.5020
1022.7281
1022.8485
1022.7342
1022.0419
1020.7476
1018.9361
1016.7126
1014.1797
1011.4206
1008.4995
1005.4689
1002.3638
999.2094
996.0238
992.8204
989.6086
986.3954
983.1861
979.9844
976.7931
973.6142
970.4494
961.8879
953.9786
946.6490
939.8196
933.4224
927.4006
921.7082
916.3061
911.1606
906.2433
901.5301
897.0002
892.6362
888.4225
884.3451
880.3921
876.5530
872.8182
869.1791
865.6279
862.1576
858.7616
855.4344
852.1707
848.9631
845.8075
842.7006
839.6391
836.6201
833.6410
830.6993
827.7930
824.9201
822.0788
819.2674
816.4846
813.7293
811.0002
808.2962
805.6163
802.9595
800.3249
797.7118
795.1194
792.5471
789.9944
787.4608
784.9457
782.4484
779.9686
777.5059
775.0600
772.6305
770.2172
767.8198
765.4382
763.0725
760.7223
758.3877
756.0685
754.2170
752.5112
750.8444
749.1847
747.5154
745.8273
744.1159
742.3792
740.6175
738.8317
737.0238
735.1957
737.9749
740.4410
742.6047
744.4952
746.1389
747.5568
748.7588
749.7655
750.5964
751.2701
751.8027
752.2088
750.4766
747.4763
743.7513
739.6290
735.2902
730.8598
726.4000
721.9848
717.6522
719.5390
724.3445
727.8724
730.3826
732.4702
734.2263
735.7495
737.0126
738.0647
738.9508
743.5892
747.4747
750.8106
749.8832
749.3660
753.0670
756.3204
759.2114
761.7684
764.0335
766.0495
767.8617
769.5053
771.0082
772.3932
773.6790
771.0734
760.5643
756.6301
762.4852
769.8893
773.3243
777.3656
781.7908
782.1252
783.0669
784.3036
785.4146
782.1093
779.0611
776.2456
773.6413
771.2293
768.9929
771.2184
773.2251
775.0157
776.5917
777.9656
779.1536
775.7392
772.4710
769.3646
766.4227
755.9502
746.5512
738.1958
730.8744
724.4418
718.7653
719.4871
720.0163
724.6724
728.8085
732.4667
735.7917
738.7747
741.3869
743.6514
745.5976
751.5703
756.9077
761.7012
766.0153
769.9169
773.4545
772.3646
771.3696
770.4731
769.6719
768.9597
768.3295
767.7737
767.2855
766.8869
766.5826
766.3694
766.2404
770.4887
774.4278
778.0786
781.4632
784.6028
787.5176
790.2264
792.7465
795.0936
792.9812
791.0970
789.4267
787.9535
790.9571
793.7454
796.3329
798.7347
800.9655
803.0392
804.9726
802.4470
800.1571
798.0569
791.8311
781.8519
772.4556
763.5589
755.1199
747.1042
739.4688
732.1816
725.1761
718.4239
711.9118
705.5524
699.3346
693.2536
687.3065
681.1989
674.8295
668.2465
661.6475
655.1284
648.7300
642.4695
636.3616
630.4177
624.6480
619.0119
613.5540
608.2918
603.2221
598.3381
593.6318
589.0942
584.7165
580.4896
576.4050
572.4544
568.6403
564.9535
561.3850
557.9267
554.5715
551.3128
548.1448
545.0623
542.0604
539.1352
536.2827
533.4995
530.7825
528.1287
525.5358
523.0013
520.5233
518.0998
515.7292
513.4096
511.1397
508.9181
506.7432
504.6141
502.1327
500.4522
499.2177
498.2391
497.4124
496.6792
496.0058
495.3723
494.7664
494.2850
493.0040
491.7806
490.6300
489.5418
488.5074
487.5228
486.5826
485.6821
484.8173
483.9853
483.1833
482.4087
481.6596
480.9337
480.2294
479.5449
478.8789
478.2300
477.5971
476.9791
476.3751
475.7842
475.2062
474.6403
474.0858
473.5421
473.0087
472.4849
471.9702
471.4641
470.9662
470.4761
469.9932
469.5173
469.0480
468.5849
468.1278
467.6764
467.2303
466.7893
466.3531
465.9216
465.4946
465.0720
464.6534
464.2389
463.8283
463.4214
463.0181
462.6184
462.2221
461.8291
461.4394
461.0529
460.6694
460.2890
459.9115
459.5370
459.1652
458.7963
458.4300
458.0664
457.7055
457.3470
456.9911
456.6377
456.2866
455.9380
455.5918
455.2480
454.9064
454.5671
454.2301
453.8954
453.6448
453.4083
453.1767
452.9458
452.7133
452.4778
452.2384
451.9948
451.7470
451.4948
451.2387
450.9789
451.4358
451.8439
452.2066
452.5281
452.8122
453.0623
453.2814
453.4721
453.6370
453.7783
453.8981
453.9984
453.7766
457.5064
460.3976
462.6922
468.6150
477.6280
485.1846
491.5252
496.9514
501.6834
509.8465
516.8781
522.9247
528.1987
533.4179
538.5687
543.6556
548.7069
549.8711
555.6359
561.2721
566.8158
572.2732
577.6368
575.1169
577.8026
584.6946
591.0959
597.0978
602.7634
608.1105
613.2223
618.0879
622.7557
627.2540
631.6009
635.8085
636.0360
640.7251
645.1270
649.2111
652.9738
656.6320
656.2653
656.4915
657.2438
658.4299
659.9352
661.6914
663.6331
665.7100
667.8828
666.2321
665.3428
665.0167
661.1532
661.9391
662.5947
663.2833
660.3334
658.2579
656.6581
655.6449
655.0405
654.7338
654.6502
654.7320
654.9487
655.3304
655.8207
656.3505
660.8448
664.4803
667.4039
669.6656
671.3669
676.5259
680.4640
683.4893
685.8157
687.6030
689.0255
690.1990
687.4377
685.5232
684.4986
684.5316
688.9993
692.8791
696.2854
699.3440
702.1366
708.4033
713.4207
717.5908
720.9421
723.5172
725.4020
726.9280
728.2726
729.5234
730.7176
731.8661
732.9783
730.4272
732.5847
734.3769
732.3051
731.1827
734.3340
736.8006
738.8053
740.5027
741.9205
743.1660
744.2782
745.0958
742.0053
739.7312
737.8670
736.3565
725.9835
717.2994
709.6911
702.7875
696.4483
690.5794
684.5652
678.5390
672.6007
666.8618
661.2809
653.6574
647.7407
642.6216
637.7873
633.1075
628.5355
624.0569
619.6686
615.3705
611.1629
607.0453
603.0165
599.0752
595.2194
591.4467
587.7549
584.1416
580.6047
577.1420
573.7514
570.4309
567.1786
563.9928
560.8717
557.8137
554.8173
551.8809
549.0032
546.1827
543.4182
540.7085
538.0522
535.4483
532.8956
530.3931
527.9396
525.5342
523.1758
520.8635
518.5964
516.3735
514.1939
512.0568
509.9612
507.9064
505.8916
503.9159
501.9786
500.7295
500.4299
500.4416
500.5067
500.5328
500.4958
500.3978
500.2491
500.0611
499.8439
499.6052
499.3512
499.0864
498.8140
498.5364
498.2552
497.9717
497.6869
497.4014
497.1157
496.8301
496.5450
496.2606
495.9770
495.6942
495.1583
494.5327
493.8859
493.2446
492.6175
492.0060
491.4088
490.8238
490.2491
489.6832
489.1246
488.5724
488.0257
487.4840
486.9469
486.4139
485.8850
485.3598
484.8383
484.3203
483.8057
483.2944
482.7864
482.2817
481.7803
481.2822
480.7871
480.2953
479.8065
479.3207
478.8380
478.3582
477.8815
477.4077
476.9368
476.4689
476.0039
475.5418
475.0826
474.6262
474.1726
473.7219
473.2739
472.8287
472.3862
471.9464
471.5094
471.0749
470.6431
470.2139
469.7873
469.3633
468.9419
468.5230
468.1067
467.6930
467.2817
466.8730
466.4668
466.0631
465.6619
465.2633
464.8673
464.4738
464.0827
463.6941
463.3079
462.9241
462.5427
462.1637
461.7869
462.1083
462.2547
462.3132
462.3246
462.3085
462.2748
462.2288
462.1736
462.1111
462.0428
461.9699
461.8930
460.8043
459.3954
457.9374
456.5277
455.1933
453.9344
452.7428
451.6086
450.5228
449.4783
448.4692
447.4912
446.5408
445.6155
444.7131
443.8322
442.9713
442.1296
441.3060
440.5000
439.7634
439.1014
438.5038
437.9576
437.4508
440.6546
442.7177
444.0573
444.9258
445.4813
445.8260
446.0273
446.1302
446.1655
446.1543
446.1109
446.0454
445.9649
445.8742
445.7768
445.6751
445.5708
445.4652
445.3591
445.2531
445.1477
445.0432
444.9398
444.8374
444.7362
444.6364
444.5379
444.4409
444.3455
444.2516
444.1592
444.0157
443.8155
443.5682
443.2865
442.9820
442.6638
442.3385
442.0107
441.6838
441.3600
441.0406
440.7267
440.4186
440.1168
439.8212
439.5319
439.2485
435.2913
432.5046
430.4650
428.9164
427.6976
426.7047
425.8689
425.1442
424.4991
423.9121
423.3685
422.8579
422.3731
421.9089
421.4618
421.0291
420.6090
420.2001
419.8014
419.4120
419.0315
418.6593
418.2951
417.9384
417.5891
417.2470
416.9117
416.5832
416.2612
415.9456
415.6363
415.3330
415.0358
414.7443
414.4586
414.1784
413.9038
413.6345
413.3704
413.1115
412.8577
412.6087
412.3647
412.1253
411.8906
411.6605
411.4348
411.3934
411.4183
411.4602
411.5001
411.5315
411.5536
411.5672
411.5740
411.5753
411.5724
411.5663
411.5577
411.4184
411.3109
411.2189
411.1352
411.0562
410.9804
410.9068
410.8350
410.7647
410.6957
410.6278
410.5609
410.4949
410.4296
410.3650
410.3010
410.2377
410.1749
410.1126
410.0507
409.9894
409.9284
409.8679
409.8078
409.7481
409.6888
409.6300
409.5715
409.5133
409.4556
409.3982
409.3412
409.2845
409.2282
409.1722
409.1166
409.0613
409.0063
408.9517
408.8973
408.8434
408.7897
408.7364
408.6834
408.6307
408.5783
408.5263
408.4745
408.4231
408.3719
408.3211
408.2706
408.2204
408.1705
408.1208
408.0715
408.0225
407.9737
407.9253
407.8772
407.8293
407.7817
407.7345
407.6875
407.6408
407.5944
407.5483
407.5024
407.4569
407.4116
407.3665
407.3218
407.2773
407.2331
407.1891
407.1455
407.1021
407.0589
407.0160
406.9734
406.9310
406.8889
406.8470
406.8054
406.7641
406.7230
406.6821
406.6415
406.6011
406.5609
406.5210
406.4814
406.4419
406.4028
406.3638
406.3251
406.2866
406.2484
406.2104
406.1726
406.1351
406.0978
406.0608
406.0240
405.9874
405.9510
405.9148
405.8789
405.8432
405.8077
405.7724
405.7373
405.7025
405.6679
405.6334
405.5992
405.5652
405.5314
405.4978
405.4644
405.4313
405.3983
405.3655
405.3329
405.3005
405.2683
405.2364
405.2046
405.1730
405.1416
405.1103
405.0793
405.0485
405.0179
404.9874
404.9572
404.9272
404.8973
404.8677
404.8382
404.8089
404.7798
404.7509
404.7221
404.6936
404.6652
404.6369
404.6089
404.5810
404.5533
404.5257
404.4984
404.4712
404.4441
404.4172
404.3905
404.3640
404.3376
404.3114
404.2853
404.2595
404.2337
404.2082
404.1828
404.1575
404.1324
404.1075
404.0827
404.0581
407.6900
410.1315
411.8282
413.0474
413.9542
414.6534
415.2127
415.6767
416.0750
416.4277
416.7482
417.0462
417.3279
417.5977
417.8587
418.1128
418.3617
418.6063
418.8475
419.0858
419.3215
419.5550
419.7864
420.0157
420.2431
420.4687
420.6926
420.9149
421.1358
421.3551
421.5730
421.7895
422.0046
422.2184
422.4309
422.6417
422.8510
423.0589
423.2655
423.4707
423.6746
423.8772
424.0786
424.2787
424.4776
424.6753
424.8718
425.0674
421.6053
419.3324
417.8034
416.7509
416.0098
415.4754
415.0800
414.7790
414.5428
414.3513
414.1910
414.0526
413.9298
413.8180
413.7143
413.6165
413.5230
413.4330
413.3455
413.2601
413.1763
413.0939
413.0126
412.9324
412.8529
412.7743
412.6963
412.6191
412.5424
412.4663
412.3908
412.3159
412.2414
412.1675
412.0941
412.0211
411.9486
411.8766
411.8051
411.7340
411.6633
411.5931
411.5233
411.4540
411.3850
411.3165
411.2484
411.1807
411.1134
411.0465
410.9800
410.9139
410.8481
410.7828
410.7178
410.6533
410.5891
410.5253
410.4618
410.3988
410.3361
410.2738
410.2118
410.1502
410.0890
410.0281
409.9676
409.9074
409.8476
409.7882
409.7290
409.6703
409.6119
409.5538
409.4961
409.4387
409.3816
409.3249
409.2685
409.2125
409.1568
409.1014
409.0463
408.9916
408.9371
408.8830
408.8292
408.7758
408.7226
408.6697
408.6172
408.5649
408.5130
408.4614
408.4100
408.3590
408.3083
408.2579
408.2078
408.1580
408.1085
408.0593
408.0104
407.9618
407.9135
407.8655
407.8177
407.7703
407.7231
407.6763
407.6297
407.5834
407.5374
407.4917
407.4462
407.4010
407.3561
407.3115
407.2671
407.2231
407.1792
407.1357
407.0923
407.0493
407.0065
406.9640
406.9217
406.8797
406.8379
406.7964
406.7552
406.7142
406.6734
406.6329
406.5926
406.5526
406.5128
406.4733
406.4340
406.3949
406.3561
406.3175
406.2791
406.2410
406.2031
406.1654
406.1280
406.0908
406.0539
406.0171
405.9806
405.9443
405.9083
405.8724
405.8368
405.8014
405.7662
405.7312
405.6964
405.6618
405.6275
405.5933
405.5594
405.5256
405.4921
405.4587
405.4256
405.3926
405.3599
405.3273
405.2950
405.2628
405.2308
405.1991
405.1675
405.1361
405.1049
405.0738
405.0430
405.0123
404.9819
404.9516
404.9215
404.8916
404.8618
404.8323
404.8029
404.7737
404.7446
404.7158
404.6871
404.6586
404.6302
404.6021
404.5741
404.5462
404.5186
404.4911
404.4637
404.4366
404.4096
404.3827
404.3560
404.2909
404.2315
404.1769
404.1262
404.0788
404.0343
403.9923
403.9524
403.9145
403.8783
403.8436
403.8102
403.8282
403.8432
403.8557
403.8661
403.8747
403.8817
403.8873
403.8916
403.8947
403.8969
403.8981
403.8986
403.8756
403.8377
403.8167
403.8240
403.8596
403.9434
404.0766
408.5730
417.0043
428.8910
439.6268
449.4912
458.5071
470.8711
482.1120
492.4401
502.0011
510.9081
515.3029
523.8331
531.8604
539.4671
546.7005
553.6053
552.3617
556.0721
559.9957
564.0844
572.2848
579.9041
587.0342
593.7344
600.0635
609.9109
618.6913
626.5971
629.9439
629.5509
633.7606
633.8676
638.3949
642.7750
647.0435
647.1875
648.0619
649.4547
651.2050
653.2137
655.4133
657.7590
660.2130
658.8335
654.2586
654.8476
655.6524
660.5678
664.8014
668.4632
671.6795
674.5385
677.1013
679.4225
681.5412
679.6042
678.0865
680.8838
683.2933
685.3849
687.1924
688.7845
690.1628
691.3700
692.4386
693.3721
698.0077
701.7175
704.6378
706.9259
704.7961
702.9489
701.2686
699.7568
698.4156
697.2836
692.6023
689.0375
686.3646
684.4037
683.0095
682.0638
681.4629
677.3510
674.4142
672.3608
670.9772
673.9185
676.2289
678.0799
679.5418
680.6966
681.6173
682.3640
682.9857
683.5184
683.9882
684.4144
684.8107
685.1869
681.8193
679.5240
677.9901
680.7399
682.7834
684.3343
685.5932
686.6653
687.6172
688.4930
689.3224
690.1106
684.4785
679.9703
675.9284
672.0683
668.3302
664.5651
660.7974
656.7703
652.6218
648.4468
644.2913
640.2206
636.1905
632.3408
628.5964
624.9157
621.2810
617.6832
614.1014
610.5315
606.9769
603.4435
599.9367
596.4611
593.0196
589.6256
586.2727
582.9588
579.6857
576.4551
573.2684
570.1266
567.0308
563.9816
560.9797
558.0252
555.1122
552.2409
549.4120
546.6260
543.8833
541.1841
538.5288
535.9172
533.3494
530.8253
528.3446
525.9073
523.5133
521.1625
518.8544
516.5884
514.3642
512.1812
510.0387
507.9362
505.8731
503.8489
501.8629
499.9145
497.1232
494.7551
492.7080
490.9107
489.3122
487.8754
486.5724
485.3819
484.2871
483.2744
482.3328
481.4531
480.6274
479.8491
479.1126
478.4129
477.7457
477.1074
476.4947
475.9046
475.3347
474.7827
