25.4434
25.4526
25.4613
25.4696
25.4773
25.4846
25.4915
25.4979
25.5039
25.5094
25.5145
25.5192
25.5235
25.5274
25.5309
25.5340
25.5369
25.5394
25.5417
25.5436
25.5453
25.5467
25.5478
25.5488
25.5494
25.5499
25.5502
25.5502
25.5500
25.5495
25.5489
25.5481
25.5472
25.5460
25.5447
25.5433
25.5417
25.5399
25.5380
25.5360
25.5339
25.5316
25.5292
25.5267
25.5240
25.5213
25.5184
25.5155
25.5125
25.5093
25.5061
25.5028
25.4994
25.4959
25.4923
25.4888
25.4851
25.4814
25.4776
25.4737
25.4698
25.4678
25.4621
25.4577
25.4532
25.4484
25.4432
25.4374
25.4312
25.4246
25.4176
25.4103
25.4029
25.0150
25.0004
25.0000
25.0000
25.0000
25.0000
25.0000
25.0000
25.0000
25.0000
25.0000
25.0000
24.0687
24.0032
24.0000
23.9999
23.9999
23.9999
23.9999
23.9998
23.9999
24.0000
24.0001
24.0002
24.0002
24.0003
24.0005
24.0006
24.0007
24.0008
24.0008
24.0009
24.0010
24.0012
24.0013
24.0013
24.0014
24.0014
24.0015
24.0015
24.0015
24.0016
24.0016
24.0015
24.0015
24.0014
24.0013
24.0013
24.0013
24.0012
24.0012
24.0012
24.0012
24.0012
24.0012
24.0012
24.0012
24.0012
24.0013
24.0014
24.0014
24.0015
24.0015
24.0015
24.0016
24.0016
24.0016
24.0016
24.0016
24.0017
24.0017
24.0017
24.0017
24.0017
24.0017
24.0017
24.0017
24.0017
24.0017
24.0016
24.0016
24.0015
24.0014
24.0014
24.0013
24.0012
24.0011
24.0010
24.0009
24.0009
24.0008
24.0008
24.0007
24.0007
24.0008
24.0008
24.0009
24.0009
24.0010
24.0011
24.0012
24.0013
24.0014
24.0015
24.0041
24.0079
24.0122
24.0167
24.0214
24.0261
24.0309
24.0357
24.0406
24.0456
24.0504
24.0554
24.0603
24.0650
24.0700
24.0749
24.0797
24.0844
24.0893
24.0941
24.0987
24.1034
24.1080
24.1125
24.1170
24.1214
24.1257
24.1286
24.1335
24.0819
24.0090
24.0021
24.0008
24.0006
24.0006
24.0005
24.0004
24.0004
24.0003
24.0003
24.0002
24.0002
24.0002
24.0002
24.0002
24.0002
24.0002
24.0001
24.0001
24.0001
24.0001
24.0001
24.0001
24.0001
24.0001
24.0001
24.0001
24.0001
24.0000
24.0000
24.0000
24.0000
24.0000
24.0000
24.0000
24.0000
24.0000
24.0000
24.0000
24.0000
24.0000
24.0000
24.0000
24.0000
24.0000
24.0000
24.0000
24.0000
24.0000
24.0000
24.0000
24.0000
24.0000
24.0000
24.0000
24.0000
24.0000
24.0000
24.4501
24.6962
24.8431
24.9364
24.9990
25.0435
25.0771
25.1040
25.1266
25.1464
25.1642
25.1807
25.1962
25.2108
25.2246
25.2379
25.2506
25.2627
25.2743
25.2854
25.2961
25.3063
25.3160
25.3254
25.3343
25.3427
25.3508
25.3585
25.3658
25.3728
25.3794
25.3856
25.3914
25.3970
25.4022
25.4071
25.4116
25.4159
25.4198
25.4235
25.4269
25.4301
25.4330
25.4356
25.4381
25.4403
25.4422
25.4440
25.4456
25.4470
25.4482
25.4492
25.4501
25.4507
25.4513
25.4516
25.4518
25.4519
25.4518
25.4516
25.4512
25.4508
25.4502
25.4495
25.4487
25.4478
25.4468
25.4457
25.4446
25.4433
25.4420
25.4406
25.4391
25.4376
25.4359
25.4342
25.4324
25.4306
25.4286
25.4266
25.4245
25.4222
25.4200
25.4176
25.4171
25.4129
25.4101
25.4071
25.4039
25.4003
25.3963
25.3918
25.3870
25.3819
25.3765
25.3710
25.0134
25.0004
25.0000
25.0000
25.0000
25.0000
25.0000
25.0000
25.0000
25.0000
25.0000
25.0000
24.0683
24.0030
23.9998
23.9997
23.9997
23.9997
23.9998
23.9998
23.9997
23.9998
23.9999
24.0001
24.0003
24.0006
24.0008
24.0009
24.0011
24.0012
24.0013
24.0013
24.0014
24.0014
24.0015
24.0015
24.0015
24.0016
24.0016
24.0016
24.0016
24.0016
24.0016
24.0016
24.0016
24.0016
24.0017
24.0017
24.0016
24.0014
24.0012
24.0011
24.0010
24.0009
24.0008
24.0008
24.0008
24.0007
24.0007
24.0007
24.0006
24.0006
24.0006
24.0006
24.0006
24.0006
24.0006
24.0006
24.0006
24.0006
24.0006
24.0006
24.0006
24.0006
24.0006
24.0007
24.0008
24.0009
24.0009
24.0010
24.0010
24.0010
24.0011
24.0011
24.0011
24.0010
24.0009
24.0009
24.0008
24.0008
24.0007
24.0007
24.0007
24.0007
24.0008
24.0008
24.0009
24.0009
24.0010
24.0011
24.0013
24.0013
24.0014
24.0015
24.0015
24.0021
24.0051
24.0090
24.0133
24.0178
24.0223
24.0269
24.0315
24.0362
24.0409
24.0463
24.0507
24.0554
24.0601
24.0651
24.0700
24.0744
24.0798
24.0858
24.0902
24.0952
24.1002
24.1051
24.1101
24.1151
24.1200
24.1250
24.1390
24.0813
24.0625
24.0543
24.0040
24.0010
24.0007
24.0006
24.0005
24.0005
24.0004
24.0004
24.0003
24.0003
24.0002
24.0002
24.0002
24.0002
24.0002
24.0001
24.0001
24.0001
24.0001
24.0001
24.0001
24.0001
24.0001
24.0001
24.0001
24.0001
24.0001
24.0001
24.0000
24.0000
24.0000
24.0000
24.0000
24.0000
24.0000
24.0000
24.0000
24.0000
24.0000
24.0000
24.0000
24.0000
24.0000
24.0000
24.0000
24.0000
24.0000
24.0000
24.0000
24.0000
24.0000
24.0000
24.0000
24.0000
24.0000
24.0000
24.4655
24.7202
24.8725
24.9697
25.0354
25.0824
25.1182
25.1471
25.1715
25.1930
25.2125
25.2305
25.2475
25.2636
25.2789
25.2936
25.3078
25.3213
25.3344
25.3470
25.3591
25.3707
25.3819
25.3927
25.4030
25.4130
25.4225
25.4317
25.4405
25.4489
25.4570
25.4647
25.4721
25.4791
25.4859
25.4923
25.4984
25.5042
25.5097
25.5150
25.5200
25.5247
25.5292
25.5335
25.5375
25.5413
25.5449
25.5483
25.5515
25.5545
25.5574
25.5600
25.5625
25.5648
25.5669
25.5688
25.5705
25.5720
25.5734
25.5746
25.5757
25.5766
25.5774
25.5781
25.5786
25.5789
25.5792
25.5793
25.5793
25.5792
25.5789
25.5786
25.5781
25.5776
25.5769
25.5761
25.5753
25.5743
25.5733
25.5722
25.5711
25.5698
25.5684
25.5669
25.5683
25.5645
25.5624
25.5602
25.5577
25.5548
25.5512
25.5472
25.5427
25.5377
25.5325
25.5271
25.0224
25.0007
25.0001
25.0000
25.0000
25.0000
25.0000
25.0000
25.0000
25.0000
25.0000
25.0000
24.0707
24.0033
23.9999
23.9997
23.9998
23.9998
23.9998
23.9997
23.9998
24.0000
24.0001
24.0002
24.0003
24.0004
24.0006
24.0007
24.0008
24.0008
24.0009
24.0009
24.0010
24.0010
24.0010
24.0011
24.0012
24.0013
24.0014
24.0016
24.0017
24.0017
24.0017
24.0017
24.0017
24.0017
24.0017
24.0017
24.0017
24.0017
24.0017
24.0017
24.0017
24.0017
24.0017
24.0017
24.0017
24.0017
24.0017
24.0017
24.0017
24.0017
24.0017
24.0017
24.0017
24.0016
24.0015
24.0015
24.0014
24.0014
24.0013
24.0013
24.0014
24.0015
24.0015
24.0015
24.0014
24.0014
24.0014
24.0013
24.0013
24.0011
24.0010
24.0010
24.0009
24.0005
24.0007
24.0007
24.0007
24.0007
24.0006
24.0006
24.0006
24.0007
24.0008
24.0009
24.0009
24.0010
24.0010
24.0011
24.0012
24.0013
24.0014
24.0015
24.0015
24.0015
24.0016
24.0016
24.0016
24.0016
24.0016
24.0017
24.0017
24.0030
24.0059
24.0096
24.0136
24.0178
24.0221
24.0266
24.0311
24.0357
24.0404
24.0451
24.0499
24.0547
24.0594
24.0643
24.0691
24.0740
24.0788
24.0837
24.0886
24.0372
24.0048
24.0017
24.0008
24.0006
24.0006
24.0005
24.0004
24.0004
24.0003
24.0003
24.0003
24.0002
24.0002
24.0002
24.0002
24.0002
24.0002
24.0001
24.0001
24.0001
24.0001
24.0001
24.0001
24.0001
24.0001
24.0001
24.0001
24.0001
24.0001
24.0001
24.0001
24.0001
24.0001
24.0001
24.0001
24.0000
24.0000
24.0000
24.0000
24.0000
24.0000
24.0000
24.0000
24.0000
24.0000
24.0000
24.0000
24.0000
24.0000
24.0000
24.0000
24.0000
24.0000
24.0000
24.0000
24.0000
24.0000
24.0000
24.4681
24.7234
24.8763
24.9740
25.0403
25.0881
25.1249
25.1550
25.1806
25.2034
25.2243
25.2438
25.2622
25.2798
25.2967
25.3129
25.3285
25.3436
25.3581
25.3721
25.3855
25.3985
25.4110
25.4231
25.4346
25.4457
25.4564
25.4667
25.4765
25.4859
25.4949
25.5036
25.5118
25.5196
25.5271
25.5342
25.5410
25.5474
25.5534
25.5592
25.5646
25.5698
25.5746
25.5791
25.5834
25.5874
25.5911
25.5945
25.5977
25.6007
25.6034
25.6059
25.6081
25.6102
25.6119
25.6135
25.6148
25.6159
25.6167
25.6174
25.6179
25.6182
25.6183
25.6183
25.6180
25.6176
25.6171
25.6163
25.6155
25.6144
25.6133
25.6120
25.6105
25.6090
25.6073
25.6055
25.6036
25.6015
25.5993
25.5970
25.5945
25.5919
25.5892
25.5863
25.5854
25.5807
25.5772
25.5736
25.5696
25.5651
25.5600
25.5544
25.5482
25.5417
25.5348
25.5278
25.0224
25.0007
25.0000
25.0000
25.0000
25.0000
25.0000
25.0000
25.0000
25.0000
25.0000
25.0000
24.0705
24.0033
23.9999
23.9997
23.9997
23.9998
23.9998
23.9996
23.9998
23.9999
24.0000
24.0001
24.0002
24.0004
24.0006
24.0008
24.0010
24.0011
24.0012
24.0013
24.0014
24.0014
24.0015
24.0015
24.0015
24.0016
24.0016
24.0016
24.0016
24.0016
24.0016
24.0016
24.0015
24.0014
24.0014
24.0013
24.0013
24.0013
24.0012
24.0012
24.0012
24.0011
24.0010
24.0009
24.0009
24.0009
24.0011
24.0011
24.0012
24.0013
24.0014
24.0014
24.0015
24.0015
24.0015
24.0016
24.0016
24.0016
24.0016
24.0017
24.0017
24.0017
24.0017
24.0017
24.0017
24.0017
24.0017
24.0017
24.0016
24.0015
24.0014
24.0014
24.0014
24.0013
24.0011
24.0010
24.0009
24.0009
24.0008
24.0008
24.0008
24.0008
24.0009
24.0009
24.0010
24.0010
24.0276
24.0422
24.0523
24.0602
24.0673
24.0738
24.0802
24.0863
24.0924
24.0983
24.1043
24.1102
24.1160
24.1220
24.1277
24.1335
24.1393
24.1450
24.1507
24.1565
24.1622
24.1679
24.1736
24.1793
24.1848
24.1905
24.1961
24.2017
24.2073
24.2128
24.2184
24.2238
24.2293
24.2347
24.2390
24.1364
24.0959
24.0779
24.0055
24.0009
24.0006
24.0005
24.0004
24.0004
24.0003
24.0003
24.0002
24.0003
24.0003
24.0003
24.0002
24.0002
24.0002
24.0002
24.0001
24.0001
24.0001
24.0001
24.0001
24.0001
24.0001
24.0001
24.0001
24.0000
24.0000
24.0000
24.0000
24.0000
24.0000
24.0000
24.0000
24.0000
24.0000
24.0000
24.0000
24.0000
24.0000
24.0000
24.0000
24.0000
24.0000
24.0000
24.0000
24.0000
24.0000
24.0000
24.0000
24.0000
24.0000
24.0000
24.0000
24.0000
24.0000
24.0000
24.0001
24.0001
24.0001
24.0001
24.0001
24.0001
24.0001
24.0000
24.0000
24.0000
24.0000
24.0000
24.0000
24.0000
24.0000
24.0000
24.0000
24.0000
24.0000
24.0000
24.0000
24.0000
24.0000
24.0000
24.0000
24.0000
24.0000
24.0000
24.0000
24.0000
24.0000
24.0000
24.0000
24.0000
24.0000
24.0000
24.0000
24.0000
24.0000
24.0000
24.0000
24.0000
24.0000
24.0000
24.0000
24.0000
24.0000
24.0000
24.0000
24.0000
24.0000
24.0000
24.0000
24.0000
24.0000
24.0000
24.0000
24.0000
24.0000
24.0000
24.0000
24.0000
24.0000
24.0000
24.0000
24.0000
24.0000
24.0000
24.0000
24.0000
24.0000
24.0000
24.0000
24.0000
24.0000
24.0000
24.0000
24.0000
24.0000
24.0000
24.0000
24.0000
24.0000
24.0000
24.0000
24.0000
24.0000
24.0000
24.0000
24.0000
24.0000
24.0000
24.0000
24.0000
24.0000
24.0000
24.0000
24.0000
24.0000
24.0000
24.0000
24.0000
24.0000
24.0000
24.0000
24.0000
24.0000
24.0000
23.9998
23.9997
23.9997
23.9998
23.9998
23.9998
23.9998
23.9999
23.9999
23.9999
23.9999
23.9999
23.9999
23.9999
24.0000
24.0000
24.0000
24.0000
24.0000
24.0000
24.0000
24.0000
24.0000
24.0000
24.0000
24.0000
24.0000
24.0000
24.0000
24.0000
24.0000
24.0000
24.0000
24.0000
24.0000
24.0000
24.0000
24.0000
24.0000
24.0000
24.0000
24.0000
24.0000
24.0000
24.0000
24.0000
24.0000
24.0000
24.0000
24.0000
24.0000
24.0000
24.0000
24.0000
24.0000
24.0000
24.0000
24.0000
24.0000
24.0000
24.0000
24.0000
24.0000
24.0000
24.0000
24.0000
24.0000
24.0000
24.0000
24.0000
24.0000
24.0000
24.0000
24.0000
24.0000
24.0000
24.0000
24.0000
24.0000
24.0000
24.0000
24.0000
24.0000
24.0000
24.0000
24.0000
24.0000
24.0000
24.0000
24.0000
24.0000
24.0000
24.0000
24.0000
24.0000
24.0000
24.0000
24.0000
24.0000
24.0000
24.0000
24.0000
24.0000
24.0000
24.0000
24.0000
24.0000
24.0000
24.0000
24.0000
24.0000
24.0000
24.0000
24.0000
24.0000
24.0000
24.0000
24.0000
24.0000
24.0000
24.0002
24.0002
24.0002
24.0002
24.0001
24.0001
24.0001
24.0001
24.0001
24.0001
24.0001
24.0001
24.0000
24.0000
24.0000
24.0000
24.0000
24.0000
24.0000
24.0000
24.0000
24.0000
24.0000
24.0000
24.0000
24.0000
24.0000
24.0000
24.0000
24.0000
24.0000
24.0000
24.0000
24.0000
24.0000
24.0000
24.0000
24.0000
24.0000
24.0000
24.0000
24.0000
24.0000
24.0000
24.0000
24.0000
24.0000
24.0000
24.0000
24.0000
24.0000
24.0000
24.0000
24.0000
24.0000
24.0000
24.0000
24.0000
24.0000
24.0000
24.0000
24.0000
24.0000
24.0000
24.0000
24.0000
24.0000
24.0000
24.0000
24.0000
24.0000
24.0000
24.0000
24.0000
24.0000
24.0000
24.0000
24.0000
24.0000
24.0000
24.0000
24.0000
24.0000
24.0000
24.0000
24.0000
24.0000
24.0000
24.0000
24.0000
24.0000
24.0000
24.0000
24.0000
24.0000
24.0000
24.0000
24.0000
24.0000
24.0000
24.0000
24.0000
24.0000
24.0000
24.0000
24.0000
24.0000
24.0000
24.0000
24.0000
24.0000
24.0000
24.0000
24.0000
24.0000
24.0000
24.0000
24.0000
24.0000
24.0000
24.0000
24.0000
24.0000
24.0000
24.0000
24.0000
24.0000
24.0000
24.0000
24.0000
24.0000
24.0000
24.0000
24.0000
24.0000
24.0000
24.0000
24.0000
24.0000
24.0000
24.0000
24.0000
24.0000
24.0000
24.0000
24.0000
24.0000
24.0000
24.0000
24.0000
24.0000
24.0000
24.0000
24.0000
24.0000
24.0000
24.0000
24.0000
24.0000
24.0000
24.0000
24.0000
24.0000
24.0000
24.0000
24.0000
24.0000
24.0000
24.0000
24.0000
24.0000
24.0000
24.0000
24.0000
24.0000
24.0000
24.0000
24.0000
24.0000
24.0000
24.0000
24.0000
24.0000
24.0000
24.0000
24.0000
24.0000
24.0000
24.0000
24.0000
24.0000
24.0000
24.0000
24.0000
24.0000
24.0000
24.0000
24.0000
24.0000
24.0000
24.0000
24.0000
24.0000
24.0000
24.0000
24.0000
24.0000
24.0000
24.0000
24.0000
24.0000
24.0000
24.0000
24.0000
24.0000
24.0000
24.0000
24.0000
24.0000
24.0000
24.0000
24.0000
24.0000
24.0000
24.0000
24.0000
24.0000
24.0000
24.0000
24.0000
24.0000
24.0000
24.0000
24.0000
24.0000
24.0000
24.0000
24.0000
24.0000
24.0000
24.0000
24.0000
24.0000
24.0000
24.0000
24.0000
24.0001
24.0001
24.0001
24.0001
24.0001
24.0001
24.0001
24.0001
24.0001
24.0001
24.0001
24.0001
24.0001
24.0001
24.0001
24.0001
24.0000
24.0000
24.0000
24.0000
24.0002
24.0002
24.0002
24.0001
24.0001
24.0001
24.0001
24.0001
24.0001
24.0000
24.0000
24.0000
24.0000
24.0000
24.0000
24.0000
24.0000
24.0000
24.0000
24.0000
24.0000
24.0000
24.0000
24.0000
24.0000
24.0000
24.0000
24.0000
24.0000
24.0000
24.0000
24.0000
24.0000
24.0000
24.0000
24.0000
24.0000
24.0000
24.0000
24.0000
24.0000
24.0000
24.0000
24.0000
24.0000
24.0000
24.0000
24.0000
24.0000
24.0000
24.0000
24.0000
24.0000
24.0000
24.0000
24.0000
24.0000
24.0000
24.0000
24.0000
24.0000
24.0000
24.0000
24.0000
24.0000
24.0000
24.0000
24.0000
24.0000
24.0000
24.0000
24.0000
24.0000
24.0000
24.0000
24.0000
24.0000
24.0000
24.0000
24.0000
24.0000
24.0000
24.0000
24.0000
24.0000
24.0000
24.0000
24.0000
24.0000
24.0000
24.0000
24.0000
24.0000
24.0000
24.0000
24.0000
24.0000
24.0000
24.0000
24.0000
24.0000
24.0000
24.0000
24.0000
24.0000
24.0000
24.0000
24.0000
24.0000
24.0000
24.0000
24.0000
24.0000
24.0000
24.0000
24.0000
24.0000
24.0000
24.0000
24.0000
24.0000
24.0000
24.0000
24.0000
24.0000
24.0000
24.0000
24.0000
24.0000
24.0000
24.0000
24.0000
24.0000
24.0000
24.0000
24.0000
24.0000
24.0000
24.0000
24.0000
24.0000
24.0000
24.0000
24.0000
24.0000
24.0000
24.0000
24.0000
24.0000
24.0000
24.0000
24.0000
24.0000
24.0000
24.0000
24.0000
24.0000
24.0000
24.0000
24.0000
24.0000
24.0000
24.0000
24.0000
24.0000
24.0000
24.2253
24.3607
24.4408
24.4914
24.5250
24.5486
24.5665
24.5811
24.5939
24.6054
24.6163
24.6269
24.6385
24.6479
24.6584
24.6693
24.6803
24.6911
24.7017
24.7119
24.7218
24.7312
24.7403
24.7491
24.0403
24.0012
23.9997
23.9997
23.9997
23.9997
23.9997
23.9995
23.9997
23.9998
23.9999
24.0001
24.0003
24.0004
24.0007
24.0008
24.0010
24.0011
24.0012
24.0013
24.0014
24.0014
24.0015
24.0015
24.0015
24.0016
24.0016
24.0016
24.0016
24.0016
24.0016
24.0016
24.0015
24.0015
24.0014
24.0014
24.0013
24.0013
24.0013
24.0013
24.0013
24.0014
24.0015
24.0015
24.0015
24.0016
24.0016
24.0016
24.0016
24.0017
24.0017
24.0017
24.0017
24.0017
24.0017
24.0017
24.0017
24.0017
24.0017
24.0017
24.0017
24.0017
24.0017
24.0017
24.0017
24.0017
24.0017
24.0017
24.0016
24.0015
24.0014
24.0014
24.0013
24.0013
24.0011
24.0010
24.0009
24.0009
24.0008
24.0008
24.0008
24.0007
24.0008
24.0009
24.0009
24.0010
24.0010
24.0012
24.0013
24.0014
24.0014
24.0015
24.0023
24.0063
24.0116
24.0175
24.0238
24.0300
24.0363
24.0428
24.0493
24.0559
24.0625
24.0692
24.0759
24.0824
24.0891
24.0958
24.1025
24.1092
24.1160
24.1226
24.1292
24.1360
24.1427
24.1494
24.1562
24.1629
24.1696
24.1763
24.1829
24.1322
24.1176
24.1129
24.0579
24.0365
24.0271
24.0022
24.0006
24.0005
24.0004
24.0003
24.0003
24.0002
24.0002
24.0002
24.0002
24.0001
24.0001
24.0001
24.0001
24.0001
24.0001
24.0001
24.0001
24.0001
24.0000
24.0000
24.0000
24.0000
24.0000
24.0000
24.0000
24.0000
24.0000
24.0000
24.0000
24.0000
24.0000
24.0000
24.0000
24.0000
24.0000
24.0000
24.0000
24.0000
24.0000
24.0000
24.0000
24.0000
24.0000
24.0000
24.0000
24.0000
24.0000
24.0000
24.0000
24.0000
24.0000
24.0000
24.5347
24.8242
24.9970
25.1073
25.1819
25.2357
25.2768
25.3099
25.3380
25.3628
25.3852
25.4060
25.4256
25.4441
25.4617
25.4785
25.4946
25.5100
25.5248
25.5389
25.5525
25.5655
25.5779
25.5897
23.9975
23.3297
23.0231
22.8576
22.7520
22.6742
22.6105
22.5547
22.5040
22.4567
22.4121
22.3697
22.3292
22.2903
22.2527
22.2165
22.1814
22.1474
22.1144
22.0824
22.0513
22.0210
21.9914
21.9627
21.9344
21.9070
21.8801
21.8539
21.8282
21.8030
21.7784
21.7542
21.7305
21.7072
21.6843
21.6618
21.6396
21.6179
21.5964
21.5753
21.5546
21.5341
21.5139
21.4939
21.4742
21.4548
21.4356
21.4167
21.3979
21.3794
21.3610
21.3429
21.3249
21.3072
21.2896
21.2722
21.2549
21.2378
21.2208
21.2040
21.1873
21.1708
21.1544
21.1381
21.1220
21.1061
21.0902
21.0745
21.0589
21.0435
21.0282
21.0131
20.9984
20.9839
20.9700
20.9564
20.9434
20.9307
20.9183
20.9062
20.8945
20.8829
20.8716
20.8606
24.4111
26.4925
26.6613
26.6684
26.6689
26.6691
26.6693
26.6699
26.6699
26.6700
26.6700
26.7157
26.7831
26.9114
26.9728
27.0457
27.1230
27.2016
27.2799
27.4050
27.5075
27.5973
27.6792
27.7555
27.8277
27.8966
27.9628
28.0265
28.0881
28.1476
28.2053
28.2613
28.3158
28.3688
28.4204
28.4708
28.5201
28.5682
28.6153
28.6615
28.6656
28.6865
28.7156
28.7491
28.7849
28.8219
28.8594
28.8971
28.9348
28.9724
29.0098
29.0470
29.0839
29.1207
29.8737
29.6040
29.5147
29.4847
29.4849
29.5012
29.5261
29.5557
30.2665
29.7198
29.7033
29.7030
29.7031
30.4118
29.7274
29.7037
29.7032
29.7032
29.7033
30.4563
29.7305
29.7037
29.7030
29.7030
29.7030
29.7030
29.7031
29.7032
29.7032
30.5912
29.7414
29.7045
29.7035
29.7036
29.7037
29.7039
29.7040
29.7041
29.7042
29.7042
30.7560
29.7566
29.7061
29.7044
29.7044
29.7045
30.8253
29.7635
29.7065
29.7045
29.7045
29.7045
29.7046
29.7046
29.7046
30.8326
29.7670
29.7069
29.7046
29.7046
29.7046
29.7046
30.8776
29.7722
29.7072
29.7046
29.7045
29.7044
29.7044
29.7044
29.7042
29.7040
30.8241
29.7413
29.4135
29.8746
29.4575
29.1971
29.0344
28.9301
28.8608
28.8122
29.4018
29.0890
28.9331
28.8386
28.7790
28.7395
28.7117
28.6907
28.6738
28.6592
28.6463
28.6343
28.6231
29.2287
28.9376
28.7974
29.3698
29.0227
28.8532
28.7550
29.3351
29.0113
28.8526
28.7609
28.7066
28.6733
28.6516
28.6363
28.6244
28.6144
28.6052
28.5966
28.5882
29.1943
28.9058
28.7676
28.6872
28.6390
28.6090
28.5892
28.5751
29.1794
28.8897
28.7510
26.6441
25.8308
25.4536
25.2332
25.0818
24.9656
24.8660
24.7752
24.6899
24.6086
24.5304
24.4551
24.3823
24.3120
24.2440
24.1783
24.1147
24.0531
23.9935
23.9357
23.8798
23.8255
23.7729
23.7218
23.6722
23.6239
23.5770
23.5314
23.4869
23.4436
23.4014
23.3602
23.3199
23.2806
23.2421
23.2044
23.1675
23.1314
23.0961
23.0614
23.0273
22.9938
22.9610
22.9287
22.8969
22.8657
22.8349
22.8046
22.7748
22.7454
22.7164
22.6878
22.6596
22.6317
22.6041
22.5769
22.5500
22.5234
22.4971
22.4710
22.4452
22.4197
22.3944
22.3694
22.3446
22.3200
22.2957
22.2715
22.2476
22.2238
22.2003
22.1768
22.1536
22.1306
22.1077
22.0850
22.0625
22.0401
22.0178
21.9957
21.9737
21.9518
21.9301
21.9085
21.8870
21.8657
21.8445
21.8235
21.8027
21.7821
21.7617
21.7416
21.7216
21.7019
21.6824
21.6631
21.6442
21.6257
21.6078
21.5904
21.5735
21.5570
21.5409
21.5251
21.5098
21.4947
21.4799
21.4654
24.9970
26.5707
26.6665
26.6690
26.6691
26.6692
26.6692
26.6866
26.7649
26.8609
26.9625
27.0648
27.1655
27.3614
27.5127
27.6382
27.7479
27.8469
27.9385
28.0244
28.1058
28.1833
28.2575
28.3288
28.3974
28.4636
28.5274
28.5892
28.6491
28.7071
28.7634
28.7776
28.8075
28.8451
28.8864
28.9296
28.9734
29.0173
29.0610
29.1436
29.2090
29.2650
29.3156
29.3628
29.4078
30.1351
29.7137
29.6763
29.6705
29.6841
29.7025
29.7030
29.7032
29.7033
29.7034
30.4565
29.7318
29.7044
29.7037
30.6048
29.7413
29.7050
29.7040
29.7040
29.7041
29.7042
29.7043
29.7042
29.7042
29.7042
30.6428
29.7466
29.7055
29.7039
29.7039
29.7038
29.7037
29.7037
29.7036
29.7035
29.7035
29.7036
29.7036
29.7036
29.7036
29.7037
29.7038
29.7039
29.7040
29.7040
29.7041
29.7041
29.7042
29.7043
29.7043
29.7044
29.7044
29.7045
29.7045
29.7045
29.7046
29.7046
29.7047
29.7047
29.7047
29.7047
29.7047
29.7047
29.7047
29.7047
29.7047
29.7047
29.7047
29.7047
29.7047
29.7047
29.7047
29.7047
29.7047
29.7047
29.7045
29.7043
29.7042
29.7041
29.7040
29.4944
29.3436
29.2400
29.1669
29.1134
29.0727
29.0406
29.0146
28.9930
28.9746
28.9587
28.9448
28.9326
28.9216
28.9118
28.9030
28.8950
28.8876
28.8809
28.8747
28.8690
28.8636
28.8587
28.8539
28.8495
28.8452
28.8411
28.8372
28.8334
28.8298
28.8262
28.8226
28.8192
28.8158
28.8124
28.8091
28.8058
28.8025
28.7992
28.7959
28.7926
28.7892
28.7859
28.7825
28.7790
28.7755
28.7720
28.7683
28.7647
28.7610
28.7572
28.7534
28.7495
28.7455
28.7415
26.7293
25.9515
25.5883
25.3719
25.2238
25.1088
25.0096
24.9192
24.8342
24.7531
24.6754
24.6004
24.5279
24.4577
24.3899
24.3242
24.2607
24.1991
24.1395
24.0818
24.0257
23.9714
23.9187
23.8674
25.2149
25.8691
26.2337
26.4513
26.5884
26.6790
26.6995
26.6999
26.6999
26.6999
26.6999
26.6999
26.6999
26.6999
26.6999
26.6999
26.6999
26.6999
26.6999
26.6999
26.6999
26.6999
26.6999
26.6999
26.6999
26.6999
26.6999
26.6999
26.6999
26.6999
26.6999
26.6999
26.6999
26.7000
26.7000
26.7000
26.7000
26.7000
26.7000
26.7000
26.7000
26.7000
26.7000
26.7000
26.7000
26.7000
26.7000
26.7000
26.7000
26.7000
26.7000
26.7000
26.7000
26.7000
26.6983
26.6940
26.6881
26.6813
26.6739
26.6661
25.6654
25.6028
25.6001
25.6000
25.6000
25.6000
25.6000
25.6000
25.6000
25.6000
25.6000
25.6000
25.0355
25.0017
25.0001
25.0001
25.0000
25.0000
25.0000
25.0000
25.0000
25.0000
25.0000
25.0000
24.0838
24.0052
23.9999
23.9997
23.9997
23.9997
23.9998
24.0179
24.0516
24.0738
24.1399
24.1696
24.1860
24.2499
24.2225
24.2138
24.2104
24.2088
24.2076
24.2068
24.2594
24.2807
24.2907
24.3497
24.3751
24.3881
24.3422
24.3249
24.3173
24.3136
24.3115
24.3102
24.3093
24.3085
24.3079
24.3072
24.3267
24.3147
24.3074
24.3058
24.3054
24.3050
24.3043
24.3036
24.3028
24.3020
24.3013
24.3005
24.2999
24.2993
24.2988
24.2985
24.2983
24.2983
24.2985
24.2988
24.2993
24.3000
24.3007
24.3017
24.3027
24.2500
24.2285
24.2195
24.2133
24.2098
24.2075
24.1520
24.1282
24.1146
24.1083
24.1040
24.1009
23.4381
23.1414
22.9819
22.8815
22.8095
22.7532
23.3617
23.6748
23.8239
23.9042
23.9553
23.9906
24.0724
24.1172
24.1474
24.1705
24.1896
24.2062
24.2211
24.2348
24.2474
24.2593
24.2704
24.2809
24.2910
24.3006
24.3098
24.3187
24.3273
24.3356
24.3437
24.3516
24.3592
24.3667
24.3740
24.3811
24.3881
24.3950
24.4018
24.4084
24.4150
24.4215
24.4278
24.4341
24.4404
24.4466
24.4526
24.4586
24.4113
24.3949
24.3892
24.3880
24.3353
24.3144
23.6450
23.3469
23.1871
23.0866
23.0144
22.9573
22.9093
22.8674
22.8301
22.7961
22.7648
22.7356
22.7084
22.6828
22.6587
22.6358
22.6141
22.5933
22.5735
22.5543
22.5359
22.5181
22.5009
22.4842
22.4679
22.4520
22.4365
22.4214
22.4066
22.3920
22.3778
22.3637
22.3500
22.3364
22.3231
22.3099
22.2970
22.2842
22.2716
22.2591
22.2468
22.2346
22.2225
22.2104
22.1986
22.1867
22.1750
22.1633
22.1517
22.1402
22.1287
22.1173
22.1059
22.0951
22.0834
22.0715
22.0593
22.0469
22.0344
22.0218
22.0093
21.9968
23.1551
23.7504
24.1033
24.3292
24.4842
24.5973
24.6848
24.7559
24.8163
24.8692
24.9169
24.9606
25.0011
25.0391
25.0750
25.1089
25.1411
25.1718
25.2011
25.2289
25.2555
25.2809
25.3051
25.3282
25.3502
25.3711
25.3912
25.4102
25.4284
25.4457
25.4621
25.4778
25.4927
25.5068
25.5201
25.5328
25.5448
25.5562
25.5669
25.5771
25.5867
25.5957
25.6043
25.6124
25.6200
25.6271
25.6338
25.6401
25.6460
25.6515
25.6566
25.6613
25.6657
25.6698
25.6735
25.6770
25.6801
25.6830
25.6856
25.6880
25.6901
25.6920
25.6936
25.6951
25.6963
25.6973
25.6982
25.6988
25.6993
25.6996
25.6997
25.6996
25.6994
25.6991
25.6986
25.6024
25.6001
25.6000
25.6000
25.6000
25.6000
25.6000
25.6000
25.6000
25.6000
25.6000
25.6000
25.0278
25.0010
25.0001
25.0000
25.0000
25.0000
25.0000
25.0000
25.0000
25.0000
25.0000
25.0000
24.0730
24.0037
23.9999
23.9997
23.9997
23.9998
23.9998
23.9998
23.9997
23.9998
24.0000
24.0001
24.0001
24.0003
24.0005
24.0007
24.0009
24.0011
24.0012
24.0199
24.0299
24.0364
24.0049
24.0020
24.0017
24.0017
24.0017
24.0017
24.0017
24.0017
24.0017
24.0017
24.0017
24.0017
24.0017
24.0017
24.0017
24.0017
24.0017
24.0017
24.0016
24.0016
24.0015
24.0014
24.0015
24.0015
24.0016
24.0016
24.0016
24.0021
24.0041
24.0067
24.0094
24.0127
24.0159
24.0188
24.0225
24.0263
24.0307
24.0339
24.0375
24.0414
24.0453
24.0494
24.0535
24.0578
24.0621
24.0668
24.0165
24.0030
24.0016
24.0014
24.0014
24.0013
24.0011
24.0010
24.0009
24.0009
24.0008
24.0007
24.0071
24.0127
24.0182
24.0234
24.0289
24.0345
24.0945
24.1231
24.1403
24.1527
24.1629
24.1721
24.1807
24.1888
24.1966
24.2043
24.2118
24.2194
24.2268
24.2341
24.2413
24.2484
24.2555
24.2625
24.2694
24.2764
24.2833
24.2901
24.2969
24.3037
24.3104
24.3171
24.3238
24.3305
24.3370
24.2898
24.2738
24.2688
24.2686
24.2696
24.2729
24.2201
24.2029
24.1957
24.0139
24.0014
24.0005
24.0004
24.0003
24.0003
24.0002
24.0002
24.0001
24.0002
24.0002
24.0002
24.0002
24.0002
24.0001
24.0001
24.0001
24.0001
24.0001
24.0001
24.0001
24.0001
24.0000
24.0000
24.0000
24.0000
24.0000
24.0000
24.0000
24.0000
24.0000
24.0000
24.0000
24.0000
24.0000
24.0000
24.0000
24.0000
24.0000
24.0000
24.0000
24.0000
24.0000
24.0000
24.0000
24.0000
24.0000
24.0000
24.0000
24.0000
24.0000
24.0000
24.0000
24.0000
24.0000
24.0000
24.0002
24.0002
24.0002
24.0001
24.0001
24.0001
24.0001
24.0001
24.0000
24.0000
24.0000
24.0000
24.0000
24.0000
24.0000
24.0000
24.0000
24.0000
24.0000
24.0000
24.0000
24.0000
24.0000
24.0000
24.0000
24.0000
24.0000
24.0000
24.0000
24.0000
24.0000
24.0000
24.0000
24.0000
24.0000
24.0000
24.0000
24.0000
24.0000
24.0000
24.0000
24.0000
24.0000
24.0000
24.0000
24.0000
24.0000
24.0000
24.0000
24.0000
24.0000
24.0000
24.0000
24.0000
24.0000
24.0000
24.0000
24.0000
24.0000
24.0000
24.0000
24.0000
24.0000
24.0000
24.0000
24.0000
24.0000
24.0000
24.0000
24.0000
24.0000
24.0000
24.0000
24.0000
24.0000
24.0000
24.0000
24.0000
24.0000
24.0000
24.0000
24.0000
24.0000
24.0000
24.0000
24.0000
24.0000
24.0000
24.0000
24.0000
24.0000
24.0000
24.0000
24.0000
24.0000
24.0000
24.0000
24.0000
24.0000
24.0000
24.0000
24.0000
24.0000
24.0000
24.0000
24.0000
24.0000
24.0000
23.9998
23.9998
23.9998
23.9998
23.9998
23.9999
23.9999
23.9999
23.9999
23.9999
23.9999
23.9999
24.0000
24.0000
24.0000
24.0000
24.0000
24.0000
24.0000
24.0000
24.0000
24.0000
24.0000
24.0000
24.0000
24.0000
24.0000
24.0000
24.0000
24.0000
24.0000
24.0000
24.0000
24.0000
24.0000
24.0000
24.0000
24.0000
24.0000
24.0000
24.0000
24.0000
24.0000
24.0000
24.0000
24.0000
24.0000
24.0000
24.0000
24.0000
24.0000
24.0000
24.0000
24.0000
24.0000
24.0000
24.0000
24.0000
24.0000
24.0000
24.0000
24.0000
24.0000
24.0000
24.0000
24.0000
24.0000
24.0000
24.0000
24.0000
24.0000
24.0000
24.0000
24.0000
24.0000
24.0000
24.0000
24.0000
24.0000
24.0000
24.0000
24.0000
24.0000
24.0000
24.0000
24.0000
24.0000
24.0000
24.0000
24.0000
24.0000
24.0000
24.0000
24.0000
24.0000
24.0000
24.0000
24.0000
24.0000
24.0000
24.0000
24.0000
24.0000
24.0000
24.0000
24.0000
24.0000
24.0000
24.0000
24.0000
24.0000
24.0000
24.0000
24.0000
24.0000
24.0000
24.0000
24.0000
24.0000
24.0000
24.0002
24.0002
24.0002
24.0002
24.0002
24.0001
24.0001
24.0001
24.0001
24.0001
24.0001
24.0001
24.0001
24.0000
24.0000
24.0000
24.0000
24.0000
24.0000
24.0000
24.0000
24.0000
24.0000
24.0000
24.0000
24.0000
24.0000
24.0000
24.0000
24.0000
24.0000
24.0000
24.0000
24.0000
24.0000
24.0000
24.0000
24.0000
24.0000
24.0000
24.0000
24.0000
24.0000
24.0000
24.0000
24.0000
24.0000
24.0000
24.0000
24.0000
24.0000
24.0000
24.0000
24.0000
24.0000
24.0000
24.0000
24.0000
24.0000
24.0000
24.0000
24.0000
24.0000
24.0000
24.0000
24.0000
24.0000
24.0000
24.0000
24.0000
24.0000
24.0000
24.0000
24.0000
24.0000
24.0000
24.0000
24.0000
24.0000
24.0000
24.0000
24.0000
24.0000
24.0000
24.0000
24.0000
24.0000
24.0000
24.0000
24.0000
24.0000
24.0000
24.0000
24.0000
24.0000
24.0000
24.0000
24.0000
24.0000
24.0000
24.0000
24.0000
24.0000
24.0000
24.0000
24.0000
24.0000
24.0000
24.0000
24.0000
24.0000
24.0000
24.0000
24.0000
24.0000
24.0000
24.0000
24.0000
24.0000
24.0000
24.0000
24.0000
24.0000
24.0000
24.0000
24.0000
24.0000
24.0000
24.0000
24.0000
24.0000
24.0000
24.0000
24.0000
24.0000
24.0000
24.0000
24.0000
24.0000
24.0000
24.0000
24.0000
24.0000
24.0000
24.0000
24.0000
24.0000
24.0000
24.0000
24.0000
24.0000
24.0000
24.0000
24.0000
24.0000
24.0000
24.0000
24.0000
24.0000
24.0000
24.0000
24.0000
24.0000
24.0000
24.0000
24.0000
24.0000
24.0000
24.0000
24.0000
24.0000
24.0000
24.0000
24.0000
24.0000
24.0000
24.0000
24.0000
24.0000
24.0000
24.0000
24.0000
24.0000
24.0000
24.0000
24.0000
24.0000
24.0000
24.0000
24.0000
24.0000
24.0000
24.0000
24.0000
24.0000
24.0000
24.0000
24.0000
24.0000
24.0000
24.0000
24.0000
24.0000
24.0000
24.0000
24.0000
24.0000
24.0000
24.0000
24.0000
24.0000
24.0000
24.0000
24.0000
24.0000
24.0000
24.0000
24.0000
24.0000
24.0000
24.0000
24.0000
24.0000
24.0000
24.0000
24.0000
24.0000
24.0000
24.0000
24.0000
24.0000
24.0000
24.0000
24.0000
24.0000
24.0000
24.0000
24.0000
24.0000
24.0000
24.0000
24.0000
24.0000
24.0000
24.0000
24.0000
24.0000
24.0000
24.0000
24.0000
24.0000
24.0000
24.0000
24.0000
24.0000
24.0000
24.0000
24.0000
24.0000
24.0000
24.0000
24.0000
24.0000
24.0000
24.0000
24.0000
24.0000
24.0000
24.0000
24.0000
24.0000
24.0000
24.0000
24.0000
24.0000
24.0000
24.0000
24.0000
24.0000
24.0000
24.0000
24.0000
24.0000
24.0000
24.0000
24.0000
24.0000
24.0000
24.0000
24.0000
24.0000
24.0000
24.0000
24.0000
24.0000
24.0000
24.0000
24.0000
24.0000
24.0000
24.0000
24.0000
24.0000
24.0000
24.0000
24.0000
24.0000
24.0000
24.0000
24.0000
24.0000
24.0000
24.0000
24.0000
24.0000
24.0000
24.0000
24.0000
24.0000
24.0000
24.0000
24.0000
24.0000
24.0000
24.0000
24.0000
24.0000
24.0000
24.0000
24.0000
24.0000
24.0000
24.0000
24.0000
24.0000
24.0000
24.0000
24.0000
24.0000
24.0000
24.0000
24.0000
24.0000
24.0000
24.0000
24.0000
24.0000
24.0000
24.0000
24.0000
24.0000
24.0000
24.0000
24.0000
24.0000
24.0000
24.0000
24.0000
24.0000
24.0000
24.0000
24.0000
24.0000
24.0000
24.0000
24.0000
24.0000
24.0000
24.0000
24.0000
24.0000
24.0000
24.0000
24.0000
24.0000
24.0000
24.0000
24.0000
24.0000
24.0000
24.0000
24.0000
24.0000
24.0000
24.0000
24.0000
24.0000
24.0000
24.0000
24.0000
24.0000
24.0000
24.0000
24.0000
24.0000
24.0000
24.0000
24.0000
24.0000
24.0000
24.0000
24.0000
24.0000
24.0000
24.0000
24.0000
24.0000
24.0000
24.0000
24.0000
24.0000
24.0000
24.0000
24.0000
24.0000
24.0000
24.0000
24.0000
24.0000
24.0000
24.0000
24.0000
24.0000
24.0000
24.0000
24.0000
24.0000
24.0000
24.0000
24.0000
24.0000
24.0000
24.2110
24.3355
24.4098
24.4567
24.4873
24.5081
24.5224
24.5327
24.5401
24.5454
24.5494
24.5525
24.5551
24.5576
24.5602
24.5628
24.5655
24.5681
24.5704
24.5725
24.5744
24.5761
24.5775
24.5787
24.0265
24.0005
23.9997
23.9996
23.9997
23.9997
23.9997
23.9997
23.9997
23.9995
23.9996
23.9998
23.9999
24.0001
24.0003
24.0005
24.0007
24.0009
24.0010
24.0012
24.0014
24.0015
24.0016
24.0016
24.0016
24.0016
24.0017
24.0017
24.0017
24.0017
24.0017
24.0017
24.0016
24.0016
24.0015
24.0014
24.0014
24.0014
24.0014
24.0015
24.0015
24.0016
24.0016
24.0016
24.0016
24.0016
24.0017
24.0017
24.0017
24.0017
24.0017
24.0016
24.0016
24.0015
24.0014
24.0014
24.0014
24.0013
24.0013
24.0013
24.0013
24.0012
24.0012
24.0012
24.0012
24.0013
24.0014
24.0014
24.0014
24.0013
24.0013
24.0013
24.0013
24.0012
24.0011
24.0010
24.0009
24.0009
24.0008
24.0008
24.0008
24.0008
24.0009
24.0009
24.0010
24.0010
24.0010
24.0011
24.0011
24.0011
24.0011
24.0012
24.0013
24.0014
24.0015
24.0015
24.0015
24.0016
24.0016
24.0016
24.0017
24.0017
24.0017
24.0017
24.0017
24.0017
24.0017
24.0017
24.0017
24.0017
24.0017
24.0017
24.0029
24.0068
24.0117
24.0173
24.0231
24.0291
24.0352
24.0414
24.0455
24.0057
24.0019
24.0014
24.0012
24.0007
24.0005
24.0005
24.0004
24.0003
24.0003
24.0003
24.0002
24.0002
24.0002
24.0002
24.0001
24.0001
24.0001
24.0001
24.0001
24.0001
24.0001
24.0001
24.0001
24.0001
24.0001
24.0001
24.0001
24.0000
24.0000
24.0000
24.0000
24.0000
24.0000
24.0000
24.0000
24.0000
24.0000
24.0000
24.0000
24.0000
24.0000
24.0000
24.0000
24.0000
24.0000
24.0000
24.0000
24.0000
24.0000
24.0000
24.0000
24.0000
24.0000
24.0000
24.0000
24.0000
24.0000
24.0000
24.4799
24.7388
24.8944
24.9937
25.0607
25.1080
25.1431
25.1702
25.1918
25.2096
25.2245
25.2373
25.2483
25.2579
25.2664
25.2739
25.2804
25.2863
25.2914
25.2959
25.2999
25.3034
25.3064
