26.7018
26.7018
26.7017
26.7005
26.7001
26.7000
26.7000
26.7000
26.7000
26.7000
26.7000
26.7000
26.7000
26.7000
26.7000
26.7000
26.7000
26.7000
26.7000
26.7000
26.7000
26.7000
26.7000
26.7000
26.7000
26.7000
26.7000
26.7000
26.7000
26.7000
26.7000
26.7000
26.7000
26.7000
26.7000
26.7000
26.7000
26.7000
26.7000
26.7000
26.7000
26.7000
26.7000
26.7000
26.7000
26.7000
26.7000
26.7000
26.7000
26.7000
26.7000
26.7000
26.7000
26.7000
26.7000
26.7000
26.7000
26.7000
26.7000
26.7000
26.7000
25.8447
25.6476
25.6092
25.6018
25.6003
25.6001
25.6000
25.6000
25.6000
25.6000
25.6000
25.6000
25.1310
25.0285
25.0069
25.0022
25.0012
25.0010
25.0009
25.0009
25.0009
25.0009
25.0009
25.0009
24.2619
24.2525
24.1922
24.1657
24.1385
24.1156
24.1003
24.0938
24.0726
24.0594
24.0440
24.0305
24.0182
24.1958
24.1631
24.1751
24.1703
24.1635
24.1540
24.1544
24.1599
24.1562
24.1512
24.1451
24.1438
24.1862
24.1814
24.1786
24.1729
24.1767
24.2094
24.1751
24.1743
24.1669
24.1740
24.1753
24.1695
24.1761
24.2009
24.2598
24.1996
24.1761
24.2271
24.1691
24.2099
24.1704
24.1691
24.1660
24.1718
24.2683
24.2490
24.2482
24.2606
24.2654
24.3121
24.2510
24.2696
24.2949
24.2586
24.2670
24.2716
24.3934
24.3721
24.3894
24.3948
24.3886
24.4002
24.4079
24.4038
24.4105
24.4202
24.4193
24.4214
24.3966
24.4607
24.3921
24.4157
24.4186
24.4417
24.4181
24.4607
24.4264
24.4319
24.4426
24.4459
24.2001
24.2406
24.2320
24.2321
24.2276
24.2239
24.2270
24.2340
24.2347
24.2325
24.2299
24.2324
24.2284
24.2322
24.2300
24.2281
24.2278
24.2369
24.2418
24.2405
24.2388
24.2373
24.2457
24.2521
24.3842
24.3656
24.3742
24.3864
24.3929
24.3913
24.3921
24.4048
24.4107
24.4088
24.4621
24.4431
24.2639
24.2646
24.2272
24.2255
24.2272
24.2315
24.2216
24.2319
24.2274
24.2227
24.2245
24.2285
24.1727
24.1809
24.1743
24.1711
24.1665
24.1616
24.1564
24.1574
24.1560
24.1506
24.1444
24.1377
24.0604
24.0627
24.0505
24.0431
24.0384
24.0342
24.0275
24.0198
24.0121
24.0042
24.0016
24.0010
24.0029
24.0013
24.0009
24.0008
24.0007
24.0007
24.0007
24.0007
24.0007
24.0007
24.0007
24.0007
24.0007
24.0007
24.0007
24.0007
24.0007
24.0007
24.0007
24.0007
24.0007
24.0007
24.0007
26.4968
26.6668
26.6946
26.7008
26.7023
26.7026
26.7028
26.7028
26.7029
26.7029
26.7030
26.7031
26.7033
26.7033
26.7032
26.7033
26.7030
26.7028
26.7026
26.7025
26.7024
26.7023
26.7023
26.7022
26.7021
26.7020
26.7006
26.7002
26.7000
26.7000
26.7000
26.7000
26.7000
26.7000
26.7000
26.7000
26.7000
26.7000
26.7000
26.7000
26.7000
26.7000
26.7000
26.7000
26.7000
26.7000
26.7000
26.7000
26.7000
26.7000
26.7000
26.7000
26.7000
26.7000
26.7000
26.7000
26.7000
26.7000
26.7000
26.7000
26.7000
26.7000
26.7000
26.7000
26.7000
26.7000
26.7000
26.7000
26.7000
26.7000
26.7000
26.7000
26.7000
26.7000
26.7000
26.7000
26.7000
26.7000
26.7000
26.7000
26.7000
26.7000
26.7000
26.7000
25.8456
25.6476
25.6091
25.6017
25.6003
25.6001
25.6000
25.6000
25.6000
25.6000
25.6000
25.6000
25.1308
25.0284
25.0069
25.0022
25.0012
25.0010
25.0009
25.0009
25.0009
25.0009
25.0009
25.0009
24.2612
24.2512
24.1899
24.1623
24.1343
24.1104
24.0893
24.0702
24.0616
24.0470
24.0386
24.0173
24.0081
24.1809
24.1454
24.1512
24.1515
24.1479
24.1685
24.1304
24.1337
24.1361
24.1346
24.1291
24.1236
24.1597
24.1612
24.1628
24.1577
24.1522
24.1573
24.1613
24.1575
24.1517
24.1473
24.1542
24.2675
24.1483
24.1632
24.1531
24.1646
24.1604
24.1547
24.1543
24.1552
24.1588
24.1533
24.1475
24.1483
24.2514
24.2384
24.2375
24.2404
24.2491
24.2773
24.2403
24.2519
24.2575
24.2557
24.2503
24.2614
24.3896
24.3972
24.3743
24.3909
24.3913
24.3905
24.4327
24.4061
24.4063
24.4192
24.4265
24.4111
24.3941
24.4081
24.4033
24.4357
24.4158
24.4229
24.4177
24.4607
24.4351
24.4358
24.4423
24.4526
24.2091
24.2426
24.2336
24.2405
24.2391
24.2366
24.2322
24.2376
24.2447
24.2465
24.2448
24.2428
24.2333
24.2432
24.2458
24.2446
24.2431
24.2425
24.2535
24.2579
24.2578
24.2566
24.2558
24.2637
24.4023
24.3884
24.3953
24.3987
24.4121
24.4165
24.4155
24.4198
24.4321
24.4369
24.4356
24.4547
24.2840
24.2651
24.2864
24.2799
24.2539
24.2559
24.2564
24.2661
24.3178
24.2536
24.2658
24.2597
24.1992
24.2158
24.2110
24.2083
24.2037
24.1988
24.1933
24.1873
24.1830
24.1830
24.1796
24.1732
24.0954
24.0976
24.0853
24.0778
24.0693
24.0612
24.0546
24.0513
24.0460
24.0386
24.0310
24.0233
24.0390
24.0283
24.0222
24.0146
24.0073
24.0025
24.0012
24.0008
24.0007
24.0007
24.0007
24.0007
24.0007
24.0007
24.0007
24.0007
24.0007
24.0007
24.0007
24.0007
24.0007
24.0007
24.0007
26.4914
26.6638
26.6938
26.7006
26.7022
26.7027
26.7028
26.7029
26.7030
26.7029
26.7029
26.7029
26.7029
26.7030
26.7027
26.7026
26.7024
26.7023
26.7023
26.7022
26.7021
26.7021
26.7020
26.7020
26.7019
26.7018
26.7006
26.7001
26.7000
26.7000
26.7000
26.7000
26.7000
26.7000
26.7000
26.7000
26.7000
26.7000
26.7000
26.7000
26.7000
26.7000
26.7000
26.7000
26.7000
26.7000
26.7000
26.7000
26.7000
26.7000
26.7000
26.7000
26.7000
26.7000
26.7000
26.7000
26.7000
26.7000
26.7000
26.7000
26.7000
26.7000
26.7000
26.7000
26.7000
26.7000
26.7000
26.7000
26.7000
26.7000
26.7000
26.7000
26.7000
26.7000
26.7000
26.7000
26.7000
26.7000
26.7000
26.7000
26.7000
26.7000
26.7000
26.7000
25.8426
25.6477
25.6093
25.6018
25.6004
25.6001
25.6000
25.6000
25.6000
25.6000
25.6000
25.6000
25.1323
25.0291
25.0071
25.0023
25.0012
25.0010
25.0009
25.0009
25.0009
25.0009
25.0009
25.0009
24.2634
24.3297
24.2618
24.2413
24.2132
24.1906
24.1711
24.1532
24.1335
24.1176
24.1058
24.0963
24.0885
24.2650
24.2561
24.2531
24.2181
24.2261
24.2225
24.2150
24.2076
24.2003
24.2074
24.2062
24.2009
24.2308
24.2214
24.2299
24.2311
24.2257
24.2189
24.2189
24.2234
24.2206
24.2143
24.2071
24.2116
24.2259
24.2189
24.2126
24.2089
24.2142
24.2410
24.2314
24.2257
24.2295
24.2328
24.2287
24.2221
24.3144
24.3101
24.3157
24.3087
24.3358
24.3428
24.3178
24.3127
24.3153
24.3217
24.3194
24.3429
24.4371
24.4351
24.4345
24.4375
24.4480
24.4473
24.4458
24.4575
24.4602
24.4541
24.4673
24.4729
24.4280
24.4746
24.4751
24.4457
24.4502
24.4595
24.4605
24.4550
24.4671
24.4727
24.4668
24.4735
24.2362
24.2731
24.2551
24.2529
24.2591
24.2625
24.2595
24.2565
24.2532
24.2599
24.2664
24.2930
24.2480
24.2522
24.2558
24.2626
24.2630
24.2613
24.2593
24.2620
24.2704
24.2736
24.2727
24.2714
24.4015
24.3977
24.4108
24.4376
24.4073
24.4260
24.4317
24.4308
24.4300
24.4434
24.4510
24.4500
24.2607
24.2978
24.2643
24.2926
24.2640
24.2675
24.2598
24.2661
24.2730
24.2788
24.2778
24.2776
24.2137
24.2256
24.2200
24.2251
24.2262
24.2236
24.2200
24.2156
24.2109
24.2058
24.2005
24.2011
24.1286
24.1335
24.1230
24.1170
24.1101
24.1036
24.0970
24.0904
24.0838
24.0772
24.0748
24.0719
24.0905
24.0812
24.0765
24.0702
24.0641
24.0579
24.0516
24.0452
24.0412
24.0399
24.0361
24.0304
24.0084
24.0029
24.0015
24.0012
24.0011
24.0011
24.0011
24.0011
24.0011
24.0011
24.0011
26.4787
26.6544
26.6924
26.7012
26.7034
26.7041
26.7043
26.7042
26.7042
26.7042
26.7042
26.7040
26.7037
26.7035
26.7033
26.7032
26.7032
26.7030
26.7029
26.7028
26.7028
26.7027
26.7027
26.7026
26.7025
26.7019
26.7005
26.7001
26.7000
26.7000
26.7000
26.7000
26.7000
26.7000
26.7000
26.7000
26.7000
26.7000
26.7000
26.7000
26.7000
26.7000
26.7000
26.7000
26.7000
26.7000
26.7000
26.7000
26.7000
26.7000
26.7000
26.7000
26.7000
26.7000
26.7000
26.7000
26.7000
26.7000
26.7000
26.7000
26.7000
26.7000
26.7000
26.7000
26.7000
26.7000
26.7000
26.7000
26.7000
26.7000
26.7000
26.7000
26.7000
26.7000
26.7000
26.7000
26.7000
26.7000
26.7000
26.7000
26.7000
26.7000
26.7000
26.7000
25.8413
25.6477
25.6094
25.6019
25.6004
25.6001
25.6000
25.6000
25.6000
25.6000
25.6000
25.6000
25.1327
25.0293
25.0072
25.0023
25.0012
25.0010
25.0009
25.0009
25.0009
25.0009
25.0009
25.0009
24.2642
24.3448
24.2803
24.2582
24.2416
24.2224
24.1985
24.1973
24.1686
24.1562
24.1418
24.1294
24.1196
24.2983
24.2747
24.2776
24.2692
24.2626
24.2905
24.2636
24.2659
24.2591
24.2538
24.2552
24.2600
24.2949
24.2856
24.2821
24.2869
24.2909
24.3159
24.2788
24.2789
24.2835
24.2847
24.2784
24.2717
24.2829
24.2862
24.3128
24.2657
24.2697
24.3017
24.3031
24.3286
24.2923
24.2971
24.3024
24.3026
24.3935
24.3760
24.3916
24.3950
24.3906
24.4723
24.3901
24.4078
24.3981
24.4003
24.4084
24.4094
24.5195
24.5167
24.5300
24.5272
24.5317
24.5426
24.5711
24.5390
24.5571
24.5628
24.5538
24.5686
24.5378
24.5671
24.5420
24.5561
24.5522
24.5531
24.5648
24.5673
24.5622
24.5754
24.5822
24.5781
24.3428
24.3847
24.3717
24.3696
24.3649
24.3675
24.3744
24.3761
24.3739
24.3717
24.3734
24.3820
24.3734
24.3739
24.3718
24.3708
24.3805
24.3857
24.3852
24.3841
24.3827
24.3905
24.3979
24.3992
24.5285
24.5097
24.5300
24.5386
24.5395
24.5383
24.5506
24.5601
24.5606
24.5594
24.5705
24.5783
24.3659
24.4242
24.3804
24.3898
24.3947
24.3964
24.4185
24.4206
24.4202
24.3947
24.4060
24.4630
24.3440
24.3630
24.3542
24.3525
24.3486
24.3470
24.3488
24.3472
24.3426
24.3371
24.3312
24.3251
24.2496
24.2524
24.2440
24.2412
24.2350
24.2281
24.2208
24.2136
24.2063
24.1989
24.1916
24.1844
24.2000
24.1912
24.1909
24.1867
24.1804
24.1737
24.1667
24.1597
24.1528
24.1456
24.1386
24.1321
24.0339
24.0315
24.0188
24.0110
24.0028
24.0007
24.0002
24.0001
24.0000
24.0000
24.0000
24.0000
24.0000
24.0000
24.0000
24.0000
24.0000
24.0000
24.0000
24.0001
24.0001
24.0001
24.0001
24.0001
24.0001
24.0001
24.0001
24.0001
24.0001
24.0001
24.0001
24.0001
24.0001
24.0001
24.0001
24.0001
24.0001
24.0000
24.0000
24.0000
24.0000
24.0000
24.0000
24.0000
24.0000
24.0000
24.0000
24.0000
24.0000
24.0000
24.0000
24.0000
24.0000
24.0000
24.0000
24.0000
24.0000
24.0000
24.0000
24.0000
24.0000
24.0000
24.0000
24.0000
24.0000
24.0000
24.0000
24.0000
24.0000
24.0000
24.0000
24.0000
24.0000
24.0000
24.0000
24.0000
24.0000
24.0000
24.0000
24.0000
24.0000
24.0000
24.0000
24.0000
24.0000
24.0000
24.0000
24.0000
24.0000
24.0000
24.0000
24.0000
24.0000
24.0000
24.0000
24.0000
24.0000
24.0000
24.0000
24.0000
24.0000
24.0000
24.0000
24.0000
24.0000
24.0000
24.0000
24.0000
24.0000
24.0001
24.0001
24.0001
24.0001
24.0001
24.0001
24.0001
24.0001
24.0001
24.0001
24.0000
24.0001
24.0001
24.0001
24.0001
24.0001
24.0001
24.0001
24.0001
24.0001
24.0001
24.0001
24.0001
24.0001
24.0001
24.0001
24.0001
24.0001
24.0001
24.0001
24.0001
24.0001
24.0001
24.0001
24.0001
24.0001
24.0001
24.0001
24.0001
24.0001
24.0001
24.0001
24.0001
24.0001
24.0001
24.0001
24.0001
24.0001
24.0001
24.0001
24.0001
24.0001
24.0001
24.0001
24.0001
24.0001
24.0001
24.0001
24.0001
24.0001
24.0001
24.0001
24.0001
24.0001
24.0001
24.0001
24.0001
24.0001
24.0001
24.0001
24.0001
24.0001
24.0001
24.0001
24.0001
24.0001
24.0001
24.0001
24.0001
24.0001
24.0001
24.0001
24.0001
24.0001
24.0001
24.0001
24.0001
24.0001
24.0001
24.0001
24.0001
24.0001
24.0001
24.0001
24.0001
24.0001
24.0001
24.0001
24.0001
24.0001
24.0001
24.0001
24.0001
24.0001
24.0001
24.0001
24.0001
24.0001
24.0001
24.0001
24.0001
24.0001
24.0001
24.0001
24.0001
24.0001
24.0001
24.0001
24.0001
24.0001
24.0001
24.0001
24.0001
24.0001
24.0001
24.0001
24.0001
24.0001
24.0001
24.0001
24.0001
24.0001
24.0001
24.0001
24.0001
24.0001
24.0001
24.0001
24.0001
24.0001
24.0001
24.0001
24.0001
24.0001
24.0001
24.0001
24.0001
24.0001
24.0001
24.0001
24.0001
24.0001
24.0001
24.0001
24.0001
24.0001
24.0000
24.0000
24.0000
24.0000
24.0000
24.0000
24.0000
24.0000
24.0000
24.0000
24.0000
24.0000
24.0000
24.0000
24.0000
24.0000
24.0000
24.0000
24.0000
24.0000
24.0000
24.0000
24.0000
24.0000
24.0000
24.0000
24.0000
24.0000
24.0000
24.0000
24.0000
24.0000
24.0000
24.0000
24.0000
24.0000
24.0000
24.0000
24.0000
24.0000
24.0000
24.0000
24.0000
24.0000
24.0000
24.0000
24.0000
24.0000
24.0000
24.0000
24.0000
24.0000
24.0000
24.0000
24.0000
24.0000
24.0000
24.0000
24.0000
24.0000
24.0000
24.0000
24.0000
24.0000
24.0000
24.0000
24.0000
24.0000
24.0000
24.0000
24.0000
24.0000
24.0000
24.0000
24.0000
24.0000
24.0000
24.0000
24.0000
24.0000
24.0000
24.0000
24.0000
24.0000
24.0000
24.0000
24.0000
24.0000
24.0000
24.0000
24.0000
24.0000
24.0000
24.0000
24.0000
24.0000
24.0000
24.0000
24.0000
24.0000
24.0000
24.0000
24.0000
24.0000
24.0000
24.0000
24.0000
24.0000
24.0000
24.0000
24.0000
24.0000
24.0000
24.0000
24.0000
24.0000
24.0000
24.0000
24.0000
24.0000
24.0000
24.0000
24.0000
24.0000
24.0000
24.0000
24.0000
24.0000
24.0000
24.0000
24.0000
24.0000
24.0001
24.0001
24.0002
24.0002
24.0002
24.0002
24.0002
24.0002
24.0002
24.0002
24.0002
24.0002
24.0002
24.0002
24.0002
24.0002
24.0002
24.0002
24.0002
24.0002
24.0002
24.0002
24.0002
24.0002
24.0002
24.0002
24.0002
24.0002
24.0002
24.0002
24.0002
24.0002
24.0002
24.0002
24.0002
24.0002
24.0002
24.0002
24.0002
24.0002
24.0002
24.0002
24.0002
24.0002
24.0002
24.0002
24.0002
24.0002
24.0002
24.0002
24.0002
24.0002
24.0002
24.0002
24.0002
24.0002
24.0001
24.0001
24.0001
24.0001
24.0001
24.0001
24.0001
24.0001
24.0001
24.0001
24.0001
24.0001
24.0001
24.0001
24.0001
24.0001
24.0001
24.0001
24.0001
24.0001
24.0001
24.0001
24.0001
24.0001
24.0001
24.0001
24.0001
24.0001
24.0001
24.0001
24.0001
24.0001
24.0001
24.0001
24.0001
24.0001
24.0001
24.0001
24.0001
24.0001
24.0001
24.0001
24.0001
24.0001
24.0001
24.0001
24.0001
24.0001
24.0001
24.0001
24.0001
24.0001
24.0001
24.0001
24.0001
24.0001
24.0001
24.0001
24.0001
24.0001
24.0001
24.0001
24.0001
24.0001
24.0001
24.0001
24.0001
24.0001
24.0001
24.0001
24.0001
24.0001
24.0001
24.0001
24.0001
24.0001
24.0001
24.0001
24.0001
24.0001
24.0001
24.0001
24.0001
24.0001
24.0001
24.0001
24.0001
24.0001
24.0000
24.0000
24.0000
24.0000
24.0000
24.0000
24.0000
24.0000
24.0000
24.0000
24.0000
24.0000
24.0000
24.0000
24.0000
24.0000
24.0000
24.0000
24.0000
24.0000
24.0000
24.0000
24.0000
24.0000
24.0000
24.0000
24.0000
24.0000
24.0000
24.0000
24.0000
24.0000
24.0000
24.0000
24.0000
24.0000
24.0000
24.0000
24.0000
24.0000
24.0000
24.0000
24.0000
24.0000
24.0000
24.0000
24.0000
24.0000
24.0000
24.0000
24.0000
24.0000
24.0000
24.0000
24.0000
24.0000
24.0000
24.0000
24.0000
24.0000
24.0000
24.0000
24.0000
24.0000
24.0000
24.0000
24.0000
24.0000
24.0000
24.0000
24.0000
24.0000
24.0000
24.0000
24.0000
24.0000
24.0000
24.0000
24.0000
24.0000
24.0000
24.0000
24.0000
24.0000
24.0000
24.0000
24.0000
24.0000
24.0000
24.0000
24.0000
24.0000
24.0000
24.0000
24.0000
24.0000
24.0000
24.0000
24.0000
24.0000
24.0000
24.0000
24.0000
24.0000
24.0000
24.0000
24.0000
24.0000
24.0000
24.0000
24.0000
24.0000
24.0000
24.0000
24.0000
24.0000
24.0000
24.0000
24.0000
24.0000
24.0000
24.0000
24.0000
24.0000
24.0000
24.0000
24.0000
24.0000
24.0000
24.0000
25.4097
25.5567
25.5906
25.5978
25.5994
25.5998
25.5999
25.5999
25.5999
25.6000
25.6000
25.6000
25.1295
25.0256
25.0059
25.0020
25.0013
25.0011
25.0011
25.0011
25.0011
25.0011
25.0011
25.0011
24.2482
24.0612
24.0156
24.0044
24.0016
24.0010
24.0008
24.0008
24.0008
24.0008
24.0008
24.0011
24.0009
24.0009
24.0008
24.0008
24.0008
24.0008
24.0008
24.0010
24.0008
24.0008
24.0008
24.0008
24.0008
24.0008
24.0008
24.0008
24.0008
24.0008
24.0008
24.0008
24.0008
24.0008
24.0008
24.0008
24.0008
24.0008
24.0008
24.0010
24.0011
24.0009
24.0008
24.0008
24.0008
24.0008
24.0008
24.0008
24.0008
24.0386
24.0428
24.0424
24.0397
24.0526
24.0599
24.0577
24.0576
24.0710
24.0759
24.0751
24.0779
24.2137
24.2034
24.2060
24.2223
24.2326
24.2302
24.2426
24.2549
24.2550
24.2624
24.2767
24.2799
24.2465
24.2659
24.2676
24.2677
24.2839
24.3207
24.2883
24.2997
24.3119
24.3157
24.3143
24.3305
24.0926
24.1282
24.1134
24.1229
24.1295
24.1308
24.1295
24.1303
24.1375
24.1471
24.1509
24.1519
24.1402
24.1471
24.1570
24.1623
24.1635
24.1643
24.1661
24.1781
24.2135
24.1842
24.1905
24.1896
24.3310
24.3262
24.3360
24.3362
24.3474
24.3602
24.3930
24.3627
24.3770
24.3886
24.3940
24.3944
24.2379
24.2218
24.2230
24.2500
24.2200
24.2259
24.2234
24.2349
24.2423
24.2680
24.2456
24.2531
24.1847
24.2311
24.2017
24.2124
24.2102
24.2092
24.2069
24.2042
24.2011
24.1976
24.1986
24.2003
24.1265
24.1321
24.1228
24.1182
24.1123
24.1071
24.1016
24.0962
24.0910
24.0902
24.0880
24.0833
24.1018
24.0933
24.0895
24.0839
24.0787
24.0733
24.0678
24.0644
24.0639
24.0610
24.0558
24.0504
24.0132
24.0039
24.0015
24.0009
24.0008
24.0007
24.0007
24.0007
24.0007
24.0007
24.0007
26.4781
26.6531
26.6909
26.6999
26.7020
26.7025
26.7026
26.7027
26.7027
26.7027
26.7025
26.7023
26.7022
26.7021
26.7021
26.7020
26.7019
26.7019
26.7018
26.7018
26.7018
26.7017
26.7017
26.7017
23.4835
24.4230
24.1699
24.1858
24.1283
24.0973
24.0644
24.0358
24.0088
23.9833
23.9591
23.9357
23.9132
23.8912
23.8697
23.8485
23.8277
23.8073
23.7869
23.7671
23.7475
23.7279
23.7086
23.6895
23.6706
23.6520
23.6335
23.6152
23.5971
23.5791
23.5614
23.5435
23.5260
23.5086
23.4912
23.4740
23.4569
23.4398
23.4229
23.4062
23.3896
23.3731
23.3566
23.3402
23.3237
23.3076
23.2914
23.2752
23.2591
23.2431
23.2273
23.2115
23.1957
23.1801
23.1645
23.1489
23.1336
23.1179
23.1026
23.0873
23.0720
23.0567
23.0416
23.0266
23.0117
22.9969
22.9822
22.9677
22.9532
22.9388
22.9243
22.9104
22.8966
22.9697
22.9468
22.9416
22.9307
22.9212
22.9114
22.9017
22.8921
22.8827
22.8734
22.8642
26.4168
26.6454
26.6653
26.6685
26.6741
26.7592
26.8146
26.8721
26.9244
26.9751
27.0239
27.0721
27.1295
27.4977
27.4723
27.5410
27.5818
27.6339
27.6947
27.7451
27.7871
27.8280
27.8739
27.9319
27.9795
28.0725
28.0988
28.1477
28.2015
28.2440
28.3103
28.3048
28.3610
28.4051
28.4398
28.4698
28.5007
28.5698
28.6079
28.6389
28.6675
28.7067
28.7538
28.7893
28.8175
28.8451
28.8935
28.9349
28.9637
29.1304
29.1403
29.1976
29.2299
29.2553
30.8431
29.2508
29.5040
29.4376
29.5162
29.5151
29.5448
29.6733
31.0192
29.6696
29.6822
29.6845
29.6848
31.5859
29.8234
29.6982
29.6848
29.6833
29.6829
31.5038
29.8454
29.7022
29.6834
29.6818
29.6809
29.6805
29.6805
29.6805
29.6802
32.4458
29.9250
29.7160
29.6842
29.6796
29.6790
29.6788
29.6785
29.6781
29.6779
29.6775
32.7253
29.9508
29.7261
29.6813
29.6714
29.6706
33.6575
30.0477
29.7507
29.6872
29.6729
29.6695
29.6683
29.6679
29.6678
34.5070
30.1783
29.7940
29.6990
29.6747
29.6703
29.6693
34.3859
30.2018
29.7880
29.6988
29.6818
29.6797
29.6771
29.6767
29.6764
29.6773
33.2241
30.0873
29.7553
33.2608
30.1109
29.7598
29.6939
29.6828
29.6802
29.6797
32.2031
30.0241
29.7412
29.6901
29.6814
29.6802
29.6801
29.6802
29.6803
29.6810
29.6805
29.6805
29.6806
31.9984
30.0001
29.7359
32.3118
30.0351
29.7407
29.6910
32.1223
30.0223
29.7382
29.6909
29.6839
29.6827
29.6824
29.6823
29.6823
29.6822
29.6822
29.6822
29.6822
31.8276
29.9774
29.7277
29.6890
29.6836
29.6827
29.6825
29.6824
31.8351
29.9783
29.7275
26.1171
27.0331
26.7245
26.6956
26.6001
26.5408
26.4804
26.4262
26.3747
26.3258
26.2785
26.2327
26.1882
26.1447
26.1023
26.0607
26.0197
25.9796
25.9410
25.9035
25.8658
25.8283
25.7913
25.7548
25.7187
25.6294
25.6008
25.5615
25.5267
25.4915
25.4573
25.4234
25.3900
25.3572
25.3247
25.2925
25.2607
25.2292
25.1980
25.1669
25.1365
25.1062
25.0760
25.0461
25.0165
24.9872
24.9582
24.9294
24.9008
24.8725
24.8443
24.8164
24.7884
24.7610
24.7337
24.7063
24.6792
24.6524
24.6257
24.5993
24.5729
24.5469
24.5210
24.4952
24.4696
24.4438
24.4184
24.3932
24.3680
24.3430
24.3182
24.2933
24.2688
24.2444
24.2202
24.1961
24.1722
24.1483
24.1242
24.1006
24.0771
24.0535
24.0301
24.0068
23.9836
23.9607
23.9379
23.9154
23.8930
23.8708
23.8489
23.8269
23.8055
23.7843
23.7631
23.7422
23.7218
23.7867
23.7582
23.7470
23.7306
23.7154
23.7000
23.6848
23.6700
23.6553
23.6408
23.6264
26.4735
27.2583
27.2620
27.4125
27.4850
27.5576
27.6216
27.6865
27.7417
27.7897
27.8352
27.8788
27.9211
28.2676
28.2414
28.3580
28.3664
28.4167
28.4529
28.4933
28.5505
28.5980
28.6348
28.6705
28.7068
28.8157
28.8512
28.8892
28.9215
28.9608
29.0421
29.0461
29.0840
29.1107
29.1544
29.1991
29.2317
29.2767
29.3298
29.3457
29.3928
29.4175
29.4718
29.5012
29.5482
31.1405
29.5199
29.6665
29.6844
29.6845
29.6849
29.6848
29.6844
29.6839
29.6838
31.7569
29.8431
29.7014
29.6843
32.1638
29.8855
29.7097
29.6840
29.6801
29.6794
29.6793
29.6792
29.6787
29.6793
29.6788
32.9602
29.9947
29.7421
29.6883
29.6773
29.6760
29.6757
29.6746
29.6742
29.6738
29.6727
29.6728
29.6717
29.6702
29.6671
29.6698
29.6676
29.6669
29.6662
29.6666
29.6669
29.6669
29.6667
29.6666
29.6665
29.6662
29.6656
29.6644
29.6663
29.6684
29.6705
29.6719
29.6729
29.6736
29.6742
29.6749
29.6754
29.6758
29.6760
29.6750
29.6767
29.6774
29.6777
29.6778
29.6782
29.6785
29.6787
29.6788
29.6790
29.6792
29.6790
29.6824
29.6798
29.6813
29.6808
29.6810
29.6813
29.6815
29.6817
29.6818
29.6827
29.6825
29.6826
29.6831
29.6828
29.6829
29.6830
29.6832
29.6833
29.6834
29.6834
29.6835
29.6835
29.6836
29.6837
29.6842
29.6838
29.6837
29.6837
29.6838
29.6838
29.6838
29.6838
29.6838
29.6839
29.6839
29.6839
29.6838
29.6840
29.6840
29.6840
29.6840
29.6841
29.6840
29.6840
29.6841
29.6841
29.6841
29.6841
29.6848
29.6841
29.6840
29.6840
29.6840
29.6840
29.6839
29.6839
29.6839
29.6839
29.6839
26.3410
27.1439
26.8578
26.8253
26.7378
26.6803
26.6223
26.5696
26.5195
26.4714
26.4251
26.3799
26.3359
26.2927
26.2506
26.2092
26.1684
26.1284
26.0891
26.0505
26.0125
25.9750
25.9381
25.9017
26.5430
26.6687
26.6935
26.6986
26.6996
26.6998
26.6999
26.6999
26.6999
26.7000
26.7000
26.7000
26.7000
26.7000
26.7000
26.7000
26.7000
26.7000
26.7000
26.7000
26.7000
26.7000
26.7000
26.7000
26.7000
26.7000
26.7000
26.7000
26.7000
26.7000
26.7000
26.7000
26.7000
26.7000
26.7000
26.7000
26.7000
26.7000
26.7000
26.7000
26.7000
26.7000
26.7000
26.7000
26.7000
26.7000
26.7000
26.7000
26.7000
26.7000
26.7000
26.7000
26.7000
26.7000
26.7000
26.7000
26.7000
26.7000
26.7000
26.7000
25.8537
25.6567
25.6126
25.6028
25.6006
25.6001
25.6000
25.6000
25.6000
25.6000
25.6000
25.6000
25.1447
25.0352
25.0092
25.0028
25.0013
25.0009
25.0008
25.0008
25.0008
25.0008
25.0008
25.0008
24.6838
24.8062
24.7739
24.7550
24.7387
24.7199
24.7022
24.6874
24.6699
24.6572
24.6392
24.6267
24.6201
24.7971
24.7870
24.7570
24.7503
24.7452
24.7461
24.7420
24.7334
24.7253
24.7223
24.7251
24.7225
24.7506
24.7387
24.7402
24.7435
24.7404
24.7329
24.7247
24.7280
24.7287
24.7221
24.7137
24.7415
24.7202
24.7186
24.7127
24.7050
24.7052
24.7344
24.7002
24.6971
24.6885
24.6937
24.6933
24.6858
24.7697
24.7595
24.7680
24.7629
24.7544
24.7591
24.7621
24.7561
24.7481
24.7555
24.7583
24.7520
24.8640
24.8602
24.8702
24.8604
24.8726
24.8781
24.8719
24.9061
24.8818
24.8862
24.8864
24.8969
24.8614
24.8894
24.8698
24.8778
24.8695
24.9046
24.8818
24.8830
24.8813
24.8898
24.8928
24.8861
24.6617
24.6976
24.6807
24.6768
24.6715
24.6780
24.6807
24.6775
24.6737
24.6698
24.6764
24.6810
24.6677
24.6664
24.6625
24.6665
24.6726
24.6733
24.6712
24.6687
24.6694
24.6775
24.6810
24.6796
24.8044
24.7900
24.8086
24.8134
24.8124
24.8133
24.8525
24.8286
24.8586
24.8274
24.8450
24.9032
24.6584
24.6694
24.6579
24.6641
24.6656
24.6642
24.6624
24.6606
24.7120
24.6558
24.6710
24.6684
24.6087
24.6130
24.6054
24.6006
24.5947
24.5947
24.5923
24.5857
24.5782
24.5700
24.5615
24.5527
24.4761
24.4778
24.4680
24.4604
24.4504
24.4406
24.4305
24.4205
24.4104
24.4003
24.3901
24.3800
24.3925
24.3849
24.3802
24.3710
24.3616
24.3519
24.3421
24.3322
24.3224
24.3125
24.3026
24.2971
24.1855
24.1895
24.1720
24.1618
24.1504
24.1396
24.1288
24.1182
24.1077
24.0972
24.0867
24.0773
24.0313
24.0243
24.0099
23.9979
23.9854
23.9732
23.9610
23.9490
26.4758
26.6505
26.6904
26.6995
26.7017
26.7020
26.7020
26.7020
26.7019
26.7019
26.7019
26.7018
26.7018
26.7018
26.7018
26.7017
26.7017
26.7005
26.7001
26.7000
26.7000
26.7000
26.7000
26.7000
26.7000
26.7000
26.7000
26.7000
26.7000
26.7000
26.7000
26.7000
26.7000
26.7000
26.7000
26.7000
26.7000
26.7000
26.7000
26.7000
26.7000
26.7000
26.7000
26.7000
26.7000
26.7000
26.7000
26.7000
26.7000
26.7000
26.7000
26.7000
26.7000
26.7000
26.7000
26.7000
26.7000
26.7000
26.7000
26.7000
26.7000
26.7000
26.7000
26.7000
26.7000
26.7000
26.7000
26.7000
26.7000
26.7000
26.7000
26.7000
26.7000
26.7000
26.7000
25.8411
25.6482
25.6096
25.6019
25.6004
25.6001
25.6000
25.6000
25.6000
25.6000
25.6000
25.6000
25.1340
25.0300
25.0074
25.0023
25.0012
25.0009
25.0009
25.0009
25.0009
25.0009
25.0009
25.0009
24.2667
24.4147
24.3466
24.3297
24.3083
24.2826
24.2630
24.2611
24.2435
24.2563
24.2127
24.2051
24.1967
24.3685
24.3347
24.3474
24.3443
24.3382
24.3589
24.3252
24.3354
24.3346
24.3303
24.3252
24.3228
24.3654
24.3637
24.3616
24.3566
24.3579
24.3918
24.3606
24.3603
24.3529
24.3581
24.3616
24.3581
24.3641
24.3590
24.3663
24.3680
24.3631
24.4402
24.3788
24.3958
24.3916
24.3868
24.3824
24.3904
24.4901
24.4725
24.4723
24.4821
24.4882
24.4839
24.4798
24.4916
24.5515
24.4858
24.4941
24.5017
24.6255
24.6030
24.6186
24.6273
24.6250
24.6301
24.6419
24.6422
24.6422
24.6562
24.6602
24.6562
24.6345
24.6744
24.6646
24.6478
24.6612
24.6598
24.6601
24.6746
24.6778
24.6736
24.6857
24.6950
24.4537
24.4872
24.4822
24.4881
24.4856
24.4834
24.4811
24.4892
24.4960
24.4967
24.4959
24.4948
24.4897
24.4996
24.5015
24.5014
24.5009
24.5038
24.5140
24.5191
24.5200
24.5198
24.5200
24.5310
24.6693
24.6537
24.6602
24.6681
24.6812
24.6856
24.6853
24.6925
24.7048
24.7099
24.7353
24.7121
24.5392
24.5467
24.5383
24.5361
24.5358
24.5632
24.5331
24.5525
24.5758
24.5481
24.5527
24.6105
24.5172
24.5134
24.5123
24.5098
24.5066
24.5028
24.4985
24.4938
24.4907
24.4918
24.4896
24.4844
24.4086
24.4118
24.4005
24.3939
24.3864
24.3792
24.3731
24.3706
24.3661
24.3593
24.3523
24.3452
24.3612
24.3510
24.3453
24.3383
24.3314
24.3262
24.3243
24.3197
24.3129
24.3060
24.2988
24.2915
24.1802
24.1865
24.1713
24.1635
24.1547
24.1465
24.1384
24.1310
24.1255
24.1189
24.1113
24.1036
24.0605
24.0567
24.0453
24.0363
24.0267
24.0174
24.0080
24.0020
24.0005
24.0001
24.0000
24.0000
24.0000
24.0000
24.0000
24.0000
24.0000
24.0000
24.0000
24.0000
24.0000
24.0000
24.0000
24.0001
24.0001
24.0000
24.0000
24.0000
24.0000
24.0000
24.0000
24.0000
24.0000
24.0000
24.0000
24.0000
24.0000
24.0000
24.0000
24.0000
24.0000
24.0000
24.0000
24.0000
24.0000
24.0000
24.0000
24.0000
24.0000
24.0000
24.0000
24.0000
24.0000
24.0000
24.0000
24.0000
24.0000
24.0000
24.0000
24.0000
24.0000
24.0000
24.0000
24.0000
24.0000
24.0000
24.0000
24.0000
24.0000
24.0000
24.0000
24.0000
24.0000
24.0000
24.0000
24.0000
24.0000
24.0000
24.0000
24.0000
24.0000
24.0000
24.0000
24.0000
24.0000
24.0000
24.0000
24.0000
24.0000
24.0000
24.0000
24.0000
24.0000
24.0000
24.0000
24.0000
24.0000
24.0001
24.0001
24.0001
24.0001
24.0001
24.0001
24.0001
24.0001
24.0001
24.0001
24.0000
24.0001
24.0001
24.0001
24.0001
24.0001
24.0001
24.0001
24.0001
24.0001
24.0001
24.0001
24.0001
24.0001
24.0001
24.0001
24.0001
24.0001
24.0001
24.0001
24.0001
24.0001
24.0001
24.0001
24.0001
24.0001
24.0001
24.0001
24.0001
24.0001
24.0001
24.0001
24.0001
24.0001
24.0001
24.0001
24.0001
24.0001
24.0001
24.0001
24.0001
24.0001
24.0001
24.0001
24.0001
24.0001
24.0001
24.0001
24.0001
24.0001
24.0001
24.0001
24.0001
24.0001
24.0001
24.0001
24.0001
24.0001
24.0001
24.0001
24.0001
24.0001
24.0001
24.0001
24.0001
24.0001
24.0001
24.0001
24.0001
24.0001
24.0001
24.0001
24.0001
24.0001
24.0001
24.0001
24.0001
24.0001
24.0001
24.0001
24.0001
24.0001
24.0001
24.0001
24.0001
24.0001
24.0001
24.0001
24.0001
24.0001
24.0001
24.0001
24.0001
24.0001
24.0001
24.0001
24.0001
24.0001
24.0001
24.0001
24.0001
24.0001
24.0001
24.0001
24.0001
24.0001
24.0001
24.0001
24.0001
24.0001
24.0001
24.0001
24.0001
24.0001
24.0001
24.0001
24.0001
24.0001
24.0001
24.0001
24.0001
24.0001
24.0001
24.0001
24.0001
24.0001
24.0001
24.0001
24.0001
24.0001
24.0001
24.0001
24.0001
24.0001
24.0001
24.0001
24.0001
24.0001
24.0001
24.0001
24.0001
24.0001
24.0001
24.0001
24.0001
24.0001
24.0000
24.0000
24.0000
24.0000
24.0000
24.0000
24.0000
24.0000
24.0000
24.0000
24.0000
24.0000
24.0000
24.0000
24.0000
24.0000
24.0000
24.0000
24.0000
24.0000
24.0000
24.0000
24.0000
24.0000
24.0000
24.0000
24.0000
24.0000
24.0000
24.0000
24.0000
24.0000
24.0000
24.0000
24.0000
24.0000
24.0000
24.0000
24.0000
24.0000
24.0000
24.0000
24.0000
24.0000
24.0000
24.0000
24.0000
24.0000
24.0000
24.0000
24.0000
24.0000
24.0000
24.0000
24.0000
24.0000
24.0000
24.0000
24.0000
24.0000
24.0000
24.0000
24.0000
24.0000
24.0000
24.0000
24.0000
24.0000
24.0000
24.0000
24.0000
24.0000
24.0000
24.0000
24.0000
24.0000
24.0000
24.0000
24.0000
24.0000
24.0000
24.0000
24.0000
24.0000
24.0000
24.0000
24.0000
24.0000
24.0000
24.0000
24.0000
24.0000
24.0000
24.0000
24.0000
24.0000
24.0000
24.0000
24.0000
24.0000
24.0000
24.0000
24.0000
24.0000
24.0000
24.0000
24.0000
24.0000
24.0000
24.0000
24.0000
24.0000
24.0000
24.0000
24.0000
24.0000
24.0000
24.0000
24.0000
24.0000
24.0000
24.0000
24.0000
24.0000
24.0000
24.0000
24.0000
24.0000
24.0000
24.0000
24.0000
24.0000
24.0001
24.0002
24.0002
24.0002
24.0002
24.0002
24.0002
24.0002
24.0002
24.0002
24.0002
24.0002
24.0002
24.0002
24.0002
24.0002
24.0002
24.0002
24.0002
24.0002
24.0002
24.0002
24.0002
24.0002
24.0002
24.0002
24.0002
24.0002
24.0002
24.0002
24.0002
24.0002
24.0002
24.0002
24.0002
24.0002
24.0002
24.0002
24.0002
24.0002
24.0002
24.0002
24.0002
24.0002
24.0002
24.0002
24.0002
24.0002
24.0002
24.0002
24.0002
24.0002
24.0002
24.0002
24.0002
24.0002
24.0002
24.0002
24.0002
24.0002
24.0002
24.0002
24.0002
24.0002
24.0002
24.0002
24.0002
24.0001
24.0001
24.0001
24.0001
24.0001
24.0001
24.0001
24.0001
24.0001
24.0001
24.0001
24.0001
24.0001
24.0001
24.0001
24.0001
24.0001
24.0001
24.0001
24.0001
24.0001
24.0001
24.0001
24.0001
24.0001
24.0001
24.0001
24.0001
24.0001
24.0001
24.0001
24.0001
24.0001
24.0001
24.0001
24.0001
24.0001
24.0001
24.0001
24.0001
24.0001
24.0001
24.0001
24.0001
24.0001
24.0001
24.0001
24.0001
24.0001
24.0001
24.0001
24.0001
24.0001
24.0001
24.0001
24.0001
24.0001
24.0001
24.0001
24.0001
24.0001
24.0001
24.0001
24.0001
24.0001
24.0001
24.0001
24.0001
24.0001
24.0001
24.0001
24.0001
24.0001
24.0001
24.0001
24.0001
24.0001
24.0000
24.0000
24.0000
24.0000
24.0000
24.0000
24.0000
24.0000
24.0000
24.0000
24.0000
24.0000
24.0000
24.0000
24.0000
24.0000
24.0000
24.0000
24.0000
24.0000
24.0000
24.0000
24.0000
24.0000
24.0000
24.0000
24.0000
24.0000
24.0000
24.0000
24.0000
24.0000
24.0000
24.0000
24.0000
24.0000
24.0000
24.0000
24.0000
24.0000
24.0000
24.0000
24.0000
24.0000
24.0000
24.0000
24.0000
24.0000
24.0000
24.0000
24.0000
24.0000
24.0000
24.0000
24.0000
24.0000
24.0000
24.0000
24.0000
24.0000
24.0000
24.0000
24.0000
24.0000
24.0000
24.0000
24.0000
24.0000
24.0000
24.0000
24.0000
24.0000
24.0000
24.0000
24.0000
24.0000
24.0000
24.0000
24.0000
24.0000
24.0000
24.0000
24.0000
24.0000
24.0000
24.0000
24.0000
24.0000
24.0000
24.0000
24.0000
24.0000
24.0000
24.0000
24.0000
24.0000
24.0000
24.0000
24.0000
24.0000
24.0000
24.0000
24.0000
24.0000
24.0000
24.0000
24.0000
24.0000
24.0000
24.0000
24.0000
24.0000
24.0000
24.0000
24.0000
24.0000
24.0000
24.0000
24.0000
24.0000
24.0000
24.0000
24.0000
24.0000
24.0000
24.0000
24.0000
24.0000
24.0000
24.0000
23.0644
23.2692
23.1794
23.1748
23.1511
23.1356
23.1200
23.1062
23.0931
23.0807
23.0688
23.0578
23.0481
23.1265
23.1088
23.1093
23.1041
23.1002
23.0959
23.0916
23.0873
23.0829
23.0784
23.0740
23.0778
23.2051
23.1899
23.1945
23.1965
23.1956
23.1945
23.2085
23.1989
23.1994
23.1957
23.1948
23.1968
23.3899
23.3777
23.3964
23.3982
23.4012
23.4339
23.4156
23.4315
23.4340
23.4375
23.4406
23.4553
23.5055
23.5049
23.5404
23.5111
23.5323
23.5403
23.5729
23.5712
23.5512
23.5674
23.5722
23.5729
23.5864
23.5963
23.6372
23.6978
23.6029
23.6208
23.6302
23.6367
23.6366
23.6363
23.6453
23.6554
23.7596
23.7452
23.7571
23.7713
23.7771
23.8064
23.7836
23.8014
23.8036
23.8027
23.8153
23.8269
23.9543
23.9390
23.9627
23.9725
23.9710
23.9886
24.0004
24.0004
24.0127
24.0273
24.0300
24.0372
24.0161
24.0270
24.0266
24.0732
24.0508
24.0560
24.0648
24.0804
24.0830
24.0869
24.1041
24.1127
23.8653
23.9109
23.9078
23.9136
23.9141
23.9155
23.9217
23.9341
23.9409
23.9438
23.9463
23.9514
23.9529
23.9633
23.9660
23.9691
23.9719
23.9852
23.9961
24.0008
24.0042
24.0071
24.0168
24.0296
24.1709
24.1568
24.1670
24.1845
24.1979
24.2016
24.2042
24.2208
24.2337
24.2376
24.2682
24.2768
24.1005
24.0811
24.0787
24.0800
24.0791
24.0917
24.0890
24.1039
24.1038
24.1345
24.1049
24.1138
24.0637
24.0747
24.0721
24.0720
24.0705
24.0687
24.0663
24.0642
24.0679
24.0687
24.0656
24.0617
23.9865
23.9917
23.9823
23.9775
23.9719
23.9684
23.9676
23.9647
23.9598
23.9547
23.9494
23.9441
23.9623
23.9540
23.9502
23.9449
23.9417
23.9418
23.9393
23.9346
23.9295
23.9244
23.9191
23.9139
23.8030
23.8115
23.7983
23.7925
23.7855
23.7803
23.7764
23.7715
23.7657
23.7598
23.7540
23.7408
23.7078
23.7037
23.6948
23.6877
23.6806
23.6739
23.6674
23.6611
23.6550
23.6492
23.6435
23.6379
23.6324
23.6269
23.6216
23.6162
23.6110
23.6058
23.6006
23.5954
23.5903
23.5852
