12.8008
12.8008
12.8000
12.8007
12.8004
12.8012
12.8012
12.8012
12.8011
12.8011
12.8011
12.8011
12.8011
12.8011
12.8011
12.8011
12.8011
12.8011
12.8011
12.8010
12.8010
12.8010
12.8010
12.8010
12.8010
12.8010
12.8010
12.8010
12.8010
12.8010
12.8010
12.8010
12.8010
12.8010
12.8010
12.8010
12.8010
12.8010
12.8010
12.8010
12.8010
12.8010
12.8010
12.8010
12.8010
12.8010
12.8010
12.8010
12.8010
12.8010
12.8001
12.8002
12.8002
12.8002
12.8003
12.8003
12.8003
12.8003
12.8004
12.8004
12.8004
12.8584
12.7771
12.7989
12.7991
12.7994
12.7996
12.7997
12.7998
12.7999
12.8000
12.8001
12.8001
12.8501
12.7816
12.7992
12.7995
12.7998
12.7999
12.8001
12.8001
12.8002
12.8003
12.8003
12.8003
12.8919
12.8074
12.7953
12.7973
12.8005
12.8001
12.8002
12.8266
12.8061
12.8076
12.8038
12.8019
12.8023
12.8152
12.8004
12.8017
12.8019
12.8015
12.7936
12.8018
12.8089
12.8011
12.8020
12.8013
12.7984
12.8014
12.8011
12.8019
12.8018
12.8012
12.8018
12.8018
12.8018
12.8008
12.8020
12.8019
12.8011
12.8050
12.7998
12.7950
12.8025
12.8021
12.8025
12.8027
12.8014
12.8021
12.8008
12.8015
12.8014
12.8014
12.8014
12.7888
12.8004
12.8136
12.7988
12.7990
12.8006
12.8007
12.8051
12.8020
12.7980
12.8042
12.8067
12.8010
12.8013
12.8012
12.8019
12.8014
12.8015
12.8016
12.8011
12.8018
12.8018
12.8006
12.8022
12.8039
12.8025
12.8021
12.8012
12.8017
12.8022
12.8021
12.8020
12.8014
12.8012
12.8020
12.8015
12.8008
12.8008
12.8007
12.8008
12.7990
12.8008
12.8005
12.8005
12.8005
12.8001
12.8003
12.7997
12.8001
12.8001
12.8007
12.8003
12.8012
12.8006
12.7997
12.8007
12.8006
12.8002
12.7992
12.8002
12.8001
12.7996
12.8002
12.7996
12.7994
12.7993
12.7992
12.7992
12.7907
12.7987
12.7911
12.7992
12.7987
12.7917
12.7994
12.7994
12.7583
12.7996
12.7982
12.7854
12.7991
12.7946
12.7933
12.7990
12.7989
12.7990
12.7991
12.7993
12.7994
12.7995
12.7996
12.7998
12.7998
12.8000
12.8000
12.8001
12.8001
12.8001
12.8002
12.8002
12.8002
12.7994
12.7995
12.7996
12.7997
12.7997
12.8000
12.7997
12.7998
12.7999
12.8000
12.8000
12.8000
12.8000
12.8001
12.8001
12.8002
12.8004
12.7981
12.8007
12.8005
12.8006
12.8006
12.7998
12.7999
12.8000
12.8001
12.8001
12.8002
12.6804
12.8099
12.8003
12.8007
12.8005
12.8004
12.8014
12.8030
12.8023
12.8015
12.8015
12.8015
12.8014
12.8014
12.8014
12.8014
12.8014
12.8013
12.8013
12.8013
12.8013
12.8013
12.8013
12.8013
12.8013
12.8003
12.8013
12.8013
12.8012
12.8012
12.8012
12.8012
12.8012
12.8012
12.8012
12.8012
12.8012
12.8012
12.8012
12.8012
12.8012
12.8012
12.8012
12.8012
12.8012
12.8011
12.8011
12.8011
12.8011
12.8011
12.8011
12.8011
12.8011
12.8011
12.8011
12.8011
12.8011
12.8011
12.8011
12.8011
12.8011
12.8011
12.8011
12.8011
12.8011
12.8011
12.8011
12.8011
12.8011
12.8011
12.8011
12.8011
12.8011
12.8011
12.8011
12.8011
12.8011
12.8011
12.8011
12.8011
12.8011
12.8011
12.8011
12.8011
12.8580
12.7784
12.7997
12.7991
12.7995
12.7997
12.7999
12.8000
12.8001
12.8002
12.8003
12.8003
12.8497
12.7817
12.7991
12.7994
12.7996
12.7998
12.7998
12.7999
12.7999
12.7999
12.7999
12.7999
12.8871
12.8087
12.7956
12.7965
12.8000
12.7996
12.8001
12.8003
12.8120
12.8048
12.8269
12.8021
12.8137
12.8050
12.8025
12.8031
12.8035
12.8023
12.8014
12.8037
12.8016
12.8018
12.8017
12.8016
12.8016
12.8015
12.8015
12.8015
12.8014
12.8014
12.8011
12.8019
12.8017
12.8017
12.8010
12.8016
12.7953
12.7961
12.8022
12.7812
12.8016
12.8002
12.8006
12.8214
12.8012
12.8021
12.8019
12.8019
12.8014
12.8014
12.8013
12.8013
12.8007
12.8013
12.8011
12.8017
12.8010
12.8010
12.8010
12.8009
12.8059
12.8044
12.8010
12.8011
12.8011
12.8011
12.8019
12.8002
12.8016
12.8015
12.8010
12.8016
12.7642
12.7926
12.8002
12.7974
12.8020
12.8024
12.8017
12.8022
12.8050
12.8023
12.8018
12.8018
12.8017
12.8011
12.8023
12.8016
12.8016
12.8010
12.8016
12.7960
12.8014
12.8012
12.8012
12.8012
12.8012
12.8012
12.8010
12.8010
12.8007
12.8008
12.8008
12.8051
12.8008
12.8008
12.8001
12.8013
12.8005
12.7962
12.8004
12.8057
12.7994
12.8005
12.8002
12.8001
12.8000
12.7999
12.7999
12.7998
12.8593
12.7838
12.7994
12.7940
12.7917
12.7982
12.7964
12.7769
12.7984
12.7927
12.7846
12.7979
12.7978
12.7795
12.7985
12.7981
12.7983
12.7985
12.7990
12.7992
12.7993
12.7994
12.7995
12.7988
12.7989
12.7990
12.7991
12.7993
12.7994
12.7993
12.7994
12.7996
12.7996
12.7997
12.7997
12.7998
12.8000
12.8000
12.8001
12.8001
12.8002
12.8002
12.8002
12.8003
12.8003
12.8002
12.8003
12.8003
12.8003
12.7981
12.8006
12.8004
12.8005
12.8005
12.8005
12.8005
12.8005
12.8006
12.8005
12.8005
12.6727
12.8109
12.8010
12.8015
12.8014
12.8013
12.8022
12.8035
12.8016
12.8016
12.8015
12.8015
12.8014
12.8014
12.8014
12.8014
12.8014
12.8014
12.8013
12.8013
12.8013
12.8013
12.8013
12.8013
12.8013
12.8003
12.8013
12.8013
12.8013
12.8013
12.8013
12.8013
12.8013
12.8012
12.8012
12.8012
12.8012
12.8012
12.8012
12.8012
12.8012
12.8012
12.8012
12.8012
12.8012
12.8012
12.8012
12.8012
12.8012
12.8012
12.8012
12.8012
12.8012
12.8012
12.8012
12.8012
12.8012
12.8012
12.8012
12.8011
12.8011
12.8011
12.8011
12.8011
12.8011
12.8011
12.8011
12.8011
12.8011
12.8011
12.8011
12.8011
12.8011
12.8011
12.8011
12.8011
12.8011
12.8011
12.8011
12.8011
12.8011
12.8011
12.8011
12.8011
12.8828
12.7745
12.7992
12.7994
12.7997
12.7998
12.8000
12.8000
12.8001
12.8002
12.8002
12.8003
12.8518
12.7812
12.7992
12.7995
12.7998
12.7999
12.8000
12.8001
12.8001
12.8001
12.8002
12.8002
12.8860
12.8245
12.7980
12.7982
12.7998
12.7998
12.8054
12.8099
12.8013
12.8010
12.8047
12.8016
12.8118
12.8059
12.7979
12.7988
12.8005
12.8046
12.8020
12.8007
12.8018
12.7991
12.8075
12.8016
12.8013
12.8027
12.8016
12.8011
12.8017
12.8020
12.8012
12.8010
12.8016
12.7999
12.8007
12.8008
12.8008
12.8008
12.8003
12.8013
12.8013
12.8016
12.8002
12.8015
12.8009
12.8016
12.8016
12.8016
12.8016
12.8016
12.8017
12.8017
12.8011
12.7927
12.8003
12.8085
12.8007
12.8010
12.8009
12.8008
12.9130
12.7978
12.8003
12.7996
12.7995
12.8001
12.8002
12.8014
12.7998
12.8005
12.7999
12.8004
12.8011
12.7933
12.8070
12.8012
12.8017
12.8006
12.8007
12.8007
12.8013
12.7999
12.7999
12.7987
12.7991
12.7932
12.7994
12.7996
12.7997
12.7998
12.8002
12.7999
12.8005
12.8005
12.7963
12.8003
12.8004
12.8010
12.8004
12.8004
12.8004
12.8004
12.8001
12.8000
12.8000
12.7999
12.7999
12.7998
12.7997
12.7997
12.7996
12.7996
12.7996
12.7995
12.7991
12.7988
12.7988
12.7982
12.7981
12.7985
12.7983
12.7882
12.7975
12.7969
12.7783
12.7968
12.7973
12.7774
12.7968
12.7971
12.8013
12.7980
12.7978
12.7804
12.7971
12.7974
12.7975
12.7975
12.7982
12.7984
12.7985
12.7986
12.7986
12.7987
12.7987
12.7978
12.7980
12.7981
12.7982
12.7983
12.7983
12.7983
12.7984
12.7984
12.7985
12.7985
12.7986
12.7987
12.7987
12.7988
12.7988
12.7989
12.7989
12.7989
12.7989
12.7989
12.7990
12.7990
12.7990
12.7972
12.7992
12.7990
12.7990
12.7990
12.7990
12.7991
12.7991
12.7991
12.7991
12.7991
12.6797
12.8029
12.8005
12.8005
12.8005
12.8004
12.8000
12.8021
12.8007
12.8005
12.8005
12.8005
12.8005
12.8005
12.8005
12.8005
12.8005
12.8005
12.8005
12.8005
12.7997
12.7997
12.7997
12.8005
12.8003
12.7999
12.8006
12.8006
12.8005
12.8005
12.8005
12.8005
12.8005
12.8005
12.8005
12.8005
12.8005
12.8005
12.8005
12.8005
12.8005
12.8005
12.8005
12.8005
12.8005
12.8005
12.8005
12.8005
12.8005
12.8005
12.8005
12.8005
12.8004
12.8004
12.8004
12.8004
12.8004
12.8004
12.8004
12.8004
12.8004
12.8005
12.8005
12.8005
12.8005
12.8005
12.8005
12.8005
12.8005
12.8005
12.8005
12.8005
12.8005
12.8005
12.8005
12.8005
12.8005
12.8005
12.8005
12.8005
12.8005
12.8005
12.8005
12.8005
12.8586
12.7800
12.7963
12.7978
12.7981
12.7983
12.7985
12.7986
12.7987
12.7988
12.7988
12.8005
12.8479
12.7835
12.7971
12.7983
12.7986
12.7987
12.7988
12.7989
12.7990
12.7991
12.7991
12.7991
12.8881
12.7868
12.7978
12.7956
12.8153
12.8086
12.7841
12.8432
12.8017
12.8011
12.8003
12.8008
12.8096
12.8020
12.8013
12.8002
12.8004
12.8014
12.8001
12.8017
12.8005
12.8005
12.8010
12.8004
12.8002
12.7997
12.8003
12.8003
12.8003
12.7997
12.8010
12.8006
12.8006
12.8001
12.8006
12.8006
12.8006
12.8006
12.8012
12.8001
12.7631
12.7799
12.7836
12.7899
12.7932
12.7959
12.7965
12.7984
12.7989
12.8001
12.7999
12.8008
12.7997
12.8005
12.7948
12.8008
12.8005
12.8005
12.8005
12.7999
12.8012
12.7861
12.8007
12.8001
12.8002
12.8010
12.8010
12.8006
12.8013
12.8013
12.8148
12.8011
12.8018
12.8010
12.8055
12.8026
12.8027
12.8014
12.8011
12.8006
12.7998
12.8000
12.8012
12.8004
12.8004
12.8005
12.8011
12.8008
12.8008
12.8008
12.8009
12.8009
12.8013
12.8010
12.8010
12.8010
12.8010
12.8010
12.8010
12.8019
12.8009
12.8010
12.8006
12.8004
12.8002
12.8002
12.8001
12.8003
12.8000
12.7999
12.7989
12.7998
12.7995
12.7996
12.7996
12.7996
12.7996
12.7989
12.7995
12.7995
12.7924
12.7965
12.7972
12.7987
12.7924
12.7986
12.7990
12.7799
12.7987
12.7942
12.7984
12.7984
17.7071
17.7464
17.7809
17.8133
17.8447
17.8754
17.9055
17.9348
17.9632
17.9907
18.0173
18.0429
18.0677
18.0916
18.1148
18.1373
18.1592
18.1806
18.2015
18.2220
18.2420
18.2617
18.2810
18.3000
18.3186
18.3370
18.3551
18.3730
18.3906
18.4080
18.4252
18.4423
18.4591
18.4757
18.4924
18.5088
18.5253
18.5417
18.5580
18.5743
18.5904
18.6067
18.6230
18.6392
18.6555
18.6719
18.6882
18.7045
18.7217
18.7386
18.7574
18.7775
18.7982
18.8192
18.8402
18.8612
18.8819
18.9025
18.9227
18.9427
18.9625
18.9820
19.0012
19.0202
19.0390
19.0575
19.0758
19.0938
19.1116
19.1292
19.1465
19.1636
19.1806
19.1973
19.2138
19.2300
19.2461
19.2622
19.2780
19.2936
19.3091
19.3244
19.3397
19.3549
19.3699
19.3845
19.3990
19.4136
19.4280
19.4424
19.4571
19.4713
19.4856
19.4998
19.5136
19.5273
19.5410
19.5546
19.5681
19.5815
19.5949
19.6081
19.6212
19.6347
19.6478
19.6608
19.6737
19.6862
19.6987
19.7111
19.7234
19.7357
19.7478
19.7599
19.7719
19.7838
19.7960
19.8079
19.8197
19.8314
19.8427
19.8540
19.8653
19.8765
19.8876
19.8987
19.9096
19.9205
19.9313
19.9422
19.9530
19.9636
19.9741
19.9847
19.9952
20.0055
20.0158
20.0260
20.0361
20.0462
20.0562
20.0660
20.0756
20.0839
20.0904
20.0954
20.0986
20.1009
20.1028
20.1044
20.1061
20.1078
20.1095
20.1113
20.1130
20.1147
20.1149
20.1172
20.1193
20.1212
20.1230
20.1246
20.1262
20.1276
20.1290
20.1303
20.1315
20.1326
20.1337
20.1346
20.1354
20.1360
20.1365
20.1368
20.1370
20.1369
20.1367
20.1363
20.1357
20.1349
20.1340
20.1328
20.1314
20.1298
20.1280
20.1260
20.1237
20.1212
20.1184
20.1154
20.1121
20.1086
20.1048
20.1008
20.0965
20.0922
20.0876
20.0826
20.0776
20.0721
20.0665
20.0606
20.0546
20.0485
20.0421
20.0356
20.0289
20.0221
20.0152
20.0082
20.0010
19.9937
19.9863
19.9790
19.9715
19.9638
19.9558
19.9477
19.9394
19.9312
19.9230
19.9148
19.9063
19.8978
19.8891
19.8800
19.8707
19.8614
19.8520
19.8423
19.8324
19.8225
19.8122
19.8018
19.7910
19.7801
19.7689
19.7575
19.7459
19.7340
19.7219
19.7095
19.6971
19.6844
19.6714
19.6582
19.6448
19.6311
19.6173
19.6032
19.5890
19.5746
19.5600
19.5452
19.5303
19.5152
19.5000
19.4847
19.4692
19.4537
19.4381
19.4223
19.4065
19.3907
19.3747
19.3588
19.3428
19.3268
19.3108
19.2948
19.2789
19.2630
19.2473
19.2316
19.2162
19.2008
19.1867
19.1712
19.1561
19.1414
19.1270
19.1131
19.0996
19.0865
19.0738
19.0616
19.0497
19.0384
19.0275
19.0175
19.0093
19.0025
18.9968
18.9918
18.9875
18.9837
18.9805
18.9778
18.9756
18.9739
18.9726
18.9719
18.9717
18.9721
18.9728
18.9740
18.9758
18.9780
18.9806
18.9837
18.9873
18.9913
18.9955
19.0000
19.0050
19.0107
19.0166
19.0227
19.0290
19.0355
19.0422
19.0492
19.0563
19.0637
19.0712
19.0789
19.0868
19.0948
19.1032
19.1115
19.1201
19.1287
19.1376
19.1466
19.1557
19.1650
19.1743
19.1838
19.1934
19.2031
19.2129
19.2229
19.2329
19.2429
19.2530
19.2632
19.2734
19.2837
19.2940
19.3044
19.3149
19.3254
19.3360
19.3467
19.3576
19.3683
19.3792
19.3901
19.4011
19.4121
19.4232
19.4343
19.4454
19.4566
19.4677
19.4786
19.4895
19.5009
19.5122
19.5231
19.5340
19.5450
19.5560
19.5670
19.5780
19.5890
19.6000
19.6111
19.6221
19.6331
19.6445
19.6557
19.6665
19.6774
19.6883
19.6992
19.7101
19.7210
19.7319
19.7428
19.7536
19.7644
19.7752
19.7863
19.7973
19.8079
19.8185
19.8291
19.8397
19.8503
19.8609
19.8715
19.8820
19.8925
19.9029
19.9134
19.9241
19.9347
19.9450
19.9552
19.9654
19.9757
19.9859
19.9961
20.0063
20.0164
20.0265
20.0366
20.0466
20.0570
20.0672
20.0774
20.0874
20.0974
20.1072
20.1170
20.1268
20.1364
20.1459
20.1553
20.1643
20.1720
20.1779
20.1822
20.1855
20.1883
20.1907
20.1932
20.1957
20.1984
20.2012
20.2040
20.2068
20.2097
20.2124
20.2150
20.2175
20.2197
20.2217
20.2235
20.2250
20.2263
20.2273
20.2281
20.2286
20.2290
20.2291
20.2290
20.2286
20.2280
20.2272
20.2261
20.2247
20.2232
20.2213
20.2192
20.2168
20.2141
20.2111
20.2079
20.2043
20.2003
20.1960
20.1915
20.1866
20.1813
20.1757
20.1697
20.1632
20.1564
20.1492
20.1415
20.1334
20.1250
20.1160
20.1067
20.0971
20.0871
20.0766
20.0657
20.0545
20.0429
20.0309
20.0186
20.0059
19.9930
19.9799
19.9664
19.9529
19.9392
19.9254
19.9113
19.8971
19.8827
19.8681
19.8533
19.8383
19.8229
19.8074
19.7916
19.7753
19.7590
19.7426
19.7259
19.7091
19.6921
19.6751
15.3569
15.0899
14.9531
14.8445
14.7524
14.6713
14.5983
14.5321
14.4708
14.4137
14.3600
14.3094
14.2613
14.2156
14.1720
14.1302
14.0901
14.0515
14.0144
13.9783
13.9438
13.9104
13.8782
13.8469
13.8166
18.1253
18.3462
18.4398
18.5046
18.5530
18.5905
18.6207
18.6451
18.6651
18.6815
18.6951
18.7065
18.7160
18.7239
18.7306
18.7362
18.7408
18.7448
18.7481
18.7509
18.7532
18.7552
18.7568
18.7583
18.7596
18.7610
18.7624
18.7639
18.7655
18.7673
18.7693
18.7714
18.7738
18.7765
18.7794
18.7824
18.7859
18.7896
18.7935
18.7978
18.8023
18.8070
18.8121
18.8175
18.8234
18.8295
18.8362
18.8431
18.8503
18.8579
18.8659
18.8742
18.8828
18.8918
18.9011
18.9107
18.9206
18.9309
18.9415
18.9525
18.9635
18.9746
18.9858
18.9970
19.0083
19.0197
19.0311
19.0426
19.0542
19.0659
19.0776
19.0894
19.1014
19.1133
19.1253
19.1374
19.1495
19.1617
19.1740
19.1863
19.1987
19.2111
19.2236
19.2362
19.2488
19.2616
19.2742
19.2869
19.2997
19.3125
19.3253
19.3381
19.3510
19.3639
19.3768
19.3897
19.4027
19.4158
19.4291
19.4424
19.4557
19.4691
19.4826
19.4962
19.5098
19.5235
19.5372
19.5510
19.5648
19.5787
19.5927
19.6067
19.6206
19.6345
19.6484
19.6624
19.6764
19.6904
19.7045
19.7186
19.7328
19.7469
19.7609
19.7750
19.7893
19.8034
19.8176
19.8318
19.8460
19.8602
19.8744
19.8886
19.9029
19.9171
19.9312
19.9453
19.9596
19.9738
19.9879
20.0020
20.0161
20.0302
20.0442
20.0582
20.0722
20.0863
20.1003
20.1143
20.1284
20.1425
20.1566
20.1705
20.1845
20.1985
20.2125
20.2265
20.2405
20.2544
20.2684
20.2824
20.2964
20.3104
20.3244
20.3385
20.3525
20.3665
12.4478
12.7953
12.7815
12.7926
12.7943
12.7947
12.7969
12.7983
12.8000
12.8000
12.8004
12.8007
12.8361
12.7870
12.8005
12.8005
12.8006
12.8007
12.8007
12.8006
12.8006
12.8006
12.8006
12.8014
12.8950
12.7780
12.7936
12.7993
12.8190
12.8001
12.7822
12.8428
12.8067
12.8079
12.8037
12.8021
12.8028
12.8182
12.8017
12.8025
12.8043
12.8029
12.8024
12.8042
12.8021
12.8025
12.8025
12.8023
12.8029
12.8030
12.8024
12.8018
12.8027
12.8020
12.8019
12.8014
12.8018
12.8016
12.8015
12.8017
12.8011
12.7979
12.8021
12.8012
12.8048
12.8014
12.8016
12.8023
12.8018
12.8020
12.8018
12.8017
12.8015
12.8022
12.8013
12.8013
12.8017
12.8013
12.8005
12.8004
12.8006
12.8009
12.7961
12.8008
12.8006
12.7994
12.8007
12.8006
12.8000
12.8007
12.8007
12.7994
12.8006
12.8009
12.8003
12.8010
12.8016
12.8059
12.8014
12.7895
12.7991
12.8077
12.8007
12.8020
12.8015
12.8023
12.8030
12.8019
12.8013
12.8038
12.8020
12.8016
12.8016
12.8016
12.8008
12.7965
12.8003
12.8000
12.7999
12.7997
12.8006
12.7995
12.7994
12.7993
12.7993
12.7992
12.7994
12.7996
12.7999
12.7989
12.8000
12.7999
12.8000
12.8000
12.8000
12.8000
12.7994
12.8000
12.7999
12.7993
12.7999
12.7998
12.7998
12.8003
12.7998
12.7808
12.7999
12.7992
12.7987
12.7997
12.7992
12.7915
12.7990
12.7988
12.7778
12.7990
12.8057
12.7671
12.7993
12.7985
12.7989
12.7989
12.7993
12.7996
12.7997
12.7997
12.7998
12.7998
12.7998
12.7995
12.7999
12.8000
12.8000
12.7993
12.7994
12.7995
12.7995
12.7996
12.7996
12.7996
12.7997
12.7997
12.7998
12.7998
12.7998
12.7999
12.7999
12.7999
12.7999
12.7999
12.8000
12.8000
12.8001
12.7986
12.8005
12.8002
12.8002
12.8002
12.8002
12.8002
12.8002
12.8002
12.8002
12.8002
12.6649
12.8108
12.8012
12.8016
12.8011
12.8020
12.8036
12.8012
12.8012
12.8012
12.8012
12.8011
12.8011
12.8011
12.8010
12.8010
12.8010
12.8010
12.8010
12.8010
12.8011
12.8012
12.8010
12.8010
13.1971
12.8034
12.7995
12.7994
12.7993
12.7992
12.7992
12.7991
12.7991
12.7991
12.7990
12.7990
12.7997
12.7997
12.7997
12.7997
12.7997
12.7997
12.7997
12.7997
12.7997
12.7997
12.7997
12.7997
12.7990
12.7990
12.7990
12.7990
12.7990
12.7990
12.7990
12.7990
12.7990
12.7991
12.7991
12.7991
12.7991
12.7991
12.7991
12.7991
12.7991
12.7991
12.7991
12.7991
12.7991
12.7991
12.7991
12.7991
12.7991
12.7991
12.7992
12.7992
12.7992
12.7992
12.7992
12.7992
12.7992
12.7992
12.7992
12.7992
12.7992
12.7993
12.7993
12.7993
12.7994
12.7994
12.7994
12.7994
12.7994
12.7994
12.7994
12.7994
12.7994
12.7993
12.7993
12.7993
12.7992
12.7992
12.7992
12.7991
12.7991
12.7991
12.7991
12.7991
36.5588
39.9768
39.9741
39.9750
39.9783
39.9801
39.9820
18.3271
15.9527
14.2576
12.8022
12.8014
12.8012
12.8003
12.8011
12.8008
12.8013
12.8009
12.8010
12.8013
12.8013
12.8014
12.8014
12.8015
12.8016
12.8016
12.8011
12.8008
12.8008
12.8008
12.8008
12.8008
12.8009
12.8009
12.8009
12.8006
12.8006
12.8011
12.8008
12.8009
12.8009
12.8009
12.8009
12.8009
12.8009
12.8009
12.8009
12.8009
12.8009
12.8009
12.8009
12.8009
12.8009
12.8009
30.1994
12.3835
12.8180
12.8094
12.8051
12.8029
12.8018
12.8018
30.3207
12.3347
12.8236
12.8097
12.8055
30.4933
12.3861
12.8226
12.8103
12.8054
12.8033
30.4567
12.2806
12.8190
12.8106
12.8051
12.8022
12.7932
12.7983
12.7997
12.8003
30.3893
12.3345
12.8108
12.8105
12.8058
12.8034
12.8023
12.8018
12.8000
12.8013
12.8015
30.4822
12.2968
12.8000
12.8100
12.8059
12.8038
30.6066
12.3056
12.7955
12.8099
12.8061
12.8037
12.8027
12.8021
12.8019
30.5129
12.3146
12.7931
12.8108
12.8061
12.8036
12.8026
30.5654
12.3221
12.7889
12.8108
12.8026
12.8002
12.8025
12.8018
12.8016
12.8012
30.4660
12.3176
12.7979
31.3425
12.4517
12.8077
12.8115
12.8053
12.8033
12.8019
30.3377
12.3325
12.8149
12.8102
12.8053
12.8028
12.8017
12.8011
12.8017
12.8007
12.8015
12.8015
12.8016
30.1688
12.3304
12.8154
31.0855
12.3329
12.8130
12.8106
30.6855
12.3332
12.8143
12.8102
12.8052
12.8035
12.8022
12.8016
12.8013
12.8012
12.8012
12.8012
12.8012
30.1416
12.3284
12.8170
12.8095
12.8049
12.8026
12.8024
12.8018
30.1768
12.3286
12.8170
13.2254
12.8991
12.8894
12.8316
12.7997
12.7995
12.7994
12.7993
12.7992
12.7999
12.7999
12.7998
12.7998
12.7998
12.7998
12.7998
12.7998
12.7998
12.7998
12.7998
12.7998
12.7998
12.7998
12.7998
12.7997
12.7997
12.7997
12.7997
12.7998
12.7998
12.7999
12.8000
12.8000
12.8001
12.8001
12.7996
12.7996
12.7996
12.7996
12.7996
12.7996
12.7996
12.7997
12.7997
12.7997
12.7997
12.7997
12.7997
12.7997
12.7997
12.7997
12.7997
12.7997
12.7997
12.7997
12.7997
12.7997
12.7997
12.7997
12.7997
12.7997
12.7997
12.7997
12.7997
12.7997
12.7997
12.7997
12.7997
12.7997
12.7997
12.7997
12.7990
12.7990
12.7990
12.7990
12.7990
12.7990
12.7990
12.7990
12.7991
12.7991
12.7991
12.7991
12.7991
12.7991
12.7992
12.7992
12.7992
12.7992
12.7992
12.7992
12.7993
12.7993
12.7993
12.7993
12.7993
12.7993
12.7992
12.7992
12.7991
12.7991
12.7991
12.7990
12.7990
12.7997
12.7997
12.7997
12.7997
36.5531
39.9747
39.9723
38.6253
36.8348
35.4523
34.2595
12.8007
12.8021
12.8018
12.8015
12.8013
12.8013
12.8032
12.8021
12.8019
12.8019
12.8011
12.8010
12.8010
12.8010
12.8010
12.8010
12.8010
12.8010
12.8010
12.8010
12.8009
12.8009
12.8009
12.8009
12.8009
12.8009
12.8009
12.8009
12.8009
12.8009
12.8009
12.8009
12.8009
12.8012
12.8012
12.8007
12.8010
12.8010
30.2454
12.3809
12.8227
12.8094
12.8068
12.8033
12.8023
12.8019
12.8016
12.8016
30.3147
12.3914
12.8191
12.8097
30.8167
12.3986
12.8157
12.8106
12.8059
12.8035
12.8022
12.8016
12.8013
12.8010
12.8012
30.4265
12.3527
12.8044
12.8102
12.8064
12.8011
12.7988
12.8001
12.8007
12.7933
12.8022
12.8020
12.8024
12.8022
12.8023
12.7991
12.8019
12.8020
12.8021
12.8017
12.8019
12.8001
12.8018
12.8020
12.8017
12.8019
12.8016
12.8034
12.8022
12.8013
12.8028
12.8026
12.8021
12.8020
12.8019
12.8017
12.8015
12.8010
12.8014
12.8031
12.8013
12.8031
12.8000
12.8015
12.8016
12.8014
12.8015
12.8017
12.8013
12.8014
12.8016
12.7941
12.8015
12.8009
12.8014
12.7982
12.8014
12.8002
12.8014
12.8016
12.8010
12.8012
12.8011
12.8038
12.8018
12.8016
12.8014
12.8013
12.8012
12.8011
12.8011
12.8010
12.8011
12.8011
12.8010
12.8000
12.8009
12.8009
12.8009
12.8009
12.8009
12.8009
12.8009
12.8009
12.8009
12.8009
12.8008
12.8011
12.8008
12.8008
12.8008
12.8008
12.8008
12.8008
12.8009
12.8008
12.8008
12.8008
12.8008
12.7994
12.8008
12.8008
12.8008
12.8008
12.8008
12.8008
12.8008
12.8008
12.8008
12.8008
13.2233
12.8968
12.8880
12.8202
12.7997
12.7996
12.7995
12.7994
12.7995
12.7993
12.7999
12.7999
12.7998
12.7998
12.7998
12.7998
12.7998
12.7997
12.7997
12.7997
12.7997
12.7997
12.7997
12.7997
12.4875
12.8213
12.7870
12.7900
12.7929
12.7950
12.7969
12.7978
12.7986
12.7992
12.7996
12.7999
12.8001
12.8002
12.7996
12.7997
12.7997
12.7998
12.7998
12.7999
12.7999
12.7999
12.7999
12.8000
12.8000
12.8000
12.8000
12.8000
12.8000
12.8001
12.8001
12.8001
12.8001
12.8001
12.8001
12.8001
12.8002
12.8002
12.8002
12.8002
12.8002
12.8002
12.8002
12.8002
12.8002
12.8002
12.8003
12.8003
12.8003
12.8003
12.8003
12.8003
12.8003
12.8003
12.8003
12.8003
12.8004
12.8004
12.8004
12.8004
12.8862
12.7770
12.7929
12.7976
12.7982
12.7985
12.7987
12.7989
12.7990
12.7992
12.7993
12.7994
12.8545
12.7868
12.7948
12.7979
12.7983
12.7988
12.8009
12.8000
12.8000
12.8000
12.8001
12.8001
12.8881
12.7708
12.8375
12.7995
12.8019
12.8004
12.7998
12.8079
12.8035
12.8138
12.8033
12.8019
12.8071
12.8119
12.8018
12.8014
12.8015
12.8015
12.8011
12.8027
12.8008
12.8009
12.8008
12.8008
12.8007
12.8007
12.8007
12.8007
12.8006
12.8006
12.8005
12.8005
12.8005
12.8004
12.8004
12.7998
12.9305
12.8027
12.7820
12.7914
12.7961
12.7971
12.7976
12.7982
12.7982
12.7986
12.7995
12.7995
12.7995
12.7995
12.7995
12.7995
12.7995
12.7995
12.7995
12.7995
12.7995
12.7995
12.7994
12.7995
12.7994
12.7994
12.7994
12.8077
12.8002
12.7999
12.7993
12.7992
12.7992
12.7901
12.7994
12.7994
12.7994
12.7993
12.7992
12.7992
12.7975
12.7965
12.7972
12.7981
12.7985
12.7986
12.7920
12.7993
12.7993
12.7993
12.7993
12.7993
12.7993
12.7993
12.7993
12.7993
12.7993
12.7993
12.7993
12.7993
12.7993
12.7993
12.7993
12.7993
12.7993
12.7993
12.7993
12.7993
12.7993
12.7993
12.7993
12.7993
12.7993
12.7993
12.7993
12.7993
12.7993
12.7992
12.7992
12.7992
12.7992
12.7992
12.7992
12.7992
12.7992
12.7993
12.7993
12.7993
12.7993
12.7993
12.7993
12.7993
12.7994
12.8000
12.8000
12.7999
12.7999
12.7999
12.8000
12.8008
12.8013
12.8014
12.8008
12.8005
12.8004
12.8004
12.8004
12.8004
12.8003
12.8006
12.8004
12.8002
12.8002
12.8002
12.8001
12.8001
12.8001
12.8001
12.8001
12.8001
12.7999
12.7999
12.7999
12.7998
12.7998
12.7998
12.7998
12.7998
12.7998
12.7998
12.7998
12.7998
12.7998
12.7998
12.7998
12.7998
12.7998
12.7998
12.7998
12.7998
12.7998
12.7998
12.7998
12.7998
12.8036
12.7999
12.7999
12.7999
12.7999
12.7999
12.7999
12.7999
12.7999
12.5018
12.7663
12.7830
12.7887
12.7926
12.7953
12.7998
12.7992
12.7997
12.8003
12.8003
12.8006
12.8008
12.8009
12.8010
12.8010
12.8001
12.8011
12.8010
12.8010
12.8010
12.8009
12.8010
12.8012
12.8010
12.8010
12.8010
12.8009
12.8009
12.8009
12.8009
12.8009
12.8009
12.8008
12.8008
12.8008
12.8008
12.8008
12.8008
12.8008
12.8008
12.8008
12.8008
12.8008
12.8007
12.8007
12.8007
12.8007
12.8007
12.8007
12.8007
12.8007
12.8007
12.8007
12.8007
12.8007
12.8007
12.8007
12.8007
12.8007
12.8007
12.8007
12.8007
12.8007
12.8007
12.8007
12.8007
12.8007
12.8007
12.8007
12.8007
12.8007
12.8007
12.8007
12.8007
12.8686
12.7750
12.7989
12.7994
12.7997
12.7999
12.8000
12.7994
12.7995
12.7996
12.7997
12.7997
12.8550
12.7802
12.7986
12.7991
12.7993
12.7995
12.7996
12.7997
12.7997
12.7998
12.7999
12.7999
12.9017
12.7809
12.8026
12.8002
12.8188
12.8006
12.7815
12.8195
12.8089
12.8021
12.8019
12.8018
12.8228
12.8183
12.8013
12.8019
12.8022
12.8021
12.8007
12.8022
12.8010
12.8011
12.8014
12.8009
12.8010
12.8004
12.8012
12.8016
12.8009
12.8003
12.8009
12.8015
12.8008
12.8008
12.8009
12.8008
12.8016
12.8009
12.8021
12.8003
12.8010
12.8025
12.8004
12.8031
12.8010
12.8017
12.8005
12.8011
12.8009
12.8008
12.8008
12.8008
12.7996
12.8009
12.8002
12.7966
12.7994
12.8006
12.8053
12.8001
12.8004
12.8011
12.8007
12.8007
12.8007
12.8007
12.8008
12.8021
12.8009
12.8004
12.8011
12.8012
12.8018
12.8005
12.8012
12.7978
12.7996
12.7988
12.7994
12.8004
12.8048
12.8005
12.8014
12.8006
12.8018
12.8027
12.8008
12.8014
12.8009
12.8010
12.8007
12.8006
12.8012
12.8006
12.7997
12.7997
12.7996
12.8005
12.8005
12.8005
12.8005
12.8005
12.8004
12.8004
12.7998
12.8009
12.8003
12.8003
12.8002
12.8002
12.8002
12.8002
12.8002
12.8001
12.7998
12.7991
12.7997
12.7990
12.7996
12.7938
12.7984
12.7815
12.7993
12.7988
12.7938
12.7983
12.7951
12.7622
12.7963
12.7931
12.7976
12.7977
17.2470
17.2891
17.3261
17.3605
17.3935
17.4256
17.4568
17.4872
17.5166
17.5450
17.5724
17.5989
17.6245
17.6492
17.6731
17.6963
17.7189
17.7410
17.7625
17.7837
17.8044
17.8248
17.8449
17.8648
17.8844
17.9038
17.9229
17.9419
17.9606
17.9792
17.9977
18.0160
18.0345
18.0528
18.0709
18.0891
18.1073
18.1255
18.1437
18.1619
18.1801
18.1983
18.2166
18.2349
18.2533
18.2717
18.2901
18.3084
18.3280
18.3467
18.3672
18.3892
18.4119
18.4347
18.4575
18.4801
18.5029
18.5253
18.5479
18.5703
18.5925
18.6147
18.6368
18.6585
18.6802
18.7017
18.7230
18.7441
18.7650
18.7857
18.8061
18.8265
18.8467
18.8667
18.8867
18.9065
18.9261
18.9456
18.9649
18.9841
19.0032
19.0221
19.0408
19.0593
19.0778
19.0962
19.1144
19.1328
19.1510
19.1691
19.1871
19.2050
19.2228
19.2405
19.2581
19.2754
19.2927
19.3100
19.3271
19.3438
19.3609
19.3778
19.3946
19.4113
19.4277
19.4440
19.4602
19.4762
19.4921
19.5078
19.5232
19.5385
19.5538
19.5694
19.5848
19.6001
19.6152
19.6302
19.6450
19.6596
19.6742
19.6887
19.7028
19.7168
19.7308
19.7447
19.7590
19.7729
19.7869
19.8007
19.8143
19.8278
19.8412
19.8546
19.8678
19.8809
19.8939
19.9068
19.9196
19.9323
19.9448
19.9571
19.9693
19.9808
19.9915
20.0013
20.0097
20.0172
20.0241
20.0305
20.0365
20.0422
20.0477
20.0529
20.0578
20.0625
20.0655
20.0703
20.0747
20.0786
20.0822
20.0856
20.0886
20.0913
20.0937
20.0959
20.0978
20.0996
20.1011
20.1024
20.1036
20.1046
20.1055
20.1062
20.1067
20.1071
20.1072
20.1070
20.1066
20.1059
20.1050
20.1037
20.1022
20.1003
20.0981
20.0955
20.0926
20.0895
20.0860
20.0823
20.0782
20.0740
20.0694
20.0646
20.0596
20.0544
20.0491
20.0436
20.0378
20.0318
20.0256
20.0191
20.0123
20.0054
19.9984
19.9913
19.9840
19.9765
19.9689
19.9612
19.9535
19.9455
19.9376
19.9297
19.9217
19.9136
19.9055
19.8972
19.8889
19.8805
19.8723
19.8639
19.8554
19.8468
19.8378
19.8287
19.8195
19.8100
19.8005
19.7906
19.7806
19.7706
19.7603
19.7497
19.7388
19.7278
19.7165
19.7049
19.6932
19.6813
19.6692
19.6569
19.6445
19.6321
19.6196
19.6070
19.5943
19.5816
19.5689
19.5562
19.5436
19.5311
19.5187
19.5065
19.4944
19.4825
19.4707
19.4592
19.4479
19.4369
19.4263
19.4156
19.4050
19.3949
19.3849
19.3750
19.3653
19.3557
19.3463
19.3370
19.3278
19.3187
19.3099
19.3013
19.2930
19.2849
19.2784
19.2704
19.2627
19.2555
19.2486
19.2422
19.2361
19.2303
19.2250
19.2200
19.2154
19.2111
19.2072
19.2040
19.2022
19.2016
19.2018
19.2025
19.2036
19.2050
19.2068
19.2089
19.2114
19.2142
19.2173
19.2208
19.2247
19.2287
19.2332
19.2379
19.2429
19.2482
19.2538
19.2596
19.2657
19.2721
19.2787
19.2855
19.2927
19.3000
19.3074
19.3150
19.3229
19.3308
19.3388
19.3469
19.3551
19.3635
19.3720
19.3807
19.3895
19.3985
19.4076
19.4167
19.4259
19.4353
19.4447
19.4542
19.4637
19.4734
19.4832
19.4930
19.5030
19.5128
19.5230
19.5334
19.5437
19.5541
19.5646
19.5751
19.5856
19.5961
19.6068
19.6174
19.6282
19.6390
19.6496
19.6608
19.6720
19.6831
19.6944
19.7057
19.7171
19.7284
19.7398
19.7512
19.7627
19.7742
19.7855
19.7969
19.8087
19.8205
19.8321
19.8439
19.8557
19.8674
19.8790
19.8907
19.9024
19.9141
19.9256
19.9372
19.9488
19.9609
19.9729
19.9848
19.9968
20.0088
20.0207
20.0326
20.0444
20.0558
20.0672
20.0786
20.0899
20.1010
20.1125
20.1238
20.1347
20.1457
20.1566
20.1673
20.1779
20.1881
20.1983
20.2085
20.2186
20.2287
20.2387
20.2489
20.2589
20.2687
20.2786
20.2883
20.2979
20.3073
20.3165
20.3257
20.3348
20.3439
20.3529
20.3618
20.3709
20.3799
20.3888
20.3976
20.4063
20.4149
20.4234
20.4320
20.4404
20.4488
20.4571
20.4652
20.4731
20.4799
20.4852
20.4894
20.4927
20.4954
20.4978
20.5001
20.5023
20.5046
20.5069
20.5091
20.5114
20.5135
20.5155
20.5174
20.5190
20.5204
20.5216
20.5226
20.5233
20.5237
20.5239
20.5238
20.5235
20.5228
20.5219
20.5206
20.5190
20.5170
20.5146
20.5118
20.5086
20.5051
20.5012
20.4969
20.4923
20.4874
20.4822
20.4767
20.4708
20.4647
20.4583
20.4516
20.4446
20.4375
20.4300
20.4223
20.4142
20.4059
20.3972
20.3883
20.3791
20.3695
20.3596
20.3495
20.3391
20.3285
20.3177
20.3067
20.2954
20.2839
20.2722
20.2603
20.2483
20.2362
20.2239
20.2116
20.1994
20.1871
20.1749
20.1626
20.1504
20.1380
20.1256
20.1130
20.1006
20.0881
20.0757
20.0631
20.0505
20.0379
20.0251
20.0122
19.9994
19.9864
19.9732
19.9598
19.9462
19.9325
19.9185
19.9043
19.8898
19.8750
19.8602
19.8452
19.8301
19.8149
19.7998
19.7845
19.7693
19.7542
19.7393
19.7245
19.7100
19.6955
19.6813
19.6673
19.6535
19.6399
19.6265
19.6133
19.6004
19.5875
19.5749
19.5624
19.5501
19.5380
19.5260
19.5144
19.5032
19.4922
19.4816
19.4714
19.4615
19.4520
19.4429
19.4342
19.4259
19.4180
19.4105
19.4033
19.3965
19.3901
19.3840
19.3783
19.3729
19.3678
19.3631
19.3587
19.3547
19.3511
19.3478
19.3448
19.3423
19.3401
19.3383
19.3369
19.3359
19.3352
19.3349
19.3349
19.3353
19.3361
19.3372
19.3387
19.3405
19.3426
19.3451
19.3478
19.3509
19.3544
19.3581
19.3622
19.3666
19.3713
19.3763
19.3816
19.3872
19.3931
19.3993
19.4058
19.4124
19.4194
19.4265
19.4338
19.4411
19.4487
19.4563
19.4640
19.4718
19.4798
19.4879
19.4962
19.5047
19.5130
19.5217
19.5304
19.5391
19.5479
19.5568
19.5657
19.5748
19.5839
19.5931
19.6021
19.6116
19.6212
19.6307
19.6403
19.6500
19.6597
19.6694
19.6791
19.6889
19.6987
19.7086
19.7183
19.7280
19.7383
19.7486
19.7587
19.7691
19.7794
19.7898
19.8001
19.8105
19.8209
19.8314
19.8420
19.8526
19.8632
19.8739
19.8846
19.8953
19.9061
19.9169
19.9277
19.9384
19.9489
19.9594
19.9700
19.9807
19.9914
20.0021
20.0132
20.0243
20.0351
20.0461
20.0571
20.0680
20.0788
20.0898
20.1006
20.1116
20.1224
20.1331
20.1438
20.1550
20.1662
20.1772
20.1884
20.1995
20.2106
20.2217
20.2327
20.2436
20.2544
20.2654
20.2763
20.2872
20.2985
20.3097
20.3208
20.3319
20.3429
20.3539
20.3648
20.3755
20.3862
20.3970
20.4078
20.4186
20.4295
20.4406
20.4518
20.4628
20.4739
12.5591
12.7879
12.7815
12.7880
12.7918
12.7945
12.7957
12.7971
12.7980
12.7987
12.7991
12.7994
12.7997
12.7998
12.7999
12.8000
12.8000
12.8000
12.8000
12.8000
12.8000
12.8000
12.8000
12.7999
12.8318
12.7822
12.7997
12.8002
12.8186
12.8011
12.7831
12.8368
12.8131
12.8125
12.8039
12.8023
12.8122
12.8048
12.8025
12.8019
12.8018
12.8017
12.8003
12.8032
12.8012
12.8012
12.8012
12.8018
12.8011
12.8023
12.8016
12.8016
12.8022
12.8015
12.8015
12.8009
12.8009
12.8020
12.8013
12.8019
12.8001
12.8019
12.8010
12.7996
12.8025
12.8027
12.7997
12.8031
12.8010
12.8007
12.8014
12.8013
12.8005
12.8017
12.8010
12.7987
12.8003
12.8009
12.8000
12.8011
12.8004
12.8012
12.8007
12.8005
12.8005
12.8004
12.8004
12.7988
12.8010
12.8009
12.8004
12.8000
12.8007
12.7999
12.8006
12.8005
12.8006
12.8007
12.7988
12.8032
12.7999
12.7997
12.8026
12.7963
12.8012
12.8005
12.8012
12.8006
12.8006
12.8005
12.8006
12.8005
12.8005
12.8005
12.8013
12.8002
12.8008
12.8008
12.8008
12.8008
12.8008
12.8008
12.8008
12.8008
12.8008
12.8008
12.8007
12.8007
12.8007
12.8007
12.8007
12.8006
12.8006
12.8006
12.8006
12.8006
12.8005
12.8005
12.7998
12.7995
12.7994
12.7994
12.7993
12.7987
12.7848
12.7847
12.7960
12.7933
12.7977
12.7898
12.7982
12.7589
12.7987
12.7978
12.7983
12.7985
12.7986
12.8052
12.7990
12.7992
12.7992
12.7992
12.7996
12.7997
12.7998
12.7998
12.7998
12.7999
12.7992
12.7991
12.7993
12.7994
12.7994
12.7995
12.7995
12.7996
12.7996
12.7996
12.7997
12.7997
12.7997
12.7998
12.7999
12.7999
12.7999
12.7999
12.8000
12.8000
12.8000
12.8000
12.8000
12.8000
12.8000
12.8000
12.8000
12.8001
12.8001
12.8001
12.8001
12.8001
12.8001
12.8001
12.8001
12.8001
12.7723
12.8020
12.8004
12.8004
12.8004
12.8004
12.8004
12.8004
12.8004
12.8004
12.8004
12.8004
12.8004
12.8004
12.8004
12.8004
12.8004
12.8004
12.8004
12.8005
12.8005
12.8006
12.8006
