3.7503
3.7514
3.7451
3.7465
3.7474
3.7486
3.7493
3.7500
3.7507
3.7512
3.7517
3.7521
3.7525
3.7528
3.7531
3.7533
3.7535
3.7536
3.7537
3.7538
3.7538
3.7538
3.7538
3.7537
3.7536
3.7535
3.7534
3.7532
3.7530
3.7528
3.7526
3.7523
3.7521
3.7518
3.7515
3.7512
3.7508
3.7505
3.7501
3.7497
3.7493
3.7489
3.7485
3.7481
3.7476
3.7472
3.7467
3.7463
3.7458
3.7453
3.7445
3.7440
3.7435
3.7430
3.7425
3.7420
3.7415
3.7410
3.7404
3.7398
3.7393
4.1777
4.0018
3.9905
3.9807
3.9727
3.9658
3.9598
3.9543
3.9493
3.9447
3.9402
3.9361
4.3084
4.1624
4.1503
4.1405
4.1327
4.1261
4.1204
4.1153
4.1109
4.1068
4.1032
4.0999
4.4614
4.5145
4.4717
4.4440
4.4411
4.4352
4.4305
4.6317
4.6746
4.7300
4.7554
4.7668
4.7813
4.8977
4.8988
4.9101
4.9231
4.9326
4.8801
4.8919
4.9607
4.9675
4.9819
4.9908
4.9772
4.9871
4.9951
5.0036
5.0115
5.0147
5.0231
5.0313
5.0396
5.0400
5.0495
5.0587
5.0617
5.0957
5.0885
5.0437
5.0576
5.0687
5.0829
5.0986
5.1045
5.1158
5.1171
5.1236
5.1296
5.1357
5.1417
5.0484
5.0462
5.1490
5.1343
5.1220
5.1223
5.1231
5.1589
5.1702
5.1500
5.1792
5.2283
5.2325
5.2385
5.2441
5.2553
5.2623
5.2704
5.2790
5.2833
5.2933
5.3034
5.3045
5.3181
5.3451
5.3617
5.3745
5.3803
5.3901
5.4038
5.4168
5.4295
5.4370
5.4428
5.4556
5.4639
5.4671
5.4700
5.4722
5.4749
5.4630
5.4657
5.4662
5.4665
5.4666
5.4640
5.4627
5.4569
5.4537
5.4508
5.4524
5.4513
5.4573
5.4584
5.4522
5.4542
5.4560
5.4542
5.4442
5.4424
5.4401
5.4330
5.4308
5.4239
5.4153
5.4058
5.3956
5.3847
5.3058
5.2909
5.2153
5.2039
5.1880
5.1166
5.1063
5.0954
4.7646
4.7586
4.7408
4.6225
4.6105
4.5634
4.5052
4.4911
4.4761
4.4620
4.4485
4.4366
4.4255
4.4150
4.4055
4.3968
4.3883
4.3820
4.3756
4.3695
4.3635
4.3576
4.3517
4.3460
4.3403
4.3344
4.3289
4.3237
4.3179
4.3115
4.3086
4.3021
4.2958
4.2899
4.2843
4.2783
4.2719
4.2655
4.2591
4.2526
4.2462
4.2409
4.2179
4.2142
4.2094
4.2050
4.2004
4.1953
4.1907
4.1861
4.1815
4.1770
4.1724
3.6031
3.6733
3.6724
3.6753
3.6774
3.6792
3.6811
3.6948
3.7036
3.7066
3.7094
3.7120
3.7143
3.7165
3.7185
3.7203
3.7221
3.7237
3.7253
3.7268
3.7282
3.7295
3.7309
3.7323
3.7335
3.7270
3.7286
3.7296
3.7306
3.7315
3.7324
3.7331
3.7339
3.7346
3.7352
3.7358
3.7363
3.7368
3.7373
3.7377
3.7381
3.7385
3.7388
3.7391
3.7393
3.7396
3.7398
3.7400
3.7401
3.7402
3.7404
3.7404
3.7405
3.7406
3.7406
3.7406
3.7406
3.7405
3.7405
3.7404
3.7404
3.7403
3.7402
3.7401
3.7400
3.7398
3.7397
3.7396
3.7394
3.7392
3.7391
3.7389
3.7387
3.7385
3.7383
3.7381
3.7378
3.7376
3.7373
3.7371
3.7368
3.7365
3.7362
3.7358
4.1666
3.9955
3.9850
3.9755
3.9682
3.9620
3.9566
3.9518
3.9474
3.9434
3.9396
3.9361
4.3072
4.1636
4.1524
4.1433
4.1362
4.1302
4.1250
4.1203
4.1161
4.1122
4.1087
4.1053
4.4290
4.4967
4.4587
4.4262
4.4205
4.4120
4.4067
4.4028
4.4911
4.5247
4.7267
4.7360
4.8380
4.8724
4.8871
4.9068
4.9307
4.9448
4.9522
4.9779
4.9879
4.9994
5.0100
5.0202
5.0304
5.0406
5.0507
5.0608
5.0709
5.0808
5.0891
5.0975
5.1047
5.1115
5.1133
5.1201
5.0766
5.0395
5.0504
4.9016
4.9128
4.9132
4.9172
5.0798
5.0835
5.0943
5.1039
5.1134
5.1192
5.1246
5.1296
5.1346
5.1346
5.1394
5.1429
5.1507
5.1532
5.1557
5.1579
5.1599
5.2018
5.2320
5.2353
5.2394
5.2429
5.2464
5.2567
5.2536
5.2613
5.2688
5.2719
5.2802
4.9914
4.9271
4.9227
4.8957
4.9046
4.9170
4.9237
4.9345
4.9676
4.9796
4.9876
4.9957
5.0031
5.0057
5.0177
5.0243
5.0314
5.0336
5.0406
5.0034
5.0087
5.0129
5.0172
5.0215
5.0259
5.0303
5.0337
5.0373
5.0381
5.0399
5.0413
5.0772
5.0790
5.0809
5.0774
5.0833
5.0831
5.0483
5.0468
5.0873
5.0783
5.0777
5.0747
5.0708
5.0663
5.0613
5.0559
5.0500
5.5208
5.3881
5.3802
5.3296
5.2603
5.2414
5.2081
5.0204
5.0027
4.9449
4.8227
4.8046
4.7845
4.6199
4.6032
4.5829
4.5644
4.5469
4.5329
4.5205
4.5090
4.4983
4.4881
4.4780
4.4689
4.4598
4.4512
4.4432
4.4359
4.4272
4.4187
4.4115
4.4038
4.3963
4.3891
4.3821
4.3760
4.3702
4.3646
4.3593
4.3543
4.3494
4.3446
4.3397
4.3342
4.3284
4.3226
4.3169
4.3113
4.2878
4.2838
4.2785
4.2733
4.2682
4.2632
4.2582
4.2535
4.2489
4.2442
4.2394
3.6059
3.6781
3.6770
3.6801
3.6825
3.6843
3.6923
3.7095
3.7130
3.7164
3.7195
3.7222
3.7248
3.7270
3.7293
3.7313
3.7333
3.7353
3.7371
3.7389
3.7406
3.7423
3.7438
3.7453
3.7468
3.7409
3.7427
3.7440
3.7452
3.7464
3.7475
3.7485
3.7495
3.7505
3.7513
3.7522
3.7530
3.7537
3.7544
3.7551
3.7557
3.7563
3.7569
3.7575
3.7580
3.7585
3.7589
3.7594
3.7598
3.7602
3.7605
3.7608
3.7611
3.7614
3.7618
3.7622
3.7624
3.7626
3.7628
3.7629
3.7630
3.7631
3.7631
3.7631
3.7631
3.7630
3.7630
3.7629
3.7627
3.7626
3.7624
3.7623
3.7621
3.7618
3.7617
3.7615
3.7613
3.7611
3.7609
3.7606
3.7604
3.7601
3.7599
3.7596
4.3817
4.1814
4.1689
4.1585
4.1502
4.1433
4.1372
4.1318
4.1269
4.1223
4.1180
4.1142
4.5059
4.3554
4.3424
4.3323
4.3241
4.3171
4.3108
4.3051
4.2999
4.2951
4.2905
4.2863
4.6087
4.7984
4.7795
4.7603
4.7532
4.7466
4.7840
4.8571
4.8632
4.8680
4.9022
4.9117
5.0030
5.0482
5.0303
5.0196
5.0219
5.0576
5.0725
5.0775
5.0856
5.0725
5.1260
5.1328
5.1376
5.1531
5.1603
5.1631
5.1709
5.1815
5.1856
5.1883
5.1953
5.1890
5.1892
5.1904
5.1915
5.1922
5.1898
5.1950
5.1999
5.2075
5.2042
5.2111
5.2133
5.2211
5.2290
5.2372
5.2456
5.2543
5.2633
5.2725
5.2770
5.2152
5.2133
5.2770
5.2793
5.2843
5.2889
5.2924
6.2102
6.1932
6.1977
6.1973
6.1963
6.2004
6.2055
6.2207
6.2228
6.2302
6.2335
6.2404
6.2531
6.2028
6.2653
6.2805
6.3005
6.3118
6.3235
6.3356
6.3527
6.3589
6.3651
6.3612
6.3608
6.3115
6.3131
6.3162
6.3200
6.3246
6.3323
6.3375
6.3471
6.3567
6.3317
6.3399
6.3488
6.3625
6.3716
6.3807
6.3898
6.3988
6.4054
6.4111
6.4162
6.4208
6.4252
6.4292
6.4323
6.4351
6.4374
6.4394
6.4411
6.4425
6.4399
6.4355
6.4309
6.4206
6.4094
6.4021
6.3929
6.3001
6.2838
6.2621
6.0878
6.0652
6.0462
5.8652
5.8419
5.8210
5.8337
5.8197
5.8046
5.6483
5.6269
5.6075
5.5889
5.5704
5.5572
5.5460
5.5356
5.5256
5.5159
5.5067
5.4980
5.4881
5.4797
5.4721
5.4648
5.4578
5.4510
5.4444
5.4381
5.4320
5.4260
5.4200
5.4150
5.4105
5.4062
5.4023
5.3985
5.3948
5.3912
5.3876
5.3841
5.3807
5.3773
5.3739
5.3706
5.3525
5.3498
5.3457
5.3415
5.3374
5.3333
5.3292
5.3252
5.3212
5.3172
5.3132
4.7078
4.7285
4.7335
4.7388
4.7441
4.7488
4.7533
4.7748
4.7794
4.7827
4.7856
4.7882
4.7906
4.7929
4.7949
4.7967
4.7986
4.8004
4.8022
4.8039
4.8055
4.8071
4.8086
4.8101
4.8088
4.8048
4.8067
4.8084
4.8099
4.8114
4.8128
4.8141
4.8154
4.8165
4.8176
4.8187
4.8197
4.8206
4.8215
4.8224
4.8232
4.8239
4.8247
4.8254
4.8260
4.8266
4.8272
4.8277
4.8282
4.8287
4.8291
4.8295
4.8298
4.8301
4.8304
4.8307
4.8309
4.8311
4.8312
4.8313
4.8314
4.8314
4.8314
4.8314
4.8314
4.8313
4.8312
4.8311
4.8310
4.8308
4.8306
4.8304
4.8302
4.8300
4.8297
4.8294
4.8291
4.8288
4.8285
4.8281
4.8277
4.8273
4.8269
4.8265
5.2891
5.1343
5.1114
5.1004
5.0915
5.0841
5.0777
5.0721
5.0670
5.0623
5.0580
5.0541
5.4343
5.3068
5.2860
5.2750
5.2662
5.2587
5.2521
5.2464
5.2412
5.2365
5.2323
5.2284
5.5906
5.4883
5.4723
5.4384
5.5624
5.6336
5.5077
5.8599
5.8782
5.8922
5.9000
5.9115
5.9958
6.0192
6.0376
6.0465
6.0509
6.0640
6.0661
6.0812
6.0868
6.0922
6.1019
6.1069
6.1106
6.1104
6.1149
6.1193
6.1236
6.1233
6.1340
6.1411
6.1485
6.1514
6.1591
6.1670
6.1749
6.1830
6.1958
6.1996
5.8942
5.7277
5.5927
5.5092
5.4532
5.4191
5.3902
5.3769
5.3678
5.3682
5.3669
5.3729
5.3705
5.3745
5.3333
5.3395
5.3435
5.3480
5.3526
5.3524
5.3575
5.2472
5.2533
5.2543
5.2564
5.2594
5.2629
5.2626
5.2679
5.2732
5.3867
5.3916
5.4014
5.4058
5.4465
5.4644
5.4834
5.4927
5.4991
5.5019
5.4986
5.4965
5.5042
5.5051
5.5065
5.5082
5.5154
5.5198
5.5247
5.5292
5.5341
5.5396
5.5484
5.5540
5.5599
5.5657
5.5716
5.5773
5.5831
5.5965
5.6018
5.6076
5.6102
5.6116
5.6120
5.6118
5.6112
5.6118
5.6107
5.6085
5.5981
5.5954
5.5900
5.5857
5.5812
5.5763
5.5712
5.5611
5.5557
5.5498
5.4865
5.4559
5.4305
5.4173
5.3531
5.3386
5.3273
5.1638
5.1494
5.1047
5.0932
5.0814
6.7458
6.7458
6.7458
6.7458
6.7458
6.7458
6.7458
6.7458
6.7458
6.7458
6.7458
6.7458
6.7458
6.7458
6.7458
6.7458
6.7458
6.7458
6.7458
6.7458
6.7458
6.7458
6.7458
6.7458
6.7458
6.7458
6.7458
6.7458
6.7458
6.7458
6.7458
6.7458
6.7458
6.7458
6.7458
6.7458
6.7458
6.7458
6.7458
6.7458
6.7458
6.7458
6.7458
6.7458
6.7458
6.7458
6.7458
6.7458
7.0865
7.0865
7.0865
7.0865
7.0865
7.0865
7.0865
7.0865
7.0865
7.0865
7.0865
7.0865
7.0865
7.0865
7.0865
7.0865
7.0865
7.0865
7.0865
7.0865
7.0865
7.0865
7.0865
7.0865
7.0865
7.0865
7.0865
7.0865
7.0865
7.0865
7.0865
7.0865
7.0865
7.0865
7.0865
7.0865
7.0865
7.0865
7.0865
7.0865
7.0865
7.0865
7.0865
7.0865
7.0865
7.0865
7.0865
7.0865
7.0865
7.0865
7.0865
7.0865
7.0865
7.0865
7.0865
7.0865
7.0865
7.0865
7.0865
7.0865
7.0865
7.0865
7.0865
7.0865
7.0865
7.0865
7.0865
7.0865
7.0865
7.0865
7.0865
7.0865
7.0865
7.0865
7.0865
7.0865
7.0865
7.0865
7.0865
7.0865
7.0865
7.0865
7.0865
7.0865
7.0865
7.0865
7.0865
7.0865
7.0865
7.0865
7.0865
7.0865
7.0865
7.0865
7.0865
7.0865
7.0865
7.0865
7.0865
7.0865
7.0865
7.0865
7.0865
7.0865
7.0865
7.0865
7.0865
7.0865
6.7458
6.7458
6.7458
6.7458
6.7458
6.7458
6.7458
6.7458
6.7458
6.7458
6.7458
6.7458
6.7458
6.7458
6.7458
6.7458
6.7458
6.7458
6.7458
6.7458
6.7458
6.7458
6.7458
6.7458
6.7458
6.7458
6.7458
6.7458
6.7458
6.7458
6.7458
6.7458
6.7458
6.7458
6.7458
6.7458
6.7458
6.7458
6.7458
6.7458
6.7458
6.7458
6.7458
6.7458
6.7458
6.7458
6.7458
6.7458
6.7458
6.7458
6.7458
6.7458
6.7458
6.7458
6.7458
6.7458
6.7458
6.7458
6.7458
6.7458
6.7458
6.7458
6.7458
6.7458
6.7458
6.7458
6.7458
6.7458
6.7458
6.7458
6.7458
6.7458
6.7458
6.7458
6.7458
6.7458
6.7458
6.7458
6.7458
6.7458
6.7458
6.7458
6.7458
6.7458
6.7458
6.7458
6.7458
6.7458
6.7458
6.7458
6.7458
6.7458
6.7458
6.7458
6.7458
6.7458
6.7458
6.7458
6.7458
6.7458
6.7458
6.7458
6.7458
6.7458
6.7458
6.7458
6.7458
6.7458
6.7458
6.7458
6.7458
6.7458
6.7458
6.7458
6.7458
6.7458
6.7458
6.7458
6.7458
6.7458
7.0865
7.0865
7.0865
7.0865
7.0865
7.0865
7.0865
7.0865
7.0865
7.0865
7.0865
7.0865
7.0865
7.0865
7.0865
7.0865
7.0865
7.0865
7.0865
7.0865
7.0865
7.0865
7.0865
7.0865
7.0865
7.0865
7.0865
7.0865
7.0865
7.0865
7.0865
7.0865
7.0865
7.0865
7.0865
7.0865
7.0865
7.0865
7.0865
7.0865
7.0865
7.0865
7.0865
7.0865
7.0865
7.0865
7.0865
7.0865
7.0865
7.0865
7.0865
7.0865
7.0865
7.0865
7.0865
7.0865
7.0865
7.0865
7.0865
7.0865
7.0865
7.0865
7.0865
7.0865
7.0865
7.0865
7.0865
7.0865
7.0865
7.0865
7.0865
7.0865
7.0865
7.0865
7.0865
7.0865
7.0865
7.0865
7.0865
7.0865
7.0865
7.0865
7.0865
7.0865
7.0865
7.0865
7.0865
7.0865
7.0865
7.0865
7.0865
7.0865
7.0865
7.0865
7.0865
7.0865
7.0865
7.0865
7.0865
7.0865
7.0865
7.0865
7.0865
7.0865
7.0865
7.0865
7.0865
7.0865
7.0865
7.0865
7.0865
7.0865
7.0865
7.0865
7.0865
7.0865
7.0865
7.0865
7.0865
7.0865
7.0865
7.0865
7.0865
7.0865
7.0865
7.0865
7.0865
7.0865
7.0865
7.0865
7.0865
7.0865
7.0865
7.0865
7.0865
7.0865
7.0865
7.0865
7.0865
7.0865
7.0865
7.0865
7.0865
7.0865
7.0865
7.0865
7.0865
7.0865
7.0865
7.0865
7.0865
7.0865
7.0865
7.0865
7.0865
7.0865
7.0865
7.0865
7.0865
7.0865
7.0865
7.0865
7.0865
7.0865
7.0865
7.0865
7.0865
7.0865
7.0865
7.0865
7.0865
7.0865
7.0865
7.0865
7.0865
7.0865
7.0865
7.0865
7.0865
7.0865
7.0865
7.0865
7.0865
7.0865
7.0865
7.0865
7.0865
7.0865
7.0865
7.0865
7.0865
7.0865
7.0865
7.0865
7.0865
7.0865
7.0865
7.0865
7.0865
7.0865
7.0865
7.0865
7.0865
7.0865
7.0865
7.0865
7.0865
7.0865
7.0865
7.0865
7.0865
7.0865
7.0865
7.0865
7.0865
7.0865
7.0865
7.0865
7.0865
7.0865
7.0865
7.0865
7.0865
7.0865
7.0865
7.0865
7.0865
7.0865
7.0865
7.0865
7.0865
7.0865
7.0865
7.0865
7.0865
7.0865
7.0865
7.0865
7.0865
7.0865
7.0865
7.0865
7.0865
7.0865
7.0865
7.0865
7.0865
7.0865
7.0865
7.0865
7.0865
7.0865
7.0865
7.0865
7.0865
7.0865
7.0865
7.0865
7.0865
7.0865
7.0865
7.0865
7.0865
7.0865
7.0865
7.0865
7.0865
7.0865
7.0865
7.0865
7.0865
7.0865
7.0865
7.0865
7.0865
7.0865
7.0865
7.0865
7.0865
7.0865
7.0865
7.0865
7.0865
7.0865
7.0865
7.0865
7.0865
7.0865
7.0865
7.0865
7.0865
7.0865
7.0865
7.0865
7.0865
7.0865
7.0865
7.0865
7.0865
7.0865
7.0865
7.0865
7.0865
7.0865
7.0865
7.0865
7.0865
7.0865
7.0865
7.0865
7.0865
7.0865
7.0865
7.0865
7.0865
7.0865
7.0865
7.0865
7.0865
7.0865
7.0865
7.0865
7.0865
7.0865
7.0865
7.0865
7.0865
7.0865
7.0865
7.0865
7.0865
7.0865
7.0865
7.0865
7.0865
7.0865
7.0865
7.0865
7.0865
7.0865
7.0865
7.0865
7.0865
7.0865
7.0865
7.0865
7.0865
7.0865
7.0865
7.0865
7.0865
7.0865
7.0865
7.0865
7.0865
7.0865
7.0865
7.0865
7.0865
7.0865
7.0865
7.0865
7.0865
7.0865
7.0865
7.0865
7.0865
7.0865
7.0865
7.0865
7.0865
7.0865
7.0865
7.0865
7.0865
7.0865
7.0865
7.0865
7.0865
7.0865
7.0865
7.0865
7.0865
7.0865
7.0865
7.0865
7.0865
7.0865
7.0865
7.0865
7.0865
7.0865
7.0865
7.0865
7.0865
7.0865
7.0865
7.0865
7.0865
7.0865
7.0865
7.0865
7.0865
7.0865
7.0865
7.0865
7.0865
7.0865
7.0865
7.0865
7.0865
7.0865
7.0865
7.0865
7.0865
7.0865
7.0865
7.0865
7.0865
7.0865
7.0865
7.0865
7.0865
7.0865
7.0865
7.0865
7.0865
7.0865
7.0865
7.0865
7.0865
7.0865
4.2708
4.2275
4.0784
4.0150
3.9642
3.9223
3.8950
3.8773
3.8720
3.8663
3.8635
3.8628
4.1294
4.0268
4.0259
4.0255
4.0263
4.0277
4.0296
4.0318
4.0341
4.0365
4.0390
4.0425
4.4244
4.2526
4.1979
4.1864
4.3244
4.3172
4.1744
4.4982
4.5452
4.6025
4.6276
4.6406
4.6695
4.8039
4.8097
4.8225
4.8490
4.8652
4.8772
4.9038
4.9137
4.9272
4.9405
4.9525
4.9691
4.9867
5.0000
5.0083
5.0240
5.0343
5.0438
5.0492
5.0583
5.0657
5.0727
5.0810
5.0844
5.0625
5.0741
5.0789
5.1128
5.1194
5.1281
5.1421
5.1524
5.1643
5.1753
5.1854
5.1938
5.2095
5.2177
5.2266
5.2387
5.2475
5.2501
5.2520
5.2552
5.2611
5.2288
5.2336
5.2375
5.2321
5.2368
5.2409
5.2404
5.2451
5.2502
5.2447
5.2491
5.2553
5.2574
5.2650
5.2777
5.3197
5.3257
5.2374
5.2245
5.2801
5.2799
5.2905
5.2973
5.3105
5.3294
5.3393
5.3494
5.3750
5.3922
5.4057
5.4195
5.4334
5.4409
5.4143
5.4182
5.4195
5.4200
5.4188
5.4248
5.4220
5.4188
5.4147
5.4099
5.4043
5.4002
5.3978
5.3972
5.3890
5.3890
5.3887
5.3886
5.3886
5.3888
5.3889
5.3843
5.3846
5.3843
5.3790
5.3786
5.3777
5.3767
5.3800
5.3794
5.2261
5.2247
5.2177
5.2069
5.2040
5.1977
5.1297
5.1212
5.1110
4.9334
4.9232
4.9662
4.7043
4.6953
4.6794
4.6666
4.6537
4.6438
4.6357
4.6282
4.6208
4.6138
4.6072
4.6005
4.5915
4.5847
4.5790
4.5734
4.5677
4.5630
4.5583
4.5537
4.5491
4.5446
4.5401
4.5362
4.5317
4.5276
4.5237
4.5198
4.5160
4.5122
4.5085
4.5048
4.5011
4.4975
4.4938
4.4909
4.4751
4.4744
4.4704
4.4664
4.4624
4.4583
4.4543
4.4503
4.4463
4.4423
4.4383
3.7424
3.8172
3.8205
3.8274
3.8304
3.8394
3.8619
3.8660
3.8700
3.8736
3.8770
3.8800
3.8827
3.8854
3.8880
3.8904
3.8928
3.8951
3.8972
3.8992
3.9017
3.9053
3.9074
3.9094
7.0554
7.0865
7.0865
7.0865
7.0865
7.0865
7.0865
7.0865
7.0865
7.0865
7.0865
7.0865
7.0865
7.0865
7.0865
7.0865
7.0865
7.0865
7.0865
7.0865
7.0865
7.0865
7.0865
7.0865
7.0865
7.0865
7.0865
7.0865
7.0865
7.0865
7.0865
7.0865
7.0865
7.0865
7.0865
7.0865
7.0865
7.0865
7.0865
7.0865
7.0865
7.0865
7.0865
7.0865
7.0865
7.0865
7.0865
7.0865
7.0865
7.0865
7.0865
7.0865
7.0865
7.0865
7.0865
7.0865
7.0865
7.0865
7.0865
7.0865
7.0865
7.0865
7.0865
7.0865
7.0865
7.0865
7.0865
7.0865
7.0865
7.0865
7.0865
7.0865
7.0865
7.0865
7.0865
7.0865
7.0865
7.0865
7.0865
7.0865
7.0865
7.0865
7.0865
7.0865
4.5364
2.9860
2.0544
1.8510
1.7325
1.6987
1.6761
1.6756
1.6697
1.6727
1.6756
1.6782
1.6805
1.6775
1.6812
1.6845
1.6875
1.6902
1.6928
1.6963
1.6995
1.7026
1.7054
1.7081
1.7106
1.7130
1.7169
1.7190
1.7211
1.7230
1.7249
1.7266
1.7284
1.7300
1.7316
1.7314
1.7312
1.7344
1.7358
1.7371
1.7384
1.7397
1.7410
1.7422
1.7434
1.7445
1.7457
1.7468
1.7479
1.7490
1.7501
1.7511
1.7522
1.7532
4.6551
1.4848
1.6493
1.7100
1.7401
1.7547
1.7618
1.7688
5.0247
1.5141
1.6759
1.7385
1.7714
4.6551
1.5428
1.6957
1.7618
1.7937
1.8110
5.5364
1.5851
1.7131
1.7816
1.8111
1.8202
1.7635
1.7442
1.7347
1.7299
5.0455
1.5271
1.5927
1.6575
1.6900
1.7059
1.7137
1.7186
1.7100
1.7108
1.7128
5.4646
1.6340
1.6202
1.6805
1.7123
1.7294
5.4646
1.6984
1.6523
1.7121
1.7453
1.7618
1.7714
1.7768
1.7812
5.4646
1.7649
1.7019
1.7686
1.8023
1.8186
1.8278
5.4646
1.8197
1.7266
1.7938
1.8026
1.7950
1.8044
1.8090
1.8125
1.8135
5.3797
1.7129
1.6875
4.2575
1.6518
1.6961
1.7709
1.8019
1.8193
1.8271
5.1519
1.6204
1.7208
1.7878
1.8196
1.8342
1.8406
1.8430
1.8436
1.8374
1.8370
1.8365
1.8363
5.1681
1.6211
1.7257
5.1707
1.6404
1.7274
1.7975
5.1734
1.6461
1.7428
1.8105
1.8420
1.8558
1.8611
1.8623
1.8616
1.8601
1.8584
1.8566
1.8550
5.1785
1.6175
1.7338
1.7964
1.8261
1.8398
1.8457
1.8476
5.1813
1.6208
1.7375
5.2631
6.0498
6.7763
7.0410
7.0418
7.0426
7.0435
7.0444
7.0454
7.0465
7.0475
7.0486
7.0499
7.0511
7.0524
7.0537
7.0549
7.0562
7.0574
7.0586
7.0598
7.0610
7.0622
7.0634
7.0644
7.0654
7.0664
7.0673
7.0685
7.0703
7.0727
7.0757
7.0791
7.0829
7.0865
7.0865
7.0865
7.0865
7.0865
7.0865
7.0865
7.0865
7.0865
7.0865
7.0865
7.0865
7.0865
7.0865
7.0865
7.0865
7.0865
7.0865
7.0865
7.0865
7.0865
7.0865
7.0865
7.0865
7.0865
7.0865
7.0865
7.0865
7.0865
7.0865
7.0865
7.0865
7.0865
7.0865
7.0865
7.0865
7.0865
7.0865
7.0865
7.0865
7.0865
7.0865
7.0865
7.0865
7.0865
7.0865
7.0865
7.0865
7.0865
7.0865
7.0865
7.0865
7.0865
7.0865
7.0865
7.0865
7.0865
7.0865
7.0865
7.0865
7.0865
7.0865
7.0865
7.0865
7.0865
7.0865
7.0865
7.0865
7.0865
7.0865
7.0865
7.0865
7.0865
7.0865
4.5110
2.8149
1.9184
1.7115
1.6457
1.6278
1.6272
1.6306
1.6376
1.6446
1.6513
1.6575
1.6632
1.6801
1.6878
1.6927
1.6972
1.7012
1.7050
1.7085
1.7117
1.7148
1.7176
1.7203
1.7228
1.7251
1.7274
1.7295
1.7315
1.7335
1.7353
1.7371
1.7388
1.7404
1.7420
1.7435
1.7450
1.7464
1.7478
1.7491
1.7521
1.7550
1.7545
1.7557
1.7569
4.6551
1.5049
1.6582
1.7175
1.7589
1.7757
1.7854
1.7922
1.7972
1.8020
4.6551
1.5811
1.7078
1.7689
4.6551
1.6326
1.7347
1.8020
1.8363
1.8542
1.8627
1.8672
1.8695
1.8700
1.8711
5.1465
1.7516
1.7720
1.8360
1.8730
1.8717
1.8537
1.8450
1.8403
1.7811
1.7865
1.7904
1.7968
1.8025
1.8082
1.7911
1.7941
1.7976
1.8015
1.8030
1.8061
1.7957
1.7983
1.8019
1.8037
1.8067
1.8079
1.8219
1.8271
1.8254
1.8343
1.8415
1.8452
1.8482
1.8504
1.8513
1.8514
1.8480
1.8470
1.8586
1.8570
1.8694
1.8594
1.8608
1.8626
1.8636
1.8648
1.8675
1.8680
1.8692
1.8718
1.8206
1.8226
1.8199
1.8209
1.7991
1.8007
1.7944
1.7973
1.8012
1.8013
1.8029
1.8043
1.8251
1.8311
1.8358
1.8395
1.8427
1.8452
1.8471
1.8488
1.8503
1.8521
1.8540
1.8553
1.8497
1.8507
1.8515
1.8522
1.8529
1.8536
1.8542
1.8549
1.8559
1.8568
1.8575
1.8581
1.8609
1.8614
1.8620
1.8625
1.8630
1.8635
1.8642
1.8652
1.8660
1.8664
1.8669
1.8672
1.8579
1.8583
1.8586
1.8590
1.8593
1.8596
1.8599
1.8602
1.8605
1.8608
1.8612
5.3804
6.1566
6.8761
7.0460
7.0471
7.0490
7.0505
7.0520
7.0548
7.0566
7.0582
7.0599
7.0608
7.0616
7.0623
7.0630
7.0637
7.0643
7.0648
7.0654
7.0659
7.0663
7.0668
7.0672
4.5609
4.7172
4.6097
4.5263
4.4655
4.4211
4.3909
4.3680
4.3509
4.3381
4.3282
4.3207
4.3146
4.3095
4.3048
4.3005
4.2958
4.2915
4.2875
4.2835
4.2797
4.2759
4.2722
4.2686
4.2650
4.2614
4.2577
4.2540
4.2502
4.2465
4.2428
4.2390
4.2352
4.2314
4.2277
4.2239
4.2200
4.2162
4.2123
4.2085
4.2046
4.2006
4.1967
4.1928
4.1889
4.1850
4.1812
4.1773
4.1735
4.1696
4.1658
4.1619
4.1581
4.1542
4.1504
4.1467
4.1430
4.1394
4.1358
4.1322
4.7900
4.6100
4.5518
4.5302
4.5123
4.4967
4.4827
4.4697
4.4577
4.4463
4.4357
4.4256
4.8413
4.7378
4.6959
4.6778
4.6626
4.6516
4.6514
4.6439
4.6366
4.6292
4.6227
4.6165
4.9601
4.7284
5.0224
5.0177
5.0328
5.0367
5.0361
5.1003
5.1246
5.2308
5.2537
5.2661
5.3194
5.4119
5.4242
5.4337
5.4438
5.4542
5.4621
5.4831
5.4892
5.4957
5.5020
5.5080
5.5137
5.5194
5.5248
5.5302
5.5355
5.5406
5.5453
5.5496
5.5538
5.5578
5.5618
5.5609
6.6312
6.6572
6.5118
6.4445
6.4159
6.3959
6.3802
6.3693
6.3581
6.3506
6.3506
6.3506
6.3506
6.3506
6.3506
6.3506
6.3506
6.3506
6.3506
6.3506
6.3506
6.3506
6.3506
6.3506
6.3506
6.3506
6.3506
6.4194
6.4262
6.4303
6.4300
6.4288
6.4273
6.3506
6.3506
6.3506
6.3506
6.3506
6.3506
6.3506
6.3363
6.3140
6.2976
6.2885
6.2822
6.2772
6.2177
6.2176
6.2176
6.2176
6.2176
6.2176
6.2176
6.2176
6.2176
6.2176
6.2176
6.2176
6.2176
6.2176
6.2176
6.2176
6.2176
6.2176
6.2176
6.2176
6.2176
6.2176
6.2176
6.2176
6.2176
6.2176
6.2176
6.2176
6.2176
6.2176
6.2176
6.2176
6.2176
6.2176
6.2176
6.2176
6.2176
6.2176
6.2176
6.2176
6.2176
6.2176
6.2176
6.2176
6.2176
6.2176
6.2176
6.2230
6.2283
6.2323
6.2363
6.2402
6.2443
6.2554
6.2702
6.2859
6.2969
6.3058
6.3138
6.3217
6.3294
6.3369
6.3441
6.3537
6.3612
6.3674
6.3732
6.3787
6.3840
6.3892
6.3942
6.3990
6.4038
6.4085
6.4117
6.4146
6.4175
6.4202
6.4228
6.4254
6.4279
6.4303
6.4326
6.4349
6.4372
6.4394
6.4416
6.4438
6.4460
6.4481
6.4502
6.4523
6.4544
6.4565
6.4586
6.4606
6.4626
6.4647
6.8359
6.8379
6.8402
6.8427
6.8452
6.8477
6.8501
6.8524
6.8547
4.4715
4.2079
4.0754
3.9868
3.9269
3.8876
3.8827
3.8731
3.8675
3.8662
3.8643
3.8645
3.8660
3.8684
3.8712
3.8743
3.8700
3.8738
3.8769
3.8800
3.8830
3.8857
3.8887
3.8933
3.8962
3.8990
3.9016
3.9041
3.9064
3.9085
3.9105
3.9123
3.9140
3.9156
3.9170
3.9183
3.9196
3.9207
3.9217
3.9226
3.9235
3.9243
3.9250
3.9256
3.9262
3.9267
3.9271
3.9275
3.9279
3.9281
3.9284
3.9285
3.9287
3.9287
3.9288
3.9288
3.9288
3.9287
3.9286
3.9285
3.9284
3.9282
3.9280
3.9277
3.9275
3.9272
3.9269
3.9265
3.9262
3.9258
3.9254
3.9250
3.9246
3.9241
3.9236
4.4388
4.2414
4.2260
4.2144
4.2050
4.1971
4.1901
4.1836
4.1779
4.1726
4.1677
4.1632
4.5762
4.4196
4.4046
4.3930
4.3837
4.3757
4.3687
4.3626
4.3572
4.3523
4.3478
4.3437
4.7878
4.6394
4.6602
4.6620
4.8038
4.8031
4.6570
4.8033
4.8668
4.8776
4.8870
4.8956
5.0709
5.2119
5.2194
5.2312
5.2461
5.2601
5.2631
5.2787
5.2850
5.2917
5.3014
5.3069
5.3131
5.3146
5.3228
5.3344
5.3405
5.3420
5.3489
5.3606
5.3673
5.3744
5.3815
5.3886
5.3962
5.3987
5.4111
5.4086
5.4117
5.4273
5.4263
5.4476
5.4526
5.4633
5.4642
5.4702
5.4743
5.4783
5.4821
5.4859
5.4800
5.4843
5.4831
5.4536
5.4464
5.4487
5.4887
5.4870
5.4877
5.4940
5.4970
5.5000
5.5030
5.5060
5.5098
5.5243
5.5293
5.5303
5.5367
5.5437
5.5559
5.5583
5.5664
5.5481
5.5429
5.5318
5.5248
5.5268
5.5643
5.5675
5.5775
5.5816
5.5958
5.6171
5.6233
5.6339
5.6406
5.6481
5.6536
5.6580
5.6671
5.6715
5.6680
5.6645
5.6607
5.6642
5.6674
5.6705
5.6733
5.6760
5.6783
5.6803
5.6772
5.6836
5.6846
5.6855
5.6862
5.6866
5.6868
5.6867
5.6867
5.6862
5.6833
5.6743
5.6700
5.6602
5.6552
5.6036
5.5885
5.4377
5.4294
5.4174
5.3651
5.3484
5.3066
5.0075
4.9777
4.9221
4.9018
4.8821
6.7458
6.7458
6.7458
6.7458
6.7458
6.7458
6.7458
6.7458
6.7458
6.7458
6.7458
6.7458
6.7458
6.7458
6.7458
6.7458
6.7458
6.7458
6.7458
6.7458
6.7458
6.7458
6.7458
6.7458
6.7458
6.7458
6.7458
6.7458
6.7458
6.7458
6.7458
6.7458
6.7458
6.7458
6.7458
6.7458
6.7458
6.7458
6.7458
6.7458
6.7458
6.7458
6.7458
6.7458
6.7458
6.7458
6.7458
6.7458
7.0865
7.0865
7.0865
7.0865
7.0865
7.0865
7.0865
7.0865
7.0865
7.0865
7.0865
7.0865
7.0865
7.0865
7.0865
7.0865
7.0865
7.0865
7.0865
7.0865
7.0865
7.0865
7.0865
7.0865
7.0865
7.0865
7.0865
7.0865
7.0865
7.0865
7.0865
7.0865
7.0865
7.0865
7.0865
7.0865
7.0865
7.0865
7.0865
7.0865
7.0865
7.0865
7.0865
7.0865
7.0865
7.0865
7.0865
7.0865
7.0865
7.0865
7.0865
7.0865
7.0865
7.0865
7.0865
7.0865
7.0865
7.0865
7.0865
7.0865
7.0865
7.0865
7.0865
7.0865
7.0865
7.0865
7.0865
7.0865
7.0865
7.0865
7.0865
7.0865
7.0865
7.0865
7.0865
7.0865
7.0865
7.0865
7.0865
7.0865
7.0865
7.0865
7.0865
7.0865
7.0865
7.0865
7.0865
7.0865
7.0865
7.0865
7.0865
7.0865
7.0865
7.0865
7.0865
7.0865
7.0865
7.0865
7.0865
7.0865
7.0865
7.0865
7.0865
7.0865
7.0865
7.0865
7.0865
7.0865
6.7458
6.7458
6.7458
6.7458
6.7458
6.7458
6.7458
6.7458
6.7458
6.7458
6.7458
6.7458
6.7458
6.7458
6.7458
6.7458
6.7458
6.7458
6.7458
6.7458
6.7458
6.7458
6.7458
6.7458
6.7458
6.7458
6.7458
6.7458
6.7458
6.7458
6.7458
6.7458
6.7458
6.7458
6.7458
6.7458
6.7458
6.7458
6.7458
6.7458
6.7458
6.7458
6.7458
6.7458
6.7458
6.7458
6.7458
6.7458
6.7458
6.7458
6.7458
6.7458
6.7458
6.7458
6.7458
6.7458
6.7458
6.7458
6.7458
6.7458
6.7458
6.7458
6.7458
6.7458
6.7458
6.7458
6.7458
6.7458
6.7458
6.7458
6.7458
6.7458
6.7458
6.7458
6.7458
6.7458
6.7458
6.7458
6.7458
6.7458
6.7458
6.7458
6.7458
6.7458
6.7458
6.7458
6.7458
6.7458
6.7458
6.7458
6.7458
6.7458
6.7458
6.7458
6.7458
6.7458
6.7458
6.7458
6.7458
6.7458
6.7458
6.7458
6.7458
6.7458
6.7458
6.7458
6.7458
6.7458
6.7458
6.7458
6.7458
6.7458
6.7458
6.7458
6.7458
6.7458
6.7458
6.7458
6.7458
6.7458
7.0865
7.0865
7.0865
7.0865
7.0865
7.0865
7.0865
7.0865
7.0865
7.0865
7.0865
7.0865
7.0865
7.0865
7.0865
7.0865
7.0865
7.0865
7.0865
7.0865
7.0865
7.0865
7.0865
7.0865
7.0865
7.0865
7.0865
7.0865
7.0865
7.0865
7.0865
7.0865
7.0865
7.0865
7.0865
7.0865
7.0865
7.0865
7.0865
7.0865
7.0865
7.0865
7.0865
7.0865
7.0865
7.0865
7.0865
7.0865
7.0865
7.0865
7.0865
7.0865
7.0865
7.0865
7.0865
7.0865
7.0865
7.0865
7.0865
7.0865
7.0865
7.0865
7.0865
7.0865
7.0865
7.0865
7.0865
7.0865
7.0865
7.0865
7.0865
7.0865
7.0865
7.0865
7.0865
7.0865
7.0865
7.0865
7.0865
7.0865
7.0865
7.0865
7.0865
7.0865
7.0865
7.0865
7.0865
7.0865
7.0865
7.0865
7.0865
7.0865
7.0865
7.0865
7.0865
7.0865
7.0865
7.0865
7.0865
7.0865
7.0865
7.0865
7.0865
7.0865
7.0865
7.0865
7.0865
7.0865
7.0865
7.0865
7.0865
7.0865
7.0865
7.0865
7.0865
7.0865
7.0865
7.0865
7.0865
7.0865
7.0865
7.0865
7.0865
7.0865
7.0865
7.0865
7.0865
7.0865
7.0865
7.0865
7.0865
7.0865
7.0865
7.0865
7.0865
7.0865
7.0865
7.0865
7.0865
7.0865
7.0865
7.0865
7.0865
7.0865
7.0865
7.0865
7.0865
7.0865
7.0865
7.0865
7.0865
7.0865
7.0865
7.0865
7.0865
7.0865
7.0865
7.0865
7.0865
7.0865
7.0865
7.0865
7.0865
7.0865
7.0865
7.0865
7.0865
7.0865
7.0865
7.0865
7.0865
7.0865
7.0865
7.0865
7.0865
7.0865
7.0865
7.0865
7.0865
7.0865
7.0865
7.0865
7.0865
7.0865
7.0865
7.0865
7.0865
7.0865
7.0865
7.0865
7.0865
7.0865
7.0865
7.0865
7.0865
7.0865
7.0865
7.0865
7.0865
7.0865
7.0865
7.0865
7.0865
7.0865
7.0865
7.0865
7.0865
7.0865
7.0865
7.0865
7.0865
7.0865
7.0865
7.0865
7.0865
7.0865
7.0865
7.0865
7.0865
7.0865
7.0865
7.0865
7.0865
7.0865
7.0865
7.0865
7.0865
7.0865
7.0865
7.0865
7.0865
7.0865
7.0865
7.0865
7.0865
7.0865
7.0865
7.0865
7.0865
7.0865
7.0865
7.0865
7.0865
7.0865
7.0865
7.0865
7.0865
7.0865
7.0865
7.0865
7.0865
7.0865
7.0865
7.0865
7.0865
7.0865
7.0865
7.0865
7.0865
7.0865
7.0865
7.0865
7.0865
7.0865
7.0865
7.0865
7.0865
7.0865
7.0865
7.0865
7.0865
7.0865
7.0865
7.0865
7.0865
7.0865
7.0865
7.0865
7.0865
7.0865
7.0865
7.0865
7.0865
7.0865
7.0865
7.0865
7.0865
7.0865
7.0865
7.0865
7.0865
7.0865
7.0865
7.0865
7.0865
7.0865
7.0865
7.0865
7.0865
7.0865
7.0865
7.0865
7.0865
7.0865
7.0865
7.0865
7.0865
7.0865
7.0865
7.0865
7.0865
7.0865
7.0865
7.0865
7.0865
7.0865
7.0865
7.0865
7.0865
7.0865
7.0865
7.0865
7.0865
7.0865
7.0865
7.0865
7.0865
7.0865
7.0865
7.0865
7.0865
7.0865
7.0865
7.0865
7.0865
7.0865
7.0865
7.0865
7.0865
7.0865
7.0865
7.0865
7.0865
7.0865
7.0865
7.0865
7.0865
7.0865
7.0865
7.0865
7.0865
7.0865
7.0865
7.0865
7.0865
7.0865
7.0865
7.0865
7.0865
7.0865
7.0865
7.0865
7.0865
7.0865
7.0865
7.0865
7.0865
7.0865
7.0865
7.0865
7.0865
7.0865
7.0865
7.0865
7.0865
7.0865
7.0865
7.0865
7.0865
7.0865
7.0865
7.0865
7.0865
7.0865
7.0865
7.0865
7.0865
7.0865
7.0865
7.0865
7.0865
7.0865
7.0865
7.0865
7.0865
7.0865
7.0865
7.0865
7.0865
7.0865
7.0865
7.0865
7.0865
7.0865
7.0865
7.0865
7.0865
7.0865
7.0865
7.0865
7.0865
7.0865
7.0865
7.0865
7.0865
7.0865
7.0865
7.0865
7.0865
7.0865
7.0865
7.0865
7.0865
7.0865
7.0865
7.0865
7.0865
7.0865
7.0865
7.0865
7.0865
7.0865
5.1376
5.0372
4.8881
4.7906
4.7233
4.6772
4.6455
4.6242
4.6099
4.6005
4.5945
4.5907
4.5886
4.5876
4.5874
4.5878
4.5884
4.5892
4.5900
4.5909
4.5919
4.5927
4.5936
4.5943
4.4987
4.3580
4.3514
4.3487
4.4907
4.4978
4.3630
4.6435
4.7409
4.8352
4.8626
4.8776
4.9719
5.0086
5.0281
5.0427
5.0566
5.0703
5.0732
5.0991
5.1093
5.1197
5.1304
5.1406
5.1452
5.1592
5.1679
5.1766
5.1898
5.1979
5.2060
5.2093
5.2127
5.2254
5.2328
5.2452
5.2430
5.2555
5.2610
5.2548
5.2724
5.2919
5.2876
5.3100
5.3162
5.3198
5.3291
5.3383
5.3411
5.3534
5.3605
5.3494
5.3506
5.3570
5.3565
5.3651
5.3683
5.3775
5.3831
5.3874
5.3918
5.3957
5.3997
5.3906
5.3996
5.4077
5.4126
5.4139
5.4209
5.4218
5.4295
5.4361
5.4434
5.4468
5.4345
5.4578
5.4545
5.4497
5.4683
5.4364
5.4441
5.4461
5.4539
5.4570
5.4597
5.4622
5.4647
5.4672
5.4695
5.4716
5.4800
5.4791
5.4836
5.4879
5.4923
5.4967
5.5011
5.5054
5.5098
5.5140
5.5183
5.5226
5.5264
5.5299
5.5333
5.5364
5.5395
5.5423
5.5451
5.5478
5.5502
5.5526
5.5548
5.5566
5.5529
5.5468
5.5400
5.5328
5.5250
5.5120
5.3932
5.2729
5.2424
5.1889
5.1704
5.0886
5.0729
4.7464
4.7329
4.7117
4.6938
4.6773
4.6615
4.6983
4.6861
4.6755
4.6648
4.6543
4.6464
4.6395
4.6329
4.6267
4.6206
4.6147
4.6089
4.6027
4.5974
4.5926
4.5880
4.5834
4.5790
4.5746
4.5704
4.5662
4.5620
4.5575
4.5534
4.5500
4.5469
4.5438
4.5409
4.5380
4.5353
4.5325
4.5299
4.5274
4.5250
4.5226
4.5202
4.5178
4.5154
4.5130
4.5106
4.5083
4.5059
4.5036
4.5012
4.4989
4.4965
4.4942
4.6176
4.6292
4.6290
4.6291
4.6292
4.6292
4.6292
4.6292
4.6292
4.6291
4.6291
4.6290
4.6291
4.6292
4.6293
4.6294
4.6296
4.6297
4.6299
4.6304
4.6311
4.6321
4.6333
