23.8737
23.8644
23.8537
23.8422
23.8300
23.8172
23.8040
23.7904
23.7765
23.7622
23.7475
23.7326
23.7175
23.7045
23.6930
23.6824
23.6725
23.6631
23.6540
23.6450
23.6362
23.6275
23.6189
23.6106
23.6023
23.5940
23.5858
23.5775
23.5692
23.5609
23.5527
23.5445
23.5364
23.5283
23.5202
23.5121
23.5041
23.4962
23.4884
23.4807
23.4730
23.4653
23.4578
23.4502
23.4427
23.4352
23.4278
23.4204
23.4131
23.4057
23.3982
23.3907
23.3832
23.3756
23.3681
23.3606
23.3531
23.3456
23.3381
23.3305
23.3231
23.3180
23.3088
23.3015
23.2941
23.2867
23.2792
23.2714
23.2635
23.2554
23.2472
23.2449
23.2471
23.2690
23.2853
23.3016
23.3182
23.3357
23.3540
23.3733
23.3937
23.4150
23.4360
23.4574
23.4796
23.5076
23.5325
23.5588
23.5867
23.6155
23.6448
23.6738
23.9865
24.0002
24.0009
24.0009
24.0009
24.0009
24.0009
24.0010
24.0010
24.0010
24.0011
24.0011
24.0011
24.0012
24.0012
24.0012
24.0013
24.0013
24.0014
24.0014
24.0014
24.0014
24.0015
24.0015
24.0015
24.0015
24.0015
24.0015
24.0015
24.0015
24.0015
24.0014
24.0014
24.0013
24.0013
24.0013
24.0014
24.0014
24.0015
24.0015
24.0016
24.0016
24.0016
24.0016
24.0016
24.0017
24.0016
24.0016
24.0016
24.0015
24.0015
24.0014
24.0014
24.0013
24.0013
24.0013
24.0013
24.0012
24.0012
24.0012
24.0012
24.0012
24.0013
24.0013
24.0012
24.0012
24.0012
24.0012
24.0012
24.0012
24.0012
24.0012
24.0012
24.0012
24.0012
24.0012
24.0012
24.0013
24.0013
24.0013
24.0014
24.0014
24.0015
24.0015
24.0015
24.0015
24.0015
24.0014
24.0014
24.0014
24.0014
24.0014
24.0014
24.0013
24.0013
24.0013
24.0013
24.0013
24.0013
24.0012
24.0012
24.0012
24.0012
24.0012
24.0012
24.0013
24.0013
24.0013
24.0012
24.0012
24.0012
24.0012
24.0012
24.0012
24.0011
24.0010
24.0009
24.0008
24.0008
24.0007
24.0004
24.0003
24.0003
24.0003
24.0003
24.0003
24.0003
24.0003
24.0003
24.0003
24.0003
24.0003
24.0003
24.0003
24.0003
24.0003
24.0003
24.0003
24.0003
24.0003
24.0003
24.0003
24.0003
24.0002
24.0002
24.0002
24.0002
24.0002
24.0002
24.0002
24.0002
24.0002
24.0002
24.0002
24.0002
24.0002
24.0002
24.0002
24.0002
24.0002
24.0002
24.0002
24.0002
24.0002
24.0002
24.0002
24.0002
24.0002
24.0002
24.0002
24.0002
24.0002
24.0002
24.0030
24.0064
24.0044
23.9998
23.9938
23.9871
23.9802
23.9735
23.9670
23.9608
23.9550
23.9496
23.9445
23.9396
23.9349
23.9304
23.9260
23.9217
23.9176
23.9134
23.9093
23.9052
23.9011
23.8970
23.8922
23.8867
23.8807
23.8743
23.8676
23.8606
23.8513
23.8422
23.8335
23.8245
23.8158
23.8067
23.7988
23.7919
23.7855
23.7796
23.7740
23.7686
23.7633
23.7582
23.7531
23.7482
23.7433
23.7385
23.7340
23.7299
23.7261
23.7225
23.7192
23.7160
23.7130
23.7100
23.7072
23.7045
23.7019
23.6993
23.6969
23.6944
23.6920
23.6896
23.6872
23.6849
23.6826
23.6804
23.6782
23.6761
23.6740
23.6719
23.6690
23.6656
23.6617
23.6576
23.6533
23.6489
23.6445
23.6400
23.6355
23.6308
23.6262
23.6216
23.6206
23.6165
23.6147
23.6134
23.6123
23.6113
23.6102
23.6092
23.6080
23.6069
23.6108
23.6207
23.6411
23.6577
23.6759
23.6942
23.7127
23.7314
23.7493
23.7663
23.7824
23.7978
23.8125
23.8266
23.8444
23.8577
23.8710
23.8847
23.8984
23.9118
23.9270
23.9441
23.9633
23.9835
24.0010
24.0019
24.0019
24.0018
24.0016
24.0016
24.0015
24.0015
24.0014
24.0014
24.0014
24.0015
24.0015
24.0015
24.0015
24.0015
24.0015
24.0016
24.0016
24.0016
24.0016
24.0016
24.0016
24.0017
24.0017
24.0017
24.0017
24.0016
24.0016
24.0015
24.0015
24.0015
24.0015
24.0015
24.0015
24.0015
24.0016
24.0016
24.0016
24.0016
24.0016
24.0016
24.0016
24.0015
24.0015
24.0015
24.0014
24.0014
24.0014
24.0014
24.0014
24.0014
24.0014
24.0015
24.0015
24.0016
24.0016
24.0016
24.0016
24.0016
24.0016
24.0015
26.5918
26.9415
27.2440
27.4882
27.6921
27.8617
28.0017
28.0843
28.1559
28.2181
28.2876
28.3459
28.3948
28.4654
28.5202
28.5631
28.5956
28.6213
28.6442
28.6521
28.6924
28.7250
28.7524
28.7761
28.7977
28.8038
28.8134
28.8256
28.8390
28.8529
28.8657
28.8770
28.8863
28.8942
28.9006
28.9058
28.9089
28.9241
28.9339
28.9398
28.9423
28.9427
28.9409
28.9371
28.9316
28.9248
28.9166
28.9074
26.4157
25.1787
24.6184
24.3158
24.1273
24.0159
24.0039
24.0016
24.0012
24.0011
24.0010
24.0009
24.0008
24.0008
24.0007
24.0007
24.0007
24.0006
24.0006
24.0006
24.0006
24.0006
24.0006
24.0006
24.0006
24.0005
24.0005
24.0005
24.0005
24.0005
24.0005
24.0005
24.0005
24.0005
24.0005
24.0005
24.0005
24.0005
24.0005
24.0005
24.0005
24.0005
24.0005
24.0005
24.0005
24.0005
24.0005
24.0005
24.0005
24.0005
24.0005
24.0005
24.0005
24.0005
24.0005
24.0005
24.0005
24.0005
24.0005
24.0005
24.1138
24.1792
24.2149
24.2342
24.2441
24.2485
24.2496
24.2490
24.2473
24.2450
24.2424
24.2398
24.2377
24.2361
24.2348
24.2336
24.2326
24.2317
24.2308
24.2300
24.2291
24.2283
24.2274
24.2265
24.2252
24.2234
24.2212
24.2188
24.2162
24.2134
24.2104
24.2073
24.2042
24.2009
24.1975
24.1941
24.1910
24.1882
24.1856
24.1831
24.1808
24.1785
24.1763
24.1741
24.1720
24.1698
24.1678
24.1657
24.1624
24.1578
24.1521
24.1461
24.1394
24.1325
24.1251
24.1176
24.1097
24.1018
24.0934
24.0852
24.0770
24.0687
24.0603
24.0518
24.0433
24.0347
24.0261
24.0173
24.0086
23.9997
23.9909
23.9820
23.9730
23.9640
23.9550
23.9459
23.9368
23.9277
23.9186
23.9094
23.9003
23.8910
23.8817
23.8724
23.8676
23.8587
23.8527
23.8474
23.8426
23.8379
23.8333
23.8287
23.8240
23.8194
23.8195
23.8258
23.8434
23.8580
23.8740
23.8900
23.9056
23.9208
23.9363
23.9520
23.9680
23.9843
24.0008
24.0175
24.0014
24.0023
24.0022
24.0021
24.0019
24.0018
24.0017
24.0015
24.0015
24.0014
24.0013
24.0012
24.0012
24.0012
24.0012
24.0013
24.0013
24.0013
24.0013
24.0013
24.0014
24.0014
24.0014
24.0014
24.0014
24.0014
24.0014
24.0015
24.0015
24.0015
24.0015
24.0014
24.0014
24.0014
24.0014
24.0014
24.0014
24.0015
24.0015
24.0016
24.0016
24.0016
24.0017
24.0017
24.0018
24.0018
24.0019
24.0019
24.0019
24.0019
24.0019
24.0019
24.0019
24.0019
24.0018
24.0018
24.0017
24.0017
24.0017
24.0017
24.0018
24.0019
24.0020
24.0019
24.0019
24.0018
24.0018
24.0018
24.0017
24.0017
24.0017
24.0016
24.0016
24.0015
24.0015
24.0015
24.0014
24.0014
24.0014
24.0014
24.0014
24.0014
24.0014
24.0014
24.0014
24.0015
24.0015
24.0015
24.0016
24.0016
24.0016
24.0016
24.0016
24.0016
24.0016
24.0016
24.0016
24.0016
24.0015
24.0015
24.0015
24.0015
24.0015
24.0015
24.0015
24.0015
24.0015
24.0015
24.0015
24.0016
24.0016
24.0016
24.0016
24.0016
24.0016
24.0015
24.0015
24.0015
24.0015
24.0015
24.0015
24.0015
24.0014
24.0013
24.0012
24.0011
24.0011
24.0006
24.0006
24.0005
24.0005
24.0005
24.0005
24.0005
24.0005
24.0005
24.0004
24.0004
24.0004
24.0004
24.0004
24.0004
24.0004
24.0004
24.0004
24.0004
24.0004
24.0004
24.0004
24.0004
24.0004
24.0004
24.0004
24.0004
24.0004
24.0004
24.0004
24.0004
24.0004
24.0004
24.0004
24.0004
24.0004
24.0004
24.0004
24.0004
24.0004
24.0004
24.0004
24.0004
24.0004
24.0004
24.0004
24.0004
24.0004
24.0004
24.0004
24.0004
24.0004
24.0004
24.1399
24.2217
24.2694
24.2980
24.3154
24.3263
24.3333
24.3381
24.3415
24.3441
24.3462
24.3480
24.3490
24.3491
24.3486
24.3476
24.3462
24.3444
24.3424
24.3400
24.3374
24.3345
24.3313
24.3280
24.3247
24.3215
24.3183
24.3150
24.3117
24.3082
24.3046
24.3009
24.2972
24.2932
24.2892
24.2851
24.2805
24.2755
24.2702
24.2645
24.2587
24.2526
24.2463
24.2398
24.2332
24.2264
24.2196
24.2126
24.2041
24.1945
24.1841
24.1733
24.1621
24.1505
24.1384
24.1261
24.1135
24.1007
24.0877
24.0745
24.0613
24.0479
24.0344
24.0207
24.0068
23.9929
23.9788
23.9647
23.9503
23.9359
23.9214
23.9068
23.8920
23.8771
23.8620
23.8468
23.8315
23.8161
23.8006
23.7850
23.7694
23.7535
23.7375
23.7214
23.7124
23.7027
23.6966
23.6921
23.6887
23.6860
23.6838
23.6819
23.6803
23.6791
23.6889
23.7044
23.7336
23.7571
23.7805
23.8031
23.8253
23.8473
23.8695
23.8920
23.9149
23.9383
23.9622
23.9867
24.0007
24.0010
24.0010
24.0010
24.0009
24.0009
24.0009
24.0021
24.0021
24.0019
24.0018
24.0017
24.0017
24.0016
24.0016
24.0016
24.0016
24.0016
24.0016
24.0016
24.0016
24.0016
24.0016
24.0016
24.0016
24.0017
24.0016
24.0016
24.0016
24.0016
24.0015
24.0015
24.0016
24.0016
24.0016
24.0016
24.0016
24.0016
24.0016
24.0016
24.0015
24.0014
24.0014
24.0013
24.0014
24.0014
24.0014
24.0015
24.0015
24.0015
24.0016
24.0017
24.0017
24.0017
24.0017
24.0016
24.0015
24.0015
24.0014
24.0014
24.0013
24.0013
24.0012
24.0012
24.0011
24.0011
24.0011
24.0011
24.0011
24.0011
24.0011
24.0011
24.0010
24.0010
24.0010
24.0010
24.0010
24.0010
24.0011
24.0011
24.0011
24.0011
24.0011
24.0011
24.0012
24.0012
24.0014
24.0015
24.0015
24.0016
24.0016
24.0016
24.0016
24.0016
24.0015
24.0015
24.0015
24.0015
24.0015
24.0015
24.0015
24.0015
24.0015
24.0014
24.0014
24.0014
24.0014
24.0015
24.0015
24.0015
24.0015
24.0015
24.0015
24.0015
24.0015
24.0015
24.0015
24.0015
24.0015
24.0014
24.0014
24.0014
24.0014
24.0014
24.0014
24.0014
24.0013
24.0013
24.0012
24.0011
24.0010
24.0009
24.0003
24.0006
24.0007
24.0006
24.0005
24.0005
24.0005
24.0004
24.0004
24.0004
24.0003
24.0003
24.0003
24.0003
24.0003
24.0003
24.0003
24.0003
24.0003
24.0003
24.0003
24.0003
24.0003
24.0003
24.0002
24.0002
24.0002
24.0002
24.0002
24.0002
24.0002
24.0002
24.0002
24.0002
24.0002
24.0002
24.0002
24.0002
24.0002
24.0002
24.0002
24.0002
24.0002
24.0002
24.0002
24.0002
24.0002
24.0002
24.0004
24.0006
24.0007
24.0007
24.0007
24.0008
24.0008
24.0008
24.0008
24.0009
24.0009
24.0009
24.0009
24.0009
24.0009
24.0009
24.0009
24.0009
24.0009
24.0009
24.0009
24.0010
24.0010
24.0010
24.0010
24.0010
24.0010
24.0010
24.0010
24.0010
24.0010
24.0010
24.0010
24.0010
24.0010
24.0010
24.0010
24.0010
24.0010
24.0010
24.0010
24.0010
24.0010
24.0010
24.0010
24.0010
24.0010
24.0011
24.0011
24.0011
24.0011
24.0011
24.0011
24.0011
24.0011
24.0011
24.0011
24.0011
24.0011
24.0011
24.0011
24.0011
24.0011
24.0011
24.0011
24.0011
24.0011
24.0011
24.0011
24.0011
24.0011
24.0011
24.0011
24.0011
24.0011
24.0011
24.0011
24.0011
24.0011
24.0011
24.0011
24.0011
24.0011
24.0010
24.0010
24.0011
24.0011
24.0011
24.0011
24.0011
24.0011
24.0011
24.0011
24.0011
24.0011
24.0011
24.0011
24.0010
24.0008
24.0007
24.0007
24.0006
24.0005
24.0005
24.0005
24.0004
24.0004
24.0004
24.0000
24.0000
24.0000
24.0001
24.0001
24.0001
24.0002
24.0002
24.0002
24.0002
24.0002
24.0002
24.0003
24.0003
24.0003
24.0003
24.0003
24.0003
24.0003
24.0003
24.0003
24.0003
24.0003
24.0003
24.0003
24.0003
24.0003
24.0003
24.0003
24.0003
24.0003
24.0003
24.0003
24.0002
24.0002
24.0002
24.0002
24.0002
24.0002
24.0002
24.0002
24.0002
24.0002
24.0002
24.0002
24.0002
24.0002
24.0002
24.0002
24.0002
24.0002
24.0002
24.0002
24.0002
24.0002
24.0002
24.0002
24.0002
24.0002
24.0002
24.0002
24.0002
24.0001
24.0001
24.0001
24.0001
24.0002
24.0002
24.0002
24.0002
24.0002
24.0002
24.0002
24.0001
24.0001
24.0001
24.0001
24.0001
24.0001
24.0002
24.0002
24.0002
24.0002
24.0002
24.0002
24.0002
24.0002
24.0002
24.0002
24.0002
24.0002
24.0002
24.0002
24.0002
24.0002
24.0002
24.0002
24.0002
24.0002
24.0002
24.0002
24.0002
24.0002
24.0002
24.0002
24.0002
24.0002
24.0002
24.0002
24.0002
24.0002
24.0002
24.0002
24.0002
24.0002
24.0002
24.0002
24.0002
24.0002
24.0002
24.0004
24.0004
24.0004
24.0004
24.0003
24.0003
24.0003
24.0003
24.0003
24.0003
24.0003
24.0003
24.0003
24.0004
24.0005
24.0005
24.0006
24.0007
24.0007
24.0008
24.0008
24.0008
24.0008
24.0009
24.0009
24.0009
24.0009
24.0009
24.0010
24.0010
24.0010
24.0010
24.0010
24.0010
24.0010
24.0010
24.0010
24.0010
24.0010
24.0010
24.0010
24.0010
24.0010
24.0011
24.0011
24.0011
24.0011
24.0011
24.0011
24.0011
24.0011
24.0011
24.0011
24.0011
24.0011
24.0011
24.0011
24.0011
24.0011
24.0011
24.0011
24.0011
24.0011
24.0011
24.0011
24.0011
24.0011
24.0011
24.0011
24.0011
24.0011
24.0011
24.0011
24.0011
24.0012
24.0012
24.0012
24.0012
24.0012
24.0012
24.0012
24.0012
24.0012
24.0012
24.0013
24.0013
24.0013
24.0013
24.0013
24.0013
24.0013
24.0013
24.0013
24.0013
24.0013
24.0013
24.0014
24.0014
24.0014
24.0014
24.0014
24.0014
24.0014
24.0014
24.0014
24.0014
24.0015
24.0015
24.0015
24.0015
24.0015
24.0015
24.0015
24.0015
24.0015
24.0015
24.0015
24.0015
24.0015
24.0015
24.0015
24.0015
24.0015
24.0015
24.0015
24.0015
24.0015
24.0015
24.0015
24.0015
24.0015
24.0015
24.0015
24.0015
24.0015
24.0015
24.0015
24.0015
24.0015
24.0016
24.0016
24.0016
24.0016
24.0016
24.0016
24.0016
24.0016
24.0016
24.0016
24.0016
24.0016
24.0016
24.0016
24.0016
24.0016
24.0016
24.0016
24.0016
24.0015
24.0015
24.0015
24.0015
24.0015
24.0015
24.0015
24.0015
24.0015
24.0014
24.0014
24.0014
24.0014
24.0014
24.0014
24.0014
24.0014
24.0014
24.0014
24.0013
24.0013
24.0013
24.0013
24.0013
24.0013
24.0013
24.0013
24.0012
24.0012
24.0012
24.0012
24.0012
24.0012
24.0012
24.0012
24.0012
24.0012
24.0012
24.0012
24.0011
24.0011
24.0011
24.0011
24.0011
24.0011
24.0011
24.0011
24.0011
24.0010
24.0010
24.0010
24.0010
24.0010
24.0010
24.0010
24.0010
24.0009
24.0009
24.0009
24.0009
24.0009
24.0009
24.0009
24.0009
24.0009
24.0009
24.0009
24.0009
24.0009
24.0009
24.0009
24.0009
24.0009
24.0008
24.0008
24.0008
24.0008
24.0008
24.0008
24.0008
24.0008
24.0008
24.0008
24.0008
24.0008
24.0008
24.0008
24.0009
24.0009
24.0009
24.0009
24.0009
24.0009
24.0009
24.0009
24.0009
24.0009
24.0009
24.0009
24.0009
24.0009
24.0009
24.0008
24.0008
24.0008
24.0008
24.0008
24.0008
24.0008
24.0008
24.0008
24.0008
24.0008
24.0008
24.0008
24.0008
24.0008
24.0008
24.0008
24.0008
24.0009
24.0009
24.0009
24.0009
24.0009
24.0009
24.0009
24.0009
24.0009
24.0009
24.0009
24.0009
24.0009
24.0009
24.0009
24.0010
24.0010
24.0010
24.0010
24.0010
24.0011
24.0011
24.0011
24.0011
24.0011
24.0012
24.0012
24.0012
24.0012
24.0012
24.0013
24.0013
24.0013
24.0013
24.0013
24.0014
24.0014
24.0014
24.0014
24.0014
24.0014
24.0014
24.0015
24.0015
24.0015
24.0015
24.0015
24.0015
24.0015
24.0015
24.0015
24.0015
24.0015
24.0015
24.0015
24.0015
24.0015
24.0015
24.0015
24.0015
24.0015
24.0015
24.0015
24.0015
24.0015
24.0015
24.0015
24.0015
24.0015
24.0015
24.0015
24.0015
24.0015
24.0015
24.0015
24.0015
24.0015
24.0014
24.0014
24.0014
24.0014
24.0014
24.0014
24.0014
24.0014
24.0014
24.0014
24.0014
24.0014
24.0014
24.0014
24.0014
24.0014
24.0014
24.0015
24.0015
24.0015
24.0015
24.0015
24.0015
24.0015
24.0015
24.0015
24.0015
24.0015
24.0015
24.0015
24.0015
24.0015
24.0016
24.0016
24.0016
24.0016
24.0016
24.0016
24.0016
24.0016
24.0016
24.0016
24.0016
24.0016
24.0016
24.0016
24.0017
24.0017
24.0017
24.0017
24.0017
24.0017
24.0017
24.0017
24.0017
24.0017
24.0017
24.0017
24.0017
24.0017
24.0017
24.0017
24.0017
24.0017
24.0017
24.0017
24.0017
24.0017
24.0017
24.0017
24.0017
24.0017
24.0017
24.0017
24.0017
24.0017
24.0017
23.6633
23.4816
23.3710
23.3026
23.2590
23.2307
23.2123
23.2005
23.1934
23.1897
23.1947
23.2070
23.2337
23.2561
23.2781
23.2994
23.3207
23.3423
23.3636
23.3847
23.4071
23.4298
23.4526
23.4756
23.5023
23.5230
23.5456
23.5687
23.5926
23.6153
23.6387
23.9856
24.0003
24.0011
24.0011
24.0010
24.0010
24.0010
24.0011
24.0011
24.0011
24.0012
24.0012
24.0012
24.0013
24.0013
24.0014
24.0014
24.0015
24.0015
24.0015
24.0015
24.0015
24.0016
24.0016
24.0016
24.0016
24.0016
24.0016
24.0016
24.0016
24.0016
24.0016
24.0016
24.0016
24.0016
24.0016
24.0016
24.0016
24.0016
24.0016
24.0016
24.0017
24.0017
24.0017
24.0017
24.0017
24.0017
24.0016
24.0016
24.0015
24.0015
24.0015
24.0014
24.0014
24.0014
24.0014
24.0014
24.0014
24.0014
24.0013
24.0013
24.0013
24.0013
24.0013
24.0013
24.0013
24.0012
24.0012
24.0012
24.0012
24.0012
24.0012
24.0012
24.0012
24.0012
24.0012
24.0012
24.0012
24.0013
24.0014
24.0014
24.0015
24.0015
24.0016
24.0016
24.0016
24.0016
24.0016
24.0016
24.0016
24.0016
24.0016
24.0016
24.0015
24.0015
24.0015
24.0015
24.0015
24.0015
24.0015
24.0015
24.0015
24.0015
24.0015
24.0015
24.0015
24.0015
24.0015
24.0015
24.0015
24.0015
24.0015
24.0015
24.0015
24.0014
24.0013
24.0012
24.0011
24.0010
24.0010
24.0009
24.0009
24.0008
24.0005
24.0004
24.0004
24.0004
24.0004
24.0003
24.0003
24.0003
24.0003
24.0003
24.0003
24.0004
24.0004
24.0004
24.0004
24.0004
24.0004
24.0004
24.0004
24.0004
24.0004
24.0004
24.0004
24.0004
24.0004
24.0004
24.0004
24.0004
24.0004
24.0004
24.0004
24.0004
24.0004
24.0004
24.0004
24.0004
24.0004
24.0004
24.0004
24.0004
24.0004
24.0004
24.0004
24.0004
24.0004
24.0004
24.0004
24.0004
24.0004
24.0004
24.1213
24.1918
24.2313
24.2538
24.2664
24.2735
24.2773
24.2791
24.2798
24.2799
24.2797
24.2788
24.2770
24.2738
24.2697
24.2648
24.2593
24.2534
24.2470
24.2403
24.2331
24.2257
24.2179
24.2098
22.6496
21.9377
21.5970
21.4080
21.2868
21.1987
21.1282
21.0684
21.0154
20.9674
20.9231
20.8818
20.8427
20.8055
20.7700
20.7359
20.7032
20.6716
20.6410
20.6115
20.5827
20.5548
20.5276
20.5010
20.4754
20.4508
20.4272
20.4038
20.3812
20.3589
20.3372
20.3157
20.2948
20.2741
20.2539
20.2338
20.2135
20.1932
20.1730
20.1529
20.1329
20.1131
20.0935
20.0740
20.0546
20.0354
20.0163
19.9973
19.9789
19.9609
19.9432
19.9259
19.9085
19.8915
19.8744
19.8577
19.8409
19.8244
19.8079
19.7916
19.7794
19.7697
19.7616
19.7544
19.7480
19.7423
19.7371
19.7346
19.7317
19.7287
19.7308
19.7407
19.7200
19.7184
19.7229
19.7300
19.7387
19.7484
19.7586
19.7692
19.7803
19.7917
19.8036
19.8158
23.8149
26.4657
26.6649
26.6694
26.6697
26.6698
26.6699
26.6699
26.6700
26.6700
26.6700
26.6700
26.6700
26.6700
26.6700
26.6853
26.7226
26.7725
26.8297
26.9251
27.0106
27.0895
27.1637
27.2330
27.2995
27.3803
27.4374
27.4950
27.5528
27.6101
27.6673
27.7246
27.7817
27.8385
27.8951
27.9514
28.0072
28.0627
28.1178
28.1724
28.2274
28.2820
28.3368
28.4215
28.4962
28.5649
28.6297
28.6919
28.7482
28.8001
28.8487
28.8947
28.9250
28.9583
29.7092
29.4163
29.2777
29.1850
29.1301
29.0979
29.0801
29.0850
29.8367
29.5495
29.4131
29.3312
29.2833
30.0187
29.7104
29.5711
29.4788
29.4250
29.3948
30.2349
29.7187
29.6215
29.5619
29.5274
29.5073
29.4700
29.4451
29.4295
29.4336
30.3040
29.7229
29.6771
29.6465
29.6290
29.6203
29.6171
29.6174
29.6208
29.6524
29.6792
30.5453
29.7377
29.7040
29.7031
29.7031
29.7032
30.5919
29.7414
29.7041
29.7031
29.7031
29.7032
29.7032
29.7032
29.7033
30.6011
29.7433
29.7043
29.7032
29.7032
29.7032
29.7032
30.6033
29.7432
29.7042
29.7030
29.7030
29.7028
29.7025
29.6958
29.6844
29.6695
30.4790
29.7328
29.6807
30.4400
29.4295
28.6889
28.1857
27.8535
27.6242
27.4567
28.0180
27.5980
27.3654
27.2079
27.0936
27.0051
26.9327
26.8707
26.8158
26.7653
26.7188
26.6755
26.6702
27.2952
26.9384
26.7584
27.3600
26.9529
26.7434
26.6718
27.2592
26.8642
26.6744
26.6704
26.6704
26.6704
26.6704
26.6704
26.6704
26.6704
26.6705
26.6705
26.6705
27.1718
26.7524
26.6722
26.6705
26.6705
26.6705
26.6705
26.6705
27.1482
26.7139
26.6714
24.5302
23.6324
23.1967
22.9446
22.7780
22.6581
22.5624
22.4812
22.4096
22.3449
22.2855
22.2303
22.1770
22.1257
22.0764
22.0290
21.9834
21.9393
21.8966
21.8552
21.8150
21.7759
21.7379
21.7007
21.6650
21.6305
21.5969
21.5641
21.5321
21.5008
21.4702
21.4401
21.4106
21.3816
21.3531
21.3249
21.2966
21.2682
21.2400
21.2120
21.1843
21.1567
21.1294
21.1023
21.0755
21.0489
21.0224
20.9962
20.9700
20.9439
20.9179
20.8921
20.8664
20.8409
20.8155
20.7902
20.7651
20.7401
20.7153
20.6906
20.6662
20.6422
20.6190
20.5957
20.5724
20.5491
20.5260
20.5029
20.4800
20.4566
20.4335
20.4105
20.3875
20.3645
20.3416
20.3187
20.2958
20.2730
20.2503
20.2276
20.2050
20.1825
20.1600
20.1375
20.1225
20.1117
20.1035
20.0971
20.0921
20.0882
20.0854
20.0834
20.0823
20.0819
20.0882
20.1012
20.0899
20.0942
20.1047
20.1163
20.1284
20.1411
20.1547
20.1693
20.1848
20.1987
20.2139
20.2301
24.2206
26.4691
26.6613
26.6691
26.6694
26.6696
26.6696
26.6697
26.6698
26.6699
26.6699
26.6700
26.6776
26.7590
26.8530
26.9502
27.0643
27.1710
27.2700
27.3792
27.4769
27.5662
27.6490
27.7268
27.8005
27.8721
27.9563
28.0171
28.0774
28.1368
28.1955
28.2533
28.2953
28.3264
28.3938
28.4555
28.5134
28.5694
28.6236
28.6760
28.7271
28.7768
28.8390
28.8951
28.9469
29.7314
29.4814
29.3800
29.3310
29.3117
29.3099
29.3151
29.3128
29.3191
29.2968
30.0530
29.7120
29.6100
29.5526
30.2866
29.7221
29.6633
29.6279
29.6094
29.6024
29.6032
29.6091
29.6442
29.6754
29.7025
30.5399
29.7373
29.7041
29.7032
29.7032
29.7033
29.7033
29.7033
29.7033
29.7033
29.7033
29.7033
29.7034
29.7034
29.7035
29.7035
29.7036
29.7036
29.7036
29.7037
29.7037
29.7037
29.7037
29.7037
29.7036
29.7036
29.7036
29.7036
29.7035
29.7035
29.7035
29.7035
29.7035
29.7034
29.7034
29.7034
29.7034
29.7033
29.7034
29.7034
29.7034
29.7033
29.7033
29.7033
29.7033
29.7033
29.7033
29.7033
29.7033
29.7033
29.7033
29.7031
29.7030
29.7029
29.7029
29.7028
29.7012
29.6830
28.9317
28.4334
28.1065
27.8819
27.7180
27.5915
27.4884
27.4007
27.3237
27.2541
27.1916
27.1352
27.0836
27.0357
26.9910
26.9488
26.9093
26.8717
26.8361
26.8021
26.7697
26.7386
26.7086
26.6796
26.6703
26.6701
26.6701
26.6702
26.6702
26.6702
26.6702
26.6703
26.6703
26.6703
26.6703
26.6703
26.6703
26.6704
26.6704
26.6704
26.6704
26.6704
26.6704
26.6704
26.6704
26.6705
26.6705
26.6705
26.6705
26.6705
26.6705
26.6705
24.5219
23.6270
23.1927
22.9340
22.7621
22.6363
22.5346
22.4473
22.3694
22.3020
22.2386
22.1785
22.1241
22.0740
22.0272
21.9833
21.9417
21.9023
21.8648
21.8289
21.7946
21.7617
21.7301
21.6997
22.9393
23.5939
23.9719
24.2058
24.3584
24.4629
24.5376
24.5931
24.6359
24.6713
24.6997
24.7227
24.7422
24.7587
24.7728
24.7850
24.7956
24.8048
24.8128
24.8198
24.8260
24.8314
24.8361
24.8403
24.8389
24.8336
24.8259
24.8159
24.8041
24.7908
24.7763
24.7608
24.7445
24.7267
24.7084
24.6897
24.6711
24.6524
24.6336
24.6145
24.5952
24.5756
24.5558
24.5357
24.5154
24.4949
24.4742
24.4534
24.4323
24.4111
24.3897
24.3682
24.3465
24.3247
24.3027
24.2805
24.2583
24.2359
24.2134
24.1908
24.1793
24.1671
24.1600
24.1556
24.1529
24.1513
24.1507
24.1507
24.1514
24.1526
24.1610
24.1783
24.2232
24.2581
24.2898
24.3196
24.3485
24.3768
24.4039
24.4314
24.4597
24.4888
24.5192
24.5501
24.0294
24.0026
24.0028
24.0026
24.0024
24.0022
24.0020
24.0018
24.0017
24.0016
24.0015
24.0014
24.0014
24.0013
24.0013
24.0013
24.0013
24.0013
24.0013
24.0014
24.0014
24.0015
24.0015
24.0016
24.0016
24.0016
24.0017
24.0017
24.0017
24.0017
24.0017
24.0017
24.0017
24.0017
24.0017
24.0017
23.9301
23.8876
23.8724
23.8730
23.8796
23.8887
23.9003
23.9140
23.9469
23.9706
23.9914
24.0110
24.0192
24.0249
24.0312
24.0379
24.0447
24.0336
24.0142
24.0082
24.0071
24.0080
24.0099
24.0122
24.0145
24.0345
24.0442
24.0515
24.0551
24.0494
24.0504
24.0737
24.0694
24.0705
24.0587
24.0576
24.0610
24.0667
24.0736
24.0813
24.0892
24.0975
24.1024
24.0682
24.0513
24.0399
24.0472
24.0416
24.0320
24.0214
24.0100
23.9979
23.9848
23.9709
23.9610
23.9545
23.9861
23.9984
24.0042
24.0075
24.0101
23.9945
23.9892
23.9873
23.9874
23.9885
23.9889
23.9884
23.9872
23.9854
23.9830
23.9981
24.0021
23.9837
23.9733
23.9676
23.9623
23.9557
23.9491
23.9421
23.9344
23.9269
23.9191
23.9108
23.8986
23.8297
23.7901
23.7607
23.7356
23.7122
23.6881
23.6460
23.6148
23.5877
22.9341
22.6182
22.4351
22.3115
22.2175
22.1395
22.0711
22.0091
21.9530
21.9016
21.8538
21.8088
21.7661
21.7254
21.6866
21.6489
21.6127
21.5780
21.5443
21.5116
21.4797
21.4486
21.4180
21.3881
21.3586
21.3296
21.3041
21.2811
21.2592
21.2386
21.2185
21.1993
21.1804
21.1623
21.1446
21.1269
21.1100
21.0933
21.0764
21.0599
21.0435
21.0273
21.0113
20.9955
20.9798
20.9643
20.9489
20.9336
20.9185
20.9034
20.9194
20.9162
20.9068
20.8944
20.8804
20.8660
20.8511
20.8364
20.8213
21.9549
22.5619
22.9304
23.1694
23.3306
23.4445
23.5285
23.5929
23.6442
23.6862
23.7215
23.7517
23.7779
23.8009
23.8211
23.8390
23.8549
23.8690
23.8816
23.8927
23.9025
23.9112
23.9188
23.9254
23.9311
23.9360
23.9401
23.9434
23.9459
23.9478
23.9491
23.9498
23.9499
23.9495
23.9486
23.9473
23.9456
23.9434
23.9410
23.9384
23.9359
23.9333
23.9306
23.9277
23.9247
23.9214
23.9180
23.9144
23.9107
23.9068
23.9028
23.8987
23.8944
23.8899
23.8852
23.8804
23.8755
23.8705
23.8653
23.8600
23.8546
23.8492
23.8436
23.8378
23.8319
23.8259
23.8197
23.8134
23.8071
23.8008
23.7943
23.7878
23.7813
23.7747
23.7680
23.7684
23.7673
23.7702
23.7747
23.7801
23.7861
23.7926
23.7994
23.8064
23.8137
23.8255
23.8461
23.8744
23.9018
23.9312
23.9607
23.9901
24.0196
24.0486
24.0770
24.1047
24.1323
24.1600
24.1879
24.0074
24.0012
24.0009
24.0009
24.0009
24.0009
24.0009
24.0008
24.0008
24.0008
24.0008
24.0008
24.0015
24.0016
24.0016
24.0015
24.0015
24.0015
24.0015
24.0015
24.0015
24.0015
24.0015
24.0015
24.0016
24.0016
24.0016
24.0016
24.0016
24.0016
24.0016
24.0016
24.0016
24.0016
24.0016
24.0016
24.0016
24.0015
24.0015
24.0015
24.0015
24.0015
24.0014
24.0014
24.0015
24.0015
24.0015
24.0016
24.0016
24.0016
24.0016
24.0016
24.0016
24.0016
24.0016
24.0016
24.0015
24.0015
24.0014
24.0014
24.0014
24.0014
24.0013
24.0013
24.0013
24.0013
24.0013
24.0013
24.0013
24.0014
24.0014
24.0014
24.0013
24.0013
24.0013
24.0013
24.0013
24.0013
24.0013
24.0013
24.0013
24.0013
24.0013
24.0013
24.0079
24.0113
24.0132
24.0159
24.0180
24.0196
24.0211
24.0048
24.0019
24.0016
24.0015
24.0015
24.0015
24.0015
24.0015
24.0015
24.0015
24.0015
24.0015
24.0015
24.0015
24.0015
24.0015
24.0015
24.0015
24.0016
24.0015
24.0015
24.0015
24.0015
24.0015
24.0015
24.0015
24.0014
24.0014
24.0014
24.0014
24.0013
24.0012
24.0011
24.0010
24.0009
24.0009
24.0005
24.0005
24.0004
24.0004
24.0004
24.0004
24.0006
24.0006
24.0006
24.0005
24.0005
24.0004
24.0004
24.0004
24.0004
24.0003
24.0003
24.0003
24.0003
24.0003
24.0003
24.0003
24.0003
24.0003
24.0003
24.0003
24.0003
24.0003
24.0003
24.0003
24.0003
24.0003
24.0003
24.0003
24.0003
24.0003
24.0003
24.0003
24.0003
24.0003
24.0003
24.0003
24.0003
24.0003
24.0003
24.0003
24.0003
24.0003
24.0003
24.0003
24.0003
24.0003
24.0003
24.0006
24.0008
24.0009
24.0009
24.0010
24.0010
24.0011
24.0011
24.0011
24.0011
24.0012
24.0012
24.0012
24.0012
24.0012
24.0012
24.0012
24.0012
24.0012
24.0012
24.0012
24.0012
24.0012
24.0012
24.0012
24.0012
24.0012
24.0012
24.0012
24.0012
24.0012
24.0012
24.0012
24.0012
24.0012
24.0012
24.0012
24.0012
24.0012
24.0012
24.0012
24.0012
24.0012
24.0012
24.0012
24.0012
24.0012
24.0012
24.0012
24.0012
24.0012
24.0012
24.0012
24.0012
24.0012
24.0012
24.0012
24.0012
24.0012
24.0012
24.0012
24.0012
24.0012
24.0012
24.0012
24.0012
24.0012
24.0012
24.0012
24.0012
24.0012
24.0013
24.0013
24.0013
24.0013
24.0013
24.0013
24.0013
24.0013
24.0013
24.0013
24.0013
24.0013
24.0013
24.0013
24.0013
24.0014
24.0014
24.0014
24.0013
24.0013
24.0013
24.0013
24.0013
24.0013
24.0013
24.0013
24.0011
24.0010
24.0008
24.0007
24.0007
24.0006
24.0005
24.0005
24.0005
24.0004
24.0004
24.0001
24.0000
24.0000
24.0001
24.0001
24.0001
24.0002
24.0002
24.0002
24.0002
24.0002
24.0002
24.0002
24.0002
24.0002
24.0002
24.0002
24.0002
24.0002
24.0002
24.0002
24.0002
24.0002
24.0002
24.0002
24.0002
24.0002
24.0002
24.0002
24.0002
24.0002
24.0002
24.0002
24.0002
24.0002
24.0002
24.0002
24.0002
24.0002
24.0002
24.0002
24.0002
24.0002
24.0002
24.0002
24.0002
24.0002
24.0002
24.0002
24.0002
24.0002
24.0002
24.0002
24.0002
24.0002
24.0002
24.0002
24.0002
24.0002
24.0002
24.0002
24.0002
24.0002
24.0002
24.0002
24.0002
24.0002
24.0002
24.0002
24.0002
24.0002
24.0002
24.0002
24.0002
24.0002
24.0002
24.0002
24.0002
24.0002
24.0002
24.0002
24.0002
24.0002
24.0002
24.0002
24.0002
24.0002
24.0002
24.0002
24.0002
24.0002
24.0002
24.0002
24.0002
24.0002
24.0002
24.0002
24.0002
24.0002
24.0002
24.0002
24.0002
24.0002
24.0002
24.0002
24.0002
24.0002
24.0002
24.0002
24.0002
24.0002
24.0002
24.0002
24.0002
24.0002
24.0002
24.0002
24.0002
24.0002
24.0002
24.0005
24.0005
24.0005
24.0005
24.0004
24.0004
24.0004
24.0004
24.0004
24.0004
24.0003
24.0003
24.0003
24.0005
24.0006
24.0007
24.0008
24.0008
24.0009
24.0009
24.0010
24.0010
24.0010
24.0010
24.0010
24.0011
24.0011
24.0011
24.0011
24.0011
24.0011
24.0011
24.0011
24.0011
24.0011
24.0011
24.0011
24.0011
24.0011
24.0011
24.0011
24.0011
24.0011
24.0011
24.0012
24.0012
24.0012
24.0012
24.0012
24.0012
24.0012
24.0012
24.0012
24.0012
24.0012
24.0012
24.0012
24.0012
24.0012
24.0012
24.0012
24.0012
24.0012
24.0012
24.0012
24.0012
24.0012
24.0012
24.0012
24.0012
24.0012
24.0012
24.0012
24.0012
24.0012
24.0012
24.0012
24.0012
24.0012
24.0013
24.0013
24.0013
24.0013
24.0013
24.0013
24.0013
24.0013
24.0013
24.0013
24.0013
24.0014
24.0014
24.0014
24.0014
24.0014
24.0014
24.0014
24.0014
24.0015
24.0015
24.0015
24.0015
24.0015
24.0015
24.0015
24.0015
24.0015
24.0015
24.0015
24.0015
24.0016
24.0016
24.0016
24.0016
24.0016
24.0016
24.0016
24.0016
24.0016
24.0016
24.0016
24.0015
24.0015
24.0015
24.0015
24.0015
24.0015
24.0015
24.0015
24.0015
24.0015
24.0015
24.0016
24.0015
24.0015
24.0015
24.0015
24.0015
24.0015
24.0015
24.0015
24.0015
24.0015
24.0015
24.0015
24.0015
24.0015
24.0015
24.0015
24.0015
24.0015
24.0015
24.0015
24.0015
24.0015
24.0015
24.0015
24.0015
24.0015
24.0015
24.0014
24.0014
24.0014
24.0014
24.0014
24.0014
24.0014
24.0014
24.0013
24.0013
24.0013
24.0013
24.0013
24.0013
24.0013
24.0013
24.0013
24.0013
24.0013
24.0013
24.0012
24.0012
24.0012
24.0012
24.0012
24.0012
24.0012
24.0011
24.0011
24.0011
24.0011
24.0011
24.0011
24.0011
24.0010
24.0010
24.0010
24.0010
24.0010
24.0010
24.0010
24.0010
24.0009
24.0009
24.0009
24.0009
24.0009
24.0009
24.0009
24.0008
24.0008
24.0008
24.0008
24.0008
24.0008
24.0008
24.0008
24.0008
24.0008
24.0008
24.0008
24.0008
24.0008
24.0008
24.0008
24.0008
24.0008
24.0008
24.0008
24.0008
24.0008
24.0008
24.0008
24.0008
24.0008
24.0008
24.0008
24.0008
24.0007
24.0007
24.0007
24.0007
24.0007
24.0007
24.0007
24.0007
24.0007
24.0007
24.0007
24.0007
24.0007
24.0007
24.0007
24.0007
24.0007
24.0008
24.0008
24.0008
24.0008
24.0008
24.0008
24.0008
24.0008
24.0008
24.0008
24.0008
24.0008
24.0008
24.0009
24.0009
24.0009
24.0009
24.0009
24.0009
24.0009
24.0009
24.0009
24.0009
24.0009
24.0009
24.0010
24.0010
24.0010
24.0010
24.0010
24.0010
24.0010
24.0010
24.0010
24.0010
24.0011
24.0011
24.0011
24.0011
24.0011
24.0011
24.0011
24.0011
24.0012
24.0012
24.0012
24.0012
24.0012
24.0012
24.0012
24.0012
24.0012
24.0012
24.0013
24.0013
24.0013
24.0013
24.0013
24.0013
24.0013
24.0013
24.0013
24.0013
24.0013
24.0013
24.0014
24.0014
24.0014
24.0014
24.0014
24.0014
24.0014
24.0014
24.0014
24.0014
24.0014
24.0013
24.0013
24.0013
24.0013
24.0013
24.0013
24.0013
24.0013
24.0013
24.0013
24.0013
24.0013
24.0013
24.0013
24.0013
24.0013
24.0013
24.0013
24.0013
24.0013
24.0013
24.0013
24.0013
24.0013
24.0013
24.0013
24.0013
24.0013
24.0013
24.0013
24.0013
24.0013
24.0013
24.0013
24.0013
24.0013
24.0013
24.0013
24.0013
24.0013
24.0013
24.0013
24.0013
24.0013
24.0013
24.0013
24.0013
24.0013
24.0013
24.0013
24.0013
24.0014
24.0014
24.0014
24.0014
24.0014
24.0014
24.0014
24.0014
24.0014
24.0014
24.0014
24.0014
24.0014
24.0014
24.0014
24.0015
24.0015
24.0015
24.0015
24.0015
24.0015
24.0015
24.0015
24.0015
24.0015
24.0015
24.0015
24.0015
24.0016
24.0016
24.0016
24.0016
24.0016
24.0016
24.0016
24.0016
24.0016
24.0016
24.0016
24.0016
24.0016
24.0016
24.0016
24.0017
24.0017
24.0017
24.0017
24.0017
24.0017
24.0017
23.7789
23.6559
23.5783
23.5278
23.4933
23.4690
23.4506
23.4365
23.4251
23.4157
23.4137
23.4143
23.4215
23.4346
23.4523
23.4727
23.4950
23.5184
23.5421
23.5656
23.5887
23.6112
23.6334
23.6553
23.6805
23.7031
23.7261
23.7484
23.7709
23.7921
23.8147
23.9919
24.0008
24.0013
24.0013
24.0013
24.0014
24.0014
24.0014
24.0014
24.0014
24.0015
24.0015
24.0015
24.0015
24.0016
24.0016
24.0016
24.0016
24.0017
24.0017
24.0017
24.0017
24.0017
24.0017
24.0017
24.0017
24.0017
24.0017
24.0017
24.0017
24.0017
24.0017
24.0017
24.0017
24.0017
24.0017
24.0017
24.0017
24.0017
24.0017
24.0018
24.0018
24.0017
24.0017
24.0017
24.0017
24.0017
24.0017
24.0016
24.0016
24.0016
24.0015
24.0015
24.0015
24.0015
24.0015
24.0014
24.0014
24.0014
24.0014
24.0014
24.0014
24.0014
24.0014
24.0013
24.0013
24.0013
24.0012
24.0012
24.0012
24.0012
24.0012
24.0011
24.0010
24.0010
24.0010
24.0010
24.0010
24.0010
24.0010
24.0011
24.0011
24.0011
24.0011
24.0011
24.0011
24.0011
24.0011
24.0011
24.0011
24.0011
24.0011
24.0010
24.0010
24.0010
24.0010
24.0010
24.0010
24.0010
24.0010
24.0010
24.0010
24.0010
24.0010
24.0011
24.0010
24.0010
24.0010
24.0010
24.0010
24.0010
24.0010
24.0010
24.0010
24.0009
24.0009
24.0008
24.0008
24.0008
24.0007
24.0004
24.0004
24.0004
24.0004
24.0004
24.0004
24.0004
24.0004
24.0004
24.0004
24.0004
24.0004
24.0004
24.0004
24.0004
24.0004
24.0004
24.0004
24.0004
24.0004
24.0004
24.0004
24.0004
24.0004
24.0004
24.0004
24.0004
24.0004
24.0004
24.0004
24.0004
24.0004
24.0004
24.0004
24.0004
24.0004
24.0005
24.0005
24.0005
24.0005
24.0005
24.0005
24.0005
24.0005
24.0005
24.0005
24.0005
24.0005
24.0005
24.0005
24.0005
24.0005
24.0005
24.1987
24.3101
24.3769
24.4182
24.4444
24.4613
24.4722
24.4792
24.4836
24.4860
24.4871
24.4872
24.4859
24.4834
24.4800
24.4758
24.4712
24.4661
24.4605
24.4546
24.4484
24.4419
24.4352
