25.0259
25.0340
25.0416
25.0489
25.0558
25.0623
25.0684
25.0741
25.0794
25.0842
25.0888
25.0929
25.0967
25.1001
25.1031
25.1058
25.1082
25.1104
25.1122
25.1138
25.1151
25.1161
25.1169
25.1175
25.1179
25.1181
25.1180
25.1177
25.1172
25.1165
25.1156
25.1146
25.1133
25.1119
25.1104
25.1087
25.1068
25.1048
25.1027
25.1005
25.0981
25.0956
25.0929
25.0902
25.0873
25.0844
25.0813
25.0781
25.0749
25.0715
25.0681
25.0645
25.0609
25.0573
25.0535
25.0497
25.0459
25.0419
25.0379
25.0338
25.0297
25.0272
25.0215
25.0170
25.0122
25.0071
25.0015
24.9953
24.9885
24.9813
24.9736
24.9655
24.9572
24.9503
24.9408
24.9330
24.9256
24.9186
24.9117
24.9048
24.8977
24.8906
24.8835
24.8763
24.8692
24.0484
24.0016
23.9999
23.9999
23.9999
23.9999
23.9999
23.9999
23.9999
23.9999
23.9999
23.9999
23.9999
23.9998
24.0000
24.0001
24.0002
24.0002
24.0001
24.0001
24.0002
24.0002
24.0003
24.0004
24.0005
24.0005
24.0006
24.0006
24.0007
24.0007
24.0007
24.0008
24.0008
24.0008
24.0008
24.0009
24.0009
24.0009
24.0009
24.0009
24.0009
24.0009
24.0010
24.0010
24.0010
24.0010
24.0010
24.0010
24.0010
24.0010
24.0010
24.0010
24.0009
24.0009
24.0008
24.0008
24.0007
24.0007
24.0007
24.0006
24.0006
24.0006
24.0006
24.0006
24.0006
24.0005
24.0005
24.0005
24.0005
24.0005
24.0005
24.0005
24.0005
24.0005
24.0006
24.0006
24.0007
24.0007
24.0008
24.0008
24.0008
24.0008
24.0009
24.0009
24.0009
24.0009
24.0009
24.0009
24.0009
24.0009
24.0010
24.0010
24.0010
24.0010
24.0010
24.0010
24.0010
24.0010
24.0010
24.0009
24.0008
24.0008
24.0007
24.0007
24.0007
24.0007
24.0008
24.0008
24.0014
24.0040
24.0075
24.0114
24.0154
24.0196
24.0237
24.0279
24.0321
24.0363
24.0405
24.0024
24.0005
24.0004
24.0004
24.0003
24.0003
24.0003
24.0003
24.0002
24.0002
24.0002
24.0002
24.0001
24.0001
24.0001
24.0001
24.0001
24.0001
24.0001
24.0001
24.0001
24.0001
24.0001
24.0001
24.0001
24.0001
24.0001
24.0001
24.0001
24.0001
24.0001
24.0000
24.0000
24.0000
24.0000
24.0000
24.0000
24.0000
24.0000
24.0000
24.0000
24.0000
24.0000
24.0000
24.0000
24.0000
24.0000
24.0000
24.0000
24.0000
24.0000
24.0000
24.0000
24.0000
24.0000
24.0000
24.0000
24.0000
24.0000
24.0000
24.0000
24.2940
24.4593
24.5582
24.6206
24.6620
24.6911
24.7131
24.7308
24.7460
24.7596
24.7723
24.7843
24.7959
24.8072
24.8181
24.8287
24.8390
24.8490
24.8587
24.8680
24.8771
24.8858
24.8942
24.9022
24.9100
24.9174
24.9245
24.9312
24.9377
24.9438
24.9496
24.9551
24.9603
24.9653
24.9699
24.9742
24.9782
24.9820
24.9855
24.9888
24.9918
24.9945
24.9970
24.9993
25.0014
25.0033
25.0050
25.0064
25.0077
25.0088
25.0098
25.0105
25.0111
25.0116
25.0118
25.0120
25.0119
25.0118
25.0115
25.0111
25.0105
25.0099
25.0091
25.0082
25.0072
25.0061
25.0050
25.0037
25.0024
25.0010
24.9995
24.9979
24.9962
24.9945
24.9927
24.9909
24.9889
24.9869
24.9848
24.9826
24.9804
24.9780
24.9756
24.9731
24.9722
24.9681
24.9651
24.9620
24.9586
24.9546
24.9502
24.9452
24.9398
24.9340
24.9279
24.9216
24.9168
24.9095
24.9037
24.8983
24.8930
24.8877
24.8823
24.8766
24.8707
24.8647
24.8585
24.8522
24.0467
24.0014
23.9998
23.9998
23.9998
23.9998
23.9998
23.9998
23.9998
23.9999
23.9999
23.9999
23.9997
23.9999
24.0001
24.0002
24.0003
24.0004
24.0005
24.0005
24.0006
24.0006
24.0007
24.0007
24.0008
24.0008
24.0008
24.0008
24.0008
24.0009
24.0009
24.0009
24.0009
24.0009
24.0009
24.0009
24.0004
24.0004
24.0003
24.0003
24.0003
24.0002
24.0002
24.0002
24.0002
24.0002
24.0002
24.0001
24.0001
24.0001
24.0001
24.0001
24.0001
24.0001
24.0001
24.0001
24.0001
24.0001
24.0001
24.0001
24.0001
24.0001
24.0002
24.0003
24.0004
24.0005
24.0006
24.0007
24.0007
24.0008
24.0008
24.0008
24.0009
24.0009
24.0009
24.0009
24.0009
24.0009
24.0009
24.0009
24.0009
24.0010
24.0010
24.0010
24.0010
24.0010
24.0010
24.0010
24.0010
24.0010
24.0009
24.0008
24.0008
24.0007
24.0007
24.0007
24.0006
24.0006
24.0006
24.0006
24.0007
24.0007
24.0007
24.0008
24.0008
24.0008
24.0009
24.0009
24.0009
24.0009
24.0009
24.0009
24.0009
24.0031
24.0066
24.0108
24.0153
24.0200
24.0247
24.0296
24.0424
24.0024
24.0005
24.0004
24.0004
24.0004
24.0003
24.0003
24.0003
24.0003
24.0002
24.0002
24.0002
24.0002
24.0002
24.0001
24.0001
24.0001
24.0001
24.0001
24.0001
24.0001
24.0001
24.0001
24.0001
24.0001
24.0001
24.0001
24.0001
24.0001
24.0001
24.0001
24.0000
24.0000
24.0000
24.0000
24.0000
24.0000
24.0000
24.0000
24.0000
24.0000
24.0000
24.0000
24.0000
24.0000
24.0000
24.0000
24.0000
24.0000
24.0000
24.0000
24.0000
24.0000
24.0000
24.0000
24.0000
24.0000
24.0000
24.0000
24.3092
24.4832
24.5877
24.6541
24.6985
24.7302
24.7543
24.7740
24.7910
24.8064
24.8207
24.8344
24.8475
24.8603
24.8727
24.8849
24.8967
24.9082
24.9193
24.9302
24.9407
24.9510
24.9609
24.9704
24.9797
24.9886
24.9972
25.0055
25.0135
25.0212
25.0286
25.0357
25.0425
25.0490
25.0552
25.0611
25.0667
25.0721
25.0773
25.0822
25.0868
25.0912
25.0954
25.0994
25.1032
25.1067
25.1101
25.1132
25.1162
25.1190
25.1216
25.1241
25.1264
25.1285
25.1304
25.1322
25.1337
25.1352
25.1364
25.1375
25.1384
25.1392
25.1399
25.1404
25.1408
25.1411
25.1412
25.1412
25.1411
25.1408
25.1405
25.1400
25.1395
25.1388
25.1380
25.1372
25.1362
25.1352
25.1340
25.1328
25.1315
25.1301
25.1287
25.1271
25.1279
25.1244
25.1222
25.1199
25.1172
25.1140
25.1101
25.1055
25.1004
25.0948
25.0889
25.0827
25.0017
25.0001
25.0000
25.0000
25.0000
25.0000
25.0000
25.0000
25.0000
25.0000
24.9993
24.9961
24.0605
24.0022
23.9999
23.9998
23.9998
23.9998
23.9998
23.9999
23.9999
23.9999
23.9999
23.9999
23.9998
23.9999
24.0001
24.0002
24.0003
24.0004
24.0005
24.0006
24.0006
24.0007
24.0007
24.0007
24.0008
24.0008
24.0008
24.0008
24.0009
24.0009
24.0009
24.0009
24.0009
24.0009
24.0009
24.0008
24.0008
24.0007
24.0007
24.0007
24.0007
24.0008
24.0008
24.0008
24.0008
24.0008
24.0007
24.0007
24.0006
24.0006
24.0006
24.0006
24.0006
24.0003
24.0002
24.0004
24.0005
24.0005
24.0005
24.0005
24.0006
24.0007
24.0008
24.0008
24.0007
24.0007
24.0007
24.0007
24.0007
24.0008
24.0008
24.0008
24.0009
24.0009
24.0009
24.0009
24.0009
24.0009
24.0009
24.0009
24.0009
24.0010
24.0010
24.0010
24.0010
24.0010
24.0010
24.0010
24.0010
24.0010
24.0010
24.0010
24.0010
24.0010
24.0009
24.0009
24.0008
24.0008
24.0008
24.0008
24.0009
24.0009
24.0009
24.0009
24.0009
24.0009
24.0009
24.0009
24.0009
24.0014
24.0041
24.0077
24.0118
24.0162
24.0207
24.0253
24.0301
24.0349
24.0398
24.0449
24.0045
24.0007
24.0004
24.0004
24.0003
24.0003
24.0003
24.0003
24.0002
24.0002
24.0002
24.0002
24.0002
24.0002
24.0001
24.0001
24.0001
24.0001
24.0001
24.0001
24.0001
24.0001
24.0001
24.0001
24.0001
24.0001
24.0001
24.0001
24.0001
24.0001
24.0001
24.0001
24.0001
24.0001
24.0001
24.0001
24.0001
24.0001
24.0000
24.0000
24.0000
24.0000
24.0000
24.0000
24.0000
24.0000
24.0000
24.0000
24.0000
24.0000
24.0000
24.0000
24.0000
24.0000
24.0000
24.0000
24.0000
24.0000
24.0000
24.0000
24.3375
24.5262
24.6401
24.7127
24.7618
24.7972
24.8245
24.8471
24.8669
24.8848
24.9017
24.9178
24.9333
24.9485
24.9632
24.9775
24.9915
25.0052
25.0184
25.0313
25.0438
25.0559
25.0676
25.0790
25.0899
25.1005
25.1107
25.1205
25.1300
25.1390
25.1477
25.1561
25.1640
25.1716
25.1789
25.1858
25.1924
25.1986
25.2046
25.2102
25.2155
25.2206
25.2253
25.2297
25.2339
25.2378
25.2414
25.2448
25.2480
25.2509
25.2535
25.2560
25.2582
25.2602
25.2620
25.2635
25.2648
25.2658
25.2667
25.2674
25.2679
25.2682
25.2683
25.2682
25.2680
25.2676
25.2670
25.2663
25.2654
25.2644
25.2632
25.2619
25.2605
25.2589
25.2573
25.2554
25.2535
25.2514
25.2492
25.2468
25.2444
25.2417
25.2390
25.2361
25.2348
25.2303
25.2268
25.2231
25.2190
25.2142
25.2088
25.2027
25.1961
25.1889
25.1814
25.1736
25.0043
25.0001
25.0000
25.0000
25.0000
25.0000
25.0000
25.0000
25.0000
25.0000
25.0000
25.0000
24.0619
24.0023
23.9998
23.9998
23.9998
23.9998
23.9998
23.9998
23.9998
23.9999
23.9999
23.9999
23.9998
23.9999
24.0000
24.0000
24.0001
24.0001
24.0003
24.0004
24.0005
24.0005
24.0006
24.0007
24.0007
24.0007
24.0008
24.0008
24.0008
24.0008
24.0009
24.0009
24.0009
24.0009
24.0009
24.0009
24.0009
24.0009
24.0009
24.0009
24.0009
24.0007
24.0006
24.0005
24.0005
24.0005
24.0004
24.0004
24.0004
24.0004
24.0004
24.0004
24.0005
24.0006
24.0006
24.0007
24.0007
24.0008
24.0008
24.0008
24.0009
24.0009
24.0008
24.0008
24.0007
24.0007
24.0007
24.0006
24.0006
24.0006
24.0006
24.0006
24.0006
24.0006
24.0006
24.0007
24.0007
24.0008
24.0008
24.0008
24.0008
24.0007
24.0007
24.0007
24.0006
24.0007
24.0007
24.0008
24.0014
24.0044
24.0083
24.0127
24.0174
24.0221
24.0270
24.0320
24.0370
24.0421
24.0472
24.0525
24.0576
24.0628
24.0680
24.0733
24.0786
24.0839
24.0893
24.0947
24.1001
24.1055
24.1108
24.1163
24.1218
24.1272
24.1327
24.1382
24.1438
24.1492
24.1548
24.1604
24.0089
24.0009
24.0005
24.0004
24.0004
24.0003
24.0003
24.0003
24.0002
24.0002
24.0002
24.0002
24.0002
24.0003
24.0003
24.0003
24.0002
24.0002
24.0002
24.0002
24.0001
24.0001
24.0001
24.0001
24.0001
24.0001
24.0001
24.0001
24.0001
24.0001
24.0001
24.0000
24.0000
24.0000
24.0000
24.0000
24.0000
24.0000
24.0000
24.0000
24.0000
24.0000
24.0000
24.0000
24.0000
24.0000
24.0000
24.0000
24.0000
24.0000
24.0000
24.0000
24.0000
24.0000
24.0000
24.0000
24.0000
24.0000
24.0000
24.0000
24.0001
24.0001
24.0001
24.0001
24.0001
24.0001
24.0001
24.0000
24.0000
24.0000
24.0000
24.0000
24.0000
24.0000
24.0000
24.0000
24.0000
24.0000
24.0000
24.0000
24.0000
24.0000
24.0000
24.0000
24.0000
24.0000
24.0000
24.0000
24.0000
24.0000
24.0000
24.0000
24.0000
24.0000
24.0000
24.0000
24.0000
24.0000
24.0000
24.0000
24.0000
24.0000
24.0000
24.0000
24.0000
24.0000
24.0000
24.0000
24.0000
24.0000
24.0000
24.0000
24.0000
24.0000
24.0000
24.0000
24.0000
24.0000
24.0000
24.0000
24.0000
24.0000
24.0000
24.0000
24.0000
24.0000
24.0000
24.0000
24.0000
24.0000
24.0000
24.0000
24.0000
24.0000
24.0000
24.0000
24.0000
24.0000
24.0000
24.0000
24.0000
24.0000
24.0000
24.0000
24.0000
24.0000
24.0000
24.0000
24.0000
24.0000
24.0000
24.0000
24.0000
24.0000
24.0000
24.0000
24.0000
24.0000
24.0000
24.0000
24.0000
24.0000
24.0000
24.0000
24.0000
24.0000
24.0000
24.0000
23.9998
23.9997
23.9997
23.9998
23.9998
23.9998
23.9998
23.9999
23.9999
23.9999
23.9999
23.9999
23.9999
23.9999
23.9999
23.9999
24.0000
24.0000
24.0000
24.0000
24.0000
24.0000
24.0000
24.0000
24.0000
24.0000
24.0000
24.0000
24.0000
24.0000
24.0000
24.0000
24.0000
24.0000
24.0000
24.0000
24.0000
24.0000
24.0000
24.0000
24.0000
24.0000
24.0000
24.0000
24.0000
24.0000
24.0000
24.0000
24.0000
24.0000
24.0000
24.0000
24.0000
24.0000
24.0000
24.0000
24.0000
24.0000
24.0000
24.0000
24.0000
24.0000
24.0000
24.0000
24.0000
24.0000
24.0000
24.0000
24.0000
24.0000
24.0000
24.0000
24.0000
24.0000
24.0000
24.0000
24.0000
24.0000
24.0000
24.0000
24.0000
24.0000
24.0000
24.0000
24.0000
24.0000
24.0000
24.0000
24.0000
24.0000
24.0000
24.0000
24.0000
24.0000
24.0000
24.0000
24.0000
24.0000
24.0000
24.0000
24.0000
24.0000
24.0000
24.0000
24.0000
24.0000
24.0000
24.0000
24.0000
24.0000
24.0000
24.0000
24.0000
24.0000
24.0000
24.0000
24.0000
24.0000
24.0000
24.0000
24.0002
24.0002
24.0002
24.0002
24.0001
24.0001
24.0001
24.0001
24.0001
24.0001
24.0001
24.0001
24.0001
24.0000
24.0000
24.0000
24.0000
24.0000
24.0000
24.0000
24.0000
24.0000
24.0000
24.0000
24.0000
24.0000
24.0000
24.0000
24.0000
24.0000
24.0000
24.0000
24.0000
24.0000
24.0000
24.0000
24.0000
24.0000
24.0000
24.0000
24.0000
24.0000
24.0000
24.0000
24.0000
24.0000
24.0000
24.0000
24.0000
24.0000
24.0000
24.0000
24.0000
24.0000
24.0000
24.0000
24.0000
24.0000
24.0000
24.0000
24.0000
24.0000
24.0000
24.0000
24.0000
24.0000
24.0000
24.0000
24.0000
24.0000
24.0000
24.0000
24.0000
24.0000
24.0000
24.0000
24.0000
24.0000
24.0000
24.0000
24.0000
24.0000
24.0000
24.0000
24.0000
24.0000
24.0000
24.0000
24.0000
24.0000
24.0000
24.0000
24.0000
24.0000
24.0000
24.0000
24.0000
24.0000
24.0000
24.0000
24.0000
24.0000
24.0000
24.0000
24.0000
24.0000
24.0000
24.0000
24.0000
24.0000
24.0000
24.0000
24.0000
24.0000
24.0000
24.0000
24.0000
24.0000
24.0000
24.0000
24.0000
24.0000
24.0000
24.0000
24.0000
24.0000
24.0000
24.0000
24.0000
24.0000
24.0000
24.0000
24.0000
24.0000
24.0000
24.0000
24.0000
24.0000
24.0000
24.0000
24.0000
24.0000
24.0000
24.0000
24.0000
24.0000
24.0000
24.0000
24.0000
24.0000
24.0000
24.0000
24.0000
24.0000
24.0000
24.0000
24.0000
24.0000
24.0000
24.0000
24.0000
24.0000
24.0000
24.0000
24.0000
24.0000
24.0000
24.0000
24.0000
24.0000
24.0000
24.0000
24.0000
24.0000
24.0000
24.0000
24.0000
24.0000
24.0000
24.0000
24.0000
24.0000
24.0000
24.0000
24.0000
24.0000
24.0000
24.0000
24.0000
24.0000
24.0000
24.0000
24.0000
24.0000
24.0000
24.0000
24.0000
24.0000
24.0000
24.0000
24.0000
24.0000
24.0000
24.0000
24.0000
24.0000
24.0000
24.0000
24.0000
24.0000
24.0000
24.0000
24.0000
24.0000
24.0000
24.0000
24.0000
24.0000
24.0000
24.0000
24.0000
24.0000
24.0000
24.0000
24.0000
24.0000
24.0000
24.0000
24.0000
24.0000
24.0000
24.0000
24.0000
24.0000
24.0000
24.0000
24.0000
24.0000
24.0000
24.0000
24.0000
24.0000
24.0000
24.0000
24.0000
24.0000
24.0000
24.0000
24.0000
24.0000
24.0000
24.0000
24.0000
24.0000
24.0000
24.0000
24.0000
24.0000
24.0000
24.0000
24.0000
24.0000
24.0000
24.0000
24.0000
24.0000
24.0000
24.0000
24.0000
24.0000
24.0000
24.0000
24.0000
24.0000
24.0000
24.0000
24.0000
24.0000
24.0000
24.0000
24.0000
24.0000
24.0000
24.0000
24.0000
24.0000
24.0000
24.0000
24.0000
24.0000
24.0000
24.0000
24.0000
24.0000
24.0000
24.0000
24.0000
24.0000
24.0000
24.0000
24.0000
24.0000
24.0000
24.0000
24.0000
24.0000
24.0000
24.0000
24.0000
24.0000
24.0000
24.0000
24.0000
24.0000
24.0000
24.0000
24.0000
24.0000
24.0000
24.0000
24.0000
24.0000
24.0000
24.0000
24.0000
24.0000
24.0000
24.0000
24.0000
24.0000
24.0000
24.0000
24.0000
24.0000
24.0000
24.0000
24.0000
24.0000
24.0000
24.0000
24.0000
24.0000
24.0000
24.0000
24.0000
24.0000
24.0000
24.0000
24.0000
24.0000
24.0000
24.0000
24.0000
24.0000
24.0000
24.0000
24.0000
24.0000
24.0000
24.0000
24.0000
24.0000
24.0000
24.0000
24.0000
24.0000
24.0000
24.0000
24.0000
24.0000
24.0000
24.0000
24.0000
24.0000
24.0000
24.0000
24.0000
24.0000
24.0000
24.0000
24.0000
24.0000
24.0000
24.0000
24.0000
24.0000
24.0000
24.0000
24.0000
24.0000
24.0000
24.0000
24.0000
24.0000
24.0000
24.0000
24.0000
24.0000
24.0000
24.0000
24.0000
24.0000
24.0000
24.0000
24.0000
24.0000
24.0000
24.0000
24.0000
24.0000
24.0000
24.0000
24.0000
24.0000
24.0000
24.0000
24.0000
24.0000
24.0000
24.0000
24.0000
24.0000
24.0000
24.0000
24.0000
24.0000
24.0000
24.0000
24.0000
24.0000
24.0000
24.0000
24.0963
24.1600
24.1966
24.2190
24.2330
24.2423
24.2490
24.2543
24.2590
24.2633
24.2676
24.2719
24.2774
24.2812
24.2864
24.2920
24.2978
24.3037
24.3094
24.3148
24.3201
24.3250
24.3298
24.3344
24.0109
24.0000
23.9998
23.9998
23.9998
23.9998
23.9998
23.9998
23.9998
23.9998
23.9998
23.9998
23.9998
23.9996
23.9997
23.9998
23.9999
24.0000
24.0002
24.0003
24.0004
24.0004
24.0005
24.0006
24.0006
24.0007
24.0007
24.0007
24.0007
24.0007
24.0006
24.0006
24.0006
24.0006
24.0007
24.0007
24.0007
24.0008
24.0008
24.0008
24.0008
24.0009
24.0009
24.0009
24.0009
24.0009
24.0009
24.0009
24.0009
24.0010
24.0010
24.0009
24.0009
24.0008
24.0008
24.0007
24.0007
24.0007
24.0006
24.0006
24.0006
24.0006
24.0006
24.0006
24.0006
24.0006
24.0005
24.0005
24.0005
24.0005
24.0005
24.0005
24.0005
24.0005
24.0005
24.0003
24.0002
24.0004
24.0004
24.0004
24.0005
24.0005
24.0005
24.0006
24.0006
24.0007
24.0007
24.0008
24.0008
24.0008
24.0009
24.0009
24.0009
24.0009
24.0009
24.0009
24.0010
24.0010
24.0010
24.0010
24.0010
24.0010
24.0010
24.0010
24.0010
24.0015
24.0052
24.0102
24.0158
24.0217
24.0278
24.0341
24.0403
24.0468
24.0534
24.0600
24.0667
24.0735
24.0328
24.0185
24.0141
24.0011
24.0004
24.0003
24.0003
24.0003
24.0003
24.0002
24.0002
24.0002
24.0002
24.0001
24.0001
24.0001
24.0001
24.0001
24.0001
24.0001
24.0001
24.0001
24.0000
24.0000
24.0000
24.0000
24.0000
24.0000
24.0000
24.0000
24.0000
24.0000
24.0000
24.0000
24.0000
24.0000
24.0000
24.0000
24.0000
24.0000
24.0000
24.0000
24.0000
24.0000
24.0000
24.0000
24.0000
24.0000
24.0000
24.0000
24.0000
24.0000
24.0000
24.0000
24.0000
24.0000
24.0000
24.0000
24.0000
24.0000
24.0000
24.0000
24.3777
24.5877
24.7138
24.7940
24.8480
24.8868
24.9165
24.9407
24.9615
24.9803
24.9977
25.0142
25.0301
25.0453
25.0601
25.0744
25.0883
25.1017
25.1147
25.1273
25.1394
25.1510
25.1623
25.1730
23.8346
23.2373
22.9552
22.8017
22.7043
22.6331
22.5753
22.5249
22.4790
22.4361
22.3955
22.3566
22.3193
22.2832
22.2483
22.2143
22.1813
22.1492
22.1178
22.0872
22.0573
22.0281
21.9995
21.9715
21.9439
21.9170
21.8906
21.8646
21.8391
21.8141
21.7895
21.7653
21.7415
21.7180
21.6949
21.6721
21.6496
21.6274
21.6056
21.5840
21.5627
21.5417
21.5209
21.5003
21.4800
21.4599
21.4400
21.4203
21.4008
21.3815
21.3623
21.3434
21.3246
21.3060
21.2876
21.2693
21.2511
21.2331
21.2152
21.1975
21.1799
21.1624
21.1450
21.1278
21.1107
21.0937
21.0769
21.0602
21.0437
21.0272
21.0110
20.9949
20.9792
20.9638
20.9488
20.9344
20.9203
20.9067
20.8934
20.8805
20.8678
20.8554
20.8433
20.8313
23.9338
25.7789
26.6136
26.6661
26.6688
26.6691
26.6693
26.6695
26.6696
26.6697
26.6698
26.6699
26.6699
26.6700
26.6700
26.6700
26.6741
26.7092
26.7158
26.7469
26.7904
26.8403
26.9362
27.0160
27.0866
27.1515
27.2123
27.2703
27.3261
27.3800
27.4324
27.4833
27.5331
27.5817
27.6293
27.6760
27.7218
27.7668
27.8111
27.8547
27.8976
27.9399
27.9816
28.0228
28.0635
28.1037
28.1435
28.1829
28.2219
28.2606
28.2989
28.3369
28.3747
28.4122
28.9890
28.7779
28.7047
28.6796
28.6799
28.6944
28.7170
28.7442
29.3191
29.0995
28.9885
28.9387
28.9218
29.4760
29.2413
28.4231
27.8704
27.4435
27.1390
28.2389
28.4638
28.6518
28.8260
28.9523
29.0479
29.1239
29.1875
29.2429
29.2925
29.8902
29.6822
29.6104
29.5858
29.5861
29.6002
29.6221
29.6483
29.6770
29.7018
29.7023
30.3565
29.7233
29.7030
29.7025
29.7025
29.7025
30.4209
29.7279
29.7033
29.7027
29.7027
29.7028
29.7028
29.7029
29.7029
30.5371
29.7364
29.7039
29.7030
29.7030
29.7030
29.7030
30.6038
29.7420
29.7041
29.7029
29.1665
28.7762
28.5007
28.3182
28.1950
28.1088
28.5895
28.2999
28.1463
28.6233
28.3101
28.1433
28.0421
27.9784
27.9367
27.9080
28.4228
28.1660
28.0392
27.9640
27.9179
27.8883
27.8682
27.8539
27.8430
27.8342
27.8269
27.8205
27.8148
28.3384
28.0946
27.9782
28.4718
28.1822
28.0373
27.9532
28.4506
28.1751
28.0386
27.9591
27.9115
27.8819
27.8627
27.8493
27.8393
27.8314
27.8247
27.8188
27.8134
28.3358
28.0923
27.9760
27.9085
27.8681
27.8428
27.8261
27.8143
28.3337
28.0877
27.9696
26.2311
25.5093
25.1662
24.9655
24.8295
24.7272
24.6416
24.5653
24.4948
24.4285
24.3653
24.3046
24.2461
24.1896
24.1348
24.0816
24.0300
23.9797
23.9307
23.8830
23.8365
23.7911
23.7467
23.7034
23.6610
23.6195
23.5788
23.5390
23.5000
23.4618
23.4242
23.3873
23.3511
23.3154
23.2804
23.2458
23.2119
23.1784
23.1455
23.1130
23.0810
23.0494
23.0183
22.9875
22.9571
22.9271
22.8975
22.8682
22.8392
22.8106
22.7823
22.7543
22.7265
22.6990
22.6718
22.6448
22.6180
22.5915
22.5652
22.5391
22.5132
22.4875
22.4620
22.4368
22.4117
22.3867
22.3620
22.3374
22.3130
22.2887
22.2646
22.2406
22.2167
22.1931
22.1695
22.1461
22.1229
22.0997
22.0767
22.0537
22.0309
22.0082
21.9856
21.9631
21.9407
21.9184
21.8963
21.8743
21.8526
21.8310
21.8096
21.7884
21.7674
21.7465
21.7259
21.7056
21.6856
21.6659
21.6468
21.6282
21.6102
21.5926
21.5754
21.5586
21.5422
21.5261
21.5103
21.4947
24.5802
26.5220
26.6638
26.6687
26.6690
26.6691
26.6692
26.6693
26.6693
26.6693
26.6694
26.6694
26.6695
26.7740
26.8899
26.9973
27.0957
27.1864
27.2706
27.3496
27.4243
27.4952
27.5630
27.6280
27.6905
27.7508
27.8092
27.8658
27.9207
27.9741
28.0262
28.0770
28.1266
28.1752
28.2228
28.2694
28.3152
28.3602
28.4044
28.4478
28.4907
28.5329
28.5745
28.6156
28.6207
29.1817
28.9641
28.8844
28.8540
28.8507
28.8626
28.8834
28.9096
28.9390
28.9702
29.5507
29.3404
29.2625
29.2647
29.8407
29.6090
29.5224
29.4884
29.4824
29.4923
29.5111
29.5352
29.5623
29.5912
29.6211
30.2591
29.7180
29.7024
29.7021
29.7022
29.7022
29.7023
29.7022
29.7023
29.7023
29.7023
29.7023
29.7023
29.7024
29.7025
29.7025
29.7026
29.7026
29.7027
29.7027
29.7028
29.7028
29.7029
29.7029
29.7030
29.7030
29.7029
29.7029
29.7028
29.7028
29.7029
29.7029
29.7030
29.7030
29.7030
29.7030
29.7030
29.7030
29.7030
29.7030
29.7031
29.7031
29.7031
29.7031
29.7031
29.7031
29.7031
29.7031
29.7030
29.7029
29.7029
29.2865
28.9897
28.7942
28.6634
28.5730
28.5079
28.4591
28.4212
28.3908
28.3656
28.3445
28.3264
28.3107
28.2969
28.2847
28.2739
28.2641
28.2553
28.2474
28.2401
28.2335
28.2274
28.2218
28.2166
28.2118
28.2072
28.2030
28.1989
28.1951
28.1913
28.1878
28.1843
28.1809
28.1776
28.1743
28.1711
28.1680
28.1648
28.1616
28.1585
28.1553
28.1522
28.1490
28.1459
28.1426
28.1394
28.1361
28.1328
28.1293
28.1259
28.1224
28.1188
28.1151
28.1114
28.1076
28.1037
28.0998
28.0958
28.0917
26.4150
25.7204
25.3881
25.1900
25.0556
24.9531
24.8664
24.7888
24.7168
24.6488
24.5839
24.5216
24.4614
24.4031
24.3465
24.2916
24.2382
24.1862
24.1356
24.0863
24.0381
23.9912
23.9453
23.9005
25.0707
25.6493
25.9748
26.1705
26.2941
26.3757
26.4317
26.4716
26.5009
26.5229
26.5398
26.5529
26.5632
26.5711
26.5773
26.5819
26.5852
26.5874
26.5887
26.5892
26.5889
26.5880
26.5864
26.5844
26.5819
26.5789
26.5755
26.5717
26.5674
26.5627
26.5577
26.5524
26.5467
26.5407
26.5345
26.5280
26.5212
26.5141
26.5069
26.4994
26.4917
26.4838
26.4757
26.4674
26.4589
26.4503
26.4416
26.4327
26.4237
26.4146
26.4053
26.3959
26.3864
26.3767
26.3669
26.3570
26.3470
26.3369
26.3267
26.3165
25.6328
25.6010
25.6000
25.6000
25.6000
25.6000
25.6000
25.6000
25.6000
25.6000
25.6000
25.6000
25.0303
25.0012
25.0001
25.0000
25.0000
25.0000
25.0000
25.0000
25.0000
25.0000
25.0000
25.0000
24.0749
24.0039
23.9998
23.9997
23.9997
23.9998
23.9998
23.9998
23.9998
23.9999
23.9999
23.9999
23.9999
24.0422
24.0903
24.1228
24.1454
24.1617
24.1738
24.1833
24.1904
24.1962
24.2009
24.2047
24.2078
24.2104
24.2125
24.2143
24.2157
24.2170
24.2180
24.2189
24.2198
24.2205
24.2212
24.2217
24.2398
24.2306
24.2250
24.1776
24.1573
24.1472
24.1416
24.1382
23.4713
23.1592
22.9890
22.8819
22.8055
22.7456
22.6957
22.6525
22.6142
23.2371
23.5179
23.7119
23.8170
23.8819
23.9265
23.9600
23.9871
24.0099
24.0299
24.0487
24.0643
24.0789
24.0924
24.1052
24.1172
24.1274
24.1390
24.1496
24.1596
24.1693
24.1786
24.1876
24.1962
24.2045
24.2128
24.2211
24.2291
24.2370
24.2438
24.2519
24.2595
24.2669
24.2741
24.2811
24.2880
24.2947
24.3012
24.3076
24.3138
24.3199
24.3259
24.3318
24.3376
24.3434
24.3491
24.3548
24.3604
24.3661
24.3717
24.3772
24.3828
24.3884
24.3939
24.3994
24.4049
24.4104
24.4159
24.4214
24.4269
24.4325
24.4380
24.4435
24.4491
24.4547
24.4603
24.4659
24.4255
23.7462
23.4326
23.2639
23.1593
23.0856
23.0285
22.9813
22.9406
22.9047
22.8723
22.8427
22.8154
22.7901
22.7663
22.7441
22.7231
22.7031
22.6840
22.6657
22.6481
22.6312
22.6149
22.5992
22.5839
22.5691
22.5546
22.5404
22.5266
22.5130
22.4996
22.4864
22.4734
22.4605
22.4478
22.4352
22.4227
22.4104
22.3981
22.3859
22.3739
22.3619
22.3500
22.3382
22.3265
22.3149
22.3033
22.2918
22.2803
22.2689
22.2575
22.2462
22.2348
22.2235
22.2122
22.2009
22.1896
22.1783
22.1670
22.1557
22.1449
22.1332
22.1213
22.1090
22.0965
22.0838
22.0710
22.0582
22.0455
23.0513
23.5761
23.8891
24.0898
24.2272
24.3270
24.4037
24.4657
24.5181
24.5638
24.6049
24.6424
24.6773
24.7100
24.7408
24.7699
24.7977
24.8241
24.8493
24.8734
24.8964
24.9183
24.9394
24.9594
24.9786
24.9970
25.0145
25.0312
25.0472
25.0624
25.0769
25.0907
25.1038
25.1163
25.1282
25.1394
25.1500
25.1601
25.1696
25.1786
25.1871
25.1951
25.2026
25.2097
25.2164
25.2227
25.2286
25.2340
25.2391
25.2438
25.2482
25.2523
25.2560
25.2595
25.2626
25.2655
25.2681
25.2705
25.2726
25.2745
25.2761
25.2775
25.2788
25.2798
25.2806
25.2812
25.2817
25.2819
25.2820
25.2819
25.2817
25.2813
25.2808
25.2801
25.2792
25.2803
25.2775
25.2760
25.2742
25.2720
25.2691
25.2655
25.2612
25.2563
25.2509
25.2450
25.2389
25.0066
25.0002
25.0000
25.0000
25.0000
25.0000
25.0000
25.0000
25.0000
25.0000
25.0000
25.0000
24.0633
24.0025
23.9999
23.9998
23.9998
23.9998
23.9998
23.9998
23.9998
23.9999
23.9999
23.9999
23.9999
23.9998
24.0000
24.0001
24.0003
24.0004
24.0004
24.0004
24.0005
24.0005
24.0005
24.0005
24.0006
24.0007
24.0007
24.0008
24.0008
24.0008
24.0008
24.0009
24.0009
24.0009
24.0009
24.0009
24.0009
24.0009
24.0009
24.0009
24.0009
24.0010
24.0010
24.0010
24.0010
24.0010
24.0010
24.0010
24.0010
24.0010
24.0010
24.0010
24.0009
24.0009
24.0008
24.0007
24.0007
24.0007
24.0006
24.0006
24.0006
24.0006
24.0006
24.0006
24.0005
24.0005
24.0005
24.0005
24.0006
24.0006
24.0006
24.0006
24.0006
24.0068
24.0133
24.0189
24.0249
24.0307
24.0366
24.0427
24.0494
24.0552
24.0613
24.0675
24.0739
24.0805
24.0869
24.0934
24.1000
24.1065
24.1130
24.1195
24.1261
24.1326
24.1390
24.1455
24.1520
24.1586
24.1652
24.1718
24.1783
24.1850
24.1916
24.1982
24.2048
24.2115
24.2182
24.2248
24.2315
24.2382
24.2448
24.2515
24.2582
24.2649
24.2716
24.2315
24.2175
24.2132
24.2135
24.0126
24.0010
24.0004
24.0003
24.0003
24.0002
24.0002
24.0002
24.0002
24.0001
24.0001
24.0001
24.0001
24.0001
24.0002
24.0002
24.0002
24.0002
24.0002
24.0001
24.0001
24.0001
24.0001
24.0001
24.0001
24.0001
24.0001
24.0001
24.0000
24.0000
24.0000
24.0000
24.0000
24.0000
24.0000
24.0000
24.0000
24.0000
24.0000
24.0000
24.0000
24.0000
24.0000
24.0000
24.0000
24.0000
24.0000
24.0000
24.0000
24.0000
24.0000
24.0000
24.0000
24.0000
24.0000
24.0000
24.0000
24.0000
24.0000
24.0000
24.0000
24.0002
24.0002
24.0002
24.0001
24.0001
24.0001
24.0001
24.0001
24.0001
24.0000
24.0000
24.0000
24.0000
24.0000
24.0000
24.0000
24.0000
24.0000
24.0000
24.0000
24.0000
24.0000
24.0000
24.0000
24.0000
24.0000
24.0000
24.0000
24.0000
24.0000
24.0000
24.0000
24.0000
24.0000
24.0000
24.0000
24.0000
24.0000
24.0000
24.0000
24.0000
24.0000
24.0000
24.0000
24.0000
24.0000
24.0000
24.0000
24.0000
24.0000
24.0000
24.0000
24.0000
24.0000
24.0000
24.0000
24.0000
24.0000
24.0000
24.0000
24.0000
24.0000
24.0000
24.0000
24.0000
24.0000
24.0000
24.0000
24.0000
24.0000
24.0000
24.0000
24.0000
24.0000
24.0000
24.0000
24.0000
24.0000
24.0000
24.0000
24.0000
24.0000
24.0000
24.0000
24.0000
24.0000
24.0000
24.0000
24.0000
24.0000
24.0000
24.0000
24.0000
24.0000
24.0000
24.0000
24.0000
24.0000
24.0000
24.0000
24.0000
24.0000
24.0000
24.0000
24.0000
24.0000
24.0000
24.0000
23.9998
23.9998
23.9998
23.9998
23.9998
23.9998
23.9999
23.9999
23.9999
23.9999
23.9999
23.9999
23.9999
23.9999
24.0000
24.0000
24.0000
24.0000
24.0000
24.0000
24.0000
24.0000
24.0000
24.0000
24.0000
24.0000
24.0000
24.0000
24.0000
24.0000
24.0000
24.0000
24.0000
24.0000
24.0000
24.0000
24.0000
24.0000
24.0000
24.0000
24.0000
24.0000
24.0000
24.0000
24.0000
24.0000
24.0000
24.0000
24.0000
24.0000
24.0000
24.0000
24.0000
24.0000
24.0000
24.0000
24.0000
24.0000
24.0000
24.0000
24.0000
24.0000
24.0000
24.0000
24.0000
24.0000
24.0000
24.0000
24.0000
24.0000
24.0000
24.0000
24.0000
24.0000
24.0000
24.0000
24.0000
24.0000
24.0000
24.0000
24.0000
24.0000
24.0000
24.0000
24.0000
24.0000
24.0000
24.0000
24.0000
24.0000
24.0000
24.0000
24.0000
24.0000
24.0000
24.0000
24.0000
24.0000
24.0000
24.0000
24.0000
24.0000
24.0000
24.0000
24.0000
24.0000
24.0000
24.0000
24.0000
24.0000
24.0000
24.0000
24.0000
24.0000
24.0000
24.0000
24.0000
24.0000
24.0000
24.0000
24.0002
24.0002
24.0002
24.0002
24.0002
24.0002
24.0001
24.0001
24.0001
24.0001
24.0001
24.0001
24.0001
24.0000
24.0000
24.0000
24.0000
24.0000
24.0000
24.0000
24.0000
24.0000
24.0000
24.0000
24.0000
24.0000
24.0000
24.0000
24.0000
24.0000
24.0000
24.0000
24.0000
24.0000
24.0000
24.0000
24.0000
24.0000
24.0000
24.0000
24.0000
24.0000
24.0000
24.0000
24.0000
24.0000
24.0000
24.0000
24.0000
24.0000
24.0000
24.0000
24.0000
24.0000
24.0000
24.0000
24.0000
24.0000
24.0000
24.0000
24.0000
24.0000
24.0000
24.0000
24.0000
24.0000
24.0000
24.0000
24.0000
24.0000
24.0000
24.0000
24.0000
24.0000
24.0000
24.0000
24.0000
24.0000
24.0000
24.0000
24.0000
24.0000
24.0000
24.0000
24.0000
24.0000
24.0000
24.0000
24.0000
24.0000
24.0000
24.0000
24.0000
24.0000
24.0000
24.0000
24.0000
24.0000
24.0000
24.0000
24.0000
24.0000
24.0000
24.0000
24.0000
24.0000
24.0000
24.0000
24.0000
24.0000
24.0000
24.0000
24.0000
24.0000
24.0000
24.0000
24.0000
24.0000
24.0000
24.0000
24.0000
24.0000
24.0000
24.0000
24.0000
24.0000
24.0000
24.0000
24.0000
24.0000
24.0000
24.0000
24.0000
24.0000
24.0000
24.0000
24.0000
24.0000
24.0000
24.0000
24.0000
24.0000
24.0000
24.0000
24.0000
24.0000
24.0000
24.0000
24.0000
24.0000
24.0000
24.0000
24.0000
24.0000
24.0000
24.0000
24.0000
24.0000
24.0000
24.0000
24.0000
24.0000
24.0000
24.0000
24.0000
24.0000
24.0000
24.0000
24.0000
24.0000
24.0000
24.0000
24.0000
24.0000
24.0000
24.0000
24.0000
24.0000
24.0000
24.0000
24.0000
24.0000
24.0000
24.0000
24.0000
24.0000
24.0000
24.0000
24.0000
24.0000
24.0000
24.0000
24.0000
24.0000
24.0000
24.0000
24.0000
24.0000
24.0000
24.0000
24.0000
24.0000
24.0000
24.0000
24.0000
24.0000
24.0000
24.0000
24.0000
24.0000
24.0000
24.0000
24.0000
24.0000
24.0000
24.0000
24.0000
24.0000
24.0000
24.0000
24.0000
24.0000
24.0000
24.0000
24.0000
24.0000
24.0000
24.0000
24.0000
24.0000
24.0000
24.0000
24.0000
24.0000
24.0000
24.0000
24.0000
24.0000
24.0000
24.0000
24.0000
24.0000
24.0000
24.0000
24.0000
24.0000
24.0000
24.0000
24.0000
24.0000
24.0000
24.0000
24.0000
24.0000
24.0000
24.0000
24.0000
24.0000
24.0000
24.0000
24.0000
24.0000
24.0000
24.0000
24.0000
24.0000
24.0000
24.0000
24.0000
24.0000
24.0000
24.0000
24.0000
24.0000
24.0000
24.0000
24.0000
24.0000
24.0000
24.0000
24.0000
24.0000
24.0000
24.0000
24.0000
24.0000
24.0000
24.0000
24.0000
24.0000
24.0000
24.0000
24.0000
24.0000
24.0000
24.0000
24.0000
24.0000
24.0000
24.0000
24.0000
24.0000
24.0000
24.0000
24.0000
24.0000
24.0000
24.0000
24.0000
24.0000
24.0000
24.0000
24.0000
24.0000
24.0000
24.0000
24.0000
24.0000
24.0000
24.0000
24.0000
24.0000
24.0000
24.0000
24.0000
24.0000
24.0000
24.0000
24.0000
24.0000
24.0000
24.0000
24.0000
24.0000
24.0000
24.0000
24.0000
24.0000
24.0000
24.0000
24.0000
24.0000
24.0000
24.0000
24.0000
24.0000
24.0000
24.0000
24.0000
24.0000
24.0000
24.0000
24.0000
24.0000
24.0000
24.0000
24.0000
24.0000
24.0000
24.0000
24.0000
24.0000
24.0000
24.0000
24.0000
24.0000
24.0000
24.0000
24.0000
24.0000
24.0000
24.0000
24.0000
24.0000
24.0000
24.0000
24.0000
24.0000
24.0000
24.0000
24.0000
24.0000
24.0000
24.0000
24.0000
24.0000
24.0000
24.0000
24.0000
24.0000
24.0000
24.0000
24.0000
24.0000
24.0000
24.0000
24.0000
24.0000
24.0000
24.0000
24.0000
24.0000
24.0000
24.0000
24.0000
24.0000
24.0000
24.0000
24.0000
24.0000
24.0000
24.0000
24.0000
24.0000
24.0000
24.0000
24.0000
24.0000
24.0000
24.0000
24.0000
24.0000
24.0000
24.0000
24.0000
24.0000
24.0000
24.0000
24.0000
24.0000
24.0000
24.0000
24.0822
24.1348
24.1654
24.1838
24.1945
24.2002
24.2025
24.2024
24.2005
24.1972
24.1928
24.1879
24.1828
24.1778
24.1729
24.1683
24.1638
24.1595
24.1551
24.1508
24.1465
24.1422
24.1380
24.1338
24.0029
23.9998
23.9998
23.9998
23.9998
23.9998
23.9998
23.9998
23.9998
23.9998
23.9998
23.9998
23.9995
23.9996
23.9998
23.9999
24.0000
24.0001
24.0002
24.0003
24.0003
24.0003
24.0004
24.0004
24.0005
24.0006
24.0006
24.0007
24.0007
24.0007
24.0008
24.0008
24.0008
24.0009
24.0009
24.0009
24.0009
24.0009
24.0009
24.0009
24.0009
24.0009
24.0010
24.0010
24.0010
24.0010
24.0010
24.0010
24.0010
24.0010
24.0010
24.0010
24.0010
24.0009
24.0008
24.0008
24.0008
24.0007
24.0007
24.0007
24.0006
24.0006
24.0006
24.0006
24.0006
24.0006
24.0006
24.0006
24.0005
24.0005
24.0006
24.0006
24.0007
24.0007
24.0007
24.0008
24.0008
24.0008
24.0009
24.0009
24.0009
24.0009
24.0009
24.0009
24.0009
24.0010
24.0010
24.0010
24.0010
24.0010
24.0010
24.0010
24.0010
24.0010
24.0010
24.0010
24.0010
24.0010
24.0010
24.0010
24.0010
24.0010
24.0010
24.0010
24.0010
24.0010
24.0010
24.0010
24.0010
24.0010
24.0010
24.0010
24.0010
24.0010
24.0010
24.0010
24.0010
24.0010
24.0010
24.0010
24.0009
24.0004
24.0004
24.0003
24.0003
24.0003
24.0002
24.0002
24.0002
24.0002
24.0001
24.0001
24.0001
24.0001
24.0001
24.0001
24.0001
24.0001
24.0001
24.0001
24.0001
24.0001
24.0001
24.0001
24.0001
24.0001
24.0000
24.0000
24.0000
24.0000
24.0000
24.0000
24.0000
24.0000
24.0000
24.0000
24.0000
24.0000
24.0000
24.0000
24.0000
24.0000
24.0000
24.0000
24.0000
24.0000
24.0000
24.0000
24.0000
24.0000
24.0000
24.0000
24.0000
24.0000
24.0000
24.0000
24.0000
24.0000
24.0000
24.0000
24.3227
24.5011
24.6089
24.6772
24.7225
24.7537
24.7760
24.7924
24.8050
24.8147
24.8225
24.8287
24.8338
24.8379
24.8412
24.8438
24.8458
24.8474
24.8485
24.8492
24.8495
24.8495
24.8492
