2704.1135
2705.5384
2697.7251
2699.4319
2700.5175
2702.0145
2702.9719
2703.8387
2704.6085
2705.2942
2705.8982
2706.4239
2706.8747
2707.2530
2707.5652
2707.8218
2708.0375
2708.2097
2708.3374
2708.4093
2708.4439
2708.4410
2708.4140
2708.3543
2708.2595
2708.1307
2707.9708
2707.7592
2707.5200
2707.2580
2706.9792
2706.6684
2706.3300
2705.9745
2705.5981
2705.2011
2704.7931
2704.3656
2703.9184
2703.4537
2702.9627
2702.4670
2701.9576
2701.4225
2700.8743
2700.3099
2699.7496
2699.1781
2698.5928
2697.9964
2696.9704
2696.3866
2695.7721
2695.1522
2694.5271
2693.9211
2693.2946
2692.6532
2691.9554
2691.2693
2690.6069
3253.5824
3021.8714
3007.2647
2994.5488
2984.2284
2975.4070
2967.6137
2960.6091
2954.2213
2948.2587
2942.5743
2937.3244
3430.7828
3233.0590
3216.9059
3203.8884
3193.4972
3184.7473
3177.1642
3170.5223
3164.5982
3159.2637
3154.4417
3150.0708
4138.5223
4218.2459
4153.9258
4112.6560
4108.3557
4099.5807
4092.5969
4396.4974
4462.6845
4548.6600
4588.3949
4606.1289
4628.8868
4813.4328
4815.2667
4833.2450
4854.1093
4869.3695
4785.3645
4804.2652
4914.6427
4925.7319
4949.0380
4963.4533
4941.4017
4957.3511
4970.3288
4984.0886
4996.9386
5002.1220
5015.8487
5029.2860
5042.7977
5043.4095
5058.9272
5073.9745
5078.9119
5134.7734
5122.8663
5049.4066
5072.2528
5090.3992
5113.6313
5139.4931
5149.3126
5167.8703
5169.9772
5180.7197
5190.7332
5200.7360
5210.7629
5057.1529
5053.5204
5222.7176
5198.4773
5178.1825
5178.6158
5179.8543
5239.2150
5258.0219
5224.4431
5272.9540
5355.1071
5362.1367
5372.1368
5381.5812
5400.3637
5412.2705
5425.7816
5440.3212
5447.6620
5464.4888
5481.6622
5483.5705
5506.4946
5552.4573
5580.7586
5602.6887
5612.6341
5629.4260
5652.9458
5675.2590
5697.1509
5710.0564
5720.0240
5742.1541
5756.6291
5762.0608
5767.1183
5771.0062
5775.6831
5755.0341
5759.6825
5760.4934
5761.0861
5761.2494
5756.6947
5754.5219
5744.4903
5738.9823
5733.9154
5736.6696
5734.8518
5745.1465
5747.1166
5736.2972
5739.8786
5742.8560
5739.7147
5722.5538
5719.4590
5715.4608
5703.1340
5699.4455
5687.5440
5672.6355
5656.3186
5638.8029
5620.2529
5485.6901
5460.4667
5333.2922
5314.2659
5287.7267
5169.1398
5152.2652
5134.2732
4602.8092
4593.3039
4565.5695
4382.4787
4364.1184
4292.2796
4204.2679
4183.0828
4160.5911
4139.5252
4119.3473
4101.6045
4085.1810
4069.5616
4055.4433
4042.5512
4030.0837
4020.6974
4011.2994
4002.2894
3993.4246
3984.7809
3976.2148
3967.7710
3959.4549
3950.7842
3942.7727
3935.1880
3926.7487
3917.3650
3913.1060
3903.6674
3894.4578
3885.9427
3877.8476
3869.0594
3859.8502
3850.5158
3841.2832
3831.9832
3822.7759
3815.0566
3782.0678
3776.7399
3769.8936
3763.5213
3756.9290
3749.6719
3743.0961
3736.5099
3729.9733
3723.4835
3717.0405
2525.8020
2610.1864
2608.9882
2612.5584
2615.0793
2617.2462
2619.5365
2636.2234
2646.9392
2650.5676
2654.0487
2657.2054
2660.0349
2662.6947
2665.1433
2667.3236
2669.5246
2671.5344
2673.4248
2675.2594
2676.9774
2678.6180
2680.3667
2682.0576
2683.5210
2675.5579
2677.4985
2678.7660
2679.9468
2681.0683
2682.1081
2683.0678
2683.9640
2684.7992
2685.5748
2686.3000
2686.9715
2687.5929
2688.1638
2688.6863
2689.1636
2689.5982
2689.9923
2690.3498
2690.6723
2690.9594
2691.2116
2691.4313
2691.6210
2691.7829
2691.9170
2692.0238
2692.1045
2692.1599
2692.1917
2692.2008
2692.1890
2692.1566
2692.1035
2692.0322
2691.9450
2691.8411
2691.7227
2691.5912
2691.4473
2691.2913
2691.1237
2690.9489
2690.7563
2690.5591
2690.3522
2690.1274
2689.8958
2689.6590
2689.4053
2689.1313
2688.8376
2688.5387
2688.2219
2687.8859
2687.5332
2687.1385
2686.7578
2686.3676
3238.7070
3013.7318
3000.1478
2987.8868
2978.4540
2970.4690
2963.5033
2957.3182
2951.7435
2946.5964
2941.7196
2937.2881
3429.0952
3234.7156
3219.7022
3207.6766
3198.1648
3190.1762
3183.2645
3177.0745
3171.5064
3166.3762
3161.6857
3157.2768
4090.2760
4191.5164
4134.4995
4086.1622
4077.7309
4065.0717
4057.2088
4051.3858
4183.0422
4233.5906
4543.5624
4557.9986
4718.4292
4773.1140
4796.5121
4828.1076
4866.4286
4889.0128
4901.0211
4942.5009
4958.6918
4977.2748
4994.4982
5011.0763
5027.7719
5044.4012
5060.9676
5077.4784
5093.9146
5110.2802
5123.8717
5137.6283
5149.5280
5160.7221
5163.7014
5174.8893
5103.3184
5042.6109
5060.4874
4819.6901
4837.6630
4838.3565
4844.6535
5108.5187
5114.7350
5132.3587
5148.2891
5163.9381
5173.5260
5182.3280
5190.7392
5198.9077
5198.8673
5206.8514
5212.6844
5225.6274
5229.7647
5233.8780
5237.5613
5240.8443
5310.6526
5361.2827
5366.8207
5373.7082
5379.5904
5385.5146
5402.7404
5397.4979
5410.5304
5423.1478
5428.3428
5442.4315
4964.3044
4860.6574
4853.5126
4810.3322
4824.4722
4844.3332
4855.1970
4872.5120
4925.9007
4945.1974
4958.1500
4971.2805
4983.4042
4987.5179
5007.0845
5017.8421
5029.3186
5033.0029
5044.3889
4983.7682
4992.4278
4999.3110
5006.1962
5013.2579
5020.5044
5027.6262
5033.1111
5039.0473
5040.2642
5043.3285
5045.5994
5104.2652
5107.3365
5110.4605
5104.7395
5114.3074
5114.0217
5056.9403
5054.5155
5120.9306
5106.1623
5105.1889
5100.2583
5093.8099
5086.4597
5078.2950
5069.3877
5059.7819
5855.5245
5626.0344
5612.4344
5526.1009
5408.8769
5377.0639
5321.2482
5011.5138
4982.7201
4889.2904
4694.2157
4665.6142
4634.0573
4378.5136
4352.9624
4321.8952
4293.7606
4267.3000
4246.0471
4227.3801
4210.0615
4193.8466
4178.5427
4163.4691
4149.7379
4136.1377
4123.3986
4111.3695
4100.5995
4087.5828
4075.0082
4064.2779
4052.9492
4041.8337
4031.2018
4020.8241
4011.9273
4003.3508
3995.0632
3987.3409
3980.0118
3972.8244
3965.7620
3958.5420
3950.4935
3941.9590
3933.5209
3925.2150
3917.0827
3882.8824
3877.0605
3869.4112
3861.8968
3854.4579
3847.1788
3839.9610
3833.2054
3826.6448
3819.8082
3812.8374
2529.0861
2615.9285
2614.5533
2618.3627
2621.2490
2623.5226
2633.1399
2654.1862
2658.3581
2662.5503
2666.2963
2669.6878
2672.8044
2675.5932
2678.3125
2680.8364
2683.2777
2685.6862
2687.9745
2690.1328
2692.2364
2694.2549
2696.1881
2698.0368
2699.8029
2692.5656
2694.8128
2696.4217
2697.9202
2699.3743
2700.7198
2701.9883
2703.1959
2704.3429
2705.4322
2706.4491
2707.4171
2708.3391
2709.2146
2710.0453
2710.8334
2711.5805
2712.3210
2712.9906
2713.6277
2714.2303
2714.7895
2715.3209
2715.8215
2716.2949
2716.7359
2717.1405
2717.5090
2717.8420
2718.3331
2718.8031
2719.0872
2719.3279
2719.5252
2719.6811
2719.7979
2719.8768
2719.9199
2719.9289
2719.9028
2719.8476
2719.7587
2719.6397
2719.4904
2719.3194
2719.1212
2718.8959
2718.6454
2718.3755
2718.1647
2717.9367
2717.6921
2717.4440
2717.1797
2716.8971
2716.5982
2716.2587
2715.9317
2715.5793
3532.1009
3258.4749
3241.7979
3227.8640
3216.8427
3207.5613
3199.4655
3192.2722
3185.7811
3179.7799
3174.0878
3168.9383
3706.6954
3495.5353
3477.6621
3463.6215
3452.3585
3442.7083
3434.1130
3426.3307
3419.2020
3412.5237
3406.2353
3400.5370
4361.2763
4655.8187
4626.1041
4595.9823
4584.8197
4574.5618
4633.1784
4748.7132
4758.5120
4766.0829
4820.6769
4835.9145
4983.2529
5056.8113
5027.5549
5010.1403
5013.8926
5072.2355
5096.6998
5104.8398
5118.1928
5096.5369
5184.6851
5195.9539
5203.9319
5229.6393
5241.5591
5246.2251
5259.1491
5276.8771
5283.6021
5288.0901
5299.8204
5289.3172
5289.6350
5291.6974
5293.4208
5294.7281
5290.6672
5299.3753
5307.4648
5320.2621
5314.6274
5326.1731
5329.9531
5342.9829
5356.1709
5369.9220
5384.1075
5398.7080
5413.8498
5429.3494
5437.0560
5333.0213
5329.9241
5437.0590
5440.8682
5449.4020
5457.1435
5463.0916
7112.0719
7079.8520
7088.3516
7087.4863
7085.6637
7093.4669
7103.1992
7132.0338
7136.0720
7150.1044
7156.3232
7169.5602
7193.8305
7097.9502
7217.1667
7246.1312
7284.5416
7306.1389
7328.6259
7352.0409
7384.9926
7397.0239
7409.0332
7401.3513
7400.7388
7305.5870
7308.6922
7314.5986
7322.0145
7330.8356
7345.7293
7355.6180
7374.1299
7392.6780
7344.4447
7360.3344
7377.5766
7403.8986
7421.4956
7439.1565
7456.7836
7474.1735
7487.1221
7498.0645
7508.0763
7517.0794
7525.6179
7533.3340
7539.3603
7544.7916
7549.3720
7553.3499
7556.6623
7559.2458
7554.2261
7545.5719
7536.6827
7516.6601
7494.8781
7480.7140
7462.8261
7283.7599
7252.5479
7211.0287
6881.2185
6838.8591
6803.5493
6469.9351
6427.4920
6389.4921
6412.6369
6387.1870
6359.7244
6079.8632
6041.8685
6007.6591
5974.7602
5942.3175
5919.0657
5899.5763
5881.2862
5863.7889
5847.0218
5830.9160
5815.7961
5798.5753
5784.0125
5770.8386
5758.2037
5746.0338
5734.2779
5722.9214
5711.9997
5701.4771
5691.1492
5680.7823
5672.2712
5664.4353
5657.0397
5650.3143
5643.8223
5637.4887
5631.2852
5625.2024
5619.1761
5613.2492
5607.4207
5601.7273
5596.1066
5565.0383
5560.4461
5553.4458
5546.3675
5539.3287
5532.3505
5525.4399
5518.5893
5511.7932
5505.0460
5498.3446
3998.7377
4029.1996
4036.6283
4044.5028
4052.2578
4059.2895
4065.9712
4097.8022
4104.7287
4109.5948
4113.8830
4117.7962
4121.3970
4124.7638
4127.7629
4130.5285
4133.2668
4135.9903
4138.6364
4141.1940
4143.6466
4146.0113
4148.2935
4150.4925
4148.5410
4142.5799
4145.4690
4147.9565
4150.2523
4152.4872
4154.5544
4156.4996
4158.3553
4160.1196
4161.7956
4163.3574
4164.8412
4166.2516
4167.5870
4168.8654
4170.0761
4171.2234
4172.3599
4173.3867
4174.3569
4175.2690
4176.1081
4176.8946
4177.6317
4178.3316
4178.9667
4179.5400
4180.0624
4180.5350
4180.9565
4181.3244
4181.6349
4181.8918
4182.0980
4182.2577
4182.3700
4182.4363
4182.4595
4182.4360
4182.3719
4182.2758
4182.1421
4181.9703
4181.7497
4181.5059
4181.2306
4180.9210
4180.5994
4180.2490
4179.8643
4179.4479
4178.9979
4178.5177
4178.0085
4177.4722
4176.9102
4176.2719
4175.6357
4174.9979
4894.9869
4648.4344
4612.4556
4595.0773
4581.2499
4569.6479
4559.6668
4550.8831
4542.9414
4535.7097
4528.9269
4522.6960
5131.2543
4923.6580
4889.8278
4872.1800
4857.9185
4845.8673
4835.3793
4826.1530
4817.8941
4810.4320
4803.6657
4797.5147
5977.8018
5798.9411
5771.1837
5712.5118
5928.2570
6053.6515
5832.6772
6460.1346
6493.5132
6519.1047
6533.4208
6554.5124
6709.9239
6753.2681
6787.3807
6804.0886
6812.1514
6836.6133
6840.6641
6868.7666
6879.2498
6889.3408
6907.6113
6917.0033
6923.9057
6923.4771
6932.0485
6940.3560
6948.4439
6947.8443
6968.0326
6981.3514
6995.2152
7000.8155
7015.3394
7030.1212
7045.1874
7060.5017
7084.7231
7091.8920
6522.8506
6221.4021
5981.5699
5835.3183
5738.0372
5679.1949
5629.5841
5606.7855
5591.2395
5591.9597
5589.6326
5599.8975
5595.8801
5602.7127
5532.4559
5542.9851
5549.7661
5557.3934
5565.3255
5565.0090
5573.7147
5386.8382
5397.0124
5398.7400
5402.2175
5407.3012
5413.2435
5412.7274
5421.5694
5430.5462
5623.6045
5631.9402
5648.8738
5656.4255
5726.4655
5757.4068
5790.4415
5806.6175
5817.7578
5822.6189
5816.8022
5813.1382
5826.5303
5828.1457
5830.5552
5833.4384
5846.0575
5853.7070
5862.2394
5870.0623
5878.7288
5888.2842
5903.6499
5913.6045
5923.8958
5934.1147
5944.3317
5954.4890
5964.5374
5988.2773
5997.5288
6007.7420
6012.4134
6014.7988
6015.5672
6015.2217
6014.1998
6015.2110
6013.2679
6009.3128
5990.9713
5986.2415
5976.8260
5969.1767
5961.2738
5952.7348
5943.7538
5925.9616
5916.4255
5906.1709
5795.7921
5742.7345
5698.9087
5676.1803
5566.1725
5541.4968
5522.1796
5247.3168
5223.4973
5149.5656
5130.6949
5111.2880
8160.7773
8160.7773
8160.7773
8160.7773
8160.7773
8160.7773
8160.7773
8160.7773
8160.7773
8160.7773
8160.7773
8160.7773
8160.7773
8160.7773
8160.7773
8160.7773
8160.7773
8160.7773
8160.7773
8160.7773
8160.7773
8160.7773
8160.7773
8160.7773
8160.7773
8160.7773
8160.7773
8160.7773
8160.7773
8160.7773
8160.7773
8160.7773
8160.7773
8160.7773
8160.7773
8160.7773
8160.7773
8160.7773
8160.7773
8160.7773
8160.7773
8160.7773
8160.7773
8160.7773
8160.7773
8160.7773
8160.7773
8160.7773
8160.7773
8160.7773
8160.7773
8160.7773
8160.7773
8160.7773
8160.7773
8160.7773
8160.7773
8160.7773
8160.7773
8160.7773
8160.7773
8160.7773
8160.7773
8160.7773
8160.7773
8160.7773
8160.7773
8160.7773
8160.7773
8160.7773
8160.7773
8160.7773
8160.7773
8160.7773
8160.7773
8160.7773
8160.7773
8160.7773
8160.7773
8160.7773
8160.7773
8160.7773
8160.7773
8160.7773
8160.7773
8160.7773
8160.7773
8160.7773
8160.7773
8160.7773
8160.7773
8160.7773
8160.7773
8160.7773
8160.7773
8160.7773
8160.7773
8160.7773
8160.7773
8160.7773
8160.7773
8160.7773
8160.7773
8160.7773
8160.7773
8160.7773
8160.7773
8160.7773
8160.7773
8160.7773
8160.7773
8160.7773
8160.7773
8160.7773
8160.7773
8160.7773
8160.7773
8160.7773
8160.7773
8160.7773
8160.7773
8160.7773
8160.7773
8160.7773
8160.7773
8160.7773
8160.7773
8160.7773
8160.7773
8160.7773
8160.7773
8160.7773
8160.7773
8160.7773
8160.7773
8160.7773
8160.7773
8160.7773
8160.7773
8160.7773
8160.7773
8160.7773
8160.7773
8160.7773
8160.7773
8160.7773
8160.7773
8160.7773
8160.7773
8160.7773
8160.7773
8160.7773
8160.7773
8160.7773
8160.7773
8160.7773
8160.7773
8160.7773
8160.7773
8160.7773
8160.7773
8160.7773
8160.7773
8160.7773
8160.7773
8160.7773
8160.7773
8160.7773
8160.7773
8160.7773
8160.7773
8160.7773
8160.7773
8160.7773
8160.7773
8160.7773
8160.7773
8160.7773
8160.7773
8160.7773
8160.7773
8160.7773
8160.7773
8160.7773
8160.7773
8160.7773
8160.7773
8160.7773
8160.7773
8160.7773
8160.7773
8160.7773
8160.7773
8160.7773
8160.7773
8160.7773
8160.7773
8160.7773
8160.7773
8160.7773
8160.7773
8160.7773
8160.7773
8160.7773
8160.7773
8160.7773
8160.7773
8160.7773
8160.7773
8160.7773
8160.7773
8160.7773
8160.7773
8160.7773
8160.7773
8160.7773
8160.7773
8160.7773
8160.7773
8160.7773
8160.7773
8160.7773
8160.7773
8160.7773
8160.7773
8160.7773
8160.7773
8160.7773
8160.7773
8160.7773
8160.7773
8160.7773
8160.7773
8160.7773
8160.7773
8160.7773
8160.7773
8160.7773
8160.7773
8160.7773
8160.7773
8160.7773
8160.7773
8160.7773
8160.7773
8160.7773
8160.7773
8160.7773
8160.7773
8160.7773
8160.7773
8160.7773
8160.7773
8160.7773
8160.7773
8160.7773
8160.7773
8160.7773
8160.7773
8160.7773
8160.7773
8160.7773
8160.7773
8160.7773
8160.7773
8160.7773
8160.7773
8160.7773
8160.7773
8160.7773
8160.7773
8160.7773
8160.7773
8160.7773
8160.7773
8160.7773
8160.7773
8160.7773
8160.7773
8160.7773
8160.7773
8160.7773
8160.7773
8160.7773
8160.7773
8160.7773
8160.7773
8160.7773
8160.7773
8160.7773
8160.7773
8160.7773
8160.7773
8160.7773
8160.7773
8160.7773
8160.7773
8160.7773
8160.7773
8160.7773
8160.7773
8160.7773
8160.7773
8160.7773
8160.7773
8160.7773
8160.7773
8160.7773
8160.7773
8160.7773
8160.7773
8160.7773
8160.7773
8160.7773
8160.7773
8160.7773
8160.7773
8160.7773
8160.7773
8160.7773
8160.7773
8160.7773
8160.7773
8160.7773
8160.7773
8160.7773
8160.7773
8160.7773
8160.7773
8160.7773
8160.7773
8160.7773
8160.7773
8160.7773
8160.7773
8160.7773
8160.7773
8160.7773
8160.7773
8160.7773
8160.7773
8160.7773
8160.7773
8160.7773
8160.7773
8160.7773
8160.7773
8160.7773
8160.7773
8160.7773
8160.7773
8160.7773
8160.7773
8160.7773
8160.7773
8160.7773
8160.7773
8160.7773
8160.7773
8160.7773
8160.7773
8160.7773
8160.7773
8160.7773
8160.7773
8160.7773
8160.7773
8160.7773
8160.7773
8160.7773
8160.7773
8160.7773
8160.7773
8160.7773
8160.7773
8160.7773
8160.7773
8160.7773
8160.7773
8160.7773
8160.7773
8160.7773
8160.7773
8160.7773
8160.7773
8160.7773
8160.7773
8160.7773
8160.7773
8160.7773
8160.7773
8160.7773
8160.7773
8160.7773
8160.7773
8160.7773
8160.7773
8160.7773
8160.7773
8160.7773
8160.7773
8160.7773
8160.7773
8160.7773
8160.7773
8160.7773
8160.7773
8160.7773
8160.7773
8160.7773
8160.7773
8160.7773
8160.7773
8160.7773
8160.7773
8160.7773
8160.7773
8160.7773
8160.7773
8160.7773
8160.7773
8160.7773
8160.7773
8160.7773
8160.7773
8160.7773
8160.7773
8160.7773
8160.7773
8160.7773
8160.7773
8160.7773
8160.7773
8160.7773
8160.7773
8160.7773
8160.7773
8160.7773
8160.7773
8160.7773
8160.7773
8160.7773
8160.7773
8160.7773
8160.7773
8160.7773
8160.7773
8160.7773
8160.7773
8160.7773
8160.7773
8160.7773
8160.7773
8160.7773
8160.7773
8160.7773
8160.7773
8160.7773
8160.7773
8160.7773
8160.7773
8160.7773
8160.7773
8160.7773
8160.7773
8160.7773
8160.7773
8160.7773
8160.7773
8160.7773
8160.7773
8160.7773
8160.7773
8160.7773
8160.7773
8160.7773
8160.7773
8160.7773
8160.7773
8160.7773
8160.7773
8160.7773
8160.7773
8160.7773
8160.7773
8160.7773
8160.7773
8160.7773
8160.7773
8160.7773
8160.7773
8160.7773
8160.7773
8160.7773
8160.7773
8160.7773
8160.7773
8160.7773
8160.7773
8160.7773
8160.7773
8160.7773
8160.7773
8160.7773
8160.7773
8160.7773
8160.7773
8160.7773
8160.7773
8160.7773
8160.7773
8160.7773
8160.7773
8160.7773
8160.7773
8160.7773
8160.7773
8160.7773
8160.7773
8160.7773
8160.7773
8160.7773
8160.7773
8160.7773
8160.7773
8160.7773
8160.7773
8160.7773
8160.7773
8160.7773
8160.7773
8160.7773
8160.7773
8160.7773
8160.7773
8160.7773
8160.7773
8160.7773
8160.7773
8160.7773
8160.7773
8160.7773
8160.7773
8160.7773
8160.7773
8160.7773
8160.7773
8160.7773
8160.7773
8160.7773
8160.7773
8160.7773
8160.7773
8160.7773
8160.7773
8160.7773
8160.7773
8160.7773
8160.7773
8160.7773
8160.7773
8160.7773
8160.7773
8160.7773
8160.7773
8160.7773
8160.7773
8160.7773
8160.7773
8160.7773
8160.7773
8160.7773
8160.7773
8160.7773
8160.7773
8160.7773
8160.7773
8160.7773
8160.7773
8160.7773
8160.7773
8160.7773
8160.7773
8160.7773
8160.7773
8160.7773
8160.7773
8160.7773
8160.7773
8160.7773
8160.7773
8160.7773
8160.7773
8160.7773
8160.7773
8160.7773
8160.7773
8160.7773
8160.7773
8160.7773
8160.7773
8160.7773
8160.7773
8160.7773
8160.7773
8160.7773
8160.7773
8160.7773
8160.7773
8160.7773
8160.7773
8160.7773
8160.7773
8160.7773
8160.7773
8160.7773
8160.7773
8160.7773
8160.7773
8160.7773
8160.7773
8160.7773
8160.7773
8160.7773
8160.7773
8160.7773
8160.7773
8160.7773
8160.7773
8160.7773
8160.7773
8160.7773
8160.7773
8160.7773
8160.7773
8160.7773
8160.7773
8160.7773
8160.7773
8160.7773
8160.7773
8160.7773
8160.7773
8160.7773
8160.7773
8160.7773
8160.7773
8160.7773
8160.7773
8160.7773
8160.7773
8160.7773
8160.7773
8160.7773
8160.7773
8160.7773
8160.7773
8160.7773
8160.7773
8160.7773
8160.7773
8160.7773
8160.7773
8160.7773
8160.7773
8160.7773
8160.7773
8160.7773
8160.7773
8160.7773
8160.7773
8160.7773
8160.7773
8160.7773
8160.7773
8160.7773
8160.7773
8160.7773
8160.7773
8160.7773
8160.7773
8160.7773
8160.7773
8160.7773
8160.7773
8160.7773
8160.7773
8160.7773
8160.7773
8160.7773
8160.7773
8160.7773
8160.7773
8160.7773
8160.7773
8160.7773
8160.7773
8160.7773
8160.7773
8160.7773
8160.7773
8160.7773
8160.7773
8160.7773
8160.7773
8160.7773
8160.7773
8160.7773
3379.3340
3320.6050
3121.7955
3038.9657
2973.3215
2919.6239
2884.9032
2862.5407
2855.8190
2848.6031
2845.1457
2844.2471
3189.1074
3054.2392
3053.0810
3052.6297
3053.6421
3055.5150
3057.9442
3060.7289
3063.7422
3066.8677
3070.1902
3074.7564
4083.4824
3831.8804
3753.3149
3736.9340
3936.1107
3925.6952
3719.8969
4193.6672
4264.6446
4351.8982
4390.2424
4410.2996
4454.7222
4664.6025
4673.6929
4693.8297
4735.8495
4761.6008
4780.8191
4823.2330
4839.0511
4860.7649
4882.1810
4901.4920
4928.3174
4956.7679
4978.3010
4991.7127
5017.2581
5034.1155
5049.6253
5058.4453
5073.3878
5085.4269
5096.8886
5110.5156
5116.2085
5080.2961
5099.1815
5107.1610
5162.8827
5173.7689
5188.2134
5211.3319
5228.4431
5248.2043
5266.4457
5283.3984
5297.3093
5323.5564
5337.3078
5352.2369
5372.4566
5387.3056
5391.6038
5394.8353
5400.3256
5410.2560
5355.8578
5363.9783
5370.4633
5361.3511
5369.2470
5376.2087
5375.3206
5383.1974
5391.8989
5382.6621
5389.9252
5400.3733
5403.8901
5416.7624
5438.1599
5509.2998
5519.5645
5370.3222
5348.7064
5442.1987
5441.9386
5459.7866
5471.3244
5493.7277
5525.8036
5542.6454
5559.8608
5603.5303
5632.9615
5656.1710
5679.9642
5703.9537
5716.8720
5670.9395
5677.6864
5679.9034
5680.8695
5678.7182
5689.0881
5684.2429
5678.7372
5671.7439
5663.4230
5653.8483
5646.7328
5642.7014
5641.6187
5627.5731
5627.5399
5627.0025
5626.9102
5626.9347
5627.2038
5627.4428
5619.4197
5619.9281
5619.4457
5610.4346
5609.7341
5608.1913
5606.4081
5612.1139
5611.0487
5351.3264
5348.9413
5337.2728
5319.2572
5314.4442
5303.9001
5190.7680
5176.7737
5160.0295
4870.7110
4854.3212
4923.6134
4508.7451
4494.7539
4470.0457
4450.2713
4430.4261
4415.1969
4402.6743
4391.1318
4379.9161
4369.1577
4358.9491
4348.8327
4335.0024
4324.7326
4315.9434
4307.4356
4298.7603
4291.6096
4284.5006
4277.4949
4270.6126
4263.7422
4256.8941
4250.9913
4244.1932
4238.0517
4232.0835
4226.2265
4220.4598
4214.8167
4209.2289
4203.6280
4198.1252
4192.6611
4187.1664
4182.7163
4159.1294
4157.9992
4152.1022
4146.0955
4140.0515
4134.0290
4128.0299
4122.0416
4116.1273
4110.1246
4104.1062
2694.4721
2787.0564
2791.1771
2799.8521
2803.5187
2814.8954
2843.0683
2848.2373
2853.3615
2857.8600
2862.1131
2865.8985
2869.3389
2872.8076
2876.0216
2879.1759
2882.2091
2885.0463
2887.7256
2890.2642
2893.4625
2897.9779
2900.6580
2903.2006
8098.1053
8160.7773
8160.7773
8160.7773
8160.7773
8160.7773
8160.7773
8160.7773
8160.7773
8160.7773
8160.7773
8160.7773
8160.7773
8160.7773
8160.7773
8160.7773
8160.7773
8160.7773
8160.7773
8160.7773
8160.7773
8160.7773
8160.7773
8160.7773
8160.7773
8160.7773
8160.7773
8160.7773
8160.7773
8160.7773
8160.7773
8160.7773
8160.7773
8160.7773
8160.7773
8160.7773
8160.7773
8160.7773
8160.7773
8160.7773
8160.7773
8160.7773
8160.7773
8160.7773
8160.7773
8160.7773
8160.7773
8160.7773
8160.7773
8160.7773
8160.7773
8160.7773
8160.7773
8160.7773
8160.7773
8160.7773
8160.7773
8160.7773
8160.7773
8160.7773
8160.7773
8160.7773
8160.7773
8160.7773
8160.7773
8160.7773
8160.7773
8160.7773
8160.7773
8160.7773
8160.7773
8160.7773
8160.7773
8160.7773
8160.7773
8160.7773
8160.7773
8160.7773
8160.7773
8160.7773
8160.7773
8160.7773
8160.7773
8160.7773
4251.3166
2205.9666
1277.6385
1106.2392
1011.7390
985.4876
968.1086
967.7465
963.2405
965.5096
967.7242
969.7085
971.4862
969.1959
972.0545
974.5822
976.9040
978.9749
980.9122
983.6068
986.1145
988.4667
990.6748
992.7521
994.7114
996.5625
999.5967
1001.2346
1002.8120
1004.3268
1005.7788
1007.1710
1008.5086
1009.7966
1011.0389
1010.8976
1010.7436
1013.2443
1014.3128
1015.3579
1016.3806
1017.3809
1018.3590
1019.3158
1020.2525
1021.1702
1022.0700
1022.9532
1023.8195
1024.6730
1025.5126
1026.3379
1027.1495
1027.9482
4432.4853
838.0856
947.7092
994.2685
1017.6907
1029.1740
1034.7129
1040.2836
5018.4810
847.8037
967.9397
1016.4587
1042.3062
4432.4853
868.5584
983.1864
1034.7332
1060.1040
1073.9025
5882.7953
899.6438
996.6578
1050.4461
1074.0444
1081.3051
1036.1283
1020.9169
1013.4836
1009.6744
5052.4118
857.1910
905.2238
953.9315
978.7895
991.0384
997.1060
1000.8928
994.2045
994.8753
996.4252
5757.8666
936.1553
925.7339
971.4808
996.0290
1009.2905
5757.8666
985.2823
949.9460
995.8724
1021.7639
1034.7878
1042.3271
1046.6467
1050.1181
5757.8666
1037.2124
987.9539
1040.0898
1066.9708
1080.0164
1087.4810
5757.8666
1080.9475
1007.1443
1060.1172
1067.2239
1061.1362
1068.6127
1072.3479
1075.1349
1075.9349
5611.6143
996.4435
976.8790
3838.9705
949.5802
983.4911
1041.9586
1066.6154
1080.5926
1086.9237
5227.6655
925.9425
1002.6512
1055.3638
1080.8747
1092.6669
1097.8177
1099.7636
1100.2580
1095.1938
1094.8664
1094.4666
1094.3159
5254.5562
926.4428
1006.4063
5258.8469
940.9490
1007.7900
1063.0840
5263.3390
945.2790
1019.7684
1073.4933
1098.9209
1110.1882
1114.4748
1115.4557
1114.9014
1113.6950
1112.2681
1110.8349
1109.4949
5271.8981
923.7126
1012.7864
1062.2368
1086.1226
1097.1741
1101.9325
1103.5147
5276.5359
926.2302
1015.6316
4853.0635
6187.9013
7545.7810
8069.3775
8070.7947
8072.4250
8074.2276
8076.1572
8078.1785
8080.2616
8082.3825
8084.5220
8087.0783
8089.6206
8092.1632
8094.6985
8097.2194
8099.7208
8102.1989
8104.6512
8107.0760
8109.4727
8111.8409
8114.1809
8116.2173
8118.2450
8120.2398
8122.2000
8124.5880
8128.2216
8133.0732
8138.9804
8145.8340
8153.4712
8160.7773
8160.7773
8160.7773
8160.7773
8160.7773
8160.7773
8160.7773
8160.7773
8160.7773
8160.7773
8160.7773
8160.7773
8160.7773
8160.7773
8160.7773
8160.7773
8160.7773
8160.7773
8160.7773
8160.7773
8160.7773
8160.7773
8160.7773
8160.7773
8160.7773
8160.7773
8160.7773
8160.7773
8160.7773
8160.7773
8160.7773
8160.7773
8160.7773
8160.7773
8160.7773
8160.7773
8160.7773
8160.7773
8160.7773
8160.7773
8160.7773
8160.7773
8160.7773
8160.7773
8160.7773
8160.7773
8160.7773
8160.7773
8160.7773
8160.7773
8160.7773
8160.7773
8160.7773
8160.7773
8160.7773
8160.7773
8160.7773
8160.7773
8160.7773
8160.7773
8160.7773
8160.7773
8160.7773
8160.7773
8160.7773
8160.7773
8160.7773
8160.7773
8160.7773
8160.7773
8160.7773
8160.7773
8160.7773
8160.7773
4213.0028
2018.0664
1161.8178
995.3814
944.9439
931.4993
931.0560
933.5571
938.8454
944.1673
949.2338
953.9413
958.2398
971.1918
977.0744
980.8665
984.3187
987.4337
990.3540
993.0596
995.5775
997.9281
1000.1306
1002.2014
1004.1539
1005.9981
1007.7480
1009.4108
1010.9938
1012.5047
1013.9499
1015.3351
1016.6650
1017.9435
1019.1748
1020.3627
1021.5091
1022.6181
1023.6924
1024.7343
1027.1004
1029.4116
1028.9843
1029.9467
1030.8809
4432.4853
841.1692
954.4708
1000.0253
1032.4569
1045.7216
1053.4226
1058.8603
1062.8548
1066.6923
4432.4853
896.6323
992.5614
1040.3431
4432.4853
935.0580
1013.4504
1066.6854
1094.3030
1108.8527
1115.8173
1119.4819
1121.3908
1121.7677
1122.6943
5218.5863
1026.7062
1042.8087
1094.0717
1124.2178
1123.1616
1108.4356
1101.3638
1097.5874
1050.0720
1054.3648
1057.4168
1062.5656
1067.0987
1071.7054
1058.0127
1060.3560
1063.1630
1066.2803
1067.5098
1070.0282
1061.6866
1063.7367
1066.6640
1068.0620
1070.4728
1071.4272
1082.7298
1086.9083
1085.5258
1092.6840
1098.5546
1101.5155
1103.9763
1105.7977
1106.4958
1106.5588
1103.8265
1102.9963
1112.4291
1111.1865
1121.2764
1113.0933
1114.2558
1115.7127
1116.5889
1117.5630
1119.7449
1120.1618
1121.1093
1123.2341
1081.6233
1083.2941
1081.0472
1081.8832
1064.4091
1065.6889
1060.6018
1062.9473
1066.0698
1066.1151
1067.4214
1068.5318
1085.2381
1090.1382
1093.9028
1096.9014
1099.5500
1101.5269
1103.1212
1104.4971
1105.7051
1107.1659
1108.6891
1109.7650
1105.2445
1106.0355
1106.6778
1107.2801
1107.8452
1108.3736
1108.8688
1109.4220
1110.3020
1111.0154
1111.5515
1112.0680
1114.3336
1114.7717
1115.2163
1115.6402
1116.0469
1116.4393
1117.0073
1117.8596
1118.4960
1118.8840
1119.2245
1119.5099
1111.8577
1112.2354
1112.4925
1112.7580
1113.0246
1113.2842
1113.5386
1113.7817
1114.0125
1114.2316
1114.6244
5042.9540
6380.1754
7741.3796
8079.3497
8081.6058
8085.4307
8088.3495
8091.2898
8097.0281
8100.5607
8103.9118
8107.2331
8109.0916
8110.6734
8112.1395
8113.5142
8114.8063
8116.0214
8117.1629
8118.2341
8119.2375
8120.1761
8121.0524
8121.8693
3785.3027
4012.5502
3855.5271
3735.7162
3649.4112
3587.0552
3544.8856
3512.9920
3489.3847
3471.6268
3458.0498
3447.7369
3439.3446
3432.3419
3425.8799
3419.9610
3413.5707
3407.6969
3402.0986
3396.7479
3391.5300
3386.3767
3381.3182
3376.3115
3371.4609
3366.6222
3361.5784
3356.5244
3351.4026
3346.3114
3341.2464
3336.1572
3331.0404
3325.9001
3320.7943
3315.6628
3310.5008
3305.3188
3300.1224
3294.9165
3289.6437
3284.2969
3279.0141
3273.7883
3268.5673
3263.4057
3258.2435
3253.0754
3247.9108
3242.7517
3237.5984
3232.4514
3227.3122
3222.1822
3217.0634
3212.1326
3207.2701
3202.4276
3197.6551
3192.8922
4120.4399
3855.9539
3772.2458
3741.2516
3715.7734
3693.6482
3673.7922
3655.4249
3638.4115
3622.4871
3607.5164
3593.4001
4197.2539
4043.0258
3981.2369
3954.7333
3932.5292
3916.3968
3916.1580
3905.2285
3894.5392
3883.8262
3874.3528
3865.4506
4913.7035
4546.2302
5014.7879
5007.0791
5031.7388
5037.9758
5037.0050
5142.2963
5182.3345
5359.3183
5397.7584
5418.6432
5508.8444
5666.8654
5687.9631
5704.3310
5721.8839
5739.8623
5753.5408
5789.9247
5800.5421
5811.8395
5822.6635
5833.1639
5843.1903
5852.9579
5862.5173
5871.8916
5881.0860
5890.1561
5898.2388
5905.8218
5913.1458
5920.2511
5927.1717
5925.6364
7931.2035
7983.1623
7694.9556
7563.1559
7507.5510
7468.6906
7438.1389
7417.0461
7395.5223
7381.0251
7381.0251
7381.0251
7381.0251
7381.0251
7381.0251
7381.0251
7381.0251
7381.0251
7381.0251
7381.0251
7381.0251
7381.0251
7381.0251
7381.0251
7381.0251
7381.0251
7381.0251
7514.2129
7527.5839
7535.5294
7534.9275
7532.6026
7529.6200
7381.0251
7381.0251
7381.0251
7381.0251
7381.0251
7381.0251
7381.0251
7353.3594
7310.4579
7278.9709
7261.4940
7249.3280
7239.7594
7126.2428
7126.1251
7126.1251
7126.1251
7126.1251
7126.1251
7126.1251
7126.1251
7126.1251
7126.1251
7126.1251
7126.1251
7126.1251
7126.1251
7126.1251
7126.1251
7126.1251
7126.1251
7126.1251
7126.1251
7126.1251
7126.1251
7126.1251
7126.1251
7126.1251
7126.1251
7126.1251
7126.1251
7126.1251
7126.1251
7126.1251
7126.1251
7126.1251
7126.1251
7126.1251
7126.1251
7126.1251
7126.1251
7126.1251
7126.1251
7126.1251
7126.1251
7126.1251
7126.1251
7126.1251
7126.1251
7126.1251
7136.4263
7146.4538
7154.1513
7161.6659
7169.2288
7176.9628
7198.0907
7226.4198
7256.4177
7277.5926
7294.5994
7310.0745
7325.2772
7340.1418
7354.5977
7368.4339
7387.0292
7401.4783
7413.4620
7424.6744
7435.3633
7445.6483
7455.6038
7465.2834
7474.7269
7483.9669
7493.0297
7499.2596
7505.0549
7510.5752
7515.8748
7520.9887
7525.9423
7530.7560
7535.4462
7540.0273
7544.5110
7548.9080
7553.2271
7557.5315
7561.8126
7566.0554
7570.2499
7574.4032
7578.5198
7582.6025
7586.6535
7590.6755
7594.6706
7598.6410
7602.5885
7662.2987
7666.2776
7670.7867
7675.6444
7680.5683
7685.4185
7690.1572
7694.7863
7699.3202
3658.0111
3294.1194
3117.8330
3002.4177
2925.5803
2875.6120
2869.3385
2857.2064
2850.1121
2848.5077
2846.1851
2846.4527
2848.3083
2851.3075
2854.8978
2858.8134
2853.3729
2858.0682
2862.0504
2865.9930
2869.7060
2873.1541
2876.9587
2882.7866
2886.4990
2890.0504
2893.3713
2896.4753
2899.3712
2902.0683
2904.5762
2906.9041
2909.0908
2911.0853
2912.9190
2914.6090
2916.1595
2917.5578
2918.8550
2920.0511
2921.1503
2922.1549
2923.0636
2923.8808
2924.6122
2925.2687
2925.8386
2926.3287
2926.7457
2927.0933
2927.3770
2927.5992
2927.7653
2927.8787
2927.9422
2927.9579
2927.9283
2927.8570
2927.7347
2927.5758
2927.3868
2927.1603
2926.8967
2926.5988
2926.2676
2925.9033
2925.5063
2925.0777
2924.6189
2924.1546
2923.6617
2923.0950
2922.5453
2921.9763
2921.3511
3611.9432
3339.4556
3318.6212
3302.8446
3290.2666
3279.5444
3270.1816
3261.4042
3253.8807
3246.7754
3240.1944
3234.1409
3807.2612
3584.8948
3564.0385
3547.8470
3534.8039
3523.7268
3514.0696
3505.5768
3498.0575
3491.2636
3485.1139
3479.4399
4639.2031
4408.4034
4440.3502
4443.1385
4664.4380
4663.1991
4435.4756
4663.6025
4764.1282
4781.4212
4796.3855
4810.0716
5093.9933
5327.6279
5340.1769
5359.8670
5384.8705
5408.5518
5413.5587
5439.7929
5450.5808
5461.8904
5478.2772
5487.5692
5498.1349
5500.6202
5514.6260
5534.3288
5544.6025
5547.1409
5559.0351
5578.9556
5590.4203
5602.5041
5614.6705
5626.8923
5639.9511
5644.1769
5665.4633
5661.1270
5666.5603
5693.3000
5691.5910
5728.3917
5737.1038
5755.5831
5757.0383
5767.4946
5774.6081
5781.5636
5788.1728
5794.7181
5784.5267
5791.9291
5789.8297
5738.8000
5726.2533
5730.3310
5799.6380
5796.6879
5797.8293
5808.7663
5813.9520
5819.2320
5824.4208
5829.6901
5836.3480
5861.5068
5870.3138
5872.0307
5883.3275
5895.4925
5916.9224
5921.0099
5935.3183
5903.1250
5894.1607
5874.6760
5862.5265
5865.9013
5931.6249
5937.1388
5954.7794
5961.9730
5986.9890
6024.6216
6035.4553
6054.1888
6066.1343
6079.4993
6089.1346
6097.0578
6113.2011
6120.9440
6114.8029
6108.6184
6101.7216
6108.0527
6113.7324
6119.2409
6124.2322
6129.0332
6133.1820
6136.7547
6131.2342
6142.6079
6144.2951
6145.9038
6147.1166
6147.9426
6148.2704
6148.1275
6147.9980
6147.2236
6142.0107
6125.9995
6118.2582
6100.9925
6091.9690
6000.7881
5974.1505
5711.2193
5697.0412
5676.2635
5586.7159
5558.1138
5487.0285
4990.5167
4942.1714
4852.6445
4820.0417
4788.5126
8160.7773
8160.7773
8160.7773
8160.7773
8160.7773
8160.7773
8160.7773
8160.7773
8160.7773
8160.7773
8160.7773
8160.7773
8160.7773
8160.7773
8160.7773
8160.7773
8160.7773
8160.7773
8160.7773
8160.7773
8160.7773
8160.7773
8160.7773
8160.7773
8160.7773
8160.7773
8160.7773
8160.7773
8160.7773
8160.7773
8160.7773
8160.7773
8160.7773
8160.7773
8160.7773
8160.7773
8160.7773
8160.7773
8160.7773
8160.7773
8160.7773
8160.7773
8160.7773
8160.7773
8160.7773
8160.7773
8160.7773
8160.7773
8160.7773
8160.7773
8160.7773
8160.7773
8160.7773
8160.7773
8160.7773
8160.7773
8160.7773
8160.7773
8160.7773
8160.7773
8160.7773
8160.7773
8160.7773
8160.7773
8160.7773
8160.7773
8160.7773
8160.7773
8160.7773
8160.7773
8160.7773
8160.7773
8160.7773
8160.7773
8160.7773
8160.7773
8160.7773
8160.7773
8160.7773
8160.7773
8160.7773
8160.7773
8160.7773
8160.7773
8160.7773
8160.7773
8160.7773
8160.7773
8160.7773
8160.7773
8160.7773
8160.7773
8160.7773
8160.7773
8160.7773
8160.7773
8160.7773
8160.7773
8160.7773
8160.7773
8160.7773
8160.7773
8160.7773
8160.7773
8160.7773
8160.7773
8160.7773
8160.7773
8160.7773
8160.7773
8160.7773
8160.7773
8160.7773
8160.7773
8160.7773
8160.7773
8160.7773
8160.7773
8160.7773
8160.7773
8160.7773
8160.7773
8160.7773
8160.7773
8160.7773
8160.7773
8160.7773
8160.7773
8160.7773
8160.7773
8160.7773
8160.7773
8160.7773
8160.7773
8160.7773
8160.7773
8160.7773
8160.7773
8160.7773
8160.7773
8160.7773
8160.7773
8160.7773
8160.7773
8160.7773
8160.7773
8160.7773
8160.7773
8160.7773
8160.7773
8160.7773
8160.7773
8160.7773
8160.7773
8160.7773
8160.7773
8160.7773
8160.7773
8160.7773
8160.7773
8160.7773
8160.7773
8160.7773
8160.7773
8160.7773
8160.7773
8160.7773
8160.7773
8160.7773
8160.7773
8160.7773
8160.7773
8160.7773
8160.7773
8160.7773
8160.7773
8160.7773
8160.7773
8160.7773
8160.7773
8160.7773
8160.7773
8160.7773
8160.7773
8160.7773
8160.7773
8160.7773
8160.7773
8160.7773
8160.7773
8160.7773
8160.7773
8160.7773
8160.7773
8160.7773
8160.7773
8160.7773
8160.7773
8160.7773
8160.7773
8160.7773
8160.7773
8160.7773
8160.7773
8160.7773
8160.7773
8160.7773
8160.7773
8160.7773
8160.7773
8160.7773
8160.7773
8160.7773
8160.7773
8160.7773
8160.7773
8160.7773
8160.7773
8160.7773
8160.7773
8160.7773
8160.7773
8160.7773
8160.7773
8160.7773
8160.7773
8160.7773
8160.7773
8160.7773
8160.7773
8160.7773
8160.7773
8160.7773
8160.7773
8160.7773
8160.7773
8160.7773
8160.7773
8160.7773
8160.7773
8160.7773
8160.7773
8160.7773
8160.7773
8160.7773
8160.7773
8160.7773
8160.7773
8160.7773
8160.7773
8160.7773
8160.7773
8160.7773
8160.7773
8160.7773
8160.7773
8160.7773
8160.7773
8160.7773
8160.7773
8160.7773
8160.7773
8160.7773
8160.7773
8160.7773
8160.7773
8160.7773
8160.7773
8160.7773
8160.7773
8160.7773
8160.7773
8160.7773
8160.7773
8160.7773
8160.7773
8160.7773
8160.7773
8160.7773
8160.7773
8160.7773
8160.7773
8160.7773
8160.7773
8160.7773
8160.7773
8160.7773
8160.7773
8160.7773
8160.7773
8160.7773
8160.7773
8160.7773
8160.7773
8160.7773
8160.7773
8160.7773
8160.7773
8160.7773
8160.7773
8160.7773
8160.7773
8160.7773
8160.7773
8160.7773
8160.7773
8160.7773
8160.7773
8160.7773
8160.7773
8160.7773
8160.7773
8160.7773
8160.7773
8160.7773
8160.7773
8160.7773
8160.7773
8160.7773
8160.7773
8160.7773
8160.7773
8160.7773
8160.7773
8160.7773
8160.7773
8160.7773
8160.7773
8160.7773
8160.7773
8160.7773
8160.7773
8160.7773
8160.7773
8160.7773
8160.7773
8160.7773
8160.7773
8160.7773
8160.7773
8160.7773
8160.7773
8160.7773
8160.7773
8160.7773
8160.7773
8160.7773
8160.7773
8160.7773
8160.7773
8160.7773
8160.7773
8160.7773
8160.7773
8160.7773
8160.7773
8160.7773
8160.7773
8160.7773
8160.7773
8160.7773
8160.7773
8160.7773
8160.7773
8160.7773
8160.7773
8160.7773
8160.7773
8160.7773
8160.7773
8160.7773
8160.7773
8160.7773
8160.7773
8160.7773
8160.7773
8160.7773
8160.7773
8160.7773
8160.7773
8160.7773
8160.7773
8160.7773
8160.7773
8160.7773
8160.7773
8160.7773
8160.7773
8160.7773
8160.7773
8160.7773
8160.7773
8160.7773
8160.7773
8160.7773
8160.7773
8160.7773
8160.7773
8160.7773
8160.7773
8160.7773
8160.7773
8160.7773
8160.7773
8160.7773
8160.7773
8160.7773
8160.7773
8160.7773
8160.7773
8160.7773
8160.7773
8160.7773
8160.7773
8160.7773
8160.7773
8160.7773
8160.7773
8160.7773
8160.7773
8160.7773
8160.7773
8160.7773
8160.7773
8160.7773
8160.7773
8160.7773
8160.7773
8160.7773
8160.7773
8160.7773
8160.7773
8160.7773
8160.7773
8160.7773
8160.7773
8160.7773
8160.7773
8160.7773
8160.7773
8160.7773
8160.7773
8160.7773
8160.7773
8160.7773
8160.7773
8160.7773
8160.7773
8160.7773
8160.7773
8160.7773
8160.7773
8160.7773
8160.7773
8160.7773
8160.7773
8160.7773
8160.7773
8160.7773
8160.7773
8160.7773
8160.7773
8160.7773
8160.7773
8160.7773
8160.7773
8160.7773
8160.7773
8160.7773
8160.7773
8160.7773
8160.7773
8160.7773
8160.7773
8160.7773
8160.7773
8160.7773
8160.7773
8160.7773
8160.7773
8160.7773
8160.7773
8160.7773
8160.7773
8160.7773
8160.7773
8160.7773
8160.7773
8160.7773
8160.7773
8160.7773
8160.7773
8160.7773
8160.7773
8160.7773
8160.7773
8160.7773
8160.7773
8160.7773
8160.7773
8160.7773
8160.7773
8160.7773
8160.7773
8160.7773
8160.7773
8160.7773
8160.7773
8160.7773
8160.7773
8160.7773
8160.7773
8160.7773
8160.7773
8160.7773
8160.7773
8160.7773
8160.7773
8160.7773
8160.7773
8160.7773
8160.7773
8160.7773
8160.7773
8160.7773
8160.7773
8160.7773
8160.7773
8160.7773
8160.7773
8160.7773
8160.7773
8160.7773
8160.7773
8160.7773
8160.7773
8160.7773
8160.7773
8160.7773
8160.7773
8160.7773
8160.7773
8160.7773
8160.7773
8160.7773
8160.7773
8160.7773
8160.7773
8160.7773
8160.7773
8160.7773
8160.7773
8160.7773
8160.7773
8160.7773
8160.7773
8160.7773
8160.7773
8160.7773
8160.7773
8160.7773
8160.7773
8160.7773
8160.7773
8160.7773
8160.7773
8160.7773
8160.7773
8160.7773
8160.7773
8160.7773
8160.7773
8160.7773
8160.7773
8160.7773
8160.7773
8160.7773
8160.7773
8160.7773
8160.7773
8160.7773
8160.7773
8160.7773
8160.7773
8160.7773
8160.7773
8160.7773
8160.7773
8160.7773
8160.7773
8160.7773
8160.7773
8160.7773
8160.7773
8160.7773
8160.7773
8160.7773
8160.7773
8160.7773
8160.7773
8160.7773
8160.7773
8160.7773
8160.7773
8160.7773
8160.7773
8160.7773
8160.7773
8160.7773
8160.7773
8160.7773
8160.7773
8160.7773
8160.7773
8160.7773
8160.7773
8160.7773
8160.7773
8160.7773
8160.7773
8160.7773
8160.7773
8160.7773
8160.7773
8160.7773
8160.7773
8160.7773
8160.7773
8160.7773
8160.7773
8160.7773
8160.7773
8160.7773
8160.7773
8160.7773
8160.7773
8160.7773
8160.7773
8160.7773
8160.7773
8160.7773
8160.7773
8160.7773
8160.7773
8160.7773
8160.7773
8160.7773
8160.7773
8160.7773
8160.7773
8160.7773
8160.7773
8160.7773
8160.7773
8160.7773
8160.7773
8160.7773
8160.7773
8160.7773
8160.7773
8160.7773
8160.7773
8160.7773
8160.7773
8160.7773
8160.7773
8160.7773
8160.7773
8160.7773
8160.7773
8160.7773
8160.7773
8160.7773
8160.7773
8160.7773
8160.7773
8160.7773
8160.7773
8160.7773
8160.7773
8160.7773
8160.7773
8160.7773
8160.7773
8160.7773
8160.7773
8160.7773
8160.7773
8160.7773
8160.7773
8160.7773
8160.7773
8160.7773
8160.7773
8160.7773
8160.7773
8160.7773
8160.7773
8160.7773
8160.7773
8160.7773
8160.7773
8160.7773
8160.7773
8160.7773
8160.7773
8160.7773
8160.7773
4653.4380
4496.5245
4267.9979
4121.4023
4021.5863
3953.8313
3907.5218
3876.5983
3855.9266
3842.2971
3833.5432
3828.1568
3825.1078
3823.6255
3823.4135
3823.8755
3824.7822
3825.9227
3827.1834
3828.4847
3829.7928
3831.0445
3832.2454
3833.3814
4194.5014
3985.3677
3975.7217
3971.7182
4182.4645
4193.2128
3992.7472
4414.7740
4565.7064
4714.0453
4757.4937
4781.3189
4932.7819
4992.3066
5023.9353
5047.8378
5070.5640
5093.0149
5097.7796
5140.3858
5157.0716
5174.3837
5192.0721
5208.8985
5216.4704
5239.6664
5254.2263
5268.7082
5290.6329
5304.1244
5317.7791
5323.2705
5328.9707
5350.1861
5362.6190
5383.4292
5379.6926
5400.8017
5409.9528
5399.5635
5429.2771
5462.2260
5454.8953
5492.7981
5503.3181
5509.4987
5525.2735
5540.9662
5545.6097
5566.6359
5578.8122
5559.7966
5561.8162
5572.7801
5571.8760
5586.6092
5592.0562
5607.9243
5617.4781
5624.7369
5632.3823
5639.0020
5645.8692
5630.3155
5645.7417
5659.5764
5667.9912
5670.3211
5682.2774
5683.9380
5697.1714
5708.6001
5721.0610
5726.9385
5705.7909
5745.9697
5740.3958
5731.9430
5764.1885
5709.0344
5722.3215
5725.8165
5739.2796
5744.6241
5749.2933
5753.6132
5758.0430
5762.2685
5766.2243
5770.0087
5784.4505
5783.0190
5790.7258
5798.1372
5805.7894
5813.5059
5821.0972
5828.6362
5836.2600
5843.7072
5851.1692
5858.5697
5865.2098
5871.3469
5877.2324
5882.7778
5888.1336
5893.1318
5897.9505
5902.6253
5906.9177
5911.0672
5914.8822
5918.1641
5911.5299
5900.8572
5889.0588
5876.3542
5862.7394
5840.0870
5634.6578
5430.0530
5378.6680
5289.1675
5258.3156
5122.9810
5097.2824
4574.2690
4553.1521
4520.2223
4492.3716
4466.8884
4442.4789
4499.3070
4480.4999
4464.0783
4447.5146
4431.3952
4419.1547
4408.4975
4398.4835
4388.8553
4379.5306
4370.5099
4361.6334
4352.1519
4344.0920
4336.7418
4329.6218
4322.6752
4315.9196
4309.3016
4302.8320
4296.4631
4290.1559
4283.2449
4277.0325
4271.9863
4267.2121
4262.5982
4258.1370
4253.8320
4249.6300
4245.4933
4241.4643
4237.6639
4234.0579
4230.4692
4226.8667
4223.2364
4219.6226
4216.0511
4212.4634
4208.9076
4205.3593
4201.8158
4198.2814
4194.7576
4191.2445
4187.7428
3867.0594
3883.7996
3883.4973
3883.7687
3883.8665
3883.8957
3883.8845
3883.8493
3883.7986
3883.7376
3883.6696
3883.5966
3883.6881
3883.8422
3884.0175
3884.2022
3884.3924
3884.5867
3884.8696
3885.5421
3886.5868
3888.0054
3889.7970
