12.8008
12.8008
12.8000
12.8007
12.8004
12.8012
12.8012
12.8012
12.8011
12.8011
12.8011
12.8011
12.8011
12.8011
12.8011
12.8011
12.8011
12.8011
12.8011
12.8010
12.8010
12.8010
12.8010
12.8010
12.8010
12.8010
12.8010
12.8010
12.8010
12.8010
12.8010
12.8010
12.8010
12.8010
12.8010
12.8010
12.8010
12.8010
12.8010
12.8010
12.8010
12.8010
12.8010
12.8010
12.8010
12.8010
12.8010
12.8010
12.8010
12.8010
12.8001
12.8002
12.8002
12.8002
12.8003
12.8003
12.8003
12.8003
12.8004
12.8004
12.8004
12.8584
12.7771
12.7989
12.7991
12.7994
12.7996
12.7997
12.7998
12.7999
12.8000
12.8001
12.8001
12.8501
12.7816
12.7992
12.7995
12.7998
12.7999
12.8001
12.8001
12.8002
12.8003
12.8003
12.8003
12.8919
12.8074
12.7953
12.7973
12.8005
12.8001
12.8002
12.8266
12.8061
12.8076
12.8038
12.8019
12.8023
12.8152
12.8004
12.8017
12.8019
12.8015
12.7936
12.8018
12.8089
12.8011
12.8020
12.8013
12.7984
12.8014
12.8011
12.8019
12.8018
12.8012
12.8018
12.8018
12.8018
12.8008
12.8020
12.8019
12.8011
12.8050
12.7998
12.7950
12.8025
12.8021
12.8025
12.8027
12.8014
12.8021
12.8008
12.8015
12.8014
12.8014
12.8014
12.7888
12.8004
12.8136
12.7988
12.7990
12.8006
12.8007
12.8051
12.8020
12.7980
12.8042
12.8067
12.8010
12.8013
12.8012
12.8019
12.8014
12.8015
12.8016
12.8011
12.8018
12.8018
12.8006
12.8022
12.8039
12.8025
12.8021
12.8012
12.8017
12.8022
12.8021
12.8020
12.8014
12.8012
12.8020
12.8015
12.8008
12.8008
12.8007
12.8008
12.7990
12.8008
12.8005
12.8005
12.8005
12.8001
12.8003
12.7997
12.8001
12.8001
12.8007
12.8003
12.8012
12.8006
12.7997
12.8007
12.8006
12.8002
12.7992
12.8002
12.8001
12.7996
12.8002
12.7996
12.7994
12.7993
12.7992
12.7992
12.7907
12.7987
12.7911
12.7992
12.7987
12.7917
12.7994
12.7994
12.7583
12.7996
12.7982
12.7854
12.7991
12.7946
12.7933
12.7990
12.7989
12.7990
12.7991
12.7993
12.7994
12.7995
12.7996
12.7998
12.7998
12.8000
12.8000
12.8001
12.8001
12.8001
12.8002
12.8002
12.8002
12.7994
12.7995
12.7996
12.7997
12.7997
12.8000
12.7997
12.7998
12.7999
12.8000
12.8000
12.8000
12.8000
12.8001
12.8001
12.8002
12.8004
12.7981
12.8007
12.8005
12.8006
12.8006
12.7998
12.7999
12.8000
12.8001
12.8001
12.8002
12.6804
12.8099
12.8003
12.8007
12.8005
12.8004
12.8014
12.8030
12.8023
12.8015
12.8015
12.8015
12.8014
12.8014
12.8014
12.8014
12.8014
12.8013
12.8013
12.8013
12.8013
12.8013
12.8013
12.8013
12.8013
12.8003
12.8013
12.8013
12.8012
12.8012
12.8012
12.8012
12.8012
12.8012
12.8012
12.8012
12.8012
12.8012
12.8012
12.8012
12.8012
12.8012
12.8012
12.8012
12.8012
12.8011
12.8011
12.8011
12.8011
12.8011
12.8011
12.8011
12.8011
12.8011
12.8011
12.8011
12.8011
12.8011
12.8011
12.8011
12.8011
12.8011
12.8011
12.8011
12.8011
12.8011
12.8011
12.8011
12.8011
12.8011
12.8011
12.8011
12.8011
12.8011
12.8011
12.8011
12.8011
12.8011
12.8011
12.8011
12.8011
12.8011
12.8011
12.8011
12.8580
12.7784
12.7997
12.7991
12.7995
12.7997
12.7999
12.8000
12.8001
12.8002
12.8003
12.8003
12.8497
12.7817
12.7991
12.7994
12.7996
12.7998
12.7998
12.7999
12.7999
12.7999
12.7999
12.7999
12.8871
12.8087
12.7956
12.7965
12.8000
12.7996
12.8001
12.8003
12.8120
12.8048
12.8269
12.8021
12.8137
12.8050
12.8025
12.8031
12.8035
12.8023
12.8014
12.8037
12.8016
12.8018
12.8017
12.8016
12.8016
12.8015
12.8015
12.8015
12.8014
12.8014
12.8011
12.8019
12.8017
12.8017
12.8010
12.8016
12.7953
12.7961
12.8022
12.7812
12.8016
12.8002
12.8006
12.8214
12.8012
12.8021
12.8019
12.8019
12.8014
12.8014
12.8013
12.8013
12.8007
12.8013
12.8011
12.8017
12.8010
12.8010
12.8010
12.8009
12.8059
12.8044
12.8010
12.8011
12.8011
12.8011
12.8019
12.8002
12.8016
12.8015
12.8010
12.8016
40.0192
12.7926
12.8002
12.7974
12.8020
12.8024
12.8017
12.8022
12.8050
12.8023
12.8018
12.8018
12.8017
12.8011
12.8023
12.8016
12.8016
12.8010
12.8016
12.7960
12.8014
12.8012
12.8012
12.8012
12.8012
12.8012
12.8010
12.8010
12.8007
12.8008
12.8008
12.8051
12.8008
12.8008
12.8001
12.8013
12.8005
12.7962
12.8004
12.8057
12.7994
12.8005
12.8002
12.8001
12.8000
12.7999
12.7999
12.7998
12.8593
12.7838
12.7994
12.7940
12.7917
12.7982
12.7964
12.7769
12.7984
12.7927
12.7846
12.7979
12.7978
12.7795
12.7985
12.7981
12.7983
12.7985
12.7990
12.7992
12.7993
12.7994
12.7995
12.7988
12.7989
12.7990
12.7991
12.7993
12.7994
12.7993
12.7994
12.7996
12.7996
12.7997
12.7997
12.7998
12.8000
12.8000
12.8001
12.8001
12.8002
12.8002
12.8002
12.8003
12.8003
12.8002
12.8003
12.8003
12.8003
12.7981
12.8006
12.8004
12.8005
12.8005
12.8005
12.8005
12.8005
12.8006
12.8005
12.8005
12.6727
12.8109
12.8010
12.8015
12.8014
12.8013
12.8022
12.8035
12.8016
12.8016
12.8015
12.8015
12.8014
12.8014
12.8014
12.8014
12.8014
12.8014
12.8013
12.8013
12.8013
12.8013
12.8013
12.8013
12.8013
12.8003
12.8013
12.8013
12.8013
12.8013
12.8013
12.8013
12.8013
12.8012
12.8012
12.8012
12.8012
12.8012
12.8012
12.8012
12.8012
12.8012
12.8012
12.8012
12.8012
12.8012
12.8012
12.8012
12.8012
12.8012
12.8012
12.8012
12.8012
12.8012
12.8012
12.8012
12.8012
12.8012
12.8012
12.8011
12.8011
12.8011
12.8011
12.8011
12.8011
12.8011
12.8011
12.8011
12.8011
12.8011
12.8011
12.8011
12.8011
12.8011
12.8011
12.8011
12.8011
12.8011
12.8011
12.8011
12.8011
12.8011
12.8011
12.8011
12.8828
12.7745
12.7992
12.7994
12.7997
12.7998
12.8000
12.8000
12.8001
12.8002
12.8002
12.8003
12.8518
12.7812
12.7992
12.7995
12.7998
12.7999
12.8000
12.8001
12.8001
12.8001
12.8002
12.8002
12.8860
12.8245
12.7980
12.7982
12.7998
12.7998
12.8054
12.8099
12.8013
12.8010
12.8047
12.8016
12.8118
12.8059
12.7979
12.7988
12.8005
12.8046
12.8020
12.8007
12.8018
12.7991
12.8075
12.8016
12.8013
12.8027
12.8016
12.8011
12.8017
12.8020
12.8012
12.8010
12.8016
12.7999
12.8007
12.8008
12.8008
12.8008
12.8003
12.8013
12.8013
12.8016
12.8002
12.8015
12.8009
12.8016
12.8016
12.8016
12.8016
12.8016
12.8017
12.8017
12.8011
12.7927
12.8003
12.8085
12.8007
12.8010
12.8009
12.8008
12.9130
12.7978
12.8003
12.7996
12.7995
12.8001
12.8002
12.8014
12.7998
12.8005
12.7999
12.8004
12.8011
12.7933
12.8070
12.8012
12.8017
12.8006
12.8007
12.8007
12.8013
12.7999
12.7999
12.7987
12.7991
12.7932
12.7994
12.7996
12.7997
12.7998
12.8002
12.7999
12.8005
12.8005
12.7963
12.8003
12.8004
12.8010
12.8004
12.8004
12.8004
12.8004
12.8001
12.8000
12.8000
12.7999
12.7999
12.7998
12.7997
12.7997
12.7996
12.7996
12.7996
12.7995
12.7991
12.7988
12.7988
12.7982
12.7981
12.7985
12.7983
12.7882
12.7975
12.7969
12.7783
12.7968
12.7973
12.7774
12.7968
12.7971
12.8013
12.7980
12.7978
12.7804
12.7971
12.7974
12.7975
12.7975
12.7982
12.7984
12.7985
12.7986
12.7986
12.7987
12.7987
12.7978
12.7980
12.7981
12.7982
12.7983
12.7983
12.7983
12.7984
12.7984
12.7985
12.7985
12.7986
12.7987
12.7987
12.7988
12.7988
12.7989
12.7989
12.7989
12.7989
12.7989
12.7990
12.7990
12.7990
12.7972
12.7992
12.7990
12.7990
12.7990
12.7990
12.7991
12.7991
12.7991
12.7991
12.7991
12.6797
12.8029
12.8005
12.8005
12.8005
12.8004
12.8000
12.8021
12.8007
12.8005
12.8005
12.8005
12.8005
12.8005
12.8005
12.8005
12.8005
12.8005
12.8005
12.8005
12.7997
12.7997
12.7997
12.8005
12.8003
12.7999
12.8006
12.8006
12.8005
12.8005
12.8005
12.8005
12.8005
12.8005
12.8005
12.8005
12.8005
12.8005
12.8005
12.8005
12.8005
12.8005
12.8005
12.8005
12.8005
12.8005
12.8005
12.8005
12.8005
12.8005
12.8005
12.8005
12.8004
12.8004
12.8004
12.8004
12.8004
12.8004
12.8004
12.8004
12.8004
12.8005
12.8005
12.8005
12.8005
12.8005
12.8005
12.8005
12.8005
12.8005
12.8005
12.8005
12.8005
12.8005
12.8005
12.8005
12.8005
12.8005
12.8005
12.8005
12.8005
12.8005
12.8005
12.8005
12.8586
12.7800
12.7963
12.7978
12.7981
12.7983
12.7985
12.7986
12.7987
12.7988
12.7988
12.8005
12.8479
12.7835
12.7971
12.7983
12.7986
12.7987
12.7988
12.7989
12.7990
12.7991
12.7991
12.7991
12.8881
12.7868
12.7978
12.7956
12.8153
12.8086
12.7841
12.8432
12.8017
12.8011
12.8003
12.8008
12.8096
12.8020
12.8013
12.8002
12.8004
12.8014
12.8001
12.8017
12.8005
12.8005
12.8010
12.8004
12.8002
12.7997
12.8003
12.8003
12.8003
12.7997
12.8010
12.8006
12.8006
12.8001
12.8006
12.8006
12.8006
12.8006
12.8012
12.8001
12.7631
12.7799
12.7836
12.7899
12.7932
12.7959
12.7965
12.7984
12.7989
12.8001
12.7999
12.8008
12.7997
12.8005
12.7948
12.8008
12.8005
12.8005
12.8005
12.7999
12.8012
12.7861
12.8007
12.8001
12.8002
12.8010
12.8010
12.8006
12.8013
12.8013
12.8148
12.8011
12.8018
12.8010
12.8055
12.8026
12.8027
12.8014
12.8011
12.8006
12.7998
12.8000
12.8012
12.8004
12.8004
12.8005
12.8011
12.8008
12.8008
12.8008
12.8009
12.8009
12.8013
12.8010
12.8010
12.8010
12.8010
12.8010
12.8010
12.8019
12.8009
12.8010
12.8006
12.8004
12.8002
12.8002
12.8001
12.8003
12.8000
12.7999
12.7989
12.7998
12.7995
12.7996
12.7996
12.7996
12.7996
12.7989
12.7995
12.7995
12.7924
12.7965
12.7972
12.7987
12.7924
12.7986
12.7990
12.7799
12.7987
12.7942
12.7984
12.7984
15.0820
18.8345
19.1089
19.2641
19.3923
19.5047
19.5983
19.6804
19.7553
19.8247
19.8896
19.9509
20.0082
20.0649
20.1174
20.1666
20.2132
20.2570
20.3018
20.3468
20.3916
20.4363
20.4809
20.5253
20.5532
20.5777
20.6005
20.6222
20.6427
20.6625
20.6816
20.7002
20.7181
20.7356
20.7528
20.7695
20.7870
20.8047
20.8222
20.8395
20.8566
20.8737
20.8905
20.9072
20.9238
20.9402
20.9566
20.9729
20.9978
21.0135
21.0303
21.0481
21.0663
21.0843
21.1020
21.1194
21.1364
21.1531
21.1694
21.1855
21.2024
21.2196
21.2367
21.2536
21.2704
21.2870
21.3033
21.3194
21.3353
21.3510
21.3665
21.3818
21.3969
21.4118
21.4265
21.4409
21.4552
21.4694
21.4834
21.4972
21.5109
21.5245
21.5380
21.5513
21.5645
21.5774
21.5902
21.6030
21.6157
21.6283
21.6412
21.6537
21.6662
21.6786
21.6907
21.7027
21.7132
21.7228
21.7321
21.7411
21.7500
21.7587
21.7672
21.7758
21.7842
21.7924
21.8004
21.8082
21.8175
21.8275
21.8378
21.8482
21.8585
21.8689
21.8792
21.8896
21.9001
21.9105
21.9208
21.9310
21.9389
21.9457
21.9520
21.9582
21.9641
21.9699
21.9755
21.9809
21.9862
21.9916
21.9968
22.0018
22.0017
22.0026
22.0017
22.0012
22.0008
22.0003
21.9997
21.9991
21.9985
21.9981
21.9726
21.9449
21.9155
21.8640
21.8129
21.7623
21.7120
21.6601
21.6117
21.5635
21.5150
21.4668
21.4189
21.3713
21.3221
21.2745
21.2265
21.1782
21.1300
21.0817
21.0374
20.9952
20.9539
20.9133
20.8732
20.8335
20.7891
20.7452
20.7016
20.6581
20.6145
20.5710
20.5265
20.4814
20.4362
20.3908
20.3452
20.2996
20.2493
20.1979
20.1461
20.0938
20.0413
19.9885
19.9392
19.8913
19.8601
19.8223
19.7807
19.7385
19.7001
19.6623
19.6246
19.5874
19.5501
19.5352
19.5130
19.4639
19.4266
19.3964
19.3677
19.3403
19.3244
19.3108
19.2988
19.2879
19.2782
19.2694
19.2537
19.2342
19.2514
19.2483
19.2334
19.2156
19.2466
19.2517
19.2427
19.2300
19.2149
19.2020
19.1970
19.1944
19.1927
19.1922
19.1929
19.1952
19.1966
19.1985
19.2042
19.2065
19.2077
19.2101
19.2067
19.2006
19.1940
19.1876
19.1814
19.1758
19.1736
19.1731
19.1737
19.1755
19.1784
19.1824
19.1833
19.1823
19.1807
19.1785
19.1759
19.1728
19.1838
19.1872
19.1847
19.1934
19.1956
19.1925
19.1944
19.1993
19.2055
19.2130
19.2216
19.2313
19.2422
19.2422
19.2490
19.2614
19.2760
19.2924
19.3067
19.3200
19.3333
19.3466
19.3599
19.3734
19.4052
19.4376
19.4802
19.5188
19.5553
19.5919
19.6326
19.6754
19.7190
19.7633
19.8080
19.8532
19.7561
19.8125
19.8699
19.9283
19.9872
20.0463
20.0981
20.1465
20.1936
20.2398
20.2857
20.3309
20.3725
20.4155
20.4565
20.4960
20.5346
20.5727
20.6102
20.6470
20.6828
20.7173
20.7536
20.7908
20.8094
20.8250
20.8394
20.8533
20.8664
20.8789
20.8908
20.9024
20.9137
20.9246
20.9353
20.9458
20.9568
20.9678
20.9789
20.9899
21.0009
21.0117
21.0225
21.0333
21.0440
21.0546
21.0653
21.0759
21.0839
21.0917
21.0985
21.1048
21.1106
21.1162
21.1213
21.1262
21.1308
21.1352
21.1393
21.1432
21.1545
21.1676
21.1812
21.1953
21.2096
21.2242
21.2390
21.2539
21.2688
21.2839
21.2990
21.3136
21.3271
21.3404
21.3536
21.3668
21.3799
21.3928
21.4056
21.4187
21.4317
21.4443
21.4569
21.4694
21.4832
21.4971
21.5112
21.5257
21.5402
21.5549
21.5696
21.5843
21.5995
21.6146
21.6293
21.6440
21.6588
21.6737
21.6885
21.7033
21.7180
21.7328
21.7475
21.7622
21.7769
21.7920
21.8068
21.8213
21.8358
21.8503
21.8648
21.8793
21.8938
21.9082
21.9226
21.9369
21.9512
21.9655
21.9801
21.9945
22.0086
22.0226
22.0370
22.0512
22.0652
22.0792
22.0932
22.1071
22.1210
22.1349
22.1485
22.1625
22.1666
22.1692
22.1711
22.1725
22.1737
22.1746
22.1753
22.1758
22.1760
22.1762
22.1439
22.1068
22.0536
21.9965
21.9410
21.8874
21.8362
21.7850
21.7447
21.7028
21.6606
21.6158
21.5740
21.5344
21.4970
21.4480
21.4066
21.3695
21.3332
21.2972
21.2464
21.1887
21.1286
21.0672
21.0158
20.9587
20.8915
20.8226
20.7527
20.6823
20.6083
20.5345
20.4749
20.4218
20.3771
20.3314
20.2857
20.2408
20.1982
20.1566
20.1158
20.0754
20.0358
20.0091
19.9633
19.9084
19.8508
19.7913
19.7304
19.6684
19.6032
19.5363
19.4690
19.4010
19.3322
19.2633
19.1984
19.1352
19.0727
18.9693
18.8863
18.8142
18.7670
18.7238
18.6829
18.6439
18.6066
18.5704
18.5477
18.5324
18.5205
18.5111
18.4361
18.3966
18.3711
18.3480
18.3275
18.2076
18.1414
18.1051
18.0943
18.0989
18.1111
18.1290
18.1518
18.1787
18.2186
18.2620
18.3107
18.3604
18.4126
18.4672
18.4875
18.4938
18.4951
18.4928
18.4879
18.4812
18.4727
18.4628
18.4519
18.4403
18.4280
18.4153
18.4028
18.3905
18.4056
18.4049
18.3971
18.3879
18.3838
18.3799
18.3763
18.3730
18.3702
18.3774
18.3938
18.4238
18.4615
18.5035
18.5486
18.5966
18.6429
18.6908
18.7405
18.7922
18.8458
18.9011
18.9476
18.9906
19.0330
19.0753
19.1178
19.1605
19.2215
19.2854
19.3507
19.4172
19.4848
19.5533
19.6155
19.6749
19.7336
19.7922
19.8507
19.9093
19.9675
20.0255
20.0837
20.1417
20.1995
20.2568
20.3068
20.3537
20.3991
20.4430
20.4857
20.5270
20.5666
20.6081
20.6501
20.6925
20.7353
20.7784
20.8218
20.8655
20.9094
20.9535
20.9979
21.0424
21.0667
21.0885
21.1089
21.1284
21.1473
21.1656
21.1835
21.2009
21.2180
21.2348
21.2513
21.2676
21.2859
21.3052
21.3249
21.3444
21.3606
21.3790
21.3985
21.4181
21.4378
21.4576
21.4774
21.4972
21.5146
21.5310
21.5471
21.5632
21.5789
21.5945
21.6100
21.6255
21.6408
21.6560
21.6711
21.6861
21.7079
21.7301
21.7526
21.7753
21.7983
21.8212
21.8441
21.8665
21.8896
21.9126
21.9357
21.9587
21.9833
22.0076
22.0319
22.0565
22.0812
22.1058
22.1303
22.1549
22.1794
22.2040
22.2286
22.2531
22.2761
22.2991
22.3218
22.3441
22.3662
22.3880
22.4097
22.4310
22.4520
22.4729
22.4935
22.5143
22.5386
22.5641
22.5902
22.6163
22.6423
22.6683
22.6943
22.7202
22.7460
22.7716
22.7972
22.8226
22.8468
22.8708
22.8946
22.9184
22.9420
22.9656
22.9891
23.0125
23.0359
23.0590
23.0820
23.1050
23.1294
23.1539
23.1784
23.2028
23.2272
23.2515
23.2758
23.3000
23.3241
23.3483
23.3723
23.3962
12.4478
12.7953
12.7815
12.7926
12.7943
12.7947
12.7969
12.7983
12.8000
12.8000
12.8004
12.8007
12.8361
12.7870
12.8005
12.8005
12.8006
12.8007
12.8007
12.8006
12.8006
12.8006
12.8006
12.8014
12.8950
12.7780
12.7936
12.7993
12.8190
12.8001
12.7822
12.8428
12.8067
12.8079
12.8037
12.8021
12.8028
12.8182
12.8017
12.8025
12.8043
12.8029
12.8024
12.8042
12.8021
12.8025
12.8025
12.8023
12.8029
12.8030
12.8024
12.8018
12.8027
12.8020
12.8019
12.8014
12.8018
12.8016
12.8015
12.8017
12.8011
12.7979
12.8021
12.8012
12.8048
12.8014
12.8016
12.8023
12.8018
12.8020
12.8018
12.8017
12.8015
12.8022
12.8013
12.8013
12.8017
12.8013
12.8005
12.8004
12.8006
12.8009
12.7961
12.8008
12.8006
12.7994
12.8007
12.8006
12.8000
12.8007
12.8007
12.7994
12.8006
12.8009
12.8003
12.8010
12.8016
12.8059
12.8014
12.7895
12.7991
12.8077
12.8007
12.8020
12.8015
12.8023
12.8030
12.8019
12.8013
12.8038
12.8020
12.8016
12.8016
12.8016
12.8008
12.7965
12.8003
12.8000
12.7999
12.7997
12.8006
12.7995
12.7994
12.7993
12.7993
12.7992
12.7994
12.7996
12.7999
12.7989
12.8000
12.7999
12.8000
12.8000
12.8000
12.8000
12.7994
12.8000
12.7999
12.7993
12.7999
12.7998
12.7998
12.8003
12.7998
12.7808
12.7999
12.7992
12.7987
12.7997
12.7992
12.7915
12.7990
12.7988
12.7778
12.7990
12.8057
12.7671
12.7993
12.7985
12.7989
12.7989
12.7993
12.7996
12.7997
12.7997
12.7998
12.7998
12.7998
12.7995
12.7999
12.8000
12.8000
12.7993
12.7994
12.7995
12.7995
12.7996
12.7996
12.7996
12.7997
12.7997
12.7998
12.7998
12.7998
12.7999
12.7999
12.7999
12.7999
12.7999
12.8000
12.8000
12.8001
12.7986
12.8005
12.8002
12.8002
12.8002
12.8002
12.8002
12.8002
12.8002
12.8002
12.8002
12.6649
12.8108
12.8012
12.8016
12.8011
12.8020
12.8036
12.8012
12.8012
12.8012
12.8012
12.8011
12.8011
12.8011
12.8010
12.8010
12.8010
12.8010
12.8010
12.8010
12.8011
12.8012
12.8010
12.8010
13.1971
12.8034
12.7995
12.7994
12.7993
12.7992
12.7992
12.7991
12.7991
12.7991
12.7990
12.7990
12.7997
12.7997
12.7997
12.7997
12.7997
12.7997
12.7997
12.7997
12.7997
12.7997
12.7997
12.7997
12.7990
12.7990
12.7990
12.7990
12.7990
12.7990
12.7990
12.7990
12.7990
12.7991
12.7991
12.7991
12.7991
12.7991
12.7991
12.7991
12.7991
12.7991
12.7991
12.7991
12.7991
12.7991
12.7991
12.7991
12.7991
12.7991
12.7992
12.7992
12.7992
12.7992
12.7992
12.7992
12.7992
12.7992
12.7992
12.7992
12.7992
12.7993
12.7993
12.7993
12.7994
12.7994
12.7994
12.7994
12.7994
12.7994
12.7994
12.7994
12.7994
12.7993
12.7993
12.7993
12.7992
12.7992
12.7992
12.7991
12.7991
12.7991
12.7991
12.7991
36.5588
39.9839
36.9921
29.7988
26.8328
24.6736
22.9055
20.9727
19.6476
18.4752
17.4206
16.4616
15.1501
14.3210
13.5566
12.8008
12.8013
12.8009
12.8010
12.8013
12.8013
12.8014
12.8014
12.8015
12.8016
12.8016
12.8011
12.8008
12.8008
12.8008
12.8008
12.8008
12.8009
12.8009
12.8009
12.8006
12.8006
12.8011
12.8008
12.8009
12.8009
12.8009
12.8009
12.8009
12.8009
12.8009
12.8009
12.8009
12.8009
12.8009
12.8009
12.8009
12.8009
12.8009
30.1994
12.3835
12.8180
12.8094
12.8051
12.8029
12.8018
12.8018
30.3207
12.3347
12.8236
12.8097
12.8055
30.4933
12.3861
12.8226
12.8103
12.8054
12.8033
30.4567
12.2806
12.8190
12.8106
12.8051
12.8022
12.7932
12.7983
12.7997
12.8003
30.3893
12.3345
12.8108
12.8105
12.8058
12.8034
12.8023
12.8018
12.8000
12.8013
12.8015
30.4822
12.2968
12.8000
12.8100
12.8059
12.8038
30.6066
12.3056
12.7955
12.8099
12.8061
12.8037
12.8027
12.8021
12.8019
30.5129
12.3146
12.7931
12.8108
12.8061
12.8036
12.8026
30.5654
12.3221
12.7889
12.8108
12.8026
12.8002
12.8025
12.8018
12.8016
12.8012
30.4660
12.3176
12.7979
31.3425
12.4517
12.8077
12.8115
12.8053
12.8033
12.8019
30.3377
12.3325
12.8149
12.8102
12.8053
12.8028
12.8017
12.8011
12.8017
12.8007
12.8015
12.8015
13.7046
30.1688
12.3304
12.8154
31.0855
12.3329
12.8130
14.3605
30.6855
12.3332
13.0517
15.9458
16.2687
16.4566
16.6153
16.7574
16.8877
17.0088
17.1221
17.2286
17.3365
30.1416
12.3284
16.1787
17.5152
17.6899
17.8063
17.9100
18.0067
30.1768
12.3286
17.3709
13.2254
12.8991
12.8894
12.8316
12.7997
12.7995
12.7994
12.7993
12.7992
12.7999
12.7999
12.7998
12.7998
12.7998
12.7998
12.7998
12.7998
12.7998
12.7998
12.7998
12.7998
12.7998
12.7998
12.7998
12.7997
12.7997
12.7997
12.7997
12.7998
12.7998
12.7999
12.8000
12.8000
12.8001
12.8001
12.7996
12.7996
12.7996
12.7996
12.7996
12.7996
12.7996
12.7997
12.7997
12.7997
12.7997
12.7997
12.7997
12.7997
12.7997
12.7997
12.7997
12.7997
12.7997
12.7997
12.7997
12.7997
12.7997
12.7997
12.7997
12.7997
12.7997
12.7997
12.7997
12.7997
12.7997
12.7997
12.7997
12.7997
12.7997
12.7997
12.7990
12.7990
12.7990
12.7990
12.7990
12.7990
12.7990
12.7990
12.7991
12.7991
12.7991
12.7991
12.7991
12.7991
12.7992
12.7992
12.7992
12.7992
12.7992
12.7992
12.7993
12.7993
12.7993
12.7993
12.7993
12.7993
12.7992
12.7992
12.7991
12.7991
12.7991
12.7990
12.7990
12.7997
12.7997
12.7997
12.7997
36.5531
39.9826
39.9830
39.9855
39.9873
39.2327
37.6670
36.2821
35.0419
33.9949
33.0058
32.0769
12.8013
12.8032
12.8021
12.8019
12.8019
12.8011
12.8010
12.8010
12.8010
12.8010
12.8010
12.8010
12.8010
12.8010
12.8010
12.8009
12.8009
12.8009
12.8009
12.8009
12.8009
12.8009
12.8009
12.8009
12.8009
12.8009
12.8009
12.8009
12.8012
12.8012
12.8007
12.8010
12.8010
30.2454
12.3809
12.8227
12.8094
12.8068
12.8033
12.8023
12.8019
12.8016
12.8016
30.3147
12.3914
12.8191
12.8097
30.8167
12.3986
12.8157
12.8106
12.8059
12.8035
12.8022
12.8016
12.8013
12.8010
12.8012
30.4265
12.3527
12.8044
12.8102
12.8064
12.8011
12.7988
12.8001
12.8007
12.7933
12.8022
12.8020
12.8024
12.8022
12.8023
12.7991
12.8019
12.8020
12.8021
12.8017
12.8019
12.8001
12.8018
12.8020
12.8017
12.8019
12.8016
12.8034
12.8022
12.8013
12.8028
12.8026
12.8021
12.8020
12.8019
12.8017
12.8015
12.8010
12.8014
12.8031
12.8013
12.8031
12.8000
12.8015
12.8016
12.8014
12.8015
12.8017
12.8013
12.8014
12.8016
12.7941
12.8015
12.8009
12.8014
12.7982
12.8014
12.8002
12.8014
12.8016
12.8010
12.8012
12.8011
12.8038
12.8018
12.8016
12.8014
12.8013
12.8012
12.8011
12.8011
12.8010
12.8011
12.8011
12.8010
12.8000
12.8009
12.8009
12.8009
12.8009
12.8009
12.8009
13.2823
13.7120
13.9931
14.2514
14.4829
14.7023
14.9120
15.1137
15.3085
15.4973
15.6809
15.8593
15.9308
16.0796
16.2342
16.3870
16.5329
16.6764
16.8178
16.9574
17.0954
17.2318
17.3669
17.5001
17.6322
17.7633
17.8935
18.0227
13.2233
12.8968
12.8880
12.8202
12.7997
12.7996
12.7995
12.7994
12.7995
12.7993
12.7999
12.7999
12.7998
12.7998
12.7998
12.7998
12.7998
12.7997
12.7997
12.7997
12.7997
12.7997
12.7997
12.7997
12.4875
12.8213
12.7870
12.7900
12.7929
12.7950
12.7969
12.7978
12.7986
12.7992
12.7996
12.7999
12.8001
12.8002
12.7996
12.7997
12.7997
12.7998
12.7998
12.7999
12.7999
12.7999
12.7999
12.8000
12.8000
12.8000
12.8000
12.8000
12.8000
12.8001
12.8001
12.8001
12.8001
12.8001
12.8001
12.8001
12.8002
12.8002
12.8002
12.8002
12.8002
12.8002
12.8002
12.8002
12.8002
12.8002
12.8003
12.8003
12.8003
12.8003
12.8003
12.8003
12.8003
12.8003
12.8003
12.8003
12.8004
12.8004
12.8004
12.8004
12.8862
12.7770
12.7929
12.7976
12.7982
12.7985
12.7987
12.7989
12.7990
12.7992
12.7993
12.7994
12.8545
12.7868
12.7948
12.7979
12.7983
12.7988
12.8009
12.8000
12.8000
12.8000
12.8001
12.8001
12.8881
12.7708
12.8375
12.7995
12.8019
12.8004
12.7998
12.8079
12.8035
12.8138
12.8033
12.8019
12.8071
12.8119
12.8018
12.8014
12.8015
12.8015
12.8011
12.8027
12.8008
12.8009
12.8008
12.8008
12.8007
12.8007
12.8007
12.8007
12.8006
12.8006
12.8005
12.8005
12.8005
12.8004
12.8004
12.7998
12.9305
12.8027
12.7820
12.7914
12.7961
12.7971
12.7976
12.7982
12.7982
12.7986
12.7995
12.7995
12.7995
12.7995
12.7995
12.7995
12.7995
12.7995
12.7995
12.7995
12.7995
12.7995
12.7994
12.7995
12.7994
12.7994
12.7994
12.8077
12.8002
12.7999
12.7993
12.7992
12.7992
12.7901
12.7994
12.7994
12.7994
12.7993
12.7992
12.7992
12.7975
12.7965
12.7972
12.7981
12.7985
12.7986
12.7920
12.7993
12.7993
12.7993
12.7993
12.7993
12.7993
12.7993
12.7993
12.7993
12.7993
12.7993
12.7993
12.7993
12.7993
12.7993
12.7993
12.7993
12.7993
12.7993
12.7993
12.7993
12.7993
12.7993
12.7993
12.7993
12.7993
12.7993
12.7993
12.7993
12.7993
12.7992
12.7992
12.7992
12.7992
12.7992
12.7992
12.7992
12.7992
12.7993
12.7993
12.7993
12.7993
12.7993
12.7993
12.7993
12.7994
12.8000
12.8000
12.7999
12.7999
12.7999
12.8000
12.8008
12.8013
12.8014
12.8008
12.8005
12.8004
12.8004
12.8004
12.8004
12.8003
12.8006
12.8004
12.8002
12.8002
12.8002
12.8001
12.8001
12.8001
12.8001
12.8001
12.8001
12.7999
12.7999
12.7999
12.7998
12.7998
12.7998
12.7998
12.7998
12.7998
12.7998
12.7998
12.7998
12.7998
12.7998
12.7998
12.7998
12.7998
12.7998
12.7998
12.7998
12.7998
12.7998
12.7998
12.7998
12.8036
12.7999
12.7999
12.7999
12.7999
12.7999
12.7999
12.7999
12.7999
12.5018
12.7663
12.7830
12.7887
12.7926
12.7953
12.7998
12.7992
12.7997
12.8003
12.8003
12.8006
12.8008
12.8009
12.8010
12.8010
12.8001
12.8011
12.8010
12.8010
12.8010
12.8009
12.8010
12.8012
12.8010
12.8010
12.8010
12.8009
12.8009
12.8009
12.8009
12.8009
12.8009
12.8008
12.8008
12.8008
12.8008
12.8008
12.8008
12.8008
12.8008
12.8008
12.8008
12.8008
12.8007
12.8007
12.8007
12.8007
12.8007
12.8007
12.8007
12.8007
12.8007
12.8007
12.8007
12.8007
12.8007
12.8007
12.8007
12.8007
12.8007
12.8007
12.8007
12.8007
12.8007
12.8007
12.8007
12.8007
12.8007
12.8007
12.8007
12.8007
12.8007
12.8007
12.8007
12.8686
12.7750
12.7989
12.7994
12.7997
12.7999
12.8000
12.7994
12.7995
12.7996
12.7997
12.7997
12.8550
12.7802
12.7986
12.7991
12.7993
12.7995
12.7996
12.7997
12.7997
12.7998
12.7999
12.7999
12.9017
12.7809
12.8026
12.8002
12.8188
12.8006
12.7815
12.8195
12.8089
12.8021
12.8019
12.8018
12.8228
12.8183
12.8013
12.8019
12.8022
12.8021
12.8007
12.8022
12.8010
12.8011
12.8014
12.8009
12.8010
12.8004
12.8012
12.8016
12.8009
12.8003
12.8009
12.8015
12.8008
12.8008
12.8009
12.8008
12.8016
12.8009
12.8021
12.8003
12.8010
12.8025
12.8004
12.8031
12.8010
12.8017
12.8005
12.8011
12.8009
12.8008
12.8008
12.8008
12.7996
12.8009
12.8002
12.7966
12.7994
12.8006
12.8053
12.8001
12.8004
12.8011
12.8007
12.8007
12.8007
12.8007
12.8008
12.8021
12.8009
12.8004
12.8011
12.8012
12.8018
12.8005
12.8012
12.7978
12.7996
12.7988
12.7994
12.8004
12.8048
12.8005
12.8014
12.8006
12.8018
12.8027
12.8008
12.8014
12.8009
12.8010
12.8007
12.8006
12.8012
12.8006
12.7997
12.7997
12.7996
12.8005
12.8005
12.8005
12.8005
12.8005
12.8004
12.8004
12.7998
12.8009
12.8003
12.8003
12.8002
12.8002
12.8002
12.8002
12.8002
12.8001
12.7998
12.7991
12.7997
12.7990
12.7996
12.7938
12.7984
12.7815
12.7993
12.7988
12.7938
12.7983
12.7951
12.7622
12.7963
12.7931
12.7976
12.7977
18.7451
18.8404
18.9279
19.0114
19.0915
19.1690
19.2363
19.2984
19.3574
19.4139
19.4686
19.5217
19.5703
19.6199
19.6661
19.7101
19.7529
19.7948
19.8358
19.8762
19.9158
19.9548
19.9932
20.0310
20.0584
20.0838
20.1082
20.1319
20.1548
20.1772
20.1993
20.2210
20.2426
20.2639
20.2848
20.3057
20.3265
20.3471
20.3676
20.3878
20.4080
20.4284
20.4487
20.4691
20.4896
20.5100
20.5305
20.5510
20.5424
20.5655
20.5896
20.6150
20.6409
20.6668
20.6926
20.7181
20.7436
20.7687
20.7938
20.8186
20.8428
20.8665
20.8899
20.9129
20.9358
20.9584
20.9808
21.0030
21.0250
21.0467
21.0682
21.0896
21.1104
21.1310
21.1517
21.1722
21.1926
21.2128
21.2329
21.2529
21.2728
21.2925
21.3121
21.3315
21.3517
21.3719
21.3920
21.4122
21.4323
21.4523
21.4722
21.4920
21.5117
21.5312
21.5507
21.5700
21.5866
21.6024
21.6178
21.6327
21.6479
21.6629
21.6776
21.6922
21.7066
21.7209
21.7349
21.7488
21.7622
21.7755
21.7883
21.8011
21.8137
21.8266
21.8392
21.8518
21.8642
21.8764
21.8885
21.9004
21.9124
21.9245
21.9363
21.9480
21.9597
21.9713
21.9832
21.9948
22.0064
22.0179
22.0293
22.0405
22.0402
22.0380
22.0351
22.0317
22.0280
22.0240
22.0198
22.0154
22.0108
22.0059
21.9541
21.9007
21.8837
21.8433
21.8051
21.7663
21.7272
21.6877
21.6507
21.6151
21.5800
21.5378
21.4991
21.4626
21.4237
21.3867
21.3489
21.3106
21.2718
21.2324
21.1740
21.1068
21.0370
20.9734
20.9053
20.8345
20.7622
20.6999
20.6335
20.5648
20.4964
20.4238
20.3711
20.3240
20.2782
20.2344
20.1920
20.1525
20.1136
20.0752
20.0376
20.0004
19.9693
19.9360
19.8982
19.8589
19.8190
19.7789
19.7386
19.6982
19.6596
19.6213
19.5832
19.5453
19.5079
19.4706
19.4391
19.4105
19.3831
19.3562
19.3301
19.3047
19.2859
19.2651
19.2481
19.2598
19.2601
19.2517
19.2449
19.2393
19.1942
19.1693
19.1575
19.1468
19.1322
19.1195
19.1075
19.0959
19.0844
19.0718
19.0456
19.0111
18.9720
18.9303
18.8867
18.8854
18.8606
18.8226
18.7817
18.7389
18.6946
18.6492
18.6074
18.5672
18.5276
18.4884
18.4495
18.4111
18.3951
18.3841
18.3754
18.3582
18.3471
18.3400
18.3547
18.3927
18.4294
18.4657
18.5038
18.5436
18.5867
18.6273
18.6721
18.7195
18.7647
18.8130
18.8489
18.8790
18.9074
18.9260
18.9492
18.9748
18.9986
19.0222
19.0456
19.0691
19.0925
19.1159
19.1493
19.1875
19.2278
19.2697
19.3131
19.3578
19.4077
19.4575
19.5086
19.5609
19.6143
19.6688
19.7177
19.7641
19.8101
19.8558
19.9015
19.9473
19.8593
19.9137
19.9689
20.0249
20.0813
20.1380
20.1869
20.2319
20.2755
20.3181
20.3599
20.4011
20.4392
20.4788
20.5163
20.5522
20.5877
20.6228
20.6574
20.6917
20.7257
20.7595
20.7929
20.8261
20.8484
20.8691
20.8893
20.9090
20.9281
20.9470
20.9656
20.9838
21.0019
21.0196
21.0372
21.0547
21.0721
21.0896
21.1069
21.1242
21.1414
21.1583
21.1752
21.1917
21.2084
21.2251
21.2419
21.2588
21.2758
21.2930
21.3102
21.3272
21.3446
21.3621
21.3795
21.3969
21.4144
21.4318
21.4491
21.4665
21.4861
21.5076
21.5273
21.5489
21.5685
21.5905
21.6108
21.6327
21.6529
21.6751
21.6953
21.7174
21.7367
21.7567
21.7769
21.7971
21.8170
21.8370
21.8575
21.8779
21.8981
21.9185
21.9388
21.9590
21.9814
22.0016
22.0240
22.0443
22.0664
22.0864
22.1086
22.1291
22.1517
22.1719
22.1943
22.2146
22.2267
22.2362
22.2449
22.2529
22.2605
22.2678
22.2748
22.2816
22.2883
22.2948
22.3010
22.3070
22.3134
22.3201
22.3266
22.3329
22.3390
22.3451
22.3511
22.3570
22.3628
22.3686
22.3744
22.3799
22.3849
22.3896
22.3940
22.3983
22.4023
22.4063
22.4101
22.4138
22.4175
22.4210
22.4246
22.4281
22.4230
22.4173
22.4110
22.4044
22.3976
22.3906
22.3835
22.3761
22.3687
22.3610
22.3272
22.3022
22.2543
22.1980
22.1438
22.0906
22.0365
21.9824
21.9326
21.8868
21.8442
21.7923
21.7498
21.7134
21.6783
21.6368
21.6000
21.5662
21.5333
21.5008
21.4602
21.4152
21.3684
21.3202
21.2707
21.2202
21.1590
21.0950
21.0144
20.9401
20.8693
20.7982
20.7340
20.6730
20.6129
20.5534
20.4944
20.4358
20.3774
20.3194
20.2612
20.2034
20.1458
20.0884
20.0313
19.9743
19.9172
19.8598
19.8022
19.7443
19.6866
19.6287
19.5705
19.5119
19.4413
19.3771
19.3211
19.2684
19.2175
19.1678
19.1274
19.0116
19.0441
19.0282
19.0081
18.9883
18.9692
18.9512
18.9336
18.9167
18.9008
18.8859
18.8720
18.8590
18.8481
18.8382
18.8293
18.8211
18.7639
18.7305
18.6994
18.6613
18.6246
18.5828
18.5435
18.5438
18.5223
18.4821
18.4399
18.3956
18.3497
18.3024
18.2736
18.2523
18.2340
18.2181
18.1767
18.1540
18.1660
18.1862
18.2101
18.2369
18.2660
18.2973
18.3199
18.3393
18.3584
18.3777
18.3975
18.4242
18.4466
18.4673
18.4882
18.5097
18.5317
18.5546
18.5879
18.6262
18.6693
18.7132
18.7577
18.8029
18.8492
18.8957
18.9423
18.9840
19.0312
19.0795
19.1269
19.1746
19.2229
19.2720
19.3217
19.3721
19.4290
19.4843
19.5426
19.6029
19.6642
19.7265
19.7857
19.8437
19.9014
19.9591
20.0166
20.0743
20.1279
20.1809
20.2338
20.2867
20.3396
20.3927
20.4386
20.4810
20.5221
20.5623
20.6017
20.6405
20.6801
20.7235
20.7635
20.8013
20.8381
20.8742
20.9097
20.9443
20.9777
21.0104
21.0447
21.0797
21.1012
21.1208
21.1393
21.1574
21.1749
21.1919
21.2085
21.2248
21.2409
21.2567
21.2723
21.2877
21.3025
21.3170
21.3312
21.3452
21.3591
21.3728
21.3864
21.3999
21.4132
21.4265
21.4397
21.4529
21.4669
21.4811
21.4958
21.5107
21.5253
21.5401
21.5549
21.5696
21.5843
21.5989
21.6136
21.6282
21.6436
21.6584
21.6730
21.6881
21.7030
21.7177
21.7325
21.7472
21.7618
21.7763
21.7907
21.8051
21.8184
21.8317
21.8449
21.8581
21.8715
21.8852
21.8990
21.9132
21.9275
21.9419
21.9563
21.9705
21.9864
22.0028
22.0194
22.0360
22.0527
22.0696
22.0865
22.1032
22.1198
22.1363
22.1527
22.1689
22.1875
22.2063
22.2253
22.2443
22.2631
22.2820
22.3013
22.3207
22.3398
22.3591
22.3784
22.3976
22.4154
22.4327
22.4497
22.4667
22.4836
22.5006
22.5175
22.5347
22.5518
22.5688
22.5857
22.6026
22.6209
22.6395
22.6579
22.6765
22.6952
22.7139
22.7327
22.7515
22.7707
22.7899
22.8090
22.8280
12.5591
12.7879
12.7815
12.7880
12.7918
12.7945
12.7957
12.7971
12.7980
12.7987
12.7991
12.7994
12.7997
12.7998
12.7999
12.8000
12.8000
12.8000
12.8000
12.8000
12.8000
12.8000
12.8000
12.7999
12.8318
12.7822
12.7997
12.8002
12.8186
12.8011
12.7831
12.8368
12.8131
12.8125
12.8039
12.8023
12.8122
12.8048
12.8025
12.8019
12.8018
12.8017
12.8003
12.8032
12.8012
12.8012
12.8012
12.8018
12.8011
12.8023
12.8016
12.8016
12.8022
12.8015
12.8015
12.8009
12.8009
12.8020
12.8013
12.8019
12.8001
12.8019
12.8010
12.7996
12.8025
12.8027
12.7997
12.8031
12.8010
12.8007
12.8014
12.8013
12.8005
12.8017
12.8010
12.7987
12.8003
12.8009
12.8000
12.8011
12.8004
12.8012
12.8007
12.8005
12.8005
12.8004
12.8004
12.7988
12.8010
12.8009
12.8004
12.8000
12.8007
12.7999
12.8006
12.8005
12.8006
12.8007
12.7988
12.8032
12.7999
12.7997
12.8026
12.7963
12.8012
12.8005
12.8012
12.8006
12.8006
12.8005
12.8006
12.8005
12.8005
12.8005
12.8013
12.8002
12.8008
12.8008
12.8008
12.8008
12.8008
12.8008
12.8008
12.8008
12.8008
12.8008
12.8007
12.8007
12.8007
12.8007
12.8007
12.8006
12.8006
12.8006
12.8006
12.8006
12.8005
12.8005
12.7998
12.7995
12.7994
12.7994
12.7993
12.7987
12.7848
12.7847
12.7960
12.7933
12.7977
12.7898
12.7982
12.7589
12.7987
12.7978
12.7983
12.7985
12.7986
12.8052
12.7990
12.7992
12.7992
12.7992
12.7996
12.7997
12.7998
12.7998
12.7998
12.7999
12.7992
12.7991
12.7993
12.7994
12.7994
12.7995
12.7995
12.7996
12.7996
12.7996
12.7997
12.7997
12.7997
12.7998
12.7999
12.7999
12.7999
12.7999
12.8000
12.8000
12.8000
12.8000
12.8000
12.8000
12.8000
12.8000
12.8000
12.8001
12.8001
12.8001
12.8001
12.8001
12.8001
12.8001
12.8001
12.8001
12.7723
12.8020
12.8004
12.8004
12.8004
12.8004
12.8004
12.8004
12.8004
12.8004
12.8004
12.8004
12.8004
12.8004
12.8004
12.8004
12.8004
12.8004
12.8004
12.8005
12.8005
12.8006
12.8006
