3.7503
3.7514
3.7451
3.7465
3.7474
3.7486
3.7493
3.7500
3.7507
3.7512
3.7517
3.7521
3.7525
3.7528
3.7531
3.7533
3.7535
3.7536
3.7537
3.7538
3.7538
3.7538
3.7538
3.7537
3.7536
3.7535
3.7534
3.7532
3.7530
3.7528
3.7526
3.7523
3.7521
3.7518
3.7515
3.7512
3.7508
3.7505
3.7501
3.7497
3.7493
3.7489
3.7485
3.7481
3.7476
3.7472
3.7467
3.7463
3.7458
3.7453
3.7445
3.7440
3.7435
3.7430
3.7425
3.7420
3.7415
3.7410
3.7404
3.7398
3.7393
4.1777
4.0018
3.9905
3.9807
3.9727
3.9658
3.9598
3.9543
3.9493
3.9447
3.9402
3.9361
4.3084
4.1624
4.1503
4.1405
4.1327
4.1261
4.1204
4.1153
4.1109
4.1068
4.1032
4.0999
4.8021
4.8552
4.8124
4.7848
4.7819
4.7760
4.7713
4.9724
5.0154
5.0707
5.0962
5.1075
5.1220
5.2384
5.2396
5.2508
5.2638
5.2733
5.2208
5.2327
5.3014
5.3083
5.3227
5.3316
5.3180
5.3278
5.3358
5.3443
5.3522
5.3554
5.3638
5.3721
5.3804
5.3807
5.3902
5.3994
5.4024
5.4365
5.4292
5.3844
5.3984
5.4094
5.4236
5.4393
5.4453
5.4565
5.4578
5.4643
5.4704
5.4764
5.4825
5.3891
5.3869
5.4897
5.4751
5.4628
5.4630
5.4638
5.4996
5.5109
5.4907
5.5199
5.5691
5.5733
5.5792
5.5848
5.5960
5.6031
5.6111
5.6197
5.6241
5.6340
5.6441
5.6453
5.6588
5.6858
5.7024
5.7152
5.7210
5.7308
5.7445
5.7575
5.7702
5.7777
5.7835
5.7963
5.8047
5.8078
5.8107
5.8130
5.8157
5.8037
5.8064
5.8069
5.8072
5.8073
5.8047
5.8034
5.7976
5.7945
5.7915
5.7931
5.7921
5.7980
5.7992
5.7929
5.7950
5.7967
5.7949
5.7850
5.7832
5.7809
5.7737
5.7716
5.7647
5.7560
5.7465
5.7363
5.7255
5.6465
5.6316
5.5561
5.5447
5.5288
5.4573
5.4471
5.4362
5.1054
5.0993
5.0816
4.9633
4.9513
4.9042
4.8459
4.8318
4.8168
4.8028
4.7892
4.7773
4.7663
4.7558
4.7462
4.7375
4.7291
4.7227
4.7163
4.7102
4.7042
4.6983
4.6925
4.6867
4.6811
4.6751
4.6696
4.6645
4.6587
4.6522
4.6493
4.6428
4.6365
4.6306
4.6251
4.6190
4.6127
4.6062
4.5998
4.5934
4.5870
4.5816
4.5587
4.5550
4.5502
4.5457
4.5411
4.5361
4.5314
4.5268
4.5223
4.5177
4.5132
3.6031
3.6733
3.6724
3.6753
3.6774
3.6792
3.6811
3.6948
3.7036
3.7066
3.7094
3.7120
3.7143
3.7165
3.7185
3.7203
3.7221
3.7237
3.7253
3.7268
3.7282
3.7295
3.7309
3.7323
3.7335
3.7270
3.7286
3.7296
3.7306
3.7315
3.7324
3.7331
3.7339
3.7346
3.7352
3.7358
3.7363
3.7368
3.7373
3.7377
3.7381
3.7385
3.7388
3.7391
3.7393
3.7396
3.7398
3.7400
3.7401
3.7402
3.7404
3.7404
3.7405
3.7406
3.7406
3.7406
3.7406
3.7405
3.7405
3.7404
3.7404
3.7403
3.7402
3.7401
3.7400
3.7398
3.7397
3.7396
3.7394
3.7392
3.7391
3.7389
3.7387
3.7385
3.7383
3.7381
3.7378
3.7376
3.7373
3.7371
3.7368
3.7365
3.7362
3.7358
4.1666
3.9955
3.9850
3.9755
3.9682
3.9620
3.9566
3.9518
3.9474
3.9434
3.9396
3.9361
4.3072
4.1636
4.1524
4.1433
4.1362
4.1302
4.1250
4.1203
4.1161
4.1122
4.1087
4.1053
4.7697
4.8375
4.7994
4.7669
4.7613
4.7527
4.7474
4.7435
4.8318
4.8654
5.0675
5.0767
5.1787
5.2132
5.2278
5.2476
5.2715
5.2855
5.2930
5.3186
5.3286
5.3401
5.3507
5.3609
5.3711
5.3813
5.3915
5.4016
5.4116
5.4216
5.4298
5.4382
5.4454
5.4522
5.4540
5.4608
5.4173
5.3802
5.3912
5.2423
5.2535
5.2540
5.2579
5.4205
5.4243
5.4350
5.4447
5.4542
5.4600
5.4653
5.4704
5.4753
5.4753
5.4801
5.4836
5.4914
5.4939
5.4964
5.4986
5.5006
5.5425
5.5728
5.5761
5.5802
5.5837
5.5872
5.5974
5.5943
5.6020
5.6095
5.6126
5.6210
5.3321
5.2679
5.2634
5.2365
5.2453
5.2577
5.2645
5.2753
5.3084
5.3203
5.3283
5.3364
5.3439
5.3464
5.3584
5.3651
5.3721
5.3744
5.3813
5.3441
5.3494
5.3537
5.3579
5.3622
5.3667
5.3711
5.3744
5.3781
5.3788
5.3807
5.3821
5.4179
5.4198
5.4217
5.4182
5.4240
5.4238
5.3890
5.3875
5.4280
5.4191
5.4185
5.4155
5.4115
5.4070
5.4021
5.3966
5.3907
5.8616
5.7289
5.7209
5.6703
5.6011
5.5822
5.5489
5.3612
5.3435
5.2857
5.1634
5.1453
5.1253
4.9607
4.9440
4.9236
4.9051
4.8877
4.8736
4.8613
4.8498
4.8390
4.8288
4.8188
4.8096
4.8005
4.7920
4.7839
4.7767
4.7679
4.7594
4.7522
4.7446
4.7370
4.7298
4.7228
4.7168
4.7109
4.7053
4.7001
4.6951
4.6902
4.6854
4.6804
4.6749
4.6691
4.6633
4.6576
4.6520
4.6285
4.6245
4.6193
4.6141
4.6089
4.6039
4.5989
4.5942
4.5897
4.5849
4.5801
3.6059
3.6781
3.6770
3.6801
3.6825
3.6843
3.6923
3.7095
3.7130
3.7164
3.7195
3.7222
3.7248
3.7270
3.7293
3.7313
3.7333
3.7353
3.7371
3.7389
3.7406
3.7423
3.7438
3.7453
3.7468
3.7409
3.7427
3.7440
3.7452
3.7464
3.7475
3.7485
3.7495
3.7505
3.7513
3.7522
3.7530
3.7537
3.7544
3.7551
3.7557
3.7563
3.7569
3.7575
3.7580
3.7585
3.7589
3.7594
3.7598
3.7602
3.7605
3.7608
3.7611
3.7614
3.7618
3.7622
3.7624
3.7626
3.7628
3.7629
3.7630
3.7631
3.7631
3.7631
3.7631
3.7630
3.7630
3.7629
3.7627
3.7626
3.7624
3.7623
3.7621
3.7618
3.7617
3.7615
3.7613
3.7611
3.7609
3.7606
3.7604
3.7601
3.7599
3.7596
4.3817
4.1814
4.1689
4.1585
4.1502
4.1433
4.1372
4.1318
4.1269
4.1223
4.1180
4.1142
4.5059
4.3554
4.3424
4.3323
4.3241
4.3171
4.3108
4.3051
4.2999
4.2951
4.2905
4.2863
4.9494
5.1391
5.1202
5.1010
5.0939
5.0873
5.1247
5.1978
5.2040
5.2087
5.2429
5.2525
5.3438
5.3889
5.3710
5.3603
5.3626
5.3984
5.4133
5.4182
5.4264
5.4132
5.4667
5.4735
5.4784
5.4939
5.5010
5.5038
5.5116
5.5223
5.5263
5.5290
5.5360
5.5297
5.5299
5.5312
5.5322
5.5330
5.5305
5.5358
5.5406
5.5483
5.5449
5.5518
5.5541
5.5618
5.5697
5.5779
5.5863
5.5950
5.6040
5.6132
5.6178
5.5559
5.5540
5.6178
5.6200
5.6251
5.6297
5.6332
6.5509
6.5340
6.5384
6.5380
6.5370
6.5411
6.5463
6.5614
6.5636
6.5709
6.5742
6.5811
6.5939
6.5435
6.6061
6.6212
6.6413
6.6525
6.6642
6.6763
6.6934
6.6997
6.7059
6.7019
6.7016
6.6522
6.6538
6.6569
6.6608
6.6653
6.6731
6.6782
6.6878
6.6974
6.6724
6.6806
6.6896
6.7032
6.7123
6.7214
6.7305
6.7395
6.7462
6.7518
6.7569
6.7616
6.7660
6.7699
6.7730
6.7758
6.7781
6.7802
6.7819
6.7832
6.7806
6.7762
6.7716
6.7614
6.7502
6.7429
6.7336
6.6408
6.6246
6.6029
6.4286
6.4059
6.3870
6.2060
6.1827
6.1617
6.1745
6.1605
6.1453
5.9891
5.9676
5.9483
5.9296
5.9111
5.8979
5.8868
5.8763
5.8663
5.8567
5.8474
5.8388
5.8288
5.8205
5.8129
5.8056
5.7985
5.7917
5.7852
5.7788
5.7727
5.7668
5.7607
5.7558
5.7512
5.7469
5.7430
5.7392
5.7355
5.7319
5.7284
5.7249
5.7214
5.7180
5.7147
5.7114
5.6932
5.6905
5.6864
5.6822
5.6781
5.6740
5.6699
5.6659
5.6619
5.6579
5.6540
4.7078
4.7285
4.7335
4.7388
4.7441
4.7488
4.7533
4.7748
4.7794
4.7827
4.7856
4.7882
4.7906
4.7929
4.7949
4.7967
4.7986
4.8004
4.8022
4.8039
4.8055
4.8071
4.8086
4.8101
4.8088
4.8048
4.8067
4.8084
4.8099
4.8114
4.8128
4.8141
4.8154
4.8165
4.8176
4.8187
4.8197
4.8206
4.8215
4.8224
4.8232
4.8239
4.8247
4.8254
4.8260
4.8266
4.8272
4.8277
4.8282
4.8287
4.8291
4.8295
4.8298
4.8301
4.8304
4.8307
4.8309
4.8311
4.8312
4.8313
4.8314
4.8314
4.8314
4.8314
4.8314
4.8313
4.8312
4.8311
4.8310
4.8308
4.8306
4.8304
4.8302
4.8300
4.8297
4.8294
4.8291
4.8288
4.8285
4.8281
4.8277
4.8273
4.8269
4.8265
5.2892
5.1344
5.1115
5.1004
5.0916
5.0842
5.0778
5.0722
5.0671
5.0624
5.0581
5.0541
5.4343
5.3070
5.2860
5.2750
5.2662
5.2587
5.2521
5.2464
5.2412
5.2365
5.2323
5.2284
5.9313
5.8291
5.8131
5.7791
5.9031
5.9743
5.8485
6.2006
6.2189
6.2329
6.2407
6.2522
6.3366
6.3599
6.3783
6.3873
6.3916
6.4047
6.4069
6.4219
6.4275
6.4329
6.4426
6.4476
6.4513
6.4511
6.4557
6.4601
6.4644
6.4641
6.4748
6.4819
6.4892
6.4922
6.4999
6.5077
6.5157
6.5238
6.5365
6.5403
6.2350
6.0685
5.9335
5.8500
5.7939
5.7598
5.7309
5.7176
5.7085
5.7090
5.7076
5.7136
5.7112
5.7152
5.6741
5.6803
5.6842
5.6887
5.6934
5.6932
5.6983
5.5880
5.5940
5.5950
5.5971
5.6001
5.6037
5.6034
5.6086
5.6139
5.7274
5.7323
5.7422
5.7466
5.7872
5.8051
5.8242
5.8335
5.8399
5.8427
5.8393
5.8372
5.8449
5.8459
5.8472
5.8489
5.8561
5.8605
5.8654
5.8699
5.8749
5.8803
5.8891
5.8948
5.9007
5.9065
5.9123
5.9181
5.9238
5.9373
5.9425
5.9483
5.9510
5.9523
5.9527
5.9526
5.9520
5.9525
5.9514
5.9492
5.9388
5.9361
5.9308
5.9264
5.9219
5.9171
5.9120
5.9018
5.8964
5.8905
5.8272
5.7966
5.7713
5.7581
5.6939
5.6794
5.6680
5.5045
5.4902
5.4454
5.4340
5.4222
7.0865
7.0865
7.0865
7.0865
7.0865
7.0865
7.0865
7.0865
7.0865
7.0865
7.0865
7.0865
7.0865
7.0865
7.0865
7.0865
7.0865
7.0865
7.0865
7.0865
7.0865
7.0865
7.0865
7.0865
7.0865
7.0865
7.0865
7.0865
7.0865
7.0865
7.0865
7.0865
7.0865
7.0865
7.0865
7.0865
7.0865
7.0865
7.0865
7.0865
7.0865
7.0865
7.0865
7.0865
7.0865
7.0865
7.0865
7.0865
7.0865
7.0865
7.0865
7.0865
7.0865
7.0865
7.0865
7.0865
7.0865
7.0865
7.0865
7.0865
7.0865
7.0865
7.0865
7.0865
7.0865
7.0865
7.0865
7.0865
7.0865
7.0865
7.0865
7.0865
7.0865
7.0865
7.0865
7.0865
7.0865
7.0865
7.0865
7.0865
7.0865
7.0865
7.0865
7.0865
7.0865
7.0865
7.0865
7.0865
7.0865
7.0865
7.0865
7.0865
7.0865
7.0865
7.0865
7.0865
7.0865
7.0865
7.0865
7.0865
7.0865
7.0865
7.0865
7.0865
7.0865
7.0865
7.0865
7.0865
7.0865
7.0865
7.0865
7.0865
7.0865
7.0865
7.0865
7.0865
7.0865
7.0865
7.0865
7.0865
7.0865
7.0865
7.0865
7.0865
7.0865
7.0865
7.0865
7.0865
7.0865
7.0865
7.0865
7.0865
7.0865
7.0865
7.0865
7.0865
7.0865
7.0865
7.0865
7.0865
7.0865
7.0865
7.0865
7.0865
7.0865
7.0865
7.0865
7.0865
7.0865
7.0865
7.0865
7.0865
7.0865
7.0865
7.0865
7.0865
7.0865
7.0865
7.0865
7.0865
7.0865
7.0865
7.0865
7.0865
7.0865
7.0865
7.0865
7.0865
7.0865
7.0865
7.0865
7.0865
7.0865
7.0865
7.0865
7.0865
7.0865
7.0865
7.0865
7.0865
7.0865
7.0865
7.0865
7.0865
7.0865
7.0865
7.0865
7.0865
7.0865
7.0865
7.0865
7.0865
7.0865
7.0865
7.0865
7.0865
7.0865
7.0865
7.0865
7.0865
7.0865
7.0865
7.0865
7.0865
7.0865
7.0865
7.0865
7.0865
7.0865
7.0865
7.0865
7.0865
7.0865
7.0865
7.0865
7.0865
7.0865
7.0865
7.0865
7.0865
7.0865
7.0865
7.0865
7.0865
7.0865
7.0865
7.0865
7.0865
7.0865
7.0865
7.0865
7.0865
7.0865
7.0865
7.0865
7.0865
7.0865
7.0865
7.0865
7.0865
7.0865
7.0865
7.0865
7.0865
7.0865
7.0865
7.0865
7.0865
7.0865
7.0865
7.0865
7.0865
7.0865
7.0865
7.0865
7.0865
7.0865
7.0865
7.0865
7.0865
7.0865
7.0865
7.0865
7.0865
7.0865
7.0865
7.0865
7.0865
7.0865
7.0865
7.0865
7.0865
7.0865
7.0865
7.0865
7.0865
7.0865
7.0865
7.0865
7.0865
7.0865
7.0865
7.0865
7.0865
7.0865
7.0865
7.0865
7.0865
7.0865
7.0865
7.0865
7.0865
7.0865
7.0865
7.0865
7.0865
7.0865
7.0865
7.0865
7.0865
7.0865
7.0865
7.0865
7.0865
7.0865
7.0865
7.0865
7.0865
7.0865
7.0865
7.0865
7.0865
7.0865
7.0865
7.0865
7.0865
7.0865
7.0865
7.0865
7.0865
7.0865
7.0865
7.0865
7.0865
7.0865
7.0865
7.0865
7.0865
7.0865
7.0865
7.0865
7.0865
7.0865
7.0865
7.0865
7.0865
7.0865
7.0865
7.0865
7.0865
7.0865
7.0865
7.0865
7.0865
7.0865
7.0865
7.0865
7.0865
7.0865
7.0865
7.0865
7.0865
7.0865
7.0865
7.0865
7.0865
7.0865
7.0865
7.0865
7.0865
7.0865
7.0865
7.0865
7.0865
7.0865
7.0865
7.0865
7.0865
7.0865
7.0865
7.0865
7.0865
7.0865
7.0865
7.0865
7.0865
7.0865
7.0865
7.0865
7.0865
7.0865
7.0865
7.0865
7.0865
7.0865
7.0865
7.0865
7.0865
7.0865
7.0865
7.0865
7.0865
7.0865
7.0865
7.0865
7.0865
7.0865
7.0865
7.0865
7.0865
7.0865
7.0865
7.0865
7.0865
7.0865
7.0865
7.0865
7.0865
7.0865
7.0865
7.0865
7.0865
7.0865
7.0865
7.0865
7.0865
7.0865
7.0865
7.0865
7.0865
7.0865
7.0865
7.0865
7.0865
7.0865
7.0865
7.0865
7.0865
7.0865
7.0865
7.0865
7.0865
7.0865
7.0865
7.0865
7.0865
7.0865
7.0865
7.0865
7.0865
7.0865
7.0865
7.0865
7.0865
7.0865
7.0865
7.0865
7.0865
7.0865
7.0865
7.0865
7.0865
7.0865
7.0865
7.0865
7.0865
7.0865
7.0865
7.0865
7.0865
7.0865
7.0865
7.0865
7.0865
7.0865
7.0865
7.0865
7.0865
7.0865
7.0865
7.0865
7.0865
7.0865
7.0865
7.0865
7.0865
7.0865
7.0865
7.0865
7.0865
7.0865
7.0865
7.0865
7.0865
7.0865
7.0865
7.0865
7.0865
7.0865
7.0865
7.0865
7.0865
7.0865
7.0865
7.0865
7.0865
7.0865
7.0865
7.0865
7.0865
7.0865
7.0865
7.0865
7.0865
7.0865
7.0865
7.0865
7.0865
7.0865
7.0865
7.0865
7.0865
7.0865
7.0865
7.0865
7.0865
7.0865
7.0865
7.0865
7.0865
7.0865
7.0865
7.0865
7.0865
7.0865
7.0865
7.0865
7.0865
7.0865
7.0865
7.0865
7.0865
7.0865
7.0865
7.0865
7.0865
7.0865
7.0865
7.0865
7.0865
7.0865
7.0865
7.0865
7.0865
7.0865
7.0865
7.0865
7.0865
7.0865
7.0865
7.0865
7.0865
7.0865
7.0865
7.0865
7.0865
7.0865
7.0865
7.0865
7.0865
7.0865
7.0865
7.0865
7.0865
7.0865
7.0865
7.0865
7.0865
7.0865
7.0865
7.0865
7.0865
7.0865
7.0865
7.0865
7.0865
7.0865
7.0865
7.0865
7.0865
7.0865
7.0865
7.0865
7.0865
7.0865
7.0865
7.0865
7.0865
7.0865
7.0865
7.0865
7.0865
7.0865
7.0865
7.0865
7.0865
7.0865
7.0865
7.0865
7.0865
7.0865
7.0865
7.0865
7.0865
7.0865
7.0865
7.0865
7.0865
7.0865
7.0865
7.0865
7.0865
7.0865
7.0865
7.0865
7.0865
7.0865
7.0865
7.0865
7.0865
7.0865
7.0865
7.0865
7.0865
7.0865
7.0865
7.0865
7.0865
7.0865
7.0865
7.0865
7.0865
7.0865
7.0865
7.0865
7.0865
7.0865
7.0865
7.0865
7.0865
7.0865
7.0865
7.0865
7.0865
7.0865
7.0865
7.0865
7.0865
7.0865
7.0865
7.0865
7.0865
7.0865
7.0865
7.0865
7.0865
7.0865
7.0865
7.0865
7.0865
7.0865
7.0865
7.0865
7.0865
7.0865
7.0865
7.0865
7.0865
7.0865
7.0865
7.0865
7.0865
7.0865
7.0865
7.0865
7.0865
7.0865
7.0865
7.0865
7.0865
7.0865
7.0865
7.0865
7.0865
7.0865
7.0865
7.0865
7.0865
7.0865
7.0865
7.0865
7.0865
7.0865
7.0865
7.0865
7.0865
7.0865
7.0865
7.0865
7.0865
7.0865
7.0865
7.0865
7.0865
7.0865
7.0865
7.0865
7.0865
4.2708
4.2275
4.0784
4.0150
3.9642
3.9223
3.8950
3.8773
3.8720
3.8663
3.8635
3.8628
4.1294
4.0268
4.0259
4.0255
4.0263
4.0277
4.0296
4.0318
4.0341
4.0365
4.0390
4.0425
4.7651
4.5933
4.5386
4.5271
4.6651
4.6580
4.5152
4.8389
4.8859
4.9433
4.9683
4.9814
5.0102
5.1447
5.1504
5.1632
5.1897
5.2059
5.2180
5.2445
5.2544
5.2679
5.2813
5.2933
5.3099
5.3275
5.3407
5.3490
5.3647
5.3750
5.3845
5.3899
5.3991
5.4064
5.4134
5.4217
5.4252
5.4033
5.4148
5.4197
5.4535
5.4601
5.4689
5.4828
5.4931
5.5050
5.5160
5.5262
5.5345
5.5502
5.5585
5.5674
5.5794
5.5882
5.5908
5.5927
5.5960
5.6019
5.5695
5.5744
5.5782
5.5728
5.5775
5.5816
5.5811
5.5858
5.5910
5.5855
5.5898
5.5960
5.5981
5.6057
5.6184
5.6604
5.6665
5.5781
5.5653
5.6208
5.6207
5.6312
5.6380
5.6513
5.6702
5.6801
5.6902
5.7157
5.7329
5.7464
5.7603
5.7742
5.7817
5.7550
5.7589
5.7602
5.7608
5.7595
5.7656
5.7627
5.7595
5.7555
5.7506
5.7451
5.7409
5.7386
5.7379
5.7298
5.7297
5.7294
5.7294
5.7294
5.7295
5.7297
5.7250
5.7253
5.7250
5.7198
5.7193
5.7184
5.7174
5.7207
5.7201
5.5668
5.5654
5.5584
5.5477
5.5448
5.5385
5.4704
5.4619
5.4518
5.2741
5.2639
5.3070
5.0451
5.0361
5.0201
5.0073
4.9945
4.9846
4.9764
4.9689
4.9616
4.9546
4.9479
4.9413
4.9322
4.9255
4.9197
4.9141
4.9084
4.9037
4.8990
4.8944
4.8899
4.8853
4.8808
4.8769
4.8724
4.8683
4.8644
4.8605
4.8567
4.8529
4.8492
4.8455
4.8419
4.8382
4.8346
4.8316
4.8159
4.8151
4.8112
4.8072
4.8031
4.7991
4.7951
4.7911
4.7871
4.7831
4.7790
3.7424
3.8172
3.8205
3.8274
3.8304
3.8394
3.8619
3.8660
3.8700
3.8736
3.8770
3.8800
3.8827
3.8854
3.8880
3.8904
3.8928
3.8951
3.8972
3.8992
3.9017
3.9053
3.9074
3.9094
7.0554
7.0865
7.0865
7.0865
7.0865
7.0865
7.0865
7.0865
7.0865
7.0865
7.0865
7.0865
7.0865
7.0865
7.0865
7.0865
7.0865
7.0865
7.0865
7.0865
7.0865
7.0865
7.0865
7.0865
7.0865
7.0865
7.0865
7.0865
7.0865
7.0865
7.0865
7.0865
7.0865
7.0865
7.0865
7.0865
7.0865
7.0865
7.0865
7.0865
7.0865
7.0865
7.0865
7.0865
7.0865
7.0865
7.0865
7.0865
7.0865
7.0865
7.0865
7.0865
7.0865
7.0865
7.0865
7.0865
7.0865
7.0865
7.0865
7.0865
7.0865
7.0865
7.0865
7.0865
7.0865
7.0865
7.0865
7.0865
7.0865
7.0865
7.0865
7.0865
7.0865
7.0865
7.0865
7.0865
7.0865
7.0865
7.0865
7.0865
7.0865
7.0865
7.0865
7.0865
4.8771
3.3267
2.3952
2.1917
2.0732
2.0394
2.0168
2.0163
2.0105
2.0134
2.0163
2.0189
2.0212
2.0182
2.0220
2.0253
2.0283
2.0310
2.0335
2.0370
2.0402
2.0433
2.0461
2.0488
2.0514
2.0537
2.0577
2.0598
2.0618
2.0637
2.0656
2.0674
2.0691
2.0708
2.0723
2.0722
2.0720
2.0752
2.0765
2.0779
2.0792
2.0805
2.0817
2.0829
2.0841
2.0853
2.0864
2.0876
2.0887
2.0897
2.0908
2.0919
2.0929
2.0939
4.9958
1.8255
1.9900
2.0508
2.0808
2.0955
2.1025
2.1095
5.3654
1.8549
2.0166
2.0793
2.1121
4.9958
1.8835
2.0364
2.1025
2.1345
2.1517
5.8772
1.9259
2.0539
2.1224
2.1519
2.1609
2.1043
2.0850
2.0755
2.0706
5.3862
1.8679
1.9334
1.9982
2.0307
2.0466
2.0544
2.0593
2.0507
2.0516
2.0536
5.8054
1.9748
1.9609
2.0212
2.0531
2.0701
5.8054
2.0392
1.9930
2.0529
2.0860
2.1026
2.1121
2.1176
2.1219
5.8054
2.1057
2.0426
2.1093
2.1431
2.1593
2.1686
5.8054
2.1605
2.0674
2.1345
2.1434
2.1358
2.1451
2.1498
2.1532
2.1542
5.7204
2.0536
2.0283
4.5982
1.9925
2.0368
2.1117
2.1426
2.1600
2.1679
5.4927
1.9612
2.0616
2.1285
2.1604
2.1750
2.1813
2.1837
2.1843
2.1781
2.1777
2.1772
2.1770
5.5089
1.9618
2.0664
5.5114
1.9811
2.0682
2.1382
5.5141
1.9868
2.0835
2.1512
2.1827
2.1965
2.2018
2.2030
2.2023
2.2008
2.1991
2.1973
2.1957
5.5193
1.9582
2.0746
2.1371
2.1669
2.1805
2.1864
2.1884
5.5221
1.9616
2.0782
5.2631
6.0498
6.7763
7.0410
7.0418
7.0426
7.0435
7.0444
7.0454
7.0465
7.0475
7.0486
7.0499
7.0511
7.0524
7.0537
7.0549
7.0562
7.0574
7.0586
7.0598
7.0610
7.0622
7.0634
7.0644
7.0654
7.0664
7.0673
7.0685
7.0703
7.0727
7.0757
7.0791
7.0829
7.0865
7.0865
7.0865
7.0865
7.0865
7.0865
7.0865
7.0865
7.0865
7.0865
7.0865
7.0865
7.0865
7.0865
7.0865
7.0865
7.0865
7.0865
7.0865
7.0865
7.0865
7.0865
7.0865
7.0865
7.0865
7.0865
7.0865
7.0865
7.0865
7.0865
7.0865
7.0865
7.0865
7.0865
7.0865
7.0865
7.0865
7.0865
7.0865
7.0865
7.0865
7.0865
7.0865
7.0865
7.0865
7.0865
7.0865
7.0865
7.0865
7.0865
7.0865
7.0865
7.0865
7.0865
7.0865
7.0865
7.0865
7.0865
7.0865
7.0865
7.0865
7.0865
7.0865
7.0865
7.0865
7.0865
7.0865
7.0865
7.0865
7.0865
7.0865
7.0865
7.0865
7.0865
4.8517
3.1556
2.2592
2.0522
1.9864
1.9686
1.9680
1.9713
1.9783
1.9854
1.9921
1.9983
2.0039
2.0208
2.0285
2.0334
2.0379
2.0420
2.0457
2.0492
2.0525
2.0555
2.0583
2.0610
2.0635
2.0659
2.0681
2.0703
2.0723
2.0742
2.0761
2.0778
2.0795
2.0812
2.0827
2.0843
2.0857
2.0871
2.0885
2.0898
2.0928
2.0958
2.0952
2.0964
2.0976
4.9958
1.8456
1.9989
2.0582
2.0996
2.1164
2.1261
2.1329
2.1379
2.1427
4.9958
1.9218
2.0486
2.1096
4.9958
1.9733
2.0754
2.1427
2.1770
2.1949
2.2034
2.2079
2.2102
2.2107
2.2118
5.4872
2.0923
2.1127
2.1767
2.2137
2.2124
2.1944
2.1857
2.1811
2.1219
2.1273
2.1311
2.1376
2.1432
2.1490
2.1319
2.1348
2.1383
2.1422
2.1437
2.1469
2.1365
2.1390
2.1427
2.1444
2.1474
2.1486
2.1627
2.1679
2.1661
2.1750
2.1822
2.1859
2.1889
2.1912
2.1920
2.1921
2.1887
2.1877
2.1993
2.1978
2.2101
2.2001
2.2015
2.2033
2.2044
2.2056
2.2082
2.2087
2.2099
2.2125
2.1613
2.1634
2.1606
2.1616
2.1399
2.1415
2.1351
2.1380
2.1419
2.1420
2.1436
2.1450
2.1658
2.1719
2.1765
2.1802
2.1835
2.1859
2.1879
2.1896
2.1910
2.1928
2.1947
2.1960
2.1905
2.1914
2.1922
2.1930
2.1937
2.1943
2.1949
2.1956
2.1967
2.1976
2.1982
2.1988
2.2016
2.2022
2.2027
2.2032
2.2037
2.2042
2.2049
2.2059
2.2067
2.2072
2.2076
2.2080
2.1986
2.1991
2.1994
2.1997
2.2000
2.2003
2.2006
2.2009
2.2012
2.2015
2.2020
5.3804
6.1566
6.8761
7.0460
7.0471
7.0490
7.0505
7.0520
7.0548
7.0566
7.0582
7.0599
7.0608
7.0616
7.0623
7.0630
7.0637
7.0643
7.0648
7.0654
7.0659
7.0663
7.0668
7.0672
4.5609
4.7172
4.6097
4.5263
4.4655
4.4211
4.3909
4.3680
4.3509
4.3381
4.3282
4.3207
4.3146
4.3095
4.3048
4.3005
4.2958
4.2915
4.2875
4.2835
4.2797
4.2759
4.2722
4.2686
4.2650
4.2614
4.2577
4.2540
4.2502
4.2465
4.2428
4.2390
4.2352
4.2314
4.2277
4.2239
4.2200
4.2162
4.2123
4.2085
4.2046
4.2006
4.1967
4.1928
4.1889
4.1850
4.1812
4.1773
4.1735
4.1696
4.1658
4.1619
4.1581
4.1542
4.1504
4.1467
4.1430
4.1394
4.1358
4.1322
4.7900
4.6100
4.5518
4.5302
4.5123
4.4967
4.4827
4.4697
4.4577
4.4463
4.4357
4.4256
4.8413
4.7378
4.6959
4.6778
4.6626
4.6516
4.6514
4.6439
4.6366
4.6292
4.6227
4.6165
5.3008
5.0692
5.3632
5.3584
5.3736
5.3774
5.3768
5.4410
5.4653
5.5716
5.5945
5.6069
5.6602
5.7526
5.7649
5.7744
5.7846
5.7950
5.8029
5.8239
5.8300
5.8365
5.8427
5.8487
5.8545
5.8601
5.8656
5.8709
5.8762
5.8814
5.8860
5.8903
5.8945
5.8986
5.9025
5.9016
6.9719
6.9980
6.8525
6.7852
6.7567
6.7367
6.7209
6.7100
6.6989
6.6914
6.6914
6.6914
6.6914
6.6914
6.6914
6.6914
6.6914
6.6914
6.6914
6.6914
6.6914
6.6914
6.6914
6.6914
6.6914
6.6914
6.6914
6.7601
6.7670
6.7710
6.7707
6.7695
6.7680
6.6914
6.6914
6.6914
6.6914
6.6914
6.6914
6.6914
6.6770
6.6547
6.6384
6.6292
6.6229
6.6179
6.5584
6.5583
6.5583
6.5583
6.5583
6.5583
6.5583
6.5583
6.5583
6.5583
6.5583
6.5583
6.5583
6.5583
6.5583
6.5583
6.5583
6.5583
6.5583
6.5583
6.5583
6.5583
6.5583
6.5583
6.5583
6.5583
6.5583
6.5583
6.5583
6.5583
6.5583
6.5583
6.5583
6.5583
6.5583
6.5583
6.5583
6.5583
6.5583
6.5583
6.5583
6.5583
6.5583
6.5583
6.5583
6.5583
6.5583
6.5638
6.5690
6.5731
6.5770
6.5810
6.5850
6.5961
6.6109
6.6266
6.6376
6.6465
6.6545
6.6624
6.6702
6.6777
6.6848
6.6945
6.7020
6.7082
6.7140
6.7195
6.7248
6.7299
6.7349
6.7398
6.7445
6.7492
6.7524
6.7554
6.7582
6.7609
6.7636
6.7661
6.7686
6.7710
6.7734
6.7757
6.7779
6.7801
6.7823
6.7845
6.7867
6.7889
6.7910
6.7931
6.7952
6.7973
6.7993
6.8014
6.8034
6.8054
6.8359
6.8379
6.8402
6.8427
6.8452
6.8477
6.8501
6.8524
6.8547
4.4715
4.2079
4.0754
3.9868
3.9269
3.8876
3.8827
3.8731
3.8675
3.8662
3.8643
3.8645
3.8660
3.8684
3.8712
3.8743
3.8700
3.8738
3.8769
3.8800
3.8830
3.8857
3.8887
3.8933
3.8962
3.8990
3.9016
3.9041
3.9064
3.9085
3.9105
3.9123
3.9140
3.9156
3.9170
3.9183
3.9196
3.9207
3.9217
3.9226
3.9235
3.9243
3.9250
3.9256
3.9262
3.9267
3.9271
3.9275
3.9279
3.9281
3.9284
3.9285
3.9287
3.9287
3.9288
3.9288
3.9288
3.9287
3.9286
3.9285
3.9284
3.9282
3.9280
3.9277
3.9275
3.9272
3.9269
3.9265
3.9262
3.9258
3.9254
3.9250
3.9246
3.9241
3.9236
4.4388
4.2414
4.2260
4.2144
4.2050
4.1971
4.1901
4.1836
4.1779
4.1726
4.1677
4.1632
4.5762
4.4196
4.4046
4.3930
4.3837
4.3757
4.3687
4.3626
4.3572
4.3523
4.3478
4.3437
5.1286
4.9801
5.0009
5.0027
5.1446
5.1438
4.9977
5.1441
5.2075
5.2184
5.2277
5.2363
5.4116
5.5527
5.5602
5.5719
5.5868
5.6009
5.6038
5.6194
5.6258
5.6325
5.6422
5.6476
5.6539
5.6553
5.6636
5.6752
5.6812
5.6827
5.6897
5.7013
5.7081
5.7151
5.7222
5.7294
5.7370
5.7394
5.7518
5.7493
5.7525
5.7680
5.7670
5.7883
5.7934
5.8041
5.8049
5.8109
5.8150
5.8190
5.8229
5.8266
5.8208
5.8250
5.8238
5.7944
5.7871
5.7895
5.8295
5.8278
5.8284
5.8347
5.8377
5.8407
5.8437
5.8467
5.8506
5.8650
5.8700
5.8710
5.8775
5.8844
5.8967
5.8990
5.9072
5.8888
5.8837
5.8725
5.8656
5.8675
5.9051
5.9082
5.9182
5.9223
5.9365
5.9579
5.9640
5.9746
5.9813
5.9889
5.9943
5.9988
6.0079
6.0122
6.0088
6.0053
6.0014
6.0050
6.0082
6.0112
6.0141
6.0168
6.0191
6.0211
6.0180
6.0244
6.0253
6.0262
6.0269
6.0274
6.0276
6.0275
6.0274
6.0270
6.0240
6.0150
6.0107
6.0010
5.9959
5.9444
5.9293
5.7784
5.7702
5.7581
5.7059
5.6891
5.6473
5.3483
5.3184
5.2629
5.2425
5.2228
7.0865
7.0865
7.0865
7.0865
7.0865
7.0865
7.0865
7.0865
7.0865
7.0865
7.0865
7.0865
7.0865
7.0865
7.0865
7.0865
7.0865
7.0865
7.0865
7.0865
7.0865
7.0865
7.0865
7.0865
7.0865
7.0865
7.0865
7.0865
7.0865
7.0865
7.0865
7.0865
7.0865
7.0865
7.0865
7.0865
7.0865
7.0865
7.0865
7.0865
7.0865
7.0865
7.0865
7.0865
7.0865
7.0865
7.0865
7.0865
7.0865
7.0865
7.0865
7.0865
7.0865
7.0865
7.0865
7.0865
7.0865
7.0865
7.0865
7.0865
7.0865
7.0865
7.0865
7.0865
7.0865
7.0865
7.0865
7.0865
7.0865
7.0865
7.0865
7.0865
7.0865
7.0865
7.0865
7.0865
7.0865
7.0865
7.0865
7.0865
7.0865
7.0865
7.0865
7.0865
7.0865
7.0865
7.0865
7.0865
7.0865
7.0865
7.0865
7.0865
7.0865
7.0865
7.0865
7.0865
7.0865
7.0865
7.0865
7.0865
7.0865
7.0865
7.0865
7.0865
7.0865
7.0865
7.0865
7.0865
7.0865
7.0865
7.0865
7.0865
7.0865
7.0865
7.0865
7.0865
7.0865
7.0865
7.0865
7.0865
7.0865
7.0865
7.0865
7.0865
7.0865
7.0865
7.0865
7.0865
7.0865
7.0865
7.0865
7.0865
7.0865
7.0865
7.0865
7.0865
7.0865
7.0865
7.0865
7.0865
7.0865
7.0865
7.0865
7.0865
7.0865
7.0865
7.0865
7.0865
7.0865
7.0865
7.0865
7.0865
7.0865
7.0865
7.0865
7.0865
7.0865
7.0865
7.0865
7.0865
7.0865
7.0865
7.0865
7.0865
7.0865
7.0865
7.0865
7.0865
7.0865
7.0865
7.0865
7.0865
7.0865
7.0865
7.0865
7.0865
7.0865
7.0865
7.0865
7.0865
7.0865
7.0865
7.0865
7.0865
7.0865
7.0865
7.0865
7.0865
7.0865
7.0865
7.0865
7.0865
7.0865
7.0865
7.0865
7.0865
7.0865
7.0865
7.0865
7.0865
7.0865
7.0865
7.0865
7.0865
7.0865
7.0865
7.0865
7.0865
7.0865
7.0865
7.0865
7.0865
7.0865
7.0865
7.0865
7.0865
7.0865
7.0865
7.0865
7.0865
7.0865
7.0865
7.0865
7.0865
7.0865
7.0865
7.0865
7.0865
7.0865
7.0865
7.0865
7.0865
7.0865
7.0865
7.0865
7.0865
7.0865
7.0865
7.0865
7.0865
7.0865
7.0865
7.0865
7.0865
7.0865
7.0865
7.0865
7.0865
7.0865
7.0865
7.0865
7.0865
7.0865
7.0865
7.0865
7.0865
7.0865
7.0865
7.0865
7.0865
7.0865
7.0865
7.0865
7.0865
7.0865
7.0865
7.0865
7.0865
7.0865
7.0865
7.0865
7.0865
7.0865
7.0865
7.0865
7.0865
7.0865
7.0865
7.0865
7.0865
7.0865
7.0865
7.0865
7.0865
7.0865
7.0865
7.0865
7.0865
7.0865
7.0865
7.0865
7.0865
7.0865
7.0865
7.0865
7.0865
7.0865
7.0865
7.0865
7.0865
7.0865
7.0865
7.0865
7.0865
7.0865
7.0865
7.0865
7.0865
7.0865
7.0865
7.0865
7.0865
7.0865
7.0865
7.0865
7.0865
7.0865
7.0865
7.0865
7.0865
7.0865
7.0865
7.0865
7.0865
7.0865
7.0865
7.0865
7.0865
7.0865
7.0865
7.0865
7.0865
7.0865
7.0865
7.0865
7.0865
7.0865
7.0865
7.0865
7.0865
7.0865
7.0865
7.0865
7.0865
7.0865
7.0865
7.0865
7.0865
7.0865
7.0865
7.0865
7.0865
7.0865
7.0865
7.0865
7.0865
7.0865
7.0865
7.0865
7.0865
7.0865
7.0865
7.0865
7.0865
7.0865
7.0865
7.0865
7.0865
7.0865
7.0865
7.0865
7.0865
7.0865
7.0865
7.0865
7.0865
7.0865
7.0865
7.0865
7.0865
7.0865
7.0865
7.0865
7.0865
7.0865
7.0865
7.0865
7.0865
7.0865
7.0865
7.0865
7.0865
7.0865
7.0865
7.0865
7.0865
7.0865
7.0865
7.0865
7.0865
7.0865
7.0865
7.0865
7.0865
7.0865
7.0865
7.0865
7.0865
7.0865
7.0865
7.0865
7.0865
7.0865
7.0865
7.0865
7.0865
7.0865
7.0865
7.0865
7.0865
7.0865
7.0865
7.0865
7.0865
7.0865
7.0865
7.0865
7.0865
7.0865
7.0865
7.0865
7.0865
7.0865
7.0865
7.0865
7.0865
7.0865
7.0865
7.0865
7.0865
7.0865
7.0865
7.0865
7.0865
7.0865
7.0865
7.0865
7.0865
7.0865
7.0865
7.0865
7.0865
7.0865
7.0865
7.0865
7.0865
7.0865
7.0865
7.0865
7.0865
7.0865
7.0865
7.0865
7.0865
7.0865
7.0865
7.0865
7.0865
7.0865
7.0865
7.0865
7.0865
7.0865
7.0865
7.0865
7.0865
7.0865
7.0865
7.0865
7.0865
7.0865
7.0865
7.0865
7.0865
7.0865
7.0865
7.0865
7.0865
7.0865
7.0865
7.0865
7.0865
7.0865
7.0865
7.0865
7.0865
7.0865
7.0865
7.0865
7.0865
7.0865
7.0865
7.0865
7.0865
7.0865
7.0865
7.0865
7.0865
7.0865
7.0865
7.0865
7.0865
7.0865
7.0865
7.0865
7.0865
7.0865
7.0865
7.0865
7.0865
7.0865
7.0865
7.0865
7.0865
7.0865
7.0865
7.0865
7.0865
7.0865
7.0865
7.0865
7.0865
7.0865
7.0865
7.0865
7.0865
7.0865
7.0865
7.0865
7.0865
7.0865
7.0865
7.0865
7.0865
7.0865
7.0865
7.0865
7.0865
7.0865
7.0865
7.0865
7.0865
7.0865
7.0865
7.0865
7.0865
7.0865
7.0865
7.0865
7.0865
7.0865
7.0865
7.0865
7.0865
7.0865
7.0865
7.0865
7.0865
7.0865
7.0865
7.0865
7.0865
7.0865
7.0865
7.0865
7.0865
7.0865
7.0865
7.0865
7.0865
7.0865
7.0865
7.0865
7.0865
7.0865
7.0865
7.0865
7.0865
7.0865
7.0865
7.0865
7.0865
7.0865
7.0865
7.0865
7.0865
7.0865
7.0865
7.0865
7.0865
7.0865
7.0865
7.0865
7.0865
7.0865
7.0865
7.0865
7.0865
7.0865
7.0865
7.0865
7.0865
7.0865
7.0865
7.0865
7.0865
7.0865
7.0865
7.0865
7.0865
7.0865
7.0865
7.0865
7.0865
7.0865
7.0865
7.0865
7.0865
7.0865
7.0865
7.0865
7.0865
7.0865
7.0865
7.0865
7.0865
7.0865
7.0865
7.0865
7.0865
7.0865
7.0865
7.0865
7.0865
7.0865
7.0865
7.0865
7.0865
7.0865
7.0865
7.0865
7.0865
7.0865
7.0865
7.0865
7.0865
7.0865
7.0865
7.0865
7.0865
7.0865
7.0865
7.0865
7.0865
7.0865
7.0865
7.0865
7.0865
7.0865
7.0865
7.0865
7.0865
7.0865
7.0865
7.0865
7.0865
7.0865
7.0865
7.0865
7.0865
7.0865
7.0865
7.0865
7.0865
7.0865
7.0865
7.0865
7.0865
7.0865
7.0865
7.0865
7.0865
7.0865
7.0865
7.0865
7.0865
7.0865
7.0865
7.0865
7.0865
7.0865
7.0865
7.0865
7.0865
7.0865
7.0865
7.0865
7.0865
5.1376
5.0372
4.8881
4.7906
4.7233
4.6772
4.6455
4.6242
4.6099
4.6005
4.5945
4.5907
4.5886
4.5876
4.5874
4.5878
4.5884
4.5892
4.5900
4.5909
4.5919
4.5927
4.5936
4.5943
4.8394
4.6987
4.6921
4.6894
4.8314
4.8386
4.7037
4.9843
5.0817
5.1760
5.2033
5.2183
5.3126
5.3494
5.3688
5.3834
5.3973
5.4110
5.4139
5.4399
5.4500
5.4605
5.4712
5.4814
5.4859
5.4999
5.5087
5.5174
5.5305
5.5386
5.5468
5.5501
5.5535
5.5661
5.5736
5.5859
5.5837
5.5963
5.6017
5.5955
5.6132
5.6327
5.6283
5.6507
5.6569
5.6606
5.6698
5.6791
5.6818
5.6941
5.7013
5.6901
5.6913
5.6977
5.6972
5.7058
5.7090
5.7183
5.7239
5.7281
5.7326
5.7364
5.7404
5.7314
5.7403
5.7484
5.7533
5.7547
5.7616
5.7626
5.7702
5.7769
5.7841
5.7875
5.7752
5.7985
5.7953
5.7904
5.8090
5.7771
5.7848
5.7868
5.7946
5.7977
5.8004
5.8029
5.8055
5.8079
5.8102
5.8124
5.8207
5.8199
5.8243
5.8286
5.8330
5.8374
5.8418
5.8461
5.8505
5.8548
5.8591
5.8633
5.8671
5.8706
5.8740
5.8772
5.8802
5.8831
5.8858
5.8885
5.8910
5.8933
5.8955
5.8974
5.8936
5.8875
5.8808
5.8735
5.8657
5.8527
5.7339
5.6136
5.5831
5.5296
5.5111
5.4293
5.4136
5.0871
5.0736
5.0525
5.0345
5.0181
5.0023
5.0390
5.0269
5.0163
5.0055
4.9951
4.9871
4.9802
4.9737
4.9674
4.9613
4.9554
4.9496
4.9434
4.9382
4.9334
4.9287
4.9241
4.9197
4.9153
4.9111
4.9069
4.9028
4.8982
4.8941
4.8908
4.8876
4.8846
4.8816
4.8788
4.8760
4.8733
4.8706
4.8681
4.8657
4.8633
4.8609
4.8585
4.8561
4.8538
4.8514
4.8490
4.8467
4.8443
4.8420
4.8396
4.8373
4.8349
4.6176
4.6292
4.6290
4.6291
4.6292
4.6292
4.6292
4.6292
4.6292
4.6291
4.6291
4.6290
4.6291
4.6292
4.6293
4.6294
4.6296
4.6297
4.6299
4.6304
4.6311
4.6321
4.6333
