472.6359
471.8162
471.0228
470.2541
469.5088
468.7858
468.0837
467.4015
466.7383
466.0930
465.4648
464.8528
464.2562
463.6743
463.1067
462.5526
462.0115
461.4827
460.9656
460.4597
459.9646
459.4796
459.0043
458.5384
458.0814
457.6329
457.1924
456.7598
456.3346
455.9165
455.5052
455.1005
454.7021
454.3098
453.9233
453.5424
453.1669
452.7965
452.4312
452.0707
451.7149
451.3636
451.0166
450.6738
450.3351
450.0003
449.6693
449.3421
449.0184
448.6982
448.3814
448.0678
447.7575
447.4502
447.1460
446.8447
446.5463
446.2507
445.9579
445.6677
445.3801
445.0951
444.8516
444.6167
444.3866
444.1591
443.9331
443.7076
443.4821
443.2563
443.0299
442.8029
442.5750
442.3463
442.7193
443.0679
443.3923
443.6938
443.9738
444.2337
444.4745
444.6976
444.9041
445.0949
445.2710
445.4333
445.6527
448.5657
450.7933
452.5058
456.6825
460.1358
460.1761
471.4773
481.2674
489.8296
497.4029
504.2016
510.3717
521.4814
531.6227
540.9630
549.6343
557.8931
565.7149
573.1242
580.0289
586.5865
592.8635
598.9340
599.4323
600.7113
602.6520
605.1315
605.3329
606.3362
607.9535
612.8017
617.4969
622.0552
626.3044
630.3306
634.2034
637.8527
641.2995
639.0072
640.1811
644.0667
644.7470
648.5559
652.0845
655.4574
658.6596
661.7077
664.6159
667.3962
670.0590
672.5562
674.9237
677.1656
676.5770
676.1969
675.7529
675.3466
675.0380
677.6343
679.8715
681.6418
683.2551
684.7493
686.1397
687.4414
691.3314
694.6454
697.5128
700.0254
702.2424
704.1863
700.5942
697.8279
695.6584
699.3812
705.0886
709.8091
711.1562
712.4838
713.7240
717.6076
720.9376
723.9050
726.6256
729.1597
731.7467
734.3208
736.8520
739.3299
741.7370
741.4383
741.4821
741.7419
742.1508
742.6674
743.2583
743.8929
744.5584
745.2190
745.8650
746.5003
747.3094
748.1801
749.0996
750.0539
750.8432
751.5693
749.6727
750.9588
751.9648
752.8304
750.9774
749.5606
748.5157
747.7723
747.2713
746.9662
746.8206
746.6569
746.5662
738.3968
731.2833
724.8930
718.8752
713.2253
707.9244
700.8008
694.1260
687.7935
681.6991
675.8321
670.1535
664.6115
659.2129
653.9622
648.8574
643.8947
639.0630
634.3548
629.7648
625.2878
620.9181
616.6529
612.4857
608.4139
604.4334
600.5411
596.7340
593.0098
589.3662
585.8007
582.3113
578.8959
575.5527
572.2802
569.0789
565.9475
562.8846
559.8883
556.9570
554.0893
551.2835
548.5382
545.8522
543.2241
540.6524
538.1360
535.6653
533.2379
530.8522
528.5080
526.2046
523.9414
521.7179
519.5334
517.3873
515.2790
513.2080
511.1737
508.0472
505.2180
502.6409
500.2787
498.1009
496.0821
494.2015
492.4419
490.7887
489.2299
487.7554
486.3565
485.0260
483.7578
482.5465
481.3873
480.2764
479.2100
478.1851
477.1988
476.2486
475.3323
474.4478
473.5932
472.7667
471.9669
471.1921
470.4412
469.7127
469.0056
468.3187
467.6511
467.0017
466.3696
465.7540
465.1541
464.5692
463.9987
463.4418
462.8979
462.3664
461.8467
461.3383
460.8406
460.3532
459.8757
459.4075
458.9483
458.4977
458.0552
457.6206
457.1935
456.7736
456.3606
455.9542
455.5542
455.1603
454.7723
454.3899
454.0130
453.6414
453.2749
452.9133
452.5565
452.2042
451.8564
451.5129
451.1735
450.8382
450.5067
450.1790
449.8549
449.5341
449.2166
448.9022
448.5909
448.2827
447.9773
447.6748
447.3750
447.0780
446.7835
446.4917
446.2024
445.9546
445.7156
445.4813
445.2497
445.0197
444.7904
444.5612
444.3317
444.1017
443.8712
443.6399
443.4078
443.7891
444.1455
444.4772
444.7856
445.0721
445.3379
445.5843
445.8126
446.0238
446.2191
446.3993
446.5654
446.7170
452.5420
457.3219
461.2765
467.4250
472.6436
474.2549
475.6248
479.6171
483.2704
486.6194
489.7784
495.5362
506.3796
516.2086
525.1772
536.1535
546.0941
555.1922
563.6163
571.4731
578.8591
585.8644
592.5428
598.9218
605.0491
610.9314
616.5963
622.0651
627.3540
632.4941
637.4926
642.3623
641.7941
642.0851
643.0366
636.1613
631.0767
627.1693
621.5079
616.7516
612.7395
609.3868
611.0878
612.9440
614.9987
617.2382
619.6393
622.1684
627.5945
632.5877
637.2191
641.5512
645.6023
649.4101
653.0602
656.5415
659.9017
663.1671
666.3531
669.4322
683.4486
695.3379
705.5702
714.3847
722.0409
728.7290
734.6136
739.8137
744.3431
748.2981
751.7340
754.2959
755.7622
756.5133
754.2809
752.3359
753.3326
754.0770
754.7178
755.2962
755.9054
756.5039
757.1280
757.7959
758.4933
759.2033
759.9528
760.7646
761.6100
762.4266
763.1842
763.4245
763.3949
763.2200
762.9689
762.6753
759.7702
757.3894
755.4465
753.8810
752.6294
751.6529
753.5186
755.2844
756.9156
758.4073
759.7646
761.0294
762.2155
763.0898
763.7784
764.8128
765.8058
766.7923
767.7836
768.7829
769.7907
770.8068
771.8307
775.8733
769.9466
765.4006
758.6669
752.3063
746.2104
740.2654
734.1950
728.1908
719.5962
711.5899
703.9940
696.8120
690.4090
684.3241
678.4599
672.7979
667.3236
662.0105
656.8432
651.8120
646.9085
642.1257
637.4575
632.8978
628.4432
624.0880
619.8277
615.6591
611.5785
607.5816
603.6675
599.8347
596.0813
592.4062
588.8076
585.2774
581.8136
578.4148
575.0798
571.8074
568.5966
565.4464
562.3557
559.3235
556.3489
553.4306
550.5678
547.7593
545.0039
542.3000
539.6473
537.0449
534.4920
531.9876
529.5309
527.1209
524.7569
522.4379
520.1632
516.9131
513.9682
511.2822
508.8171
506.5413
504.4289
502.4585
500.6127
498.8766
497.2376
495.6854
494.2111
492.8074
491.4678
490.1869
488.9599
487.7826
486.6515
485.5633
484.5152
483.5045
482.5290
481.5865
480.6752
479.7933
478.9392
478.1114
477.3085
476.5291
475.7722
475.0365
474.3209
473.6245
472.9464
472.2856
471.6413
471.0126
470.3987
469.7991
469.2130
468.6397
468.0788
467.5296
466.9916
466.4643
465.9472
465.4399
464.9420
464.4530
463.9725
463.5002
463.0357
462.5787
462.1290
461.6862
461.2501
460.8204
460.3969
459.9794
459.5676
459.1613
458.7603
458.3644
457.9734
457.5871
457.2053
456.8280
456.4549
456.0860
455.7210
455.3599
455.0026
454.6489
454.2987
453.9520
453.6087
453.2686
452.9317
452.5979
452.2671
451.9394
451.6145
451.2924
450.9731
450.6826
450.3919
450.1031
449.8176
449.5359
449.2580
448.9834
448.7117
448.4423
448.1748
447.9086
447.6435
448.0525
448.4360
448.7948
449.1301
449.4433
449.7355
450.0078
450.2612
450.4965
450.7148
450.9169
451.1035
451.2994
454.2472
456.5312
458.3108
465.4267
471.4133
473.6584
475.6096
477.3852
479.0374
480.5916
482.2198
486.6884
496.3871
505.1624
507.6789
507.6193
510.8789
516.9586
525.3991
532.8935
539.6716
551.2179
561.6914
571.2158
579.7665
587.7411
595.1848
602.1258
608.5936
614.8344
620.8027
629.1470
636.7657
643.5886
649.9412
653.1940
656.5199
659.8802
663.1148
666.3326
669.5953
673.0397
676.4229
679.7548
683.0132
686.1895
689.2797
692.2804
695.1837
697.9955
700.7125
703.3416
705.7912
702.8863
698.2236
694.7296
692.1851
690.4110
691.9806
690.8424
692.9113
694.7863
696.5068
698.0766
699.4832
700.7367
701.8678
702.9266
706.5875
709.6655
712.2569
714.4343
713.5645
712.9547
715.2656
719.9130
723.8004
727.1176
729.9928
732.5218
734.8026
736.8996
738.9331
740.9439
743.1131
745.3872
747.7238
750.0918
752.4685
754.8388
757.1885
759.4701
761.6706
763.7448
765.6788
767.4798
769.2121
770.8466
772.4152
773.9350
775.4151
776.8591
778.2692
779.6478
780.9966
782.3173
783.6113
784.8820
786.1103
787.2958
788.4385
789.5674
790.5661
791.4544
789.5025
788.0644
787.0154
786.2163
785.5482
784.9629
773.1150
763.2832
752.1462
742.3536
733.6323
725.7504
718.3254
711.1643
704.3505
698.0379
692.1273
686.5413
680.7945
675.3518
670.1197
665.0739
660.1992
655.4528
650.8168
646.2834
641.8479
637.5061
633.2544
629.0883
625.0154
621.0244
617.1091
613.2676
609.4982
605.7993
602.1697
598.6078
595.1120
591.6803
588.3119
584.9994
581.7405
578.5347
575.3815
572.2803
569.2308
566.2325
563.2849
560.3876
557.5399
554.7414
551.9914
549.2892
546.6320
544.0200
541.4532
538.9310
536.4530
534.0185
531.6270
529.2779
526.9705
524.7043
522.4785
519.3829
516.6000
514.0853
511.8013
509.7169
507.8063
506.0468
504.4206
502.9141
501.5140
500.2092
498.9900
497.8478
496.7751
495.7656
494.8135
493.9137
493.0620
492.2542
491.4870
490.7558
490.0582
489.3917
488.7554
488.1462
487.5177
486.8723
486.2157
485.5527
484.8869
484.2215
483.5586
482.8999
482.2470
481.6007
480.9620
480.3314
479.7092
479.0958
478.4914
477.8960
477.3097
476.7324
476.1640
475.6045
475.0535
474.5111
473.9769
473.4506
472.9322
472.4213
471.9177
471.4213
470.9318
470.4490
469.9726
469.5026
469.0387
468.5806
468.1283
467.6815
467.2400
466.8038
466.3726
465.9462
465.5246
465.1076
464.6949
464.2866
463.8825
463.4824
463.0863
462.6940
462.3054
461.9204
461.5389
461.1608
460.7861
460.4147
460.0464
459.6812
459.3190
458.9598
458.6035
458.2916
457.9912
457.6973
457.4078
457.1212
456.8363
456.5523
456.2689
455.9855
455.7020
455.4181
455.1342
455.6216
456.0773
456.5026
456.8995
457.2698
457.6148
457.9361
458.2350
458.5126
458.7702
459.0087
459.2292
459.7722
459.7788
459.5718
459.2090
461.4303
463.1382
462.1476
466.5682
473.2213
478.9948
484.1039
488.6937
492.8840
505.4129
519.1804
531.2410
539.2214
546.5750
553.4368
559.9245
566.0773
571.9640
580.3083
587.9716
592.4145
596.9039
601.3720
608.4677
612.4894
616.6171
620.7291
627.3429
633.2886
636.0589
638.8914
641.7532
644.6223
650.1269
655.0866
659.6149
663.8502
667.7130
671.4945
675.0229
678.3569
681.6122
682.1204
683.0324
684.2695
685.7621
687.4787
689.3783
691.4435
693.6088
695.7566
697.9023
699.7971
701.5065
703.0728
704.5232
705.8457
706.9841
707.8299
708.4184
708.7880
708.9793
709.0339
706.3487
704.1401
702.2324
700.5647
699.3105
695.6568
692.6936
690.2290
690.9131
691.4746
692.0683
692.7363
693.4756
694.3192
695.4214
696.6516
697.9639
699.1686
700.2178
701.1175
702.0665
703.1234
704.2893
705.5453
706.8427
708.1634
709.6727
711.2461
712.8255
714.3850
715.9118
717.4003
718.8491
720.4432
722.0744
723.6920
725.2733
726.8109
728.3034
729.7518
731.1653
732.5265
731.0495
730.0850
729.3246
728.7815
728.4348
728.2525
728.2022
728.2557
728.3840
728.5239
728.6559
728.6352
723.0780
718.4370
714.2537
710.2625
706.5015
702.9749
696.8268
691.0412
685.4938
680.1460
674.9355
669.9591
662.6861
656.1300
650.0467
644.3113
638.8537
633.6305
628.6120
623.7759
619.1045
614.5835
610.2007
605.9460
601.8104
597.7862
593.8666
590.0458
586.3185
582.6800
579.1264
575.6539
572.2591
568.9392
565.6914
562.5133
559.4027
556.3573
553.3752
550.4547
547.5940
544.7915
542.0457
539.3552
536.7187
534.1348
531.6023
529.1201
526.6870
524.3020
521.9639
519.6719
517.4248
515.2218
513.0619
510.9442
508.8680
506.8322
504.8362
502.6932
501.3356
500.4029
499.7103
499.1599
498.6973
498.2910
497.9220
497.5782
497.2519
496.9377
496.6322
496.3328
496.0381
495.7467
495.4579
495.1712
494.8861
494.6026
494.3203
494.0392
493.7594
493.4806
493.2031
492.9267
492.4961
491.9912
491.4513
490.8957
490.3344
489.7726
489.2129
488.6567
488.1046
487.5570
487.0139
486.4753
485.9413
485.4116
484.8862
484.3648
483.8473
483.3337
482.8238
482.3174
481.8146
481.3152
480.8191
480.3262
479.8364
479.3497
478.8661
478.3855
477.9078
477.4332
476.9614
476.4926
476.0267
475.5636
475.1034
474.6460
474.1915
473.7397
473.2908
472.8446
472.4011
471.9603
471.5223
471.0869
470.6542
470.2241
469.7967
469.3718
468.9495
468.5298
468.1126
467.6980
467.2858
466.8762
466.4690
466.0643
465.6621
465.2623
464.8649
464.4701
464.0779
463.6882
463.3011
462.9165
462.5343
462.1545
461.7772
461.4023
461.0297
460.6594
460.2915
460.6666
460.9230
461.1023
461.2276
461.3122
461.3650
461.3923
461.3988
461.3880
461.3631
461.3264
461.2799
460.6101
459.6597
458.5863
457.4649
456.3321
455.2060
454.0957
453.0059
451.9388
450.8952
449.8752
448.8785
447.9046
446.9529
446.0227
445.1132
444.2238
443.3538
442.5026
441.6695
440.8541
440.0557
439.2739
438.5083
437.7583
437.0235
436.3037
435.5983
434.9070
434.2296
433.5656
432.9148
432.2769
431.6516
431.0386
430.4376
429.8485
429.2708
428.7045
428.1492
427.6048
427.0710
426.5476
426.0344
425.5311
425.0377
424.5538
424.0794
423.6141
423.1578
422.7103
422.2715
421.8412
421.4192
421.0054
420.5995
420.2015
419.8112
419.4284
419.0530
418.6848
418.3238
417.9698
417.6226
417.2822
416.9483
416.6209
416.2998
415.9849
415.6761
415.3733
415.0763
414.7851
414.4994
414.2193
413.9444
413.6749
413.4105
413.1513
412.8970
412.6476
412.4029
412.1631
411.9278
411.6971
411.4708
411.2489
411.0313
410.8179
410.6086
410.4034
410.2021
410.0047
409.8112
409.6214
409.4352
409.2527
409.0736
408.8981
408.7259
408.5570
408.3914
408.2290
408.0697
407.9136
407.7604
407.6102
407.4628
407.3184
407.1767
407.0378
406.9015
406.7679
406.6369
406.5084
406.3824
406.2589
406.1377
406.0189
405.9023
405.8432
405.8125
405.7961
405.7868
405.7811
405.7770
405.7735
405.7700
405.7663
405.7622
405.7577
405.7527
405.6774
405.6136
405.5571
405.5057
405.4581
405.4135
405.3713
405.3311
405.2925
405.2552
405.2192
405.1840
405.1498
405.1162
405.0832
405.0508
405.0189
404.9873
404.9562
404.9254
404.8949
404.8646
404.8346
404.8049
404.7754
404.7462
404.7172
404.6884
404.6598
404.6314
404.6032
404.5752
404.5474
404.5197
404.4923
404.4650
404.4379
404.4109
404.3841
404.3575
404.3310
404.3047
404.2786
404.2526
404.2267
404.2011
404.1755
404.1502
404.1250
404.0999
404.0750
404.0503
404.0257
404.0013
403.9770
403.9529
403.9289
403.9050
403.8813
403.8578
403.8344
403.8111
403.7880
403.7650
403.7422
403.7195
403.6969
403.6745
403.6522
403.6300
403.6080
403.5861
403.5643
403.5427
403.5212
403.4999
403.4786
403.4575
403.4366
403.4157
403.3950
403.3745
403.3540
403.3337
403.3135
403.2934
403.2734
403.2536
403.2338
403.2142
403.1947
403.1754
403.1561
403.1370
403.1179
403.0990
403.0802
403.0615
403.0430
403.0245
403.0061
402.9879
402.9698
402.9517
402.9338
402.9160
402.8983
402.8807
402.8632
402.8458
402.8285
402.8113
402.7943
402.7773
402.7604
402.7436
402.7270
402.7104
402.6939
402.6775
402.6613
402.6451
402.6290
402.6130
402.5971
402.5814
402.5657
402.5501
402.5346
402.5191
402.5038
402.4886
402.4735
402.4584
402.4435
402.4287
402.4140
402.3993
402.3848
402.3703
402.3560
402.3417
402.3275
402.3134
402.2994
402.2855
402.2717
402.2580
402.2443
402.2307
402.2172
402.2038
402.1905
402.1772
402.1641
402.1510
402.1380
402.1251
402.1122
402.0995
402.0868
402.0742
402.0617
402.0492
402.0369
402.0246
402.0124
402.0002
401.9882
401.9762
401.9643
401.9524
401.9407
401.9290
401.9174
401.9058
401.8943
401.8829
401.8716
401.8603
401.8492
401.8380
401.8270
401.8160
401.8051
401.7942
401.7835
401.7728
401.7621
401.7515
401.7410
401.7306
401.7202
401.7099
401.6996
401.6894
401.6793
401.6692
401.6592
401.6493
401.6394
401.6296
401.6198
401.6101
401.6004
401.5909
401.5813
401.5718
401.5624
401.5530
401.5437
401.5344
401.5252
401.5161
401.5070
401.4979
401.4889
401.4800
401.4711
401.4623
401.4535
401.4448
401.4361
401.4275
401.4189
401.4104
401.4019
401.3935
401.3852
401.3768
401.3990
401.4604
401.5605
401.6950
401.8585
402.0457
402.2519
402.4730
402.7054
402.9465
403.1938
403.4456
403.7005
403.9572
404.2150
404.4731
404.7309
404.9882
405.2445
405.4997
405.7535
406.0060
406.2569
406.5063
406.7541
406.9698
407.1447
407.2794
407.3782
407.4464
407.4893
407.5117
407.5178
407.5111
407.4942
407.4696
407.4391
407.4042
407.3659
407.3253
407.2830
407.2395
407.1953
407.1507
407.1059
407.0611
407.0165
406.9720
406.9278
406.8840
406.8405
406.7973
406.7546
406.7122
406.6701
406.6285
406.5872
406.5462
406.5056
406.4653
406.4254
406.3857
406.3464
406.3073
406.2686
406.2301
406.1918
406.1539
406.1162
406.0787
406.0415
406.0046
405.9679
405.9314
405.8951
405.8591
405.8233
405.7877
405.7523
405.7172
405.6822
405.6475
405.6130
405.5787
405.5447
405.5109
405.4773
405.4439
405.4107
405.3777
405.3449
405.3123
405.2799
405.2478
405.2158
405.1840
405.1524
405.1210
405.0898
405.0588
405.0280
404.9974
404.9669
404.9367
404.9066
404.8767
404.8470
404.8175
404.7881
404.7590
404.7300
404.7011
404.6725
404.6440
404.6157
404.5876
404.5596
404.5318
404.5042
404.4767
404.4494
404.4223
404.3953
404.3685
404.3419
404.3154
404.2890
404.2629
404.2369
404.2110
404.1853
404.1598
404.1344
404.1091
404.0841
404.0591
404.0343
404.0097
403.9852
403.9609
403.9367
403.9127
403.8888
403.8650
403.8414
403.8180
403.7946
403.7715
403.7484
403.7256
403.7028
403.6802
403.6577
403.6354
403.6131
403.5911
403.5691
403.5473
403.5256
403.5041
403.4827
403.4614
403.4402
403.4192
403.3982
403.3775
403.3568
403.3363
403.3158
403.2956
403.2754
403.2553
403.2354
403.2156
403.1959
403.1764
403.1569
403.1376
403.1184
403.0993
403.0803
403.0615
403.0427
403.0241
403.0056
402.9872
402.9689
402.9507
402.9327
402.9147
402.8691
402.8258
402.7844
402.7449
402.7071
402.6708
402.6359
402.6024
402.5700
402.5389
402.5088
402.4797
402.4856
402.4907
402.4951
402.4989
402.5023
402.5052
402.5077
402.5099
402.5117
402.5132
402.5144
402.5154
402.5376
402.5297
402.5368
402.5704
405.5884
408.2323
407.9259
410.4207
412.9097
415.4001
417.9055
420.4757
423.0951
434.4477
444.6401
453.9140
465.2419
478.3195
490.0944
503.5797
515.7498
526.8609
537.0973
546.5960
555.4419
563.7159
571.4921
578.8308
585.7846
592.4101
598.7635
604.8673
610.7222
616.3366
621.7278
626.9133
629.2451
634.4482
639.3200
641.3753
641.1196
644.2549
647.4724
653.3871
658.8567
663.9621
668.7589
673.2887
677.6030
679.0831
680.8726
682.8661
685.0099
687.4198
689.9584
692.5191
697.6733
702.0619
705.9024
708.9425
708.8700
708.9840
709.2739
709.7039
710.2435
710.8352
711.4524
712.1279
712.7729
713.3612
713.8870
714.3269
714.6794
714.9064
715.3911
715.8263
716.1467
713.8488
712.0633
710.7146
709.6812
708.9287
708.4496
708.2681
708.3597
714.0085
718.9082
723.2845
727.2701
730.9490
734.3700
737.5310
740.4516
743.1613
745.6905
748.0658
750.3104
752.6210
754.9098
757.1563
759.3485
761.4799
763.5417
765.5950
767.6201
769.6089
771.4158
773.0719
774.6420
776.1577
777.6209
779.0483
777.8358
777.0933
776.7123
773.9838
772.0129
770.5597
769.5207
768.7501
768.2049
759.6681
752.0574
745.0831
735.9633
727.7959
720.3451
713.3472
706.7560
700.5415
694.4373
688.5639
683.1675
677.6095
672.2724
667.1051
662.0432
657.0925
652.2336
647.4579
642.7645
638.1553
633.6310
629.1911
624.8367
620.5854
616.4200
612.3320
608.3204
604.3842
600.5226
596.7348
593.0199
589.3768
585.8046
582.3023
578.8623
575.4830
572.1637
568.9035
565.7018
562.5579
559.4711
556.4406
553.4657
550.5458
547.6800
544.8677
542.1084
539.4015
536.7460
534.1414
531.5868
529.0814
526.6245
524.2150
521.8523
519.5353
517.2634
515.0358
512.0496
509.3338
506.8447
504.5479
502.4164
500.4289
498.5685
496.8204
495.1724
493.6141
492.1365
490.7321
489.3944
488.1175
486.8967
485.7275
484.6059
483.5286
482.4924
481.4947
480.5328
479.6048
478.7084
477.8420
478.9568
479.6707
480.1246
480.3944
480.5252
480.5466
480.4798
480.3413
480.1439
479.8985
479.6137
479.2968
478.9538
478.5896
478.2084
477.8136
477.4080
476.9940
476.5735
476.1481
475.7190
475.2874
474.8541
474.4199
473.9853
473.5509
473.1170
472.6840
472.2522
471.8218
471.3929
470.9657
470.5404
470.1169
469.6955
469.2762
468.8590
468.4440
468.0311
467.6205
467.2121
466.8060
466.4021
466.0006
465.6013
465.2044
464.8097
464.4173
464.0272
463.6395
463.2540
462.8708
462.4899
462.1113
461.7349
461.3608
460.9889
460.6193
460.2519
459.8866
459.5239
459.1636
458.8056
458.4501
458.0969
457.7460
457.3974
457.0510
456.7068
456.3649
456.0249
455.6869
456.0289
456.2631
456.4273
456.5421
456.6200
456.6688
456.6943
456.7006
456.6913
456.6689
456.6356
456.5934
460.6140
469.8537
478.0731
486.8366
499.0778
511.4614
520.8926
533.5562
546.3600
559.2513
572.1872
585.1334
598.0623
620.1094
641.8046
660.0735
681.1542
701.8586
725.2472
748.1381
770.5252
792.4202
813.8396
834.8055
852.2858
869.4820
886.4014
906.2047
925.6869
944.8448
954.5235
964.2811
974.0875
983.9237
993.7754
1003.6322
1013.3927
1022.9814
1032.5432
1039.0228
1045.6023
1052.2757
1059.0358
1065.8758
1081.9544
1097.7112
1110.1135
1122.3615
1134.4591
1146.4107
1158.2202
1169.8911
1184.4764
1198.7860
1209.5998
1220.4762
1231.1264
1241.5810
1251.8590
1265.0199
1277.8886
1290.3844
1277.0917
1288.0459
1299.2230
1310.2427
1321.0352
1319.0446
1329.9253
1340.7872
1351.0538
1360.8459
1367.1370
1342.6227
1344.6141
1348.0589
1351.3202
1360.6291
1369.5816
1378.2238
1386.5731
1394.6507
1402.4181
1390.6043
1397.2602
1406.2284
1414.8848
1423.1800
1431.1646
1438.8751
1446.3057
1453.4556
1460.2256
1466.6814
1450.7115
1455.2569
1462.5328
1469.3500
1475.6759
1481.6160
1465.9909
1469.2964
1476.0080
1482.2132
1487.9161
1493.2384
1498.2247
1502.9195
1507.3876
1489.5280
1490.4460
1495.6576
1500.2723
1504.3501
1508.0601
1511.4610
1492.9034
1493.1243
1498.1217
1502.3910
1506.0598
1495.4648
1485.4509
1475.9439
1466.7934
1458.0188
1433.1458
1423.3608
1416.6885
1411.0394
1401.2832
1394.7701
1388.0763
1378.3527
1368.7893
1359.4059
1347.4197
1337.5341
1328.0693
1318.8551
1309.9012
1301.1967
1292.7274
1284.4796
1276.4407
1268.7652
1261.3530
1254.1642
1247.1641
1237.8606
1230.4205
1223.3095
1213.9597
1206.5639
1199.5277
1192.7424
1183.8745
1176.8611
1170.1639
1163.6787
1157.4106
1151.3460
1145.4705
1139.7704
1134.2336
1128.8500
1123.6109
1118.5087
1113.5370
1106.6144
1101.4646
1096.6109
1091.9947
1087.5970
1083.3863
1079.3373
1075.4305
1069.5010
1065.1126
1060.9629
1038.0483
1024.8579
1015.9285
1009.2621
1003.8600
999.1899
994.9596
991.0026
987.2213
983.5565
979.9716
976.4435
972.9562
969.5005
966.0705
962.6627
959.2749
955.9058
952.5547
949.2214
945.9055
942.6072
939.3265
936.0635
932.8190
929.5932
926.3859
923.1971
920.0266
916.8736
913.7374
910.6175
907.5135
904.4255
901.3541
898.3031
895.2727
892.2628
889.2730
886.3024
883.3506
880.4172
877.5018
874.6040
871.7237
868.8607
866.0148
863.1858
860.3734
857.5774
854.7978
852.0345
849.2875
846.5566
843.8420
841.1433
838.4607
835.7939
833.1430
830.5079
827.8885
825.2848
822.6967
820.1240
817.5668
815.0249
812.4982
809.9866
807.4901
805.0085
802.5418
800.0899
797.6525
795.2296
792.8212
790.4272
788.0474
785.6819
783.3304
780.9931
778.6696
776.3601
774.0644
771.7824
769.5182
767.2711
765.0407
762.8264
760.6279
758.4448
756.2769
754.1238
751.9854
749.8614
747.7507
745.6533
747.7805
749.2380
750.2599
750.9751
751.4600
751.7646
751.9240
751.9647
751.9076
751.7696
751.5644
751.3488
754.0533
756.5902
757.3820
758.9457
764.1469
769.6619
772.3446
781.4238
790.5075
799.5743
808.6041
817.5791
826.4834
841.3996
856.0725
867.5424
882.0145
896.2860
910.3523
924.2135
937.8933
951.4043
970.8613
989.9031
1008.5512
1029.8436
1050.6007
1070.8443
1087.5397
1103.8943
1119.9184
1138.6753
1156.9879
1174.8687
1192.3269
1209.3845
1226.0586
1242.3647
1255.2659
1264.9112
1274.5228
1284.2108
1294.0405
1306.9139
1319.6392
1325.9670
1335.3824
1344.8830
1354.3265
1366.4414
1378.1583
1389.5250
1400.5269
1411.1059
1421.1695
1418.2611
1427.4793
1437.3807
1443.8117
1437.3971
1442.5411
1448.5054
1453.8363
1458.5828
1462.8311
1466.6829
1470.2053
1470.4212
1470.5298
1470.5633
1454.2866
1453.4212
1452.0433
1450.3746
1448.3146
1448.9749
1452.3401
1455.3383
1458.0399
1460.5483
1462.7425
1464.7546
1469.5029
1473.9485
1478.1026
1482.8497
1487.7489
1492.6680
1497.5118
1502.2479
1506.7296
1510.9913
1514.8799
1518.4164
1521.6376
1524.5983
1527.3360
1529.8962
1532.3689
1534.7184
1536.8316
1538.7485
1540.5453
1542.2045
1543.7270
1545.1472
1546.4914
1547.9107
1549.2694
1550.0217
1550.4985
1550.8345
1551.2304
1551.5013
1551.6457
1551.7088
1551.7147
1551.6225
1551.4229
1551.1507
1550.6887
1536.6834
1523.3563
1510.7632
1498.7147
1487.0145
1475.6840
1462.4835
1449.6118
1437.0049
1424.7214
1412.7234
1400.9971
1389.7303
1378.7770
1368.0817
1357.6201
1347.3766
1337.3396
1327.5009
1317.8548
1308.3967
1299.1104
1289.9819
1281.0121
1272.3765
1263.9792
1255.7931
1247.7992
1239.9842
1232.3384
1224.8543
1217.5235
1210.3290
1203.2657
1196.3351
1189.5384
1182.8223
1176.2143
1169.7208
1163.3450
1157.0882
1150.9505
1144.9256
1139.0011
1133.1756
1127.4530
1121.8349
1116.3218
1111.1316
1106.1450
1101.3242
1096.6438
1092.0865
1087.6401
1083.2956
1079.0467
1074.8882
1070.8163
1066.8228
1046.3404
1034.9186
1027.4410
1022.0021
1017.6456
1013.8704
1010.4095
1007.1170
1003.9102
1000.7453
997.5984
994.4567
991.3182
988.1804
985.0427
981.9057
978.7708
975.6396
972.5137
969.3949
966.2847
963.1845
960.0956
957.0191
948.4703
940.3566
932.6467
925.3029
918.2912
911.5827
905.1528
898.9800
893.0450
887.3307
881.8222
876.5057
871.3696
866.4029
861.5951
856.9369
852.4198
848.0358
843.7772
839.6370
835.6085
831.6856
827.8623
824.1333
820.4907
816.9299
813.4468
810.0374
806.6977
803.4244
800.2140
797.0635
793.9699
790.9304
787.9426
785.0039
782.1124
779.2659
776.4624
773.6999
770.9767
768.2911
765.6414
763.0263
760.4442
757.8940
755.3744
752.8842
750.4222
747.9873
745.5785
743.1950
740.8360
738.5006
736.1882
733.8981
731.6297
729.3824
727.1558
724.9494
723.0234
721.2010
719.4227
717.6696
715.9308
714.1995
712.4717
710.7447
709.0173
707.2885
705.5578
703.8252
706.3140
708.6327
710.7809
712.7693
714.6078
716.3861
718.4174
720.4051
722.3020
724.0824
725.7542
727.3160
729.3184
728.1905
728.1390
726.4607
729.3100
730.5024
727.7423
724.6829
724.2063
723.2850
722.0839
720.7340
719.3072
726.3974
732.1760
736.9652
740.8721
744.0685
746.7345
749.0139
751.0748
753.0335
754.9340
756.7954
758.6585
760.5285
762.3996
764.2256
765.9905
767.6905
769.3261
770.8999
772.4158
773.8776
775.2892
776.6437
778.5336
780.2096
781.4665
782.4205
780.3803
778.8879
777.7606
779.7181
781.3021
782.4311
780.4903
778.9058
777.5899
776.4796
775.5279
774.6993
773.9671
773.3105
769.9384
764.3805
759.8341
756.0710
752.9243
752.7130
752.1757
751.4522
750.6236
749.8754
749.1513
748.3477
747.4310
746.4044
745.2878
746.8548
747.7591
748.1433
742.5737
737.8573
734.0790
733.7286
733.1573
732.3896
728.6856
728.2655
727.6184
726.8865
726.1338
725.4307
724.7998
727.0233
728.7836
730.2083
731.3811
732.3601
733.1869
733.8925
734.5007
735.1027
735.7313
736.3929
737.0830
737.7934
738.4927
739.1694
739.8213
740.4499
741.0580
741.6488
742.2250
742.7888
743.3419
743.8984
744.4718
745.0625
745.6555
746.2310
746.7827
747.3105
747.8165
745.5232
743.8087
742.4753
741.4725
740.6647
740.0150
731.1959
723.5411
716.7199
710.5602
704.9348
699.7142
692.0478
685.1281
678.7841
672.9147
667.2514
661.7560
656.4116
651.2092
646.1543
641.2508
636.4954
631.8720
627.3648
622.9623
618.6562
614.4404
610.3100
606.2613
602.2935
598.4028
594.5852
590.8381
587.1598
583.5488
580.0042
576.5250
573.1104
569.7596
566.4717
563.2454
560.0794
556.9729
553.9251
550.9353
548.0026
545.1261
542.3051
539.5385
536.8256
534.1654
531.5569
528.9992
526.4914
524.0325
521.6217
519.2580
516.9404
514.6681
512.4402
510.2558
508.1141
506.0142
503.9553
501.6840
500.1599
499.0384
498.1384
497.3638
496.6627
496.0065
495.3790
494.7709
493.2905
491.8788
490.5297
489.2374
487.9972
486.8048
485.6578
484.5535
483.4890
482.4617
481.4697
480.5111
479.5841
478.6869
477.8179
476.9758
476.1589
475.3661
474.5961
473.8478
473.1201
472.4120
471.7226
471.0512
470.3971
469.7594
469.1373
468.5303
467.9375
467.3583
466.7921
466.2383
465.6963
465.1655
464.6455
464.1358
463.6358
463.1452
462.6635
462.1902
461.7250
461.2675
460.8174
460.3745
459.9383
459.5086
459.0851
458.6677
458.2560
457.8499
457.4491
457.0534
456.6628
456.2769
455.8956
455.5188
455.1464
454.7781
454.4138
454.0534
453.6969
453.3439
452.9946
452.6487
452.3061
451.9667
451.6305
451.2974
450.9672
450.6400
450.3156
449.9941
449.6752
449.3590
449.0454
448.7815
448.5284
448.2812
448.0372
447.7951
447.5537
447.3125
447.0709
446.8288
446.5858
446.3420
446.0973
446.5006
446.8778
447.2297
447.5580
447.8640
448.1488
448.4137
448.6597
448.8877
449.0989
449.2939
449.4738
449.9073
449.8405
449.6291
449.3526
451.8470
453.8936
453.1251
457.9023
462.0110
465.6591
469.0158
474.9014
480.0391
490.1193
499.2814
507.6774
518.1641
527.6078
536.2287
544.2273
551.6985
558.7566
565.4704
571.8813
575.3188
579.0412
582.9388
589.6395
593.2139
596.9587
600.7904
607.3965
613.4724
619.1265
624.4325
629.4442
634.2017
638.7297
643.0311
644.4853
646.2444
648.1775
650.4061
655.4470
660.0271
661.5139
663.3459
665.4205
667.6625
670.0188
672.4503
674.9279
677.4128
679.8324
682.1530
684.3137
685.9784
687.3395
688.6003
690.0366
691.4607
692.6467
693.8573
695.0261
696.1328
697.1759
698.1616
699.1121
700.0952
701.0833
702.0305
702.9270
701.0024
699.6084
698.5482
700.5029
704.8724
708.3894
711.2848
710.9300
710.8014
710.8955
711.1879
711.6732
712.3028
713.2381
714.7104
716.4670
718.4248
720.5207
722.7051
724.9408
727.1931
732.2443
736.7524
740.6779
744.0032
746.7522
749.1447
751.2937
753.2626
755.0906
756.8033
758.4192
759.9458
761.3773
762.7493
764.0780
765.3506
766.5663
767.7536
768.9189
767.2818
766.1674
765.4398
762.2117
759.6424
757.5234
755.6808
753.9463
752.3464
745.0498
738.4122
732.2017
726.2407
720.5174
715.0256
706.2390
698.3314
690.8774
683.8392
677.1315
668.6825
661.4632
655.0151
649.0287
643.3869
638.0211
632.8868
627.9532
623.1968
618.5993
614.1461
609.8248
605.6255
601.5396
597.5597
593.6794
589.8933
586.1966
582.5850
579.0549
575.6030
572.2263
568.9220
565.6879
562.5216
559.4211
556.3845
553.4100
550.4959
547.6406
544.8428
542.1010
539.4139
536.7801
534.1986
531.6681
529.1874
526.7556
524.3716
522.0343
519.7428
517.4961
515.2933
513.1335
511.0159
508.9395
506.9035
504.9071
502.7697
501.4169
500.4882
499.7993
499.2520
498.7923
498.3886
498.0219
497.6802
497.3558
497.0434
496.7394
496.4417
496.1485
495.8585
495.5711
495.2857
495.0018
494.7194
494.4381
494.1581
493.8791
493.6011
493.3243
493.0485
492.6185
492.1141
491.5745
491.0193
490.4583
489.8968
489.3372
488.7812
488.2292
487.6816
487.1385
486.5998
486.0654
485.5352
485.0091
484.4869
483.9686
483.4539
482.9429
482.4354
481.9313
481.4306
480.9331
480.4390
479.9483
479.4607
478.9764
478.4952
478.0170
477.5419
477.0698
476.6007
476.1345
475.6712
475.2107
474.7533
474.2987
473.8469
473.3980
472.9519
472.5086
472.0680
471.6301
471.1950
470.7625
470.3327
469.9055
469.4809
469.0589
468.6394
468.2225
467.8081
467.3962
466.9868
466.5799
466.1754
465.7734
465.3739
464.9768
464.5822
464.1901
463.8005
463.4134
463.0287
462.6464
462.2666
461.8891
461.5139
461.1411
460.7707
460.4025
460.7776
461.0339
461.2133
461.3384
461.4229
461.4757
461.5028
461.5092
461.4983
461.4732
461.4363
461.3896
460.7186
459.7665
458.6913
457.5681
456.4335
455.3057
454.1938
453.1024
452.0338
450.9887
449.9674
448.9694
447.9943
447.0413
446.1099
445.1992
444.3087
443.4376
442.5853
444.5344
445.9509
446.9638
447.6667
448.1299
448.4070
448.5393
448.6118
448.6551
448.6795
448.6878
448.6808
448.6592
448.6239
448.5760
448.5170
448.4484
448.3717
448.2883
448.1994
448.1062
448.0098
447.9108
447.8101
447.7083
447.6059
447.5033
447.4008
447.2989
447.1973
447.0965
446.9966
446.8977
446.7999
446.7034
446.6082
443.7313
441.4064
439.5040
437.9296
436.6127
435.4992
434.5473
433.7243
433.0046
432.3681
431.7989
431.2844
430.8146
430.3817
429.9792
429.6022
429.2466
428.9092
428.5874
428.2263
427.8187
427.3728
426.9003
426.4116
425.9150
425.4166
424.9208
424.4304
423.9472
423.4725
423.0070
422.5508
422.1042
421.6671
421.2394
420.8209
420.4113
420.0104
419.6181
419.2339
418.8578
418.4894
418.1287
417.7753
417.4290
417.0898
416.7574
416.4317
416.1124
415.7995
415.4928
415.1922
414.8975
414.6086
414.3254
414.0477
413.7754
413.5085
413.2469
412.9903
412.7387
412.4920
412.2501
412.0130
411.7804
411.6623
411.6008
411.5678
411.5491
411.5375
411.5292
411.5220
411.5149
411.5074
411.4992
411.4901
411.4802
411.3300
411.2027
411.0899
410.9874
410.8925
410.8036
410.7194
410.6392
410.5623
410.4881
410.4161
410.3462
410.2779
410.2110
410.1453
410.0807
410.0171
409.9542
409.8922
409.8308
409.7700
409.7097
409.6500
409.5908
409.5320
409.4738
409.4159
409.3585
409.3015
409.2449
409.1887
409.1328
409.0773
409.0221
408.9674
408.9129
408.8588
408.8050
408.7516
408.6985
408.6457
408.5932
408.5410
408.4892
408.4376
408.3864
408.3355
408.2849
408.2346
408.1846
408.1349
408.0855
408.0364
407.9875
407.9390
407.8908
407.8428
407.7952
407.7478
407.7007
407.6539
407.6074
407.5612
407.5152
407.4696
407.4242
407.3791
407.3343
407.2897
407.2454
407.2014
407.1576
407.1142
407.0709
407.0280
406.9853
406.9428
406.9006
406.8587
406.8170
406.7756
406.7344
406.6935
406.6528
406.6124
406.5722
406.5322
406.4925
406.4530
406.4138
406.3748
406.3360
406.2974
406.2591
406.2210
406.1832
406.1455
406.1082
406.0710
406.0341
405.9974
405.9610
405.9248
405.8888
405.8530
405.8175
405.7821
405.7470
405.7121
405.6774
405.6429
405.6087
405.5746
405.5408
405.5071
405.4737
405.4404
405.4074
405.3746
405.3419
405.3095
405.2773
405.2452
405.2134
405.1817
405.1503
405.1190
405.0879
405.0570
405.0263
404.9958
404.9655
404.9354
404.9054
404.8757
404.8462
404.8168
404.7876
404.7587
404.7299
404.7012
404.6728
404.6445
404.6165
404.5885
404.5608
404.5332
404.5058
404.4785
404.4515
404.4245
404.3978
404.3712
404.3447
404.3185
404.2924
404.2664
404.2406
404.2150
404.1896
404.1643
404.1391
404.1142
404.0893
404.0647
404.0402
404.0158
403.9916
403.9675
403.9436
403.9719
404.0593
404.1973
404.3740
404.5782
404.8010
405.0357
405.2775
405.5230
405.7700
406.0169
406.2628
406.5071
406.7495
406.9897
407.2278
407.4638
407.6976
407.9293
408.1590
408.3869
408.6128
408.8370
409.0596
409.2804
409.4997
409.7175
409.9337
410.1485
410.3619
410.5738
410.7844
410.9936
411.2015
411.4081
411.6134
411.8175
412.0202
412.2217
412.4220
412.6211
412.8189
413.0156
413.2110
413.4053
413.5983
413.7902
413.9809
414.1184
414.1957
414.2213
414.2073
414.1648
414.1026
414.0276
413.9445
413.8567
413.7665
413.6754
413.5843
413.4939
413.4046
413.3164
413.2294
413.1438
413.0594
412.9762
412.8941
412.8131
412.7331
412.6540
412.5757
412.4981
412.4213
412.3452
412.2697
412.1948
412.1206
412.0469
411.9737
411.9011
411.8290
411.7575
411.6864
411.6157
411.5456
411.4759
411.4066
411.3378
411.2695
411.2015
411.1340
411.0669
411.0002
410.9339
410.8680
410.8025
410.7374
410.6727
410.6083
410.5444
410.4808
410.4176
410.3548
410.2923
410.2302
410.1685
410.1071
410.0461
409.9855
409.9252
409.8653
409.8057
409.7465
409.6876
409.6290
409.5708
409.5130
409.4555
409.3983
409.3415
409.2850
409.2288
409.1730
409.1175
409.0624
409.0075
408.9530
408.8988
408.8449
408.7914
408.7381
408.6852
408.6325
408.5802
408.5282
408.4764
408.4250
408.3739
408.3231
408.2726
408.2223
408.1724
408.1228
408.0735
408.0245
407.9758
407.9273
407.8792
407.8314
407.7838
407.7366
407.6896
407.6429
407.5965
407.5504
407.5046
407.4590
407.4137
407.3688
407.3240
407.2796
407.2354
407.1915
407.1479
407.1045
407.0614
407.0185
406.9759
406.9336
406.8915
406.8497
406.8081
406.7667
406.7257
406.6848
406.6442
406.6039
406.5638
406.5239
406.4843
406.4449
406.4058
406.3669
406.3283
406.2898
406.2516
406.2137
406.1759
406.1384
406.1012
406.0641
406.0273
405.9907
405.9544
405.9182
405.8823
405.8466
405.8112
405.7759
405.7409
405.7060
405.6714
405.6370
405.6028
405.5688
405.5350
405.5014
405.4680
405.4348
405.4018
405.3690
405.3364
405.3040
405.2718
405.2398
405.2080
405.1764
405.1449
405.1136
405.0826
405.0517
405.0210
404.9905
404.9601
404.9300
404.9000
404.8702
404.8406
404.8111
404.7819
404.7528
404.7239
404.6952
404.6666
404.6382
404.6100
404.5819
404.5541
404.5264
404.4988
404.4714
404.4442
404.4172
404.3903
404.3635
404.3370
404.3106
404.2843
404.2582
404.1929
404.1313
404.0731
404.0178
403.9650
403.9147
403.8664
403.8201
403.7757
403.7329
403.6916
403.6518
403.6624
403.6717
403.6798
403.6869
403.6930
403.6984
403.7030
403.7069
403.7102
403.7129
403.7150
403.7167
403.7118
403.6877
403.6783
403.6933
406.6806
409.3155
409.0136
414.4034
422.0319
428.9762
435.3687
441.4796
450.0852
463.5977
475.6917
486.6719
496.7625
506.1104
514.8100
523.0085
530.7578
538.1399
545.1772
551.9234
558.4075
567.3537
575.5841
583.2135
590.3864
597.1275
603.5221
606.9621
610.6445
614.4618
618.3293
624.9033
628.3552
634.5959
640.4056
640.3929
643.6724
649.7132
652.6829
658.2868
663.5899
665.9325
668.4684
671.1196
673.8443
679.2559
684.1539
686.0015
687.9746
689.9347
691.8434
693.7100
695.4802
697.1281
698.7111
700.2508
701.7451
703.2005
704.6201
705.9993
707.1277
708.1437
709.1357
710.1190
711.0794
712.0709
715.7456
718.8825
721.6067
723.9935
726.1049
728.0311
729.7779
728.6204
722.2330
717.1893
713.1270
709.8669
707.2739
705.2631
703.7409
702.6199
701.8301
701.3140
701.0249
700.9243
700.9941
701.2305
701.5708
701.9857
702.4594
702.9785
703.5505
701.3894
699.8131
698.6828
697.8979
697.3830
697.0797
696.9427
696.9366
697.0332
697.2104
697.4507
697.7421
698.0548
698.3804
698.7137
699.0760
699.4665
699.8751
700.2917
700.7095
701.1242
701.5329
701.9217
702.2377
696.8315
692.0310
687.5115
683.1882
678.8664
674.5857
669.3838
664.3469
659.4410
654.6650
650.0459
645.5341
641.2269
637.0600
632.9925
629.0037
625.0810
621.2079
617.3787
613.5926
609.8511
606.1559
602.5085
598.9093
595.3645
591.8705
588.4261
585.0321
581.6891
578.3975
575.1576
571.9697
568.8339
565.7502
562.7182
559.7303
556.7858
553.8848
551.0276
548.2146
545.4457
542.7210
540.0407
537.4046
534.8126
532.2645
529.7601
527.2995
524.8825
522.5088
520.1778
517.8891
515.6422
513.4365
511.2715
509.1466
507.0613
505.0150
503.0070
500.4374
498.1165
495.9940
494.0345
492.2127
490.5097
488.9110
487.4052
485.9831
484.6370
483.3604
482.1474
480.9931
479.8928
478.8427
477.8390
476.8784
475.9579
475.0746
474.2261
473.4098
472.6237
