465.8288
465.2119
464.6152
464.0373
463.4765
462.9318
462.4018
461.8857
461.3823
460.8910
460.4109
459.9412
459.4814
459.0309
458.5895
458.1568
457.7321
457.3151
456.9053
456.5023
456.1058
455.7155
455.3310
454.9520
454.5784
454.2099
453.8461
453.4868
453.1319
452.7812
452.4346
452.0919
451.7529
451.4175
451.0856
450.7571
450.4319
450.1099
449.7910
449.4751
449.1621
448.8520
448.5446
448.2399
447.9379
447.6385
447.3415
447.0471
446.7550
446.4654
446.1780
445.8929
445.6101
445.3294
445.0510
444.7746
444.5003
444.2281
443.9579
443.6897
443.4235
443.1592
442.9542
442.7587
442.5664
442.3748
442.1821
441.9872
441.7896
441.5890
441.3854
441.1788
440.9693
440.7571
441.4187
442.0229
442.5725
443.0718
443.5247
443.9350
444.3063
444.6416
444.9441
445.2164
445.4610
445.6802
445.6466
456.0844
464.7562
471.9408
477.8764
482.7770
486.8133
500.0508
511.3811
521.1154
529.5428
536.9216
533.8600
531.7569
530.8671
531.0042
532.0071
533.8769
536.3821
539.3795
542.6334
546.1627
549.9345
553.9332
558.0329
581.9499
602.0885
619.1528
633.6917
646.1661
656.9143
666.2765
674.4235
681.5814
687.7217
693.0843
697.8806
693.0514
680.4717
667.2969
656.2888
646.8788
638.8120
632.1141
626.5295
621.9617
618.2570
615.3019
612.9978
611.2588
610.0104
609.1432
608.6315
608.4229
608.4316
608.5258
608.5500
608.5688
608.6291
608.8140
609.0878
609.3313
620.8212
630.2094
637.8687
644.1295
649.2720
653.5378
657.1163
660.1481
662.7300
664.9143
666.7345
668.2315
669.3996
670.4209
671.2908
672.1442
673.0193
673.9404
674.8189
675.7728
676.7651
677.8729
679.1069
680.4488
682.0911
683.9070
685.8232
687.7959
689.7947
691.7710
693.5986
695.2670
696.7878
698.1857
699.5053
700.7451
701.9192
703.0352
704.0887
705.1069
706.2609
707.4188
708.5744
709.7202
710.6432
711.4679
712.2505
713.0202
713.5794
714.0633
714.5075
714.8937
715.2627
715.6288
715.9971
716.3723
716.7577
716.9880
717.2115
717.2629
716.7933
715.7877
714.1370
712.0501
709.6785
706.6513
703.2177
699.6119
695.8045
691.8991
687.9141
678.6207
670.2121
662.4445
655.2175
648.4561
642.0882
636.0620
630.3383
624.8842
619.6705
614.6784
609.8836
605.2712
600.8252
596.5329
592.3833
588.3671
584.4758
580.7019
577.0388
573.4803
570.0016
566.5864
563.2344
559.9449
556.7172
553.5504
550.4436
547.3962
544.4072
541.4757
538.6009
535.7818
533.0175
530.3072
527.6503
525.0459
522.4935
519.9925
517.5423
515.1419
512.7905
510.4873
508.2314
506.0219
503.8579
501.7385
497.9423
494.6486
491.7716
489.2410
486.9992
484.9992
483.2023
481.5769
480.0972
478.7415
477.4919
476.3338
475.2551
474.2454
473.2963
472.4004
471.5518
470.7451
469.9759
469.2405
468.5356
467.8584
467.2063
466.5771
465.9691
465.3803
464.8093
464.2548
463.7156
463.1906
462.6790
462.1797
461.6920
461.2151
460.7485
460.2915
459.8437
459.4047
458.9739
458.5508
458.1352
457.7265
457.3244
456.9286
456.5389
456.1548
455.7761
455.4027
455.0341
454.6702
454.3109
453.9558
453.6049
453.2580
452.9150
452.5757
452.2400
451.9077
451.5789
451.2533
450.9310
450.6119
450.2958
449.9828
449.6727
449.3654
449.0608
448.7590
448.4597
448.1631
447.8689
447.5772
447.2876
447.0000
446.7145
446.4311
446.1496
445.8701
445.5926
445.3170
445.0434
444.7716
444.5017
444.2337
444.0249
443.8256
443.6297
443.4345
443.2383
443.0400
442.8392
442.6354
442.4287
442.2191
442.0067
441.7916
442.4677
443.0850
443.6467
444.1570
444.6198
445.0392
445.4186
445.7614
446.0706
446.3490
446.5990
446.8229
446.7891
457.2571
466.0381
473.4275
479.6610
484.9403
489.3895
503.0872
514.5695
524.3988
532.7698
539.9885
536.5549
543.6125
550.1049
556.1270
561.7778
567.1724
572.4020
577.5367
582.5950
587.5952
592.5650
597.5030
602.3869
607.2255
602.4913
599.5067
597.9405
597.5219
598.0396
599.3025
601.1568
603.4377
606.0581
608.9155
611.6070
614.3586
616.8415
618.9483
620.8580
622.7238
624.6041
626.6033
628.7738
631.0996
633.5632
636.1419
638.8177
641.5727
644.3936
647.2574
650.1505
653.0252
655.8712
658.7403
661.5828
664.4224
667.2640
670.1045
672.8849
667.5036
663.4288
660.4238
658.2545
656.7781
655.8765
655.4586
655.4419
655.6985
656.1733
656.8052
657.2342
657.3510
657.2529
657.0600
656.8375
656.6658
656.5236
656.4264
656.4031
656.5009
656.6805
656.9541
657.3144
657.7412
658.2171
658.7517
659.3442
659.9821
660.6418
661.2971
661.6138
661.7393
661.7553
661.7084
661.6281
661.5244
661.4120
661.2892
661.1872
661.1191
661.0843
661.0907
661.3069
661.6578
662.0931
662.5806
663.1075
663.6567
664.0489
664.3533
664.9276
665.5044
666.0843
666.6641
667.2405
667.8095
668.3672
668.9105
671.5618
674.5272
677.1003
678.9262
679.7767
679.7984
679.0945
677.6149
675.6137
673.1972
670.4383
667.3586
664.0523
660.4466
656.6539
652.7531
648.7945
644.8127
640.8187
636.8250
632.8442
628.8858
624.9574
621.0650
617.2130
613.4072
609.6485
605.9381
602.2778
598.6685
595.1114
591.6090
588.1624
584.7726
581.4403
578.1659
574.9425
571.7695
568.6468
565.5626
562.5124
559.4979
556.5208
553.5823
550.6835
547.8253
545.0082
542.2329
539.5000
536.8092
534.1611
531.5559
528.9937
526.4744
523.9981
521.5646
519.1737
516.8250
514.5184
512.2534
508.1239
504.5289
501.3784
498.5986
496.1288
493.9195
491.9300
490.1271
488.4832
486.9750
485.5836
484.2932
483.0906
481.9648
480.9065
479.9077
478.9619
478.0633
477.2070
476.3889
475.6053
474.8531
474.1295
473.4319
472.7586
472.1073
471.4764
470.8645
470.2701
469.6920
469.1291
468.5803
468.0447
467.5215
467.0098
466.5090
466.0182
465.5370
465.0646
464.6007
464.1448
463.6964
463.2551
462.8207
462.3928
461.9709
461.5550
461.1447
460.7396
460.3396
459.9444
459.5538
459.1677
458.7859
458.4084
458.0348
457.6653
457.2995
456.9373
456.5787
456.2235
455.8715
455.5227
455.1769
454.8342
454.4944
454.1573
453.8231
453.4915
453.1625
452.8361
452.5122
452.1907
451.8717
451.5551
451.2408
450.9288
450.6191
450.3116
450.0064
449.7034
449.4025
449.1037
448.8071
452.2739
454.5431
456.0034
456.9171
457.4583
457.7431
457.8500
457.8321
457.7258
457.5565
457.3417
457.0941
458.0221
458.6438
459.0460
459.2943
459.4349
459.4996
459.5108
459.4843
459.4312
459.3592
459.2740
459.1797
457.9828
456.2903
454.5612
452.9763
451.5995
450.5225
449.7814
458.8878
465.5947
470.6659
474.6002
478.0337
471.5813
467.7360
466.2787
466.6273
468.0709
470.1255
472.6787
475.6464
478.6779
481.8787
485.0702
489.0719
493.5384
498.0190
502.8798
507.9184
512.9782
517.9570
523.0546
528.0638
532.9256
537.6586
541.9686
546.2538
550.3587
554.2950
558.0735
561.4946
564.8051
568.1227
571.7919
575.4226
579.0366
582.6020
586.1045
589.5374
592.8987
596.1746
599.3740
602.4892
605.5274
608.3304
610.8836
622.7235
631.5483
638.2631
643.4860
647.6434
641.6947
637.8393
635.4798
634.1740
633.5662
633.3990
633.5192
633.8521
634.3731
635.0353
635.7883
636.5645
637.3473
638.0038
638.6952
639.4837
640.3782
641.3774
642.5113
643.7642
645.1142
646.4673
647.7518
648.9119
650.0515
660.5048
669.9466
678.6897
686.9291
694.8047
702.3147
709.4170
716.1250
722.4592
728.4272
734.0431
739.3260
744.3131
749.0123
753.4491
757.6443
761.6158
765.3789
768.9475
772.3347
775.5526
778.6123
781.5244
784.2993
786.9393
789.4514
791.8423
794.1278
796.2761
798.2950
800.2033
802.0015
803.6924
805.2647
806.7056
808.0174
809.1414
810.0219
810.5657
810.6937
810.4706
809.9201
808.9905
807.6858
806.0780
784.7420
764.4030
745.5295
728.0442
711.9656
697.2547
683.8378
671.6207
660.6291
650.7598
641.8709
633.8264
626.5054
619.8020
613.6281
607.8879
602.5316
597.5095
592.7745
588.2865
584.0122
579.9241
575.9995
572.2199
568.5698
565.0363
561.6192
558.3095
555.0987
551.9796
548.9456
545.9913
543.1117
540.3027
537.5606
534.8822
532.2647
529.7058
527.2031
524.7455
522.3382
519.9805
517.6716
515.4103
513.1955
511.0260
508.9008
506.8188
504.7788
502.7799
500.0890
498.9420
498.7493
499.1123
499.7684
500.5483
501.3391
502.0623
502.6721
503.1680
503.5560
503.8458
504.0481
504.1739
504.2335
504.2366
504.1917
504.1064
503.9873
503.8399
503.6615
503.4595
503.2397
503.0141
502.7770
502.2378
501.5008
500.6592
499.7731
498.8787
497.9968
497.1385
496.3090
495.5097
494.7403
493.9992
493.2844
492.5935
491.9242
491.2745
490.6424
490.0260
489.4239
488.8346
488.2568
487.6896
487.1319
486.5829
486.0418
485.5079
484.9808
484.4601
483.9452
483.4359
482.9318
482.4326
481.9382
481.4482
480.9625
480.4809
480.0033
479.5294
479.0593
478.5927
478.1295
477.6698
477.2133
476.7600
476.3099
475.8628
475.4187
474.9776
474.5394
474.1040
473.6714
473.2416
472.8146
472.3902
471.9685
471.5495
471.1330
470.7191
470.3077
469.8989
469.7660
469.6223
469.4442
469.2304
468.9840
468.7092
468.4108
468.0931
467.7600
467.4147
467.0599
466.7013
467.6855
468.3306
468.7353
468.9733
469.0957
469.1380
469.1249
469.0736
468.9959
468.9002
468.7924
468.6765
467.4425
465.7068
463.7967
461.8641
469.4938
474.6413
478.1643
490.2252
499.0680
505.8168
511.2033
515.6829
510.1038
507.5238
507.0978
508.2733
510.5965
513.6860
517.3014
521.3120
525.5430
529.9358
534.4415
539.0446
543.6737
548.3107
552.8763
557.3684
562.0048
566.6323
571.1475
575.3830
579.3975
583.2714
587.0119
590.6312
594.1415
597.5587
600.8999
604.1955
607.4722
610.6399
614.0056
617.2337
620.3690
623.5077
626.5591
629.5195
632.3852
635.1762
637.9401
640.6929
643.4626
646.2015
648.7697
651.2552
653.3145
655.0937
656.6815
658.1292
659.4268
651.0050
645.0521
640.7693
637.6417
635.3255
633.5846
632.2221
631.1702
630.2290
629.3914
628.8933
628.5235
628.1849
627.8073
627.5439
627.4070
627.5286
627.8654
628.2670
628.6864
629.3152
630.0437
630.8364
631.5251
632.0785
632.5109
632.9959
633.5776
634.2549
635.0105
635.8042
636.6220
637.5793
638.5897
639.6130
640.6292
641.6287
642.6065
643.5608
644.6015
645.6676
646.7490
647.8422
648.9420
650.0469
651.1567
652.2758
653.3955
654.5120
655.6157
656.5990
657.5373
658.4410
659.3212
660.1863
661.0409
661.8846
662.6907
663.4541
664.0901
664.5977
664.8639
664.7319
664.1039
663.1018
661.8122
660.1843
658.0684
655.4732
652.4813
649.1262
645.6877
642.4865
639.0869
635.4137
631.5127
627.4576
623.3169
619.1446
614.9804
610.8516
606.7767
602.7674
598.8308
594.9710
591.1895
587.4865
583.8614
580.3129
576.8395
573.4394
570.1107
566.8515
563.6601
560.5347
557.4737
554.4753
551.5379
548.6600
545.8401
543.0767
540.3686
537.7144
535.1129
532.5630
530.0635
527.6132
525.2112
522.8563
520.5477
518.2843
516.0652
513.8895
511.7563
509.6646
507.6138
505.6030
503.6312
501.6979
499.5513
498.5402
498.0323
497.7362
497.5192
497.3230
497.1235
496.9122
496.6872
496.4498
496.2018
495.9454
495.6824
495.4146
495.1433
494.8695
494.5940
494.3176
494.0406
493.7636
493.4869
493.2106
492.9350
492.6602
492.3863
491.8896
491.3071
490.6989
490.0902
489.4905
488.9026
488.3263
487.7606
487.2041
486.6558
486.1145
485.5795
485.0502
484.5260
484.0064
483.4911
482.9799
482.4724
481.9687
481.4684
480.9715
480.4780
479.9877
479.5004
479.0161
478.5347
478.0563
477.5808
477.1083
476.6386
476.1719
475.7080
475.2469
474.7887
474.3333
473.8806
473.4308
472.9838
472.5395
472.0979
471.6590
471.2228
470.7893
470.3585
469.9302
469.5046
469.0816
468.6611
468.2431
467.8277
467.4148
467.0044
466.5964
466.1910
465.7880
465.3874
464.9893
464.5936
464.2003
463.8153
463.4335
463.0532
462.6742
462.2966
461.9206
461.5465
461.1743
460.8042
460.4362
460.0699
459.7056
460.3990
460.8313
461.1032
461.2715
461.3699
461.4195
461.4341
461.4231
461.3931
461.3488
461.2936
461.2301
460.2950
459.0435
457.7080
456.3824
455.1011
453.8731
452.6976
451.5703
450.4861
449.4401
448.4282
447.4468
446.4931
445.5648
444.6598
443.7767
442.9142
442.0711
441.2466
440.4399
439.6503
438.8772
438.1200
437.3783
436.6517
435.9397
435.2420
434.5582
433.8880
433.2310
432.5871
431.9558
431.3370
430.7303
430.1355
429.5523
428.9806
428.4200
427.8703
427.3313
426.8029
426.2847
425.7766
425.2784
424.7899
424.3108
423.8411
423.3804
422.9287
422.4857
422.0513
421.6253
421.2075
420.7978
420.3960
420.0020
419.6156
419.2367
418.8650
418.5006
418.1431
417.7926
417.4489
417.1118
416.7813
416.4571
416.1392
415.8274
415.5217
415.2218
414.9278
414.6394
414.3524
414.0702
413.7942
413.5243
413.2603
413.0021
412.7492
412.5015
412.2589
412.0211
411.7881
411.5596
411.3357
411.1161
410.9008
410.6897
410.4827
410.2797
410.0807
409.8855
409.6942
409.5066
409.3226
409.1422
408.9653
408.7918
408.6217
408.4549
408.2913
408.1308
407.9735
407.8192
407.6678
407.5194
407.3739
407.2311
407.0912
406.9539
406.8193
406.6873
406.5578
406.4308
406.3063
406.1843
406.0645
405.9471
405.8320
405.7191
405.6884
405.6903
405.7029
405.7172
405.7293
405.7384
405.7443
405.7474
405.7482
405.7470
405.7443
405.7404
405.6326
405.5517
405.4868
405.4321
405.3840
405.3404
405.3000
405.2619
405.2255
405.1903
405.1562
405.1229
405.0902
405.0581
405.0264
404.9951
404.9642
404.9335
404.9032
404.8730
404.8431
404.8135
404.7840
404.7548
404.7258
404.6970
404.6683
404.6399
404.6117
404.5837
404.5558
404.5282
404.5007
404.4733
404.4462
404.4192
404.3924
404.3657
404.3392
404.3128
404.2866
404.2606
404.2347
404.2090
404.1834
404.1580
404.1328
404.1077
404.0827
404.0579
404.0333
404.0088
403.9845
403.9603
403.9363
403.9124
403.8886
403.8651
403.8416
403.8183
403.7951
403.7721
403.7492
403.7265
403.7039
403.6814
403.6590
403.6368
403.6148
403.5928
403.5710
403.5494
403.5278
403.5065
403.4852
403.4641
403.4431
403.4222
403.4015
403.3808
403.3603
403.3400
403.3197
403.2996
403.2796
403.2598
403.2400
403.2203
403.2008
403.1814
403.1621
403.1429
403.1239
403.1049
403.0861
403.0674
403.0488
403.0303
403.0119
402.9936
402.9754
402.9574
402.9394
402.9216
402.9038
402.8862
402.8687
402.8513
402.8339
402.8167
402.7996
402.7826
402.7657
402.7489
402.7322
402.7156
402.6991
402.6827
402.6664
402.6502
402.6341
402.6180
402.6021
402.5863
402.5706
402.5550
402.5394
402.5240
402.5086
402.4934
402.4782
402.4631
402.4484
402.4338
402.4192
402.4047
402.3902
402.3759
402.3615
402.3473
402.3331
402.3190
402.3050
402.2911
402.2772
402.2634
402.2497
402.2361
402.2226
402.2092
402.1958
402.1825
402.1693
402.1562
402.1432
402.1302
402.1174
402.1046
402.0919
402.0792
402.0667
402.0542
402.0418
402.0295
402.0173
402.0051
401.9930
401.9810
401.9690
401.9572
401.9454
401.9337
401.9220
401.9104
401.8989
401.8875
401.8761
401.8648
401.8536
401.8425
401.8314
401.8204
401.8094
401.7986
401.7878
401.7770
401.7664
401.7557
401.7452
401.7347
401.7243
401.7140
401.7037
401.6935
401.6833
401.6732
401.6632
401.6532
401.6433
401.6335
401.6237
401.6139
401.6043
401.5947
401.5851
401.5756
401.5662
401.5568
401.5474
401.5381
401.5289
401.5197
401.5106
401.5015
401.4925
401.4835
401.4746
401.4658
401.4570
401.4482
401.4395
401.4309
401.4223
401.4138
401.4053
401.3969
401.3885
401.3801
401.3717
401.3634
401.3988
401.4866
401.6217
401.7952
401.9981
402.2227
402.4626
402.7132
402.9707
403.2326
403.4968
403.7620
404.0272
404.2918
404.5552
404.8172
405.0775
405.3360
405.5927
405.8475
406.1004
406.3515
406.6007
406.8481
407.0937
407.2936
407.4394
407.5363
407.5932
407.6193
407.6222
407.6083
407.5824
407.5481
407.5081
407.4643
407.4181
407.3704
407.3221
407.2736
407.2252
407.1771
407.1294
407.0823
407.0358
406.9898
406.9444
406.8996
406.8553
406.8116
406.7683
406.7255
406.6832
406.6413
406.5998
406.5587
406.5179
406.4775
406.4375
406.3977
406.3583
406.3192
406.2803
406.2418
406.2035
406.1655
406.1278
406.0903
406.0530
406.0160
405.9792
405.9427
405.9064
405.8703
405.8344
405.7988
405.7634
405.7281
405.6931
405.6584
405.6238
405.5894
405.5553
405.5214
405.4877
405.4542
405.4210
405.3880
405.3551
405.3225
405.2900
405.2578
405.2258
405.1939
405.1623
405.1308
405.0996
405.0685
405.0377
405.0070
404.9765
404.9462
404.9160
404.8861
404.8563
404.8268
404.7973
404.7681
404.7391
404.7102
404.6815
404.6530
404.6246
404.5964
404.5684
404.5405
404.5129
404.4854
404.4580
404.4308
404.4038
404.3769
404.3503
404.3237
404.2973
404.2711
404.2451
404.2192
404.1934
404.1678
404.1424
404.1171
404.0920
404.0670
404.0422
404.0175
403.9930
403.9686
403.9443
403.9203
403.8963
403.8725
403.8489
403.8254
403.8020
403.7788
403.7557
403.7328
403.7100
403.6874
403.6648
403.6425
403.6202
403.5981
403.5761
403.5543
403.5325
403.5110
403.4895
403.4682
403.4470
403.4259
403.4049
403.3841
403.3634
403.3428
403.3224
403.3021
403.2819
403.2618
403.2418
403.2220
403.2023
403.1827
403.1632
403.1438
403.1246
403.1054
403.0864
403.0675
403.0488
403.0301
403.0116
402.9931
402.9748
402.9566
402.9385
402.9205
402.9027
402.8849
402.8694
402.8547
402.8397
402.8244
402.8087
402.7924
402.7757
402.7585
402.7410
402.7234
402.7056
402.6877
402.7213
402.7416
402.7532
402.7591
402.7613
402.7611
402.7593
402.7566
402.7532
402.7494
402.7454
402.7412
402.7586
412.1754
418.8648
423.6826
427.1906
429.8270
431.8705
443.0032
451.5964
458.4020
463.9719
468.7685
463.5308
460.9619
460.4765
461.5579
463.7860
466.9663
470.9114
475.4889
480.5690
486.0612
491.8497
497.8242
494.3924
493.7564
495.0453
497.6461
501.1137
505.1830
509.6488
514.3361
519.1061
523.8717
528.5902
533.2389
537.7553
542.0212
555.5902
566.3490
575.1107
582.4081
588.6938
594.2535
599.3521
604.1273
608.6596
612.9989
617.1711
621.1771
624.9947
628.6139
632.0705
635.6282
639.0994
642.3734
645.4103
647.9888
650.3254
651.9751
653.3325
664.0371
671.8857
677.7218
682.1382
685.5092
688.1202
690.1376
691.6959
692.9167
693.8804
694.6164
685.3982
678.8010
674.8866
674.1114
675.5085
677.8584
680.6960
683.9090
687.4038
691.1707
695.2222
699.5837
704.2147
709.0155
713.5988
718.0040
722.2518
726.3551
730.3193
734.1361
737.8049
741.3300
744.7174
747.9738
751.1059
754.1797
757.1747
760.0887
762.9208
765.6711
768.3386
770.9250
773.4374
775.8799
778.2083
780.4291
782.5626
784.6205
786.6057
788.5256
790.3805
792.1638
793.8744
795.5104
797.0816
798.5638
799.9642
801.2810
802.5149
803.5869
804.3035
804.6470
804.6581
804.3706
803.7842
802.8714
801.6756
800.2338
798.4808
796.5059
768.8047
743.9368
722.0593
702.9495
686.2434
671.5857
658.7702
647.5419
637.6444
628.8484
620.9658
613.8421
607.3450
601.3345
595.7613
590.5691
585.7002
581.1058
576.7465
572.5899
568.6092
564.7829
561.0932
557.5257
554.0750
550.7310
547.4849
544.3296
541.2589
538.2676
535.3515
532.5066
529.7296
527.0177
524.3681
521.7786
519.2478
516.7726
514.3528
511.9865
509.6722
507.4084
505.1936
503.0264
500.9055
498.8298
496.7980
494.8090
492.3665
491.2129
490.8193
490.8376
491.0040
491.1868
491.3285
491.3974
491.3816
491.2810
491.1013
490.8510
490.5397
490.1768
489.7711
489.3305
488.8618
488.3709
487.8627
487.3415
486.8111
486.2755
485.7364
485.1957
484.4217
483.6724
483.0135
482.4426
481.9380
481.4771
481.0419
480.6199
480.2030
479.7862
479.3670
478.9442
478.5172
478.0864
477.6522
477.2153
476.7764
476.3360
475.8948
475.4531
475.0116
474.5705
474.1302
473.6909
473.2529
472.8165
472.3817
471.9487
471.5175
471.0884
470.6613
470.2363
469.8135
469.3928
468.9745
468.5583
468.1445
467.7328
467.3235
466.9165
466.5118
466.1094
465.7094
465.3116
464.9161
464.5230
464.1322
463.7436
463.3574
462.9735
462.5919
462.2126
461.8355
461.4607
461.0882
460.7179
460.3498
459.9839
459.6202
459.2587
458.9051
458.5544
458.2053
457.8573
457.5108
457.1658
456.8225
456.4811
456.1415
455.8038
455.4680
455.1341
455.7754
456.1754
456.4271
456.5830
456.6742
456.7203
456.7341
456.7243
456.6969
456.6563
456.6057
456.5475
462.2021
472.1038
486.7886
503.4889
521.0799
548.1972
572.3962
603.7669
631.4072
655.9828
678.0454
698.0476
706.6799
716.4796
727.7342
739.8238
752.4010
765.2744
778.3104
781.7250
787.5635
795.1205
803.9099
813.6146
823.9954
834.8322
845.9710
857.9523
870.4009
883.0811
895.8488
908.5321
920.9833
933.1547
945.0375
956.6439
967.3966
977.0122
986.6731
996.3368
1005.9503
1015.5162
1025.0285
1034.4820
1043.9345
1053.4555
1063.0570
1072.7016
1082.3643
1092.0252
1101.6678
1111.2785
1120.8351
1130.3072
1128.9099
1140.6729
1151.2753
1160.9697
1170.0180
1178.5736
1186.8010
1194.2331
1186.9717
1186.8718
1188.7852
1192.5650
1197.1793
1194.9680
1206.8238
1213.8267
1218.4986
1221.9578
1224.5853
1213.5710
1215.3395
1216.1328
1216.7887
1217.9374
1219.0344
1227.9528
1235.1091
1241.4535
1247.1764
1255.1119
1262.2651
1268.8033
1274.8588
1280.6324
1286.1907
1291.5742
1296.7668
1301.7618
1306.4227
1310.8415
1316.4297
1321.9304
1326.5254
1330.4846
1334.0177
1337.2720
1342.0484
1346.2503
1349.7244
1352.5362
1354.9548
1357.1419
1359.1535
1361.0376
1362.8603
1366.7771
1369.3529
1371.2377
1372.3513
1373.0476
1373.5292
1373.8595
1377.0192
1378.8355
1380.1418
1380.4972
1380.2848
1367.9835
1356.4935
1345.8900
1335.9100
1326.6109
1322.3004
1316.0167
1309.0750
1304.8805
1297.7746
1290.2955
1281.8943
1273.6049
1265.4654
1257.5697
1242.0144
1232.2046
1223.8064
1216.0897
1208.9745
1202.3680
1196.1865
1190.3601
1184.8307
1180.1418
1175.8981
1171.9218
1168.0759
1155.7286
1149.7277
1144.8391
1131.7390
1125.6856
1120.8826
1116.7155
1104.5621
1099.2067
1094.9062
1091.0556
1087.5819
1084.3894
1081.4013
1078.5575
1075.8145
1073.1423
1070.5209
1067.9371
1065.3836
1054.5797
1051.1649
1048.7707
1046.9522
1045.5276
1044.3196
1043.2086
1042.1216
1031.9546
1028.7120
1026.3520
1005.0700
994.1025
987.3543
982.6569
978.9729
975.7842
972.8303
969.9798
967.1666
964.3585
961.5406
958.7070
955.8726
953.0333
950.1882
947.3375
944.4820
941.6227
938.7608
935.8973
933.0334
930.1702
927.3087
924.4498
921.5857
918.7208
915.8575
912.9976
910.1582
907.3776
904.6793
902.0719
899.5550
897.1203
894.7268
892.1485
889.4511
886.6787
883.8611
881.0180
878.1629
875.3051
872.4505
869.6036
866.7672
863.9432
861.1330
858.3373
855.5563
852.7904
850.0400
847.3053
844.5864
841.8833
839.1961
836.5247
833.8691
831.2292
828.6050
825.9964
823.4035
820.8261
818.2642
815.7176
813.1863
810.6702
808.1691
805.6831
803.2119
800.7556
798.3140
795.8870
793.4744
791.0761
788.6922
786.3224
783.9668
781.6253
779.2977
776.9841
774.6843
772.3982
770.1259
767.8671
765.6607
763.4754
761.3008
759.1355
756.9801
754.8355
752.7024
750.5814
748.4729
746.3772
744.2936
742.2225
746.2086
748.6957
750.2609
751.2305
751.7985
752.0862
752.1730
752.1130
751.9441
751.6934
760.8667
767.2545
776.0884
787.4131
802.3008
818.6342
834.9801
850.5758
865.0830
888.0889
907.6313
924.4823
939.2150
952.2623
954.2797
957.6616
962.8399
969.8855
978.0280
986.8713
996.1464
1005.6808
1015.5024
1025.5670
1035.8243
1046.2864
1047.2500
1050.7008
1055.9264
1062.4449
1069.8812
1077.9702
1086.5071
1095.3539
1104.4140
1113.5844
1122.7729
1131.9946
1141.2368
1150.4848
1159.7242
1178.6189
1195.0722
1210.4292
1225.4181
1239.2176
1252.1238
1259.4038
1272.2390
1283.4494
1294.1014
1302.3340
1309.3624
1315.6952
1321.3368
1326.0146
1329.2673
1334.7844
1342.8407
1346.8360
1349.1977
1354.5540
1360.7745
1360.1184
1356.9287
1352.8927
1348.6831
1344.8322
1341.5235
1338.1824
1335.4226
1333.2245
1339.2603
1345.5272
1336.5357
1327.0376
1317.6029
1309.3670
1302.5278
1296.5116
1291.2292
1296.4215
1301.0946
1305.4198
1309.4741
1313.2769
1316.8351
1331.9194
1346.5143
1360.5040
1373.8178
1386.4536
1398.2927
1398.5684
1398.7519
1398.8581
1398.9163
1398.9768
1399.0573
1399.2039
1399.4991
1399.8914
1400.2449
1400.5921
1400.9422
1401.2462
1401.4837
1401.6710
1401.8199
1401.9250
1401.9660
1401.3982
1400.5178
1399.4431
1398.3980
1397.1805
1395.8433
1394.4559
1393.0505
1391.5865
1390.0471
1388.4676
1386.7034
1385.5411
1384.3094
1383.1122
1381.8155
1380.1732
1378.2564
1376.0189
1373.4809
1370.6026
1367.5106
1364.1932
1360.6672
1341.3315
1322.8638
1305.4711
1289.1514
1273.8658
1259.6209
1246.3640
1234.0206
1222.5154
1211.7355
1201.5777
1191.9974
1183.5307
1175.7865
1168.6064
1161.8772
1155.5173
1149.4670
1143.6816
1138.1175
1132.7053
1127.4231
1122.2793
1117.2783
1112.2202
1107.2267
1102.3349
1097.5636
1092.9207
1088.4069
1083.9982
1079.6477
1075.3570
1071.1502
1067.0396
1063.0301
1060.0339
1057.4582
1055.1003
1052.8409
1050.6122
1048.3789
1046.1247
1043.8449
1041.5414
1039.2194
1036.8637
1016.9618
1007.2562
1001.6309
997.9696
995.2301
992.9575
990.8231
988.6985
986.6564
984.5292
982.3065
979.9958
977.5517
974.9943
972.3478
969.6327
966.8653
964.0586
961.2230
958.3667
955.4961
952.6164
949.7316
946.8450
944.4886
942.4915
940.5957
938.6398
936.5871
934.4141
932.1001
929.6656
927.1533
924.5603
921.8921
919.1693
916.3939
913.5726
910.7127
907.8047
904.8241
901.7989
898.7484
895.6855
892.6192
889.5557
886.4994
883.4535
880.4156
877.3890
874.3754
871.3760
868.3915
865.4226
862.4697
859.5330
856.6126
853.7086
850.8212
847.9502
845.0961
842.2586
839.4377
836.6331
833.8448
831.0724
828.3160
825.5756
822.8511
820.1426
817.4501
814.7735
812.1122
809.4665
806.8361
804.2211
801.6215
799.0371
796.4680
793.9147
791.3775
788.8566
786.3518
783.8631
783.0958
782.4492
781.5424
780.3530
778.9099
777.2550
775.4307
773.4748
771.4195
769.2909
767.1095
764.8917
769.7976
772.9532
774.8197
775.7917
776.1470
776.0690
775.6531
775.0081
774.2143
773.3297
772.3923
771.4281
763.0194
761.3691
756.6097
750.6481
744.3867
738.3086
732.5620
736.7880
738.7089
739.3303
739.1353
738.4912
728.1256
721.1305
716.5048
713.5956
711.7829
710.7458
710.2429
710.1329
710.4225
711.0927
712.0625
713.2529
714.6448
716.1863
717.8265
719.4717
721.0843
722.6503
724.1652
725.6287
727.0430
728.4112
729.7362
731.0063
733.0585
734.7599
735.8611
736.5801
737.0674
737.5783
738.0105
738.4094
738.7435
738.8059
738.7769
738.6837
738.5276
738.3177
738.0647
737.7784
737.4673
737.1381
736.8042
736.4097
735.9118
735.3196
734.6576
733.4758
732.1215
730.7468
729.4168
728.3496
717.9547
710.3185
704.5486
700.0616
696.4730
693.4792
690.9023
688.6234
686.5529
684.6400
683.2279
682.0320
680.7174
679.2676
677.7463
676.2379
674.7096
673.2533
682.3475
690.7199
698.4351
705.5482
712.1255
718.2174
723.8648
729.1029
733.9629
738.4729
742.6590
746.5690
750.2344
753.6776
756.9163
759.9653
762.8298
765.5192
768.0443
770.4166
772.6467
774.7450
776.7212
778.5842
780.3424
782.0075
783.5910
785.1005
786.5377
787.9017
789.1947
790.4203
791.5827
792.6860
793.7375
794.7157
795.6363
796.4814
797.2581
797.9874
798.4308
798.5816
798.4631
798.0998
797.5045
796.6953
795.6575
782.1546
768.1982
754.2340
740.4319
726.9201
713.7998
701.1590
689.0678
677.5750
666.8636
656.9556
647.8103
639.3646
631.5569
624.3270
617.6197
611.3473
605.4949
600.0245
594.8911
590.0537
585.4761
581.1270
576.9790
573.0091
569.1973
565.5269
561.9928
558.5806
555.2781
552.0749
548.9626
545.9342
542.9836
540.1060
537.2971
534.5534
531.8717
529.2495
526.6843
524.1740
521.7167
519.3109
516.9550
514.6476
512.3874
510.1733
508.0042
505.8788
503.7963
501.7556
499.0558
497.4337
496.3628
495.5727
494.9245
494.3469
493.8037
493.2764
492.7564
492.2173
491.7315
491.2586
490.7843
490.3030
489.8125
489.3221
488.8325
488.3431
487.8530
487.3294
486.7846
486.2271
485.6624
485.0948
484.5268
483.9600
483.3959
482.8357
482.2799
481.7289
481.1830
480.6425
480.1093
479.5831
479.0632
478.5495
478.0416
477.5394
477.0424
476.5504
476.0632
475.5806
475.1024
474.6284
474.1584
473.6924
473.2301
472.7714
472.3162
471.8643
471.4158
470.9705
470.5285
470.0897
469.6539
469.2213
468.7916
468.3649
467.9412
467.5203
467.1023
466.6872
466.2748
465.8653
465.4585
465.0543
464.6529
464.2541
463.8579
463.4643
463.0733
462.6849
462.2989
461.9155
461.5344
461.1559
460.7797
460.4060
460.0346
459.6657
459.2991
458.9348
458.5728
458.2132
458.1642
458.0934
457.9787
457.8206
457.6241
457.3953
457.1403
456.8645
456.5724
456.2680
455.9541
455.6335
456.4638
457.0090
457.3511
457.5517
457.6537
457.6872
457.6730
457.6257
457.5555
457.4696
457.3730
457.2695
456.0442
463.8692
468.9306
472.2241
474.3716
475.8540
476.9422
487.3409
494.9925
500.8597
505.6238
509.5704
503.4699
499.8092
498.8407
499.7509
501.9668
505.1256
508.9552
513.3118
517.9933
522.9192
527.9978
533.1422
538.2535
543.3218
548.2955
553.1655
557.9519
562.6612
567.2544
571.8053
576.2405
580.5989
584.8894
589.1102
593.2575
597.3143
601.2493
605.0748
608.6965
612.0793
615.5110
618.8240
621.9972
625.1466
628.2906
631.3885
634.4203
637.3802
640.2681
643.0863
645.8145
648.3787
650.7607
652.8992
654.3436
655.4250
656.4482
657.7909
659.1440
660.1817
661.2981
662.3835
663.4058
664.3633
665.2651
666.1419
667.0867
668.0498
668.9624
669.8132
670.4653
661.6092
655.4810
651.2235
648.3921
646.4691
645.1284
644.1836
643.5267
643.1150
642.9015
642.8624
642.9500
643.2771
643.9994
644.9379
646.0231
647.2045
648.4559
649.7545
651.0668
652.3941
653.7506
655.0501
656.2324
657.2653
658.2193
659.1262
659.9987
660.8427
661.6694
662.4826
663.2823
664.0635
664.8384
665.6128
666.3801
667.1397
667.9026
668.6727
669.4506
670.2218
671.0023
671.7981
672.5561
673.2555
673.8715
674.3651
674.7726
674.9902
674.8374
674.2857
673.3089
671.9471
670.2414
667.9021
665.0353
661.7192
658.0702
654.1043
648.8167
644.3523
640.1692
635.9675
631.7233
627.4548
623.1891
618.9507
614.7585
610.6259
606.5616
602.5711
598.6577
594.8225
591.0653
587.3856
583.7821
580.2532
576.7974
573.4129
570.0980
566.8511
563.6703
560.5542
557.5011
554.5096
551.5780
548.7051
545.8895
543.1297
540.4247
537.7731
535.1738
532.6257
530.1276
527.6786
525.2775
522.9234
520.6154
518.3524
516.1336
513.9580
511.8248
509.7332
507.6822
505.6711
503.6991
501.7654
499.6267
498.6221
498.1195
497.8277
497.6143
497.4211
497.2242
497.0150
496.7920
496.5562
496.3098
496.0548
495.7933
495.5269
495.2569
494.9844
494.7102
494.4348
494.1590
493.8829
493.6070
493.3316
493.0567
492.7825
492.5092
492.0128
491.4306
490.8226
490.2141
489.6146
489.0268
488.4506
487.8850
487.3286
486.7803
486.2389
485.7036
485.1738
484.6488
484.1283
483.6120
483.0996
482.5910
482.0859
481.5843
481.0860
480.5909
480.0991
479.6106
479.1254
478.6433
478.1643
477.6884
477.2155
476.7455
476.2785
475.8144
475.3532
474.8948
474.4393
473.9867
473.5370
473.0901
472.6460
472.2046
471.7660
471.3301
470.8969
470.4664
470.0385
469.6132
469.1906
468.7704
468.3528
467.9376
467.5250
467.1148
466.7072
466.3020
465.8992
465.4990
465.1011
464.7057
464.3127
463.9279
463.5462
463.1658
462.7867
462.4090
462.0329
461.6586
461.2862
460.9158
460.5475
460.1811
459.8168
460.5095
460.9414
461.2132
461.3815
461.4800
461.5296
461.5442
461.5331
461.5030
461.4586
461.4033
461.3396
460.4030
459.1494
457.8116
456.4838
455.2003
453.9702
452.7928
451.6637
450.5778
449.5302
448.5167
447.5339
446.5789
445.6493
444.7431
443.8589
442.9952
442.1511
441.3255
440.5178
439.7724
439.0956
438.4803
437.9159
437.3923
436.9007
436.5087
436.2125
435.9896
435.8169
435.6761
435.5540
435.4422
435.3353
435.2302
435.1251
435.0194
434.9128
434.8053
434.6973
434.5890
434.4807
434.3727
434.2653
434.1587
434.0531
433.9486
433.8454
433.7435
433.6431
433.5441
433.4466
433.3506
433.2562
433.1633
433.0720
432.9369
432.7512
432.5215
432.2579
431.9702
431.6665
431.3533
431.0352
430.7159
430.3979
430.0828
429.7720
429.4661
429.1657
428.8711
428.5824
428.2954
428.0137
427.6626
427.2407
426.7676
426.2639
425.7460
425.2254
424.7095
424.2024
423.7065
423.2228
422.7514
422.2922
421.8448
421.4086
420.9831
420.5677
420.1620
419.7654
419.3776
418.9981
418.6268
418.2632
417.9071
417.5584
417.2167
416.8819
416.5539
416.2324
415.9172
415.6084
415.3056
415.0088
414.7178
414.4325
414.1528
413.8786
413.6097
413.3461
413.0876
412.8342
412.5857
412.3420
412.1031
411.8688
411.6391
411.4138
411.3524
411.3560
411.3811
411.4093
411.4335
411.4515
411.4633
411.4694
411.4709
411.4686
411.4632
411.4555
411.2405
411.0792
410.9499
410.8408
410.7448
410.6579
410.5773
410.5013
410.4287
410.3587
410.2907
410.2243
410.1593
410.0952
410.0321
409.9697
409.9080
409.8470
409.7864
409.7264
409.6669
409.6077
409.5491
409.4908
409.4329
409.3755
409.3185
409.2618
409.2056
409.1497
409.0941
409.0389
408.9840
408.9295
408.8753
408.8215
408.7680
408.7148
408.6619
408.6093
408.5571
408.5051
408.4535
408.4022
408.3512
408.3005
408.2501
408.2000
408.1502
408.1007
408.0515
408.0026
407.9540
407.9057
407.8576
407.8099
407.7624
407.7152
407.6683
407.6217
407.5754
407.5294
407.4836
407.4382
407.3930
407.3481
407.3035
407.2591
407.2150
407.1712
407.1276
407.0843
407.0413
406.9985
406.9560
406.9137
406.8717
406.8300
406.7885
406.7472
406.7062
406.6655
406.6250
406.5847
406.5447
406.5049
406.4654
406.4260
406.3870
406.3481
406.3095
406.2711
406.2329
406.1950
406.1573
406.1198
406.0826
406.0456
406.0089
405.9724
405.9361
405.9000
405.8642
405.8286
405.7932
405.7580
405.7231
405.6883
405.6538
405.6194
405.5853
405.5514
405.5177
405.4842
405.4509
405.4178
405.3849
405.3522
405.3197
405.2874
405.2553
405.2234
405.1917
405.1602
405.1289
405.0977
405.0668
405.0360
405.0054
404.9751
404.9449
404.9148
404.8855
404.8563
404.8273
404.7984
404.7696
404.7409
404.7123
404.6839
404.6557
404.6276
404.5996
404.5718
404.5442
404.5167
404.4894
404.4622
404.4352
404.4084
404.3818
404.3553
404.3289
404.3028
404.2768
404.2509
404.2252
404.1997
404.1743
404.1491
404.1241
404.0992
404.0745
404.0499
404.0255
404.0012
403.9771
403.9531
403.9293
403.9057
403.9551
404.0808
404.2657
404.4902
404.7384
404.9990
405.2645
405.5302
405.7937
406.0536
406.3093
406.5607
406.8081
407.0517
407.2919
407.5290
407.7633
407.9949
408.2243
408.4514
408.6766
408.8999
409.1215
409.3414
409.5597
409.7765
409.9918
410.2057
410.4181
410.6292
410.8389
411.0473
411.2543
411.4601
411.6646
411.8679
412.0699
412.2706
412.4701
412.6684
412.8655
413.0614
413.2561
413.4496
413.6420
413.8332
414.0231
414.2119
414.3266
414.3637
414.3407
414.2770
414.1887
414.0870
413.9795
413.8708
413.7635
413.6588
413.5559
413.4562
413.3600
413.2670
413.1768
413.0891
413.0034
412.9196
412.8374
412.7565
412.6768
412.5981
412.5203
412.4433
412.3670
412.2913
412.2164
412.1420
412.0682
411.9950
411.9223
411.8501
411.7785
411.7073
411.6366
411.5663
411.4965
411.4272
411.3583
411.2898
411.2218
411.1542
411.0870
411.0202
410.9538
410.8878
410.8222
410.7570
410.6921
410.6277
410.5636
410.4999
410.4366
410.3737
410.3111
410.2489
410.1871
410.1257
410.0646
410.0038
409.9434
409.8834
409.8237
409.7644
409.7054
409.6468
409.5885
409.5306
409.4730
409.4157
409.3588
409.3022
409.2460
409.1901
409.1345
409.0792
409.0243
408.9697
408.9154
408.8615
408.8078
408.7545
408.7015
408.6488
408.5963
408.5442
408.4924
408.4409
408.3897
408.3388
408.2882
408.2379
408.1879
408.1382
408.0888
408.0396
407.9908
407.9423
407.8941
407.8462
407.7986
407.7512
407.7041
407.6574
407.6109
407.5646
407.5187
407.4731
407.4277
407.3826
407.3378
407.2933
407.2491
407.2051
407.1614
407.1179
407.0747
407.0318
406.9891
406.9467
406.9045
406.8626
406.8210
406.7796
406.7384
406.6975
406.6568
406.6164
406.5762
406.5363
406.4966
406.4572
406.4180
406.3790
406.3403
406.3018
406.2635
406.2255
406.1877
406.1501
406.1127
406.0756
406.0387
406.0021
405.9657
405.9295
405.8935
405.8577
405.8222
405.7869
405.7518
405.7169
405.6822
405.6478
405.6135
405.5794
405.5456
405.5119
405.4785
405.4452
405.4122
405.3793
405.3467
405.3142
405.2819
405.2499
405.2180
405.1863
405.1548
405.1235
405.0923
405.0614
405.0306
405.0001
404.9697
404.9394
404.9094
404.8796
404.8499
404.8204
404.7911
404.7620
404.7330
404.7042
404.6756
404.6472
404.6189
404.5908
404.5629
404.5351
404.5075
404.4801
404.4528
404.4257
404.3988
404.3720
404.3454
404.3189
404.2926
404.2665
404.2405
404.2147
404.1978
404.1843
404.1715
404.1579
404.1430
404.1265
404.1086
404.0895
404.0694
404.0484
404.0268
404.0046
404.0529
404.0813
404.0967
404.1036
404.1050
404.1027
404.0980
404.0918
404.0845
404.0766
404.0683
404.0599
403.9680
413.3282
419.9744
424.7543
428.2276
430.8619
432.9251
444.1039
452.4205
459.2694
465.1437
470.6906
466.3891
464.7268
465.1447
467.1711
470.3924
474.4738
479.1360
484.2663
489.6556
495.2367
500.9161
506.6349
512.3306
517.9956
523.6078
529.1479
534.6862
540.1257
545.4936
550.7753
555.9759
561.0233
565.8644
570.5763
575.1933
579.7575
584.2471
588.4008
592.3966
596.4404
600.5400
604.4128
608.4463
612.4863
616.4320
620.2535
623.9290
627.4836
630.9317
634.2195
637.3207
640.1428
642.6758
644.9965
647.0695
648.9933
650.8078
652.5345
654.1893
655.7828
657.3238
658.8061
659.9408
660.9532
661.9797
663.0372
664.0989
665.1370
666.1585
667.2079
668.1408
669.0577
671.0175
662.6793
657.2623
653.7843
651.3173
649.4098
647.8467
646.5479
645.4662
644.5938
643.9067
643.3751
642.9768
642.6944
642.5138
642.4228
642.4155
642.4957
642.6266
642.7928
642.9870
643.2025
643.4470
643.7191
643.9919
644.2537
644.5021
644.7369
644.9637
645.1843
645.3998
645.6118
645.8216
646.0292
646.2342
646.4308
646.6163
646.7947
646.9765
647.1664
647.3979
647.6859
648.0343
648.4436
648.9134
649.4365
649.9851
650.4203
650.5486
660.3512
669.1491
676.9552
683.8685
689.8451
695.0017
699.4277
703.1968
706.3906
709.0365
691.8378
676.1714
662.1675
649.6699
638.5268
628.6130
619.7720
611.8472
604.6978
598.2021
592.2577
586.7805
581.6884
576.9303
572.4596
568.2349
564.2214
560.3905
556.7188
553.1871
549.7798
546.4839
543.2880
540.1891
537.1811
534.2576
531.4133
528.6431
525.9431
523.3095
520.7391
518.2291
515.7771
513.3809
511.0387
508.7483
506.5080
504.3161
502.1714
500.0725
498.0183
496.0076
494.0394
492.1126
490.2264
488.3796
486.5716
484.4348
483.4179
483.0035
482.8886
482.8998
482.9411
482.9626
482.9411
482.8684
482.7441
482.5720
482.3576
482.1077
481.8281
481.5235
481.1978
480.8545
480.4965
480.1270
479.7505
479.3704
478.9891
