0.0000
0.0000
0.0000
0.0000
0.0000
0.0000
0.0000
0.0000
0.0000
0.0000
0.0000
0.0000
0.0000
0.0000
0.0000
0.0000
0.0000
0.0000
0.0000
0.0000
0.0000
0.0000
0.0000
0.0000
0.0000
0.0000
0.0000
0.0000
0.0000
0.0000
0.0000
0.0000
0.0000
0.0000
0.0000
0.0000
0.0000
0.0000
0.0000
0.0000
0.0000
0.0000
0.0000
0.0000
0.0000
0.0000
0.0000
0.0000
0.0000
0.0000
0.0000
0.0000
0.0000
0.0000
0.0000
0.0000
0.0000
0.0000
0.0000
0.0000
0.0000
0.3284
0.1218
0.1043
0.1000
0.0973
0.0953
0.0937
0.0924
0.0912
0.0902
0.1526
0.1768
0.3960
0.2653
0.2663
0.2712
0.2757
0.2794
0.2836
0.2869
0.2899
0.2935
0.2969
0.3000
0.4390
0.4390
0.4390
0.4390
0.4390
0.4390
0.4390
0.4390
0.4390
0.4390
0.4390
0.4390
0.4390
0.4390
0.4390
0.4390
0.4390
0.4390
0.4390
0.4390
0.4390
0.4390
0.4390
0.4390
0.4390
0.4390
0.4390
0.4390
0.4390
0.4390
0.4390
0.4390
0.4390
0.4390
0.4390
0.4390
0.4390
0.4390
0.4390
0.4390
0.4390
0.4390
0.4390
0.4390
0.4390
0.4321
0.4285
0.4252
0.4218
0.4189
0.4151
0.4119
0.4088
0.4064
0.4058
0.4003
0.3979
0.3957
0.3938
0.3971
0.3904
0.3885
0.3823
0.3807
0.3794
0.3784
0.3843
0.3772
0.3774
0.3772
0.3814
0.4079
0.3815
0.3860
0.3817
0.3863
0.3820
0.3822
0.3820
0.3861
0.3813
0.3809
0.3779
0.3842
0.3786
0.3765
0.3759
0.3744
0.3730
0.3716
0.3705
0.3696
0.3706
0.3682
0.3674
0.3667
0.3665
0.3662
0.3661
0.3705
0.3685
0.3640
0.3662
0.3700
0.3653
0.3647
0.3644
0.3640
0.3668
0.3656
0.3592
0.3575
0.3602
0.3541
0.3563
0.3450
0.3425
0.3397
0.3457
0.3341
0.3362
0.3286
0.3279
0.3257
0.3235
0.3214
0.3197
0.3169
0.3174
0.3154
0.3137
0.3123
0.3108
0.3087
0.3064
0.3062
0.3046
0.3026
0.3013
0.2990
0.2986
0.2972
0.2958
0.2944
0.2933
0.2920
0.2912
0.2902
0.2892
0.2882
0.2873
0.2866
0.2858
0.2845
0.2850
0.2832
0.2820
0.2805
0.2802
0.2791
0.2782
0.2772
0.2763
0.2752
0.2743
0.2733
0.2724
0.2715
0.2711
0.2706
0.2706
0.2686
0.2699
0.2696
0.2693
0.2690
0.2687
0.2685
0.2682
0.2680
0.0000
0.0000
0.0000
0.0000
0.0000
0.0000
0.0000
0.0000
0.0000
0.0000
0.0000
0.0000
0.0000
0.0000
0.0000
0.0000
0.0000
0.0000
0.0000
0.0000
0.0000
0.0000
0.0000
0.0000
0.0000
0.0000
0.0000
0.0000
0.0000
0.0000
0.0878
0.0878
0.0878
0.0878
0.0878
0.0878
0.0878
0.0878
0.0878
0.0878
0.0878
0.0878
0.0000
0.0000
0.0000
0.0878
0.0878
0.0878
0.0878
0.0878
0.0878
0.0878
0.0878
0.0878
0.0878
0.0878
0.0878
0.0000
0.1007
0.0878
0.0878
0.0878
0.0878
0.0878
0.0878
0.0878
0.0878
0.0878
0.0878
0.0878
0.0000
0.1503
0.0954
0.0927
0.0929
0.0932
0.0936
0.0940
0.0943
0.0947
0.0951
0.0954
0.0957
0.0000
0.4390
0.2743
0.2081
0.2027
0.2010
0.2001
0.1996
0.1992
0.1991
0.1990
0.2544
0.2554
0.4390
0.3514
0.3345
0.3326
0.3295
0.3273
0.3236
0.3201
0.3174
0.3151
0.3133
0.3117
0.4390
0.4390
0.4390
0.4390
0.4390
0.4390
0.4390
0.4390
0.4390
0.4390
0.4390
0.4390
0.4390
0.4390
0.4390
0.4390
0.4390
0.4390
0.4390
0.4390
0.4390
0.4390
0.4390
0.4390
0.4390
0.4390
0.4390
0.4390
0.4390
0.4390
0.4390
0.4390
0.4390
0.4390
0.4390
0.4390
0.4390
0.4390
0.4390
0.4390
0.4390
0.4390
0.4390
0.4390
0.4390
0.4390
0.4390
0.4390
0.4390
0.4390
0.4390
0.4390
0.4390
0.4390
0.4390
0.4390
0.4390
0.4390
0.4390
0.4390
0.4390
0.4390
0.4390
0.4390
0.4390
0.4390
0.4390
0.4390
0.4390
0.4390
0.4390
0.4390
0.4390
0.4390
0.4390
0.4390
0.4390
0.4390
0.4390
0.4390
0.4390
0.4390
0.4390
0.4390
0.4390
0.4390
0.4390
0.4390
0.4390
0.4390
0.4390
0.4390
0.4390
0.4390
0.4390
0.4390
0.4390
0.4390
0.4390
0.4390
0.4390
0.4390
0.4390
0.4390
0.4390
0.4390
0.4390
0.4390
0.4390
0.4390
0.4390
0.4390
0.4390
0.4390
0.4390
0.4390
0.4390
0.4390
0.4390
0.4390
0.4390
0.4390
0.4390
0.4390
0.4311
0.4272
0.4245
0.4222
0.4198
0.4175
0.4152
0.4129
0.4105
0.4061
0.4082
0.4038
0.4016
0.3992
0.3974
0.3940
0.3945
0.3930
0.3916
0.3902
0.3889
0.3873
0.3863
0.3851
0.3840
0.3834
0.3825
0.3806
0.3794
0.3782
0.3794
0.3761
0.3753
0.3748
0.3726
0.3735
0.3728
0.3722
0.3717
0.3711
0.3706
0.3698
0.3694
0.3701
0.3684
0.3675
0.3676
0.3671
0.3644
0.3663
0.3658
0.3654
0.3650
0.3646
0.3641
0.3637
0.0000
0.0000
0.0000
0.0000
0.0000
0.1797
0.1149
0.1138
0.1152
0.1165
0.1176
0.1186
0.1195
0.1204
0.1211
0.1218
0.1225
0.0000
0.2094
0.1301
0.1261
0.1259
0.1261
0.1291
0.1266
0.1267
0.1267
0.1268
0.1269
0.1269
0.0000
0.2150
0.1334
0.1286
0.1280
0.1278
0.1277
0.1278
0.1278
0.1279
0.1280
0.1281
0.1282
0.0000
0.2168
0.1352
0.1301
0.1295
0.1291
0.1287
0.1283
0.1279
0.1276
0.1272
0.1268
0.1264
0.0000
0.2120
0.1319
0.1263
0.1253
0.1246
0.1242
0.1237
0.1233
0.1228
0.1226
0.1220
0.1216
0.0000
0.2037
0.1268
0.1215
0.1205
0.1198
0.1193
0.1188
0.1183
0.1179
0.1174
0.1170
0.1166
0.0000
0.1948
0.4390
0.2525
0.2204
0.2170
0.2154
0.2144
0.2136
0.2130
0.2125
0.2122
0.2712
0.0000
0.4390
0.4390
0.4078
0.3376
0.3241
0.3162
0.3120
0.3095
0.3079
0.3069
0.3064
0.3062
0.4390
0.4390
0.4390
0.4390
0.4390
0.4390
0.4390
0.4390
0.4390
0.4390
0.4390
0.4390
0.4390
0.4390
0.4390
0.4390
0.4390
0.4390
0.4390
0.4390
0.4390
0.4390
0.4390
0.4390
0.4390
0.4390
0.4390
0.4390
0.4390
0.4390
0.4390
0.4390
0.4390
0.4390
0.4390
0.4390
0.4390
0.4390
0.4390
0.4390
0.4390
0.4390
0.4390
0.4390
0.4390
0.4390
0.4390
0.4390
0.4390
0.4390
0.4390
0.4390
0.4390
0.4390
0.4390
0.4390
0.4390
0.4390
0.4390
0.4390
0.4390
0.4390
0.4390
0.4390
0.4390
0.4390
0.4390
0.4390
0.4390
0.4390
0.4390
0.4390
0.4390
0.4390
0.4390
0.4390
0.4390
0.4390
0.4390
0.4390
0.4390
0.4390
0.4390
0.4390
0.4390
0.4390
0.4390
0.4390
0.4390
0.4390
0.4390
0.4390
0.4390
0.4390
0.4390
0.4390
0.4390
0.4390
0.4390
0.4390
0.4390
0.4390
0.4390
0.4390
0.4390
0.4390
0.4390
0.4390
0.4390
0.4390
0.4390
0.4390
0.4390
0.4390
0.4390
0.4390
0.4390
0.4390
0.4390
0.4390
0.4390
0.4390
0.4390
0.4390
0.4390
0.4390
0.4390
0.4390
0.4390
0.4379
0.4299
0.4267
0.4234
0.4179
0.4171
0.4138
0.4129
0.4073
0.4048
0.4004
0.4004
0.3982
0.3961
0.3941
0.3923
0.3900
0.3885
0.3868
0.3865
0.3839
0.3822
0.3808
0.3794
0.3780
0.3790
0.3737
0.3746
0.3740
0.3734
0.3727
0.3722
0.3717
0.3712
0.3707
0.3708
0.3707
0.3695
0.3691
0.3687
0.3681
0.3657
0.3677
0.3674
0.3670
0.3667
0.3663
0.3660
0.3657
0.3654
0.3651
0.0000
0.0000
0.0000
0.0000
0.0000
0.1952
0.1214
0.1198
0.1210
0.1223
0.1234
0.1244
0.1250
0.1255
0.1259
0.1263
0.1266
0.0000
0.2156
0.1331
0.1287
0.1282
0.1280
0.1278
0.1278
0.1278
0.1277
0.1277
0.1277
0.1276
0.0000
0.2163
0.1338
0.1290
0.1282
0.1279
0.1276
0.1273
0.1270
0.1267
0.1265
0.1262
0.1259
0.0000
0.2121
0.1314
0.1261
0.1252
0.1243
0.1236
0.1228
0.1221
0.1214
0.1206
0.1199
0.1192
0.0000
0.1992
0.1234
0.1178
0.1165
0.1157
0.1148
0.1142
0.1133
0.1126
0.1119
0.1111
0.1104
0.0000
0.1842
0.1142
0.1089
0.1076
0.1067
0.1058
0.1050
0.1042
0.1034
0.1026
0.1019
0.1011
0.0000
0.1685
0.4390
0.2261
0.2042
0.2014
0.2002
0.1995
0.1991
0.1989
0.1988
0.1988
0.2451
0.0000
0.4390
0.4390
0.3478
0.3318
0.3384
0.3457
0.3533
0.3612
0.3692
0.3773
0.3854
0.3933
0.4390
0.4390
0.4390
0.4390
0.4390
0.4390
0.4390
0.4390
0.4390
0.4390
0.4390
0.4390
0.4390
0.4390
0.4390
0.4390
0.4390
0.4390
0.4390
0.4390
0.4390
0.4390
0.4390
0.4390
0.4390
0.4390
0.4390
0.4390
0.4390
0.4390
0.4390
0.4390
0.4390
0.4390
0.4390
0.4390
0.4390
0.4390
0.4390
0.4390
0.4390
0.4390
0.4390
0.4390
0.4390
0.4390
0.4390
0.4390
0.4390
0.4390
0.4390
0.4390
0.4390
0.4390
0.4390
0.4390
0.4390
0.4390
0.4390
0.4390
0.4390
0.4390
0.4390
0.4390
0.4390
0.4390
0.4390
0.4390
0.4390
0.4390
0.4390
0.4390
0.4390
0.4390
0.4390
0.4390
0.4390
0.4390
0.4390
0.4390
0.4390
0.4390
0.4390
0.4390
0.4390
0.4390
0.4390
0.4390
0.4390
0.4390
0.4390
0.4390
0.4390
0.4390
0.4390
0.4390
0.4390
0.4390
0.4390
0.4390
0.4390
0.4390
0.4390
0.4390
0.4390
0.4390
0.4390
0.4390
0.4390
0.4390
0.4390
0.4390
0.4390
0.4390
0.4390
0.4390
0.4390
0.4390
0.4390
0.4390
0.4390
0.4390
0.4390
0.4390
0.4390
0.4390
0.4390
0.4390
0.4359
0.4289
0.4258
0.4229
0.4179
0.4191
0.4144
0.4115
0.4087
0.4060
0.4016
0.4017
0.3997
0.3977
0.3958
0.3939
0.3921
0.3900
0.3886
0.3872
0.3857
0.3849
0.3832
0.3810
0.3794
0.3779
0.3789
0.3750
0.3743
0.3738
0.3730
0.3712
0.3721
0.3716
0.3712
0.3706
0.3703
0.3698
0.3694
0.3690
0.3686
0.3691
0.3654
0.3674
0.3669
0.3665
0.3661
0.3657
0.3653
0.3649
0.3645
0.3641
0.0000
0.0000
0.0000
0.0000
0.0000
0.1861
0.1177
0.1165
0.1179
0.1193
0.1205
0.1216
0.1224
0.1231
0.1238
0.1243
0.1249
0.0000
0.2132
0.1321
0.1279
0.1304
0.1277
0.1277
0.1278
0.1279
0.1280
0.1281
0.1281
0.1282
0.0000
0.2175
0.1345
0.1297
0.1291
0.1288
0.1286
0.1285
0.1284
0.1283
0.1282
0.1281
0.1281
0.0000
0.2166
0.1342
0.1291
0.1284
0.1281
0.1279
0.1278
0.1278
0.1277
0.1277
0.1277
0.1277
0.0000
0.2161
0.1344
0.1292
0.1285
0.1281
0.1278
0.1276
0.1274
0.1272
0.1271
0.1270
0.1269
0.0000
0.2140
0.1332
0.1280
0.1273
0.1271
0.1271
0.1270
0.1270
0.1270
0.1271
0.1271
0.1272
0.0000
0.2148
0.4390
0.2687
0.2300
0.2275
0.2264
0.2255
0.2249
0.2245
0.2242
0.2241
0.3269
0.0000
0.4390
0.4390
0.4390
0.4390
0.4390
0.4349
0.4002
0.3913
0.3849
0.3798
0.3757
0.3724
0.4390
0.4390
0.4390
0.4390
0.4390
0.4390
0.4390
0.4390
0.4390
0.4390
0.4390
0.4390
0.4390
0.4390
0.4390
0.4390
0.4390
0.4390
0.4390
0.4390
0.4390
0.4390
0.4390
0.4390
0.4390
0.4390
0.4390
0.4390
0.4390
0.4390
0.4390
0.4390
0.4390
0.4390
0.4390
0.4390
0.4390
0.4390
0.4390
0.4390
0.4390
0.4390
0.4390
0.4390
0.4390
0.4390
0.4390
0.4390
0.4390
0.4390
0.4390
0.4390
0.4390
0.4390
0.4390
0.4390
0.4390
0.4390
0.4390
0.4390
0.4390
0.4390
0.4390
0.4390
0.4390
0.4390
0.4390
0.4390
0.4390
0.4390
0.4390
0.4390
0.4390
0.4390
0.4390
0.4390
0.4390
0.4390
0.4390
0.4390
0.4390
0.4390
0.4390
0.4390
0.4390
0.4390
0.4390
0.4390
0.4390
0.4390
0.4390
0.4390
0.4390
0.4390
0.4390
0.4390
0.4390
0.4390
0.4390
0.4390
0.4390
0.4390
0.4390
0.4390
0.4390
0.4390
0.4390
0.4390
0.4390
0.4390
0.4390
0.4390
0.4390
0.4390
0.4390
0.4390
0.4390
0.4390
0.4390
0.4390
0.0878
0.0878
0.0878
0.0878
0.1417
0.1728
0.1761
0.1772
0.1777
0.1777
0.1774
0.1769
0.0000
0.2989
0.1801
0.1730
0.1704
0.1680
0.1662
0.1647
0.1633
0.1619
0.1604
0.1590
0.1576
0.0000
0.2639
0.1606
0.1540
0.1521
0.1506
0.1492
0.1478
0.1465
0.1452
0.1439
0.1435
0.1432
0.0000
0.2421
0.1496
0.1442
0.1433
0.1428
0.1425
0.1423
0.1421
0.1419
0.1417
0.1415
0.1413
0.0000
0.2385
0.1480
0.1424
0.1415
0.1410
0.1407
0.1405
0.1403
0.1403
0.1403
0.1404
0.1406
0.0000
0.2378
0.1484
0.1430
0.1424
0.1424
0.1424
0.1425
0.1423
0.1420
0.1417
0.1415
0.1412
0.0000
0.2378
0.1476
0.1417
0.1407
0.1401
0.1397
0.1393
0.1391
0.1388
0.1386
0.1383
0.1381
0.0000
0.2331
0.1447
0.1389
0.1380
0.1375
0.1371
0.1367
0.1363
0.1360
0.1357
0.1353
0.1350
0.0000
0.2277
0.1412
0.1354
0.1344
0.1338
0.1334
0.1330
0.1326
0.1323
0.1320
0.1316
0.1313
0.0000
0.2214
0.1373
0.1316
0.1307
0.1301
0.1297
0.1293
0.1289
0.1286
0.1282
0.1279
0.1276
0.0000
0.2151
0.1335
0.1279
0.1270
0.1264
0.1260
0.1256
0.1252
0.1248
0.1245
0.1241
0.1238
0.0000
0.2085
0.1299
0.1249
0.1244
0.1243
0.1243
0.1245
0.1246
0.1248
0.1249
0.1251
0.2636
0.0000
0.4390
0.2732
0.2533
0.2451
0.2353
0.2277
0.2256
0.2227
0.2200
0.2185
0.2183
0.2188
0.0000
0.3926
0.2349
0.2277
0.2294
0.2318
0.2328
0.2332
0.2335
0.2337
0.2326
0.2321
0.2320
0.0000
0.4125
0.2435
0.2321
0.2308
0.2307
0.2308
0.2323
0.2332
0.2338
0.2344
0.2349
0.2355
0.0000
0.4193
0.2492
0.2405
0.2412
0.2422
0.2432
0.2443
0.2453
0.2464
0.2474
0.2485
0.2495
0.0000
0.4390
0.2682
0.2548
0.2541
0.2542
0.2541
0.2541
0.2544
0.2538
0.2532
0.2525
0.2518
0.0000
0.4390
0.2637
0.2498
0.2475
0.2459
0.2454
0.2445
0.2437
0.2429
0.2422
0.2432
0.2434
0.0000
0.4292
0.2538
0.2430
0.2413
0.2402
0.2391
0.2406
0.2366
0.2352
0.2338
0.2324
0.2309
0.0000
0.4064
0.2399
0.2303
0.2293
0.2289
0.2285
0.2282
0.2280
0.2278
0.2277
0.2275
0.2274
0.0000
0.4019
0.2371
0.2278
0.2270
0.2266
0.2262
0.2260
0.2257
0.2255
0.2252
0.2246
0.2239
0.0000
0.3933
0.2314
0.2213
0.2197
0.2186
0.2173
0.2159
0.2144
0.2129
0.2117
0.2105
0.2094
0.0000
0.3595
0.2157
0.2059
0.2035
0.2014
0.1993
0.1973
0.1952
0.1932
0.1914
0.1895
0.1877
0.0000
0.3154
0.1910
0.1822
0.1795
0.1773
0.1752
0.1732
0.1715
0.1699
0.1683
0.1668
0.1653
0.0000
0.2763
0.1691
0.1613
0.1591
0.1574
0.1558
0.1543
0.1528
0.1513
0.1499
0.1484
0.1470
0.0000
0.2472
0.1528
0.1466
0.1455
0.1447
0.1442
0.1437
0.1432
0.1428
0.1424
0.1420
0.1415
0.0000
0.2378
0.1472
0.1411
0.1399
0.1391
0.1385
0.1379
0.1373
0.1368
0.1362
0.1358
0.1355
0.0000
0.2281
0.1415
0.1358
0.1348
0.1342
0.1338
0.1334
0.1330
0.1327
0.1321
0.1316
0.1310
0.0000
0.2200
0.1361
0.1303
0.1291
0.1283
0.1276
0.1270
0.1264
0.1258
0.1251
0.1245
0.1239
0.0000
0.2078
0.1286
0.1229
0.1217
0.1209
0.1202
0.1195
0.1196
0.1184
0.1179
0.1173
0.1168
0.0000
0.1981
0.1204
0.1157
0.1145
0.1137
0.1129
0.1121
0.1113
0.1105
0.1097
0.1088
0.1080
0.0000
0.1827
0.1105
0.1060
0.1047
0.1037
0.1028
0.1020
0.1011
0.1004
0.0996
0.0988
0.0980
0.0000
0.1658
0.1002
0.0962
0.0951
0.0941
0.0932
0.0924
0.0915
0.0907
0.0899
0.0891
0.0883
0.0000
0.1488
0.0899
0.0878
0.4248
0.2096
0.1919
0.1896
0.1888
0.1885
0.1885
0.1886
0.1889
0.0000
0.3914
0.2557
0.4390
0.3686
0.3567
0.3678
0.3788
0.3886
0.3965
0.4033
0.4086
0.4139
0.4191
0.4242
0.4390
0.4390
0.4390
0.4390
0.4390
0.4390
0.4390
0.4390
0.4390
0.4390
0.4390
0.4390
0.4390
0.4390
0.4390
0.4390
0.4390
0.4390
0.4390
0.4390
0.4390
0.4390
0.4390
0.4390
0.4390
0.4390
0.4390
0.4390
0.4390
0.4390
0.4390
0.4390
0.4390
0.4390
0.4390
0.4390
0.4390
0.4390
0.4390
0.4390
0.4390
0.4390
0.4390
0.4390
0.4390
0.4390
0.4390
0.4390
0.4390
0.4390
0.4390
0.4390
0.4390
0.4390
0.4390
0.4390
0.4390
0.4390
0.4390
0.4390
0.4390
0.4390
0.4390
0.4390
0.4390
0.4390
0.4390
0.4390
0.4390
0.4390
0.4390
0.4390
0.4390
0.4390
0.4390
0.4390
0.4390
0.4390
0.4390
0.4390
0.4390
0.4390
0.4390
0.4390
0.4390
0.4390
0.4390
0.4390
0.4390
0.4390
0.4390
0.4390
0.4390
0.4390
0.4390
0.4390
0.4390
0.4390
0.4390
0.4390
0.4390
0.4390
0.4390
0.4390
0.4390
0.4390
0.4390
0.4390
0.4390
0.4390
0.4390
0.4390
0.4390
0.4390
0.4390
0.4390
0.4390
0.4390
0.4390
0.4390
0.4390
0.4390
0.4390
0.4390
0.4379
0.4303
0.4277
0.4255
0.4233
0.4211
0.4186
0.4163
0.4142
0.4119
0.4100
0.4080
0.4060
0.4039
0.4023
0.4008
0.3995
0.3982
0.3969
0.3956
0.3941
0.3919
0.3906
0.3893
0.3879
0.3866
0.3853
0.3840
0.3827
0.3815
0.3803
0.3815
0.3784
0.3777
0.3772
0.3765
0.3760
0.3753
0.3748
0.3743
0.3736
0.3733
0.3728
0.3721
0.3718
0.3709
0.3709
0.3703
0.3700
0.3672
0.3691
0.3686
0.3681
0.3677
0.3672
0.3668
0.0878
0.0878
0.0878
0.0878
0.0878
0.0878
0.0878
0.0890
0.1123
0.1152
0.1171
0.1186
0.0000
0.2028
0.1258
0.1219
0.1216
0.1215
0.1214
0.1214
0.1213
0.1212
0.1239
0.1210
0.4390
0.0000
0.4390
0.4390
0.4390
0.4390
0.4390
0.4390
0.4390
0.4390
0.4390
0.4390
0.4390
0.4390
0.0000
0.4390
0.4390
0.4390
0.4390
0.4390
0.4390
0.4390
0.4390
0.4390
0.4390
0.4390
0.4390
0.0000
0.4390
0.4390
0.4390
0.4390
0.4390
0.4390
0.4390
0.4390
0.4390
0.4390
0.4390
0.4390
0.0000
0.4390
0.4390
0.4390
0.4390
0.4390
0.4390
0.4390
0.4390
0.4390
0.4390
0.4390
0.4390
0.0000
0.4390
0.4390
0.4390
0.4390
0.4390
0.4390
0.4390
0.4390
0.4390
0.4390
0.4390
0.4390
0.0000
0.4390
0.4390
0.4390
0.4390
0.4390
0.4390
0.4390
0.4390
0.4390
0.4390
0.4390
0.4390
0.4390
0.4390
0.4390
0.4390
0.4390
0.2591
0.0878
0.0878
0.0878
0.0878
0.0878
0.0878
0.0878
0.0878
0.0878
0.0878
0.0878
0.0878
0.0878
0.0878
0.0878
0.0878
0.0878
0.0878
0.0878
0.0878
0.0878
0.0878
0.0878
0.0878
0.0878
0.0878
0.0878
0.0878
0.0878
0.0878
0.0878
0.0878
0.0878
0.0878
0.0878
0.0878
0.0878
0.0878
0.0878
0.0878
0.0878
0.0878
0.0878
0.0878
0.0878
0.0878
0.0878
0.0878
0.0878
0.0878
0.0878
0.0878
0.0878
0.0878
0.0878
0.0878
0.0878
0.0878
0.0878
0.0878
0.0878
0.0878
0.0878
0.0878
0.0878
0.0878
0.0878
0.0878
0.0878
0.0878
0.0878
0.0878
0.0878
0.0878
0.0878
0.0878
0.0878
0.0878
0.0878
0.0878
0.0878
0.0878
0.0878
0.0878
0.0878
0.0878
0.0878
0.0878
0.0878
0.0878
0.0878
0.0878
0.0878
0.0878
0.0878
0.0878
0.0878
0.0878
0.0878
0.0878
0.0878
0.0878
0.0878
0.0878
0.0878
0.0878
0.0878
0.0878
0.0878
0.0878
0.0878
0.0878
0.0878
0.0878
0.0878
0.0878
0.0878
0.0878
0.0878
0.0878
0.0878
0.0878
0.0878
0.0878
0.0878
0.0878
0.0878
0.0878
0.0878
0.0878
0.0878
0.0878
0.0878
0.0878
0.0878
0.0878
0.0878
0.0878
0.0878
0.0878
0.0878
0.0878
0.0878
0.0878
0.0878
0.0878
0.0878
0.0878
0.0878
0.0878
0.0878
0.0878
0.0878
0.0878
0.0878
0.0878
0.0878
0.0878
0.0878
0.0878
0.0878
0.0878
0.0878
0.0878
0.0878
0.0878
0.0878
0.0878
0.0878
0.0878
0.0878
0.0878
0.0878
0.0878
0.0878
0.0878
0.0878
0.0878
0.0878
0.4390
0.4390
0.4390
0.4390
0.4390
0.4390
0.4390
0.4390
0.4390
0.4390
0.4390
0.4390
0.0000
0.4390
0.4390
0.4390
0.4390
0.4390
0.4390
0.4390
0.4390
0.4390
0.4390
0.4390
0.4390
0.0000
0.4390
0.4390
0.4390
0.4390
0.4390
0.4390
0.4390
0.4390
0.4390
0.4390
0.4390
0.4390
0.0000
0.4390
0.4390
0.4390
0.4390
0.4390
0.4390
0.4390
0.4390
0.4390
0.4390
0.4390
0.4390
0.0000
0.4390
0.4390
0.4390
0.4390
0.4390
0.4390
0.4390
0.4390
0.4390
0.4390
0.4390
0.4390
0.0000
0.4390
0.4390
0.4390
0.4390
0.4390
0.4390
0.4390
0.4390
0.4390
0.4390
0.4390
0.4390
0.0000
0.4390
0.4390
0.4390
0.4390
0.4390
0.4390
0.4390
0.4390
0.4390
0.4390
0.4390
0.4390
0.0000
0.4390
0.4390
0.4390
0.4390
0.4390
0.4390
0.4390
0.4390
0.4390
0.4390
0.4390
0.4390
0.4390
0.4390
0.4390
0.4390
0.4390
0.2445
0.0878
0.0878
0.0878
0.0878
0.0878
0.0878
0.0878
0.0878
0.0878
0.0878
0.0878
0.0878
0.0878
0.0878
0.0878
0.0878
0.0878
0.0878
0.0878
0.0878
0.0878
0.0878
0.0878
0.0878
0.0878
0.0878
0.0878
0.0878
0.0878
0.0878
0.0878
0.0878
0.0878
0.0878
0.0878
0.0878
0.0878
0.0878
0.0878
0.0878
0.0878
0.0878
0.0878
0.0878
0.0878
0.0878
0.0878
0.0878
0.0878
0.0878
0.0878
0.0878
0.0878
0.0878
0.0878
0.0878
0.0878
0.0878
0.0878
0.0878
0.0878
0.0878
0.0878
0.0878
0.0878
0.0878
0.0878
0.0878
0.0878
0.0878
0.0878
0.0878
0.0878
0.0878
0.0878
0.0878
0.0878
0.0878
0.0878
0.0878
0.0878
0.0878
0.0878
0.0878
0.0878
0.0878
0.0878
0.0878
0.0878
0.0878
0.0878
0.0878
0.0878
0.0878
0.0878
0.0878
0.0878
0.0878
0.0878
0.0878
0.0878
0.0878
0.0878
0.0878
0.0878
0.0878
0.0878
0.0878
0.0878
0.0878
0.0878
0.0878
0.0878
0.0878
0.0878
0.0878
0.0878
0.0878
0.0878
0.0878
0.0878
0.0878
0.0878
0.0878
0.0878
0.0878
0.0878
0.0878
0.0878
0.0878
0.0878
0.0878
0.0878
0.0878
0.0878
0.0878
0.0878
0.0878
0.0878
0.0878
0.0878
0.0878
0.0878
0.0878
0.0878
0.0878
0.0878
0.0878
0.0878
0.0878
0.0878
0.0878
0.0878
0.0878
0.0878
0.0878
0.0878
0.0878
0.0878
0.0878
0.0878
0.0878
0.0878
0.0878
0.0878
0.0878
0.0878
0.0878
0.0878
0.0878
0.0878
0.0878
0.0878
0.0878
0.0878
0.0878
0.0878
0.0878
0.0878
0.4390
0.4390
0.4390
0.4390
0.4390
0.4390
0.4390
0.4390
0.4390
0.4390
0.4390
0.4390
0.0000
0.4390
0.4390
0.4390
0.4390
0.4390
0.4390
0.4390
0.4390
0.4390
0.4390
0.4390
0.0878
0.0000
0.0000
0.0000
0.0000
0.2200
0.1374
0.1351
0.1362
0.1372
0.1381
0.1388
0.1396
0.1402
0.1408
0.1414
0.1419
0.0000
0.2430
0.1498
0.1451
0.1448
0.1449
0.1451
0.1443
0.1433
0.1423
0.1412
0.1402
0.1391
0.0000
0.2328
0.1425
0.1360
0.1341
0.1331
0.1317
0.1306
0.1296
0.1286
0.1276
0.1268
0.1256
0.0000
0.2104
0.1291
0.1230
0.1214
0.1202
0.1191
0.1180
0.1169
0.1158
0.1148
0.1137
0.1127
0.0000
0.1884
0.1155
0.1098
0.4390
0.2282
0.2066
0.2055
0.2052
0.2052
0.2054
0.2057
0.2062
0.0000
0.4018
0.2480
0.4390
0.3325
0.3305
0.3398
0.3482
0.3558
0.3661
0.3726
0.3772
0.3814
0.3854
0.3893
0.4390
0.4390
0.4390
0.4390
0.4390
0.4390
0.4390
0.4390
0.4390
0.4390
0.4390
0.4390
0.4390
0.4390
0.4390
0.4390
0.4390
0.4390
0.4390
0.4390
0.4390
0.4390
0.4390
0.4390
0.4390
0.4390
0.4390
0.4390
0.4390
0.4390
0.4390
0.4390
0.4390
0.4390
0.4390
0.4390
0.4390
0.4390
0.4390
0.4390
0.4390
0.4390
0.4390
0.4390
0.4390
0.4390
0.4390
0.4390
0.4390
0.4390
0.4390
0.4390
0.4390
0.4390
0.4390
0.4390
0.4390
0.4390
0.4390
0.4390
0.4390
0.4390
0.4390
0.4390
0.4390
0.4390
0.4390
0.4390
0.4390
0.4390
0.4390
0.4390
0.4390
0.4390
0.4390
0.4390
0.4390
0.4390
0.4390
0.4390
0.4390
0.4390
0.4390
0.4390
0.4390
0.4390
0.4390
0.4390
0.4390
0.4390
0.4390
0.4390
0.4390
0.4390
0.4390
0.4390
0.4390
0.4390
0.4390
0.4390
0.4390
0.4390
0.4390
0.4390
0.4390
0.4390
0.4390
0.4390
0.4390
0.4390
0.4390
0.4390
0.4390
0.4390
0.4390
0.4390
0.4390
0.4390
0.4390
0.4390
0.4390
0.4390
0.4390
0.4390
0.4390
0.4390
0.4390
0.4390
0.4390
0.4390
0.4390
0.4390
0.4390
0.4390
0.4390
0.4390
0.4359
0.4278
0.4245
0.4195
0.4190
0.4164
0.4139
0.4114
0.4091
0.4063
0.4044
0.4023
0.4020
0.3987
0.3967
0.3950
0.3934
0.3916
0.3924
0.3883
0.3873
0.3846
0.3855
0.3843
0.3834
0.3826
0.3817
0.3809
0.3801
0.3792
0.3784
0.3780
0.3779
0.3735
0.3754
0.3746
0.3738
0.3731
0.3723
0.3715
0.3708
0.3700
0.3693
0.3685
0.0000
0.0000
0.0000
0.0000
0.0000
0.1932
0.1193
0.1173
0.1182
0.1192
0.1199
0.1205
0.1210
0.1214
0.1218
0.1220
0.1223
0.0000
0.2082
0.1284
0.1242
0.1236
0.1234
0.1232
0.1231
0.1229
0.1227
0.1253
0.1224
0.1221
0.0000
0.2065
0.1274
0.1226
0.1218
0.1213
0.1209
0.1205
0.1202
0.1198
0.1195
0.1191
0.1187
0.0000
0.2001
0.1237
0.1187
0.1177
0.1172
0.1168
0.1165
0.1162
0.1159
0.1156
0.1154
0.1151
0.0000
0.1939
0.1204
0.1155
0.1146
0.1142
0.1138
0.1135
0.1132
0.1129
0.1127
0.1126
0.1121
0.0000
0.1885
0.1173
0.1125
0.1116
0.1111
0.1107
0.1103
0.1100
0.1097
0.1094
0.1091
0.1088
0.0000
0.1827
0.4390
0.2396
0.2136
0.2113
0.2105
0.2102
0.2102
0.2104
0.2107
0.2112
0.2389
0.0000
0.4390
0.4390
0.3705
0.3511
0.3601
0.3701
0.3764
0.3810
0.3850
0.3884
0.3915
0.3942
0.4390
0.4390
0.4390
0.4390
0.4390
0.4390
0.4390
0.4390
0.4390
0.4390
0.4390
0.4390
0.4390
0.4390
0.4390
0.4390
0.4390
0.4390
0.4390
0.4390
0.4390
0.4390
0.4390
0.4390
0.4390
0.4390
0.4390
0.4390
0.4390
0.4390
0.4390
0.4390
0.4390
0.4390
0.4390
0.4390
0.4390
0.4390
0.4390
0.4390
0.4390
0.4390
0.4390
0.4390
0.4390
0.4390
0.4390
0.4390
0.4390
0.4390
0.4390
0.4390
0.4390
0.4390
0.4390
0.4390
0.4390
0.4390
0.4390
0.4390
0.4390
0.4390
0.4390
0.4390
0.4390
0.4390
0.4390
0.4390
0.4390
0.4390
0.4390
0.4390
0.4390
0.4390
0.4390
0.4390
0.4390
0.4390
0.4390
0.4390
0.4390
0.4390
0.4390
0.4390
0.4390
0.4390
0.4390
0.4390
0.4390
0.4390
0.4390
0.4390
0.4390
0.4390
0.4390
0.4390
0.4390
0.4390
0.4390
0.4390
0.4390
0.4390
0.4390
0.4390
0.4390
0.4390
0.4390
0.4390
0.4390
0.4390
0.4390
0.4390
0.4390
0.4390
0.4390
0.4390
0.4390
0.4390
0.4390
0.4390
0.4390
0.4390
0.4390
0.4390
0.4390
0.4390
0.4390
0.4390
0.4390
0.4390
0.4390
0.4390
0.4390
0.4390
0.4390
0.4390
0.4390
0.4390
0.4390
0.4390
0.4390
0.4390
0.4390
0.4390
0.4390
0.4390
0.4390
0.4390
0.4390
0.4390
0.4390
0.4390
0.4390
0.4390
0.4390
0.4390
0.4390
0.4390
0.4390
0.4390
0.4390
0.4390
0.4390
0.4390
0.4390
0.4390
0.4390
0.4390
0.4390
0.4390
0.4390
0.4390
0.4390
0.4390
0.4390
0.4390
0.4390
0.4390
0.4390
0.4390
0.4390
0.4390
0.4390
0.4390
0.4390
0.4390
0.4390
0.4390
0.4390
0.4390
0.4390
0.4390
0.0000
0.4390
0.4390
0.4390
0.4390
0.4390
0.4390
0.4390
0.4390
0.4390
0.4390
0.4390
0.4390
0.0000
0.4390
0.4390
0.4390
0.4390
0.4390
0.4390
0.4390
0.4390
0.4390
0.4390
0.4390
0.4390
0.0000
0.4390
0.4390
0.4390
0.4390
0.4390
0.4390
0.4390
0.4390
0.4390
0.4390
0.4390
0.4390
0.0000
0.4390
0.4390
0.4390
0.4390
0.4390
0.4390
0.4390
0.4390
0.4390
0.4390
0.4390
0.4390
0.0000
0.4390
0.4390
0.4390
0.4390
0.4390
0.4390
0.4390
0.4390
0.4390
0.4390
0.4390
0.4390
0.0000
0.4390
0.4390
0.4390
0.4390
0.4390
0.4390
0.4390
0.4390
0.4390
0.4390
0.4390
0.4390
0.0000
0.4390
0.4390
0.4390
0.4390
0.4390
0.4390
0.4390
0.4390
0.4390
0.4390
0.4390
0.4390
0.4390
0.4390
0.4390
0.4390
0.4390
0.4390
0.4390
0.4390
0.4390
0.4390
0.4390
0.4390
0.4390
0.4390
0.4390
0.4390
0.4390
0.4390
0.4390
0.4390
0.4390
0.4390
0.4390
0.4390
0.4390
0.4390
0.4390
0.4390
0.4390
0.4390
0.4390
0.4390
0.4390
0.4390
0.4390
0.4390
0.4390
0.4390
0.4390
0.4390
0.4390
0.4390
0.4390
0.4390
0.4390
0.4390
0.4390
0.4390
0.4390
0.4390
0.4390
0.4390
0.4390
0.4390
0.4390
0.4390
0.4390
0.4390
0.4390
0.4390
0.4390
0.4390
0.4390
0.4390
0.4390
0.4390
0.4390
0.4390
0.4390
0.4390
0.4390
0.4390
0.4390
0.4390
0.4390
0.4390
0.4390
0.4390
0.4390
0.4390
0.4390
0.4390
0.4390
0.4390
0.4390
0.4390
0.4390
0.4390
0.4390
0.4390
0.4390
0.4390
0.4390
0.4390
0.4390
0.4390
0.4390
0.4390
0.4390
0.4390
0.4390
0.4390
0.4390
0.4390
0.4390
0.4390
0.4390
0.4390
0.4390
0.4390
0.4390
0.4390
0.4390
0.4390
0.4390
0.4390
0.4390
0.4390
0.4390
0.4390
0.4390
0.4390
0.4390
0.4390
0.4390
0.4390
0.4390
0.4390
0.4390
0.4390
0.4390
0.4390
0.4390
0.4390
0.4390
0.4390
0.4390
0.4390
0.4390
0.4390
0.4390
0.4390
0.4390
0.4390
0.4390
0.4390
0.4390
0.4390
0.4390
0.0000
0.4390
0.4390
0.4390
0.4390
0.4390
0.4390
0.4390
0.4390
0.4390
0.4390
0.4390
0.4390
0.0000
0.4390
0.4390
0.4390
0.4390
0.4390
0.4390
0.4390
0.4390
0.4390
0.4390
0.4390
0.4390
0.0000
0.4390
0.4390
0.4390
0.4390
0.4390
0.4390
0.4390
0.4390
0.4390
0.4390
0.4390
0.4390
0.0000
0.4390
0.4390
0.4390
0.4390
0.4390
0.4390
0.4390
0.4390
0.4390
0.4390
0.4390
0.4390
0.0000
0.4390
0.4390
0.4390
0.4390
0.4390
0.4390
0.4390
0.4390
0.4390
0.4390
0.4390
0.4390
0.0000
0.4390
0.4390
0.4390
0.4390
0.4390
0.4390
0.4390
0.4390
0.4390
0.4390
0.4390
0.4390
0.0000
0.4390
0.4390
0.4390
0.4390
0.4390
0.4390
0.4390
0.4390
0.4390
0.4390
0.4390
0.4390
0.0000
0.4390
0.4390
0.4390
0.4390
0.4390
0.4390
0.4390
0.4390
0.4390
0.4390
0.4390
0.4390
0.0000
0.4390
0.4390
0.4390
0.4390
0.4390
0.4390
0.4390
0.4390
0.4390
0.4390
0.4390
0.4390
0.0000
0.4390
0.4390
0.4390
0.4390
0.4390
0.4390
0.4390
0.4390
0.4390
0.4390
0.4390
0.4390
0.0000
0.4390
0.4390
0.4390
0.4390
0.4390
0.4390
0.4390
0.4390
0.4390
0.4390
0.4390
0.4390
0.0000
0.4390
0.4390
0.4390
0.4390
0.4390
0.4390
0.4390
0.4390
0.4390
0.4390
0.4390
0.4390
0.0000
0.4390
0.4390
0.4390
0.4390
0.4390
0.4390
0.4390
0.4390
0.4390
0.4390
0.4390
0.4390
0.0000
0.4390
0.4390
0.4390
0.4390
0.4390
0.4390
0.4390
0.4390
0.4390
0.4390
0.4390
0.4390
0.0000
0.4390
0.4390
0.4390
0.4390
0.4390
0.4390
0.4390
0.4390
0.4390
0.4390
0.4390
0.4390
0.0000
0.4390
0.4390
0.4390
0.4390
0.4390
0.4390
0.4390
0.4390
0.4390
0.4390
0.4390
0.4390
0.0000
0.4390
0.4390
0.4390
0.4390
0.4390
0.4390
0.4390
0.4390
0.4390
0.4390
0.4390
0.4390
0.0000
0.4390
0.4390
0.4390
0.4390
0.4390
0.4390
0.4390
0.4390
0.4390
0.4390
0.4390
0.4390
0.0000
0.4390
0.4390
0.4390
0.4390
0.4390
0.4390
0.4390
0.4390
0.4390
0.4390
0.4390
0.4390
0.0000
0.4390
0.4390
0.4390
0.4390
0.4390
0.4390
0.4390
0.4390
0.4390
0.4390
0.4390
0.4390
0.0000
0.4390
0.4390
0.4390
0.4390
0.4390
0.4390
0.4390
0.4390
0.4390
0.4390
0.4390
0.4390
0.0000
0.4390
0.4390
0.4390
0.4390
0.4390
0.4390
0.4390
0.4390
0.4390
0.4390
0.4390
0.4390
0.0000
0.4390
0.4390
0.4390
0.4390
0.4390
0.4390
0.4390
0.4390
0.4390
0.4390
0.4390
0.4390
0.0000
0.4390
0.4390
0.4390
0.4390
0.4390
0.4390
0.4390
0.4390
0.4390
0.4390
0.4390
0.4390
0.0000
0.4390
0.4390
0.4390
0.4390
0.4390
0.4390
0.4390
0.4390
0.4390
0.4390
0.4390
0.4390
0.0000
0.4390
0.4390
0.4390
0.4390
0.4390
0.4390
0.4390
0.4390
0.4390
0.4390
0.4390
0.4390
0.0000
0.4390
0.4390
0.4390
0.4390
0.4390
0.4390
0.4390
0.4390
0.4390
0.4390
0.4390
0.4390
0.0000
0.4390
0.4390
0.4390
0.4390
0.4390
0.4390
0.4390
0.4390
0.4390
0.4390
0.4390
0.4390
0.0000
0.4390
0.4390
0.4390
0.4390
0.4390
0.4390
0.4390
0.4390
0.4390
0.4390
0.4390
0.4390
0.0000
0.4390
0.4390
0.4390
0.4390
0.4390
0.4390
0.4390
0.4390
0.4390
0.4390
0.4390
0.4390
0.0000
0.4390
0.4390
0.4390
0.4390
0.4390
0.4390
0.4390
0.4390
0.4390
0.4390
0.4390
0.4390
0.0000
0.4390
0.4390
0.4390
0.4390
0.0878
0.0878
0.0878
0.1569
0.1800
0.1832
0.1850
0.1864
0.0000
0.3243
0.3495
0.3755
0.4390
0.4390
0.4390
0.4138
0.3920
0.3814
0.3726
0.3661
0.3617
0.3589
0.3572
0.3566
0.4390
0.4390
0.4390
0.4390
0.4390
0.4390
0.4390
0.4390
0.4390
0.4390
0.4390
0.4390
0.4390
0.4390
0.4390
0.4390
0.4390
0.4390
0.4390
0.4390
0.4390
0.4390
0.4390
0.4390
0.4390
0.4390
0.4390
0.4390
0.4390
0.4390
0.4390
0.4390
0.4390
0.4390
0.4390
0.4390
0.4390
0.4390
0.4390
0.4390
0.4390
0.4390
0.4390
0.4390
0.4390
0.4390
0.4390
0.4390
0.4390
0.4390
0.4390
0.4390
0.4390
0.4390
0.4390
0.4390
0.4390
0.4390
0.4390
0.4390
0.4390
0.4390
0.4390
0.4390
0.4390
0.4390
0.4390
0.4390
0.4390
0.4390
0.4390
0.4390
0.4390
0.4390
0.4390
0.4390
0.4390
0.4390
0.4390
0.4390
0.4390
0.4390
0.4390
0.4390
0.4390
0.4390
0.4390
0.4390
0.4390
0.4390
0.4390
0.4390
0.4390
0.4390
0.4390
0.4390
0.4390
0.4390
0.4390
0.4390
0.4390
0.4390
0.4390
0.4390
0.4390
0.4390
0.4390
0.4390
0.4390
0.4390
0.4390
0.4390
0.4390
0.4390
0.4390
0.4390
0.4390
0.4390
0.4390
0.4390
0.4390
0.4390
0.4390
0.4390
0.4390
0.4390
0.4390
0.4390
0.4390
0.4390
0.4390
0.4342
0.4327
0.4272
0.4244
0.4215
0.4187
0.4159
0.4114
0.4116
0.4095
0.4077
0.4058
0.4040
0.4023
0.4003
0.3989
0.3990
0.3962
0.3946
0.3932
0.3919
0.3905
0.3892
0.3905
0.3867
0.3861
0.3857
0.3850
0.3846
0.3823
0.3837
0.3832
0.3828
0.3823
0.3819
0.3814
0.3820
0.3813
0.3799
0.3801
0.3797
0.3769
0.3789
0.3785
0.3781
0.3777
0.3773
0.3770
0.3766
0.0000
0.0000
0.0000
0.0000
0.1582
0.1271
0.1287
0.1309
0.1327
0.1341
0.1353
0.1363
0.1371
0.1376
0.1380
0.1384
0.0000
0.2359
0.1456
0.1409
0.1404
0.1430
0.1402
