24.4533
24.4499
24.4448
24.3777
24.3298
24.2937
24.2653
24.2419
24.2220
24.2046
24.1888
24.1743
24.1607
24.1478
24.1372
24.1286
24.1213
24.1152
24.1099
24.1052
24.1009
24.0971
24.0936
24.0903
24.0872
24.0843
24.0815
24.0787
24.0759
24.0730
24.0701
24.0672
24.0641
24.0610
24.0578
24.0547
24.0515
24.0483
24.0452
24.0422
24.0393
24.0364
24.0336
24.0308
24.0282
24.0257
24.0234
24.0211
24.0191
24.0171
24.0150
24.0129
24.0106
24.0083
24.0059
24.0035
24.0011
23.9987
23.9963
23.9938
23.9913
13.3196
12.7953
12.8221
12.8060
12.8039
12.8031
12.8026
12.8022
12.8020
12.8018
12.7249
12.7762
12.8984
12.7336
12.8007
12.8033
12.8121
12.8035
12.8033
12.8026
12.8024
12.8026
12.8005
12.8022
13.0565
12.7826
12.7704
12.7957
12.7926
12.8056
12.7951
12.8824
12.8019
12.8095
12.7957
12.8112
12.7464
12.8371
12.7990
12.8060
12.8024
12.8020
12.8020
12.7989
12.8041
12.8027
12.8748
12.7300
12.8736
12.7724
12.8013
12.7301
12.8004
12.7806
12.8027
12.8013
12.8338
12.8075
12.8059
12.8040
12.8026
12.7576
12.8756
12.8038
12.8049
12.8039
12.8014
12.8015
12.8020
12.7988
12.8022
12.8020
12.8030
12.8130
12.7998
12.8011
12.8029
12.8231
12.8842
12.8022
12.8051
12.8032
12.8047
12.8133
12.7976
12.8000
12.7981
12.8003
12.8004
12.8007
12.7342
12.7855
12.8017
12.8013
12.8034
12.8137
12.7906
12.8015
12.7973
12.8037
12.7994
12.8016
12.8012
12.8031
12.7984
12.8009
12.7278
12.8056
12.7990
12.7748
12.8032
12.8013
12.8004
12.8002
12.8006
12.8024
12.8619
12.8044
12.8027
12.8023
12.8031
12.8009
12.8031
12.8041
12.8742
12.7299
12.8106
12.8049
12.8025
12.7985
12.8029
12.8052
12.8044
12.8151
12.8005
12.8018
12.8058
12.7997
12.8043
12.7954
12.8020
12.7997
12.8030
12.7912
12.7976
12.7468
12.7988
12.7970
12.7971
12.7989
12.7975
12.7565
12.8288
12.8108
12.7979
12.7972
12.8009
12.7862
12.7635
12.8172
12.8149
12.7984
12.7986
12.7645
12.7994
12.7990
12.7990
12.7987
12.7990
12.7911
12.7999
12.7997
12.7997
12.8000
12.8001
12.8094
12.8141
12.8000
12.8532
12.8161
12.8037
12.7830
12.8056
12.8002
12.8039
12.8016
12.8004
12.7956
12.7999
12.7976
12.7974
12.7975
12.8004
12.7919
12.8074
12.7374
12.8027
12.8007
12.8007
12.8007
12.8007
12.8008
12.8008
12.8009
23.3588
23.7347
23.9541
24.1049
24.2096
24.2828
24.3344
24.3710
24.3970
24.4155
24.4287
24.4381
24.4446
24.4491
24.4520
24.4537
24.4545
24.4547
24.4545
24.4540
24.4533
24.4514
24.4495
24.4599
24.4704
24.4767
24.4182
24.3786
24.3533
24.3382
13.3581
12.8005
12.8003
12.8003
12.8003
12.8003
12.8003
12.8003
12.8003
12.8003
12.8003
12.8003
22.9671
23.3514
23.6648
13.3579
12.8006
12.8003
12.8003
12.8003
12.8003
12.8003
12.8003
12.8003
12.8003
12.8003
12.8003
23.1624
13.3401
12.8181
12.8004
12.8004
12.8004
12.8004
12.8004
12.8004
12.8004
12.8004
12.8004
12.8004
23.2739
13.2813
12.8660
12.8040
12.8002
12.7999
12.7999
12.7999
12.7999
12.7999
12.7999
12.7999
12.8000
23.3528
13.4568
12.6517
12.7653
12.7982
12.8001
12.8005
12.8006
12.8008
12.8008
12.8009
12.8349
12.8041
13.0854
12.7202
12.7484
12.7922
12.7997
12.8006
12.7996
12.7994
12.7997
12.7998
12.8000
12.8001
12.9509
12.8316
12.7907
12.8012
12.8012
12.8053
12.7993
12.8719
12.8126
12.8028
12.8026
12.8015
12.7599
12.8222
12.8029
12.8024
12.8052
12.8018
12.8029
12.8027
12.8031
12.8060
12.8030
12.8718
12.7479
12.8047
12.7314
12.8001
12.8004
12.8008
12.8029
12.8021
12.8010
12.8007
12.8012
12.8033
12.8017
12.8759
12.7933
12.7977
12.8186
12.8015
12.8017
12.7284
12.8022
12.8009
12.8012
12.8012
12.8013
12.8117
12.8006
12.8001
12.8017
12.8022
12.8005
12.7998
12.8019
12.8015
12.8804
12.7995
12.8009
12.8005
12.8002
12.8001
12.8000
12.8001
12.8004
12.8007
12.8008
12.8009
12.8009
12.8010
36.8539
36.7873
40.1894
40.1822
40.1789
40.1766
40.1746
40.1727
40.1709
40.1687
40.1670
40.1655
40.1641
40.1627
40.1614
40.1601
40.1588
40.1575
40.1563
40.1551
40.1533
40.1516
40.1526
40.1522
40.1517
40.1512
40.1516
40.1518
40.1493
40.1489
40.1485
40.1482
40.1480
40.1477
40.1475
40.1473
40.1472
40.1472
40.1473
40.1470
40.1468
40.1466
40.1464
40.1462
40.1459
40.1457
40.1455
40.1452
12.8711
12.7453
12.7854
12.7449
12.7882
12.7921
12.7920
12.7966
12.7954
12.7952
12.7975
12.7954
12.7934
12.7316
12.8556
12.7958
12.7980
12.7959
12.7950
12.7426
12.8001
12.7993
12.8006
12.7993
12.7991
12.7922
12.7996
12.7996
12.7997
12.8159
12.8249
12.8032
12.8013
12.7999
12.8677
12.8051
12.8031
12.8069
12.7585
12.8040
12.8014
12.8012
12.8020
12.8023
12.8012
12.7937
12.7981
12.8358
12.8002
12.7857
12.8007
12.8001
12.7278
12.7996
12.7993
12.7995
12.8007
12.8005
12.8000
12.8000
24.0047
24.4930
24.8418
25.0913
25.2690
13.2521
12.8700
12.8019
12.7986
12.7988
12.7990
12.7991
12.7992
12.7993
12.7994
12.7995
12.7995
24.0763
13.2573
12.8464
12.8050
12.8005
12.8001
12.7967
12.8032
12.8003
12.8002
12.8002
12.8002
12.8002
23.8223
13.2603
12.8397
12.8057
12.8010
12.8005
12.8003
12.8002
12.8002
12.8002
12.8002
12.8002
12.8002
23.7395
13.2613
12.8368
12.8060
12.8010
12.8008
12.8008
12.8007
12.8007
12.8007
12.8007
12.8007
12.8007
23.7237
13.2589
12.8430
12.8067
12.7982
12.7920
12.7984
12.7990
12.8024
12.7996
12.8167
12.8009
12.8008
23.6587
13.2546
12.8531
12.8066
12.8015
12.8011
12.8009
12.8009
12.8009
12.8009
12.8008
12.8008
12.8009
23.5917
13.2500
13.1272
12.5798
12.7716
12.7963
12.7980
12.7986
12.7989
12.7992
12.7994
12.7995
12.8363
23.6190
13.6272
12.7495
12.7752
12.7321
12.7783
12.7970
12.7989
12.7997
12.8000
12.8003
12.8005
12.8007
13.0184
12.7773
12.8025
12.7969
12.7857
12.8000
12.7985
12.8774
12.8073
12.8040
12.8001
12.8013
12.7584
12.8192
12.8037
12.8731
12.8060
12.8022
12.8025
12.8080
12.8052
12.8021
12.7319
12.8725
12.7294
12.8210
12.7993
12.8034
12.8019
12.8012
12.8001
12.8011
12.8014
12.8001
12.7995
12.7994
12.8017
12.7296
12.7970
12.7980
12.8712
12.8033
12.8017
12.8010
12.8054
12.8039
12.8009
12.8019
12.8016
12.8113
12.8032
12.8010
12.8010
12.8010
12.7996
12.7997
12.7999
12.7999
12.7998
12.7987
12.7993
12.7996
12.7996
12.7996
12.7995
12.7997
12.7999
12.8010
12.8012
12.8013
12.8014
12.8013
12.8015
12.8017
12.8018
12.8019
12.8019
12.8020
12.8020
12.8021
12.8021
12.8021
12.8022
12.8022
12.8016
12.7792
12.7697
12.7985
12.8008
12.8613
12.8046
12.8077
12.8031
12.8030
12.8052
12.8023
12.8007
12.8564
12.7998
12.8000
12.8000
12.7716
12.7825
12.7980
12.8002
12.8013
12.8001
12.7997
12.7996
12.8124
12.8017
12.8002
12.7993
12.7995
12.8010
12.7990
12.7982
12.7980
12.8003
12.7985
12.7972
12.7511
12.7959
12.7931
12.7907
12.7922
12.7910
12.7341
12.7908
12.8543
12.7913
12.7930
12.7901
12.7263
12.7909
12.7905
12.8540
12.7917
12.7948
12.7341
12.7952
12.7951
12.7962
12.7972
12.7993
12.7912
12.7987
12.7990
12.8378
12.8085
12.7994
12.8011
12.7987
12.7986
12.8693
12.7540
12.8051
12.8051
12.8045
12.8022
12.8000
12.7999
12.7999
12.7998
12.8139
12.8231
12.8001
12.7985
12.7959
12.7893
12.7271
12.7985
12.7983
12.7988
12.7991
12.7993
12.7994
12.7996
12.7996
12.7998
24.0049
24.5226
24.8977
25.1686
25.3615
13.2568
12.8643
12.8020
12.7890
12.7917
12.7919
12.7921
12.7925
12.7927
12.7929
12.7930
12.7932
24.2822
13.2658
12.8329
12.8052
12.8007
12.8004
12.7939
12.7938
12.7938
12.7938
12.7939
12.7939
12.7939
23.9816
13.2658
12.8320
12.7994
12.7948
12.7943
12.7943
12.7944
12.7944
12.7944
12.7944
12.7944
12.7945
23.8544
13.2634
12.8372
12.8002
12.7952
12.7952
12.7952
12.7952
12.7952
12.7952
12.7953
12.7953
12.7953
23.7605
13.2565
12.8534
12.7922
12.7889
12.7922
12.7926
12.8138
12.7958
12.7957
12.7957
12.7957
12.7958
23.6188
13.2484
12.8691
12.8015
12.7966
12.7962
12.7962
12.7961
12.7962
12.7962
12.7962
12.7963
12.7963
23.4774
13.2562
13.0952
12.5615
12.7795
12.7972
12.7984
12.7990
12.7993
12.7996
12.7998
12.7999
12.8292
23.5107
13.6224
12.7543
12.7402
12.7581
12.7942
12.8052
12.8053
12.8053
12.8051
12.8051
12.8070
12.8033
12.9712
12.7878
12.7879
12.8028
12.8054
12.8063
12.8008
12.8764
12.8068
12.8061
12.8035
12.8033
12.7542
12.8220
12.8015
12.8010
12.8009
12.8019
12.8030
12.8725
12.8015
12.8028
12.7288
12.8709
12.8034
12.7490
12.7276
12.7975
12.8007
12.8006
12.8004
12.8580
12.8036
12.8053
12.8035
12.8026
12.8025
12.7475
12.8738
12.8029
12.8021
12.8018
12.8037
12.8021
12.8011
12.8000
12.8034
12.8024
12.8002
12.8026
12.7994
12.8003
12.8003
12.8003
12.8003
12.8228
12.8001
12.8002
12.8002
12.8002
12.8001
12.8001
12.8001
12.8001
12.8001
12.8001
12.8003
12.8005
12.8006
12.8007
12.8008
12.8008
12.8009
12.8010
12.8010
12.8010
12.7985
12.7895
12.8001
12.8007
12.8009
12.8010
12.8010
12.8011
12.8007
12.7790
12.7689
12.7975
12.8572
12.8020
12.8032
12.8037
12.8023
12.8018
12.8017
12.8025
12.8057
12.8009
12.8625
12.7999
12.8006
12.7574
12.7883
12.7976
12.7982
12.7984
12.8004
12.7997
12.7987
12.8110
12.7980
12.8007
12.7986
12.7970
12.7964
12.7988
12.7976
12.7944
12.7961
12.7983
12.7948
12.7472
12.7888
12.7925
12.7947
12.7946
12.7928
12.7363
12.8502
12.7951
12.7948
12.7938
12.7356
12.8464
12.7960
12.7944
12.7944
12.7947
12.7352
12.7978
12.7981
12.7979
12.7979
12.7979
12.7972
12.7902
12.7985
12.7997
12.8005
12.8250
12.8194
12.7996
12.7991
12.7988
12.8734
12.8024
12.8028
12.8048
12.7983
12.7596
12.8016
12.7999
12.7998
12.7955
12.7998
12.7975
12.7975
12.7975
12.7995
12.8268
12.7285
12.7998
12.7992
12.7996
12.7996
12.7996
12.7997
12.7997
12.7997
12.7997
24.0049
24.5029
24.8653
25.1222
25.3051
13.2515
12.8726
12.8016
12.7913
12.7915
12.7918
12.7920
12.7923
12.7925
12.7927
12.7928
12.7996
24.1509
13.2601
12.8422
12.8050
12.7973
12.8033
12.7937
12.7936
12.7936
12.7936
12.7937
12.7937
12.8001
23.9445
13.2670
12.8306
12.7992
12.7946
12.7942
12.7941
12.7941
12.7941
12.7941
12.7941
12.7941
12.8002
23.8428
13.2663
12.8315
12.7997
12.7949
12.7944
12.7942
12.7941
12.7941
12.7941
12.7941
12.7941
12.8001
23.8156
13.2660
12.8317
12.7999
12.7949
12.7945
12.7944
12.7944
12.7943
12.7943
12.7943
12.7943
12.8003
23.8026
13.2649
12.8342
12.8000
12.7949
12.7943
12.7942
12.7941
12.7941
12.7941
12.7941
12.7941
12.8001
23.7950
13.2654
13.0889
12.6252
12.7565
12.8033
12.8074
12.8079
12.8082
12.8084
12.8086
12.8087
12.8614
23.9029
13.5493
12.8008
12.8002
12.7652
12.7955
12.7876
12.7831
12.7963
12.7974
12.7981
12.7986
12.7999
12.9938
12.7307
12.7975
12.8000
12.8003
12.8005
12.8005
12.8006
12.8007
12.8007
12.8008
12.8024
12.8017
12.8061
12.8009
12.8009
12.8009
12.8009
12.8009
12.8009
12.8008
12.8017
12.8014
12.8026
12.8011
12.8077
12.8001
12.8028
12.8021
12.8018
12.8017
12.8017
12.8032
12.8020
12.8014
12.8013
12.8010
12.7986
12.8009
12.8008
12.8016
12.8013
12.8003
12.8008
12.8002
12.8000
12.7998
12.7998
12.7992
12.8045
12.8004
12.7992
12.7988
12.7987
12.7991
12.7993
12.7977
12.8004
12.7999
12.7993
12.7969
12.7946
12.7988
12.7989
12.7991
12.8007
12.7997
12.7994
12.7995
12.7996
12.7998
12.7999
12.8001
12.7995
12.8015
12.8006
12.8005
12.8005
12.8009
12.8021
12.8022
12.8023
12.8027
12.8043
12.8028
12.7976
12.8025
12.8024
12.8024
12.8024
12.8013
12.8008
12.8005
12.8008
12.8015
12.8001
12.8000
12.7972
12.7994
12.7991
12.7989
12.7988
12.8003
12.8008
12.8008
12.8009
12.8018
12.8020
12.8011
12.8023
12.8009
12.8009
12.8008
12.8008
12.7993
12.7986
12.7984
12.7982
12.7981
12.7995
12.4868
12.8002
12.8002
12.8002
12.7247
12.7592
12.7878
12.7904
12.7918
12.7922
12.7921
12.7915
25.3707
13.3114
12.7485
12.7993
12.8027
12.7937
12.7934
12.7932
12.7933
12.7934
12.7936
12.7937
12.7937
24.9197
13.2917
12.7778
12.7994
12.7948
12.7945
12.7945
12.7945
12.7946
12.7946
12.7947
12.7938
12.7937
24.2337
13.2797
12.8010
12.7992
12.7944
12.7939
12.7938
12.7938
12.7937
12.7937
12.7938
12.7938
12.7938
24.1075
13.2777
12.8047
12.7996
12.7946
12.7941
12.7940
12.7939
12.7939
12.7936
12.7936
12.7935
12.7935
24.0622
13.2772
12.8047
12.7994
12.7942
12.7937
12.7935
12.7935
12.7938
12.7939
12.7939
12.7939
12.7940
24.0554
13.2771
12.8055
12.8000
12.7948
12.7943
12.7942
12.7941
12.7940
12.7940
12.7940
12.7940
12.7940
24.0071
13.2745
12.8112
12.8000
12.7948
12.7943
12.7942
12.7942
12.7942
12.7942
12.7942
12.7942
12.7942
23.9595
13.2715
12.8179
12.8002
12.7950
12.7945
12.7944
12.7944
12.7944
12.7944
12.7944
12.7944
12.7944
23.9008
13.2681
12.8256
12.8003
12.7951
12.7947
12.7946
12.7945
12.7945
12.7945
12.7945
12.7945
12.7945
23.8401
13.2648
12.8332
12.8005
12.7953
12.7948
12.7947
12.7947
12.7947
12.7947
12.7947
12.7947
12.7947
23.7790
13.2613
12.8408
12.8001
12.7949
12.7944
12.7942
12.7941
12.7941
12.7941
12.7940
12.7940
12.7818
23.8584
13.3757
12.7164
12.7945
12.8013
12.8003
12.8013
12.8041
12.8036
12.8037
12.8043
12.8050
12.8054
24.4753
13.3586
12.7204
12.8006
12.8062
12.8065
12.8058
12.8056
12.8055
12.8054
12.8048
12.8050
12.8053
24.6731
13.3690
12.7147
12.7986
12.8046
12.8052
12.8054
12.8060
12.8058
12.8057
12.8057
12.8003
12.8003
24.9155
13.3802
12.7075
12.7944
12.8010
12.8016
12.8014
12.8014
12.8014
12.8014
12.8014
12.8014
12.8017
25.1384
13.4201
12.6847
12.7939
12.8019
12.8022
12.8027
12.8019
12.8019
12.8011
12.8025
12.8009
12.8009
25.4717
13.4539
12.6656
12.7928
12.7995
12.7998
12.8011
12.8005
12.8004
12.8004
12.8004
12.8025
12.8014
25.6809
13.4699
12.6583
12.7938
12.7992
12.7994
12.7994
12.8006
12.7999
12.7988
12.7988
12.7987
12.7993
25.7278
13.4539
12.6643
12.7918
12.8003
12.8006
12.8005
12.7981
12.8004
12.8003
12.8003
12.8002
12.8007
25.6000
13.4474
12.6672
12.7917
12.7998
12.8003
12.7983
12.7998
12.7998
12.7998
12.7998
12.7994
12.7991
25.5620
13.4369
12.6697
12.7904
12.7982
12.7985
12.7984
12.7983
12.7983
12.7982
12.7984
12.7985
12.8060
25.2751
13.4001
12.6863
12.7907
12.8045
12.8046
12.8046
12.8045
12.8043
12.8044
12.8044
12.8044
12.8040
24.9586
13.3481
12.7133
12.7998
12.7965
12.7945
12.7945
12.7945
12.7944
12.7943
12.7943
12.7943
12.7944
24.3904
13.2971
12.7632
12.8007
12.7954
12.7949
12.7948
12.7948
12.7949
12.7949
12.7949
12.7950
12.7950
24.0718
13.2815
12.7950
12.8000
12.7949
12.7944
12.7942
12.7942
12.7942
12.7941
12.7941
12.7941
12.7943
23.9279
13.2767
12.8060
12.8003
12.7951
12.7946
12.7945
12.7945
12.7945
12.7945
12.7945
12.7944
12.7943
23.8325
13.2717
12.8173
12.8002
12.7951
12.7946
12.7945
12.7944
12.7944
12.7944
12.7946
12.7947
12.7947
23.7632
13.2674
12.8276
12.8007
12.7955
12.7951
12.7950
12.7950
12.7950
12.7951
12.7951
12.7951
12.7951
23.6578
13.2609
12.8428
12.8010
12.7959
12.7955
12.7954
12.7953
12.8685
12.8004
12.8004
12.8004
12.8004
23.5488
13.4241
12.7620
12.7983
12.8001
12.8003
12.8003
12.8003
12.8003
12.8003
12.8002
12.8002
12.8002
23.4458
13.4162
12.7646
12.7982
12.7999
12.8045
12.8024
12.8010
12.8008
12.8007
12.8006
12.8005
12.7990
23.3309
13.4074
12.7677
12.7983
12.7997
12.7998
12.7998
12.8006
12.8005
12.8004
12.8003
12.8002
12.8001
23.2214
13.3985
12.7712
12.7992
13.0739
12.6211
12.7901
12.7994
12.8004
12.8009
12.8011
12.8013
12.8015
23.2359
13.5976
12.6887
13.0275
12.7834
12.7541
12.7897
12.8062
12.8055
12.8045
12.8039
12.8030
12.8032
12.8031
12.8029
12.8927
12.7983
12.7841
12.7988
12.7995
12.7996
12.7997
12.7997
12.8705
12.8042
12.7994
12.8006
12.7313
12.8164
12.7987
12.7992
12.8015
12.8003
12.7998
12.7997
12.7996
12.8021
12.8709
12.8025
12.8014
12.8043
12.7332
12.8689
12.7316
12.7981
12.7994
12.8011
12.7997
12.7991
12.7991
12.8008
12.8008
12.8008
12.7992
12.8692
12.8038
12.8014
12.8005
12.7306
12.7989
12.8006
12.7996
12.7993
12.7990
12.8106
12.8001
12.7991
12.7989
12.8016
12.8693
12.8015
12.8009
12.8027
12.8016
12.8000
12.8000
12.7999
12.7999
12.7999
12.7999
12.7999
12.7999
12.7995
12.7998
12.7999
12.7999
12.7999
12.7999
12.8000
12.8000
12.7999
12.7999
12.7999
12.8000
12.8000
12.8001
12.8001
12.8001
12.8001
12.8001
12.7745
12.7688
12.7968
12.8011
12.8010
12.7990
12.7984
12.7982
12.7997
12.7995
12.7981
12.7977
12.8669
12.8009
12.7305
12.8664
12.7289
12.7957
12.7978
12.8004
12.7992
12.7987
12.7986
12.7987
12.8134
12.7999
12.7989
12.7986
12.8004
12.8003
12.7990
12.7985
12.8001
12.8004
12.8000
12.7989
12.7786
12.8002
12.7989
12.7980
12.7955
12.7973
12.7971
12.7989
12.7979
12.7965
12.7967
12.7969
12.7912
12.7972
12.7988
12.7979
12.7971
12.7977
12.7972
12.7974
12.7974
12.7974
12.7988
12.7984
12.7897
12.7975
12.7980
12.7981
12.7982
12.7982
12.7983
12.7983
12.7984
12.8000
12.8710
12.8029
12.8023
12.8037
12.8015
12.8013
12.7991
12.7991
12.7990
12.7955
12.8002
12.7991
12.7926
12.7988
12.7862
12.7991
12.7967
12.7989
12.7287
12.7978
12.7980
12.7985
12.7986
12.7987
12.7988
12.4830
12.8004
12.8006
12.8007
12.8008
12.8008
12.8008
12.8015
12.8122
12.8018
12.8012
12.8010
24.0735
13.2544
12.8548
12.8050
12.8007
12.8004
12.8004
12.8004
12.8004
12.8004
12.7971
12.8037
13.9917
22.6529
13.9599
13.1932
12.8953
12.7999
12.7994
12.8000
12.8000
12.7999
12.7999
12.7998
12.7998
12.7997
20.3676
13.9611
12.8007
12.7996
12.7996
12.7995
12.7995
12.7995
12.7994
12.7994
12.7994
12.7994
12.7994
20.1549
13.9613
12.8003
12.7993
12.7993
12.7993
12.7993
12.7993
12.7993
12.7993
12.7993
12.7993
12.7993
20.0260
13.9613
12.8002
12.7993
12.7993
12.7993
12.7993
12.7993
12.7993
12.7993
12.7993
12.7993
12.7993
19.9157
13.9613
12.8003
12.7993
12.7993
12.7993
12.7993
12.7993
12.7993
12.7993
12.7993
12.7993
12.7993
19.8686
13.9613
12.8002
12.7993
12.7993
12.7993
12.8007
12.7997
12.7997
12.7996
12.7996
12.7996
12.7995
12.7995
12.7995
12.7995
12.7995
12.7994
36.7346
36.6256
36.6185
36.7738
36.6989
38.9824
40.0486
40.0609
40.0706
40.0797
40.0886
40.0972
40.0928
40.1089
40.1244
40.1393
40.1537
40.1676
40.1810
40.1941
40.2068
40.2192
40.2314
40.2433
40.2550
40.2665
40.2777
40.2888
40.2996
40.3102
40.3207
40.3311
40.3411
40.3509
40.3605
40.3699
40.3791
40.3880
40.3968
40.4053
40.4135
40.4216
40.4295
40.4371
40.4446
40.4518
40.2137
39.7775
39.4717
39.1981
38.9387
38.6896
38.4503
38.2213
38.1130
38.2447
38.3051
38.3225
38.3374
38.3499
38.3552
38.3624
38.3673
38.3816
38.3998
38.4133
38.3543
38.2581
38.1456
38.0197
37.8889
37.7521
37.6154
37.4801
37.3406
37.1994
37.0558
36.9103
36.8217
36.7551
36.6998
36.6530
36.6131
36.5787
36.5152
36.4513
36.3852
36.2787
36.2014
36.1434
36.0840
36.0282
35.9766
35.9283
35.8837
35.8432
35.7678
35.7092
35.6638
35.6221
35.5828
35.5453
35.5155
35.4922
35.4735
35.4585
35.4461
35.4359
35.4391
35.4492
35.3980
35.3730
35.3676
35.3660
35.4126
35.4870
35.5752
35.6755
35.7872
35.9102
36.1484
36.4383
36.7439
37.0721
37.4230
37.7962
38.1187
38.4266
38.7379
39.0569
39.3857
39.8087
40.1711
40.5136
40.6844
40.6833
40.6820
40.6807
40.6794
40.6783
40.6771
40.6762
40.6751
40.6740
40.6731
40.6723
40.6714
40.6707
40.6699
40.6692
40.6685
40.6679
40.6672
40.6666
40.6660
40.6654
40.6651
40.6648
40.6646
40.6643
40.6639
40.6636
40.6633
40.6630
40.6628
40.6626
40.6624
40.6622
40.6621
40.6618
40.6616
40.6613
40.6611
40.6608
40.6608
40.6607
40.6605
40.6602
40.6600
40.6597
18.4426
17.6184
16.9713
16.4648
16.0310
15.6482
15.3059
14.9967
14.7148
14.4566
14.2195
14.0015
21.5435
14.0311
13.7754
13.5629
13.3786
13.2125
13.0606
12.9206
12.7998
12.7999
12.7997
12.7994
12.7992
20.7317
13.9605
12.8011
12.7999
12.7999
12.7999
12.7999
12.7999
12.7998
12.7998
12.7998
12.7998
12.7998
20.3830
13.9602
12.8008
12.7997
12.7997
12.7997
12.7997
12.7997
12.7997
12.7996
12.7996
12.7996
12.7996
20.2144
13.9602
12.8006
12.7996
12.7996
12.7996
12.7996
12.7996
12.7996
12.7996
12.7996
12.7996
12.7996
20.0694
13.9612
12.8006
12.7996
12.7996
12.7996
12.7996
12.7996
12.7996
12.7996
12.7996
12.7996
12.7996
19.9432
13.9603
12.8006
12.7996
12.7996
12.7996
12.7996
12.7996
12.7996
12.7996
12.7996
12.7996
12.7996
19.8934
13.9612
12.8005
12.7995
12.7995
12.7995
12.8007
12.7997
12.7997
12.7996
12.7996
12.7996
12.7995
12.7995
12.7995
12.7995
12.7994
12.7992
36.7251
36.5774
36.6465
36.7262
36.6787
40.0412
40.0562
40.0659
40.0752
40.0843
40.0930
40.1013
40.0981
40.1124
40.1262
40.1395
40.1524
40.1650
40.1772
40.1890
40.2004
40.2115
40.2221
40.2325
40.2424
40.2520
40.2613
40.2703
40.2790
40.2875
40.2958
40.3039
40.3118
40.3195
40.3270
40.3178
40.0354
39.7344
39.4483
39.1795
38.9261
38.6741
38.4386
38.2115
37.9878
37.7668
37.5484
37.3324
37.1731
37.0286
36.8914
36.9153
36.8707
36.7912
36.5128
36.3123
36.1547
36.0071
35.8657
35.7287
35.5983
35.4709
35.3493
35.2320
35.1126
34.9896
34.8783
34.7658
34.6497
34.5322
34.4142
34.2976
34.1795
34.0622
33.9468
33.8326
33.7214
33.6132
33.5169
33.4274
33.3409
33.2572
33.0908
32.9771
32.9426
32.9249
32.9170
32.9145
32.9157
32.9198
32.8830
32.8333
32.7784
32.7144
32.6423
32.5639
32.4984
32.4370
32.3749
32.3100
32.2416
32.1692
32.2313
32.3594
32.5197
32.7069
32.9180
33.2379
33.5182
33.7896
34.0754
34.4442
34.7995
35.1564
35.3918
35.5819
35.7595
35.9295
36.0948
36.2575
36.4470
36.6524
36.8562
37.0632
37.1819
37.3581
37.5841
37.8274
38.0843
38.3545
38.7229
39.0509
39.3770
39.7098
40.0513
40.4025
40.6571
40.6561
40.6551
40.6542
40.6532
40.6524
40.6515
40.6506
40.6497
40.6490
40.6482
40.6475
40.6468
40.6462
40.6455
40.6449
40.6442
40.6436
40.6430
40.6424
40.6420
40.6417
40.6414
40.6411
40.6407
40.6403
40.6400
40.6397
40.6394
40.6391
40.6389
40.6386
40.6383
40.6381
40.6379
40.6377
40.6375
40.6373
40.6371
40.6369
40.6367
40.6365
40.6363
40.6362
18.7307
17.8206
17.1216
16.6397
16.2177
15.8376
15.4924
15.1771
14.8874
14.6262
14.3910
14.1735
21.5206
14.2492
14.0054
13.8072
13.6361
13.4843
13.3473
13.2223
13.1073
13.0010
12.9025
12.8101
12.1956
21.7388
22.6199
23.2302
23.6809
13.2626
12.8326
12.8028
12.7991
12.7991
12.7993
12.7995
12.7995
12.7996
12.7996
12.7997
12.7997
23.7153
13.2745
12.8073
12.8053
12.8005
12.8001
12.8000
12.8011
12.8012
12.8013
12.8015
12.8014
12.8015
23.7680
13.2692
12.8204
12.8070
12.7841
12.7986
12.7999
12.8000
12.8002
12.8003
12.8033
12.8265
12.8018
23.6204
13.2577
12.8470
12.8074
12.8023
12.8018
12.8017
12.8017
12.8017
12.8017
12.8017
12.8017
12.8017
23.4523
13.2463
12.8746
12.8074
13.0228
12.6268
12.7476
12.7978
12.7990
12.7994
12.7997
12.7999
12.8008
23.4336
13.5161
12.6312
13.0215
12.7618
12.7743
12.7893
12.7989
12.8060
12.8073
12.8051
12.8040
12.8036
12.8033
12.8033
12.9869
12.7747
12.7897
12.8014
12.8034
12.8033
12.8034
12.8749
12.8073
12.8098
12.8073
12.8034
12.7614
12.8209
12.8002
12.8042
12.8026
12.8041
12.8023
12.8009
12.8025
12.8003
12.8755
12.7344
12.8723
12.7505
12.8011
12.7307
12.8008
12.8003
12.8001
12.8002
12.8027
12.8016
12.8006
12.8004
12.8010
12.8051
12.8023
12.8017
12.8016
12.8034
12.8036
12.8026
12.8739
12.8038
12.8062
12.8013
12.7997
12.8000
12.8002
12.8002
12.8001
12.8001
12.8000
12.7999
12.7998
12.7998
12.7997
12.7997
12.7996
12.7995
12.7995
12.7994
12.7994
12.7982
12.8001
12.8002
12.8000
12.8001
12.8001
12.8011
12.8012
12.8013
12.8013
12.8213
12.8559
12.8033
12.8014
12.7461
12.7891
12.7915
12.7989
12.7992
12.7993
12.7993
12.7993
12.7992
12.7992
12.7991
12.8000
12.8004
12.8158
12.7869
12.8006
12.8036
12.8028
12.8643
12.8029
12.7379
12.8685
12.7501
12.7968
12.8035
12.8018
12.8012
12.8023
12.8010
12.8005
12.8129
12.8009
12.8027
12.8012
12.8004
12.7998
12.8013
12.7995
12.7985
12.7987
12.8008
12.7985
12.7573
12.7922
12.7961
12.7957
12.7905
12.7348
12.8493
12.7955
12.7933
12.7942
12.7922
12.7930
12.7867
12.7925
12.7945
12.7909
12.7878
12.7926
12.7357
12.7941
12.7938
12.7944
12.7948
12.7961
12.7892
12.7987
12.7993
12.8446
12.8055
12.7985
12.7982
12.7980
12.7978
12.8691
12.8015
12.8046
12.7534
12.8077
12.8004
12.7999
12.7997
12.7997
12.7996
12.7995
12.7974
12.7952
12.8079
12.8264
12.7175
12.7994
12.7982
12.7991
12.7993
12.7995
12.7997
12.7998
12.7999
12.8000
12.8001
24.0050
24.5105
24.8691
25.1329
25.3194
13.2564
12.8679
12.8024
12.7897
12.7991
12.7994
12.7996
12.7997
12.7998
12.7999
12.7999
12.8000
24.1429
13.2571
12.8489
12.8053
12.8009
12.8006
12.8005
12.8005
12.8005
12.8005
12.7972
12.8037
12.8007
23.8639
13.2562
12.8510
12.8060
12.8012
12.8009
12.8008
12.8007
12.8007
12.8007
12.8007
12.8007
12.8007
23.7206
13.2528
12.8587
12.8064
12.8014
12.8009
12.8008
12.8007
12.8007
12.8007
12.8007
12.8007
12.8007
23.6547
13.2496
12.8658
12.8063
12.7901
12.7961
12.7986
12.7990
12.7993
12.7995
12.7996
12.8239
12.8009
23.6003
13.2469
12.8723
12.8064
12.8014
12.8010
12.8008
12.8008
12.8008
12.8007
12.8007
12.8007
12.8007
23.5437
13.2497
13.1165
12.5797
12.7724
12.7980
12.7993
12.7999
12.8002
12.8005
12.8006
12.8008
12.8177
23.6391
13.6313
12.7453
12.7628
12.7565
12.7903
12.8066
12.8046
12.8036
12.8031
12.8028
12.8026
12.8024
13.0068
12.7629
12.7997
12.7861
12.8016
12.8015
12.8031
12.8010
12.8809
12.8092
12.8065
12.7998
12.8291
12.7503
12.8013
12.8034
12.8001
12.7997
12.8014
12.8735
12.8054
12.8034
12.8003
12.8019
12.7473
12.8007
12.7292
12.7980
12.7988
12.8006
12.8017
12.8006
12.8003
12.8003
12.8027
12.8018
36.8535
36.7881
36.7884
36.8618
36.7937
36.7926
36.7935
36.7249
36.7915
36.7913
36.7913
36.7917
36.7937
36.8704
36.7936
36.7941
36.7944
36.7946
36.7948
36.8165
36.7955
36.7957
36.7959
36.7960
36.7962
36.7963
36.7964
36.7965
36.7966
36.7967
36.7970
36.7973
36.7976
36.7978
36.7980
36.7983
36.7984
36.7986
36.7988
36.7990
36.7992
36.7993
36.7995
36.7997
36.7976
36.7883
36.7985
36.7996
12.8006
12.8010
12.8011
12.8008
12.8011
12.7696
12.7954
12.7985
12.7993
12.7822
12.7759
12.7971
12.7987
12.7998
12.8433
12.8064
12.7998
12.8311
12.7819
12.7988
12.7987
12.7986
12.7986
12.7988
12.8011
12.8124
12.7986
12.7986
12.8002
12.8005
12.7986
12.7978
12.7990
12.7997
12.7982
12.7975
12.7984
12.7569
12.7909
12.7912
12.7933
12.7914
12.7942
12.7955
12.7941
12.7958
12.7935
12.7935
20.3337
20.4361
20.5381
20.6438
20.7519
20.8623
20.9397
21.0108
21.0741
21.1333
21.1899
21.2441
21.2930
21.3481
21.3937
21.4343
21.4717
21.5053
21.5351
21.5679
21.6016
21.6357
21.6700
21.7045
21.7258
21.7453
21.7638
21.7819
21.7995
21.8167
21.8336
21.8501
21.8664
21.8825
21.8981
21.9136
21.9290
21.9443
21.9593
21.9739
21.9883
22.0028
22.0173
22.0319
22.0465
22.0610
22.0754
22.0896
22.0572
22.0753
22.0915
22.1076
22.1238
22.1399
22.1558
22.1716
22.1874
22.2030
22.2184
22.2338
24.0032
20.9761
22.2243
22.2832
22.2997
22.3136
22.3270
22.3401
22.3532
22.3662
22.3791
22.3920
22.4044
24.0031
21.2605
22.3951
22.4471
22.4619
22.4746
22.4868
22.4990
22.5111
22.5233
22.5355
22.5489
22.5625
24.0016
21.5332
22.5622
22.6104
22.6257
22.6392
22.6522
22.6652
22.6781
22.6910
22.7001
22.7082
22.7161
24.0014
21.7789
22.7031
22.7407
22.7495
22.7566
22.7633
22.7698
22.7763
22.7824
22.7884
22.7943
22.8001
24.0013
21.9159
22.7850
22.8184
22.8254
22.8308
22.8359
22.8408
22.8461
22.8515
22.8569
22.8624
22.8679
24.0014
22.0288
22.8544
22.8855
22.8921
22.8972
22.9021
22.8927
22.8820
22.8709
22.8597
22.8483
22.8367
24.0014
21.9221
22.7702
22.7853
22.3052
22.1076
22.0340
21.9255
21.8273
21.7724
21.7402
21.7051
21.6745
21.6434
21.6105
21.5704
21.5247
21.4785
21.4279
21.3859
21.3412
21.2974
21.2548
21.2133
21.1814
21.1527
21.1208
21.1094
21.0841
21.0519
21.0164
21.0058
20.9789
20.9443
20.9073
20.8815
20.8393
20.8037
20.7730
20.7439
20.7158
20.6725
20.6384
20.6101
20.5834
20.5579
20.5239
20.4958
20.4701
20.4442
20.4183
20.3922
20.3660
20.3396
20.3151
20.2909
20.2666
20.2421
20.2180
20.1936
20.1752
20.1597
20.1450
20.1306
20.1166
20.1029
20.0958
20.0879
20.0776
20.0968
20.1046
20.1040
20.1046
20.1060
20.0709
20.0545
20.0498
20.0425
20.0342
20.0259
20.0177
20.0095
20.0011
19.9914
19.9687
19.9383
19.9035
19.8661
19.8267
19.8261
19.8022
19.7678
19.7304
19.6910
19.6500
19.6075
19.5685
19.5307
19.4929
19.4551
19.4169
19.3785
19.3686
19.3637
19.3601
19.3532
19.3481
19.3441
19.3643
19.4015
19.4407
19.4819
19.5258
19.5722
19.6234
19.6806
19.7397
19.8007
19.8764
19.9491
19.9974
20.0368
20.0731
20.1144
20.1524
20.1876
20.2195
20.2505
20.2810
20.3111
20.3410
20.3706
20.4113
20.4571
20.5050
20.5547
20.6057
20.6583
20.7187
20.7734
20.8321
20.8918
20.9524
21.0139
21.0685
21.1204
21.1715
21.2221
21.2722
21.3220
21.1815
21.2458
21.3026
21.3564
21.4044
21.4555
21.5018
21.5451
21.5869
21.6288
21.6706
21.7120
24.0031
20.1405
21.7615
21.8574
21.8947
21.9275
21.9586
21.9882
22.0157
22.0447
22.0747
22.1051
22.1234
24.0016
20.7797
22.1153
22.1787
22.1965
22.2114
22.2257
22.2396
22.2532
22.2667
22.2800
22.2936
22.3071
24.0014
21.0854
22.2968
22.3521
22.3674
22.3803
22.3928
22.4050
22.4172
22.4293
22.4417
22.4542
22.4667
24.0014
21.3561
22.4598
22.5094
22.5236
22.5359
22.5477
22.5594
22.5711
22.5862
22.6040
22.6191
22.6371
24.0014
21.6578
22.6496
22.6968
22.7166
22.7318
22.7495
22.7643
22.7792
22.7944
22.8096
22.8249
22.8401
24.0014
22.0061
22.8578
22.8975
22.9137
22.9287
22.9435
22.9612
22.9759
22.9936
23.0084
23.0260
23.0407
24.0015
22.3547
23.0685
23.1027
23.1210
23.1354
23.1394
23.1406
23.1412
23.1414
23.1415
23.1415
23.1413
24.0016
22.4789
23.1204
23.1368
23.1367
23.1364
23.1363
23.1362
23.1361
23.1359
23.1359
23.1358
23.1357
24.0016
22.4669
23.1155
23.1326
23.1323
23.1308
23.1291
23.1273
23.1255
23.1237
23.1219
23.1201
23.1183
24.0016
22.4236
23.0925
23.0976
23.0852
23.0716
23.0578
23.0439
23.0300
23.0160
23.0020
22.9881
22.9742
24.0015
19.7956
21.1277
21.1497
21.1126
21.1843
21.2861
21.3619
21.4388
21.4949
21.5304
21.5374
21.5305
24.0025
19.8052
21.3706
21.3971
21.3641
21.3283
21.2929
21.2563
21.2183
21.1797
21.1408
21.1019
21.0631
24.0025
18.9662
20.7837
20.8043
20.7528
20.6975
20.6551
20.6182
20.5828
20.5485
20.5149
20.4818
20.4490
24.0023
18.0329
20.2223
20.2900
20.2640
20.2300
20.1942
20.1575
20.1201
20.0822
20.0438
20.0054
19.9665
24.0022
17.2511
19.6933
19.7658
19.7381
19.7057
19.6727
19.6394
19.6092
19.5770
19.5682
19.5613
19.5553
24.0020
16.7178
19.3763
19.5007
19.5076
19.5067
19.5045
19.5021
19.4999
19.4995
19.4999
19.5009
19.5021
24.0025
16.5516
19.2477
19.3543
19.3382
19.3088
19.2813
19.2879
19.2737
19.2407
19.2064
19.1700
19.1317
24.0025
15.9626
18.8711
19.0036
19.0072
18.9791
18.9668
18.9939
19.0294
19.0680
19.1089
19.1517
19.1961
24.0025
16.2380
19.1093
19.2744
19.3121
19.3402
19.3642
19.3862
19.4071
19.4270
19.4460
19.4642
19.5015
24.0019
16.7586
19.5038
19.6901
19.7617
19.8478
19.9241
19.9967
20.0832
20.1829
20.2728
20.3410
20.4026
24.0022
18.1121
20.4564
20.6088
20.6773
20.7236
20.7781
20.8369
20.8963
20.9561
21.0179
21.0802
21.1426
24.0025
19.2535
21.2390
21.3690
21.4287
21.4817
21.5308
21.5833
21.6367
21.6826
21.7247
21.7652
21.8046
24.0017
20.2888
21.8507
21.9478
21.9862
22.0215
22.0565
22.0916
22.1269
22.1622
22.1977
22.2334
22.2692
24.0016
21.0684
22.2888
22.3461
22.3632
22.3775
22.3910
22.4040
22.4168
22.4293
22.4416
22.4537
22.4657
24.0016
21.3541
22.4543
22.5014
22.5134
22.5233
22.5326
22.5418
22.5508
22.5597
22.5686
22.5775
22.5875
24.0015
21.5590
22.5792
22.6230
22.6351
22.6453
22.6551
22.6649
22.6746
22.6843
22.6941
22.7050
22.7155
24.0014
21.7781
22.7120
22.7521
22.7638
22.7737
22.7834
22.7929
22.8024
22.8119
22.8202
22.8284
22.8365
24.0014
21.9778
22.8292
22.8629
22.8714
22.8783
22.8851
22.8918
22.8985
22.9072
22.9165
22.9260
22.9356
24.0015
22.1516
22.9377
22.9706
22.9811
22.9904
22.9995
23.0086
23.0198
23.0312
23.0429
23.0547
23.0664
24.0015
22.3817
23.0794
23.1103
23.1228
23.1345
23.1461
23.1560
23.1655
23.1750
23.1845
23.1941
23.2038
24.0016
22.6127
23.2157
23.2403
23.2503
23.2596
23.2706
23.2821
23.2936
23.3053
23.3172
23.3292
23.3412
24.0016
22.8533
23.3656
23.3885
23.4009
12.1954
12.8001
12.8004
12.7175
12.7777
12.7971
12.7984
12.7988
23.4674
13.3330
12.8058
12.8276
13.0293
12.7599
12.7595
12.7793
12.7908
12.7962
12.7968
12.7979
12.7988
12.8015
12.7982
12.8006
13.0199
12.7512
12.7881
12.8005
12.8051
12.8027
12.8019
12.8701
12.8075
12.8061
12.7999
12.8000
12.7558
12.8212
12.8066
12.8035
12.8026
12.8028
12.8024
12.8043
12.8007
12.7999
12.8718
12.7322
12.8734
12.7510
12.8009
12.7282
12.7984
12.8013
12.8001
12.7996
12.8727
12.8038
12.8038
12.7304
12.7995
12.8013
12.8031
12.8022
12.8012
12.8010
12.8020
12.8040
12.8018
12.8734
12.8033
12.8046
12.8033
12.7400
12.7993
12.8002
12.8725
12.7998
12.7999
12.7997
12.7996
12.8007
12.8000
12.7997
12.7996
12.7995
12.8004
12.8004
12.8004
12.8004
12.8007
12.8009
12.8011
12.8001
12.8009
12.8014
12.8015
12.8016
12.8017
12.8017
12.8019
12.8020
12.8018
12.8017
12.8016
12.8016
12.8015
12.7729
12.7973
12.8335
12.8040
12.8032
12.8018
12.7439
12.7997
12.8591
12.8047
12.8032
12.8024
12.8042
12.8042
12.8013
12.8009
12.8003
12.8592
12.7488
12.7962
12.8004
12.7999
12.7999
12.7998
12.8013
12.8015
12.8130
12.7995
12.7997
12.8023
12.8007
12.7983
12.7976
12.7999
12.7984
12.7972
12.7968
12.7990
12.7468
12.7890
12.7910
12.7894
12.7899
12.7953
12.7931
12.7360
12.8513
12.7978
12.7326
12.8509
12.7910
12.7947
12.7941
12.7940
12.7942
12.7343
12.7954
12.7946
12.7972
12.7973
12.7978
12.7982
12.7906
12.7985
12.8441
12.8049
12.7993
12.7995
12.8023
12.7989
12.7987
12.8717
12.8010
12.8033
12.8074
12.8005
12.8047
12.7479
12.8025
12.8016
12.8004
12.8001
12.7979
12.7957
12.8238
12.8165
12.7862
12.8010
12.8003
12.7292
12.7987
12.7991
12.8000
12.7992
12.7993
12.7995
12.8000
24.0050
24.5736
24.9825
25.2807
13.2734
12.8345
12.7986
12.7977
12.7982
12.7986
12.7989
12.7991
12.7994
12.7996
12.7997
12.7998
24.3932
13.2712
12.8156
12.8053
12.8007
12.7973
12.8032
