0.0000
0.0000
0.0000
0.0000
0.0000
0.0000
0.0000
0.0000
0.0000
0.0000
0.0000
0.0000
0.0000
0.0000
0.0000
0.0000
0.0000
0.0000
0.0000
0.0000
0.0000
0.0000
0.0000
0.0000
0.0000
0.0000
0.0000
0.0000
0.0000
0.0000
0.0000
0.0000
0.0000
0.0000
0.0000
0.0000
0.0000
0.0000
0.0000
0.0000
0.0000
0.0000
0.0000
0.0000
0.0000
0.0000
0.0000
0.0000
0.0000
0.0000
0.0000
0.0000
0.0000
0.0000
0.0000
0.0000
0.0000
0.0000
0.0000
0.0000
0.0000
0.6363
0.4297
0.4123
0.4080
0.4053
0.4033
0.4017
0.4003
0.3991
0.3981
0.4606
0.4848
0.0000
0.0000
0.0000
0.0000
0.0000
0.0000
0.0000
0.0000
0.0000
0.0000
0.0000
0.0000
0.3407
0.3407
0.3407
0.3407
0.3407
0.3407
0.3407
0.3407
0.3407
0.3407
0.3407
0.3407
0.6815
0.6815
0.6815
0.6815
0.6815
0.6815
0.6815
0.6815
0.6815
0.6815
0.6815
0.6815
0.6815
0.6815
0.6815
0.6815
0.6815
0.6815
0.6815
0.6815
0.6815
0.6815
0.6815
0.6815
0.6815
0.6815
0.6815
0.6815
0.6815
0.6815
0.6815
0.6815
0.6815
0.6815
0.6815
0.6815
0.6815
0.6815
0.6815
0.6815
0.6815
0.6815
0.6815
0.6815
0.6815
0.6815
0.6815
0.6815
0.6815
0.6815
0.6815
0.6815
0.6815
0.6815
0.6815
0.6815
0.6815
0.6815
0.6815
0.6815
0.6815
0.6815
0.6815
0.6815
0.6815
0.6815
0.6815
0.6815
0.6815
0.6815
0.6815
0.6815
0.6815
0.6815
0.6815
0.6815
0.6815
0.6815
0.6815
0.6815
0.6815
0.6815
0.6815
0.6815
0.6815
0.6815
0.6815
0.6815
0.6815
0.6815
0.6815
0.6815
0.6815
0.6815
0.6815
0.6815
0.6815
0.6815
0.6815
0.6815
0.6815
0.6815
0.6815
0.6815
0.6815
0.6815
0.6815
0.6815
0.3407
0.3407
0.3407
0.3407
0.3407
0.3407
0.3407
0.3407
0.3407
0.3407
0.3407
0.3407
0.3407
0.3407
0.3407
0.3407
0.3407
0.3407
0.3407
0.3407
0.3407
0.3407
0.3407
0.3407
0.3407
0.3407
0.3407
0.3407
0.3407
0.3407
0.3407
0.3407
0.3407
0.3407
0.3407
0.3407
0.3407
0.3407
0.3407
0.3407
0.3407
0.3407
0.3407
0.3407
0.3407
0.3407
0.3407
0.3407
0.3407
0.3407
0.3407
0.3407
0.3407
0.3407
0.3407
0.3407
0.3407
0.3407
0.3407
0.3407
0.0000
0.0000
0.0000
0.0000
0.0000
0.0000
0.0000
0.0000
0.0000
0.0000
0.0000
0.0000
0.0000
0.0000
0.0000
0.0000
0.0000
0.0000
0.0000
0.0000
0.0000
0.0000
0.0000
0.0000
0.0000
0.0000
0.0000
0.0000
0.0000
0.0000
0.3957
0.3957
0.3957
0.3957
0.3957
0.3957
0.3957
0.3957
0.3957
0.3957
0.3957
0.3957
0.0000
0.0000
0.0000
0.3957
0.3957
0.3957
0.3957
0.3957
0.3957
0.3957
0.3957
0.3957
0.3957
0.3957
0.3957
0.0000
0.4086
0.3957
0.3957
0.3957
0.3957
0.3957
0.3957
0.3957
0.3957
0.3957
0.3957
0.3957
0.0000
0.4582
0.4033
0.4007
0.4008
0.4011
0.4015
0.4019
0.4023
0.4026
0.4030
0.4034
0.4037
0.0000
0.6815
0.6096
0.5421
0.5383
0.5381
0.5387
0.5396
0.5407
0.5420
0.5433
0.6108
0.6182
0.0000
0.0000
0.0000
0.0000
0.0000
0.0000
0.0000
0.0000
0.0000
0.0000
0.0000
0.0000
0.3407
0.3407
0.3407
0.3407
0.3407
0.3407
0.3407
0.3407
0.3407
0.3407
0.3407
0.3407
0.6815
0.6815
0.6815
0.6815
0.6815
0.6815
0.6815
0.6815
0.6815
0.6815
0.6815
0.6815
0.6815
0.6815
0.6815
0.6815
0.6815
0.6815
0.6815
0.6815
0.6815
0.6815
0.6815
0.6815
0.6815
0.6815
0.6815
0.6815
0.6815
0.6815
0.6815
0.6815
0.6815
0.6815
0.6815
0.6815
0.6815
0.6815
0.6815
0.6815
0.6815
0.6815
0.6815
0.6815
0.6815
0.6815
0.6815
0.6815
0.6815
0.6815
0.6815
0.6815
0.6815
0.6815
0.6815
0.6815
0.6815
0.6815
0.6815
0.6815
0.6815
0.6815
0.6815
0.6815
0.6815
0.6815
0.6815
0.6815
0.6815
0.6815
0.6815
0.6815
0.6815
0.6815
0.6815
0.6815
0.6815
0.6815
0.6815
0.6815
0.6815
0.6815
0.6815
0.6815
0.6815
0.6815
0.6815
0.6815
0.6815
0.6815
0.6815
0.6815
0.6815
0.6815
0.6815
0.6815
0.6815
0.6815
0.6815
0.6815
0.6815
0.6815
0.6815
0.6815
0.6815
0.6815
0.6815
0.6815
0.3407
0.3407
0.3407
0.3407
0.3407
0.3407
0.3407
0.3407
0.3407
0.3407
0.3407
0.3407
0.3407
0.3407
0.3407
0.3407
0.3407
0.3407
0.3407
0.3407
0.3407
0.3407
0.3407
0.3407
0.3407
0.3407
0.3407
0.3407
0.3407
0.3407
0.3407
0.3407
0.3407
0.3407
0.3407
0.3407
0.3407
0.3407
0.3407
0.3407
0.3407
0.3407
0.3407
0.3407
0.3407
0.3407
0.3407
0.3407
0.3407
0.3407
0.3407
0.3407
0.3407
0.3407
0.3407
0.3407
0.3407
0.3407
0.3407
0.3407
0.0000
0.0000
0.0000
0.0000
0.0000
0.4876
0.4229
0.4218
0.4232
0.4245
0.4256
0.4265
0.4275
0.4283
0.4291
0.4298
0.4304
0.0000
0.5173
0.4380
0.4340
0.4339
0.4340
0.4371
0.4346
0.4346
0.4347
0.4347
0.4348
0.4349
0.0000
0.5229
0.4413
0.4366
0.4359
0.4357
0.4357
0.4357
0.4358
0.4359
0.4359
0.4360
0.4361
0.0000
0.5248
0.4431
0.4381
0.4375
0.4370
0.4366
0.4362
0.4359
0.4355
0.4351
0.4348
0.4344
0.0000
0.5200
0.4398
0.4343
0.4361
0.4433
0.4450
0.4461
0.4442
0.4447
0.4305
0.4300
0.4296
0.0000
0.5116
0.4348
0.4294
0.4284
0.4278
0.4272
0.4268
0.4263
0.4258
0.4254
0.4249
0.4245
0.0000
0.5028
0.6815
0.6815
0.6351
0.6275
0.6231
0.6199
0.6174
0.6154
0.6138
0.6124
0.6815
0.0000
0.0000
0.0000
0.0000
0.0000
0.0000
0.0000
0.0000
0.0000
0.0000
0.0000
0.0000
0.0000
0.3407
0.3407
0.3407
0.3407
0.3407
0.3407
0.3407
0.3407
0.3407
0.3407
0.3407
0.3407
0.6815
0.6815
0.6815
0.6815
0.6815
0.6815
0.6815
0.6815
0.6815
0.6815
0.6815
0.6815
0.6815
0.6815
0.6815
0.6815
0.6815
0.6815
0.6815
0.6815
0.6815
0.6815
0.6815
0.6815
0.6815
0.6815
0.6815
0.6815
0.6815
0.6815
0.6815
0.6815
0.6815
0.6815
0.6815
0.6815
0.6815
0.6815
0.6815
0.6815
0.6815
0.6815
0.6815
0.6815
0.6815
0.6815
0.6815
0.6815
0.6815
0.6815
0.6815
0.6815
0.6815
0.6815
0.6815
0.6815
0.6815
0.6815
0.6815
0.6815
0.6815
0.6815
0.6815
0.6815
0.6815
0.6815
0.6815
0.6815
0.6815
0.6815
0.6815
0.6815
0.6815
0.6815
0.6815
0.6815
0.6815
0.6815
0.6815
0.6815
0.6815
0.6815
0.6815
0.6815
0.6815
0.6815
0.6815
0.6815
0.6815
0.6815
0.6815
0.6815
0.6815
0.6815
0.6815
0.6815
0.6815
0.6815
0.6815
0.6815
0.6815
0.6815
0.6815
0.6815
0.6815
0.6815
0.6815
0.6815
0.3407
0.3407
0.3407
0.3407
0.3407
0.3407
0.3407
0.3407
0.3407
0.3407
0.3407
0.3407
0.3407
0.3407
0.3407
0.3407
0.3407
0.3407
0.3407
0.3407
0.3407
0.3407
0.3407
0.3407
0.3407
0.3407
0.3407
0.3407
0.3407
0.3407
0.3407
0.3407
0.3407
0.3407
0.3407
0.3407
0.3407
0.3407
0.3407
0.3407
0.3407
0.3407
0.3407
0.3407
0.3407
0.3407
0.3407
0.3407
0.3407
0.3407
0.3407
0.3407
0.3407
0.3407
0.3407
0.3407
0.3407
0.3407
0.3407
0.3407
0.0000
0.0000
0.0000
0.0000
0.0000
0.5031
0.4290
0.4275
0.4290
0.4303
0.4313
0.4323
0.4329
0.4335
0.4339
0.4342
0.4345
0.0000
0.5236
0.4410
0.4366
0.4361
0.4359
0.4358
0.4357
0.4357
0.4357
0.4356
0.4356
0.4356
0.0000
0.5243
0.4417
0.4369
0.4362
0.4359
0.4356
0.4353
0.4350
0.4347
0.4344
0.4341
0.4338
0.0000
0.5200
0.4393
0.4341
0.4332
0.4323
0.4315
0.4307
0.4300
0.4293
0.4286
0.4278
0.4271
0.0000
0.5072
0.4314
0.4326
0.4365
0.4376
0.4382
0.4222
0.4213
0.4205
0.4198
0.4191
0.4183
0.0000
0.4921
0.4221
0.4169
0.4155
0.4146
0.4137
0.4129
0.4121
0.4113
0.4106
0.4098
0.4090
0.0000
0.4764
0.6815
0.6360
0.5962
0.5907
0.5876
0.5856
0.5842
0.5834
0.5829
0.5826
0.6394
0.0000
0.0000
0.0000
0.0000
0.0000
0.0000
0.0000
0.0000
0.0000
0.0000
0.0000
0.0000
0.0000
0.3407
0.3407
0.3407
0.3407
0.3407
0.3407
0.3407
0.3407
0.3407
0.3407
0.3407
0.3407
0.6815
0.6815
0.6815
0.6815
0.6815
0.6815
0.6815
0.6815
0.6815
0.6815
0.6815
0.6815
0.6815
0.6815
0.6815
0.6815
0.6815
0.6815
0.6815
0.6815
0.6815
0.6815
0.6815
0.6815
0.6815
0.6815
0.6815
0.6815
0.6815
0.6815
0.6815
0.6815
0.6815
0.6815
0.6815
0.6815
0.6815
0.6815
0.6815
0.6815
0.6815
0.6815
0.6815
0.6815
0.6815
0.6815
0.6815
0.6815
0.6815
0.6815
0.6815
0.6815
0.6815
0.6815
0.6815
0.6815
0.6815
0.6815
0.6815
0.6815
0.6815
0.6815
0.6815
0.6815
0.6815
0.6815
0.6815
0.6815
0.6815
0.6815
0.6815
0.6815
0.6815
0.6815
0.6815
0.6815
0.6815
0.6815
0.6815
0.6815
0.6815
0.6815
0.6815
0.6815
0.6815
0.6815
0.6815
0.6815
0.6815
0.6815
0.6815
0.6815
0.6815
0.6815
0.6815
0.6815
0.6815
0.6815
0.6815
0.6815
0.6815
0.6815
0.6815
0.6815
0.6815
0.6815
0.6815
0.6815
0.3407
0.3407
0.3407
0.3407
0.3407
0.3407
0.3407
0.3407
0.3407
0.3407
0.3407
0.3407
0.3407
0.3407
0.3407
0.3407
0.3407
0.3407
0.3407
0.3407
0.3407
0.3407
0.3407
0.3407
0.3407
0.3407
0.3407
0.3407
0.3407
0.3407
0.3407
0.3407
0.3407
0.3407
0.3407
0.3407
0.3407
0.3407
0.3407
0.3407
0.3407
0.3407
0.3407
0.3407
0.3407
0.3407
0.3407
0.3407
0.3407
0.3407
0.3407
0.3407
0.3407
0.3407
0.3407
0.3407
0.3407
0.3407
0.3407
0.3407
0.0000
0.0000
0.0000
0.0000
0.0000
0.4941
0.4254
0.4243
0.4258
0.4272
0.4285
0.4295
0.4304
0.4311
0.4317
0.4380
0.4328
0.0000
0.5212
0.4400
0.4358
0.4383
0.4356
0.4356
0.4357
0.4358
0.4359
0.4360
0.4416
0.4361
0.0000
0.5255
0.4424
0.4377
0.4370
0.4367
0.4366
0.4364
0.4363
0.4362
0.4361
0.4414
0.4360
0.0000
0.5246
0.4421
0.4371
0.4363
0.4360
0.4359
0.4358
0.4357
0.4357
0.4357
0.4410
0.4357
0.0000
0.5240
0.4423
0.4372
0.4364
0.4360
0.4357
0.4355
0.4353
0.4352
0.4350
0.4401
0.4348
0.0000
0.5219
0.4411
0.4359
0.4353
0.4351
0.4350
0.4350
0.4350
0.4350
0.4350
0.4403
0.4351
0.0000
0.5228
0.6815
0.6815
0.6510
0.6391
0.6353
0.6324
0.6303
0.6286
0.6273
0.6263
0.6815
0.0000
0.0000
0.0000
0.0000
0.0000
0.0000
0.0000
0.0000
0.0000
0.0000
0.0000
0.0000
0.0000
0.3407
0.3407
0.3407
0.3407
0.3407
0.3407
0.3407
0.3407
0.3407
0.3407
0.3407
0.3407
0.3407
0.3407
0.3407
0.3407
0.3407
0.3407
0.3407
0.3407
0.3407
0.3407
0.3407
0.3407
0.3407
0.3407
0.3407
0.3407
0.3407
0.3407
0.3407
0.3407
0.3407
0.3407
0.3407
0.3407
0.3407
0.3407
0.3407
0.3407
0.3407
0.3407
0.3407
0.3407
0.3407
0.3407
0.3407
0.3407
0.3407
0.3407
0.3407
0.3407
0.3407
0.3407
0.3407
0.3407
0.3407
0.3407
0.3407
0.3407
0.3407
0.3407
0.3407
0.3407
0.3407
0.3407
0.3407
0.3407
0.3407
0.3407
0.3407
0.3407
0.3407
0.3407
0.3407
0.3407
0.3407
0.3407
0.3407
0.3407
0.3407
0.3407
0.3407
0.3407
0.3407
0.3407
0.3407
0.3407
0.3407
0.3407
0.3407
0.3407
0.3407
0.3407
0.3407
0.3407
0.3407
0.3407
0.3407
0.3407
0.3407
0.3407
0.3407
0.3407
0.3407
0.3407
0.3407
0.3407
0.3407
0.3407
0.3407
0.3407
0.3407
0.3407
0.3407
0.3407
0.3407
0.3407
0.3407
0.3407
0.0000
0.0000
0.0000
0.0000
0.0000
0.0000
0.0000
0.0000
0.0000
0.0000
0.0000
0.0000
0.0000
0.6069
0.4883
0.4809
0.4782
0.4759
0.4742
0.4727
0.4712
0.4698
0.4683
0.4669
0.4656
0.0000
0.5718
0.4686
0.4620
0.4600
0.4585
0.4571
0.4558
0.4545
0.4532
0.4519
0.4515
0.4512
0.0000
0.5500
0.4576
0.4521
0.4512
0.4508
0.4505
0.4502
0.4500
0.4499
0.4497
0.4495
0.4493
0.0000
0.5464
0.4560
0.4503
0.4494
0.4490
0.4487
0.4484
0.4482
0.4482
0.4483
0.4484
0.4485
0.0000
0.5457
0.4564
0.4509
0.4504
0.4503
0.4503
0.4505
0.4502
0.4500
0.4497
0.4494
0.4491
0.0000
0.5458
0.4556
0.4496
0.4486
0.4480
0.4476
0.4473
0.4470
0.4467
0.4465
0.4463
0.4460
0.0000
0.5410
0.4526
0.4468
0.4459
0.4454
0.4450
0.4446
0.4443
0.4439
0.4436
0.4433
0.4430
0.0000
0.5357
0.4491
0.4433
0.4423
0.4418
0.4413
0.4409
0.4406
0.4402
0.4399
0.4396
0.4392
0.0000
0.5293
0.4452
0.4396
0.4386
0.4380
0.4376
0.4372
0.4369
0.4365
0.4362
0.4359
0.4355
0.0000
0.5230
0.4414
0.4359
0.4349
0.4344
0.4339
0.4335
0.4332
0.4328
0.4324
0.4321
0.4318
0.0000
0.5164
0.4379
0.4329
0.4323
0.4322
0.4323
0.4324
0.4326
0.4327
0.4329
0.4331
0.5715
0.0000
0.6815
0.5828
0.5613
0.5530
0.5433
0.5356
0.5336
0.5306
0.5279
0.5264
0.5262
0.5268
0.0000
0.6815
0.5446
0.5356
0.5373
0.5397
0.5407
0.5412
0.5414
0.5416
0.5406
0.5401
0.5400
0.0000
0.6815
0.5532
0.5401
0.5388
0.5386
0.5388
0.5402
0.5411
0.5418
0.5424
0.5430
0.5436
0.0000
0.6815
0.5594
0.5486
0.5506
0.5537
0.5564
0.5592
0.5619
0.5646
0.5674
0.5702
0.5728
0.0000
0.6815
0.5983
0.5851
0.5870
0.5894
0.5926
0.5955
0.5983
0.5996
0.6036
0.6045
0.6055
0.0000
0.6815
0.6243
0.6097
0.6080
0.6070
0.6084
0.6088
0.6089
0.6089
0.6089
0.6131
0.6152
0.0000
0.6815
0.6307
0.6180
0.6157
0.6139
0.6121
0.6125
0.6116
0.6088
0.6059
0.6029
0.5996
0.0000
0.6815
0.6159
0.5984
0.5972
0.5967
0.5962
0.5913
0.5911
0.5908
0.5907
0.5905
0.5904
0.0000
0.6815
0.6082
0.5915
0.5904
0.5897
0.5863
0.5859
0.5856
0.5852
0.5848
0.5836
0.5819
0.0000
0.6815
0.5939
0.5753
0.5718
0.5689
0.5658
0.5625
0.5591
0.5556
0.5525
0.5496
0.5467
0.0000
0.6815
0.5550
0.5370
0.5318
0.5270
0.5222
0.5173
0.5124
0.5079
0.5034
0.4993
0.4958
0.0000
0.6773
0.4990
0.4902
0.4874
0.4852
0.4832
0.4812
0.4794
0.4778
0.4763
0.4748
0.4733
0.0000
0.5843
0.4771
0.4693
0.4670
0.4653
0.4637
0.4622
0.4607
0.4593
0.4578
0.4564
0.4549
0.0000
0.5551
0.4608
0.4546
0.4534
0.4527
0.4521
0.4516
0.4512
0.4507
0.4503
0.4499
0.4495
0.0000
0.5457
0.4552
0.4491
0.4479
0.4471
0.4464
0.4458
0.4453
0.4447
0.4442
0.4438
0.4434
0.0000
0.5361
0.4494
0.4437
0.4427
0.4421
0.4417
0.4413
0.4409
0.4406
0.4401
0.4395
0.4389
0.0000
0.5279
0.4441
0.4383
0.4371
0.4363
0.4356
0.4350
0.4344
0.4337
0.4331
0.4324
0.4318
0.0000
0.5157
0.4365
0.4309
0.4297
0.4288
0.4281
0.4275
0.6815
0.6815
0.6815
0.6815
0.6815
0.0000
0.6815
0.6815
0.6815
0.6815
0.6815
0.6815
0.6815
0.6815
0.6815
0.6815
0.6815
0.6815
0.0000
0.6815
0.6815
0.6815
0.6815
0.6815
0.6815
0.6815
0.6815
0.6815
0.6815
0.6815
0.6815
0.0000
0.6815
0.6815
0.6815
0.6815
0.6815
0.6815
0.6815
0.6815
0.6815
0.6815
0.6815
0.6815
0.0000
0.6815
0.6815
0.6815
0.6815
0.6815
0.6815
0.6815
0.6815
0.6815
0.6815
0.6815
0.6815
0.0000
0.6815
0.6815
0.0000
0.0000
0.0000
0.0000
0.0000
0.0000
0.0000
0.0000
0.0000
0.0000
0.0000
0.0000
0.3407
0.3407
0.3407
0.3407
0.3407
0.3407
0.3407
0.3407
0.3407
0.3407
0.3407
0.3407
0.6815
0.6815
0.6815
0.6815
0.6815
0.6815
0.6815
0.6815
0.6815
0.6815
0.6815
0.6815
0.6815
0.6815
0.6815
0.6815
0.6815
0.6815
0.6815
0.6815
0.6815
0.6815
0.6815
0.6815
0.6815
0.6815
0.6815
0.6815
0.6815
0.6815
0.6815
0.6815
0.6815
0.6815
0.6815
0.6815
0.6815
0.6815
0.6815
0.6815
0.6815
0.6815
0.6815
0.6815
0.6815
0.6815
0.6815
0.6815
0.6815
0.6815
0.6815
0.6815
0.6815
0.6815
0.6815
0.6815
0.6815
0.6815
0.6815
0.6815
0.6815
0.6815
0.6815
0.6815
0.6815
0.6815
0.6815
0.6815
0.6815
0.6815
0.6815
0.6815
0.6815
0.6815
0.6815
0.6815
0.6815
0.6815
0.6815
0.6815
0.6815
0.6815
0.6815
0.6815
0.6815
0.6815
0.6815
0.6815
0.6815
0.6815
0.6815
0.6815
0.6815
0.6815
0.6815
0.6815
0.6815
0.6815
0.6815
0.6815
0.6815
0.6815
0.6815
0.6815
0.6815
0.6815
0.6815
0.6815
0.3407
0.3407
0.3407
0.3407
0.3407
0.3407
0.3407
0.3407
0.3407
0.3407
0.3407
0.3407
0.3407
0.3407
0.3407
0.3407
0.3407
0.3407
0.3407
0.3407
0.3407
0.3407
0.3407
0.3407
0.3407
0.3407
0.3407
0.3407
0.3407
0.3407
0.3407
0.3407
0.3407
0.3407
0.3407
0.3407
0.3407
0.3407
0.3407
0.3407
0.3407
0.3407
0.3407
0.3407
0.3407
0.3407
0.3407
0.3407
0.3407
0.3407
0.3407
0.3407
0.3407
0.3407
0.3407
0.3407
0.3407
0.3407
0.3407
0.3407
0.6815
0.6815
0.6815
0.6815
0.6815
0.6815
0.6815
0.6815
0.6815
0.6815
0.6815
0.6815
0.0000
0.5108
0.4338
0.4299
0.4295
0.4294
0.4294
0.4293
0.4292
0.4291
0.4318
0.4290
0.6815
0.0000
0.6815
0.6815
0.6815
0.6815
0.6815
0.6815
0.6815
0.6815
0.6815
0.6815
0.6815
0.6815
0.0000
0.6815
0.6815
0.6815
0.6815
0.6815
0.6815
0.6815
0.6815
0.6815
0.6815
0.6815
0.6815
0.0000
0.6815
0.6815
0.6815
0.6815
0.6815
0.6815
0.6815
0.6815
0.6815
0.6815
0.6815
0.6815
0.0000
0.6815
0.6815
0.6815
0.6815
0.6815
0.6815
0.6815
0.6815
0.6815
0.6815
0.6815
0.6815
0.0000
0.6815
0.6815
0.6815
0.6815
0.6815
0.6815
0.6815
0.6815
0.6815
0.6815
0.6815
0.6815
0.0000
0.6815
0.6815
0.6815
0.6815
0.6815
0.0000
0.0000
0.0000
0.0000
0.0000
0.0000
0.0000
0.0000
0.0000
0.0000
0.0000
0.0000
0.3407
0.3407
0.3407
0.3407
0.3407
0.3407
0.3407
0.3407
0.3407
0.3407
0.3407
0.3407
0.4853
0.4807
0.4764
0.4723
0.4686
0.4650
0.4621
0.4595
0.4570
0.4548
0.4526
0.4509
0.4490
0.4470
0.4452
0.4434
0.4419
0.4403
0.4384
0.4364
0.4345
0.4327
0.4309
0.4290
0.4273
0.4255
0.4237
0.4220
0.4204
0.4188
0.4171
0.4155
0.4137
0.4120
0.4110
0.4107
0.4104
0.4101
0.4098
0.4095
0.4093
0.4090
0.4087
0.4085
0.4082
0.4080
0.4077
0.4256
0.4571
0.4784
0.5010
0.5123
0.5162
0.5183
0.5197
0.5196
0.5106
0.5078
0.4977
0.4831
0.4758
0.4535
0.4408
0.4304
0.4282
0.4277
0.4276
0.4329
0.4328
0.4347
0.4368
0.4374
0.4367
0.4119
0.4132
0.4128
0.4122
0.4115
0.4135
0.4146
0.4002
0.4002
0.4002
0.4002
0.4002
0.4001
0.4001
0.4001
0.4000
0.4000
0.4000
0.3999
0.3999
0.3998
0.3998
0.3997
0.3997
0.3996
0.3995
0.3995
0.3994
0.3994
0.3993
0.3992
0.3991
0.3991
0.3990
0.3989
0.3407
0.3407
0.3407
0.3407
0.3407
0.3407
0.3407
0.3407
0.3407
0.3407
0.3407
0.3407
0.3407
0.3407
0.3407
0.3407
0.3407
0.3407
0.3407
0.3407
0.3407
0.3407
0.3407
0.3407
0.3407
0.3407
0.3407
0.3407
0.3407
0.3407
0.3407
0.3407
0.3407
0.3407
0.3407
0.3407
0.3407
0.3407
0.3407
0.3407
0.3407
0.3407
0.3407
0.3407
0.3407
0.3407
0.3407
0.3407
0.3407
0.3407
0.3407
0.3407
0.3407
0.3407
0.3407
0.3407
0.3407
0.3407
0.3407
0.3407
0.6815
0.6815
0.6815
0.6815
0.6815
0.6815
0.6815
0.6815
0.6815
0.6815
0.6815
0.6815
0.0000
0.6815
0.6815
0.6815
0.6815
0.6815
0.6815
0.6815
0.6815
0.6815
0.6815
0.6815
0.6815
0.0000
0.6815
0.6815
0.6815
0.6815
0.6815
0.6815
0.6815
0.6815
0.6815
0.6815
0.6815
0.6815
0.0000
0.6815
0.6815
0.6815
0.6815
0.6815
0.6815
0.6815
0.6815
0.6815
0.6815
0.6815
0.6815
0.0000
0.6815
0.6815
0.6815
0.6815
0.6815
0.6815
0.6815
0.6815
0.6815
0.6815
0.6815
0.6815
0.0000
0.6815
0.6815
0.6815
0.6815
0.6815
0.6815
0.6815
0.6815
0.6815
0.6815
0.6815
0.6815
0.0000
0.6815
0.6815
0.6815
0.6815
0.6815
0.6815
0.6815
0.6815
0.6815
0.6815
0.6815
0.6815
0.0000
0.6815
0.6815
0.6815
0.6815
0.6815
0.0000
0.0000
0.0000
0.0000
0.0000
0.0000
0.0000
0.0000
0.0000
0.0000
0.0000
0.0000
0.3407
0.3407
0.3407
0.3407
0.3407
0.3407
0.3407
0.3407
0.3407
0.3407
0.3407
0.3407
0.4658
0.4620
0.4584
0.4555
0.4525
0.4495
0.4466
0.4434
0.4405
0.4378
0.4353
0.4329
0.4306
0.4283
0.4261
0.4241
0.4222
0.4204
0.4188
0.4172
0.4157
0.4142
0.4128
0.4115
0.4110
0.4106
0.4102
0.4099
0.4095
0.4092
0.4088
0.4085
0.4082
0.4079
0.4075
0.4072
0.4069
0.4105
0.4173
0.4161
0.4200
0.4212
0.4230
0.4080
0.4125
0.4136
0.4197
0.4325
0.4460
0.4756
0.4967
0.5053
0.5206
0.5202
0.5188
0.5198
0.5183
0.5127
0.5065
0.4934
0.4791
0.4676
0.4505
0.4428
0.4401
0.4423
0.4423
0.4415
0.4446
0.4453
0.4409
0.3957
0.3957
0.3957
0.3957
0.3957
0.3957
0.3957
0.3957
0.3957
0.3957
0.3957
0.3957
0.3957
0.3957
0.3957
0.3957
0.3957
0.3957
0.3957
0.3957
0.3957
0.3957
0.3957
0.3957
0.3957
0.3957
0.3957
0.3957
0.3957
0.3957
0.3957
0.3957
0.3957
0.3957
0.3957
0.3957
0.3957
0.3407
0.3407
0.3407
0.3407
0.3407
0.3407
0.3407
0.3407
0.3407
0.3407
0.3407
0.3407
0.3407
0.3407
0.3407
0.3407
0.3407
0.3407
0.3407
0.3407
0.3407
0.3407
0.3407
0.3407
0.3407
0.3407
0.3407
0.3407
0.3407
0.3407
0.3407
0.3407
0.3407
0.3407
0.3407
0.3407
0.3407
0.3407
0.3407
0.3407
0.3407
0.3407
0.3407
0.3407
0.3407
0.3407
0.3407
0.3407
0.3407
0.3407
0.3407
0.3407
0.3407
0.3407
0.3407
0.3407
0.3407
0.3407
0.3407
0.3407
0.6815
0.6815
0.6815
0.6815
0.6815
0.6815
0.6815
0.6815
0.6815
0.6815
0.6815
0.6815
0.0000
0.6815
0.6815
0.6815
0.6815
0.6815
0.6815
0.6815
0.6815
0.6815
0.6815
0.6815
0.3957
0.0000
0.0000
0.0000
0.0000
0.5279
0.4453
0.4431
0.4441
0.4452
0.4460
0.4468
0.4475
0.4482
0.4488
0.4493
0.4498
0.0000
0.5510
0.4577
0.4530
0.4527
0.4528
0.4530
0.4522
0.4513
0.4503
0.4492
0.4481
0.4470
0.0000
0.5408
0.4504
0.4443
0.4593
0.4609
0.4613
0.4615
0.4615
0.4615
0.4585
0.4347
0.4335
0.0000
0.5183
0.4370
0.4310
0.4293
0.4281
0.4270
0.4259
0.4248
0.4238
0.4227
0.4217
0.4206
0.0000
0.4963
0.4234
0.4178
0.6815
0.6815
0.6310
0.6265
0.6243
0.6228
0.6218
0.6212
0.6224
0.0000
0.6815
0.6811
0.0000
0.0000
0.0000
0.0000
0.0000
0.0000
0.0000
0.0000
0.0000
0.0000
0.0000
0.0000
0.3407
0.3407
0.3407
0.3407
0.3407
0.3407
0.3407
0.3407
0.3407
0.3407
0.3407
0.3407
0.6815
0.6815
0.6815
0.6815
0.6815
0.6815
0.6815
0.6815
0.6815
0.6815
0.6815
0.6815
0.6815
0.6815
0.6815
0.6815
0.6815
0.6815
0.6815
0.6815
0.6815
0.6815
0.6815
0.6815
0.6815
0.6815
0.6815
0.6815
0.6815
0.6815
0.6815
0.6815
0.6815
0.6815
0.6815
0.6815
0.6815
0.6815
0.6815
0.6815
0.6815
0.6815
0.6815
0.6815
0.6815
0.6815
0.6815
0.6815
0.6815
0.6815
0.6815
0.6815
0.6815
0.6815
0.6815
0.6815
0.6815
0.6815
0.6815
0.6815
0.6815
0.6815
0.6815
0.6815
0.6815
0.6815
0.6815
0.6815
0.6815
0.6815
0.6815
0.6815
0.6815
0.6815
0.6815
0.6815
0.6815
0.6815
0.6815
0.6815
0.6815
0.6815
0.6815
0.6815
0.6815
0.6815
0.6815
0.6815
0.6815
0.6815
0.6815
0.6815
0.6815
0.6815
0.6815
0.6815
0.6815
0.6815
0.6815
0.6815
0.6815
0.6815
0.6815
0.6815
0.6815
0.6815
0.6815
0.6815
0.3407
0.3407
0.3407
0.3407
0.3407
0.3407
0.3407
0.3407
0.3407
0.3407
0.3407
0.3407
0.3407
0.3407
0.3407
0.3407
0.3407
0.3407
0.3407
0.3407
0.3407
0.3407
0.3407
0.3407
0.3407
0.3407
0.3407
0.3407
0.3407
0.3407
0.3407
0.3407
0.3407
0.3407
0.3407
0.3407
0.3407
0.3407
0.3407
0.3407
0.3407
0.3407
0.3407
0.3407
0.3407
0.3407
0.3407
0.3407
0.3407
0.3407
0.3407
0.3407
0.3407
0.3407
0.3407
0.3407
0.3407
0.3407
0.3407
0.3407
0.0000
0.0000
0.0000
0.0000
0.0000
0.5012
0.4269
0.4251
0.4261
0.4271
0.4279
0.4284
0.4289
0.4294
0.4297
0.4300
0.4302
0.0000
0.5162
0.4364
0.4321
0.4316
0.4313
0.4312
0.4310
0.4308
0.4306
0.4332
0.4303
0.4300
0.0000
0.5145
0.4353
0.4305
0.4297
0.4292
0.4288
0.4285
0.4281
0.4278
0.4274
0.4270
0.4267
0.0000
0.5080
0.4316
0.4266
0.4257
0.4252
0.4248
0.4244
0.4241
0.4238
0.4236
0.4233
0.4230
0.0000
0.5018
0.4284
0.4235
0.4319
0.4355
0.4370
0.4381
0.4390
0.4397
0.4403
0.4205
0.4201
0.0000
0.4964
0.4253
0.4204
0.4195
0.4190
0.4186
0.4183
0.4179
0.4176
0.4173
0.4170
0.4167
0.0000
0.4906
0.6815
0.6783
0.6240
0.6196
0.6179
0.6172
0.6172
0.6177
0.6185
0.6196
0.6537
0.0000
0.0000
0.0000
0.0000
0.0000
0.0000
0.0000
0.0000
0.0000
0.0000
0.0000
0.0000
0.0000
0.3407
0.3407
0.3407
0.3407
0.3407
0.3407
0.3407
0.3407
0.3407
0.3407
0.3407
0.3407
0.6815
0.6815
0.6815
0.6815
0.6815
0.6815
0.6815
0.6815
0.6815
0.6815
0.6815
0.6815
0.6815
0.6815
0.6815
0.6815
0.6815
0.6815
0.6815
0.6815
0.6815
0.6815
0.6815
0.6815
0.6815
0.6815
0.6815
0.6815
0.6815
0.6815
0.6815
0.6815
0.6815
0.6815
0.6815
0.6815
0.6815
0.6815
0.6815
0.6815
0.6815
0.6815
0.6815
0.6815
0.6815
0.6815
0.6815
0.6815
0.6815
0.6815
0.6815
0.6815
0.6815
0.6815
0.6815
0.6815
0.6815
0.6815
0.6815
0.6815
0.6815
0.6815
0.6815
0.6815
0.6815
0.6815
0.6815
0.6815
0.6815
0.6815
0.6815
0.6815
0.6815
0.6815
0.6815
0.6815
0.6815
0.6815
0.6815
0.6815
0.6815
0.6815
0.6815
0.6815
0.6815
0.6815
0.6815
0.6815
0.6815
0.6815
0.6815
0.6815
0.6815
0.6815
0.6815
0.6815
0.6815
0.6815
0.6815
0.6815
0.6815
0.6815
0.6815
0.6815
0.6815
0.6815
0.6815
0.6815
0.3407
0.3407
0.3407
0.3407
0.3407
0.3407
0.3407
0.3407
0.3407
0.3407
0.3407
0.3407
0.3407
0.3407
0.3407
0.3407
0.3407
0.3407
0.3407
0.3407
0.3407
0.3407
0.3407
0.3407
0.3407
0.3407
0.3407
0.3407
0.3407
0.3407
0.3407
0.3407
0.3407
0.3407
0.3407
0.3407
0.3407
0.3407
0.3407
0.3407
0.3407
0.3407
0.3407
0.3407
0.3407
0.3407
0.3407
0.3407
0.3407
0.3407
0.3407
0.3407
0.3407
0.3407
0.3407
0.3407
0.3407
0.3407
0.3407
0.3407
0.6815
0.6815
0.6815
0.6815
0.6815
0.6815
0.6815
0.6815
0.6815
0.6815
0.6815
0.6815
0.0000
0.6815
0.6815
0.6815
0.6815
0.6815
0.6815
0.6815
0.6815
0.6815
0.6815
0.6815
0.6815
0.0000
0.6815
0.6815
0.6815
0.6815
0.6815
0.6815
0.6815
0.6815
0.6815
0.6815
0.6815
0.6815
0.0000
0.6815
0.6815
0.6815
0.6815
0.6815
0.6815
0.6815
0.6815
0.6815
0.6815
0.6815
0.6815
0.0000
0.6815
0.6815
0.6815
0.6815
0.6815
0.6815
0.6815
0.6815
0.6815
0.6815
0.6815
0.6815
0.0000
0.6815
0.6815
0.6815
0.6815
0.6815
0.6815
0.6815
0.6815
0.6815
0.6815
0.6815
0.6815
0.0000
0.6815
0.6815
0.6815
0.6815
0.6815
0.6815
0.6815
0.6815
0.6815
0.6815
0.6815
0.6815
0.0000
0.6815
0.6815
0.6815
0.6815
0.6815
0.0000
0.0000
0.0000
0.0000
0.0000
0.0000
0.0000
0.0000
0.0000
0.0000
0.0000
0.0000
0.3407
0.3407
0.3407
0.3407
0.3407
0.3407
0.3407
0.3407
0.3407
0.3407
0.3407
0.3407
0.3407
0.3407
0.3407
0.3407
0.3407
0.3407
0.3407
0.3407
0.3407
0.3407
0.3407
0.3407
0.3407
0.3407
0.3407
0.3407
0.3407
0.3407
0.3407
0.3407
0.3407
0.3407
0.3407
0.3407
0.3407
0.3407
0.3407
0.3407
0.3407
0.3407
0.3407
0.3407
0.3407
0.3407
0.3407
0.3407
0.3407
0.3407
0.3407
0.3407
0.3407
0.3407
0.3407
0.3407
0.3407
0.3407
0.3407
0.3407
0.3407
0.3407
0.3407
0.3407
0.3407
0.3407
0.3407
0.3407
0.3407
0.3407
0.3407
0.3407
0.3407
0.3407
0.3407
0.3407
0.3407
0.3407
0.3407
0.3407
0.3407
0.3407
0.3407
0.3407
0.3407
0.3407
0.3407
0.3407
0.3407
0.3407
0.3407
0.3407
0.3407
0.3407
0.3407
0.3407
0.3407
0.3407
0.3407
0.3407
0.3407
0.3407
0.3407
0.3407
0.3407
0.3407
0.3407
0.3407
0.3407
0.3407
0.3407
0.3407
0.3407
0.3407
0.3407
0.3407
0.3407
0.3407
0.3407
0.3407
0.0000
0.0000
0.0000
0.0000
0.0000
0.0000
0.0000
0.0000
0.0000
0.0000
0.0000
0.0000
0.6815
0.6815
0.6815
0.6815
0.6815
0.6815
0.6815
0.6815
0.6815
0.6815
0.6815
0.6815
0.0000
0.6815
0.6815
0.6815
0.6815
0.6815
0.6815
0.6815
0.6815
0.6815
0.6815
0.6815
0.6815
0.0000
0.6815
0.6815
0.6815
0.6815
0.6815
0.6815
0.6815
0.6815
0.6815
0.6815
0.6815
0.6815
0.0000
0.6815
0.6815
0.6815
0.6815
0.6815
0.6815
0.6815
0.6815
0.6815
0.6815
0.6815
0.6815
0.0000
0.6815
0.6815
0.6815
0.6815
0.6815
0.6815
0.6815
0.6815
0.6815
0.6815
0.6815
0.6815
0.0000
0.6815
0.6815
0.6815
0.6815
0.6815
0.6815
0.6815
0.6815
0.6815
0.6815
0.6815
0.6815
0.0000
0.6815
0.6815
0.6815
0.6815
0.6815
0.6815
0.6815
0.6815
0.6815
0.6815
0.6815
0.6815
0.0000
0.6815
0.6815
0.6815
0.6815
0.6815
0.6815
0.6815
0.6815
0.6815
0.6815
0.6815
0.6815
0.0000
0.6815
0.6815
0.6815
0.6815
0.6815
0.6815
0.6815
0.6815
0.6815
0.6815
0.6815
0.6815
0.0000
0.6815
0.6815
0.6815
0.6815
0.6815
0.6815
0.6815
0.6815
0.6815
0.6815
0.6815
0.6815
0.0000
0.6815
0.6815
0.6815
0.6815
0.6815
0.6815
0.6815
0.6815
0.6815
0.6815
0.6815
0.6815
0.0000
0.6815
0.6815
0.6815
0.6815
0.6815
0.6815
0.6815
0.6815
0.6815
0.6815
0.6815
0.6815
0.0000
0.6815
0.6815
0.6815
0.6815
0.6815
0.6815
0.6815
0.6815
0.6815
0.6815
0.6815
0.6815
0.0000
0.6815
0.6815
0.6815
0.6815
0.6815
0.6815
0.6815
0.6815
0.6815
0.6815
0.6815
0.6815
0.0000
0.6815
0.6815
0.6815
0.6815
0.6815
0.6815
0.6815
0.6815
0.6815
0.6815
0.6815
0.6815
0.0000
0.6815
0.6815
0.6815
0.6815
0.6815
0.6815
0.6815
0.6815
0.6815
0.6815
0.6815
0.6815
0.0000
0.6815
0.6815
0.6815
0.6815
0.6815
0.6815
0.6815
0.6815
0.6815
0.6815
0.6815
0.6815
0.0000
0.6815
0.6815
0.6815
0.6815
0.6815
0.6815
0.6815
0.6815
0.6815
0.6815
0.6815
0.6815
0.0000
0.6815
0.6815
0.6815
0.6815
0.6815
0.6815
0.6815
0.6815
0.6815
0.6815
0.6815
0.6815
0.0000
0.6815
0.6815
0.6815
0.6815
0.6815
0.6815
0.6815
0.6815
0.6815
0.6815
0.6815
0.6815
0.0000
0.6815
0.6815
0.6815
0.6815
0.6815
0.6815
0.6815
0.6815
0.6815
0.6815
0.6815
0.6815
0.0000
0.6815
0.6815
0.6815
0.6815
0.6815
0.6815
0.6815
0.6815
0.6815
0.6815
0.6815
0.6815
0.0000
0.6815
0.6815
0.6815
0.6815
0.6815
0.6815
0.6815
0.6815
0.6815
0.6815
0.6815
0.6815
0.0000
0.6815
0.6815
0.6815
0.6815
0.6815
0.6815
0.6815
0.6815
0.6815
0.6815
0.6815
0.6815
0.0000
0.6815
0.6815
0.6815
0.6815
0.6815
0.6815
0.6815
0.6815
0.6815
0.6815
0.6815
0.6815
0.0000
0.6815
0.6815
0.6815
0.6815
0.6815
0.6815
0.6815
0.6815
0.6815
0.6815
0.6815
0.6815
0.0000
0.6815
0.6815
0.6815
0.6815
0.6815
0.6815
0.6815
0.6815
0.6815
0.6815
0.6815
0.6815
0.0000
0.6815
0.6815
0.6815
0.6815
0.6815
0.6815
0.6815
0.6815
0.6815
0.6815
0.6815
0.6815
0.0000
0.6815
0.6815
0.6815
0.6815
0.6815
0.6815
0.6815
0.6815
0.6815
0.6815
0.6815
0.6815
0.0000
0.6815
0.6815
0.6815
0.6815
0.6815
0.6815
0.6815
0.6815
0.6815
0.6815
0.6815
0.6815
0.0000
0.6815
0.6815
0.6815
0.6815
0.6815
0.6815
0.6815
0.6815
0.6815
0.6815
0.6815
0.6815
0.0000
0.6815
0.6815
0.6815
0.6815
0.6815
0.6815
0.6815
0.6815
0.6815
0.6815
0.6815
0.6815
0.0000
0.6815
0.6815
0.6815
0.6815
0.3957
0.3957
0.3957
0.4648
0.4879
0.4911
0.4929
0.4943
0.0000
0.6643
0.6737
0.6815
0.0000
0.0000
0.0000
0.0000
0.0000
0.0000
0.0000
0.0000
0.0000
0.0000
0.0000
0.0000
0.3407
0.3407
0.3407
0.3407
0.3407
0.3407
0.3407
0.3407
0.3407
0.3407
0.3407
0.3407
0.6815
0.6815
0.6815
0.6815
0.6815
0.6815
0.6815
0.6815
0.6815
0.6815
0.6815
0.6815
0.6815
0.6815
0.6815
0.6815
0.6815
0.6815
0.6815
0.6815
0.6815
0.6815
0.6815
0.6815
0.6815
0.6815
0.6815
0.6815
0.6815
0.6815
0.6815
0.6815
0.6815
0.6815
0.6815
0.6815
0.6815
0.6815
0.6815
0.6815
0.6815
0.6815
0.6815
0.6815
0.6815
0.6815
0.6815
0.6815
0.6815
0.6815
0.6815
0.6815
0.6815
0.6815
0.6815
0.6815
0.6815
0.6815
0.6815
0.6815
0.6815
0.6815
0.6815
0.6815
0.6815
0.6815
0.6815
0.6815
0.6815
0.6815
0.6815
0.6815
0.6815
0.6815
0.6815
0.6815
0.6815
0.6815
0.6815
0.6815
0.6815
0.6815
0.6815
0.6815
0.6815
0.6815
0.6815
0.6815
0.6815
0.6815
0.6815
0.6815
0.6815
0.6815
0.6815
0.6815
0.6815
0.6815
0.6815
0.6815
0.6815
0.6815
0.6815
0.6815
0.6815
0.6815
0.6815
0.6815
0.3407
0.3407
0.3407
0.3407
0.3407
0.3407
0.3407
0.3407
0.3407
0.3407
0.3407
0.3407
0.3407
0.3407
0.3407
0.3407
0.3407
0.3407
0.3407
0.3407
0.3407
0.3407
0.3407
0.3407
0.3407
0.3407
0.3407
0.3407
0.3407
0.3407
0.3407
0.3407
0.3407
0.3407
0.3407
0.3407
0.3407
0.3407
0.3407
0.3407
0.3407
0.3407
0.3407
0.3407
0.3407
0.3407
0.3407
0.3407
0.3407
0.3407
0.3407
0.3407
0.3407
0.3407
0.3407
0.3407
0.3407
0.3407
0.3407
0.3407
0.0000
0.0000
0.0000
0.0000
0.4661
0.4351
0.4366
0.4388
0.4406
0.4421
0.4433
0.4443
0.4450
0.4455
0.4460
0.4463
0.0000
0.5438
0.4535
0.4488
0.4483
0.4510
0.4482
