24.4533
24.4499
24.4448
24.3777
24.3298
24.2937
24.2653
24.2419
24.2220
24.2046
24.1888
24.1743
24.1607
24.1478
24.1372
24.1286
24.1213
24.1152
24.1099
24.1052
24.1009
24.0971
24.0936
24.0903
24.0872
24.0843
24.0815
24.0787
24.0759
24.0730
24.0701
24.0672
24.0641
24.0610
24.0578
24.0547
24.0515
24.0483
24.0452
24.0422
24.0393
24.0364
24.0336
24.0308
24.0282
24.0257
24.0234
24.0211
24.0191
24.0171
24.0150
24.0129
24.0106
24.0083
24.0059
24.0035
24.0011
23.9987
23.9963
23.9938
23.9913
23.9887
23.6052
23.3237
23.1205
22.9625
22.8409
22.7476
22.6755
22.6191
22.5744
22.5386
22.5427
24.6857
24.1666
24.1379
24.1386
24.1700
24.1753
24.1827
24.1902
24.1982
24.2079
24.2129
24.2948
24.5127
24.2384
24.0855
24.0165
23.9976
23.9841
23.9744
24.0118
24.0367
24.0475
24.0644
24.0765
24.0669
24.1040
24.0833
24.0633
24.0528
24.0472
24.0446
24.0481
24.0437
24.0401
24.0365
24.0366
24.0282
24.0301
24.0039
23.9849
23.9662
24.0067
23.9947
23.9869
24.0289
24.0416
24.0395
24.0370
24.0346
24.0343
24.0139
24.0038
23.9963
23.9834
23.9725
23.9619
23.9513
23.9400
23.9376
23.9365
23.9357
23.9365
23.9360
23.9357
23.9360
23.9471
23.9482
23.9519
23.9527
23.9553
23.9597
23.9658
23.9802
23.9984
24.0312
24.0583
24.0858
24.1069
24.1067
24.1011
24.1015
24.0985
24.0881
24.0791
24.0662
24.0442
24.0173
23.9956
23.9793
23.9697
23.9610
23.9559
23.9546
23.9563
23.9541
23.9562
23.9582
23.9596
23.9606
23.9602
23.9598
23.9593
23.9588
23.9583
23.9638
23.9647
23.9645
23.9642
23.9639
23.9634
23.9632
23.9632
23.9631
23.9627
23.9629
23.9631
23.9631
23.9626
23.9624
23.9623
23.9622
23.9619
23.9613
23.9606
23.9601
23.9591
23.9586
23.9570
23.9556
23.9542
23.9532
23.9507
23.9570
23.9496
23.9476
23.9445
23.9410
23.9377
23.9341
23.9221
23.8934
23.9229
23.9214
23.9186
23.9161
23.9113
23.8981
23.8624
23.9004
23.8990
23.8960
23.8814
23.8490
23.8223
23.8002
23.7818
23.7662
23.7514
23.7333
23.7176
23.7038
23.6913
23.7515
23.7960
23.8315
23.8294
23.8179
23.8764
23.8793
23.8722
23.8382
23.8104
23.7909
23.7752
23.7621
23.7482
23.7385
23.7269
23.7190
23.7723
23.8111
23.8355
23.8516
23.8202
23.8048
23.7905
23.7783
23.7679
23.7590
23.7513
23.7446
23.7387
23.3588
23.7347
23.9541
24.1049
24.2096
24.2828
24.3344
24.3710
24.3970
24.4155
24.4287
24.4381
24.4446
24.4491
24.4520
24.4537
24.4545
24.4547
24.4545
24.4540
24.4533
24.4514
24.4495
24.4599
24.4704
24.4767
24.4182
24.3786
24.3533
24.3382
24.3314
23.9388
23.6562
23.4590
23.3116
23.2015
23.1210
23.0639
23.0244
22.9978
22.9810
22.9714
22.9671
23.3514
23.6648
23.9109
23.7135
23.5558
23.4372
23.3492
23.2859
23.2411
23.2100
23.1890
23.1754
23.1675
23.1635
23.1624
23.5566
23.4897
23.4206
23.3704
23.3348
23.3097
23.2924
23.2805
23.2735
23.2701
23.2695
23.2710
23.2739
23.6706
23.6021
23.5342
23.4819
23.4432
23.4145
23.3930
23.3778
23.3673
23.3604
23.3562
23.3538
23.3528
26.2963
23.6814
23.6015
23.5474
23.5094
23.4821
23.4627
23.4498
23.4419
23.4377
23.4360
23.4781
25.3309
24.9306
24.7763
24.7455
24.7345
24.7275
24.7236
24.7215
24.7205
24.7203
24.7205
24.7210
24.7294
24.4834
24.3404
24.2418
24.1866
24.1316
24.1069
24.0878
24.0850
24.0847
24.0996
24.1174
24.1514
24.1654
24.1679
24.1769
24.1944
24.2052
24.2195
24.2438
24.2561
24.2702
24.2895
24.3103
24.3775
24.3938
24.4204
24.4363
24.4584
24.4785
24.4976
24.5127
24.5246
24.5337
24.5404
24.5451
24.5485
24.5388
24.5334
24.4943
24.4677
24.4830
24.4939
24.5153
24.5108
24.5122
24.5115
24.5098
24.5081
24.5040
24.4987
24.4909
24.4821
24.4726
24.4626
24.4510
24.4381
24.4245
24.3849
24.3788
24.3717
24.3842
24.4007
24.4136
24.4260
24.4396
24.4434
24.4431
24.4429
24.4388
24.4311
24.4247
24.3919
24.5878
24.6875
24.5567
24.5383
24.5307
24.5283
24.5294
24.5013
24.4943
24.4891
24.4826
24.4777
24.4876
24.4731
24.4629
24.4560
24.4491
24.4414
24.4345
24.4482
24.3902
24.3882
24.3837
24.3794
24.3759
24.3501
24.3682
24.3632
24.3601
24.3687
24.3770
24.3801
24.3752
24.3663
24.3605
24.3560
24.3518
24.3484
24.3478
24.3456
24.3372
24.3302
24.3248
24.3157
24.3094
24.3096
24.3049
24.5049
24.3581
24.2125
24.1290
24.1149
24.1125
24.1117
24.1100
24.1086
24.1072
24.1053
24.1038
24.1027
24.1142
24.0988
24.0983
24.0959
24.0936
24.0913
24.0989
24.0916
24.0841
24.0764
24.0692
24.0623
24.0565
24.0495
24.0429
24.0363
24.0109
24.0546
24.0532
24.0495
24.0459
24.0377
24.0370
24.0337
24.0305
24.0299
24.0163
24.0057
23.9970
23.9899
23.9840
23.9788
23.9736
23.9688
24.0067
24.0070
24.0050
24.0027
24.0009
23.9974
23.9940
23.9924
23.9908
23.9893
23.9879
23.9864
23.9849
24.0047
24.4930
24.8418
25.0913
25.2690
25.3957
25.0495
24.8023
24.6249
24.4921
24.3867
24.3045
24.2402
24.1902
24.1511
24.1204
24.0959
24.0763
24.4887
24.3951
24.3026
24.2310
24.1768
24.1357
24.1042
24.0800
23.9982
23.9359
23.8882
23.8513
23.8223
24.2182
24.1156
24.0213
23.9498
23.8958
23.8547
23.8234
23.7994
23.7808
23.7664
23.7551
23.7463
23.7395
24.1479
24.0620
23.9811
23.9206
23.8756
23.8410
23.8136
23.7917
23.7736
23.7584
23.7454
23.7339
23.7237
24.1276
24.0367
23.9511
23.8849
23.8340
23.7941
23.7627
23.7373
23.7163
23.6982
23.6835
23.6702
23.6587
24.0557
23.9649
23.8798
23.8136
23.7628
23.7231
23.6915
23.6658
23.6451
23.6281
23.6140
23.6021
23.5917
23.9849
26.2118
25.4177
23.7483
23.7001
23.6646
23.6374
23.6170
23.6017
23.5902
23.5816
25.3045
23.6190
25.8739
25.3885
25.0499
24.8414
24.7907
24.7778
24.7696
24.7643
24.7610
24.7591
24.7582
24.8059
24.8024
24.5373
24.3966
24.2597
24.1970
24.1537
24.1279
24.1071
24.1071
24.1003
24.0933
24.1121
24.1369
24.1482
24.1269
24.1154
24.1136
24.1111
24.1122
24.1252
24.1330
24.1447
24.1586
24.1685
24.1929
24.2359
24.2581
24.2777
24.2991
24.3208
24.3430
24.3568
24.3631
24.3652
24.3639
24.3599
24.3519
24.3529
24.3315
24.3190
24.3076
24.3006
24.2864
24.2781
24.2729
24.2725
24.2758
24.2801
24.2858
24.2862
24.2924
24.2992
24.3065
24.3134
24.3231
24.3290
24.3306
24.3307
24.3304
24.3352
24.3374
24.3562
24.3824
24.3951
24.4101
24.4231
24.4297
24.4373
24.4355
24.4333
24.4309
24.4363
24.4489
24.4317
24.4057
24.3861
24.3711
24.3608
24.3536
24.3566
24.3559
24.3568
24.3603
24.3632
24.3666
24.3535
24.3502
24.3489
24.3493
24.3124
24.3140
24.3086
24.3062
24.3038
24.3014
24.3000
24.3019
24.2928
24.3069
24.3152
24.3255
24.3343
24.3497
24.3653
24.3760
24.3781
24.3754
24.3746
24.3742
24.3730
24.3762
24.3720
24.3677
24.3631
24.3796
24.3784
24.3627
24.3418
24.3291
24.3067
24.2301
24.2276
24.2091
24.1904
24.1685
24.1589
24.1513
24.1580
24.1473
24.1259
24.1230
24.1219
24.1214
24.1353
24.1336
24.1330
24.1170
24.1167
24.1145
24.1264
24.1231
24.1208
24.1178
24.1135
24.1077
24.1033
24.0964
24.0896
24.0590
24.0836
24.0814
24.0772
24.0733
24.0694
24.0578
24.0619
24.0506
24.0411
24.0332
24.0266
24.0208
24.0156
24.0110
24.0068
23.9888
24.0288
24.0291
24.0273
24.0256
24.0240
24.0238
24.0205
24.0192
24.0178
24.0165
24.0152
24.0139
24.0127
24.0115
24.0102
24.0049
24.5226
24.8977
25.1686
25.3615
25.5102
25.1816
24.9492
24.7850
24.6646
24.5712
24.4975
24.4400
24.3945
24.3578
24.3279
24.3030
24.2822
24.7009
24.6010
24.5058
24.4295
24.3702
24.3238
24.2869
24.2576
24.1707
24.1042
24.0531
24.0132
23.9816
24.3793
24.2718
24.1730
24.0979
24.0408
23.9971
23.9629
23.9356
23.9134
23.8950
23.8795
23.8661
23.8544
24.2633
24.1677
24.0786
24.0106
23.9588
23.9176
23.8842
23.8564
23.8327
23.8120
23.7934
23.7764
23.7605
24.1628
24.0631
23.9702
23.8970
23.8397
23.7942
23.7569
23.7263
23.6990
23.6752
23.6544
23.6357
23.6188
24.0060
23.9082
23.8178
23.7458
23.6891
23.6432
23.6059
23.5755
23.5502
23.5286
23.5097
23.4929
23.4774
23.8567
26.1576
23.6810
23.6045
23.5565
23.5236
23.5012
23.4861
23.4764
23.4706
23.4676
23.4667
23.5107
25.8325
25.3105
24.9378
24.8007
24.7706
24.7679
24.7694
24.7733
24.7787
24.7849
24.7925
24.7959
24.7375
24.5775
24.5142
24.4849
24.4934
24.4847
24.4884
24.4469
24.4539
24.4636
24.4793
24.4910
24.6114
24.6070
24.6101
24.6152
24.6228
24.6317
24.6417
24.6500
24.6530
24.6492
24.6492
24.6319
24.6259
24.6808
24.6790
24.6593
24.6454
24.6300
24.6130
24.5334
24.5284
24.5221
24.5191
24.5178
24.5178
24.5817
24.5602
24.5645
24.5643
24.5657
24.5709
24.5752
24.5791
24.5831
24.5815
24.5805
24.5813
24.5767
24.5776
24.5751
24.5708
24.5666
24.5603
24.5291
24.5463
24.5552
24.5595
24.5636
24.5786
24.5976
24.6257
24.6354
24.6496
24.6587
24.6617
24.6668
24.6637
24.6572
24.6480
24.6509
24.6629
24.6499
24.6202
24.5419
24.4873
24.4591
24.4469
24.4449
24.4448
24.4417
24.4396
24.4387
24.4391
24.4352
24.4348
24.4312
24.3856
24.3879
24.3861
24.3838
24.3803
24.3762
24.3718
24.3671
24.3609
24.3550
24.3282
24.3292
24.3246
24.3259
24.3290
24.3396
24.3336
24.3222
24.3186
24.3123
24.3056
24.2974
24.2893
24.2885
24.2792
24.2764
24.2683
24.2652
24.2531
24.2437
24.2342
24.2253
24.1782
24.1953
24.1922
24.1826
24.1771
24.1633
24.1518
24.1560
24.1284
24.1253
24.1236
24.1220
24.1342
24.1190
24.1178
24.1159
24.1139
24.1118
24.1234
24.1195
24.1161
24.1110
24.1050
24.0986
24.0919
24.0865
24.0790
24.0715
24.0641
24.0325
24.0700
24.0681
24.0638
24.0595
24.0485
24.0474
24.0433
24.0396
24.0367
24.0364
24.0245
24.0149
24.0070
24.0004
23.9946
23.9897
23.9852
23.9811
23.9723
24.0126
24.0134
24.0100
24.0084
24.0068
24.0052
24.0036
24.0021
24.0006
23.9991
23.9977
24.0049
24.5029
24.8653
25.1222
25.3051
25.4366
25.0934
24.8505
24.6771
24.5479
24.4462
24.3676
24.3069
24.2597
24.2224
24.1927
24.1687
24.1509
24.5811
24.4977
24.4132
24.3474
24.2969
24.2583
24.2281
24.2044
24.1212
24.0581
24.0101
23.9732
23.9445
24.3432
24.2385
24.1421
24.0690
24.0138
23.9717
23.9391
23.9136
23.8933
23.8769
23.8634
23.8521
23.8428
24.2538
24.1620
24.0753
24.0097
23.9602
23.9227
23.8942
23.8722
23.8551
23.8416
23.8310
23.8224
23.8156
24.2290
24.1408
24.0573
23.9943
23.9469
23.9109
23.8832
23.8616
23.8445
23.8308
23.8195
23.8102
23.8026
24.2147
24.1258
24.0415
23.9776
23.9297
23.8938
23.8666
23.8458
23.8299
23.8176
23.8081
23.8007
23.7950
24.2096
26.0221
25.1889
23.9835
23.9372
23.9048
23.8812
23.8638
23.8510
23.8417
23.8350
25.0698
23.9029
25.8361
25.4818
25.2244
25.0543
24.9488
24.8655
24.8009
24.7967
24.7964
24.7966
24.7971
24.7979
24.7366
24.5532
24.4627
24.4047
24.3627
24.3316
24.3082
24.2908
24.2780
24.2688
24.2624
24.2575
24.2550
24.2548
24.2593
24.2641
24.2694
24.2752
24.2815
24.2873
24.2926
24.2976
24.3024
24.3062
24.3104
24.3107
24.3162
24.3200
24.3234
24.3267
24.3301
24.3342
24.3380
24.3452
24.3528
24.3598
24.3665
24.3742
24.3794
24.3844
24.3881
24.3916
24.3965
24.3988
24.3983
24.3964
24.3936
24.3903
24.3869
24.3788
24.3733
24.3677
24.3621
24.3562
24.3499
24.3448
24.3418
24.3367
24.3320
24.3276
24.3245
24.3200
24.3124
24.3053
24.2984
24.2912
24.2853
24.2801
24.2755
24.2712
24.2672
24.2633
24.2593
24.2559
24.2516
24.2477
24.2440
24.2405
24.2368
24.2333
24.2303
24.2275
24.2248
24.2216
24.2192
24.2185
24.2156
24.2131
24.2104
24.2077
24.2052
24.2030
24.2010
24.1989
24.1968
24.1953
24.1939
24.1928
24.1909
24.1895
24.1877
24.1861
24.1842
24.1823
24.1802
24.1779
24.1753
24.1725
24.1699
24.1668
24.1646
24.1622
24.1597
24.1569
24.1544
24.1518
24.1492
24.1465
24.1438
24.1408
24.1599
24.6566
24.9892
25.2355
25.5520
25.7108
25.7504
25.7731
25.7855
25.7905
25.7895
25.7837
25.3707
25.8428
25.7190
25.5916
25.4845
25.3878
25.2968
25.2166
25.1463
25.0840
25.0280
24.9836
24.9514
24.9197
25.2570
25.0596
24.8884
24.7531
24.6455
24.5588
24.4878
24.4283
24.3774
24.3330
24.2935
24.2609
24.2337
24.6429
24.5327
24.4302
24.3533
24.2948
24.2499
24.2149
24.1872
24.1649
24.1467
24.1315
24.1186
24.1075
24.5258
24.4291
24.3373
24.2687
24.2170
24.1777
24.1473
24.1235
24.1046
24.0898
24.0783
24.0693
24.0622
24.4834
24.3925
24.3061
24.2422
24.1949
24.1598
24.1337
24.1141
24.0983
24.0852
24.0739
24.0641
24.0554
24.4744
24.3811
24.2915
24.2239
24.1723
24.1325
24.1013
24.0767
24.0571
24.0411
24.0278
24.0167
24.0071
24.4242
24.3313
24.2425
24.1755
24.1247
24.0858
24.0554
24.0312
24.0116
23.9953
23.9816
23.9698
23.9595
24.3741
24.2805
24.1913
24.1234
24.0715
24.0315
24.0001
23.9751
23.9548
23.9380
23.9238
23.9115
23.9008
24.3132
24.2198
24.1312
24.0634
24.0116
23.9715
23.9401
23.9150
23.8945
23.8776
23.8633
23.8509
23.8401
24.2504
24.1577
24.0698
24.0023
23.9506
23.9107
23.8793
23.8543
23.8338
23.8168
23.8024
23.7900
23.7790
24.1875
24.0954
24.0100
23.9456
23.8979
23.8626
23.8363
23.8169
23.8026
23.7922
23.7845
23.7791
23.8584
26.6388
24.3672
24.3894
24.4142
24.4319
24.4422
24.4479
24.4536
24.4579
24.4613
24.4649
24.4696
24.4753
26.5900
24.8548
24.7765
24.7246
24.6896
24.6670
24.6536
24.6475
24.6469
24.6505
24.6558
24.6630
24.6731
26.7258
25.0682
24.9928
24.9445
24.9141
24.8960
24.8867
24.8838
24.8855
24.8903
24.8975
24.9060
24.9155
26.8304
25.3070
25.2229
25.1666
25.1296
25.1069
25.0950
25.0910
25.0931
25.0996
25.1099
25.1230
25.1384
26.9509
25.5483
25.4681
25.4190
25.3890
25.3722
25.3684
25.3723
25.3810
25.3902
25.4236
25.4502
25.4717
27.0172
25.8909
25.7980
25.7377
25.7077
25.6865
25.6760
25.6699
25.6663
25.6643
25.6633
25.6712
25.6809
27.0248
26.0896
25.9860
25.9136
25.8588
25.8160
25.7813
25.7512
25.7600
25.7604
25.7542
25.7430
25.7278
26.9624
26.0933
25.9784
25.8950
25.8481
25.8155
25.7904
25.7333
25.6902
25.6578
25.6331
25.6141
25.6000
26.9396
25.9755
25.8674
25.7948
25.7442
25.7087
25.6600
25.6259
25.6028
25.5876
25.5823
25.5738
25.5620
26.9299
25.9136
25.7901
25.6978
25.6241
25.5628
25.5101
25.4630
25.4197
25.3789
25.3413
25.3069
25.2751
26.7846
25.5937
25.4696
25.3853
25.3161
25.2566
25.2038
25.1561
25.1118
25.0706
25.0317
24.9945
24.9586
25.3839
25.2571
25.1266
24.9756
24.8563
24.7603
24.6813
24.6145
24.5576
24.5084
24.4650
24.4260
24.3904
24.7943
24.6683
24.5491
24.4580
24.3853
24.3259
24.2760
24.2330
24.1950
24.1607
24.1292
24.0997
24.0718
24.4733
24.3608
24.2578
24.1812
24.1231
24.0781
24.0427
24.0143
23.9910
23.9716
23.9551
23.9408
23.9279
24.3379
24.2373
24.1433
24.0728
24.0190
23.9772
23.9441
23.9171
23.8947
23.8756
23.8591
23.8449
23.8325
24.2410
24.1438
24.0533
23.9857
23.9346
23.8954
23.8649
23.8405
23.8208
23.8044
23.7896
23.7759
23.7632
24.1634
24.0671
23.9767
23.9075
23.8540
23.8119
23.7779
23.7497
23.7259
23.7055
23.6879
23.6721
23.6578
24.0488
23.9524
23.8623
23.7925
23.7381
23.6948
23.6599
25.1704
24.2280
23.7146
23.4632
23.3279
23.5488
24.5373
23.6750
23.3776
23.2403
23.1628
23.1131
23.0770
23.0350
23.0040
22.6593
22.7940
22.8444
23.4458
24.2021
23.0681
22.6469
22.4459
22.3917
22.3505
22.3091
22.2762
22.2484
22.2240
22.2019
22.1615
23.3309
23.7379
23.0211
22.8133
22.7286
22.6860
22.6615
22.6450
22.6322
22.6209
22.6103
22.6000
22.5899
23.2214
23.8474
23.0643
22.8085
24.2845
23.1214
22.9841
22.9656
22.9589
22.9571
22.9582
22.9613
22.9659
23.2359
24.4796
23.6326
24.2758
23.8257
23.5441
23.4578
23.4571
23.4668
23.4788
23.4915
23.5034
23.5161
23.5290
23.5418
23.6780
23.6679
23.6503
23.6592
23.6805
23.7122
23.7308
23.7533
23.8003
23.8257
23.8394
23.8704
23.8505
23.9292
23.9675
23.9913
24.0211
24.0339
24.0469
24.0700
24.0698
24.0665
24.0688
24.0729
24.0653
24.0645
23.8959
23.8107
23.7754
23.7417
23.7272
23.7160
23.8761
23.9522
23.9917
24.0137
24.0269
24.0347
23.8633
23.7817
23.7480
23.7170
23.7008
23.6836
23.6721
23.6731
23.6750
23.6776
23.6809
23.6830
23.6855
23.6860
23.6863
23.6865
23.6990
23.7037
23.6975
23.6926
23.6870
23.6895
23.6960
23.7057
23.7305
23.7367
23.7443
23.7489
23.7486
23.7489
23.7382
23.7291
23.7169
23.7101
23.7241
23.7043
23.6812
23.6707
23.6648
23.6564
23.6564
23.6613
23.6724
23.6811
23.6926
23.7034
23.7194
23.6948
23.7018
23.7139
23.7294
23.7445
23.7591
23.7672
23.7695
23.7677
23.9292
24.0036
24.0388
24.0520
24.0578
24.0537
23.9834
24.0081
24.0087
24.0207
24.0222
24.0199
24.0157
24.0105
23.9998
23.9914
23.9892
23.9841
23.9745
23.9725
23.9742
23.9708
23.9608
23.9508
23.9409
23.9308
23.9400
23.9197
23.8505
23.8226
23.7887
23.7567
23.7393
23.7178
23.5504
23.6086
23.6302
23.6302
23.6214
23.5989
23.5809
23.4083
23.4691
23.4862
23.4916
23.4812
23.3110
23.2204
23.1647
23.1274
23.0980
23.0588
23.0315
23.0083
23.1508
23.2144
23.2505
23.2666
23.2728
23.2738
23.2740
23.3483
23.3514
23.3488
23.2032
23.1300
23.0899
23.0624
23.0428
23.0275
23.0095
23.0005
22.9912
22.9724
23.1092
23.1585
23.1933
23.2171
23.2319
23.1441
23.1438
23.1482
23.1507
23.1519
23.1524
23.1524
22.3350
22.4413
22.2306
22.1549
22.1283
22.1202
22.1186
22.1273
22.2947
22.3048
22.3079
22.3096
24.0735
24.4961
24.4019
24.3112
24.2399
24.1847
24.1414
24.1066
24.0783
24.0545
24.0343
24.0164
25.3338
22.6529
24.7870
23.9932
23.6140
23.3321
23.1305
22.9936
22.8972
22.8265
22.7725
22.7297
22.6946
22.6647
20.3676
23.5891
23.2589
22.9745
22.8122
22.7125
22.6467
22.6001
22.5649
22.5367
22.5072
22.4842
22.4650
20.1549
23.3861
23.0778
22.8076
22.6835
22.4719
22.3572
22.2892
22.2447
22.2128
22.1875
22.1661
22.1472
20.0260
23.2422
22.9848
22.7425
22.6066
22.4959
22.4191
22.3654
22.3277
22.3001
22.2789
22.2617
22.2471
19.9157
23.1542
22.8530
22.5872
22.4384
22.3487
22.2909
22.2514
22.2255
22.2079
22.1957
22.1870
22.1809
19.8686
23.1012
22.8130
22.5581
22.4183
22.4171
22.1889
22.2120
22.1767
22.1803
22.1999
22.2248
22.2510
22.2769
22.3016
22.3252
22.3476
22.3690
22.0869
24.5032
25.6979
26.1668
26.4766
26.6900
26.8683
26.9421
27.0075
27.0700
27.1404
27.2068
27.3119
27.4132
27.6826
27.8696
28.0049
28.1085
27.4722
27.0769
26.8237
26.6730
26.6699
27.2780
27.7134
28.0036
28.2466
28.3958
27.7838
27.4009
27.1542
26.9840
26.8620
26.7923
26.7528
27.4675
27.9535
28.2707
27.7892
27.4789
27.2770
27.8793
28.3005
28.5925
28.7937
28.9343
29.0366
29.1520
29.2477
29.3166
29.4449
29.5401
28.8827
28.4520
28.1637
27.9761
28.6170
29.0287
29.2717
29.5318
29.6952
29.6991
29.6999
29.7009
29.7023
29.7038
29.7052
29.7063
29.7071
29.7076
29.7077
29.7074
29.7068
29.7060
29.7048
29.7037
29.7030
29.7023
29.7018
29.7014
29.7011
29.7009
29.7007
29.7006
29.7004
29.7004
29.7003
29.7001
29.6999
29.6998
29.6997
29.6996
29.6995
29.0579
28.6100
28.2934
28.0734
27.9167
27.7815
28.4207
28.1127
28.6242
28.2528
27.9848
27.7943
27.6522
27.5422
27.4780
27.4329
27.3923
27.4769
27.5283
27.5811
27.6178
27.6332
27.6289
27.6372
27.6395
27.6256
27.5977
27.8316
27.8178
27.7090
27.6272
27.5569
27.5185
27.4847
27.4528
27.4221
27.2683
27.1827
27.2236
27.2485
27.2612
27.2605
27.1450
27.1705
27.1844
27.1891
27.1843
27.1772
27.0969
27.0897
27.0829
27.0763
27.0694
27.0631
27.0566
27.0474
27.0424
27.0374
27.0357
27.0321
27.0273
27.0217
27.0840
27.1361
27.1711
27.2025
27.2310
27.2563
27.2774
27.2914
27.3008
27.3039
27.3061
27.3077
27.3024
27.2957
27.2878
27.2649
27.2458
27.2314
27.2213
27.0601
26.9578
26.9558
26.9542
26.9527
26.9511
27.0409
26.2653
25.6896
25.1062
24.6949
24.3887
24.1503
23.9557
23.7908
23.6469
23.5208
23.4087
21.5435
24.2858
23.9137
23.6817
23.5222
23.4007
23.3028
23.2206
23.1489
23.0851
23.0379
22.8583
22.7539
20.7317
23.5841
23.2383
22.9468
22.7789
22.8166
22.8156
22.8023
22.7854
22.7680
22.7513
22.7354
22.7197
20.3830
23.6661
23.3394
23.0596
22.9014
22.8049
22.7417
22.6970
22.6633
22.6362
22.6133
22.5931
22.5689
20.2144
23.2484
23.0416
22.8202
22.5870
22.4584
22.3813
22.3304
22.2936
22.2648
22.2407
22.2197
22.2008
20.0694
23.2084
22.9589
22.7129
22.5684
22.4789
22.4207
22.3802
22.3503
22.3267
22.3070
22.2899
22.2745
19.9432
23.1752
22.8678
22.6013
22.4515
22.3603
22.3005
22.2587
22.2327
22.2167
22.2070
22.2017
22.1992
19.8934
23.1286
22.8395
22.5892
22.4553
22.4494
22.2264
22.2727
22.2363
22.2430
22.2688
22.3020
22.3374
22.3703
22.4003
22.4279
22.4561
22.5797
22.2397
24.5672
25.7972
26.2820
26.5978
26.8203
26.9717
27.0212
27.0934
27.1581
27.2176
27.2709
27.5219
27.6170
27.1420
26.8312
26.6733
26.6703
26.6701
26.6700
27.2866
27.7405
27.3194
27.0389
27.5968
27.2493
27.8023
28.1922
28.4481
28.6217
28.7537
28.8713
28.9633
29.0320
29.0841
29.1428
29.2024
29.2498
28.5682
28.1159
28.5766
28.8923
29.1026
29.2361
29.3352
29.4348
29.5067
29.5427
29.5682
29.6082
29.6975
29.6992
29.6993
29.6993
29.6994
29.6994
29.6995
29.6995
29.6995
29.6995
29.6994
29.6996
29.6999
29.7007
29.7021
29.7035
29.7051
29.7063
29.7072
29.7078
29.7081
29.7081
29.7076
29.7067
29.7057
29.7046
29.7035
29.7027
29.7021
29.7016
29.7012
29.7009
29.7007
29.7005
29.3117
29.0368
28.6354
28.3513
28.1593
28.0264
27.9220
27.8374
27.7682
27.7237
27.7093
27.7013
27.6924
27.6822
27.6672
28.4328
28.2438
28.8442
28.5325
28.2974
28.1467
28.0362
27.9412
27.8531
27.7615
27.6853
27.7475
27.7660
27.7410
27.6955
27.6581
27.6182
27.5718
27.5251
27.5035
27.4812
27.8086
27.7829
27.6775
27.5980
27.5390
27.5041
27.4729
27.4438
27.2967
27.2099
27.2488
27.2757
27.2869
27.2902
27.2915
27.2835
27.2726
27.2586
27.2475
27.2322
27.2180
27.1226
27.1155
27.1088
27.1023
27.0961
27.0903
27.0844
27.0771
27.0734
27.0734
27.0716
27.0684
27.0642
27.0591
27.0536
27.1223
27.1758
27.2185
27.2590
27.2847
27.3044
27.3167
27.3241
27.3298
27.3355
27.3329
27.3319
27.3270
27.3165
27.2856
27.2620
27.0877
26.9715
26.9679
26.9649
26.9619
26.9588
26.9558
26.9528
27.0416
26.1282
25.4612
24.9716
24.6119
24.3320
24.1054
23.9148
23.7500
23.6039
23.4751
23.3602
21.5206
24.2976
23.9065
23.6692
23.5067
23.3880
23.2958
23.2203
23.1561
23.0999
23.0496
23.0014
20.7447
21.7388
22.6199
23.2302
23.6809
24.0460
23.9323
23.8411
23.7798
23.7400
23.7155
23.7022
23.6964
23.6957
23.6982
23.7028
23.7087
23.7153
24.1281
24.0491
23.9756
23.9244
23.8886
23.8637
23.8467
23.8317
23.8180
23.8050
23.7925
23.7802
23.7680
24.1647
24.0648
23.9713
23.8995
23.8423
23.7964
23.7583
23.7268
23.7001
23.6769
23.6563
23.6383
23.6204
24.0023
23.8982
23.8026
23.7277
23.6682
23.6218
23.5848
23.5546
23.5291
23.5070
23.4873
23.4692
23.4523
23.8256
23.7198
23.6237
26.1757
25.3729
23.4628
23.4402
23.4286
23.4230
23.4217
23.4235
23.4277
23.4336
25.8908
23.7828
25.3193
24.9769
24.8449
24.7940
24.7801
24.7836
24.7903
24.7976
24.8049
24.8122
24.8195
24.8267
24.7415
24.5794
24.4988
24.4634
24.4629
24.4440
24.4415
24.4014
24.4221
24.4141
24.4242
24.4332
24.5292
24.5279
24.5241
24.5210
24.5154
24.5142
24.5185
24.5433
24.5387
24.5394
24.5318
24.5520
24.5385
24.6045
24.6051
24.6328
24.6308
24.6354
24.6389
24.6407
24.6412
24.6409
24.6398
24.6381
24.6361
24.6340
24.6267
24.6220
24.6186
24.6159
24.6190
24.6210
24.5954
24.6006
24.5967
24.6006
24.6074
24.6109
24.6174
24.6213
24.6234
24.6235
24.6211
24.6191
24.6188
24.6161
24.6119
24.6138
24.6204
24.6381
24.6548
24.6719
24.6859
24.6935
24.6902
24.6910
24.6867
24.6812
24.6711
24.6578
24.6662
24.6486
24.6267
24.5824
24.5349
24.5390
24.5394
24.5979
24.5661
24.5608
24.5612
24.5555
24.5478
24.5485
24.5290
24.5150
24.5033
24.4923
24.4807
24.4720
24.4248
24.4182
24.4109
24.4058
24.4013
24.3769
24.3749
24.3837
24.3273
24.3598
24.3648
24.3668
24.3770
24.3858
24.3781
24.3778
24.3801
24.3834
24.4018
24.4125
24.4139
24.4163
24.4249
24.4303
24.4224
24.4134
24.4036
24.4061
24.3098
24.3052
24.2808
24.2650
24.2462
24.2318
24.2460
24.2149
24.2104
24.2029
24.1949
24.1873
24.1792
24.1725
24.1633
24.1535
24.1444
24.1379
24.1360
24.1497
24.1471
24.1456
24.1440
24.1421
24.1398
24.1385
24.1327
24.1264
24.0979
24.1111
24.1085
24.1049
24.1013
24.0976
24.0828
24.0817
24.0777
24.0810
24.0710
24.0632
24.0559
24.0495
24.0437
24.0384
24.0334
24.0289
24.0245
24.0065
24.0451
24.0508
24.0463
24.0439
24.0415
24.0391
24.0367
24.0343
24.0319
24.0296
24.0272
24.0249
24.0050
24.5105
24.8691
25.1329
25.3194
25.4513
25.1052
24.8583
24.6796
24.5414
24.4338
24.3506
24.2856
24.2346
24.1939
24.1659
24.1537
24.1429
24.5618
24.4663
24.3727
24.2998
24.2439
24.2007
24.1667
24.1395
24.0530
23.9870
23.9359
23.8960
23.8639
24.2560
24.1457
24.0467
23.9710
23.9134
23.8690
23.8340
23.8059
23.7828
23.7636
23.7471
23.7329
23.7206
24.1195
24.0240
23.9367
23.8698
23.8190
23.7798
23.7492
23.7247
23.7047
23.6886
23.6753
23.6642
23.6547
24.0515
23.9594
23.8753
23.8106
23.7611
23.7231
23.6932
23.6690
23.6497
23.6339
23.6207
23.6103
23.6003
23.9934
23.9015
23.8175
23.7523
23.7025
23.6638
23.6332
23.6093
23.5904
23.5753
23.5630
23.5526
23.5437
23.9347
26.1815
23.7740
23.7054
23.6642
23.6369
23.6194
23.6093
23.6047
23.6041
23.6065
23.6111
23.6391
25.8500
25.3423
24.9945
24.8457
24.8102
24.8105
24.8137
24.8181
24.8231
24.8283
24.8337
24.8390
24.7607
24.6230
24.5150
24.4632
24.4496
24.4406
24.4252
24.4429
24.3961
24.3991
24.4022
24.4248
24.5270
24.5711
24.5680
24.5788
24.6041
24.6207
24.6378
24.6504
24.6603
24.6652
24.6733
24.6799
24.7646
24.7641
24.7983
24.7962
24.8001
24.8022
24.8030
24.8041
24.8055
24.8070
24.8084
24.8098
24.7083
24.9446
25.1154
25.1878
25.2577
25.3012
25.3369
25.4170
25.4274
25.4397
25.4476
25.4525
25.4560
25.3794
25.3843
25.3798
25.3747
25.3710
25.3672
25.3096
25.3199
25.3260
25.3285
25.3361
25.3454
25.3594
25.3851
25.3976
25.4066
25.4128
25.4140
25.4164
25.4135
25.4103
25.4021
25.3914
25.4054
25.3868
25.3647
25.3052
25.2630
25.2735
25.2811
25.2865
25.2549
25.2598
25.2597
25.2576
25.2596
24.9848
24.7927
24.6462
24.5394
24.4925
24.4876
24.4864
24.4844
24.4814
24.4765
24.4723
24.4699
24.4673
24.4371
24.4060
24.4257
24.3913
24.4015
24.4094
24.4125
24.4220
24.4308
24.4295
24.4277
24.4250
24.4282
24.4293
24.4293
24.4262
24.4212
24.4129
24.3975
24.3818
24.3657
24.3490
24.2681
24.2613
24.2417
24.2252
24.2228
24.2139
24.2055
24.1975
24.1903
24.1826
24.1755
24.1682
24.1140
24.1136
24.1046
24.0961
24.0877
24.0843
24.0822
24.0804
24.0785
24.0765
24.0746
24.0727
24.0708
24.0690
24.0673
24.0655
24.0637
24.0620
24.0600
24.0583
24.0565
24.0548
24.0532
24.0508
24.0491
24.0475
24.0463
24.0451
24.0439
24.0427
24.0417
24.0407
24.0397
24.0387
24.0378
24.0369
24.0360
24.0352
24.0343
24.0334
24.0333
24.0325
24.0316
24.0308
24.0300
24.0292
24.0284
24.0277
24.0320
24.0315
24.0310
24.0304
24.0297
24.0290
24.0282
24.0274
24.0266
24.0257
24.0249
24.0240
24.0032
24.6601
24.2970
24.1483
24.0671
24.0533
24.0452
24.0390
24.0341
24.0301
24.0269
24.0242
24.0223
24.0031
24.4808
24.2715
24.1347
24.0622
24.0485
24.0402
24.0337
24.0284
24.0242
24.0207
24.0177
24.0152
24.0016
24.4503
24.2553
24.1178
24.0535
24.0402
24.0317
24.0250
24.0197
24.0154
24.0117
24.0087
24.0062
24.0014
24.4270
24.2397
24.1016
24.0450
24.0322
24.0239
24.0175
24.0123
24.0082
24.0047
24.0019
24.0018
24.0013
24.4169
24.2323
24.0931
24.0407
24.0280
24.0195
24.0129
24.0077
24.0035
24.0019
24.0019
24.0019
24.0014
24.4105
24.2273
24.0869
24.0380
24.0251
24.0163
24.0095
24.0042
24.0020
24.0019
24.0019
24.0019
24.0014
24.4169
24.2318
24.0929
24.0397
24.0273
24.0342
24.0340
24.0410
24.0505
24.0592
24.0665
24.0734
24.0800
24.0868
24.0939
24.1016
24.1102
24.1014
24.1110
24.1216
24.1326
24.1437
24.1549
24.1661
24.1746
24.1806
24.1846
24.1861
24.1866
24.1868
24.1868
24.1847
24.1825
24.1805
24.1785
24.1753
24.1777
24.1789
24.1815
24.1852
24.1895
24.1960
24.2053
24.2110
24.2170
24.2229
24.2302
24.2375
24.2435
24.2484
24.2524
24.2557
24.2586
24.2609
24.2628
24.2644
24.2656
24.2665
24.2671
24.2674
24.2672
24.2666
24.2655
24.2641
24.2623
24.2602
24.2577
24.2547
24.2514
24.2473
24.2428
24.2382
24.2332
24.2278
24.2232
24.2186
24.2140
24.2093
24.2049
24.2007
24.1967
24.1930
24.1897
24.1866
24.1845
24.1835
24.1832
24.1837
24.1847
24.1849
24.1853
24.1862
24.1876
24.1894
24.1914
24.1937
24.1960
24.1984
24.2008
24.2033
24.2057
24.2082
24.2100
24.2112
24.2118
24.2124
24.2127
24.2128
24.2122
24.2104
24.2079
24.2050
24.2016
24.1979
24.1939
24.1897
24.1851
24.1803
24.1752
24.1699
24.1649
24.1602
24.1558
24.1517
24.1477
24.1438
24.1401
24.1364
24.1328
24.1292
24.1257
24.1222
24.1184
24.1143
24.1099
24.1053
24.1005
24.1637
24.1586
24.1499
24.1417
24.1339
24.1292
24.1258
24.1226
24.1196
24.1167
24.1140
24.1114
24.0709
24.0696
24.0686
24.0673
24.0658
24.0641
24.0623
24.0604
24.0585
24.0566
24.0547
24.0528
24.0031
24.5764
24.3391
24.2060
24.1212
24.0791
24.0686
24.0612
24.0553
24.0503
24.0460
24.0423
24.0390
24.0016
24.5194
24.3033
24.1691
24.0819
24.0619
24.0527
24.0458
24.0402
24.0357
24.0319
24.0288
24.0261
24.0014
24.4903
24.2828
24.1477
24.0655
24.0511
24.0424
24.0357
24.0303
24.0259
24.0223
24.0192
24.0166
24.0014
24.4655
24.2653
24.1291
24.0560
24.0422
24.0336
24.0270
24.0216
24.0173
24.0136
24.0105
24.0079
24.0014
24.4395
24.2466
24.1087
24.0463
24.0330
24.0243
24.0175
24.0120
24.0075
24.0038
24.0019
24.0019
24.0014
24.4151
24.2297
24.0893
24.0383
24.0251
24.0161
24.0090
24.0033
24.0020
24.0020
24.0020
24.0020
24.0015
24.3937
24.2147
24.0713
24.0317
24.0183
24.0087
24.0023
24.0022
24.0022
24.0021
24.0021
24.0021
24.0016
24.3853
24.2124
24.0675
24.0296
24.0163
24.0068
24.0023
24.0022
24.0022
24.0022
24.0021
24.0021
24.0016
24.3866
24.2133
24.0680
24.0292
24.0157
24.0061
24.0023
24.0022
24.0022
24.0022
24.0021
24.0021
24.0016
24.3892
24.2150
24.0696
24.0295
24.0161
24.0067
24.0023
24.0021
24.0021
24.0021
24.0021
24.0021
24.0015
24.5263
24.3953
24.3213
24.2791
24.2539
24.2316
24.2093
24.1889
24.1702
24.1543
24.1422
24.1344
24.0025
24.6855
24.4622
24.3539
24.2951
24.2625
24.2459
24.2392
24.2381
24.2406
24.2454
24.2518
24.2593
24.0025
24.8912
24.6250
24.5145
24.4568
24.4250
24.4085
24.3999
24.3956
24.3940
24.3940
24.3949
24.3964
24.0023
25.0787
24.7497
24.6239
24.5547
24.5120
24.4856
24.4693
24.4593
24.4533
24.4499
24.4480
24.4472
24.0022
25.1727
24.8103
24.6696
24.5967
24.5503
24.5187
24.4959
24.4788
24.4655
24.4551
24.4446
24.4344
24.0020
25.1627
24.7786
24.6283
24.5440
24.4877
24.4480
24.4188
24.3964
24.3785
24.3637
24.3511
24.3402
24.0025
25.0623
24.6838
24.5457
24.4685
24.4194
24.3873
24.3661
24.3505
24.3395
24.3320
24.3273
24.3244
24.0025
25.1071
24.6906
24.5545
24.4798
24.4321
24.4013
24.3808
24.3655
24.3533
24.3430
24.3340
24.3259
24.0025
25.1041
24.6748
24.5329
24.4523
24.3996
24.3632
24.3373
24.3182
24.3036
24.2919
24.2821
24.2738
24.0019
25.0537
24.6177
24.4725
24.3915
24.3376
24.2995
24.2713
24.2496
24.2321
24.2172
24.2039
24.1921
24.0022
24.8441
24.5152
24.3788
24.2985
24.2440
24.2053
24.1765
24.1539
24.1354
24.1195
24.1056
24.0929
24.0025
24.6805
24.4068
24.2758
24.1952
24.1402
24.1010
24.0873
24.0800
24.0740
24.0689
24.0644
24.0604
24.0017
24.5726
24.3419
24.2084
24.1223
24.0796
24.0683
24.0603
24.0537
24.0482
24.0434
24.0392
24.0355
24.0016
24.5002
24.2916
24.1560
24.0705
24.0554
24.0462
24.0391
24.0334
24.0288
24.0249
24.0216
24.0189
24.0016
24.4676
24.2684
24.1330
24.0577
24.0437
24.0352
24.0285
24.0232
24.0189
24.0154
24.0124
24.0099
24.0015
24.4478
24.2542
24.1179
24.0496
24.0361
24.0277
24.0211
24.0158
24.0115
24.0080
24.0050
24.0025
24.0014
24.4294
24.2410
24.1035
24.0426
24.0295
24.0210
24.0144
24.0091
24.0048
24.0020
24.0019
24.0019
24.0014
24.5808
24.2469
24.0974
24.0386
24.0252
24.0164
24.0097
24.0043
24.0016
24.0015
24.0015
24.0015
24.0015
24.5901
24.2420
24.0861
24.0360
24.0228
24.0138
24.0069
24.0017
24.0020
24.0020
24.0016
24.0016
24.0015
24.5766
24.2491
24.0979
24.0602
24.0516
24.0462
24.0420
24.0445
24.0467
24.0486
24.0501
24.0514
24.0016
24.4662
24.2522
24.0715
24.0285
24.0150
24.0053
24.0018
24.0017
24.0017
24.0017
24.0017
24.0017
24.0016
24.5492
24.2158
24.0514
24.0237
24.0020
23.8328
23.7272
23.6481
23.5853
23.5400
23.5072
23.4837
23.4674
23.8561
23.7755
25.3436
25.3703
25.0909
24.9197
24.8318
24.7991
24.7884
24.7823
24.7788
24.7771
24.7775
24.7741
24.8219
24.7780
24.5362
24.4328
24.3704
24.3353
24.3087
24.2959
24.2675
24.2775
24.2685
24.2622
24.2671
24.3251
24.3196
24.2927
24.2760
24.2653
24.2562
24.2498
24.2564
24.2644
24.2760
24.2939
24.3157
24.3269
24.3943
24.4087
24.4431
24.4627
24.4881
24.5117
24.5281
24.5280
24.5352
24.5330
24.5495
24.5426
24.5417
24.5329
24.5247
24.5171
24.5102
24.5095
24.5103
24.5147
24.5041
24.5144
24.5174
24.5228
24.5551
24.5559
24.5626
24.5308
24.5399
24.5413
24.5405
24.5372
24.5307
24.5264
24.5235
24.5286
24.5409
24.5701
24.5830
24.5962
24.6037
24.6020
24.6037
24.6014
24.5977
24.5911
24.5897
24.6021
24.5784
24.5524
24.5185
24.4977
24.4844
24.4773
24.4730
24.4752
24.4732
24.4719
24.4533
24.4559
24.4120
24.4121
24.4090
24.4058
24.4479
24.4420
24.3949
24.3947
24.3901
24.3859
24.3806
24.3756
24.3727
24.3681
24.3675
24.3504
24.3756
24.3751
24.3842
24.3936
24.3932
24.3927
24.3869
24.3832
24.3800
24.3780
24.3740
24.3761
24.3832
24.3842
24.3770
24.3597
24.3407
24.3315
24.3053
24.2224
24.2069
24.2033
24.1931
24.1852
24.1778
24.1689
24.1612
24.1693
24.1428
24.1379
24.1449
24.1239
24.1240
24.1223
24.1208
24.1192
24.1175
24.1299
24.1269
24.1250
24.1225
24.1201
24.1167
24.1125
24.1095
24.1040
24.0770
24.0940
24.0922
24.0892
24.0858
24.0831
24.0803
24.0684
24.0685
24.0656
24.0625
24.0604
24.0580
24.0614
24.0544
24.0483
24.0430
24.0383
24.0342
24.0305
24.0075
24.0433
24.0447
24.0429
24.0415
24.0445
24.0416
24.0405
24.0393
24.0381
24.0370
24.0358
24.0347
24.0050
24.5736
24.9825
25.2807
25.4924
25.2013
24.9915
24.8440
24.7361
24.6522
24.5859
24.5341
24.4935
24.4608
24.4341
24.4119
24.3932
24.8191
24.7198
24.6260
24.5509
24.4922
24.4461
