24.4499
24.4448
24.3777
24.3298
24.2937
24.2653
24.2419
24.2220
24.2046
24.1888
24.1743
24.1607
24.1478
24.1372
24.1286
24.1213
24.1152
24.1099
24.1052
24.1009
24.0971
24.0936
24.0903
24.0872
24.0843
24.0815
24.0787
24.0759
24.0730
24.0701
24.0672
24.0641
24.0610
24.0578
24.0547
24.0515
24.0483
24.0452
24.0422
24.0393
24.0364
24.0336
24.0308
24.0282
24.0257
24.0234
24.0211
24.0191
24.0171
24.0150
24.0129
24.0106
24.0083
24.0059
24.0035
24.0011
23.9987
23.9963
23.9938
23.9913
23.9887
23.6052
23.3237
23.1205
22.9625
22.8409
22.7476
22.6755
22.6191
22.5744
22.5386
22.5427
22.5600
22.5888
22.7072
22.8074
22.8893
22.9570
23.0131
23.0602
23.1001
23.1345
23.1643
23.1904
23.2138
23.2455
23.4224
23.5633
23.6742
23.7583
23.8227
23.8879
23.9987
24.0061
24.0076
24.0083
24.0088
24.0040
24.0035
24.0022
24.0012
24.0004
23.9998
23.9993
23.9990
23.9986
23.9984
23.9965
23.9990
23.9976
23.9989
24.0003
24.0008
24.0002
23.9997
23.9993
23.9989
23.9987
23.9985
23.9983
23.9982
23.9982
23.9982
23.9963
23.9982
24.0000
24.0015
24.0028
24.0037
24.0045
24.0050
24.0055
24.0060
24.0064
24.0072
24.0077
24.0081
24.0085
24.0087
24.0090
24.0092
24.0095
24.0098
24.0101
24.1637
24.3873
24.8519
25.2261
25.6095
25.8913
26.0223
26.0947
26.1327
26.1167
26.0003
25.9196
25.7171
25.4136
25.0335
24.7191
24.4753
24.3144
24.1627
24.0593
24.0169
24.0123
24.0113
24.0070
24.0058
24.0048
24.0031
24.0022
24.0015
24.0009
24.0004
24.0000
23.9997
23.9995
23.9994
23.9992
23.9991
23.9990
23.9989
23.9988
23.9987
23.9976
23.9997
23.9995
23.9992
23.9990
23.9989
23.9987
23.9986
23.9985
23.9982
23.9983
23.9984
23.9985
23.9986
23.9986
23.9987
23.9986
23.9986
23.9986
23.9986
23.9985
23.9999
24.0007
24.0015
24.0022
24.0028
24.0034
24.0038
24.0042
24.0045
24.0047
24.0049
24.0053
24.0049
24.0050
24.0051
24.0052
24.0052
24.0053
24.0053
24.0055
24.0056
24.0057
24.0056
24.0056
23.9491
23.9033
23.8649
23.8314
23.8155
23.8062
23.7951
23.7815
23.7654
24.0023
24.0153
24.0162
24.0168
24.0171
24.0169
24.0171
24.0171
24.0170
24.0163
24.0161
24.0155
24.0153
24.0149
24.0149
24.0135
24.0132
23.8891
23.7793
23.6863
23.6081
23.5420
23.4856
23.4372
23.3954
23.3588
23.7347
23.9541
24.1049
24.2096
24.2828
24.3344
24.3710
24.3970
24.4155
24.4287
24.4381
24.4446
24.4491
24.4520
24.4537
24.4545
24.4547
24.4545
24.4540
24.4533
24.4514
24.4495
24.4599
24.4704
24.4767
24.4182
24.3786
24.3533
24.3382
24.3314
23.9388
23.6562
23.4590
23.3116
23.2015
23.1210
23.0639
23.0244
22.9978
22.9810
22.9714
22.9671
23.3514
23.6648
23.9109
23.7135
23.5558
23.4372
23.3492
23.2859
23.2411
23.2100
23.1890
23.1754
23.1675
23.1635
23.1624
23.5566
23.4897
23.4206
23.3704
23.3348
23.3097
23.2924
23.2805
23.2735
23.2701
23.2695
23.2710
23.2739
23.6706
23.6021
23.5342
23.4819
23.4432
23.4145
23.3930
23.3778
23.3673
23.3604
23.3562
23.3538
23.3528
23.7476
23.6814
23.6015
23.5474
23.5094
23.4821
23.4627
23.4498
23.4419
23.4377
23.4360
23.4781
23.5339
23.5942
23.7220
23.8217
23.8999
23.9614
24.0117
24.0515
24.0825
24.1068
24.1258
24.1408
24.1526
24.0022
23.9984
23.9991
23.9999
24.0006
24.0013
24.0020
24.0056
24.0070
24.0080
24.0087
24.0092
24.0047
24.0040
24.0027
24.0017
24.0009
24.0004
23.9999
23.9996
23.9993
23.9991
23.9989
23.9980
23.9999
24.0018
24.0019
24.0014
24.0009
24.0004
24.0001
23.9999
23.9997
23.9996
23.9994
23.9993
23.9993
23.9988
24.0009
24.0028
24.0043
24.0055
24.0063
24.0042
24.0032
24.0025
24.0018
24.0014
24.0010
24.0008
24.0007
24.0007
24.0006
24.0006
24.0006
24.0006
24.0005
24.0005
24.0319
24.1809
24.4939
24.9468
25.3271
25.6859
26.0533
26.2559
26.3627
26.4429
26.4382
26.3583
26.2132
26.0661
25.8283
25.6107
25.3051
25.0426
24.8159
24.6717
24.5911
24.5755
24.5816
24.5882
24.5631
24.5588
24.5653
24.3472
24.2307
24.1824
24.1656
24.1551
24.1443
24.1314
24.0145
24.0060
24.0047
24.0039
24.0033
24.0028
24.0039
24.0033
24.0028
24.0023
24.0020
24.0017
24.0015
24.0013
24.0012
24.0010
24.0009
24.0009
24.0011
24.0012
24.0013
24.0014
24.0014
24.0014
24.0014
24.0013
24.0013
24.0012
24.0015
24.0022
24.0030
24.0037
24.0043
24.0048
24.0052
24.0057
24.0061
24.0063
24.0065
24.0067
24.0068
24.0064
24.0067
24.0068
24.0069
24.0070
24.0070
24.0070
24.0071
24.0072
24.0075
24.0075
24.0076
24.0069
24.0068
24.0068
24.0069
24.0069
24.0069
24.0070
24.0071
24.0071
24.0156
24.0158
24.0155
24.0157
24.0154
24.0153
24.0150
24.0148
24.0147
24.0146
24.0145
24.0138
24.0134
24.0134
24.0130
24.0115
24.0111
24.0108
24.0045
24.0044
24.0044
24.0044
24.0045
24.0046
24.0046
24.0047
24.4930
24.8418
25.0913
25.2690
25.3957
25.0495
24.8023
24.6249
24.4921
24.3867
24.3045
24.2402
24.1902
24.1511
24.1204
24.0959
24.0763
24.4887
24.3951
24.3026
24.2310
24.1768
24.1357
24.1042
24.0800
23.9982
23.9359
23.8882
23.8513
23.8223
24.2182
24.1156
24.0213
23.9498
23.8958
23.8547
23.8234
23.7994
23.7808
23.7664
23.7551
23.7463
23.7395
24.1479
24.0620
23.9811
23.9206
23.8756
23.8410
23.8136
23.7917
23.7736
23.7584
23.7454
23.7339
23.7237
24.1276
24.0367
23.9511
23.8849
23.8340
23.7941
23.7627
23.7373
23.7163
23.6982
23.6835
23.6702
23.6587
24.0557
23.9649
23.8798
23.8136
23.7628
23.7231
23.6915
23.6658
23.6451
23.6281
23.6140
23.6021
23.5917
23.9849
23.8951
23.8222
23.7483
23.7001
23.6646
23.6374
23.6170
23.6017
23.5902
23.5816
23.5750
23.6190
24.0695
24.0432
24.0820
24.1152
24.1377
24.1543
24.1658
24.1745
24.1818
24.1884
24.1946
24.2008
24.2070
24.0040
23.9986
23.9992
24.0000
24.0007
24.0014
24.0021
24.0058
24.0071
24.0081
24.0087
24.0093
24.0048
24.0041
24.0028
24.0033
24.0042
24.0051
24.0058
24.0066
24.0072
24.0076
24.0045
24.0057
24.0037
24.0046
24.0054
24.0062
24.0068
24.0073
24.0076
24.0079
24.0081
24.0083
24.0083
24.0084
24.0085
24.0052
24.0039
24.0029
24.0036
24.0047
24.0057
24.0064
24.0071
24.0077
24.0081
24.0083
24.0085
24.0091
24.0094
24.0151
24.0159
24.0452
24.0717
24.0638
24.0515
24.0541
24.1448
24.2642
24.6141
25.0640
25.4696
25.8647
26.1999
26.3992
26.5048
26.5274
26.5093
26.4681
26.3877
26.2632
25.9722
25.6039
25.3543
25.1246
24.9438
24.7978
24.7384
24.7095
24.6907
24.7051
24.7029
24.6995
24.7119
24.0671
24.0112
24.0066
24.0056
24.0051
24.0047
24.0043
24.0040
24.0038
24.0037
24.0036
24.0035
24.1307
24.2251
24.3069
24.3752
24.0356
24.0081
24.0059
24.0055
24.0052
24.0051
24.0049
24.0047
24.0050
24.0053
24.0055
24.0056
24.0057
24.0057
24.0057
24.0057
24.0055
24.0054
24.0053
24.0054
24.0052
24.0058
24.0064
24.0067
24.0070
24.0072
24.0073
24.0075
24.0079
24.0079
24.0079
24.0079
24.0073
24.0073
24.0073
24.0075
24.0075
24.0075
24.0074
24.0074
24.0074
24.0075
24.0075
24.0077
24.0070
24.0070
24.0070
24.0071
24.0071
24.0071
24.0071
24.0070
24.0070
24.0152
24.0155
24.0154
24.0154
24.0155
24.0154
24.0151
24.0148
24.0146
24.0145
24.0144
24.0140
24.0137
24.0134
24.0128
24.0115
24.0050
24.0048
24.0047
24.0048
24.0048
24.0049
24.0049
24.0049
24.0049
24.0049
24.5226
24.8977
25.1686
25.3615
25.5102
25.1816
24.9492
24.7850
24.6646
24.5712
24.4975
24.4400
24.3945
24.3578
24.3279
24.3030
24.2822
24.7009
24.6010
24.5058
24.4295
24.3702
24.3238
24.2869
24.2576
24.1707
24.1042
24.0531
24.0132
23.9816
24.3793
24.2718
24.1730
24.0979
24.0408
23.9971
23.9629
23.9356
23.9134
23.8950
23.8795
23.8661
23.8544
24.2633
24.1677
24.0786
24.0106
23.9588
23.9176
23.8842
23.8564
23.8327
23.8120
23.7934
23.7764
23.7605
24.1628
24.0631
23.9702
23.8970
23.8397
23.7942
23.7569
23.7263
23.6990
23.6752
23.6544
23.6357
23.6188
24.0060
23.9082
23.8178
23.7458
23.6891
23.6432
23.6059
23.5755
23.5502
23.5286
23.5097
23.4929
23.4774
23.8567
23.7593
23.6810
23.6045
23.5565
23.5236
23.5012
23.4861
23.4764
23.4706
23.4676
23.4667
23.5107
23.9581
23.9244
23.9626
24.0013
24.0398
24.0779
24.1143
24.1486
24.1811
24.2118
24.2410
24.2690
24.2956
24.0078
23.9987
23.9992
24.0000
24.0008
24.0016
24.0023
24.0061
24.0074
24.0084
24.0089
24.0094
24.0051
24.0044
24.0032
24.0022
24.0015
24.0009
24.0004
24.0001
24.0019
24.0034
24.0027
24.0033
24.0045
24.0055
24.0037
24.0027
24.0020
24.0014
24.0010
24.0007
24.0004
24.0002
24.0001
24.0000
23.9999
23.9998
23.9995
24.0015
24.0033
24.0046
24.0057
24.0066
24.0072
24.0076
24.0081
24.0085
24.0087
24.0628
24.0863
24.0980
24.1265
24.1352
24.1588
24.1526
24.1456
24.1343
24.1716
24.4412
24.7403
25.1745
25.5569
25.9704
26.2641
26.4292
26.5333
26.5713
26.5226
26.4116
26.2837
26.1030
25.9015
25.6506
25.3724
25.1825
24.9620
24.8181
24.7447
24.7230
24.7307
24.7281
24.7286
24.7358
24.7330
24.0690
24.0113
24.0067
24.0057
24.0051
24.0045
24.0042
24.0039
24.0036
24.0034
24.0032
24.0032
24.0031
24.0968
24.1705
24.2236
24.0212
24.0061
24.0048
24.0044
24.0040
24.0038
24.0036
24.0034
24.0035
24.0036
24.0037
24.0037
24.0037
24.0036
24.0035
24.0034
24.0033
24.0031
24.0030
24.0031
24.0034
24.0041
24.0047
24.0053
24.0058
24.0061
24.0063
24.0067
24.0069
24.0070
24.0073
24.0073
24.0070
24.0070
24.0071
24.0071
24.0071
24.0071
24.0074
24.0075
24.0075
24.0075
24.0075
24.0075
24.0067
24.0068
24.0069
24.0071
24.0071
24.0072
24.0072
24.0071
24.0071
24.0158
24.0158
24.0155
24.0155
24.0151
24.0151
24.0150
24.0148
24.0146
24.0140
24.0139
24.0135
24.0132
24.0129
24.0125
24.0116
24.0050
24.0048
24.0048
24.0048
24.0048
24.0048
24.0048
24.0048
24.0048
24.0049
24.5029
24.8653
25.1222
25.3051
25.4366
25.0934
24.8505
24.6771
24.5479
24.4462
24.3676
24.3069
24.2597
24.2224
24.1927
24.1687
24.1509
24.5811
24.4977
24.4132
24.3474
24.2969
24.2583
24.2281
24.2044
24.1212
24.0581
24.0101
23.9732
23.9445
24.3432
24.2385
24.1421
24.0690
24.0138
23.9717
23.9391
23.9136
23.8933
23.8769
23.8634
23.8521
23.8428
24.2538
24.1620
24.0753
24.0097
23.9602
23.9227
23.8942
23.8722
23.8551
23.8416
23.8310
23.8224
23.8156
24.2290
24.1408
24.0573
23.9943
23.9469
23.9109
23.8832
23.8616
23.8445
23.8308
23.8195
23.8102
23.8026
24.2147
24.1258
24.0415
23.9776
23.9297
23.8938
23.8666
23.8458
23.8299
23.8176
23.8081
23.8007
23.7950
24.2096
24.1240
24.0528
23.9835
23.9372
23.9048
23.8812
23.8638
23.8510
23.8417
23.8350
23.8304
23.9029
24.4106
24.4021
24.4631
24.5147
24.5517
24.5783
24.5946
24.6066
24.6162
24.6235
24.6293
24.6342
24.6386
24.0272
23.9993
23.9990
23.9995
23.9999
24.0004
24.0009
24.0013
24.0017
24.0020
24.0024
24.0028
24.0032
24.0037
24.0042
24.0046
24.0050
24.0054
24.0057
24.0060
24.0062
24.0064
24.0066
24.0070
24.0072
24.0081
24.0082
24.0083
24.0083
24.0084
24.0084
24.0085
24.0087
24.0088
24.0088
24.0088
24.0088
24.0086
24.0086
24.0086
24.0087
24.0088
24.0088
24.0088
24.0088
24.0088
24.0088
24.0088
24.0087
24.0092
24.0093
24.0093
24.0092
24.0092
24.0091
24.0091
24.0090
24.0091
24.0091
24.0091
24.0090
24.0086
24.0086
24.0086
24.0086
24.0087
24.0088
24.0088
24.0088
24.0088
24.0088
24.0088
24.0088
24.0088
24.0090
24.0090
24.0091
24.0091
24.0091
24.0092
24.0092
24.0093
24.0093
24.0095
24.0096
24.0092
24.0092
24.0093
24.0094
24.0094
24.0094
24.0094
24.0094
24.0094
24.0095
24.0095
24.0095
24.0092
24.0091
24.0091
24.0091
24.0090
24.0090
24.0091
24.0091
24.0091
24.0093
24.0094
24.0094
24.0095
24.0096
24.0096
24.0096
24.0096
24.0095
24.0095
24.0094
24.0093
24.0092
24.0093
24.5901
24.8831
25.0750
25.2036
25.2874
25.3446
25.3802
25.3995
25.4077
25.4047
25.3919
25.3707
25.8428
25.7190
25.5916
25.4845
25.3878
25.2968
25.2166
25.1463
25.0840
25.0280
24.9836
24.9514
24.9197
25.2570
25.0596
24.8884
24.7531
24.6455
24.5588
24.4878
24.4283
24.3774
24.3330
24.2935
24.2609
24.2337
24.6429
24.5327
24.4302
24.3533
24.2948
24.2499
24.2149
24.1872
24.1649
24.1467
24.1315
24.1186
24.1075
24.5258
24.4291
24.3373
24.2687
24.2170
24.1777
24.1473
24.1235
24.1046
24.0898
24.0783
24.0693
24.0622
24.4834
24.3925
24.3061
24.2422
24.1949
24.1598
24.1337
24.1141
24.0983
24.0852
24.0739
24.0641
24.0554
24.4744
24.3811
24.2915
24.2239
24.1723
24.1325
24.1013
24.0767
24.0571
24.0411
24.0278
24.0167
24.0071
24.4242
24.3313
24.2425
24.1755
24.1247
24.0858
24.0554
24.0312
24.0116
23.9953
23.9816
23.9698
23.9595
24.3741
24.2805
24.1913
24.1234
24.0715
24.0315
24.0001
23.9751
23.9548
23.9380
23.9238
23.9115
23.9008
24.3132
24.2198
24.1312
24.0634
24.0116
23.9715
23.9401
23.9150
23.8945
23.8776
23.8633
23.8509
23.8401
24.2504
24.1577
24.0698
24.0023
23.9506
23.9107
23.8793
23.8543
23.8338
23.8168
23.8024
23.7900
23.7790
24.1875
24.0954
24.0100
23.9456
23.8979
23.8626
23.8363
23.8169
23.8026
23.7922
23.7845
23.7791
23.8584
24.3786
24.3672
24.3894
24.4142
24.4319
24.4422
24.4479
24.4536
24.4579
24.4613
24.4649
24.4696
24.4753
24.9285
24.8548
24.7765
24.7246
24.6896
24.6670
24.6536
24.6475
24.6469
24.6505
24.6558
24.6630
24.6731
25.1390
25.0682
24.9928
24.9445
24.9141
24.8960
24.8867
24.8838
24.8855
24.8903
24.8975
24.9060
24.9155
25.3865
25.3070
25.2229
25.1666
25.1296
25.1069
25.0950
25.0910
25.0931
25.0996
25.1099
25.1230
25.1384
25.6235
25.5483
25.4681
25.4190
25.3890
25.3722
25.3684
25.3723
25.3810
25.3902
25.4236
25.4502
25.4717
25.9697
25.8909
25.7980
25.7377
25.7077
25.6865
25.6760
25.6699
25.6663
25.6643
25.6633
25.6712
25.6809
26.1780
26.0896
25.9860
25.9136
25.8588
25.8160
25.7813
25.7512
25.7600
25.7604
25.7542
25.7430
25.7278
26.2040
26.0933
25.9784
25.8950
25.8481
25.8155
25.7904
25.7333
25.6902
25.6578
25.6331
25.6141
25.6000
26.0748
25.9755
25.8674
25.7948
25.7442
25.7087
25.6600
25.6259
25.6028
25.5876
25.5823
25.5738
25.5620
26.0305
25.9136
25.7901
25.6978
25.6241
25.5628
25.5101
25.4630
25.4197
25.3789
25.3413
25.3069
25.2751
25.7164
25.5937
25.4696
25.3853
25.3161
25.2566
25.2038
25.1561
25.1118
25.0706
25.0317
24.9945
24.9586
25.3839
25.2571
25.1266
24.9756
24.8563
24.7603
24.6813
24.6145
24.5576
24.5084
24.4650
24.4260
24.3904
24.7943
24.6683
24.5491
24.4580
24.3853
24.3259
24.2760
24.2330
24.1950
24.1607
24.1292
24.0997
24.0718
24.4733
24.3608
24.2578
24.1812
24.1231
24.0781
24.0427
24.0143
23.9910
23.9716
23.9551
23.9408
23.9279
24.3379
24.2373
24.1433
24.0728
24.0190
23.9772
23.9441
23.9171
23.8947
23.8756
23.8591
23.8449
23.8325
24.2410
24.1438
24.0533
23.9857
23.9346
23.8954
23.8649
23.8405
23.8208
23.8044
23.7896
23.7759
23.7632
24.1634
24.0671
23.9767
23.9075
23.8540
23.8119
23.7779
23.7497
23.7259
23.7055
23.6879
23.6721
23.6578
24.0488
23.9524
23.8623
23.7925
23.7381
23.6948
23.6599
23.6318
23.6116
23.5921
23.5756
23.5614
23.5488
23.9347
23.8455
23.7522
23.6829
23.6290
23.5873
23.5548
23.5288
23.5074
23.4892
23.4732
23.4589
23.4458
23.8255
23.7345
23.6397
23.5681
23.5133
23.4716
23.4391
23.4131
23.3918
23.3737
23.3579
23.3438
23.3309
23.7054
23.6140
23.5188
23.4474
23.3946
23.3546
23.3236
23.2990
23.2788
23.2617
23.2468
23.2335
23.2214
23.5915
23.4985
23.4015
23.3318
23.2954
23.2561
23.2374
23.2273
23.2229
23.2225
23.2250
23.2296
23.2359
23.6271
23.5990
23.5701
23.5875
23.6943
23.7815
23.8563
23.9205
23.9759
24.0235
24.0648
24.1011
24.1333
24.1623
24.1886
24.0037
23.9986
23.9993
24.0000
24.0007
24.0014
24.0020
24.0026
24.0068
24.0080
24.0086
24.0091
24.0048
24.0040
24.0028
24.0018
24.0011
24.0005
24.0001
23.9997
23.9995
23.9992
23.9984
24.0003
24.0021
24.0036
24.0029
24.0037
24.0028
24.0021
24.0015
24.0010
24.0006
24.0004
24.0001
23.9999
23.9998
23.9997
23.9997
23.9994
24.0014
24.0031
24.0045
24.0034
24.0026
24.0020
24.0016
24.0012
24.0009
24.0007
24.0008
24.0008
24.0008
24.0008
24.0014
24.0032
24.0047
24.0059
24.1973
24.4760
24.8252
25.3368
25.7424
26.1252
26.4110
26.5682
26.6257
26.6346
26.6151
26.4621
26.2956
26.0969
25.8051
25.4564
25.2602
25.1041
24.8631
24.7698
24.7297
24.7045
24.7006
24.7171
24.6917
24.6790
24.6990
24.0650
24.0109
24.0065
24.0056
24.0050
24.0045
24.0041
24.0037
24.0034
24.0031
24.0029
24.0027
24.0039
24.0052
24.0040
24.0054
24.0039
24.0032
24.0027
24.0022
24.0019
24.0016
24.0013
24.0011
24.0010
24.0011
24.0013
24.0013
24.0013
24.0013
24.0014
24.0013
24.0013
24.0013
24.0013
24.0015
24.0022
24.0032
24.0040
24.0046
24.0052
24.0057
24.0060
24.0064
24.0067
24.0069
24.0070
24.0071
24.0067
24.0067
24.0069
24.0070
24.0070
24.0071
24.0071
24.0071
24.0071
24.0071
24.0073
24.0074
24.0066
24.0066
24.0066
24.0066
24.0066
24.0067
24.0067
24.0067
24.0067
24.0069
24.0155
24.0155
24.0152
24.0150
24.0148
24.0146
24.0143
24.0140
24.0138
24.0133
24.0132
24.0130
24.0124
24.0122
24.0110
24.0106
24.0101
24.0098
24.0042
24.0040
24.0040
24.0041
24.0041
24.0041
24.0041
24.0470
24.0647
24.0783
24.0865
24.0906
24.0919
24.0912
24.0890
24.0863
24.0824
24.0781
24.0735
24.4961
24.4019
24.3112
24.2399
24.1847
24.1414
24.1066
24.0783
24.0545
24.0343
24.0164
24.0007
22.6529
23.3460
22.2238
21.5322
21.1223
20.8783
20.7309
20.6335
20.5635
20.5096
20.4658
20.4288
20.3965
20.3676
21.6178
21.1235
20.7146
20.5103
20.3988
20.3319
20.2874
20.2547
20.2286
20.2066
20.1876
20.1705
20.1549
21.3835
20.9193
20.5268
20.3336
20.2309
20.1716
20.1338
20.1072
20.0868
20.0693
20.0538
20.0394
20.0260
21.2358
20.7867
20.3997
20.2090
20.1077
20.0493
20.0124
19.9866
19.9672
19.9515
19.9382
19.9264
19.9157
21.1108
20.6771
20.2959
20.1086
20.0101
19.9542
19.9195
19.8990
19.8865
19.8786
19.8735
19.8704
19.8686
21.0658
20.6428
20.2741
20.0979
20.0717
20.0864
20.0817
20.1714
20.2261
20.2645
20.2935
20.3169
20.3366
20.3538
20.3692
20.3833
20.3963
20.4085
24.1184
26.4957
26.6678
26.6717
26.6722
26.6727
26.6734
26.7929
26.9518
27.1087
27.2240
27.3119
27.4132
27.6826
27.8696
28.0049
28.1085
27.4722
27.0769
26.8237
26.6730
26.6699
27.2780
27.7134
28.0036
28.2466
28.3958
27.7838
27.4009
27.1542
26.9840
26.8620
26.7923
26.7528
27.4675
27.9535
28.2707
27.7892
27.4789
27.2770
27.8793
28.3005
28.5925
28.7937
28.9343
29.0366
29.1520
29.2477
29.3166
29.4449
29.5401
28.8827
28.4520
28.1637
27.9761
28.6170
29.0287
29.2717
29.5318
29.6952
29.6991
29.6999
29.7009
29.7023
29.7038
29.7052
29.7063
29.7071
29.7076
29.7077
29.7074
29.7068
29.7060
29.7048
29.7037
29.7030
29.7023
29.7018
29.7014
29.7011
29.7009
29.7007
29.7006
29.7004
29.7004
29.7003
29.7001
29.6999
29.6998
29.6997
29.6996
29.6995
29.0579
28.6100
28.2934
28.0734
27.9167
27.7815
28.4207
28.1127
28.6242
28.2528
27.9848
27.7943
27.6522
27.5422
27.4780
27.4329
27.3923
27.4769
27.5283
27.5811
27.6178
27.6332
27.6289
27.6372
27.6395
27.6256
27.5977
27.5860
27.5717
27.3423
27.1669
27.0272
26.9260
26.8472
26.7759
26.7080
26.6711
26.6708
26.6711
26.6712
26.6715
26.6727
26.6732
26.6736
26.6740
26.6745
26.6748
26.6748
26.6751
26.6754
26.6758
26.6762
26.6766
26.6785
26.6789
26.6791
26.6791
26.6793
26.6795
26.6797
26.6799
26.6800
27.0032
27.2793
27.4711
27.6597
27.8057
27.9402
28.0534
28.1324
28.1886
28.2146
28.2362
28.2538
28.2384
28.2163
28.1888
28.0899
28.0221
27.9639
27.9253
27.1639
26.6814
26.6798
26.6803
26.6807
26.6810
26.6813
25.3057
24.2765
23.5653
23.0904
22.7472
22.4846
22.2711
22.0899
21.9312
21.7894
21.6610
21.5435
22.7476
22.0391
21.6571
21.4223
21.2603
21.1363
21.0415
20.9617
20.8879
20.8361
20.7955
20.7613
20.7317
21.9816
21.4272
20.9902
20.7716
20.6519
20.5796
20.5312
20.4954
20.4669
20.4428
20.4215
20.4017
20.3830
21.6448
21.1561
20.7528
20.5530
20.4454
20.3817
20.3399
20.3096
20.2855
20.2651
20.2468
20.2301
20.2144
21.4520
20.9845
20.5886
20.3927
20.2877
20.2261
20.1861
20.1573
20.1346
20.1156
20.0988
20.0836
20.0694
21.2854
20.8349
20.4447
20.2519
20.1489
20.0891
20.0509
20.0240
20.0031
19.9856
19.9702
19.9563
19.9432
21.1408
20.7031
20.3213
20.1302
20.0282
19.9692
19.9316
19.9106
19.8991
19.8933
19.8912
19.8914
19.8934
21.0983
20.6782
20.3133
20.1416
20.1121
20.1257
20.1265
20.2244
20.2866
20.3329
20.3700
20.4012
20.4271
20.4493
20.4691
20.4872
20.5041
20.5201
24.2288
26.5132
26.6683
26.6716
26.6720
26.6727
26.6732
26.8716
27.0846
27.2761
27.4163
27.5219
27.6170
27.1420
26.8312
26.6733
26.6703
26.6701
26.6700
27.2866
27.7405
27.3194
27.0389
27.5968
27.2493
27.8023
28.1922
28.4481
28.6217
28.7537
28.8713
28.9633
29.0320
29.0841
29.1428
29.2024
29.2498
28.5682
28.1159
28.5766
28.8923
29.1026
29.2361
29.3352
29.4348
29.5067
29.5427
29.5682
29.6082
29.6975
29.6992
29.6993
29.6993
29.6994
29.6994
29.6995
29.6995
29.6995
29.6995
29.6994
29.6996
29.6999
29.7007
29.7021
29.7035
29.7051
29.7063
29.7072
29.7078
29.7081
29.7081
29.7076
29.7067
29.7057
29.7046
29.7035
29.7027
29.7021
29.7016
29.7012
29.7009
29.7007
29.7005
29.3117
29.0368
28.6354
28.3513
28.1593
28.0264
27.9220
27.8374
27.7682
27.7237
27.7093
27.7013
27.6924
27.6822
27.6672
28.4328
28.2438
28.8442
28.5325
28.2974
28.1467
28.0362
27.9412
27.8531
27.7615
27.6853
27.7475
27.7660
27.7410
27.6955
27.6581
27.6182
27.5718
27.5251
27.5035
27.4812
27.4492
27.4110
27.1947
27.0399
26.9207
26.8281
26.7507
26.6806
26.6705
26.6705
26.6707
26.6710
26.6714
26.6717
26.6730
26.6731
26.6734
26.6738
26.6743
26.6747
26.6751
26.6755
26.6758
26.6759
26.6760
26.6763
26.6782
26.6785
26.6788
26.6789
26.6791
26.6792
26.6794
26.6794
26.6792
26.6792
27.0406
27.3265
27.5624
27.7714
27.9124
28.0247
28.1026
28.1575
28.2040
28.2510
28.2713
28.2866
28.2829
28.2520
28.1242
28.0302
27.2204
26.6819
26.6798
26.6803
26.6807
26.6811
26.6813
26.6816
26.6815
25.3230
24.2898
23.5666
23.0910
22.7519
22.4897
22.2739
22.0876
21.9228
21.7753
21.6423
21.5206
22.6934
22.0178
21.6486
21.4244
21.2724
21.1585
21.0664
20.9878
20.9183
20.8556
20.7980
20.7447
21.7388
22.6199
23.2302
23.6809
24.0460
23.9323
23.8411
23.7798
23.7400
23.7155
23.7022
23.6964
23.6957
23.6982
23.7028
23.7087
23.7153
24.1281
24.0491
23.9756
23.9244
23.8886
23.8637
23.8467
23.8317
23.8180
23.8050
23.7925
23.7802
23.7680
24.1647
24.0648
23.9713
23.8995
23.8423
23.7964
23.7583
23.7268
23.7001
23.6769
23.6563
23.6383
23.6204
24.0023
23.8982
23.8026
23.7277
23.6682
23.6218
23.5848
23.5546
23.5291
23.5070
23.4873
23.4692
23.4523
23.8256
23.7198
23.6237
23.5480
23.5049
23.4628
23.4402
23.4286
23.4230
23.4217
23.4235
23.4277
23.4336
23.8308
23.7828
23.7302
23.7343
23.8298
23.9121
23.9837
24.0466
24.1023
24.1535
24.1998
24.2417
24.2805
24.3166
24.3504
24.0106
23.9988
23.9993
24.0001
24.0009
24.0017
24.0024
24.0062
24.0076
24.0087
24.0093
24.0097
24.0055
24.0047
24.0035
24.0025
24.0018
24.0012
24.0008
24.0005
24.0002
24.0000
23.9998
24.0010
24.0014
24.0030
24.0043
24.0034
24.0027
24.0022
24.0017
24.0014
24.0011
24.0009
24.0008
24.0007
24.0006
24.0005
24.0005
24.0005
24.0005
24.0005
24.0005
24.0005
24.0010
24.0029
24.0116
24.0319
24.0406
24.1288
24.1888
24.2323
24.2542
24.2405
24.2494
24.3008
24.3238
24.3285
24.4468
24.6505
24.9832
25.3986
25.8853
26.2858
26.5248
26.6676
26.7352
26.7648
26.7448
26.6276
26.4409
26.1903
25.9790
25.6815
25.4418
25.2303
25.0877
24.9568
24.8962
24.8947
24.8891
24.8809
24.8681
24.8551
24.8342
24.6022
24.4815
24.4096
24.3596
24.3218
24.3167
24.3166
24.0303
24.0080
24.0058
24.0051
24.0045
24.0733
24.1310
24.0137
24.1128
24.0128
24.0054
24.0046
24.0042
24.0040
24.0038
24.0037
24.0037
24.0040
24.0043
24.0046
24.0049
24.0051
24.0053
24.0054
24.0055
24.0055
24.0054
24.0054
24.0056
24.0054
24.0060
24.0065
24.0070
24.0073
24.0075
24.0078
24.0079
24.0079
24.0080
24.0081
24.0081
24.0076
24.0075
24.0075
24.0074
24.0073
24.0075
24.0074
24.0075
24.0075
24.0075
24.0075
24.0075
24.0068
24.0069
24.0071
24.0072
24.0072
24.0071
24.0071
24.0071
24.0071
24.0150
24.0153
24.0153
24.0151
24.0154
24.0152
24.0150
24.0147
24.0145
24.0144
24.0143
24.0140
24.0135
24.0130
24.0129
24.0053
24.0050
24.0049
24.0049
24.0049
24.0050
24.0050
24.0050
24.0050
24.0050
24.0050
24.5105
24.8691
25.1329
25.3194
25.4513
25.1052
24.8583
24.6796
24.5414
24.4338
24.3506
24.2856
24.2346
24.1939
24.1659
24.1537
24.1429
24.5618
24.4663
24.3727
24.2998
24.2439
24.2007
24.1667
24.1395
24.0530
23.9870
23.9359
23.8960
23.8639
24.2560
24.1457
24.0467
23.9710
23.9134
23.8690
23.8340
23.8059
23.7828
23.7636
23.7471
23.7329
23.7206
24.1195
24.0240
23.9367
23.8698
23.8190
23.7798
23.7492
23.7247
23.7047
23.6886
23.6753
23.6642
23.6547
24.0515
23.9594
23.8753
23.8106
23.7611
23.7231
23.6932
23.6690
23.6497
23.6339
23.6207
23.6103
23.6003
23.9934
23.9015
23.8175
23.7523
23.7025
23.6638
23.6332
23.6093
23.5904
23.5753
23.5630
23.5526
23.5437
23.9347
23.8443
23.7740
23.7054
23.6642
23.6369
23.6194
23.6093
23.6047
23.6041
23.6065
23.6111
23.6391
24.0807
24.0510
24.0971
24.1451
24.1918
24.2380
24.2826
24.3236
24.3610
24.3950
24.4260
24.4544
24.4805
24.0175
23.9990
23.9992
24.0000
24.0008
24.0016
24.0023
24.0031
24.0074
24.0087
24.0094
24.0097
24.0101
24.0061
24.0045
24.0034
24.0024
24.0017
24.0011
24.0012
24.0028
24.0042
24.0052
24.0061
24.0068
24.0074
24.0048
24.0037
24.0029
24.0022
24.0017
24.0013
24.0010
24.0008
24.0006
24.0004
24.0003
24.0003
24.0003
24.0005
24.0024
24.0040
24.0052
24.0039
24.0032
24.0027
24.0023
24.0019
24.0016
24.0179
24.0405
24.0560
24.1093
24.1478
24.1657
24.1772
24.2206
24.2479
24.4142
24.6418
24.9744
25.5527
25.9438
26.2428
26.4677
26.5828
26.6345
26.6609
26.6577
26.5363
26.2841
26.0407
25.7742
25.4800
25.2556
25.0747
24.9535
24.8812
24.8398
24.8371
24.8561
24.8690
24.8538
24.8684
24.8876
24.6837
24.5837
24.5363
24.5216
24.5128
24.5118
24.5100
24.5294
24.0525
24.0106
24.0071
24.0064
24.0059
24.2126
24.3422
24.4144
24.0401
24.0090
24.0065
24.0060
24.0056
24.0053
24.0050
24.0049
24.0052
24.0054
24.0055
24.0056
24.0057
24.0057
24.0056
24.0055
24.0054
24.0053
24.0051
24.0053
24.0052
24.0058
24.0063
24.0067
24.0070
24.0073
24.0076
24.0078
24.0079
24.0079
24.0079
24.0070
24.0075
24.0073
24.0071
24.0070
24.0070
24.0070
24.0069
24.0069
24.0069
24.0068
24.0068
24.0069
24.0073
24.0073
24.0073
24.0073
24.0073
24.0073
24.0072
24.0072
24.0072
24.0038
24.0031
24.0027
24.0025
24.0024
24.0023
24.0023
24.0024
24.0024
24.0023
24.0024
24.0027
24.0027
24.0027
24.0030
24.0036
24.0035
24.0068
24.0070
24.0068
24.0065
24.0063
24.0062
24.0060
24.0059
24.0058
24.0053
24.0051
24.0047
24.0043
24.0040
24.0038
24.0036
24.0035
24.0034
24.0033
24.0032
24.0032
24.4739
24.0468
24.0078
24.0040
24.0036
24.0034
24.0033
24.0033
24.0032
24.0032
24.0032
24.0031
24.0031
24.3834
24.0380
24.0065
24.0032
24.0026
24.0024
24.0022
24.0020
24.0019
24.0018
24.0017
24.0016
24.0016
24.3645
24.0350
24.0050
24.0021
24.0017
24.0016
24.0016
24.0015
24.0015
24.0015
24.0014
24.0014
24.0014
24.3493
24.0332
24.0047
24.0019
24.0016
24.0015
24.0015
24.0014
24.0014
24.0014
24.0014
24.0014
24.0013
24.3425
24.0325
24.0046
24.0019
24.0016
24.0015
24.0015
24.0015
24.0014
24.0014
24.0014
24.0014
24.0014
24.3376
24.0320
24.0047
24.0020
24.0017
24.0016
24.0016
24.0015
24.0015
24.0015
24.0015
24.0015
24.0014
24.3468
24.0329
24.0048
24.0020
24.0017
24.0016
24.0028
24.0024
24.0025
24.0026
24.0026
24.0027
24.0027
24.0027
24.0027
24.0027
24.0027
24.0027
24.0019
24.0022
24.0027
24.0032
24.0036
24.0039
24.0042
24.0044
24.0046
24.0047
24.0049
24.0050
24.0050
24.0049
24.0051
24.0053
24.0055
24.0056
24.0057
24.0058
24.0058
24.0059
24.0059
24.0060
24.0060
24.0057
24.0058
24.0059
24.0059
24.0059
24.0060
24.0060
24.0061
24.0061
24.0061
24.0061
24.0060
24.0061
24.0061
24.0061
24.0061
24.0061
24.0061
24.0061
24.0061
24.0060
24.0060
24.0060
24.0060
24.0058
24.0058
24.0058
24.0059
24.0058
24.0058
24.0058
24.0058
24.0058
24.0058
24.0058
24.0058
24.0059
24.0059
24.0059
24.0059
24.0059
24.0059
24.0059
24.0059
24.0058
24.0057
24.0057
24.0057
24.0057
24.0056
24.0056
24.0055
24.0054
24.0053
24.0052
24.0051
24.0050
24.0049
24.0049
24.0048
24.0049
24.0048
24.0047
24.0045
24.0044
24.0044
24.0044
24.0044
24.0044
24.0045
24.0045
24.0046
24.0048
24.0049
24.0049
24.0049
24.0050
24.0050
24.0050
24.0051
24.0051
24.0051
24.0051
24.0052
24.0051
24.0052
24.0053
24.0053
24.0053
24.0053
24.0054
24.0055
24.0055
24.0056
24.0057
24.0063
24.0064
24.0058
24.0052
24.0047
24.0044
24.0041
24.0038
24.0036
24.0034
24.0032
24.0031
24.0018
24.0019
24.0021
24.0023
24.0025
24.0026
24.0027
24.0028
24.0029
24.0030
24.0031
24.0031
24.5517
24.0546
24.0086
24.0038
24.0030
24.0026
24.0024
24.0022
24.0020
24.0019
24.0017
24.0017
24.0016
24.4191
24.0403
24.0055
24.0021
24.0017
24.0016
24.0015
24.0015
24.0015
24.0014
24.0014
24.0014
24.0014
24.3997
24.0383
24.0052
24.0020
24.0016
24.0016
24.0015
24.0015
24.0015
24.0014
24.0014
24.0014
24.0014
24.3830
24.0364
24.0050
24.0020
24.0016
24.0016
24.0015
24.0015
24.0014
24.0014
24.0014
24.0014
24.0014
24.3646
24.0346
24.0049
24.0020
24.0016
24.0016
24.0015
24.0015
24.0015
24.0015
24.0014
24.0014
24.0014
24.3434
24.0325
24.0047
24.0020
24.0017
24.0017
24.0016
24.0016
24.0016
24.0016
24.0015
24.0015
24.0015
24.3227
24.0306
24.0047
24.0022
24.0019
24.0018
24.0017
24.0017
24.0017
24.0017
24.0017
24.0016
24.0016
24.3160
24.0300
24.0047
24.0022
24.0019
24.0018
24.0018
24.0017
24.0017
24.0017
24.0016
24.0016
24.0016
24.3193
24.0303
24.0047
24.0022
24.0019
24.0018
24.0018
24.0017
24.0017
24.0017
24.0016
24.0016
24.0016
24.3239
24.0307
24.0048
24.0022
24.0019
24.0018
24.0017
24.0017
24.0016
24.0016
24.0016
24.0016
24.0015
24.4057
24.0390
24.0053
24.0020
24.0019
24.0020
24.0021
24.0022
24.0023
24.0024
24.0024
24.0024
24.0025
24.4939
24.0484
24.0073
24.0033
24.0029
24.0028
24.0027
24.0027
24.0026
24.0026
24.0026
24.0025
24.0025
24.5435
24.0530
24.0076
24.0033
24.0028
24.0027
24.0026
24.0025
24.0025
24.0024
24.0024
24.0024
24.0023
24.6162
24.0597
24.0081
24.0032
24.0026
24.0025
24.0024
24.0024
24.0023
24.0023
24.0022
24.0022
24.0022
24.6929
24.0667
24.0085
24.0030
24.0024
24.0023
24.0022
24.0022
24.0021
24.0021
24.0020
24.0020
24.0020
24.7595
24.0730
24.0092
24.0032
24.0026
24.0025
24.0025
24.0025
24.0025
24.0025
24.0025
24.0025
24.0025
24.7631
24.0736
24.0095
24.0034
24.0028
24.0027
24.0026
24.0025
24.0025
24.0023
24.0024
24.0025
24.0025
24.9065
24.0874
24.0107
24.0037
24.0030
24.0029
24.0028
24.0028
24.0028
24.0027
24.0026
24.0025
24.0025
24.8971
24.0856
24.0103
24.0033
24.0026
24.0024
24.0023
24.0023
24.0022
24.0021
24.0020
24.0019
24.0019
24.9322
24.0881
24.0101
24.0029
24.0022
24.0021
24.0021
24.0021
24.0021
24.0022
24.0022
24.0022
24.0022
24.6829
24.0659
24.0086
24.0032
24.0027
24.0026
24.0025
24.0025
24.0025
24.0024
24.0024
24.0024
24.0025
24.5867
24.0570
24.0081
24.0034
24.0030
24.0027
24.0025
24.0023
24.0021
24.0020
24.0019
24.0018
24.0017
24.4480
24.0430
24.0060
24.0024
24.0019
24.0018
24.0018
24.0017
24.0017
24.0016
24.0016
24.0016
24.0016
24.3963
24.0381
24.0054
24.0022
24.0019
24.0018
24.0017
24.0017
24.0016
24.0016
24.0016
24.0016
24.0016
24.3782
24.0361
24.0052
24.0022
24.0018
24.0017
24.0017
24.0016
24.0016
24.0016
24.0015
24.0015
24.0015
24.3670
24.0349
24.0050
24.0021
24.0018
24.0017
24.0016
24.0016
24.0016
24.0015
24.0015
24.0015
24.0014
24.3546
24.0336
24.0048
24.0020
24.0017
24.0016
24.0016
24.0015
24.0015
24.0015
24.0015
24.0014
24.0014
24.3439
24.0326
24.0048
24.0020
24.0017
24.0016
24.0016
24.0016
24.0015
24.0015
24.0015
24.0015
24.0015
24.3353
24.0318
24.0047
24.0021
24.0018
24.0017
24.0016
24.0016
24.0016
24.0016
24.0015
24.0015
24.0015
24.3224
24.0306
24.0047
24.0021
24.0018
24.0017
24.0017
24.0017
24.0016
24.0016
24.0016
24.0016
24.0016
24.3087
24.0293
24.0046
24.0022
24.0019
24.0018
24.0018
24.0017
24.0017
24.0017
24.0017
24.0016
24.0016
24.2951
24.0280
24.0046
24.0022
24.0020
23.8328
23.7272
23.6481
23.5853
23.5400
23.5072
23.4837
23.4674
23.8561
23.7755
23.7871
23.8604
23.9050
24.0142
24.0966
24.1567
24.2005
24.2347
24.2606
24.2802
24.2956
24.3079
24.3183
24.3275
24.0099
23.9993
23.9997
24.0005
24.0012
24.0019
24.0025
24.0065
24.0077
24.0087
24.0092
24.0096
24.0049
24.0042
24.0030
24.0020
24.0013
24.0007
24.0002
23.9999
23.9996
23.9994
23.9988
24.0004
24.0003
24.0020
24.0035
24.0028
24.0021
24.0015
24.0011
24.0007
24.0008
24.0025
24.0040
24.0031
24.0024
24.0018
24.0014
24.0011
24.0008
24.0006
24.0004
24.0003
24.0002
24.0004
24.0023
24.0039
24.0052
24.0042
24.0036
24.0031
24.0652
24.1176
24.1673
24.2097
24.2462
24.2713
24.3206
24.5210
24.7746
25.2675
25.7405
26.1573
26.4404
26.5480
26.6085
26.6675
26.6436
26.6241
26.5408
26.3552
26.0674
25.6940
25.3171
25.0749
24.9151
24.8361
24.7870
24.7722
24.7755
24.7743
24.0975
24.0160
24.0092
24.0071
24.0062
24.0055
24.0049
24.0044
24.0039
24.0037
24.0036
24.0034
24.0033
24.0032
24.0031
24.0031
24.0031
24.0030
24.1088
24.0111
24.0044
24.0039
24.0037
24.0037
24.0036
24.0035
24.0035
24.0038
24.0042
24.0044
24.0046
24.0048
24.0049
24.0049
24.0049
24.0048
24.0047
24.0045
24.0045
24.0045
24.0051
24.0056
24.0060
24.0063
24.0067
24.0069
24.0070
24.0073
24.0074
24.0074
24.0076
24.0073
24.0073
24.0073
24.0073
24.0073
24.0073
24.0073
24.0074
24.0076
24.0077
24.0077
24.0077
24.0069
24.0070
24.0071
24.0071
24.0071
24.0071
24.0073
24.0073
24.0073
24.0156
24.0155
24.0154
24.0156
24.0152
24.0152
24.0147
24.0146
24.0146
24.0145
24.0144
24.0141
24.0136
24.0134
24.0131
24.0117
24.0112
24.0109
24.0049
24.0046
24.0047
24.0048
24.0048
24.0049
24.0049
24.0050
24.5736
24.9825
25.2807
25.4924
25.2013
24.9915
24.8440
24.7361
24.6522
24.5859
24.5341
24.4935
24.4608
24.4341
24.4119
24.3932
24.8191
24.7198
24.6260
24.5509
24.4922
24.4461
24.4099
