0.0000
0.0000
0.0000
0.0000
0.0000
0.0000
0.0000
0.0000
0.0000
0.0000
0.0000
0.0000
0.0000
0.0000
0.0000
0.0000
0.0000
0.0000
0.0000
0.0000
0.0000
0.0000
0.0000
0.0000
0.0000
0.0000
0.0000
0.0000
0.0000
0.0000
0.0000
0.0000
0.0000
0.0000
0.0000
0.0000
0.0000
0.0000
0.0000
0.0000
0.0000
0.0000
0.0000
0.0000
0.0000
0.0000
0.0000
0.0000
0.0000
0.0000
0.0000
0.0000
0.0000
0.0000
0.0000
0.0000
0.0000
0.0000
0.0000
0.0000
0.0000
0.0000
0.0000
0.0000
0.0000
0.0000
0.0000
0.0000
0.0000
0.0000
0.0000
0.0000
0.0000
0.7039
0.5732
0.5742
0.5802
0.6036
0.6100
0.6160
0.6207
0.6249
0.6296
0.6301
0.6339
0.8056
0.7701
0.7097
0.7005
0.6852
0.6960
0.6855
0.8532
0.8567
0.8759
0.8668
0.8897
0.4381
0.5127
0.5094
0.5202
0.5237
0.5261
0.5284
0.5242
0.5306
0.5340
0.6870
0.5388
0.6896
0.6298
0.6309
0.4851
0.4849
0.4438
0.4478
0.4489
0.5158
0.5285
0.5376
0.5427
0.5449
0.4557
0.6088
0.6138
0.6215
0.6273
0.6280
0.6292
0.6317
0.6250
0.6256
0.6241
0.6247
0.6470
0.6415
0.6387
0.6397
0.6828
0.8556
0.8546
0.8609
0.8632
0.8691
0.8958
0.8886
0.8867
0.8804
0.8788
0.8775
0.8767
0.7335
0.7004
0.7014
0.7016
0.7063
0.7335
0.7113
0.7122
0.7040
0.7093
0.7054
0.7061
0.7061
0.7088
0.7009
0.6983
0.5439
0.5519
0.5457
0.4891
0.4907
0.4881
0.4834
0.4779
0.4731
0.4717
0.5922
0.5935
0.5911
0.5877
0.5860
0.5794
0.5773
0.5774
0.7225
0.5672
0.5812
0.5834
0.5806
0.5690
0.5666
0.5688
0.5693
0.5915
0.5830
0.5772
0.5799
0.5696
0.5689
0.5497
0.5443
0.5342
0.5311
0.5057
0.8330
0.7214
0.7162
0.7072
0.6984
0.6932
0.6851
0.5944
0.6493
0.6682
0.6605
0.6512
0.6494
0.6178
0.5429
0.5735
0.5999
0.5932
0.5869
0.5146
0.5120
0.5086
0.5035
0.4980
0.4932
0.4732
0.4708
0.4678
0.4649
0.4627
0.4605
0.4777
0.5041
0.5025
0.6064
0.6354
0.6389
0.6018
0.6098
0.6071
0.6119
0.6119
0.6097
0.5979
0.5949
0.5873
0.5793
0.5716
0.5695
0.5500
0.5616
0.4354
0.4393
0.4390
0.4386
0.4380
0.4374
0.4367
0.4359
0.4351
0.0000
0.0000
0.0000
0.0000
0.0000
0.0000
0.0000
0.0000
0.0000
0.0000
0.0000
0.0000
0.0000
0.0000
0.0000
0.0000
0.0000
0.0000
0.0000
0.0000
0.0000
0.0000
0.0000
0.0000
0.0000
0.0000
0.0000
0.0000
0.0000
0.0000
0.0000
0.0000
0.0000
0.0000
0.0000
0.0000
0.0000
0.0000
0.0000
0.0000
0.0000
0.0000
0.0000
0.0000
0.0000
0.0000
0.0000
0.0000
0.0000
0.0000
0.0000
0.0000
0.0000
0.0000
0.0000
0.0000
0.0000
0.0000
0.0000
0.0000
0.0000
0.0000
0.0000
0.0000
0.0000
0.0000
0.0000
0.0000
0.0000
0.0000
0.0000
0.0000
0.0000
0.0000
0.0000
0.0000
0.0000
0.0000
0.0000
0.0000
0.0000
0.0000
0.0000
0.0000
0.2270
0.0000
0.0000
0.0000
0.0000
0.0000
0.0000
0.0000
0.0000
0.0000
0.0000
0.0000
1.1883
1.0212
0.9146
0.8964
0.8936
0.8913
0.8876
0.8841
0.8816
0.8796
0.8780
0.8768
0.8401
0.9033
0.8822
0.8829
0.8838
0.8933
0.8903
1.0378
1.0628
1.0689
1.0737
1.0765
0.6504
0.6947
0.6983
0.7010
0.7094
0.7108
0.7145
0.7176
0.7218
0.7318
0.7353
0.8856
0.7714
0.7780
0.6317
0.6302
0.6292
0.6290
0.6331
0.6354
0.6355
0.6350
0.6354
0.6402
0.6415
0.8006
0.7844
0.7782
0.8159
0.8174
0.8194
0.6654
0.6683
0.6694
0.6697
0.6700
0.6714
0.6939
0.6929
0.6908
0.6920
0.6942
0.6929
0.6900
0.6916
0.6922
0.8627
0.8611
0.8629
0.8636
0.8638
0.8638
0.8638
0.8638
0.8646
0.8660
0.8676
0.8694
0.8714
0.8735
1.0243
1.0264
0.9907
0.9439
0.9366
0.9344
0.9332
0.9330
0.8954
0.8888
0.8886
0.8889
0.8893
0.8899
0.8906
0.8913
0.8925
0.8937
0.8944
0.8943
0.7630
0.8735
0.8780
0.8771
0.8761
0.8744
1.0324
0.8785
0.8742
0.8708
0.8684
0.8707
0.8696
0.8671
0.8643
0.8613
0.8624
0.8895
0.8856
0.8814
0.8797
0.8844
0.8849
0.8789
0.8740
0.8718
0.8616
0.8544
1.3471
1.2289
1.1974
1.0799
1.0540
1.0361
1.0181
1.0098
0.9987
0.9872
0.9805
0.9694
0.9541
0.8112
0.9246
0.9146
0.9110
0.9025
0.8916
0.7722
0.7710
0.7681
0.7679
0.7650
0.7614
0.7438
0.7414
0.7389
0.7365
0.7673
0.8169
0.8223
0.8239
0.8225
0.9620
0.9713
0.9771
0.9917
0.9040
0.9111
0.9107
0.9103
0.9114
0.9133
0.9130
0.8987
0.8934
0.9681
0.9691
0.9386
0.9398
0.9399
0.7898
0.7880
0.7854
0.7833
0.7835
0.7834
0.7822
0.7809
0.0000
0.0000
0.0000
0.0000
0.0000
0.0000
0.0000
0.0000
0.0000
0.0000
0.0000
0.0000
0.0000
0.0000
0.0000
0.0000
0.0000
0.0000
0.0000
0.0000
0.0000
0.0000
0.0000
0.0000
0.0000
0.0000
0.0000
0.0000
0.0000
0.0000
0.0000
0.0000
0.0000
0.0000
0.0000
0.0000
0.0000
0.0000
0.0000
0.0000
0.0000
0.0000
0.0000
0.0000
0.0000
0.0000
0.0000
0.0000
0.0000
0.0000
0.0000
0.0000
0.0000
0.0000
0.0000
0.0000
0.0000
0.0000
0.0000
0.0000
0.0000
0.0000
0.0000
0.0000
0.0000
0.0000
0.0000
0.0000
0.0000
0.0000
0.0000
0.0000
0.0000
0.0000
0.0000
0.0000
0.0000
0.0000
0.0000
0.0000
0.0000
0.0000
0.0000
0.0000
0.4702
0.0168
0.0000
0.0000
0.0000
0.0000
0.0000
0.0000
0.0000
0.0000
0.0006
0.0000
1.2551
1.1491
1.0967
0.9554
0.9103
0.9009
0.8960
0.8932
0.8914
0.8903
0.8899
0.8899
0.9950
0.9459
0.9498
0.9421
0.9109
0.9097
0.9054
1.0665
1.0814
1.0901
1.0909
1.0926
0.6634
0.7017
0.7070
0.8599
0.8707
0.8719
0.8738
0.8878
0.8957
0.8969
0.7500
0.9018
0.7498
0.7930
0.7899
0.7958
0.7984
0.7997
0.7987
0.7998
0.8017
0.8007
0.7985
0.7961
0.7987
0.6499
0.6431
0.6382
0.7871
0.7929
0.7955
0.7969
0.8076
0.8152
0.8163
0.8197
0.8224
0.8463
0.8536
0.8565
0.8594
0.8623
0.8623
0.8627
0.8636
0.8645
0.8653
0.8639
0.8638
0.8644
0.8651
0.8659
0.8666
0.8676
0.8691
0.8712
0.8736
0.8763
0.8793
0.8819
0.8851
0.8886
0.8924
0.8964
0.9005
0.9047
0.9090
0.9134
0.9180
0.9226
0.9273
0.9320
0.9355
0.8887
0.8219
0.8168
0.8167
0.9459
0.9533
0.9679
0.9726
0.9773
0.9867
0.9907
0.9913
1.1154
1.1151
1.1154
1.1158
1.0521
1.0129
1.0077
1.0072
1.0092
1.0085
1.0070
1.0052
1.0313
1.0338
1.0331
1.0305
1.0284
1.0294
1.0260
1.0210
1.0155
1.0151
1.0108
1.3443
1.2384
1.2297
1.2146
1.1944
1.1775
1.1580
1.0203
1.0027
1.1167
1.0974
1.0816
1.0600
0.9060
0.8871
0.8672
0.9797
0.9627
0.9520
0.8155
0.8053
0.7947
0.7877
0.7822
0.7807
0.7616
0.7574
0.7533
0.8300
0.8470
0.8453
0.8471
0.8440
0.8407
0.9844
0.8881
0.8981
0.9082
0.9171
0.9214
0.9211
0.9207
0.9201
0.9194
0.9479
0.9960
0.9961
0.9929
0.9843
0.9618
0.8118
0.8096
0.8067
0.8046
0.8028
0.8014
0.8000
0.7988
0.7976
0.7965
0.0000
0.0000
0.0000
0.0000
0.0000
0.0000
0.0000
0.0000
0.0000
0.0000
0.0000
0.0000
0.0000
0.0000
0.0000
0.0000
0.0000
0.0000
0.0000
0.0000
0.0000
0.0000
0.0000
0.0000
0.0000
0.0000
0.0000
0.0000
0.0000
0.0000
0.0000
0.0000
0.0000
0.0000
0.0000
0.0000
0.0000
0.0000
0.0000
0.0000
0.0000
0.0000
0.0000
0.0000
0.0000
0.0000
0.0000
0.0000
0.0000
0.0000
0.0000
0.0000
0.0000
0.0000
0.0000
0.0000
0.0000
0.0000
0.0000
0.0000
0.0000
0.0000
0.0000
0.0000
0.0000
0.0000
0.0000
0.0000
0.0000
0.0000
0.0000
0.0000
0.0000
0.0000
0.0000
0.0000
0.0000
0.0000
0.0000
0.0000
0.0000
0.0000
0.0000
0.0000
0.4300
0.0000
0.0000
0.0000
0.0000
0.0000
0.0000
0.0000
0.0000
0.0000
0.0000
0.0000
1.2451
1.1491
1.0242
0.9361
0.9210
0.9283
0.9364
0.9450
0.9538
0.9628
0.9757
0.9812
0.9916
0.9639
0.9370
0.9412
0.9510
0.9626
0.9630
1.1219
1.1345
1.1459
1.1518
1.1573
0.7191
0.7651
0.7676
0.7692
0.7705
0.7720
0.7757
0.9277
0.9276
0.9305
0.7753
0.9245
0.9290
0.8180
0.6635
0.6570
0.6571
0.6568
0.6562
0.7761
0.7811
0.7898
0.7946
0.7976
0.8003
0.6875
0.8428
0.8478
0.8513
0.8544
0.8619
0.8660
0.8681
0.8681
0.8755
0.8810
0.8819
0.8890
0.8894
0.8899
0.8903
0.8907
0.8912
0.9404
0.9405
0.9409
0.9413
0.9417
0.9420
0.9422
0.9424
0.9426
0.9428
0.9431
0.9439
0.9450
0.9464
0.9480
0.9498
0.9517
0.9539
0.9562
0.9587
0.9610
0.9578
0.9352
0.9355
0.9372
0.9393
0.9416
0.9441
0.9466
0.9485
0.9016
0.8332
0.8264
0.9471
0.9490
0.9538
0.9597
0.9627
0.9647
0.9665
0.9700
0.9806
0.9808
1.1182
1.1180
1.1199
1.0255
0.9994
0.9937
0.9893
0.9853
0.9856
0.9844
0.9811
1.0045
0.9994
1.0003
0.9965
0.9884
0.9790
0.9749
0.9680
0.9538
0.9434
0.9377
1.2647
1.1512
1.1274
1.1115
1.1002
1.0887
1.0733
0.9411
1.0458
1.0346
1.0230
1.0110
0.8770
0.9741
0.9662
0.9551
0.9438
0.9330
0.7991
0.7943
0.7901
0.7854
0.7806
0.7759
0.7712
0.7514
0.7481
0.7473
0.7461
0.7965
0.8358
0.8347
0.8323
0.8295
0.9817
0.9866
0.9926
1.0028
0.9994
0.9152
0.9184
0.9181
0.9176
0.9081
0.9075
0.9022
0.8969
0.8915
0.8902
0.9457
0.7977
0.7968
0.7948
0.7934
0.7921
0.7909
0.7897
0.7886
0.7875
0.7864
0.0000
0.0000
0.0000
0.0000
0.0000
0.0000
0.0000
0.0000
0.0000
0.0000
0.0000
0.0000
0.0000
0.0000
0.0000
0.0000
0.0000
0.0000
0.0000
0.0000
0.0000
0.0000
0.0000
0.0000
0.0000
0.0000
0.0000
0.0000
0.0000
0.0000
0.0000
0.0000
0.0000
0.0000
0.0000
0.0000
0.0000
0.0000
0.0000
0.0000
0.0000
0.0000
0.0000
0.0000
0.0000
0.0000
0.0000
0.0000
0.0000
0.0000
0.0000
0.0000
0.0000
0.0000
0.0000
0.0000
0.0000
0.0000
0.0000
0.0000
0.0000
0.0000
0.0000
0.0000
0.0000
0.0000
0.0000
0.0000
0.0000
0.0000
0.0000
0.0000
0.0000
0.0000
0.0000
0.0000
0.0000
0.0000
0.0000
0.0000
0.0000
0.0000
0.0000
0.0000
0.4140
0.0550
0.0000
0.0000
0.0000
0.0000
0.0000
0.0000
0.0000
0.0000
0.0645
0.0000
1.0955
1.0955
1.0955
1.0240
1.0140
0.9875
0.9519
0.9432
0.9367
0.9318
0.9279
0.9249
0.9811
0.8362
0.8301
0.8291
0.8287
0.8287
0.8288
0.8292
0.8296
0.8302
0.8310
0.8351
0.8379
0.8497
0.8510
0.8523
0.8537
0.8551
0.8564
0.8577
0.8590
0.8604
0.8617
0.8661
0.8692
0.8861
0.8877
0.8931
0.8970
0.9004
0.9037
0.9070
0.9134
0.9173
0.9202
0.9229
0.9251
0.9224
0.9245
0.9266
0.9304
0.9337
0.9349
0.9371
0.9384
0.9392
0.9399
0.9405
0.9399
0.9504
0.9525
0.9521
0.9510
0.9497
0.9492
0.9491
0.9457
0.9480
0.9492
0.9491
0.9441
0.9344
0.9333
0.9325
0.9320
0.9349
0.9357
0.9358
0.9361
0.9367
0.9377
0.9389
0.9406
0.9411
0.9457
0.9485
0.9510
0.9536
0.9571
0.9613
0.9657
0.9703
0.9755
0.9841
0.9896
0.9844
0.9893
0.9940
0.9988
1.0035
1.0060
1.0074
1.0083
1.0098
1.0127
1.0128
1.0126
1.0065
1.0051
1.0030
1.0006
0.9980
0.9984
0.9998
1.0014
1.0031
1.0067
1.0106
1.0127
1.0173
1.0192
1.0208
1.0224
1.0239
1.0223
1.0193
1.0159
1.0121
1.0079
1.0068
0.3957
0.3957
0.3957
0.3957
0.4497
0.4808
0.4840
0.4852
0.4857
0.4857
0.4854
0.4848
0.0000
0.0000
0.0000
0.0000
0.0000
0.0000
0.0000
0.0000
0.0000
0.0000
0.0000
0.0000
0.0000
0.0000
0.0000
0.0000
0.0000
0.0000
0.0000
0.0000
0.0000
0.0000
0.0000
0.0000
0.0000
0.0000
0.0000
0.0000
0.0000
0.0000
0.0000
0.0000
0.0000
0.0000
0.0000
0.0000
0.0000
0.0000
0.0000
0.0000
0.0000
0.0000
0.0000
0.0000
0.0000
0.0000
0.0000
0.0000
0.0000
0.0000
0.0000
0.0000
0.0000
0.0000
0.0000
0.0000
0.0000
0.0000
0.0000
0.0000
0.0000
0.0000
0.0000
0.0000
0.0000
0.0000
0.0000
0.0000
0.0000
0.0000
0.0000
0.0000
0.0000
0.0000
0.0000
0.0000
0.0000
0.0000
0.0000
0.0000
0.0000
0.0000
0.0000
0.0000
0.0000
0.0000
0.0000
0.0000
0.0000
0.0000
0.0000
0.0000
0.0000
0.0000
0.0000
0.0000
0.0000
0.0000
0.0000
0.0000
0.0000
0.0000
0.0000
0.0000
0.0000
0.0000
0.0000
0.0000
0.0000
0.0000
0.0000
0.0000
0.0000
0.0000
0.0000
0.0000
0.0000
0.0000
0.0000
0.0000
0.0000
0.0000
0.0000
0.0000
0.0000
0.0000
0.0000
0.0000
0.0000
0.0000
0.0000
0.0000
0.0000
0.0000
0.0000
0.0000
0.0000
0.0000
0.0000
0.0000
0.0000
0.0000
0.0000
0.0000
0.0654
0.0000
0.0000
0.0000
0.0000
0.0000
0.0000
0.0000
0.0000
0.0000
0.0000
0.0000
0.0000
0.0191
0.0000
0.0000
0.0000
0.0000
0.0000
0.0000
0.0000
0.0000
0.0000
0.0000
0.0000
0.0000
0.0389
0.0000
0.0000
0.0000
0.0000
0.0000
0.0000
0.0000
0.0000
0.0000
0.0000
0.0000
0.0000
0.0592
0.0000
0.0000
0.0000
0.0000
0.0000
0.0000
0.0000
0.0000
0.0000
0.0000
0.0000
0.0000
0.1487
0.0000
0.0000
0.0000
0.0000
0.0000
0.0000
0.0000
0.0000
0.0000
0.0000
0.0000
0.0000
0.2150
0.0000
0.0000
0.0000
0.0000
0.0000
0.0000
0.0000
0.0000
0.0000
0.0000
0.0000
0.0000
0.2368
0.0000
0.0000
0.0000
0.0000
0.0000
0.0000
0.0000
0.0000
0.0000
0.0000
0.0000
0.0000
0.2032
0.0000
0.0000
0.0000
0.0000
0.0000
0.0000
0.0000
0.0000
0.0000
0.0000
0.0000
0.0000
0.1904
0.0000
0.0000
0.0000
0.0000
0.0000
0.0000
0.0000
0.0000
0.0000
0.0000
0.0000
0.0000
0.1696
0.0000
0.0000
0.0000
0.0000
0.0000
0.0000
0.0000
0.0000
0.0000
0.0000
0.0000
0.0000
0.0970
0.0000
0.0000
0.0000
0.0000
0.0000
0.0000
0.0000
0.0000
0.0000
0.0000
0.0000
0.0000
0.0000
0.0000
0.0000
0.0000
0.0000
0.0000
0.0000
0.0000
0.0000
0.0000
0.0000
0.0000
0.0000
0.0000
0.0000
0.0000
0.0000
0.0000
0.0000
0.0000
0.0000
0.0000
0.0000
0.0000
0.0000
0.0000
0.0000
0.0000
0.0000
0.0000
0.0000
0.0000
0.0000
0.0000
0.0000
0.0000
0.0000
0.0000
0.0000
0.0000
0.0000
0.0000
0.0000
0.0000
0.0000
0.0000
0.0000
0.0000
0.0000
0.0000
0.0000
0.0000
0.0000
0.0000
0.0000
0.0000
0.0000
0.0000
0.0000
0.0000
0.0000
0.0000
0.0000
0.0000
0.0000
0.0000
0.0000
0.0000
0.0000
0.0000
0.0000
0.0000
0.0000
0.0000
0.0000
0.0000
0.0000
0.0000
0.0000
0.0000
0.0000
0.0000
0.0000
0.0000
0.0000
0.0778
0.0766
0.0761
0.0755
0.0750
0.0000
0.1563
0.0786
0.0739
0.0728
0.0719
0.0711
0.0703
0.0695
0.0687
0.0679
0.0670
0.0662
0.0000
0.1409
0.0687
0.0642
0.0629
0.0705
0.0742
0.0751
0.0757
0.0760
0.0762
0.0762
0.0734
0.0000
0.1240
0.0584
0.0544
0.0533
0.0523
0.0514
0.0506
0.0497
0.0489
0.0481
0.0473
0.0465
0.0000
0.1070
0.0481
0.0460
0.5959
0.2263
0.2037
0.1995
0.1974
0.1962
0.1956
0.1953
0.1953
0.0000
0.5131
0.2805
1.4310
1.3931
1.2934
1.2693
1.2802
1.2903
1.2987
1.3061
1.3121
1.3182
1.3242
1.3302
1.1864
1.1827
1.1489
1.1467
1.1460
1.1455
1.1454
1.1454
1.2980
1.3081
1.3079
1.3106
0.8229
0.8588
0.8565
0.8552
0.8588
0.8599
0.8597
0.8593
0.8588
0.8635
1.0168
1.0219
1.0249
1.0346
0.8901
1.0404
0.8923
0.8892
0.8885
0.8916
0.8917
0.8905
0.8892
0.8915
0.8939
0.8961
0.8950
1.0458
1.0547
1.0584
1.0604
0.9104
0.9095
0.9120
0.9124
0.9121
0.9111
0.9352
0.9365
0.9356
0.9344
0.9391
1.0923
1.0952
1.0969
1.1026
1.1062
1.1063
1.1065
1.1066
1.1067
1.1068
1.1069
1.1071
1.1072
1.1064
1.1062
1.1063
1.1065
1.1066
1.1068
1.1071
1.1073
1.1075
1.1078
1.1080
1.1084
1.1089
1.1094
1.1100
1.1106
1.1113
1.1118
1.0551
0.9865
0.9794
0.9815
0.9834
0.9809
0.9770
0.9728
0.9718
0.9705
0.9660
0.9607
1.1074
1.1094
0.9566
1.1023
0.9463
0.9370
0.9321
0.9328
0.9306
0.9274
0.9242
0.9211
0.9496
0.9489
0.9461
0.9425
0.9428
0.9431
0.9405
0.9369
0.9367
0.9371
0.9368
1.2744
1.2286
1.2293
1.2270
1.2229
1.2131
1.2072
1.2009
1.1985
1.1938
1.1861
1.1788
1.1720
1.1531
1.1469
1.1443
1.1397
1.1333
1.1284
1.1241
1.1201
1.1160
1.1119
1.1107
1.1086
1.0880
1.0839
1.0807
1.0778
1.0750
1.0723
1.0697
1.0671
1.0647
1.0657
1.2184
1.2260
1.2326
1.2421
1.2467
1.2511
1.2508
1.2504
1.2499
1.2417
1.2439
1.2435
1.2292
1.2282
1.2002
1.2000
1.1947
1.1940
1.0434
1.0397
1.0364
1.0340
1.0319
1.0300
1.0283
0.0460
0.0460
0.0460
0.0460
0.0460
0.0460
0.0460
0.0472
0.0705
0.0735
0.0753
0.0768
0.0000
0.0000
0.0000
0.0000
0.0000
0.0000
0.0000
0.0000
0.0000
0.0000
0.0000
0.0000
1.2972
0.0000
1.2972
1.2972
1.2972
1.2972
1.2972
1.2972
1.2972
1.2972
1.2972
1.2972
1.2972
1.2972
0.0000
1.2972
1.2972
1.2972
1.2972
1.2972
1.2972
1.2972
1.2972
1.2972
1.2972
1.2972
1.2972
0.0000
1.2972
1.2972
1.2972
1.2972
1.2972
1.2972
1.2972
1.2972
1.2972
1.2972
1.2972
1.2972
0.0000
1.2972
1.2972
1.2972
1.2972
1.2972
1.2972
1.2972
1.2972
1.2972
1.2972
1.2972
1.2972
0.0000
1.2972
1.2972
1.2972
1.2972
1.2972
1.2972
1.2972
1.2972
1.2972
1.2972
1.2972
1.2972
0.0000
1.2972
1.2972
1.2972
1.2972
1.2972
1.9787
1.9787
1.9787
1.9787
1.9787
1.9787
1.9787
1.9787
1.9787
1.9787
1.9787
1.9787
1.4581
1.0606
0.6846
0.6364
0.4500
0.3189
0.2400
0.1969
0.1790
0.1688
0.1591
0.1499
0.0000
0.0000
0.0000
0.0000
0.0000
0.0000
0.0000
0.0000
0.0000
0.0000
0.0000
0.0000
0.0000
0.0000
0.0000
0.0000
0.0000
0.0000
0.0000
0.0000
0.0000
0.0000
0.0000
0.0000
0.0000
0.0000
0.0000
0.0000
0.0000
0.0000
0.0000
0.0000
0.0000
0.0000
0.0000
0.0000
0.0000
0.0000
0.0000
0.0000
0.0000
0.0000
0.0000
0.0000
0.0000
0.0000
0.0000
0.0000
0.0000
0.0000
0.0000
0.0000
0.0000
0.0000
0.0000
0.0000
0.0000
0.0000
0.0000
0.0000
0.0000
0.0000
0.0000
0.0000
0.0000
0.0000
0.0000
0.0000
0.0000
0.0000
0.0000
0.0000
0.0000
0.0000
0.0000
0.0000
0.0000
0.0000
0.0000
0.0000
0.0000
0.0000
0.0000
0.0000
0.0000
0.0000
0.0000
0.0000
0.0000
0.0000
0.0000
0.0000
0.0000
0.0000
0.0000
0.0000
0.0000
0.0000
0.0000
0.0000
0.0000
0.0000
0.0000
0.0000
0.0000
0.0000
0.0000
0.0000
0.0581
0.0581
0.0580
0.0579
0.0579
0.0578
0.0577
0.0577
0.0576
0.0576
0.0575
0.0575
0.0574
0.0574
0.0579
0.0589
0.0599
0.0612
0.0621
0.0630
0.0638
0.0646
0.0655
0.0664
0.0673
0.0685
0.0694
0.0702
0.0711
0.0719
0.0727
0.0735
0.0743
0.0751
0.0759
0.0767
0.0771
0.0776
0.0781
0.0785
0.0789
0.0793
0.0797
0.0801
0.0804
0.0807
0.0810
0.0813
0.0817
0.0820
0.0824
0.0827
0.0831
0.0834
0.0837
0.0841
0.0844
0.0848
0.0852
0.0855
1.2972
1.2972
1.2972
1.2972
1.2972
1.2972
1.2972
1.2972
1.2972
1.2972
1.2972
1.2972
0.0000
1.2972
1.2972
1.2972
1.2972
1.2972
1.2972
1.2972
1.2972
1.2972
1.2972
1.2972
1.2972
0.0000
1.2972
1.2972
1.2972
1.2972
1.2972
1.2972
1.2972
1.2972
1.2972
1.2972
1.2972
1.2972
0.0000
1.2972
1.2972
1.2972
1.2972
1.2972
1.2972
1.2972
1.2972
1.2972
1.2972
1.2972
1.2972
0.0000
1.2972
1.2972
1.2972
1.2972
1.2972
1.2972
1.2972
1.2972
1.2972
1.2972
1.2972
1.2972
0.0000
1.2972
1.2972
1.2972
1.2972
1.2972
1.2972
1.2972
1.2972
1.2972
1.2972
1.2972
1.2972
0.0000
1.2972
1.2972
1.2972
1.2972
1.2972
1.2972
1.2972
1.2972
1.2972
1.2972
1.2972
1.2972
0.0000
1.2972
1.2972
1.2972
1.2972
1.2972
1.9787
1.9787
1.9787
1.9787
1.9787
1.9787
1.9787
1.9787
1.9787
1.9787
1.9787
1.9787
1.4434
0.9562
0.6492
0.5196
0.3049
0.2177
0.1640
0.1530
0.1456
0.1396
0.1342
0.1293
0.0000
0.0000
0.0000
0.0000
0.0000
0.0000
0.0000
0.0000
0.0000
0.0000
0.0000
0.0000
0.0000
0.0000
0.0000
0.0000
0.0000
0.0000
0.0000
0.0000
0.0000
0.0000
0.0000
0.0000
0.0000
0.0000
0.0000
0.0000
0.0000
0.0000
0.0000
0.0000
0.0000
0.0000
0.0000
0.0000
0.0000
0.0000
0.0000
0.0000
0.0000
0.0000
0.0000
0.0000
0.0000
0.0000
0.0000
0.0000
0.0000
0.0000
0.0000
0.0000
0.0000
0.0000
0.0000
0.0000
0.0000
0.0000
0.0000
0.0000
0.0000
0.0000
0.0000
0.0000
0.0000
0.0000
0.0000
0.0000
0.0000
0.0000
0.0000
0.0000
0.0000
0.0000
0.0000
0.0000
0.0000
0.0000
0.0000
0.0000
0.0000
0.0000
0.0000
0.0000
0.0000
0.0000
0.0000
0.0000
0.0000
0.0000
0.0000
0.0000
0.0000
0.0000
0.0000
0.0000
0.0000
0.0000
0.0000
0.0000
0.0000
0.0000
0.0000
0.0000
0.0000
0.0000
0.0000
0.0000
0.0550
0.0550
0.0550
0.0550
0.0550
0.0550
0.0550
0.0550
0.0550
0.0550
0.0550
0.0550
0.0550
0.0550
0.0550
0.0550
0.0553
0.0566
0.0574
0.0581
0.0589
0.0596
0.0604
0.0611
0.0619
0.0626
0.0633
0.0640
0.0647
0.0654
0.0661
0.0668
0.0674
0.0681
0.0688
0.0694
0.0700
0.0705
0.0710
0.0717
0.0725
0.0733
0.0741
0.0748
0.0755
0.0763
0.0770
0.0777
0.0783
0.0789
0.0796
0.0802
0.0809
0.0816
0.0823
0.0830
0.0837
0.0844
0.0851
0.0858
1.2972
1.2972
1.2972
1.2972
1.2972
1.2972
1.2972
1.2972
1.2972
1.2972
1.2972
1.2972
0.0000
1.2972
1.2972
1.2972
1.2972
1.2972
1.2972
1.2972
1.2972
1.2972
1.2972
1.2972
0.0000
0.0000
0.0000
0.0000
0.0000
0.0000
0.0000
0.0000
0.0000
0.0000
0.0000
0.0000
0.0000
0.0000
0.0000
0.0000
0.0000
0.0000
0.0000
0.0000
0.0000
0.0000
0.0000
0.0000
0.0000
0.0000
0.0000
0.0000
0.0000
0.0000
0.0000
0.0000
0.0000
0.0000
0.0000
0.0000
0.0000
0.0000
0.0000
0.0000
0.0000
0.0000
0.0000
0.0000
0.0000
0.0000
0.0000
0.0000
0.0000
0.0000
0.0000
0.0000
0.0000
0.0000
0.0000
0.0000
0.0000
0.0000
0.0000
0.0000
0.4140
0.0584
0.0000
0.0000
0.0000
0.0000
0.0000
0.0000
0.0000
0.0000
0.3463
0.0000
1.1232
1.0427
0.9869
0.9609
0.9542
0.9623
0.9736
0.9811
0.9869
0.9924
0.9978
1.0032
1.0477
0.9921
0.9683
0.9691
0.9742
0.9791
0.9843
1.1409
1.1556
1.1738
1.1867
1.1913
0.7665
0.8077
0.8047
0.8103
0.8125
0.8180
0.8197
0.8184
0.8205
0.8180
0.9767
0.8323
0.9845
0.8749
0.8753
0.7258
0.7261
0.7254
0.7241
0.7231
0.7274
0.7295
0.7297
0.7294
0.7306
0.7385
0.7404
0.7409
0.7411
0.7452
0.7497
0.7519
0.9077
0.9138
0.9269
0.9293
0.9284
0.9283
0.9287
0.9291
0.9295
0.9299
0.9301
0.9303
0.9304
0.9304
0.9304
0.9305
0.9303
0.9302
0.9300
0.9298
0.9297
0.9269
0.9284
0.9302
0.9316
0.9332
0.9350
0.9370
0.9391
0.9415
0.9439
0.9900
1.1136
1.1217
1.1259
1.0071
0.9829
0.9641
0.9615
0.9595
0.9578
0.9561
0.9543
0.9525
0.9505
0.9484
0.9483
0.9491
0.9802
0.9488
0.9474
0.9525
0.9560
1.0963
1.1021
0.9627
1.1129
1.0007
0.9916
0.9974
0.9996
1.0014
1.0055
1.0068
1.0070
1.0343
1.0352
1.0400
1.0414
1.0412
1.0397
1.0414
1.0391
1.0348
1.0310
1.0319
1.3683
1.2756
1.2590
1.2508
1.2414
1.2208
1.0817
1.1866
1.1767
1.1622
1.1496
1.1328
1.1178
1.0894
1.0737
1.0620
1.0424
1.0178
1.0030
0.8692
0.8567
0.8434
0.8313
0.8200
0.8116
0.7895
0.7859
0.7833
0.8744
0.8853
0.8816
0.8774
0.8726
0.8676
1.0112
1.0135
1.0225
0.9246
0.9400
0.9401
0.9395
0.9384
0.9373
0.9360
0.9346
0.9288
0.9184
0.9343
0.9890
0.8177
0.8162
0.8130
0.8104
0.8081
0.8059
0.8039
0.8019
0.8000
0.7980
0.7961
0.0000
0.0000
0.0000
0.0000
0.0000
0.0000
0.0000
0.0000
0.0000
0.0000
0.0000
0.0000
0.0000
0.0000
0.0000
0.0000
0.0000
0.0000
0.0000
0.0000
0.0000
0.0000
0.0000
0.0000
0.0000
0.0000
0.0000
0.0000
0.0000
0.0000
0.0000
0.0000
0.0000
0.0000
0.0000
0.0000
0.0000
0.0000
0.0000
0.0000
0.0000
0.0000
0.0000
0.0000
0.0000
0.0000
0.0000
0.0000
0.0000
0.0000
0.0000
0.0000
0.0000
0.0000
0.0000
0.0000
0.0000
0.0000
0.0000
0.0000
0.0000
0.0000
0.0000
0.0000
0.0000
0.0000
0.0000
0.0000
0.0000
0.0000
0.0000
0.0000
0.0000
0.0000
0.0000
0.0000
0.0000
0.0000
0.0000
0.0000
0.0000
0.0000
0.0000
0.0000
0.4476
0.0000
0.0000
0.0000
0.0000
0.0000
0.0000
0.0000
0.0000
0.0000
0.0000
0.0000
1.2638
1.1491
1.0709
0.9796
0.9570
0.9673
0.9742
0.9796
0.9844
0.9888
0.9928
0.9966
1.0844
1.0037
1.0010
0.9692
0.9707
0.9734
0.9793
0.9815
1.1505
1.1683
1.1805
1.1786
0.8992
0.7903
0.7908
0.7956
0.7934
0.7903
0.7908
0.9457
0.9545
0.9593
0.9576
0.9598
0.8457
0.8472
0.6961
0.6912
0.6877
0.6882
0.6908
0.6912
0.6908
0.6906
0.6953
0.6983
0.8412
0.8416
0.8424
1.0005
1.0070
1.0103
1.0125
0.8655
0.8655
0.8646
0.8636
0.8633
0.8672
1.0375
1.0371
1.0375
1.0379
1.0384
1.0389
1.0866
1.0867
1.0869
1.0872
1.0873
1.0875
1.0875
1.0876
1.0877
1.0877
1.0878
1.0883
1.0892
1.0905
1.0920
1.0937
1.0957
1.0978
1.1001
1.1025
1.1051
1.1077
1.1104
1.1134
1.1166
1.1148
1.0925
1.0933
1.0964
1.0981
1.1005
1.1033
1.1054
1.1082
1.0410
1.0306
1.0271
1.0254
0.9845
0.9297
0.9211
0.9159
0.9131
1.0063
1.0200
1.0194
1.0855
1.0447
1.0412
1.0375
1.0335
1.0296
1.0261
1.0276
1.0537
1.0496
1.0455
1.0449
1.0449
1.0408
1.0350
1.0319
1.0302
1.0252
1.0189
1.3550
1.2616
1.2420
1.2230
1.2084
1.1898
1.1772
1.1676
1.1549
1.1459
1.1321
1.1182
1.6379
1.6379
1.6379
1.6379
1.6379
1.6379
1.6379
1.6379
1.6379
1.6379
1.6379
1.6379
1.6379
1.6379
1.6379
1.6379
1.6379
1.6379
1.6379
1.6379
1.6379
1.6379
1.6379
1.6379
1.6379
1.6379
1.6379
1.6379
1.6379
1.6379
1.6379
1.6379
1.6379
1.6379
1.6379
1.6379
1.6379
1.6379
1.6379
1.6379
1.6379
1.6379
1.6379
1.6379
1.6379
1.6379
1.6379
1.6379
1.2972
1.2972
1.2972
1.2972
1.2972
1.2972
1.2972
1.2972
1.2972
1.2972
1.2972
1.2972
0.0000
1.2972
1.2972
1.2972
1.2972
1.2972
1.2972
1.2972
1.2972
1.2972
1.2972
1.2972
1.2972
0.0000
1.2972
1.2972
1.2972
1.2972
1.2972
1.2972
1.2972
1.2972
1.2972
1.2972
1.2972
1.2972
0.0000
1.2972
1.2972
1.2972
1.2972
1.2972
1.2972
1.2972
1.2972
1.2972
1.2972
1.2972
1.2972
0.0000
1.2972
1.2972
1.2972
1.2972
1.2972
1.2972
1.2972
1.2972
1.2972
1.2972
1.2972
1.2972
0.0000
1.2972
1.2972
1.2972
1.2972
1.2972
1.2972
1.2972
1.2972
1.2972
1.2972
1.2972
1.2972
0.0000
1.2972
1.2972
1.2972
1.2972
1.2972
1.2972
1.2972
1.2972
1.2972
1.2972
1.2972
1.2972
0.0000
1.2972
1.2972
1.2972
1.2972
1.2972
1.9787
1.9787
1.9787
1.9787
1.9787
1.9787
1.9787
1.9787
1.9787
1.9787
1.9787
1.9787
1.6379
1.6379
1.6379
1.6379
1.6379
1.6379
1.6379
1.6379
1.6379
1.6379
1.6379
1.6379
1.6379
1.6379
1.6379
1.6379
1.6379
1.6379
1.6379
1.6379
1.6379
1.6379
1.6379
1.6379
1.6379
1.6379
1.6379
1.6379
1.6379
1.6379
1.6379
1.6379
1.6379
1.6379
1.6379
1.6379
1.6379
1.6379
1.6379
1.6379
1.6379
1.6379
1.6379
1.6379
1.6379
1.6379
1.6379
1.6379
1.6379
1.6379
1.6379
1.6379
1.6379
1.6379
1.6379
1.6379
1.6379
1.6379
1.6379
1.6379
1.6379
1.6379
1.6379
1.6379
1.6379
1.6379
1.6379
1.6379
1.6379
1.6379
1.6379
1.6379
1.6379
1.6379
1.6379
1.6379
1.6379
1.6379
1.6379
1.6379
1.6379
1.6379
1.6379
1.6379
1.6379
1.6379
1.6379
1.6379
1.6379
1.6379
1.6379
1.6379
1.6379
1.6379
1.6379
1.6379
1.6379
1.6379
1.6379
1.6379
1.6379
1.6379
1.6379
1.6379
1.6379
1.6379
1.6379
1.6379
1.6379
1.6379
1.6379
1.6379
1.6379
1.6379
1.6379
1.6379
1.6379
1.6379
1.6379
1.6379
1.9787
1.9787
1.9787
1.9787
1.9787
1.9787
1.9787
1.9787
1.9787
1.9787
1.9787
1.9787
1.2972
1.2972
1.2972
1.2972
1.2972
1.2972
1.2972
1.2972
1.2972
1.2972
1.2972
1.2972
0.0000
1.2972
1.2972
1.2972
1.2972
1.2972
1.2972
1.2972
1.2972
1.2972
1.2972
1.2972
1.2972
0.0000
1.2972
1.2972
1.2972
1.2972
1.2972
1.2972
1.2972
1.2972
1.2972
1.2972
1.2972
1.2972
0.0000
1.2972
1.2972
1.2972
1.2972
1.2972
1.2972
1.2972
1.2972
1.2972
1.2972
1.2972
1.2972
0.0000
1.2972
1.2972
1.2972
1.2972
1.2972
1.2972
1.2972
1.2972
1.2972
1.2972
1.2972
1.2972
0.0000
1.2972
1.2972
1.2972
1.2972
1.2972
1.2972
1.2972
1.2972
1.2972
1.2972
1.2972
1.2972
0.0000
1.2972
1.2972
1.2972
1.2972
1.2972
1.2972
1.2972
1.2972
1.2972
1.2972
1.2972
1.2972
0.0000
1.2972
1.2972
1.2972
1.2972
1.2972
1.2972
1.2972
1.2972
1.2972
1.2972
1.2972
1.2972
0.0000
1.2972
1.2972
1.2972
1.2972
1.2972
1.2972
1.2972
1.2972
1.2972
1.2972
1.2972
1.2972
0.0000
1.2972
1.2972
1.2972
1.2972
1.2972
1.2972
1.2972
1.2972
1.2972
1.2972
1.2972
1.2972
0.0000
1.2972
1.2972
1.2972
1.2972
1.2972
1.2972
1.2972
1.2972
1.2972
1.2972
1.2972
1.2972
0.0000
1.2972
1.2972
1.2972
1.2972
1.2972
1.2972
1.2972
1.2972
1.2972
1.2972
1.2972
1.2972
0.0000
1.2972
1.2972
1.2972
1.2972
1.2972
1.2972
1.2972
1.2972
1.2972
1.2972
1.2972
1.2972
0.0000
1.2972
1.2972
1.2972
1.2972
1.2972
1.2972
1.2972
1.2972
1.2972
1.2972
1.2972
1.2972
0.0000
1.2972
1.2972
1.2972
1.2972
1.2972
1.2972
1.2972
1.2972
1.2972
1.2972
1.2972
1.2972
0.0000
1.2972
1.2972
1.2972
1.2972
1.2972
1.2972
1.2972
1.2972
1.2972
1.2972
1.2972
1.2972
0.0000
1.2972
1.2972
1.2972
1.2972
1.2972
1.2972
1.2972
1.2972
1.2972
1.2972
1.2972
1.2972
0.0000
1.2972
1.2972
1.2972
1.2972
1.2972
1.2972
1.2972
1.2972
1.2972
1.2972
1.2972
1.2972
0.0000
1.2972
1.2972
1.2972
1.2972
1.2972
1.2972
1.2972
1.2972
1.2972
1.2972
1.2972
1.2972
0.0000
1.2972
1.2972
1.2972
1.2972
1.2972
1.2972
1.2972
1.2972
1.2972
1.2972
1.2972
1.2972
0.0000
1.2972
1.2972
1.2972
1.2972
1.2972
1.2972
1.2972
1.2972
1.2972
1.2972
1.2972
1.2972
0.0000
1.2972
1.2972
1.2972
1.2972
1.2972
1.2972
1.2972
1.2972
1.2972
1.2972
1.2972
1.2972
0.0000
1.2972
1.2972
1.2972
1.2972
1.2972
1.2972
1.2972
1.2972
1.2972
1.2972
1.2972
1.2972
0.0000
1.2972
1.2972
1.2972
1.2972
1.2972
1.2972
1.2972
1.2972
1.2972
1.2972
1.2972
1.2972
0.0000
1.2972
1.2972
1.2972
1.2972
1.2972
1.2972
1.2972
1.2972
1.2972
1.2972
1.2972
1.2972
0.0000
1.2972
1.2972
1.2972
1.2972
1.2972
1.2972
1.2972
1.2972
1.2972
1.2972
1.2972
1.2972
0.0000
1.2972
1.2972
1.2972
1.2972
1.2972
1.2972
1.2972
1.2972
1.2972
1.2972
1.2972
1.2972
0.0000
1.2972
1.2972
1.2972
1.2972
1.2972
1.2972
1.2972
1.2972
1.2972
1.2972
1.2972
1.2972
0.0000
1.2972
1.2972
1.2972
1.2972
1.2972
1.2972
1.2972
1.2972
1.2972
1.2972
1.2972
1.2972
0.0000
1.2972
1.2972
1.2972
1.2972
1.2972
1.2972
1.2972
1.2972
1.2972
1.2972
1.2972
1.2972
0.0000
1.2972
1.2972
1.2972
1.2972
1.2972
1.2972
1.2972
1.2972
1.2972
1.2972
1.2972
1.2972
0.0000
1.2972
1.2972
1.2972
1.2972
1.2972
1.2972
1.2972
1.2972
1.2972
1.2972
1.2972
1.2972
0.0000
1.2972
1.2972
1.2972
1.2972
0.0000
0.0000
0.0000
0.0000
0.0000
0.0000
0.0000
0.0000
0.0000
0.0000
0.0000
0.0443
1.1848
1.1023
1.0199
0.9773
0.9561
0.9466
0.9389
0.9336
0.9304
0.9326
0.9284
0.9290
1.0410
0.9388
0.9143
0.9154
0.9262
0.9319
0.9359
1.0836
1.1001
1.1136
1.1139
1.1144
0.6821
0.7252
0.7374
0.7429
0.7464
0.7503
0.7537
0.7609
0.7604
0.7582
0.9089
0.7615
0.9161
0.8093
0.8100
0.6585
0.6557
0.6590
0.6596
0.6592
0.8115
0.8182
0.8253
0.6765
0.6741
0.6753
0.6803
0.6834
0.6843
0.6847
0.6873
0.6940
0.6960
0.8506
0.8565
0.8655
0.8718
0.7421
0.7390
0.7378
0.8933
0.8936
0.8944
0.8949
0.8953
0.8981
0.8994
0.9002
0.9010
0.9016
0.9023
0.9028
0.9035
0.9041
0.9054
0.9072
0.9093
0.9092
0.9109
0.9136
0.9165
0.9197
0.9231
0.9265
0.9303
0.9343
0.9379
0.9413
0.9446
0.9478
0.9510
0.8898
0.8814
0.9508
0.9565
0.9608
0.9619
0.8384
0.8354
0.9601
0.9675
0.9718
0.9745
0.9814
0.9891
0.9909
0.9917
0.9914
1.1217
1.0077
0.9984
0.9982
0.9970
0.9957
0.9943
0.9961
0.9982
1.0255
1.0232
1.0213
1.0252
1.0255
1.0207
1.0143
1.0130
1.0085
1.0015
0.9936
1.3305
1.2149
1.1911
1.1716
1.1488
1.1271
1.1168
1.1019
0.9685
1.0760
1.0709
0.9301
1.0375
1.0191
1.0082
0.9960
0.9835
0.9714
0.8348
0.8249
0.8149
0.8096
0.8040
0.7987
0.7937
0.7738
0.7699
0.8596
0.8689
0.8668
0.8652
0.8692
0.8663
0.8630
1.0119
1.0125
1.0182
1.0327
1.0326
1.0416
0.9319
0.9363
0.9388
0.9389
0.9383
0.9331
0.9234
0.9721
1.0059
0.9762
0.9777
0.9780
0.8316
0.8294
0.8277
0.8276
0.8259
0.8243
0.8228
0.8215
0.0000
0.0000
0.0000
0.0000
0.0000
0.0000
0.0000
0.0000
0.0000
0.0000
0.0000
0.0000
0.0000
0.0000
0.0000
0.0000
0.0000
0.0000
0.0000
0.0000
0.0000
0.0000
0.0000
