0.0000
0.0000
0.0000
0.0000
0.0000
0.0000
0.0000
0.0000
0.0000
0.0000
0.0000
0.0000
0.0000
0.0000
0.0000
0.0000
0.0000
0.0000
0.0000
0.0000
0.0000
0.0000
0.0000
0.0000
0.0000
0.0000
0.0000
0.0000
0.0000
0.0000
0.0000
0.0000
0.0000
0.0000
0.0000
0.0000
0.0000
0.0000
0.0000
0.0000
0.0000
0.0000
0.0000
0.0000
0.0000
0.0000
0.0000
0.0000
0.0000
0.0000
0.0000
0.0000
0.0000
0.0000
0.0000
0.0000
0.0000
0.0000
0.0000
0.0000
0.0000
0.2000
0.2000
0.2000
0.2000
0.2000
0.2000
0.2000
0.2000
0.2000
0.2000
0.2000
0.2000
0.2000
0.2000
0.2000
0.2160
0.4969
0.5379
0.5647
0.5859
0.6037
0.6191
0.5768
0.5873
0.9589
0.2000
0.2000
0.2000
0.2000
0.2000
0.2000
0.2000
0.2000
0.2000
0.2000
0.2000
0.2000
0.2000
0.2000
0.2000
0.2000
0.2000
0.2000
0.2000
0.2000
0.2000
0.2000
0.2000
0.2000
0.2000
0.2000
0.2000
0.2000
0.2000
0.2000
0.2000
0.2000
0.2000
0.2000
0.2000
0.2000
0.2000
0.2000
0.2000
0.2000
0.2000
0.2000
0.2000
0.2000
0.2000
0.2000
0.2000
0.2000
0.2000
0.2000
0.2000
0.2000
0.2000
0.2000
0.2000
0.2000
0.2000
0.2000
0.2000
0.2000
0.2000
0.2000
0.2000
0.2000
0.2000
0.2000
0.2000
0.2000
0.2000
0.2000
0.2000
0.2000
0.2000
0.2000
0.2000
0.2000
0.2000
0.2000
0.2000
0.2000
0.2000
0.2000
0.2000
0.2000
0.2000
0.2000
0.2000
0.2000
0.2000
0.2000
0.2000
0.2000
0.2000
0.2000
0.2000
0.2000
0.2000
0.2000
0.2000
0.2000
0.2000
0.2000
0.2000
0.2000
0.2000
0.2000
0.2000
0.2000
0.2000
0.2000
0.2000
0.2000
0.2000
0.2000
0.2000
0.2000
0.2000
0.2000
0.2000
0.2000
0.2000
0.2000
0.2000
0.2000
0.2000
0.2000
0.2000
0.2000
0.2000
0.2000
0.2000
0.2000
0.2000
0.2000
0.2000
0.2000
0.2000
0.2000
0.2000
0.2000
0.2000
0.2000
0.2000
0.2000
0.2000
0.2000
0.2000
0.2000
0.2000
0.2000
0.2000
0.2000
0.2000
0.2000
0.2000
0.2000
0.2000
0.2000
0.2000
0.2000
0.2000
0.2000
0.2000
0.2000
0.2000
0.2000
0.2000
0.2000
0.2000
0.2000
0.2000
0.2000
0.2000
0.2000
0.2000
0.2000
0.2000
0.2000
0.2000
0.0000
0.0000
0.0000
0.0000
0.0000
0.0000
0.0000
0.0000
0.0000
0.0000
0.0000
0.0000
0.0000
0.0000
0.0000
0.0000
0.0000
0.0000
0.0000
0.0000
0.0000
0.0000
0.0000
0.0000
0.0000
0.0000
0.0000
0.0000
0.0000
0.0000
0.2000
0.2000
0.2000
0.2000
0.2000
0.2000
0.2000
0.2000
0.2000
0.2000
0.2000
0.2000
0.0000
0.0000
0.0000
0.2000
0.2000
0.2000
0.2000
0.2000
0.2000
0.2000
0.2000
0.2000
0.2000
0.2000
0.2000
0.0000
0.2000
0.2000
0.2000
0.2000
0.2000
0.2000
0.2000
0.2000
0.2000
0.2000
0.2000
0.2000
0.0000
0.2000
0.2000
0.2000
0.2000
0.2000
0.2000
0.2000
0.2000
0.2000
0.2000
0.2000
0.2000
0.0000
0.2000
0.2000
0.2000
0.2000
0.2000
0.2000
0.2000
0.2000
0.2000
0.2000
0.2000
0.2000
0.2000
0.5758
0.9466
0.9880
1.0000
1.0000
1.0000
1.0000
1.0000
1.0000
1.0000
1.0000
1.0000
0.6957
0.2920
0.2611
0.2480
0.2382
0.2303
0.2253
0.2190
0.2144
0.2108
0.2078
0.2046
0.2035
0.2014
0.2001
0.2000
0.2000
0.2000
0.2000
0.2000
0.2000
0.2000
0.2033
0.2029
0.2055
0.2058
0.2086
0.2102
0.2116
0.2130
0.2143
0.2155
0.2167
0.2179
0.2191
0.2202
0.2228
0.2223
0.2235
0.2250
0.2257
0.2267
0.2262
0.2286
0.2295
0.2303
0.2311
0.2320
0.2330
0.2337
0.2346
0.2355
0.2365
0.2374
0.2384
0.2394
0.2404
0.2431
0.2423
0.2434
0.2444
0.2455
0.2467
0.2479
0.2492
0.2506
0.2521
0.2536
0.2551
0.2566
0.2581
0.2612
0.2611
0.2622
1.0000
1.0000
1.0000
1.0000
1.0000
0.4399
0.3341
0.3234
0.3173
0.3129
0.3097
0.3071
0.3051
0.3034
0.3019
0.3006
0.2994
0.2967
0.2986
0.2963
0.2954
0.2945
0.2937
0.2949
0.2906
0.2918
0.2913
0.2908
0.2904
0.2900
0.2897
0.2893
0.2890
0.2888
0.2889
0.2883
0.2881
0.2880
0.2880
0.2879
0.2879
0.2879
0.2880
0.2880
0.2881
0.2899
0.2868
0.2878
0.2868
0.2879
0.2880
0.2880
0.2881
0.2881
0.2881
0.2882
0.2881
0.2880
0.2863
0.2892
0.2871
0.2863
0.2850
0.2835
0.2805
0.2799
0.2777
0.2755
0.2730
0.2706
0.2679
0.2656
0.2630
0.2604
0.2582
0.2558
0.2527
0.2501
0.2476
0.2466
0.2427
0.2403
0.2380
0.2348
0.2335
0.2312
0.2290
0.2269
0.2248
0.2227
0.2205
0.2186
0.2174
0.2149
0.2128
0.2114
0.2097
0.2067
0.2063
0.2047
0.2030
0.2013
0.2000
0.2000
0.2000
0.0000
0.0000
0.0000
0.0000
0.0000
0.2000
0.2000
0.2000
0.2000
0.2000
0.2000
0.2000
0.2000
0.2000
0.2000
0.2000
0.2000
0.0000
0.2000
0.2000
0.2000
0.2000
0.2000
0.2000
0.2000
0.2000
0.2000
0.2000
0.2000
0.2000
0.0000
0.2000
0.2000
0.2000
0.2000
0.2000
0.2000
0.2000
0.2000
0.2000
0.2000
0.2000
0.2000
0.0000
0.2000
0.2000
0.2000
0.2000
0.2000
0.2000
0.2000
0.2000
0.2000
0.2000
0.2000
0.2000
0.0000
0.2000
0.2000
0.2000
0.2424
0.3606
0.3922
0.4154
0.3931
0.4081
0.2000
0.2000
0.2000
0.0000
0.2000
0.2000
0.2000
0.2000
0.2000
0.2000
0.2000
0.2000
0.2000
0.2000
0.2000
0.2000
0.0000
0.2000
0.2000
0.2000
0.2000
0.2000
0.2000
0.2000
0.2000
0.2000
0.2000
0.2000
0.2000
0.0000
0.3021
1.0000
1.0000
1.0000
1.0000
1.0000
1.0000
1.0000
1.0000
1.0000
1.0000
1.0000
1.0000
1.0000
1.0000
0.8632
0.3830
0.3405
0.3219
0.3102
0.2973
0.2886
0.2810
0.2746
0.2680
0.2645
0.2598
0.2578
0.2533
0.2507
0.2489
0.2476
0.2465
0.2458
0.2439
0.2468
0.2439
0.2462
0.2461
0.2467
0.2472
0.2477
0.2482
0.2487
0.2491
0.2495
0.2499
0.2503
0.2507
0.2494
0.2512
0.2514
0.2531
0.2517
0.2517
0.2518
0.2520
0.2520
0.2521
0.2523
0.2525
0.2530
0.2531
0.2535
0.2540
0.2546
0.2552
0.2560
0.2568
0.2576
0.2585
0.2593
0.2602
0.2611
0.2620
0.2629
0.2640
0.2651
0.2663
0.2676
0.2689
0.2703
0.2717
0.2731
0.2745
0.2760
0.2774
0.2787
0.2800
0.2812
0.2823
0.2834
0.2844
0.2854
0.2864
0.2874
0.2883
0.2887
0.2893
0.2908
0.2916
0.2937
0.2928
0.2933
0.2937
0.2941
0.2945
0.2947
0.2950
0.2968
0.2956
0.2959
0.2963
0.2959
0.2965
0.2972
0.2975
0.2978
0.2980
0.2982
0.2984
0.2989
0.2989
0.2990
0.2993
0.2996
0.2999
0.3002
0.3006
0.3010
0.3014
0.3016
0.3018
0.3009
0.3024
0.3026
0.3028
0.3031
0.3034
0.3022
0.3040
0.3060
0.3045
0.3047
0.3047
0.3031
0.3047
0.3042
0.3051
0.3023
0.3009
0.2976
0.2973
0.2951
0.2929
0.2905
0.2880
0.2853
0.2829
0.2803
0.2786
0.2751
0.2722
0.2696
0.2668
0.2641
0.2632
0.2578
0.2564
0.2539
0.2514
0.2488
0.2464
0.2440
0.2417
0.2394
0.2375
0.2355
0.2330
0.2309
0.2290
0.2269
0.2238
0.2234
0.2216
0.2198
0.2180
0.2162
0.2144
0.2127
0.2110
0.2094
0.0000
0.0000
0.0000
0.0000
0.0000
0.2000
0.2000
0.2000
0.2000
0.2000
0.2000
0.2000
0.2000
0.2000
0.2000
0.2000
0.2000
0.0000
0.2000
0.2000
0.2000
0.2000
0.2000
0.2000
0.2000
0.2000
0.2000
0.2000
0.2000
0.2000
0.0000
0.2000
0.2000
0.2000
0.2000
0.2000
0.2000
0.2000
0.2000
0.2000
0.2000
0.2000
0.2000
0.0000
0.2000
0.2000
0.2000
0.2000
0.2000
0.2000
0.2000
0.2000
0.2000
0.2000
0.2000
0.2000
0.0000
0.2000
0.2000
0.3021
0.3797
0.4085
0.4306
0.2000
0.2000
0.2000
0.2000
0.2000
0.2000
0.0000
0.2000
0.2000
0.2000
0.2000
0.2000
0.2000
0.2000
0.2000
0.2000
0.2000
0.2000
0.2000
0.0000
0.2000
0.2000
0.2000
0.2000
0.2000
0.2000
0.2000
0.2000
0.2000
0.2000
0.2000
0.2000
0.0000
0.2673
1.0000
1.0000
1.0000
1.0000
1.0000
1.0000
1.0000
1.0000
1.0000
1.0000
1.0000
1.0000
0.8554
0.3737
0.3327
0.3157
0.3033
0.2938
0.2879
0.2797
0.2742
0.2696
0.2657
0.2613
0.2599
0.2571
0.2552
0.2537
0.2527
0.2521
0.2535
0.2520
0.2525
0.2515
0.2555
0.2550
0.2549
0.2555
0.2581
0.2591
0.2599
0.2606
0.2626
0.2619
0.2626
0.2631
0.2637
0.2643
0.2637
0.2673
0.2663
0.2670
0.2677
0.2684
0.2691
0.2698
0.2706
0.2714
0.2721
0.2728
0.2736
0.2743
0.2751
0.2759
0.2767
0.2775
1.0000
1.0000
1.0000
1.0000
1.0000
1.0000
1.0000
1.0000
1.0000
1.0000
1.0000
1.0000
1.0000
1.0000
1.0000
1.0000
1.0000
1.0000
1.0000
1.0000
1.0000
0.9149
0.5405
0.4975
0.4752
0.4579
0.4437
0.4317
0.4215
0.4126
0.4041
0.3969
0.3917
0.3880
0.3810
0.3763
0.3720
0.3680
0.3643
0.3609
0.3577
0.3548
0.3519
0.3512
0.3468
0.3446
0.3412
0.3401
0.3385
0.3367
0.3349
0.3333
0.3316
0.3301
0.3290
0.3272
0.3261
0.3249
0.3238
0.3229
0.3221
0.3213
0.3205
0.3199
0.3193
0.3185
0.3166
0.3171
0.3166
0.3162
0.3157
0.3152
0.3132
0.3159
0.3139
0.3135
0.3130
0.3110
0.3135
0.3114
0.3105
0.3092
0.3077
0.3043
0.3039
0.3015
0.2990
0.2964
0.2937
0.2909
0.2879
0.2853
0.2825
0.2796
0.2773
0.2742
0.2709
0.2680
0.2651
0.2641
0.2597
0.2570
0.2544
0.2517
0.2484
0.2468
0.2444
0.2420
0.2395
0.2373
0.2350
0.2328
0.2307
0.2287
0.2272
0.2233
0.2228
0.2209
0.2191
0.2172
0.2154
0.2137
0.2119
0.2102
0.2085
0.0000
0.0000
0.0000
0.0000
0.0000
0.2000
0.2000
0.2000
0.2000
0.2000
0.2000
0.2000
0.2000
0.2000
0.2000
0.2000
0.2000
0.0000
0.2000
0.2000
0.2000
0.2000
0.2000
0.2000
0.2000
0.2000
0.2000
0.2000
0.2000
0.2000
0.0000
0.2000
0.2000
0.2000
0.2000
0.2000
0.2000
0.2000
0.2000
0.2000
0.2000
0.2000
0.2000
0.0000
0.2000
0.2000
0.2000
0.2000
0.2000
0.2000
0.2000
0.2000
0.2000
0.2000
0.2000
0.2000
0.0000
0.2000
0.2000
0.2000
0.2000
0.2000
0.2000
0.2000
0.2000
0.2000
0.2000
0.2000
0.2000
0.0000
0.2000
0.2000
0.2000
0.2000
0.2000
0.2000
0.2000
0.2000
0.2000
0.2000
0.2000
0.2000
0.0000
0.2000
0.2000
0.2000
0.2000
0.2000
0.2000
0.2000
0.2000
0.2000
0.2000
0.2000
0.2000
0.0000
0.2000
0.2000
0.2000
0.2000
0.2000
0.2000
0.2000
0.2000
0.2000
0.2000
0.2000
0.2000
0.2756
0.2143
0.2130
0.2123
0.2117
0.2112
0.2108
0.2105
0.2102
0.2100
0.2099
0.2098
0.2097
0.2097
0.2096
0.2096
0.2097
0.2098
0.2099
0.2101
0.2103
0.2105
0.2107
0.2110
0.2113
0.2118
0.2120
0.2125
0.2130
0.2136
0.2142
0.2149
0.2157
0.2164
0.2172
0.2181
0.2190
0.2198
0.2208
0.2217
0.2226
0.2235
0.2244
0.2253
0.2261
0.2269
0.2278
0.2286
0.2293
0.2302
0.2309
0.2316
0.2324
0.2331
0.2339
0.2347
0.2354
0.2363
0.2370
0.2377
0.2384
0.2390
0.2398
0.2404
0.2409
0.2414
0.2419
0.2423
0.2427
0.2430
0.2434
0.2437
0.2439
0.2442
0.2444
0.2446
0.2446
0.2447
0.2446
0.2446
0.2445
0.2444
0.2442
0.2441
0.2438
0.2435
0.2434
0.2432
0.2429
0.2426
0.2423
0.2420
0.2416
0.2413
0.2409
0.2405
0.2402
0.2397
0.2394
0.2390
0.2386
0.2381
0.2377
0.2373
0.2368
0.2363
0.2359
0.2354
0.2349
0.2345
0.2340
0.2335
0.2330
0.2326
0.2321
0.2316
0.2312
0.2307
0.2303
0.2298
0.2000
0.2000
0.2000
0.2000
0.2000
0.2000
0.2000
0.2000
0.2000
0.2000
0.2000
0.2000
0.0000
0.2000
0.2000
0.2000
0.2000
0.2000
0.2000
0.2000
0.2000
0.2000
0.2000
0.2000
0.2000
0.0000
0.2000
0.2000
0.2000
0.2000
0.2000
0.2000
0.2000
0.2000
0.2000
0.2000
0.2000
0.2000
0.0000
0.2000
0.2000
0.2000
0.2000
0.2000
0.2000
0.2000
0.2000
0.2000
0.2000
0.2000
0.2000
0.0000
0.2000
0.2000
0.2000
0.2000
0.2000
0.2000
0.2000
0.2000
0.2000
0.2000
0.2000
0.2000
0.0000
0.2000
0.2000
0.2000
0.2000
0.2000
0.2000
0.2000
0.2000
0.2000
0.2000
0.2000
0.2000
0.0000
0.2000
0.2000
0.2000
0.2000
0.2000
0.2000
0.2000
0.2000
0.2000
0.2000
0.2000
0.2000
0.0000
0.2000
0.2000
0.2000
0.2000
0.2000
0.2000
0.2000
0.2000
0.2000
0.2000
0.2000
0.2000
0.0000
0.2000
0.2000
0.2000
0.2000
0.2000
0.2000
0.2000
0.2000
0.2000
0.2000
0.2000
0.2000
0.0000
0.2000
0.2000
0.2000
0.2000
0.2000
0.2000
0.2000
0.2000
0.2000
0.2000
0.2000
0.2000
0.0000
0.2000
0.2000
0.2000
0.2000
0.2000
0.2000
0.2000
0.2000
0.2000
0.2000
0.2000
0.2000
0.0000
0.2000
0.2000
0.2000
0.2000
0.2000
0.2000
0.2000
0.2000
0.2000
0.2000
0.2000
0.2000
0.0000
0.2000
0.2000
0.2000
0.2000
0.2000
0.2000
0.2000
0.2000
0.2000
0.2000
0.2000
0.2000
0.0000
0.2000
0.2000
0.2000
0.2000
0.2000
0.2000
0.2000
0.2000
0.2000
0.2000
0.2000
0.2000
0.0000
0.2000
0.2000
0.2000
0.2000
0.2000
0.2000
0.2000
0.2000
0.2000
0.2000
0.2000
0.2000
0.0000
0.2000
0.2000
0.2000
0.2000
0.2000
0.2000
0.2000
0.2000
0.2000
0.2000
0.2000
0.2000
0.0000
0.2000
0.2000
0.2000
0.2000
0.2000
0.2000
0.2000
0.2000
0.2000
0.2000
0.2000
0.2000
0.0000
0.2000
0.2000
0.2000
0.2000
0.2000
0.2000
0.2000
0.2000
0.2000
0.2000
0.2000
0.2000
0.0000
0.2000
0.2000
0.2000
0.2000
0.2000
0.2000
0.2000
0.2000
0.2000
0.2000
0.2000
0.2000
0.0000
0.2000
0.2000
0.2000
0.2000
0.2000
0.2000
0.2000
0.2000
0.2000
0.2000
0.2000
0.2000
0.0000
0.2000
0.2000
0.2000
0.2000
0.2000
0.2000
0.2000
0.2000
0.2000
0.2000
0.2000
0.2000
0.0000
0.2000
0.2000
0.2000
0.2000
0.2000
0.2000
0.2000
0.2000
0.2000
0.2000
0.2000
0.2000
0.0000
0.2000
0.2000
0.2000
0.2000
0.2000
0.2000
0.2000
0.2000
0.2000
0.2000
0.2000
0.2000
0.0000
0.2000
0.2000
0.2000
0.2000
0.2000
0.2000
0.2000
0.2000
0.2000
0.2000
0.2000
0.2000
0.0000
0.2000
0.2000
0.2000
0.2000
0.2000
0.2000
0.2000
0.2000
0.2000
0.2000
0.2000
0.2000
0.0000
0.2000
0.2000
0.2000
0.2000
0.2000
0.2000
0.2000
0.2000
0.2000
0.2000
0.2000
0.2000
0.0000
0.2000
0.2000
0.2000
0.2000
0.2000
0.2000
0.2000
0.2000
0.2000
0.2000
0.2000
0.2000
0.0000
0.2000
0.2000
0.2000
0.2000
0.2000
0.2000
0.2000
0.2000
0.2000
0.2000
0.2000
0.2000
0.0000
0.2000
0.2000
0.2000
0.2000
0.2000
0.2000
0.2000
0.2000
0.2000
0.2000
0.2000
0.2000
0.0000
0.2000
0.2000
0.2000
0.2000
0.2000
0.2000
0.2000
0.2000
0.2000
0.2000
0.2000
0.2000
0.0000
0.2000
0.2000
0.2000
0.2000
0.2000
0.2000
0.2000
0.2000
0.2000
0.2000
0.2000
0.2000
0.0000
0.2000
0.2000
0.2000
0.2000
0.3282
0.3966
0.4231
0.4434
0.4602
0.4745
0.4868
0.4565
0.0000
0.2000
0.2000
0.2000
0.2000
0.2000
0.2000
0.2000
0.2000
0.2000
0.2000
0.2000
0.2000
0.0000
0.2000
0.2000
0.2000
0.2000
0.2000
0.2000
0.2000
0.2000
0.2000
0.2000
0.2000
0.2000
0.0000
0.2000
0.2000
0.2558
1.0000
1.0000
1.0000
1.0000
1.0000
1.0000
1.0000
1.0000
1.0000
1.0000
1.0000
1.0000
0.8831
0.3779
0.3342
0.3162
0.3029
0.2926
0.2844
0.2791
0.2714
0.2661
0.2617
0.2563
0.2548
0.2516
0.2492
0.2473
0.2459
0.2448
0.2442
0.2439
0.2439
0.2457
0.2447
0.2454
0.2464
0.2459
0.2498
0.2478
0.2501
0.2509
0.2517
0.2524
0.2531
0.2538
0.2546
0.2554
0.2562
0.2569
0.2593
0.2585
0.2591
0.2598
0.2589
0.2611
0.2618
0.2624
0.2630
0.2637
0.2647
0.2652
0.2660
0.2669
0.2679
0.2705
0.2700
0.2711
0.2723
0.2735
0.2747
0.2759
0.2772
0.2784
0.2797
0.2811
0.2826
0.2841
0.2857
0.2873
0.2889
0.2905
0.2920
0.2936
0.2951
0.2965
0.2979
0.2991
0.3003
0.3014
0.3025
0.3034
0.3044
0.3053
0.3062
0.3071
0.3073
0.3080
0.3095
0.3104
0.3110
0.3115
0.3120
0.3125
0.3129
0.3133
0.3136
0.3139
0.3161
0.3145
0.3128
0.3168
0.3131
0.3149
0.3150
0.3149
0.3147
0.3145
0.3143
0.3141
0.3143
0.3138
0.3136
0.3135
0.3134
0.3134
0.3134
0.3134
0.3136
0.3136
0.3137
0.3137
0.3132
0.3139
0.3140
0.3142
0.3143
0.3146
0.3148
0.3151
0.3153
0.3154
0.3156
0.3157
0.3156
0.3157
0.3154
0.3146
0.3136
0.3123
0.3107
0.3089
0.3069
0.3048
0.3026
0.3003
0.2977
0.2955
0.2930
0.2906
0.2881
0.2856
0.2831
0.2806
0.2782
0.2758
0.2751
0.2711
0.2687
0.2665
0.2642
0.2620
0.2597
0.2575
0.2554
0.2532
0.2513
0.2493
0.2472
0.2454
0.2433
0.2418
0.2401
0.2384
0.2353
0.2350
0.2333
0.2316
0.2299
0.2282
0.2266
0.2000
0.2000
0.2000
0.2000
0.2000
0.2000
0.2000
0.2000
0.2000
0.2000
0.2000
0.2000
0.0000
0.2000
0.2000
0.2000
0.2000
0.2000
0.2000
0.2000
0.2000
0.2000
0.2000
0.2000
1.0000
0.0000
1.0000
1.0000
1.0000
1.0000
1.0000
1.0000
1.0000
1.0000
1.0000
1.0000
1.0000
1.0000
0.0000
1.0000
1.0000
1.0000
1.0000
1.0000
1.0000
1.0000
1.0000
1.0000
1.0000
1.0000
1.0000
0.0000
1.0000
1.0000
1.0000
1.0000
1.0000
1.0000
1.0000
1.0000
1.0000
1.0000
1.0000
1.0000
0.0000
1.0000
1.0000
1.0000
1.0000
1.0000
1.0000
1.0000
1.0000
1.0000
1.0000
1.0000
1.0000
0.0000
1.0000
1.0000
1.0000
1.0000
1.0000
1.0000
1.0000
1.0000
1.0000
1.0000
1.0000
1.0000
0.0000
1.0000
1.0000
1.0000
1.0000
1.0000
1.0000
1.0000
1.0000
1.0000
1.0000
1.0000
1.0000
1.0000
1.0000
1.0000
1.0000
1.0000
0.2000
0.2000
0.2000
0.2000
0.2000
0.2000
0.2000
0.2000
0.2000
0.2000
0.2000
0.2000
0.2000
0.2000
0.2000
0.2000
0.2000
0.2000
0.2000
0.2000
0.2000
0.2000
0.2000
0.2000
0.2000
0.2000
0.2000
0.2000
0.2000
0.2000
0.2000
0.2000
0.2000
0.2000
0.2000
0.2000
0.2000
0.2000
0.2000
0.2000
0.2000
0.2000
0.2000
0.2000
0.2000
0.2000
0.2000
0.2000
0.2000
0.2000
0.2000
0.2000
0.2000
0.2000
0.2000
0.2000
0.2000
0.2000
0.2000
0.2000
0.2000
0.2000
0.2000
0.2000
0.2000
0.2000
0.2000
0.2000
0.2000
0.2000
0.2000
0.2000
0.2000
0.2000
0.2000
0.2000
0.2000
0.2000
0.2000
0.2000
0.2000
0.2000
0.2000
0.2000
0.2000
0.2000
0.2000
0.2000
0.2000
0.2000
0.2000
0.2000
0.2000
0.2000
0.2000
0.2000
0.2000
0.2000
0.2000
0.2000
0.2000
0.2000
0.2000
0.2000
0.2000
0.2000
0.2000
0.2000
0.2000
0.2000
0.2000
0.2000
0.2000
0.2000
0.2000
0.2000
0.2000
0.2000
0.2000
0.2000
0.2000
0.2000
0.2000
0.2000
0.2000
0.2000
0.2000
0.2000
0.2000
0.2000
0.2000
0.2000
0.2000
0.2000
0.2000
0.2000
0.2000
0.2000
0.2000
0.2000
0.2000
0.2000
0.2000
0.2000
0.2000
0.2000
0.2000
0.2000
0.2000
0.2000
0.2000
0.2000
0.2000
0.2000
0.2000
0.2000
0.2000
0.2000
0.2000
0.2000
0.2000
0.2000
0.2000
0.2000
0.2000
0.2000
0.2000
0.2000
0.2000
0.2000
0.2000
0.2000
0.2000
0.2000
0.2000
0.2000
0.2000
0.2000
0.2000
0.2000
1.0000
1.0000
1.0000
1.0000
1.0000
1.0000
1.0000
1.0000
1.0000
1.0000
1.0000
1.0000
0.0000
1.0000
1.0000
1.0000
1.0000
1.0000
1.0000
1.0000
1.0000
1.0000
1.0000
1.0000
1.0000
0.0000
1.0000
1.0000
1.0000
1.0000
1.0000
1.0000
1.0000
1.0000
1.0000
1.0000
1.0000
1.0000
0.0000
1.0000
1.0000
1.0000
1.0000
1.0000
1.0000
1.0000
1.0000
1.0000
1.0000
1.0000
1.0000
0.0000
1.0000
1.0000
1.0000
1.0000
1.0000
1.0000
1.0000
1.0000
1.0000
1.0000
1.0000
1.0000
0.0000
1.0000
1.0000
1.0000
1.0000
1.0000
1.0000
1.0000
1.0000
1.0000
1.0000
1.0000
1.0000
0.0000
1.0000
1.0000
1.0000
1.0000
1.0000
1.0000
1.0000
1.0000
1.0000
1.0000
1.0000
1.0000
0.0000
1.0000
1.0000
1.0000
1.0000
1.0000
1.0000
1.0000
1.0000
1.0000
1.0000
1.0000
1.0000
1.0000
1.0000
1.0000
1.0000
1.0000
0.2000
0.2000
0.2000
0.2000
0.2000
0.2000
0.2000
0.2000
0.2000
0.2000
0.2000
0.2000
0.2000
0.2000
0.2000
0.2000
0.2000
0.2000
0.2000
0.2000
0.2000
0.2000
0.2000
0.2000
0.2000
0.2000
0.2000
0.2000
0.2000
0.2000
0.2000
0.2000
0.2000
0.2000
0.2000
0.2000
0.2000
0.2000
0.2000
0.2000
0.2000
0.2000
0.2000
0.2000
0.2000
0.2000
0.2000
0.2000
0.2000
0.2000
0.2000
0.2000
0.2000
0.2000
0.2000
0.2000
0.2000
0.2000
0.2000
0.2000
0.2000
0.2000
0.2000
0.2000
0.2000
0.2000
0.2000
0.2000
0.2000
0.2000
0.2000
0.2000
0.2000
0.2000
0.2000
0.2000
0.2000
0.2000
0.2000
0.2000
0.2000
0.2000
0.2000
0.2000
0.2000
0.2000
0.2000
0.2000
0.2000
0.2000
0.2000
0.2000
0.2000
0.2000
0.2000
0.2000
0.2000
0.2000
0.2000
0.2000
0.2000
0.2000
0.2000
0.2000
0.2000
0.2000
0.2000
0.2000
0.2000
0.2000
0.2000
0.2000
0.2000
0.2000
0.2000
0.2000
0.2000
0.2000
0.2000
0.2000
0.2000
0.2000
0.2000
0.2000
0.2000
0.2000
0.2000
0.2000
0.2000
0.2000
0.2000
0.2000
0.2000
0.2000
0.2000
0.2000
0.2000
0.2000
0.2000
0.2000
0.2000
0.2000
0.2000
0.2000
0.2000
0.2000
0.2000
0.2000
0.2000
0.2000
0.2000
0.2000
0.2000
0.2000
0.2000
0.2000
0.2000
0.2000
0.2000
0.2000
0.2000
0.2000
0.2000
0.2000
0.2000
0.2000
0.2000
0.2000
0.2000
0.2000
0.2000
0.2000
0.2000
0.2000
0.2000
0.2000
0.2000
0.2000
0.2000
0.2000
1.0000
1.0000
1.0000
1.0000
1.0000
1.0000
1.0000
1.0000
1.0000
1.0000
1.0000
1.0000
0.0000
1.0000
1.0000
1.0000
1.0000
1.0000
1.0000
1.0000
1.0000
1.0000
1.0000
1.0000
0.2000
0.0000
0.0000
0.0000
0.0000
0.2000
0.2000
0.2000
0.2000
0.2000
0.2000
0.2000
0.2000
0.2000
0.2000
0.2000
0.2000
0.0000
0.2000
0.2000
0.2000
0.2000
0.2000
0.2000
0.2000
0.2000
0.2000
0.2000
0.2000
0.2000
0.0000
0.2000
0.2000
0.2052
0.4581
0.4968
0.5219
0.5417
0.5581
0.5720
0.5427
0.2000
0.2000
0.0000
0.2000
0.2000
0.2000
0.2000
0.2000
0.2000
0.2000
0.2000
0.2000
0.2000
0.2000
0.2000
0.0000
0.2000
0.2000
0.2000
0.2000
0.2000
0.2000
0.2000
0.2000
0.2000
0.2000
0.2000
0.2000
0.0000
0.2000
0.2000
0.6130
1.0000
1.0000
1.0000
1.0000
1.0000
1.0000
1.0000
1.0000
1.0000
1.0000
1.0000
1.0000
1.0000
0.5615
0.4343
0.4088
0.3917
0.3781
0.3693
0.3580
0.3503
0.3437
0.3381
0.3322
0.3297
0.3256
0.3228
0.3205
0.3188
0.3175
0.3166
0.3163
0.3161
0.3184
0.3150
0.3195
0.3170
0.3194
0.3184
0.3212
0.3220
0.3227
0.3234
0.3241
0.3246
0.3251
0.3257
0.3262
0.3269
0.3273
0.3278
0.3282
0.3287
0.3291
0.3295
0.3320
0.3304
0.3310
0.3313
0.3319
0.3324
0.3330
0.3336
0.3343
0.3349
0.3356
0.3363
0.3370
0.3377
0.3384
0.3391
0.3398
0.3405
0.3412
0.3421
0.3430
0.3439
0.3450
0.3461
0.3473
0.3484
0.3496
0.3508
0.3520
0.3532
0.3544
1.0000
1.0000
1.0000
1.0000
1.0000
0.7004
0.4448
0.4239
0.4147
0.4081
0.4030
0.3989
0.3954
0.3923
0.3895
0.3870
0.3846
0.3828
0.3797
0.3780
0.3761
0.3741
0.3743
0.3706
0.3669
0.3697
0.3644
0.3646
0.3635
0.3622
0.3610
0.3599
0.3588
0.3578
0.3572
0.3559
0.3552
0.3544
0.3538
0.3532
0.3528
0.3523
0.3519
0.3516
0.3514
0.3509
0.3494
0.3502
0.3501
0.3499
0.3496
0.3478
0.3513
0.3495
0.3493
0.3492
0.3490
0.3488
0.3482
0.3479
0.3472
0.3460
0.3444
0.3427
0.3389
0.3382
0.3357
0.3330
0.3302
0.3274
0.3244
0.3218
0.3189
0.3172
0.3130
0.3098
0.3068
0.3038
0.3008
0.2998
0.2950
0.2922
0.2880
0.2866
0.2837
0.2809
0.2782
0.2755
0.2729
0.2704
0.2678
0.2653
0.2632
0.2613
0.2566
0.2562
0.2540
0.2518
0.2496
0.2474
0.2453
0.2432
0.2411
0.2391
0.2371
0.0000
0.0000
0.0000
0.0000
0.0000
0.2000
0.2000
0.2000
0.2000
0.2000
0.2000
0.2000
0.2000
0.2000
0.2000
0.2000
0.2000
0.0000
0.2000
0.2000
0.2000
0.2000
0.2000
0.2000
0.2000
0.2000
0.2000
0.2000
0.2000
0.2000
0.0000
0.2000
0.2000
0.2000
0.2000
0.2000
0.2000
0.2000
0.2000
0.2000
0.2000
0.2000
0.2000
0.0000
0.2000
0.2000
0.2000
0.2000
0.2000
0.2000
0.2000
0.2000
0.2000
0.2000
0.2000
0.2000
0.0000
0.2000
0.2000
0.2000
0.3402
0.4000
0.4270
0.4481
0.4658
0.4809
0.4940
0.2000
0.2000
0.0000
0.2000
0.2000
0.2000
0.2000
0.2000
0.2000
0.2000
0.2000
0.2000
0.2000
0.2000
0.2000
0.0000
0.2000
0.2000
0.2000
0.2000
0.2000
0.2000
0.2000
0.2000
0.2000
0.2000
0.2000
0.2000
0.0000
0.3917
1.0000
1.0000
1.0000
1.0000
1.0000
1.0000
1.0000
1.0000
1.0000
1.0000
1.0000
1.0000
1.0000
0.9389
0.4115
0.3645
0.3453
0.3311
0.3197
0.3127
0.3032
0.2970
0.2919
0.2883
0.2825
0.2805
0.2779
0.2757
0.2741
0.2730
0.2740
0.2720
0.2719
0.2721
0.2727
0.2721
0.2742
0.2734
0.2759
0.2767
0.2775
0.2781
0.2787
0.2792
0.2798
0.2804
0.2809
0.2831
0.2821
0.2827
0.2851
0.2841
0.2848
0.2857
0.2848
0.2874
0.2882
0.2890
0.2897
0.2906
0.2933
0.2921
0.2930
0.2940
0.2950
0.2960
1.0000
1.0000
1.0000
1.0000
1.0000
1.0000
1.0000
1.0000
1.0000
1.0000
1.0000
1.0000
1.0000
1.0000
1.0000
1.0000
1.0000
1.0000
1.0000
1.0000
1.0000
1.0000
1.0000
1.0000
1.0000
0.9246
0.5435
0.5040
0.4847
0.4697
0.4576
0.4473
0.4383
0.4304
0.4222
0.4167
0.4110
0.4057
0.4001
0.3954
0.3918
0.3879
0.3843
0.3823
0.3778
0.3747
0.3730
0.3689
0.3671
0.3648
0.3627
0.3607
0.3589
0.3571
0.3558
0.3537
0.3522
0.3509
0.3496
0.3484
0.3473
0.3463
0.3453
0.3444
0.3435
0.3425
0.3405
0.3408
0.3401
0.3395
0.3389
0.3385
0.3380
0.3376
0.3372
0.3367
0.3363
1.0000
1.0000
1.0000
1.0000
1.0000
1.0000
1.0000
1.0000
1.0000
1.0000
1.0000
1.0000
1.0000
1.0000
1.0000
1.0000
1.0000
1.0000
1.0000
1.0000
1.0000
1.0000
1.0000
1.0000
1.0000
1.0000
1.0000
1.0000
1.0000
1.0000
1.0000
1.0000
1.0000
1.0000
1.0000
1.0000
1.0000
1.0000
1.0000
1.0000
1.0000
1.0000
1.0000
1.0000
1.0000
1.0000
1.0000
1.0000
1.0000
1.0000
1.0000
1.0000
1.0000
1.0000
1.0000
1.0000
1.0000
1.0000
1.0000
1.0000
0.0000
1.0000
1.0000
1.0000
1.0000
1.0000
1.0000
1.0000
1.0000
1.0000
1.0000
1.0000
1.0000
0.0000
1.0000
1.0000
1.0000
1.0000
1.0000
1.0000
1.0000
1.0000
1.0000
1.0000
1.0000
1.0000
0.0000
1.0000
1.0000
1.0000
1.0000
1.0000
1.0000
1.0000
1.0000
1.0000
1.0000
1.0000
1.0000
0.0000
1.0000
1.0000
1.0000
1.0000
1.0000
1.0000
1.0000
1.0000
1.0000
1.0000
1.0000
1.0000
0.0000
1.0000
1.0000
1.0000
1.0000
1.0000
1.0000
1.0000
1.0000
1.0000
1.0000
1.0000
1.0000
0.0000
1.0000
1.0000
1.0000
1.0000
1.0000
1.0000
1.0000
1.0000
1.0000
1.0000
1.0000
1.0000
0.0000
1.0000
1.0000
1.0000
1.0000
1.0000
1.0000
1.0000
1.0000
1.0000
1.0000
1.0000
1.0000
1.0000
1.0000
1.0000
1.0000
1.0000
1.0000
1.0000
1.0000
1.0000
1.0000
1.0000
1.0000
1.0000
1.0000
1.0000
1.0000
1.0000
1.0000
1.0000
1.0000
1.0000
1.0000
1.0000
1.0000
1.0000
1.0000
1.0000
1.0000
1.0000
1.0000
1.0000
1.0000
1.0000
1.0000
1.0000
1.0000
1.0000
1.0000
1.0000
1.0000
1.0000
1.0000
1.0000
1.0000
1.0000
1.0000
1.0000
1.0000
1.0000
1.0000
1.0000
1.0000
1.0000
1.0000
1.0000
1.0000
1.0000
1.0000
1.0000
1.0000
1.0000
1.0000
1.0000
1.0000
1.0000
1.0000
1.0000
1.0000
1.0000
1.0000
1.0000
1.0000
1.0000
1.0000
1.0000
1.0000
1.0000
1.0000
1.0000
1.0000
1.0000
1.0000
1.0000
1.0000
1.0000
1.0000
1.0000
1.0000
1.0000
1.0000
1.0000
1.0000
1.0000
1.0000
1.0000
1.0000
1.0000
1.0000
1.0000
1.0000
1.0000
1.0000
1.0000
1.0000
1.0000
1.0000
1.0000
1.0000
1.0000
1.0000
1.0000
1.0000
1.0000
1.0000
1.0000
1.0000
1.0000
1.0000
1.0000
1.0000
1.0000
1.0000
1.0000
1.0000
1.0000
1.0000
1.0000
1.0000
1.0000
1.0000
1.0000
1.0000
1.0000
1.0000
1.0000
1.0000
1.0000
1.0000
1.0000
1.0000
1.0000
1.0000
1.0000
1.0000
1.0000
1.0000
1.0000
1.0000
1.0000
0.0000
1.0000
1.0000
1.0000
1.0000
1.0000
1.0000
1.0000
1.0000
1.0000
1.0000
1.0000
1.0000
0.0000
1.0000
1.0000
1.0000
1.0000
1.0000
1.0000
1.0000
1.0000
1.0000
1.0000
1.0000
1.0000
0.0000
1.0000
1.0000
1.0000
1.0000
1.0000
1.0000
1.0000
1.0000
1.0000
1.0000
1.0000
1.0000
0.0000
1.0000
1.0000
1.0000
1.0000
1.0000
1.0000
1.0000
1.0000
1.0000
1.0000
1.0000
1.0000
0.0000
1.0000
1.0000
1.0000
1.0000
1.0000
1.0000
1.0000
1.0000
1.0000
1.0000
1.0000
1.0000
0.0000
1.0000
1.0000
1.0000
1.0000
1.0000
1.0000
1.0000
1.0000
1.0000
1.0000
1.0000
1.0000
0.0000
1.0000
1.0000
1.0000
1.0000
1.0000
1.0000
1.0000
1.0000
1.0000
1.0000
1.0000
1.0000
0.0000
1.0000
1.0000
1.0000
1.0000
1.0000
1.0000
1.0000
1.0000
1.0000
1.0000
1.0000
1.0000
0.0000
1.0000
1.0000
1.0000
1.0000
1.0000
1.0000
1.0000
1.0000
1.0000
1.0000
1.0000
1.0000
0.0000
1.0000
1.0000
1.0000
1.0000
1.0000
1.0000
1.0000
1.0000
1.0000
1.0000
1.0000
1.0000
0.0000
1.0000
1.0000
1.0000
1.0000
1.0000
1.0000
1.0000
1.0000
1.0000
1.0000
1.0000
1.0000
0.0000
1.0000
1.0000
1.0000
1.0000
1.0000
1.0000
1.0000
1.0000
1.0000
1.0000
1.0000
1.0000
0.0000
1.0000
1.0000
1.0000
1.0000
1.0000
1.0000
1.0000
1.0000
1.0000
1.0000
1.0000
1.0000
0.0000
1.0000
1.0000
1.0000
1.0000
1.0000
1.0000
1.0000
1.0000
1.0000
1.0000
1.0000
1.0000
0.0000
1.0000
1.0000
1.0000
1.0000
1.0000
1.0000
1.0000
1.0000
1.0000
1.0000
1.0000
1.0000
0.0000
1.0000
1.0000
1.0000
1.0000
1.0000
1.0000
1.0000
1.0000
1.0000
1.0000
1.0000
1.0000
0.0000
1.0000
1.0000
1.0000
1.0000
1.0000
1.0000
1.0000
1.0000
1.0000
1.0000
1.0000
1.0000
0.0000
1.0000
1.0000
1.0000
1.0000
1.0000
1.0000
1.0000
1.0000
1.0000
1.0000
1.0000
1.0000
0.0000
1.0000
1.0000
1.0000
1.0000
1.0000
1.0000
1.0000
1.0000
1.0000
1.0000
1.0000
1.0000
0.0000
1.0000
1.0000
1.0000
1.0000
1.0000
1.0000
1.0000
1.0000
1.0000
1.0000
1.0000
1.0000
0.0000
1.0000
1.0000
1.0000
1.0000
1.0000
1.0000
1.0000
1.0000
1.0000
1.0000
1.0000
1.0000
0.0000
1.0000
1.0000
1.0000
1.0000
1.0000
1.0000
1.0000
1.0000
1.0000
1.0000
1.0000
1.0000
0.0000
1.0000
1.0000
1.0000
1.0000
1.0000
1.0000
1.0000
1.0000
1.0000
1.0000
1.0000
1.0000
0.0000
1.0000
1.0000
1.0000
1.0000
1.0000
1.0000
1.0000
1.0000
1.0000
1.0000
1.0000
1.0000
0.0000
1.0000
1.0000
1.0000
1.0000
1.0000
1.0000
1.0000
1.0000
1.0000
1.0000
1.0000
1.0000
0.0000
1.0000
1.0000
1.0000
1.0000
1.0000
1.0000
1.0000
1.0000
1.0000
1.0000
1.0000
1.0000
0.0000
1.0000
1.0000
1.0000
1.0000
1.0000
1.0000
1.0000
1.0000
1.0000
1.0000
1.0000
1.0000
0.0000
1.0000
1.0000
1.0000
1.0000
1.0000
1.0000
1.0000
1.0000
1.0000
1.0000
1.0000
1.0000
0.0000
1.0000
1.0000
1.0000
1.0000
1.0000
1.0000
1.0000
1.0000
1.0000
1.0000
1.0000
1.0000
0.0000
1.0000
1.0000
1.0000
1.0000
1.0000
1.0000
1.0000
1.0000
1.0000
1.0000
1.0000
1.0000
0.0000
1.0000
1.0000
1.0000
1.0000
1.0000
1.0000
1.0000
1.0000
1.0000
1.0000
1.0000
1.0000
0.0000
1.0000
1.0000
1.0000
1.0000
0.2000
0.2000
0.2000
0.2000
0.2000
0.2000
0.2000
0.2000
0.0000
0.2000
0.2000
0.2000
0.2000
0.6176
0.9595
0.9959
1.0000
1.0000
1.0000
1.0000
1.0000
1.0000
1.0000
1.0000
1.0000
0.6368
0.2821
0.2567
0.2448
0.2358
0.2288
0.2246
0.2188
0.2151
0.2120
0.2095
0.2067
0.2062
0.2046
0.2036
0.2030
0.2028
0.2030
0.2035
0.2042
0.2052
0.2077
0.2066
0.2108
0.2102
0.2129
0.2133
0.2163
0.2179
0.2193
0.2206
0.2234
0.2233
0.2246
0.2244
0.2270
0.2282
0.2294
0.2304
0.2315
0.2325
0.2335
0.2345
0.2355
0.2380
0.2376
0.2387
0.2398
0.2396
0.2420
0.2432
0.2459
0.2455
0.2468
0.2481
0.2495
0.2508
0.2522
0.2535
0.2549
0.2562
0.2576
0.2591
0.2606
0.2622
0.2639
0.2656
0.2674
0.2691
0.2709
0.2727
0.2744
0.2761
0.2778
0.2793
0.2808
0.2822
0.2835
0.2847
0.2859
0.2870
0.2880
0.2883
0.2899
0.2917
0.2917
0.2925
0.2931
0.2922
0.2942
0.2961
0.2950
0.2953
0.2955
0.2958
0.2960
0.2961
0.2962
0.2963
0.2980
0.2952
0.2966
0.2968
0.2969
0.2970
0.2971
0.2972
0.2972
0.2975
0.2972
0.2973
0.2975
0.2975
0.2976
0.2978
0.2981
0.2982
0.2984
0.2985
0.2987
0.2974
0.2986
0.2988
0.2988
0.2990
0.2993
0.2994
0.2980
0.3011
0.2998
0.2981
0.3012
0.2995
0.2994
0.2989
0.2981
0.2970
0.2940
0.2939
0.2919
0.2898
0.2875
0.2852
0.2828
0.2801
0.2778
0.2764
0.2728
0.2701
0.2676
0.2651
0.2625
0.2599
0.2591
0.2550
0.2526
0.2504
0.2479
0.2458
0.2424
0.2414
0.2393
0.2372
0.2351
0.2331
0.2311
0.2298
0.2278
0.2255
0.2241
0.2224
0.2194
0.2192
0.2176
0.2160
0.2144
0.2128
0.2113
0.2098
0.0000
0.0000
0.0000
0.0000
0.2000
0.2000
0.2000
0.2000
0.2000
0.2000
0.2000
0.2000
0.2000
0.2000
0.2000
0.2000
0.0000
0.2000
0.2000
0.2000
0.2000
0.2000
0.2000
