0.0000
0.0000
0.0000
0.0000
0.0000
0.0000
0.0000
0.0000
0.0000
0.0000
0.0000
0.0000
0.0000
0.0000
0.0000
0.0000
0.0000
0.0000
0.0000
0.0000
0.0000
0.0000
0.0000
0.0000
0.0000
0.0000
0.0000
0.0000
0.0000
0.0000
0.0000
0.0000
0.0000
0.0000
0.0000
0.0000
0.0000
0.0000
0.0000
0.0000
0.0000
0.0000
0.0000
0.0000
0.0000
0.0000
0.0000
0.0000
0.0000
0.0000
0.0000
0.0000
0.0000
0.0000
0.0000
0.0000
0.0000
0.0000
0.0000
0.0000
0.0000
0.0207
0.0207
0.0207
0.0207
0.0207
0.0207
0.0207
0.0207
0.0207
0.0207
0.0207
0.0207
0.0207
0.0207
0.0207
0.0207
0.0207
0.0207
0.0207
0.0207
0.0207
0.0207
0.0207
0.0207
0.0207
0.0207
0.0207
0.0207
0.0207
0.0207
0.0207
0.0207
0.0207
0.0207
0.0207
0.0207
0.0658
0.0775
0.0757
0.0777
0.0794
0.0809
0.0822
0.0833
0.0844
0.0853
0.0910
0.0909
0.0928
0.0927
0.0936
0.0937
0.0947
0.0950
0.0958
0.0964
0.0972
0.0976
0.0982
0.0987
0.0991
0.0947
0.0958
0.0955
0.0957
0.1003
0.1004
0.1003
0.1002
0.1001
0.0999
0.0996
0.0994
0.0991
0.0987
0.0983
0.0980
0.0978
0.0979
0.0969
0.0966
0.0963
0.0961
0.0959
0.0953
0.0949
0.0945
0.0942
0.0939
0.0937
0.0931
0.0935
0.0936
0.0935
0.0936
0.0937
0.0979
0.0938
0.0894
0.0895
0.0895
0.0896
0.0895
0.0894
0.0892
0.0890
0.0882
0.0885
0.0923
0.0917
0.0913
0.0907
0.0902
0.0896
0.0892
0.0889
0.0890
0.0883
0.0880
0.0878
0.0877
0.0834
0.0832
0.0833
0.0838
0.0871
0.0921
0.0921
0.0963
0.0877
0.0875
0.0873
0.0867
0.0862
0.0854
0.0848
0.0841
0.0834
0.0826
0.0816
0.0806
0.0795
0.0784
0.0772
0.0720
0.0207
0.0207
0.0207
0.0207
0.0207
0.0207
0.0207
0.0207
0.0207
0.0207
0.0207
0.0207
0.0207
0.0207
0.0207
0.0207
0.0207
0.0207
0.0207
0.0207
0.0207
0.0207
0.0207
0.0207
0.0207
0.0207
0.0207
0.0207
0.0207
0.0207
0.0207
0.0207
0.0207
0.0207
0.0207
0.0207
0.0207
0.0207
0.0207
0.0207
0.0207
0.0207
0.0207
0.0207
0.0207
0.0207
0.0207
0.0207
0.0207
0.0207
0.0207
0.0207
0.0207
0.0207
0.0207
0.0207
0.0207
0.0207
0.0207
0.0000
0.0000
0.0000
0.0000
0.0000
0.0000
0.0000
0.0000
0.0000
0.0000
0.0000
0.0000
0.0000
0.0000
0.0000
0.0000
0.0000
0.0000
0.0000
0.0000
0.0000
0.0000
0.0000
0.0000
0.0000
0.0000
0.0000
0.0000
0.0000
0.0000
0.0207
0.0207
0.0207
0.0207
0.0207
0.0207
0.0207
0.0207
0.0207
0.0207
0.0207
0.0207
0.0000
0.0000
0.0000
0.0207
0.0207
0.0207
0.0207
0.0207
0.0207
0.0207
0.0207
0.0207
0.0207
0.0207
0.0207
0.0000
0.0207
0.0207
0.0207
0.0207
0.0207
0.0207
0.0207
0.0207
0.0207
0.0207
0.0207
0.0207
0.0000
0.0207
0.0207
0.0207
0.0207
0.0207
0.0207
0.0207
0.0207
0.0207
0.0207
0.0207
0.0207
0.0000
0.0207
0.0207
0.0207
0.0207
0.0207
0.0207
0.0207
0.0207
0.0207
0.0207
0.0207
0.0207
0.0207
0.0207
0.0207
0.0207
0.0207
0.0207
0.0207
0.0207
0.0207
0.0207
0.0207
0.0207
0.0207
0.0207
0.0207
0.0207
0.0207
0.0207
0.0207
0.0207
0.0207
0.0207
0.0207
0.0236
0.0815
0.0869
0.0900
0.0930
0.0958
0.0984
0.1006
0.1026
0.1033
0.1033
0.1033
0.1033
0.1033
0.1033
0.1033
0.1033
0.1033
0.1033
0.1033
0.1033
0.1033
0.1033
0.1033
0.1033
0.1033
0.1033
0.0841
0.0676
0.1033
0.1033
0.1033
0.1033
0.1033
0.1033
0.1033
0.1033
0.1033
0.1033
0.1033
0.1033
0.1033
0.1033
0.1033
0.1033
0.1033
0.1033
0.1033
0.1033
0.1033
0.1033
0.1033
0.1033
0.1033
0.1033
0.1033
0.1033
0.1033
0.1033
0.1033
0.1033
0.1033
0.1033
0.1033
0.1033
0.1033
0.1033
0.1033
0.1033
0.1033
0.1033
0.1033
0.1033
0.1033
0.1033
0.1033
0.1033
0.1033
0.1033
0.1033
0.1033
0.1033
0.1033
0.1033
0.1033
0.1033
0.1033
0.1033
0.1033
0.1033
0.1033
0.1033
0.1033
0.1033
0.1033
0.1033
0.1033
0.1033
0.1033
0.1033
0.1033
0.1033
0.1033
0.1033
0.1029
0.1016
0.1007
0.0999
0.0990
0.0986
0.0402
0.0368
0.0345
0.0328
0.0312
0.0297
0.0285
0.0273
0.0262
0.0251
0.0241
0.0231
0.0221
0.0214
0.0207
0.0207
0.0207
0.0207
0.0207
0.0207
0.0207
0.0207
0.0207
0.0207
0.0207
0.0207
0.0207
0.0207
0.0207
0.0207
0.0207
0.0207
0.0207
0.0207
0.0207
0.0207
0.0207
0.0207
0.0207
0.0207
0.0207
0.0207
0.0207
0.0207
0.0207
0.0207
0.0207
0.0207
0.0207
0.0207
0.0207
0.0207
0.0207
0.0207
0.0207
0.0207
0.0207
0.0207
0.0207
0.0000
0.0000
0.0000
0.0000
0.0000
0.0207
0.0207
0.0207
0.0207
0.0207
0.0207
0.0207
0.0207
0.0207
0.0207
0.0207
0.0207
0.0000
0.0207
0.0207
0.0207
0.0207
0.0207
0.0207
0.0207
0.0207
0.0207
0.0207
0.0207
0.0207
0.0000
0.0207
0.0207
0.0207
0.0207
0.0207
0.0207
0.0207
0.0207
0.0207
0.0207
0.0207
0.0207
0.0000
0.0207
0.0207
0.0207
0.0207
0.0207
0.0207
0.0207
0.0207
0.0207
0.0207
0.0207
0.0207
0.0000
0.0207
0.0207
0.0207
0.0207
0.0207
0.0207
0.0207
0.0207
0.0207
0.0207
0.0207
0.0207
0.0000
0.0207
0.0207
0.0207
0.0207
0.0207
0.0207
0.0207
0.0207
0.0207
0.0207
0.0207
0.0207
0.0000
0.0207
0.0207
0.0207
0.0207
0.0207
0.0207
0.0207
0.0207
0.0207
0.0207
0.0207
0.0207
0.0000
0.0207
0.0207
0.0207
0.0207
0.0207
0.0207
0.0207
0.0207
0.0207
0.0207
0.0207
0.0207
0.0207
0.0207
0.0207
0.0207
0.0207
0.0207
0.0207
0.0207
0.0207
0.0207
0.0207
0.0207
0.0771
0.0818
0.0839
0.0819
0.0831
0.0846
0.0864
0.0886
0.0905
0.0923
0.0979
0.1013
0.1020
0.1033
0.1033
0.1033
0.1033
0.1033
0.1033
0.1033
0.1033
0.1033
0.1033
0.1033
0.1033
0.1033
0.1033
0.1033
0.1033
0.1033
0.1033
0.1033
0.1033
0.1033
0.1033
0.1033
0.1033
0.1033
0.1033
0.1033
0.1033
0.1033
0.1033
0.1033
0.1033
0.1033
0.1033
0.1033
0.1033
0.1033
0.1033
0.1033
0.1033
0.1033
0.1033
0.1033
0.1033
0.1033
0.1033
0.1033
0.1033
0.1033
0.1033
0.1033
0.1033
0.1033
0.1033
0.1033
0.1033
0.1033
0.1033
0.1033
0.1033
0.1033
0.1033
0.1033
0.1033
0.1033
0.1033
0.1033
0.1033
0.1033
0.1033
0.1033
0.1033
0.1033
0.1033
0.1033
0.1033
0.1033
0.1033
0.1033
0.1033
0.1033
0.1033
0.1033
0.1033
0.1033
0.1033
0.1033
0.1033
0.1033
0.1033
0.1033
0.1033
0.1033
0.1033
0.1033
0.1033
0.0501
0.0439
0.0413
0.0392
0.0375
0.0359
0.0343
0.0331
0.0319
0.0305
0.0293
0.0281
0.0268
0.0259
0.0248
0.0239
0.0227
0.0218
0.0209
0.0207
0.0207
0.0207
0.0207
0.0207
0.0207
0.0207
0.0207
0.0207
0.0207
0.0207
0.0207
0.0207
0.0207
0.0207
0.0207
0.0207
0.0207
0.0207
0.0207
0.0207
0.0207
0.0207
0.0207
0.0207
0.0207
0.0207
0.0207
0.0207
0.0207
0.0207
0.0207
0.0207
0.0207
0.0207
0.0207
0.0207
0.0207
0.0207
0.0207
0.0000
0.0000
0.0000
0.0000
0.0000
0.0207
0.0207
0.0207
0.0207
0.0207
0.0207
0.0207
0.0207
0.0207
0.0207
0.0207
0.0207
0.0000
0.0207
0.0207
0.0207
0.0207
0.0207
0.0207
0.0207
0.0207
0.0207
0.0207
0.0207
0.0207
0.0000
0.0207
0.0207
0.0207
0.0207
0.0207
0.0207
0.0207
0.0207
0.0207
0.0207
0.0207
0.0207
0.0000
0.0207
0.0207
0.0207
0.0207
0.0207
0.0207
0.0207
0.0207
0.0207
0.0207
0.0207
0.0207
0.0000
0.0207
0.0207
0.0207
0.0207
0.0207
0.0207
0.0207
0.0207
0.0207
0.0207
0.0207
0.0207
0.0000
0.0207
0.0207
0.0207
0.0207
0.0207
0.0207
0.0207
0.0207
0.0207
0.0207
0.0207
0.0207
0.0000
0.0207
0.0207
0.0207
0.0207
0.0207
0.0207
0.0207
0.0207
0.0207
0.0207
0.0207
0.0207
0.0000
0.0207
0.0207
0.0207
0.0207
0.0207
0.0207
0.0207
0.0207
0.0207
0.0207
0.0207
0.0207
0.0366
0.0332
0.0350
0.0372
0.0394
0.0417
0.0435
0.0453
0.0466
0.0480
0.0494
0.0507
0.1033
0.1033
0.1033
0.1033
0.1033
0.1033
0.1033
0.1033
0.1033
0.1033
0.1033
0.1033
0.1033
0.1033
0.1033
0.1033
0.1033
0.1033
0.1033
0.1033
0.1033
0.1033
0.1033
0.1033
0.1033
0.1033
0.1033
0.1033
0.1033
0.1033
0.1033
0.1033
0.1033
0.1033
0.1033
0.1033
0.1033
0.1033
0.1033
0.1033
0.1033
0.1033
0.1033
0.1033
0.1033
0.1033
0.1033
0.1033
0.1033
0.1033
0.1033
0.1033
0.1033
0.1033
0.1033
0.1033
0.1033
0.1033
0.1033
0.1033
0.1033
0.1033
0.1033
0.1033
0.1033
0.1033
0.1033
0.1033
0.1033
0.1033
0.1033
0.1033
0.1033
0.1033
0.1033
0.1033
0.1033
0.1033
0.1033
0.1033
0.1033
0.1033
0.1033
0.1033
0.1033
0.1033
0.1033
0.1033
0.1033
0.1033
0.1033
0.1033
0.1033
0.1033
0.1033
0.1033
0.1033
0.1033
0.1033
0.1033
0.1033
0.1033
0.1033
0.1033
0.1033
0.1033
0.1033
0.1033
0.1033
0.0480
0.0424
0.0399
0.0378
0.0360
0.0344
0.0328
0.0317
0.0303
0.0290
0.0278
0.0266
0.0257
0.0245
0.0234
0.0224
0.0214
0.0207
0.0207
0.0207
0.0207
0.0207
0.0207
0.0207
0.0207
0.0207
0.0207
0.0207
0.0207
0.0207
0.0207
0.0207
0.0207
0.0207
0.0207
0.0207
0.0207
0.0207
0.0207
0.0207
0.0207
0.0207
0.0207
0.0207
0.0207
0.0207
0.0207
0.0207
0.0207
0.0207
0.0207
0.0207
0.0207
0.0207
0.0207
0.0207
0.0207
0.0207
0.0207
0.0000
0.0000
0.0000
0.0000
0.0000
0.0207
0.0207
0.0207
0.0207
0.0207
0.0207
0.0207
0.0207
0.0207
0.0207
0.0207
0.0207
0.0000
0.0207
0.0207
0.0207
0.0207
0.0207
0.0207
0.0207
0.0207
0.0207
0.0207
0.0207
0.0207
0.0000
0.0207
0.0207
0.0207
0.0207
0.0207
0.0207
0.0207
0.0207
0.0207
0.0207
0.0207
0.0207
0.0000
0.0207
0.0207
0.0207
0.0207
0.0207
0.0207
0.0207
0.0207
0.0207
0.0207
0.0207
0.0207
0.0000
0.0207
0.0207
0.0207
0.0207
0.0207
0.0207
0.0207
0.0207
0.0207
0.0207
0.0207
0.0207
0.0000
0.0207
0.0207
0.0207
0.0207
0.0207
0.0207
0.0207
0.0207
0.0207
0.0207
0.0207
0.0207
0.0000
0.0207
0.0207
0.0207
0.0207
0.0207
0.0207
0.0207
0.0207
0.0207
0.0207
0.0207
0.0207
0.0000
0.0207
0.0207
0.0207
0.0207
0.0207
0.0207
0.0207
0.0207
0.0207
0.0207
0.0207
0.0207
0.0544
0.0371
0.0361
0.0361
0.0363
0.0365
0.0367
0.0371
0.0375
0.0379
0.0383
0.0388
0.0398
0.0406
0.0413
0.0420
0.0427
0.0434
0.0441
0.0446
0.0452
0.0458
0.0463
0.0469
0.0475
0.0482
0.0488
0.0495
0.0501
0.0508
0.0515
0.0523
0.0532
0.0540
0.0547
0.0554
0.0560
0.0565
0.0570
0.0575
0.0580
0.0583
0.0584
0.0584
0.0583
0.0581
0.0580
0.0578
0.0574
0.0570
0.0565
0.0561
0.0556
0.0551
0.0549
0.0549
0.0543
0.0539
0.0536
0.0534
0.0522
0.0516
0.0511
0.0507
0.0504
0.0501
0.0498
0.0495
0.0492
0.0489
0.0485
0.0482
0.0479
0.0476
0.0473
0.0470
0.0467
0.0464
0.0462
0.0460
0.0459
0.0458
0.0456
0.0454
0.0452
0.0450
0.0448
0.0445
0.0442
0.0439
0.0436
0.0434
0.0432
0.0430
0.0428
0.0426
0.0422
0.0419
0.0417
0.0413
0.0411
0.0409
0.0407
0.0404
0.0400
0.0397
0.0393
0.0390
0.0386
0.0384
0.0380
0.0376
0.0372
0.0367
0.0363
0.0359
0.0355
0.0351
0.0347
0.0343
0.0207
0.0207
0.0207
0.0207
0.0207
0.0207
0.0207
0.0207
0.0207
0.0207
0.0207
0.0207
0.0000
0.0207
0.0207
0.0207
0.0207
0.0207
0.0207
0.0207
0.0207
0.0207
0.0207
0.0207
0.0207
0.0000
0.0207
0.0207
0.0207
0.0207
0.0207
0.0207
0.0207
0.0207
0.0207
0.0207
0.0207
0.0207
0.0000
0.0207
0.0207
0.0207
0.0207
0.0207
0.0207
0.0207
0.0207
0.0207
0.0207
0.0207
0.0207
0.0000
0.0207
0.0207
0.0207
0.0207
0.0207
0.0207
0.0207
0.0207
0.0207
0.0207
0.0207
0.0207
0.0000
0.0207
0.0207
0.0207
0.0207
0.0207
0.0207
0.0207
0.0207
0.0207
0.0207
0.0207
0.0207
0.0000
0.0207
0.0207
0.0207
0.0207
0.0207
0.0207
0.0207
0.0207
0.0207
0.0207
0.0207
0.0207
0.0000
0.0207
0.0207
0.0207
0.0207
0.0207
0.0207
0.0207
0.0207
0.0207
0.0207
0.0207
0.0207
0.0000
0.0207
0.0207
0.0207
0.0207
0.0207
0.0207
0.0207
0.0207
0.0207
0.0207
0.0207
0.0207
0.0000
0.0207
0.0207
0.0207
0.0207
0.0207
0.0207
0.0207
0.0207
0.0207
0.0207
0.0207
0.0207
0.0000
0.0207
0.0207
0.0207
0.0207
0.0207
0.0207
0.0207
0.0207
0.0207
0.0207
0.0207
0.0207
0.0000
0.0207
0.0207
0.0207
0.0207
0.0207
0.0207
0.0207
0.0207
0.0207
0.0207
0.0207
0.0207
0.0000
0.0207
0.0207
0.0207
0.0207
0.0207
0.0207
0.0207
0.0207
0.0207
0.0207
0.0207
0.0207
0.0000
0.0207
0.0207
0.0207
0.0207
0.0207
0.0207
0.0207
0.0207
0.0207
0.0207
0.0207
0.0207
0.0000
0.0207
0.0207
0.0207
0.0207
0.0207
0.0207
0.0207
0.0207
0.0207
0.0207
0.0207
0.0207
0.0000
0.0207
0.0207
0.0207
0.0207
0.0207
0.0207
0.0207
0.0207
0.0207
0.0207
0.0207
0.0207
0.0000
0.0207
0.0207
0.0207
0.0207
0.0207
0.0207
0.0207
0.0207
0.0207
0.0207
0.0207
0.0207
0.0000
0.0207
0.0207
0.0207
0.0207
0.0207
0.0207
0.0207
0.0207
0.0207
0.0207
0.0207
0.0207
0.0000
0.0207
0.0207
0.0207
0.0207
0.0207
0.0207
0.0207
0.0207
0.0207
0.0207
0.0207
0.0207
0.0000
0.0207
0.0207
0.0207
0.0207
0.0207
0.0207
0.0207
0.0207
0.0207
0.0207
0.0207
0.0207
0.0000
0.0207
0.0207
0.0207
0.0207
0.0207
0.0207
0.0207
0.0207
0.0207
0.0207
0.0207
0.0207
0.0000
0.0207
0.0207
0.0207
0.0207
0.0207
0.0207
0.0207
0.0207
0.0207
0.0207
0.0207
0.0207
0.0000
0.0207
0.0207
0.0207
0.0207
0.0207
0.0207
0.0207
0.0207
0.0207
0.0207
0.0207
0.0207
0.0000
0.0207
0.0207
0.0207
0.0207
0.0207
0.0207
0.0207
0.0207
0.0207
0.0207
0.0207
0.0207
0.0000
0.0207
0.0207
0.0207
0.0207
0.0207
0.0207
0.0207
0.0207
0.0207
0.0207
0.0207
0.0207
0.0000
0.0207
0.0207
0.0207
0.0207
0.0207
0.0207
0.0207
0.0207
0.0207
0.0207
0.0207
0.0207
0.0000
0.0207
0.0207
0.0207
0.0207
0.0207
0.0207
0.0207
0.0207
0.0207
0.0207
0.0207
0.0207
0.0000
0.0207
0.0207
0.0207
0.0207
0.0207
0.0207
0.0207
0.0207
0.0207
0.0207
0.0207
0.0207
0.0000
0.0207
0.0207
0.0207
0.0207
0.0207
0.0207
0.0207
0.0207
0.0207
0.0207
0.0207
0.0207
0.0000
0.0207
0.0207
0.0207
0.0207
0.0207
0.0207
0.0207
0.1033
0.1033
0.1033
0.1033
0.1033
0.0000
0.1033
0.1033
0.1033
0.1033
0.1033
0.1033
0.1033
0.1033
0.1033
0.1033
0.1033
0.1033
0.0000
0.1033
0.1033
0.1033
0.1033
0.1033
0.1033
0.1033
0.1033
0.1033
0.1033
0.1033
0.1033
0.0000
0.1033
0.1033
0.1033
0.1033
0.1033
0.1033
0.1033
0.1033
0.1033
0.1033
0.1033
0.1033
0.0000
0.1033
0.1033
0.1033
0.1033
0.1033
0.1033
0.1033
0.1033
0.1033
0.1033
0.1033
0.1033
0.0000
0.1033
0.1033
0.1033
0.1033
0.1033
0.1033
0.1033
0.1033
0.1033
0.1033
0.1033
0.1033
0.1033
0.1033
0.1033
0.1033
0.1033
0.1033
0.1033
0.1033
0.1033
0.1033
0.1033
0.1033
0.1033
0.1033
0.1033
0.1033
0.1033
0.1033
0.1033
0.1033
0.1033
0.1033
0.1033
0.1033
0.1033
0.1033
0.1033
0.1033
0.1033
0.1033
0.1033
0.1033
0.1033
0.1033
0.1033
0.1033
0.1033
0.1033
0.1033
0.1033
0.1033
0.1033
0.1033
0.1033
0.1033
0.1033
0.1033
0.1033
0.1033
0.1033
0.1033
0.1033
0.1033
0.1033
0.1033
0.1033
0.1033
0.1033
0.1033
0.1033
0.1033
0.1033
0.1033
0.1033
0.1033
0.1033
0.1033
0.1033
0.1033
0.1033
0.1033
0.1033
0.1033
0.1033
0.1033
0.1033
0.1033
0.1033
0.1033
0.1033
0.1033
0.1033
0.1033
0.1033
0.1033
0.1033
0.1033
0.1033
0.1033
0.1033
0.1033
0.1033
0.1033
0.1033
0.1033
0.1033
0.1033
0.1033
0.1033
0.1033
0.1033
0.1033
0.1033
0.1033
0.1033
0.1033
0.1033
0.1033
0.1033
0.1033
0.1033
0.1033
0.1033
0.1033
0.1033
0.1033
0.1033
0.1033
0.1033
0.1033
0.1033
0.1033
0.1033
0.1033
0.1033
0.1033
0.1033
0.1033
0.1033
0.1033
0.1033
0.1033
0.1033
0.1033
0.1033
0.1033
0.1033
0.1033
0.1033
0.1033
0.1033
0.1033
0.1033
0.1033
0.1033
0.1033
0.1033
0.1033
0.1033
0.1033
0.1033
0.1033
0.1033
0.1033
0.1033
0.1033
0.1033
0.1033
0.1033
0.1033
0.1033
0.1033
0.1033
0.1033
0.1033
0.1033
0.1033
0.1033
0.1033
0.1033
0.1033
0.1033
0.1033
0.1033
0.1033
0.1033
0.1033
0.1033
0.1033
0.1033
0.1033
0.1033
0.1033
0.1033
0.1033
0.1033
0.1033
0.1033
0.1033
0.1033
0.1033
0.1033
0.1033
0.1033
0.0000
0.0207
0.0207
0.0207
0.0207
0.0207
0.0207
0.0207
0.0207
0.0207
0.0207
0.0207
0.1033
0.0000
0.1033
0.1033
0.1033
0.1033
0.1033
0.1033
0.1033
0.1033
0.1033
0.1033
0.1033
0.1033
0.0000
0.1033
0.1033
0.1033
0.1033
0.1033
0.1033
0.1033
0.1033
0.1033
0.1033
0.1033
0.1033
0.0000
0.1033
0.1033
0.1033
0.1033
0.1033
0.1033
0.1033
0.1033
0.1033
0.1033
0.1033
0.1033
0.0000
0.1033
0.1033
0.1033
0.1033
0.1033
0.1033
0.1033
0.1033
0.1033
0.1033
0.1033
0.1033
0.0000
0.1033
0.1033
0.1033
0.1033
0.1033
0.1033
0.1033
0.1033
0.1033
0.1033
0.1033
0.1033
0.0000
0.1033
0.1033
0.1033
0.1033
0.1033
0.1033
0.1033
0.1033
0.1033
0.1033
0.1033
0.1033
0.1033
0.1033
0.1033
0.1033
0.1033
0.1033
0.1033
0.0616
0.0362
0.0296
0.0254
0.0218
0.0207
0.0207
0.0207
0.0207
0.0207
0.0207
0.0207
0.0207
0.0207
0.0207
0.0207
0.0207
0.0207
0.0207
0.0207
0.0207
0.0207
0.0207
0.0207
0.0207
0.0207
0.0207
0.0207
0.0207
0.0207
0.0207
0.0207
0.0207
0.0207
0.0207
0.0207
0.0207
0.0207
0.0207
0.0207
0.0207
0.0207
0.0207
0.0207
0.0207
0.0207
0.0207
0.0207
0.0207
0.0207
0.0207
0.0207
0.0207
0.0207
0.0207
0.0207
0.0207
0.0207
0.0207
0.0207
0.0207
0.0207
0.0207
0.0207
0.0207
0.0207
0.0207
0.0207
0.0207
0.0207
0.0207
0.0207
0.0207
0.0207
0.0207
0.0207
0.0207
0.0207
0.0207
0.0207
0.0207
0.0207
0.0207
0.0207
0.0207
0.0207
0.0207
0.0207
0.0207
0.0207
0.0207
0.0207
0.0207
0.0207
0.0207
0.0207
0.0207
0.0207
0.0207
0.0207
0.0207
0.0207
0.0207
0.0207
0.0207
0.0207
0.0207
0.0207
0.0207
0.0207
0.0207
0.0207
0.0207
0.0207
0.0207
0.0207
0.0207
0.0207
0.0207
0.0207
0.0207
0.0207
0.0207
0.0207
0.0207
0.0207
0.0207
0.0207
0.0207
0.0207
0.0207
0.0207
0.0207
0.0207
0.0207
0.0207
0.0207
0.0207
0.0207
0.0207
0.0207
0.0207
0.0207
0.0207
0.0207
0.0207
0.0207
0.0207
0.0207
0.0207
0.0207
0.0207
0.0207
0.0207
0.0207
0.0209
0.0211
0.0213
0.0214
0.0216
0.0217
0.0218
0.0220
0.0221
0.0222
0.0223
0.0224
0.0225
0.0226
0.0228
0.0229
0.0230
0.0231
0.0232
0.0233
0.0234
0.0235
0.0236
0.1033
0.1033
0.1033
0.1033
0.1033
0.1033
0.1033
0.1033
0.1033
0.1033
0.1033
0.1033
0.0000
0.1033
0.1033
0.1033
0.1033
0.1033
0.1033
0.1033
0.1033
0.1033
0.1033
0.1033
0.1033
0.0000
0.1033
0.1033
0.1033
0.1033
0.1033
0.1033
0.1033
0.1033
0.1033
0.1033
0.1033
0.1033
0.0000
0.1033
0.1033
0.1033
0.1033
0.1033
0.1033
0.1033
0.1033
0.1033
0.1033
0.1033
0.1033
0.0000
0.1033
0.1033
0.1033
0.1033
0.1033
0.1033
0.1033
0.1033
0.1033
0.1033
0.1033
0.1033
0.0000
0.1033
0.1033
0.1033
0.1033
0.1033
0.1033
0.1033
0.1033
0.1033
0.1033
0.1033
0.1033
0.0000
0.1033
0.1033
0.1033
0.1033
0.1033
0.1033
0.1033
0.1033
0.1033
0.1033
0.1033
0.1033
0.0000
0.1033
0.1033
0.1033
0.1033
0.1033
0.1033
0.1033
0.1033
0.1033
0.1033
0.1033
0.1033
0.1033
0.1033
0.1033
0.1033
0.1033
0.1033
0.1004
0.0515
0.0304
0.0244
0.0207
0.0207
0.0207
0.0207
0.0207
0.0207
0.0207
0.0207
0.0207
0.0207
0.0207
0.0207
0.0207
0.0207
0.0207
0.0207
0.0207
0.0207
0.0207
0.0207
0.0207
0.0207
0.0207
0.0207
0.0207
0.0207
0.0207
0.0207
0.0207
0.0207
0.0207
0.0207
0.0207
0.0207
0.0207
0.0207
0.0207
0.0207
0.0207
0.0207
0.0207
0.0207
0.0207
0.0207
0.0207
0.0207
0.0207
0.0207
0.0207
0.0207
0.0207
0.0207
0.0207
0.0207
0.0207
0.0207
0.0207
0.0207
0.0207
0.0207
0.0207
0.0207
0.0207
0.0207
0.0207
0.0207
0.0207
0.0207
0.0207
0.0207
0.0207
0.0207
0.0207
0.0207
0.0207
0.0207
0.0207
0.0207
0.0207
0.0207
0.0207
0.0207
0.0207
0.0207
0.0207
0.0207
0.0207
0.0207
0.0207
0.0207
0.0207
0.0207
0.0207
0.0207
0.0207
0.0207
0.0207
0.0207
0.0207
0.0207
0.0207
0.0207
0.0207
0.0207
0.0207
0.0207
0.0207
0.0207
0.0207
0.0207
0.0207
0.0207
0.0207
0.0207
0.0207
0.0207
0.0207
0.0207
0.0207
0.0207
0.0207
0.0207
0.0207
0.0207
0.0207
0.0207
0.0207
0.0207
0.0207
0.0207
0.0207
0.0207
0.0207
0.0207
0.0207
0.0207
0.0207
0.0207
0.0207
0.0207
0.0207
0.0207
0.0207
0.0207
0.0207
0.0207
0.0207
0.0207
0.0207
0.0207
0.0207
0.0207
0.0207
0.0207
0.0209
0.0212
0.0215
0.0218
0.0221
0.0223
0.0226
0.0229
0.0231
0.0234
0.0236
0.0238
0.0241
0.0243
0.0245
0.0247
0.0250
0.0252
0.0254
0.0257
0.0259
0.1033
0.1033
0.1033
0.1033
0.1033
0.1033
0.1033
0.1033
0.1033
0.1033
0.1033
0.1033
0.0000
0.1033
0.1033
0.1033
0.1033
0.1033
0.1033
0.1033
0.1033
0.1033
0.1033
0.1033
0.0207
0.0000
0.0000
0.0000
0.0000
0.0207
0.0207
0.0207
0.0207
0.0207
0.0207
0.0207
0.0207
0.0207
0.0207
0.0207
0.0207
0.0000
0.0207
0.0207
0.0207
0.0207
0.0207
0.0207
0.0207
0.0207
0.0207
0.0207
0.0207
0.0207
0.0000
0.0207
0.0207
0.0207
0.0207
0.0207
0.0207
0.0207
0.0207
0.0207
0.0207
0.0207
0.0207
0.0000
0.0207
0.0207
0.0207
0.0207
0.0207
0.0207
0.0207
0.0207
0.0207
0.0207
0.0207
0.0207
0.0000
0.0207
0.0207
0.0207
0.0207
0.0207
0.0207
0.0207
0.0207
0.0207
0.0207
0.0207
0.0207
0.0000
0.0207
0.0207
0.0207
0.0207
0.0207
0.0207
0.0207
0.0207
0.0207
0.0207
0.0207
0.0207
0.0207
0.0207
0.0353
0.0314
0.0328
0.0344
0.0360
0.0376
0.0391
0.0409
0.0421
0.0435
0.0449
0.0463
0.1033
0.1033
0.1033
0.1033
0.1033
0.1033
0.1033
0.1033
0.1033
0.1033
0.1033
0.1033
0.1033
0.1033
0.1033
0.1033
0.1033
0.1033
0.1033
0.1033
0.1033
0.1033
0.1033
0.1033
0.1033
0.1033
0.1033
0.1033
0.1033
0.1033
0.1033
0.1033
0.1033
0.1033
0.1033
0.1033
0.1033
0.1033
0.1033
0.1033
0.1033
0.1033
0.1033
0.1033
0.1033
0.1033
0.1033
0.1033
0.1033
0.1033
0.1033
0.1033
0.1033
0.1033
0.1033
0.1033
0.1033
0.1033
0.1033
0.1033
0.1033
0.1033
0.1033
0.1033
0.1033
0.1033
0.1033
0.1033
0.1033
0.1033
0.1033
0.1033
0.1033
0.1033
0.1033
0.1033
0.1033
0.1033
0.1033
0.1033
0.1033
0.1033
0.1033
0.1033
0.1033
0.1033
0.1033
0.0785
0.1033
0.1033
0.1033
0.1033
0.1033
0.1033
0.1033
0.1033
0.1033
0.1033
0.1033
0.1033
0.1033
0.1033
0.1033
0.1033
0.1033
0.1033
0.1033
0.1033
0.1033
0.0622
0.0507
0.0476
0.0453
0.0433
0.0412
0.0399
0.0382
0.0367
0.0353
0.0339
0.0326
0.0313
0.0301
0.0289
0.0277
0.0266
0.0256
0.0245
0.0237
0.0229
0.0220
0.0213
0.0207
0.0207
0.0207
0.0207
0.0207
0.0207
0.0207
0.0207
0.0207
0.0207
0.0207
0.0207
0.0207
0.0207
0.0207
0.0207
0.0207
0.0207
0.0207
0.0207
0.0207
0.0207
0.0207
0.0207
0.0207
0.0207
0.0207
0.0207
0.0207
0.0207
0.0207
0.0207
0.0207
0.0207
0.0207
0.0207
0.0000
0.0000
0.0000
0.0000
0.0000
0.0207
0.0207
0.0207
0.0207
0.0207
0.0207
0.0207
0.0207
0.0207
0.0207
0.0207
0.0207
0.0000
0.0207
0.0207
0.0207
0.0207
0.0207
0.0207
0.0207
0.0207
0.0207
0.0207
0.0207
0.0207
0.0000
0.0207
0.0207
0.0207
0.0207
0.0207
0.0207
0.0207
0.0207
0.0207
0.0207
0.0207
0.0207
0.0000
0.0207
0.0207
0.0207
0.0207
0.0207
0.0207
0.0207
0.0207
0.0207
0.0207
0.0207
0.0207
0.0000
0.0207
0.0207
0.0207
0.0207
0.0207
0.0207
0.0207
0.0207
0.0207
0.0207
0.0207
0.0207
0.0000
0.0207
0.0207
0.0207
0.0207
0.0207
0.0207
0.0207
0.0207
0.0207
0.0207
0.0207
0.0207
0.0000
0.0207
0.0207
0.0207
0.0207
0.0207
0.0207
0.0207
0.0207
0.0207
0.0207
0.0207
0.0207
0.0000
0.0207
0.0207
0.0207
0.0207
0.0207
0.0207
0.0207
0.0207
0.0207
0.0207
0.0207
0.0207
0.0466
0.0360
0.0365
0.0375
0.0386
0.0396
0.0411
0.0427
0.0447
0.0461
0.0478
0.0495
0.1033
0.1033
0.1033
0.1033
0.1033
0.1033
0.1033
0.1033
0.1033
0.1033
0.1033
0.1033
0.1033
0.1033
0.1033
0.1033
0.1033
0.1033
0.1033
0.1033
0.1033
0.1033
0.1033
0.1033
0.1033
0.1033
0.1033
0.1033
0.1033
0.1033
0.1033
0.1033
0.1033
0.1033
0.1033
0.1033
0.1033
0.1033
0.1033
0.1033
0.1033
0.1033
0.1033
0.1033
0.1033
0.1033
0.1033
0.1033
0.1033
0.1033
0.1033
0.1033
0.1033
0.1033
0.1033
0.1033
0.1033
0.1033
0.1033
0.1033
0.1033
0.1033
0.1033
0.1033
0.1033
0.1033
0.1033
0.1033
0.1033
0.1033
0.1033
0.1033
0.1033
0.1033
0.1033
0.1033
0.1033
0.1033
0.1033
0.1033
0.1033
0.1033
0.1033
0.1033
0.1033
0.1033
0.0882
0.1033
0.1033
0.1033
0.1033
0.1033
0.1033
0.1033
0.1033
0.1033
0.1033
0.1033
0.1033
0.1033
0.1033
0.1033
0.1033
0.1033
0.1033
0.1033
0.1033
0.1033
0.1033
0.0579
0.0482
0.0453
0.0432
0.0414
0.0398
0.0383
0.0369
0.0356
0.0343
0.0331
0.1033
0.1033
0.1033
0.1033
0.1033
0.1033
0.1033
0.1033
0.1033
0.1033
0.1033
0.1033
0.1033
0.1033
0.1033
0.1033
0.1033
0.1033
0.1033
0.1033
0.1033
0.1033
0.1033
0.1033
0.1033
0.1033
0.1033
0.1033
0.1033
0.1033
0.1033
0.1033
0.1033
0.1033
0.1033
0.1033
0.1033
0.1033
0.1033
0.1033
0.1033
0.1033
0.1033
0.1033
0.1033
0.1033
0.1033
0.1033
0.1033
0.1033
0.1033
0.1033
0.1033
0.1033
0.1033
0.1033
0.1033
0.1033
0.1033
0.1033
0.0000
0.1033
0.1033
0.1033
0.1033
0.1033
0.1033
0.1033
0.1033
0.1033
0.1033
0.1033
0.1033
0.0000
0.1033
0.1033
0.1033
0.1033
0.1033
0.1033
0.1033
0.1033
0.1033
0.1033
0.1033
0.1033
0.0000
0.1033
0.1033
0.1033
0.1033
0.1033
0.1033
0.1033
0.1033
0.1033
0.1033
0.1033
0.1033
0.0000
0.1033
0.1033
0.1033
0.1033
0.1033
0.1033
0.1033
0.1033
0.1033
0.1033
0.1033
0.1033
0.0000
0.1033
0.1033
0.1033
0.1033
0.1033
0.1033
0.1033
0.1033
0.1033
0.1033
0.1033
0.1033
0.0000
0.1033
0.1033
0.1033
0.1033
0.1033
0.1033
0.1033
0.1033
0.1033
0.1033
0.1033
0.1033
0.0000
0.1033
0.1033
0.1033
0.1033
0.1033
0.1033
0.1033
0.1033
0.1033
0.1033
0.1033
0.1033
0.1033
0.1033
0.1033
0.1033
0.1033
0.1033
0.1033
0.1033
0.1033
0.1033
0.1033
0.1033
0.1033
0.1033
0.1033
0.1033
0.1033
0.1033
0.1033
0.1033
0.1033
0.1033
0.1033
0.1033
0.1033
0.1033
0.1033
0.1033
0.1033
0.1033
0.1033
0.1033
0.1033
0.1033
0.1033
0.1033
0.1033
0.1033
0.1033
0.1033
0.1033
0.1033
0.1033
0.1033
0.1033
0.1033
0.1033
0.1033
0.1033
0.1033
0.1033
0.1033
0.1033
0.1033
0.1033
0.1033
0.1033
0.1033
0.1033
0.1033
0.1033
0.1033
0.1033
0.1033
0.1033
0.1033
0.1033
0.1033
0.1033
0.1033
0.1033
0.1033
0.1033
0.1033
0.1033
0.1033
0.1033
0.1033
0.1033
0.1033
0.1033
0.1033
0.1033
0.1033
0.1033
0.1033
0.1033
0.1033
0.1033
0.1033
0.1033
0.1033
0.1033
0.1033
0.1033
0.1033
0.1033
0.1033
0.1033
0.1033
0.1033
0.1033
0.1033
0.1033
0.1033
0.1033
0.1033
0.1033
0.1033
0.1033
0.1033
0.1033
0.1033
0.1033
0.1033
0.1033
0.1033
0.1033
0.1033
0.1033
0.1033
0.1033
0.1033
0.1033
0.1033
0.1033
0.1033
0.1033
0.1033
0.1033
0.1033
0.1033
0.1033
0.1033
0.1033
0.1033
0.1033
0.1033
0.1033
0.1033
0.1033
0.1033
0.1033
0.1033
0.1033
0.1033
0.1033
0.1033
0.1033
0.0000
0.1033
0.1033
0.1033
0.1033
0.1033
0.1033
0.1033
0.1033
0.1033
0.1033
0.1033
0.1033
0.0000
0.1033
0.1033
0.1033
0.1033
0.1033
0.1033
0.1033
0.1033
0.1033
0.1033
0.1033
0.1033
0.0000
0.1033
0.1033
0.1033
0.1033
0.1033
0.1033
0.1033
0.1033
0.1033
0.1033
0.1033
0.1033
0.0000
0.1033
0.1033
0.1033
0.1033
0.1033
0.1033
0.1033
0.1033
0.1033
0.1033
0.1033
0.1033
0.0000
0.1033
0.1033
0.1033
0.1033
0.1033
0.1033
0.1033
0.1033
0.1033
0.1033
0.1033
0.1033
0.0000
0.1033
0.1033
0.1033
0.1033
0.1033
0.1033
0.1033
0.1033
0.1033
0.1033
0.1033
0.1033
0.0000
0.1033
0.1033
0.1033
0.1033
0.1033
0.1033
0.1033
0.1033
0.1033
0.1033
0.1033
0.1033
0.0000
0.1033
0.1033
0.1033
0.1033
0.1033
0.1033
0.1033
0.1033
0.1033
0.1033
0.1033
0.1033
0.0000
0.1033
0.1033
0.1033
0.1033
0.1033
0.1033
0.1033
0.1033
0.1033
0.1033
0.1033
0.1033
0.0000
0.1033
0.1033
0.1033
0.1033
0.1033
0.1033
0.1033
0.1033
0.1033
0.1033
0.1033
0.1033
0.0000
0.1033
0.1033
0.1033
0.1033
0.1033
0.1033
0.1033
0.1033
0.1033
0.1033
0.1033
0.1033
0.0000
0.1033
0.1033
0.1033
0.1033
0.1033
0.1033
0.1033
0.1033
0.1033
0.1033
0.1033
0.1033
0.0000
0.1033
0.1033
0.1033
0.1033
0.1033
0.1033
0.1033
0.1033
0.1033
0.1033
0.1033
0.1033
0.0000
0.1033
0.1033
0.1033
0.1033
0.1033
0.1033
0.1033
0.1033
0.1033
0.1033
0.1033
0.1033
0.0000
0.1033
0.1033
0.1033
0.1033
0.1033
0.1033
0.1033
0.1033
0.1033
0.1033
0.1033
0.1033
0.0000
0.1033
0.1033
0.1033
0.1033
0.1033
0.1033
0.1033
0.1033
0.1033
0.1033
0.1033
0.1033
0.0000
0.1033
0.1033
0.1033
0.1033
0.1033
0.1033
0.1033
0.1033
0.1033
0.1033
0.1033
0.1033
0.0000
0.1033
0.1033
0.1033
0.1033
0.1033
0.1033
0.1033
0.1033
0.1033
0.1033
0.1033
0.1033
0.0000
0.1033
0.1033
0.1033
0.1033
0.1033
0.1033
0.1033
0.1033
0.1033
0.1033
0.1033
0.1033
0.0000
0.1033
0.1033
0.1033
0.1033
0.1033
0.1033
0.1033
0.1033
0.1033
0.1033
0.1033
0.1033
0.0000
0.1033
0.1033
0.1033
0.1033
0.1033
0.1033
0.1033
0.1033
0.1033
0.1033
0.1033
0.1033
0.0000
0.1033
0.1033
0.1033
0.1033
0.1033
0.1033
0.1033
0.1033
0.1033
0.1033
0.1033
0.1033
0.0000
0.1033
0.1033
0.1033
0.1033
0.1033
0.1033
0.1033
0.1033
0.1033
0.1033
0.1033
0.1033
0.0000
0.1033
0.1033
0.1033
0.1033
0.1033
0.1033
0.1033
0.1033
0.1033
0.1033
0.1033
0.1033
0.0000
0.1033
0.1033
0.1033
0.1033
0.1033
0.1033
0.1033
0.1033
0.1033
0.1033
0.1033
0.1033
0.0000
0.1033
0.1033
0.1033
0.1033
0.1033
0.1033
0.1033
0.1033
0.1033
0.1033
0.1033
0.1033
0.0000
0.1033
0.1033
0.1033
0.1033
0.1033
0.1033
0.1033
0.1033
0.1033
0.1033
0.1033
0.1033
0.0000
0.1033
0.1033
0.1033
0.1033
0.1033
0.1033
0.1033
0.1033
0.1033
0.1033
0.1033
0.1033
0.0000
0.1033
0.1033
0.1033
0.1033
0.1033
0.1033
0.1033
0.1033
0.1033
0.1033
0.1033
0.1033
0.0000
0.1033
0.1033
0.1033
0.1033
0.1033
0.1033
0.1033
0.1033
0.1033
0.1033
0.1033
0.1033
0.0000
0.1033
0.1033
0.1033
0.1033
0.1033
0.1033
0.1033
0.1033
0.1033
0.1033
0.1033
0.1033
0.0000
0.1033
0.1033
0.1033
0.1033
0.0207
0.0207
0.0207
0.0207
0.0207
0.0207
0.0207
0.0207
0.0000
0.0207
0.0207
0.0207
0.0207
0.0207
0.0207
0.0207
0.0207
0.0207
0.0207
0.0207
0.0207
0.0207
0.0207
0.0207
0.0381
0.0299
0.0303
0.0311
0.0319
0.0327
0.0334
0.0342
0.0346
0.0347
0.0351
0.0355
0.0881
0.0965
0.0984
0.1000
0.1012
0.1024
0.1033
0.1033
0.1033
0.1033
0.1033
0.1033
0.1033
0.1033
0.1033
0.1033
0.1033
0.1033
0.1033
0.1033
0.1033
0.1033
0.1033
0.1033
0.1033
0.1033
0.1033
0.1033
0.1033
0.1033
0.1033
0.1033
0.1033
0.1033
0.1033
0.1033
0.1033
0.1033
0.1033
0.1033
0.1033
0.1033
0.1033
0.1033
0.1033
0.1033
0.1033
0.1033
0.1033
0.1033
0.1033
0.1033
0.1033
0.1033
0.1033
0.1033
0.1033
0.1033
0.1033
0.1033
0.1033
0.1033
0.1033
0.1033
0.1033
0.1033
0.1033
0.1033
0.1033
0.1033
0.1033
0.1033
0.1033
0.1033
0.1033
0.1033
0.1033
0.1033
0.1033
0.1033
0.1033
0.1033
0.1033
0.1033
0.1033
0.1033
0.1033
0.1033
0.1033
0.1033
0.1033
0.1033
0.1033
0.1033
0.1033
0.1033
0.1033
0.1033
0.1033
0.1033
0.1033
0.1033
0.1033
0.1033
0.1033
0.1033
0.1033
0.1033
0.1033
0.0539
0.0468
0.0441
0.0421
0.0403
0.0387
0.0372
0.0357
0.0348
0.0335
0.0321
0.0313
0.0300
0.0290
0.0279
0.0269
0.0259
0.0249
0.0243
0.0235
0.0228
0.0221
0.0215
0.0209
0.0207
0.0207
0.0207
0.0207
0.0207
0.0207
0.0207
0.0207
0.0207
0.0207
0.0207
0.0207
0.0207
0.0207
0.0207
0.0207
0.0207
0.0207
0.0207
0.0207
0.0207
0.0207
0.0207
0.0207
0.0207
0.0207
0.0207
0.0207
0.0207
0.0207
0.0207
0.0207
0.0207
0.0207
0.0207
0.0000
0.0000
0.0000
0.0000
0.0207
0.0207
0.0207
0.0207
0.0207
0.0207
0.0207
0.0207
0.0207
0.0207
0.0207
0.0207
0.0000
0.0207
0.0207
0.0207
0.0207
0.0207
0.0207
