0.0000
0.0000
0.0000
0.0000
0.0000
0.0000
0.0000
0.0000
0.0000
0.0000
0.0000
0.0000
0.0000
0.0000
0.0000
0.0000
0.0000
0.0000
0.0000
0.0000
0.0000
0.0000
0.0000
0.0000
0.0000
0.0000
0.0000
0.0000
0.0000
0.0000
0.0000
0.0000
0.0000
0.0000
0.0000
0.0000
0.0000
0.0000
0.0000
0.0000
0.0000
0.0000
0.0000
0.0000
0.0000
0.0000
0.0000
0.0000
0.0000
0.0000
0.0000
0.0000
0.0000
0.0000
0.0000
0.0000
0.0000
0.0000
0.0000
0.0000
0.0000
0.2000
0.2000
0.2000
0.2000
0.2000
0.2000
0.2000
0.2000
0.2000
0.2000
0.2000
0.2000
0.2000
0.2000
0.2000
0.2000
0.2000
0.2000
0.2000
0.2000
0.2000
0.2000
0.2000
0.2000
1.0000
1.0000
0.6449
0.5964
0.5963
0.6170
0.6023
0.6104
0.6100
0.6156
0.6194
0.6245
0.6243
0.6326
0.6338
0.6374
0.6403
0.6435
0.6471
0.6507
0.6549
0.6764
0.6677
0.6634
0.6764
0.6925
0.6818
0.6821
0.6909
0.6943
0.7003
0.7048
0.7115
0.7146
0.7193
0.7242
0.7281
0.7292
0.7408
0.7403
0.7443
0.7481
0.7515
0.7548
0.7580
0.7608
0.7639
0.7666
0.7694
0.7727
0.7743
0.7770
0.7796
0.7835
0.7904
0.7873
0.7902
0.7928
0.7956
0.7989
0.7993
0.8007
0.8019
0.8033
0.8045
0.8059
0.8028
0.8081
0.8109
0.8125
0.8143
0.8166
0.8166
0.8191
0.8208
0.8233
0.8247
0.8266
0.8274
0.8277
0.8273
0.8272
0.8216
0.8267
0.8241
0.8201
0.8188
0.8155
0.8124
0.8093
0.8070
0.8052
0.8076
0.8026
0.8013
0.8000
0.8005
0.8009
0.8015
0.8033
0.8094
0.8005
0.8066
0.8062
0.8059
0.8053
0.8052
0.8049
0.8012
0.7980
0.7929
0.7888
0.7849
0.7802
0.7748
0.7679
0.7616
0.7545
0.7475
0.7392
0.7335
0.7245
0.7217
0.7152
0.7087
0.7024
0.6971
0.6898
0.6898
0.6844
0.6794
0.6754
0.6711
0.6659
0.6602
0.6587
0.6537
0.6477
0.6431
0.6367
0.6342
0.6297
0.6252
0.6207
0.6170
0.6130
0.6101
0.6065
0.6029
0.5993
0.5957
0.5927
0.5896
0.5856
0.5854
0.5805
0.5768
0.5726
0.5707
0.5672
0.5639
0.5603
0.5566
0.5526
0.5489
0.5448
0.5407
0.5365
0.5342
0.5317
0.5306
0.5256
0.5271
0.5255
0.5242
0.5229
0.5217
0.5206
0.5195
0.5184
0.0000
0.0000
0.0000
0.0000
0.0000
0.0000
0.0000
0.0000
0.0000
0.0000
0.0000
0.0000
0.0000
0.0000
0.0000
0.0000
0.0000
0.0000
0.0000
0.0000
0.0000
0.0000
0.0000
0.0000
0.0000
0.0000
0.0000
0.0000
0.0000
0.0000
0.2000
0.2000
0.2000
0.2000
0.2000
0.2000
0.2000
0.2000
0.2000
0.2000
0.2000
0.2000
0.0000
0.0000
0.0000
0.2000
0.2000
0.2000
0.2000
0.2000
0.2000
0.2000
0.2000
0.2000
0.2000
0.2000
0.2000
0.0000
0.2000
0.2000
0.2000
0.2000
0.2000
0.2000
0.2000
0.2000
0.2000
0.2000
0.2000
0.2000
0.0000
0.2000
0.2000
0.2000
0.2000
0.2000
0.2000
0.2000
0.2000
0.2000
0.2000
0.2000
0.2000
0.0000
0.5643
0.2816
0.2759
0.2773
0.2787
0.2804
0.2822
0.2840
0.2859
0.2877
0.2945
0.3018
1.0000
0.9517
0.6293
0.6180
0.6184
0.6199
0.6215
0.6232
0.6250
0.6269
0.6286
0.6304
1.0000
1.0000
1.0000
1.0000
1.0000
1.0000
1.0000
1.0000
1.0000
1.0000
1.0000
1.0000
1.0000
1.0000
1.0000
1.0000
1.0000
1.0000
1.0000
1.0000
1.0000
1.0000
1.0000
1.0000
1.0000
1.0000
1.0000
1.0000
1.0000
1.0000
1.0000
1.0000
1.0000
1.0000
1.0000
1.0000
1.0000
1.0000
1.0000
1.0000
1.0000
1.0000
1.0000
1.0000
1.0000
1.0000
1.0000
1.0000
1.0000
1.0000
1.0000
1.0000
1.0000
1.0000
1.0000
1.0000
1.0000
1.0000
1.0000
1.0000
1.0000
1.0000
1.0000
1.0000
1.0000
1.0000
1.0000
1.0000
1.0000
1.0000
1.0000
1.0000
1.0000
1.0000
1.0000
1.0000
1.0000
1.0000
1.0000
1.0000
1.0000
1.0000
1.0000
1.0000
1.0000
1.0000
1.0000
1.0000
1.0000
1.0000
1.0000
1.0000
1.0000
1.0000
1.0000
1.0000
1.0000
1.0000
1.0000
1.0000
1.0000
1.0000
1.0000
1.0000
1.0000
1.0000
1.0000
1.0000
1.0000
1.0000
1.0000
1.0000
1.0000
1.0000
1.0000
1.0000
1.0000
1.0000
1.0000
1.0000
1.0000
1.0000
1.0000
1.0000
1.0000
1.0000
1.0000
1.0000
1.0000
1.0000
1.0000
1.0000
1.0000
1.0000
1.0000
1.0000
1.0000
1.0000
1.0000
1.0000
1.0000
1.0000
1.0000
1.0000
1.0000
1.0000
1.0000
1.0000
1.0000
1.0000
1.0000
1.0000
1.0000
1.0000
1.0000
1.0000
1.0000
1.0000
1.0000
1.0000
1.0000
1.0000
1.0000
1.0000
1.0000
1.0000
1.0000
1.0000
1.0000
1.0000
1.0000
1.0000
1.0000
1.0000
1.0000
1.0000
1.0000
1.0000
1.0000
1.0000
0.0000
0.0000
0.0000
0.0000
0.0000
0.2000
0.2000
0.2000
0.2000
0.2000
0.2000
0.2000
0.2000
0.2000
0.2000
0.2000
0.2000
0.0000
0.2000
0.2000
0.2000
0.2000
0.2000
0.2000
0.2000
0.2000
0.2000
0.2000
0.2000
0.2000
0.0000
0.2000
0.2000
0.2000
0.2000
0.2000
0.2000
0.2000
0.2000
0.2000
0.2000
0.2000
0.2000
0.0000
0.2000
0.2000
0.2000
0.2000
0.2000
0.2000
0.2000
0.2000
0.2000
0.2000
0.2000
0.2000
0.0000
0.2000
0.2000
0.2000
0.2000
0.2000
0.2000
0.2000
0.2000
0.2000
0.2000
0.2000
0.2000
0.0000
0.2000
0.2000
0.2000
0.2000
0.2000
0.2000
0.2000
0.2000
0.2000
0.2000
0.2000
0.2000
0.0000
0.2000
1.0000
0.4918
0.4113
0.4019
0.3962
0.3918
0.3883
0.3854
0.3830
0.3810
0.3840
0.0000
1.0000
1.0000
0.9137
0.6704
0.6628
0.6632
0.6636
0.6645
0.6656
0.6669
0.6685
0.6702
1.0000
1.0000
1.0000
1.0000
1.0000
1.0000
1.0000
1.0000
1.0000
1.0000
1.0000
1.0000
1.0000
1.0000
1.0000
1.0000
1.0000
1.0000
1.0000
1.0000
1.0000
1.0000
1.0000
1.0000
1.0000
1.0000
1.0000
1.0000
1.0000
1.0000
1.0000
1.0000
1.0000
1.0000
1.0000
1.0000
1.0000
1.0000
1.0000
1.0000
1.0000
1.0000
1.0000
1.0000
1.0000
1.0000
1.0000
1.0000
1.0000
1.0000
1.0000
1.0000
1.0000
1.0000
1.0000
1.0000
1.0000
1.0000
1.0000
1.0000
1.0000
1.0000
1.0000
1.0000
1.0000
1.0000
1.0000
1.0000
1.0000
1.0000
1.0000
1.0000
1.0000
1.0000
1.0000
1.0000
1.0000
1.0000
1.0000
1.0000
1.0000
1.0000
1.0000
1.0000
1.0000
1.0000
1.0000
1.0000
1.0000
1.0000
1.0000
1.0000
1.0000
1.0000
1.0000
1.0000
1.0000
1.0000
1.0000
1.0000
1.0000
1.0000
1.0000
1.0000
1.0000
1.0000
1.0000
1.0000
1.0000
1.0000
1.0000
1.0000
1.0000
1.0000
1.0000
1.0000
1.0000
1.0000
1.0000
1.0000
1.0000
1.0000
1.0000
1.0000
1.0000
1.0000
1.0000
1.0000
1.0000
1.0000
1.0000
1.0000
1.0000
1.0000
1.0000
1.0000
1.0000
1.0000
1.0000
1.0000
1.0000
1.0000
1.0000
1.0000
1.0000
1.0000
1.0000
1.0000
1.0000
1.0000
1.0000
1.0000
1.0000
1.0000
1.0000
1.0000
1.0000
1.0000
1.0000
1.0000
1.0000
1.0000
1.0000
1.0000
1.0000
1.0000
1.0000
1.0000
1.0000
1.0000
1.0000
1.0000
1.0000
1.0000
1.0000
1.0000
1.0000
1.0000
1.0000
1.0000
0.0000
0.0000
0.0000
0.0000
0.0000
0.2000
0.2000
0.2000
0.2000
0.2000
0.2000
0.2000
0.2000
0.2000
0.2000
0.2000
0.2000
0.0000
0.2000
0.2000
0.2000
0.2000
0.2000
0.2000
0.2000
0.2000
0.2000
0.2000
0.2000
0.2000
0.0000
0.2000
0.2000
0.2000
0.2000
0.2000
0.2000
0.2000
0.2000
0.2000
0.2000
0.2000
0.2000
0.0000
0.2000
0.2000
0.2000
0.2000
0.2000
0.2000
0.2000
0.2000
0.2000
0.2000
0.2000
0.2000
0.0000
0.2000
0.2000
0.2000
0.2000
0.2000
0.2000
0.2000
0.2000
0.2000
0.2000
0.2000
0.2000
0.0000
0.2000
0.2000
0.2000
0.2000
0.2000
0.2000
0.2000
0.2000
0.2000
0.2000
0.2000
0.2000
0.0000
0.2000
0.9417
0.3921
0.3688
0.3629
0.3589
0.3560
0.3540
0.3526
0.3516
0.3509
0.3578
0.0000
1.0000
1.0000
0.8624
0.6547
0.6494
0.6509
0.6528
0.6552
0.6579
0.6610
0.6792
0.6681
1.0000
1.0000
1.0000
1.0000
1.0000
1.0000
1.0000
1.0000
1.0000
1.0000
1.0000
1.0000
1.0000
1.0000
1.0000
1.0000
1.0000
1.0000
1.0000
1.0000
1.0000
1.0000
1.0000
1.0000
1.0000
1.0000
1.0000
1.0000
1.0000
1.0000
1.0000
1.0000
1.0000
1.0000
1.0000
1.0000
1.0000
1.0000
1.0000
1.0000
1.0000
1.0000
1.0000
1.0000
1.0000
1.0000
1.0000
1.0000
1.0000
1.0000
1.0000
1.0000
1.0000
1.0000
1.0000
1.0000
1.0000
1.0000
1.0000
1.0000
1.0000
1.0000
1.0000
1.0000
1.0000
1.0000
1.0000
1.0000
1.0000
1.0000
1.0000
1.0000
1.0000
1.0000
1.0000
1.0000
1.0000
1.0000
1.0000
1.0000
1.0000
1.0000
1.0000
1.0000
1.0000
1.0000
1.0000
1.0000
1.0000
1.0000
1.0000
1.0000
1.0000
1.0000
1.0000
1.0000
1.0000
1.0000
1.0000
1.0000
1.0000
1.0000
1.0000
1.0000
1.0000
1.0000
1.0000
1.0000
1.0000
1.0000
1.0000
1.0000
1.0000
1.0000
1.0000
1.0000
1.0000
1.0000
1.0000
1.0000
1.0000
1.0000
1.0000
1.0000
1.0000
1.0000
1.0000
1.0000
1.0000
1.0000
1.0000
1.0000
1.0000
1.0000
1.0000
1.0000
1.0000
1.0000
1.0000
1.0000
1.0000
1.0000
1.0000
1.0000
1.0000
1.0000
1.0000
1.0000
1.0000
1.0000
1.0000
1.0000
1.0000
1.0000
1.0000
1.0000
1.0000
1.0000
1.0000
1.0000
1.0000
1.0000
1.0000
1.0000
1.0000
1.0000
1.0000
1.0000
1.0000
1.0000
1.0000
1.0000
1.0000
1.0000
1.0000
1.0000
1.0000
1.0000
1.0000
1.0000
0.0000
0.0000
0.0000
0.0000
0.0000
0.2000
0.2000
0.2000
0.2000
0.2000
0.2000
0.2000
0.2000
0.2000
0.2000
0.2000
0.2000
0.0000
0.2000
0.2000
0.2000
0.2000
0.2000
0.2000
0.2000
0.2000
0.2000
0.2000
0.2000
0.2000
0.0000
0.2000
0.2000
0.2000
0.2000
0.2000
0.2000
0.2000
0.2000
0.2000
0.2000
0.2000
0.2000
0.0000
0.2000
0.2000
0.2000
0.2000
0.2000
0.2000
0.2000
0.2000
0.2000
0.2000
0.2000
0.2000
0.0000
0.2000
0.2000
0.2000
0.2000
0.2000
0.2000
0.2000
0.2000
0.2000
0.2000
0.2000
0.2000
0.0000
0.2000
0.2000
0.2000
0.2000
0.2000
0.2000
0.2000
0.2000
0.2000
0.2000
0.2000
0.2000
0.0000
0.2000
1.0000
0.5686
0.4398
0.4301
0.4247
0.4207
0.4177
0.4155
0.4137
0.4123
0.4182
0.0000
1.0000
1.0000
1.0000
0.7088
0.6995
0.6999
0.7009
0.7034
0.7055
0.7077
0.7101
0.7126
1.0000
1.0000
1.0000
1.0000
1.0000
1.0000
1.0000
1.0000
1.0000
1.0000
1.0000
1.0000
1.0000
1.0000
1.0000
1.0000
1.0000
1.0000
1.0000
1.0000
1.0000
1.0000
1.0000
1.0000
1.0000
1.0000
1.0000
1.0000
1.0000
1.0000
1.0000
1.0000
1.0000
1.0000
1.0000
1.0000
1.0000
1.0000
1.0000
1.0000
1.0000
1.0000
1.0000
1.0000
1.0000
1.0000
1.0000
1.0000
1.0000
1.0000
1.0000
1.0000
1.0000
1.0000
1.0000
1.0000
1.0000
1.0000
1.0000
1.0000
1.0000
1.0000
1.0000
1.0000
1.0000
1.0000
1.0000
1.0000
1.0000
1.0000
1.0000
1.0000
1.0000
1.0000
1.0000
1.0000
1.0000
1.0000
1.0000
1.0000
1.0000
1.0000
1.0000
1.0000
1.0000
1.0000
1.0000
1.0000
1.0000
1.0000
1.0000
1.0000
1.0000
1.0000
1.0000
1.0000
1.0000
1.0000
1.0000
1.0000
1.0000
1.0000
1.0000
1.0000
1.0000
1.0000
1.0000
1.0000
1.0000
1.0000
1.0000
1.0000
1.0000
1.0000
1.0000
1.0000
1.0000
1.0000
1.0000
1.0000
0.2000
0.2000
0.2000
0.2000
0.2000
0.2000
0.2000
0.2000
0.2000
0.2000
0.2000
0.2000
0.0000
0.2000
0.2000
0.2000
0.2000
0.2000
0.2000
0.2000
0.2000
0.2000
0.2000
0.2000
0.2000
0.0000
0.2000
0.2000
0.2000
0.2000
0.2000
0.2000
0.2000
0.2000
0.2000
0.2000
0.2000
0.2000
0.0000
0.2000
0.2000
0.2000
0.2000
0.2000
0.2000
0.2000
0.2000
0.2000
0.2000
0.2000
0.2000
0.0000
0.2000
0.2000
0.2000
0.2000
0.2000
0.2000
0.2000
0.2000
0.2000
0.2000
0.2000
0.2000
0.0000
0.2000
0.2000
0.2000
0.2000
0.2000
0.2000
0.2000
0.2000
0.2000
0.2000
0.2000
0.2000
0.0000
0.2000
0.2000
0.2000
0.2000
0.2000
0.2000
0.2000
0.2000
0.2000
0.2000
0.2000
0.2000
0.0000
0.2000
0.2000
0.2000
0.2000
0.2000
0.2000
0.2000
0.2000
0.2000
0.2000
0.2000
0.2000
0.0000
0.2000
0.2000
0.2000
0.2000
0.2000
0.2000
0.2000
0.2000
0.2000
0.2000
0.2000
0.2000
0.0000
0.2000
0.2000
0.2000
0.2000
0.2000
0.2000
0.2000
0.2000
0.2000
0.2000
0.2000
0.2000
0.0000
0.2000
0.2000
0.2000
0.2000
0.2000
0.2000
0.2000
0.2000
0.2000
0.2000
0.2000
0.2000
0.0000
0.2000
0.2000
0.2000
0.2000
0.2000
0.2000
0.2000
0.2000
0.2000
0.2000
0.2000
0.2000
0.0000
0.2000
0.2000
0.2000
0.2000
0.2000
0.2000
0.2000
0.2000
0.2000
0.2000
0.2000
0.2000
0.0000
0.2000
0.2000
0.2000
0.2000
0.2000
0.2000
0.2000
0.2000
0.2000
0.2000
0.2000
0.2000
0.0000
0.2000
0.2000
0.2000
0.2000
0.2000
0.2000
0.2000
0.2000
0.2000
0.2000
0.2000
0.2000
0.0000
0.2547
0.2000
0.2000
0.2054
0.2138
0.2209
0.2278
0.2347
0.2415
0.2484
0.2552
0.2620
0.0000
0.4777
0.2902
0.2910
0.2961
0.3014
0.3102
0.3174
0.3238
0.3281
0.3321
0.3356
0.3390
0.0000
0.6064
0.3580
0.3523
0.3526
0.3530
0.3584
0.3612
0.3632
0.3649
0.3665
0.3752
0.3800
0.0000
0.6786
0.3949
0.3858
0.3834
0.3810
0.3784
0.3749
0.3710
0.3668
0.3624
0.3577
0.3528
0.0000
0.6181
0.3585
0.3505
0.3492
0.3484
0.3479
0.3475
0.3474
0.3473
0.3473
0.3474
0.3475
0.0000
0.6130
0.3556
0.3480
0.3470
0.3462
0.3455
0.3450
0.3444
0.3439
0.3427
0.3409
0.3380
0.0000
0.5863
0.3367
0.3252
0.3201
0.3151
0.3101
0.3050
0.2997
0.2943
0.2896
0.2851
0.2808
0.0000
0.4795
0.2757
0.2636
0.2564
0.2493
0.2421
0.2348
0.2274
0.2206
0.2140
0.2074
0.2008
0.0000
0.3310
0.2000
0.2000
0.2000
0.2000
0.2000
0.2000
0.2000
0.2000
0.2000
0.2000
0.2000
0.0000
0.2000
0.2000
0.2000
0.2000
0.2000
0.2000
0.2000
0.2000
0.2000
0.2000
0.2000
0.2000
0.0000
0.2000
0.2000
0.2000
0.2000
0.2000
0.2000
0.2000
0.2000
0.2000
0.2000
0.2000
0.2000
0.0000
0.2000
0.2000
0.2000
0.2000
0.2000
0.2000
0.2000
0.2000
0.2000
0.2000
0.2000
0.2000
0.0000
0.2000
0.2000
0.2000
0.2000
0.2000
0.2000
0.2000
0.2000
0.2000
0.2000
0.2000
0.2000
0.0000
0.2000
0.2000
0.2000
0.2000
0.2000
0.2000
0.2000
0.2000
0.2000
0.2000
0.2000
0.2000
0.0000
0.2000
0.2000
0.2000
0.2000
0.2000
0.2000
0.2000
0.2000
0.2000
0.2000
0.2000
0.2000
0.0000
0.2000
0.2000
0.2000
0.2000
0.2000
0.2000
0.2000
0.2000
0.2000
0.2000
0.2000
0.2000
0.0000
0.2000
0.2000
0.2000
0.2000
0.2000
0.2000
0.2000
0.2000
0.2000
0.2000
0.2000
0.2000
0.0000
0.2000
0.2000
0.2000
0.2000
0.2000
0.2000
0.2000
0.2000
0.2000
0.2000
0.2000
0.2000
0.0000
0.2000
0.2000
0.2000
0.5798
0.2968
0.2861
0.2836
0.2824
0.2820
0.2821
0.2827
0.2835
0.0000
0.5149
0.3050
1.0000
0.9292
0.6112
0.5997
0.6011
0.6028
0.6047
0.6068
0.6097
0.6126
0.6155
0.6186
1.0000
1.0000
1.0000
1.0000
1.0000
1.0000
1.0000
1.0000
1.0000
1.0000
1.0000
1.0000
1.0000
1.0000
1.0000
1.0000
1.0000
1.0000
1.0000
1.0000
1.0000
1.0000
1.0000
1.0000
1.0000
1.0000
1.0000
1.0000
1.0000
1.0000
1.0000
1.0000
1.0000
1.0000
1.0000
1.0000
1.0000
1.0000
1.0000
1.0000
1.0000
1.0000
1.0000
1.0000
1.0000
1.0000
1.0000
1.0000
1.0000
1.0000
1.0000
1.0000
1.0000
1.0000
1.0000
1.0000
1.0000
1.0000
1.0000
1.0000
1.0000
1.0000
1.0000
1.0000
1.0000
1.0000
1.0000
1.0000
1.0000
1.0000
1.0000
1.0000
1.0000
1.0000
1.0000
1.0000
1.0000
1.0000
1.0000
1.0000
1.0000
1.0000
1.0000
1.0000
1.0000
1.0000
1.0000
1.0000
1.0000
1.0000
1.0000
1.0000
1.0000
1.0000
1.0000
1.0000
1.0000
1.0000
1.0000
1.0000
1.0000
1.0000
1.0000
1.0000
1.0000
1.0000
1.0000
1.0000
1.0000
1.0000
1.0000
1.0000
1.0000
1.0000
1.0000
1.0000
1.0000
1.0000
1.0000
1.0000
1.0000
1.0000
1.0000
1.0000
1.0000
1.0000
1.0000
1.0000
1.0000
1.0000
1.0000
1.0000
1.0000
1.0000
1.0000
1.0000
1.0000
1.0000
1.0000
1.0000
1.0000
1.0000
1.0000
1.0000
1.0000
1.0000
1.0000
1.0000
1.0000
1.0000
1.0000
1.0000
1.0000
1.0000
1.0000
1.0000
1.0000
1.0000
1.0000
1.0000
1.0000
1.0000
1.0000
1.0000
1.0000
1.0000
1.0000
1.0000
1.0000
1.0000
1.0000
1.0000
1.0000
1.0000
1.0000
1.0000
1.0000
1.0000
1.0000
1.0000
0.2000
0.2000
0.2000
0.2000
0.2000
0.2000
0.2000
0.2000
0.2000
0.2000
0.2000
0.2000
0.0000
0.2000
0.2000
0.2000
0.2000
0.2000
0.2000
0.2000
0.2000
0.2000
0.2000
0.2000
1.0000
0.0000
1.0000
1.0000
1.0000
1.0000
1.0000
1.0000
1.0000
1.0000
1.0000
1.0000
1.0000
1.0000
0.0000
1.0000
1.0000
1.0000
1.0000
1.0000
1.0000
1.0000
1.0000
1.0000
1.0000
1.0000
1.0000
0.0000
1.0000
1.0000
1.0000
1.0000
1.0000
1.0000
1.0000
1.0000
1.0000
1.0000
1.0000
1.0000
0.0000
1.0000
1.0000
1.0000
1.0000
1.0000
1.0000
1.0000
1.0000
1.0000
1.0000
1.0000
1.0000
0.0000
1.0000
1.0000
1.0000
1.0000
1.0000
1.0000
1.0000
1.0000
1.0000
1.0000
1.0000
1.0000
0.0000
1.0000
1.0000
1.0000
1.0000
1.0000
1.0000
1.0000
1.0000
1.0000
1.0000
1.0000
1.0000
1.0000
1.0000
1.0000
1.0000
1.0000
0.2000
0.2000
0.2000
0.2000
0.2000
0.2000
0.2000
0.2000
0.2000
0.2000
0.2000
0.2000
0.2000
0.2000
0.2000
0.2000
0.2000
0.2000
0.2000
0.2000
0.2000
0.2000
0.2000
0.2000
0.2000
0.2000
0.2000
0.2000
0.2000
0.2000
0.2000
0.2000
0.2000
0.2000
0.2000
0.2000
0.2000
0.2000
0.2000
0.2000
0.2000
0.2000
0.2000
0.2000
0.2000
0.2000
0.2000
0.2000
0.2000
0.2000
0.2000
0.2000
0.2000
0.2000
0.2000
0.2000
0.2000
0.2000
0.2000
0.2000
0.2000
0.2000
0.2000
0.2000
0.2000
0.2000
0.2000
0.2000
0.2000
0.2000
0.2000
0.2000
0.2000
0.2000
0.2000
0.2000
0.2000
0.2000
0.2000
0.2000
0.2000
0.2000
0.2000
0.2000
0.2000
0.2000
0.2000
0.2000
0.2000
0.2000
0.2000
0.2000
0.2000
0.2000
0.2000
0.2000
0.2000
0.2000
0.2000
0.2000
0.2000
0.2000
0.2000
0.2000
0.2000
0.2000
0.2000
0.2000
0.2000
0.2000
0.2000
0.2000
0.2000
0.2000
0.2000
0.2000
0.2000
0.2000
0.2000
0.2000
0.2000
0.2000
0.2000
0.2000
0.2000
0.2000
0.2000
0.2000
0.2000
0.2000
0.2000
0.2000
0.2000
0.2000
0.2000
0.2000
0.2000
0.2000
0.2000
0.2000
0.2000
0.2000
0.2000
0.2000
0.2000
0.2000
0.2000
0.2000
0.2000
0.2000
0.2000
0.2000
0.2000
0.2000
0.2000
0.2000
0.2000
0.2000
0.2000
0.2000
0.2000
0.2000
0.2000
0.2000
0.2000
0.2000
0.2000
0.2000
0.2000
0.2000
0.2000
0.2000
0.2000
0.2000
0.2000
0.2000
0.2000
0.2000
0.2000
0.2000
1.0000
1.0000
1.0000
1.0000
1.0000
1.0000
1.0000
1.0000
1.0000
1.0000
1.0000
1.0000
0.0000
1.0000
1.0000
1.0000
1.0000
1.0000
1.0000
1.0000
1.0000
1.0000
1.0000
1.0000
1.0000
0.0000
1.0000
1.0000
1.0000
1.0000
1.0000
1.0000
1.0000
1.0000
1.0000
1.0000
1.0000
1.0000
0.0000
1.0000
1.0000
1.0000
1.0000
1.0000
1.0000
1.0000
1.0000
1.0000
1.0000
1.0000
1.0000
0.0000
1.0000
1.0000
1.0000
1.0000
1.0000
1.0000
1.0000
1.0000
1.0000
1.0000
1.0000
1.0000
0.0000
1.0000
1.0000
1.0000
1.0000
1.0000
1.0000
1.0000
1.0000
1.0000
1.0000
1.0000
1.0000
0.0000
1.0000
1.0000
1.0000
1.0000
1.0000
1.0000
1.0000
1.0000
1.0000
1.0000
1.0000
1.0000
0.0000
1.0000
1.0000
1.0000
1.0000
1.0000
1.0000
1.0000
1.0000
1.0000
1.0000
1.0000
1.0000
1.0000
1.0000
1.0000
1.0000
1.0000
0.2000
0.2000
0.2000
0.2000
0.2000
0.2000
0.2000
0.2000
0.2000
0.2000
0.2000
0.2000
0.2000
0.2000
0.2000
0.2000
0.2000
0.2000
0.2000
0.2000
0.2000
0.2000
0.2000
0.2000
0.2000
0.2000
0.2000
0.2000
0.2000
0.2000
0.2000
0.2000
0.2000
0.2000
0.2000
0.2000
0.2000
0.2000
0.2000
0.2000
0.2000
0.2000
0.2000
0.2000
0.2000
0.2000
0.2000
0.2000
0.2000
0.2000
0.2000
0.2000
0.2000
0.2000
0.2000
0.2000
0.2000
0.2000
0.2000
0.2000
0.2000
0.2000
0.2000
0.2000
0.2000
0.2000
0.2000
0.2000
0.2000
0.2000
0.2000
0.2000
0.2000
0.2000
0.2000
0.2000
0.2000
0.2000
0.2000
0.2000
0.2000
0.2000
0.2000
0.2000
0.2000
0.2000
0.2000
0.2000
0.2000
0.2000
0.2000
0.2000
0.2000
0.2000
0.2000
0.2000
0.2000
0.2000
0.2000
0.2000
0.2000
0.2000
0.2000
0.2000
0.2000
0.2000
0.2000
0.2000
0.2000
0.2000
0.2000
0.2000
0.2000
0.2000
0.2000
0.2000
0.2000
0.2000
0.2000
0.2000
0.2000
0.2000
0.2000
0.2000
0.2000
0.2000
0.2000
0.2000
0.2000
0.2000
0.2000
0.2000
0.2000
0.2000
0.2000
0.2000
0.2000
0.2000
0.2000
0.2000
0.2000
0.2000
0.2000
0.2000
0.2000
0.2000
0.2000
0.2000
0.2000
0.2000
0.2000
0.2000
0.2000
0.2000
0.2000
0.2000
0.2000
0.2000
0.2000
0.2000
0.2000
0.2000
0.2000
0.2000
0.2000
0.2000
0.2000
0.2000
0.2000
0.2000
0.2000
0.2000
0.2000
0.2000
0.2000
0.2000
0.2000
0.2000
0.2000
0.2000
1.0000
1.0000
1.0000
1.0000
1.0000
1.0000
1.0000
1.0000
1.0000
1.0000
1.0000
1.0000
0.0000
1.0000
1.0000
1.0000
1.0000
1.0000
1.0000
1.0000
1.0000
1.0000
1.0000
1.0000
0.2000
0.0000
0.0000
0.0000
0.0000
0.2000
0.2000
0.2000
0.2000
0.2000
0.2000
0.2000
0.2000
0.2000
0.2000
0.2000
0.2000
0.0000
0.2000
0.2000
0.2000
0.2000
0.2000
0.2000
0.2000
0.2000
0.2000
0.2000
0.2000
0.2000
0.0000
0.2000
0.2000
0.2000
0.2000
0.2000
0.2000
0.2000
0.2000
0.2000
0.2000
0.2000
0.2000
0.0000
0.2000
0.2000
0.2000
0.2000
0.2000
0.2000
0.2000
0.2000
0.2000
0.2000
0.2000
0.2000
0.0000
0.2000
0.2000
0.2000
1.0000
0.5711
0.4317
0.4242
0.4210
0.4190
0.4177
0.4171
0.4170
0.0000
0.7597
0.4380
1.0000
1.0000
0.7811
0.6959
0.6952
0.6983
0.7015
0.7054
0.7099
0.7147
0.7198
0.7251
1.0000
1.0000
1.0000
1.0000
1.0000
1.0000
1.0000
1.0000
1.0000
1.0000
1.0000
1.0000
1.0000
1.0000
1.0000
1.0000
1.0000
1.0000
1.0000
1.0000
1.0000
1.0000
1.0000
1.0000
1.0000
1.0000
1.0000
1.0000
1.0000
1.0000
1.0000
1.0000
1.0000
1.0000
1.0000
1.0000
1.0000
1.0000
1.0000
1.0000
1.0000
1.0000
1.0000
1.0000
1.0000
1.0000
1.0000
1.0000
1.0000
1.0000
1.0000
1.0000
1.0000
1.0000
1.0000
1.0000
1.0000
1.0000
1.0000
1.0000
1.0000
1.0000
1.0000
1.0000
1.0000
1.0000
1.0000
1.0000
1.0000
1.0000
1.0000
1.0000
1.0000
1.0000
1.0000
1.0000
1.0000
1.0000
1.0000
1.0000
1.0000
1.0000
1.0000
1.0000
1.0000
1.0000
1.0000
1.0000
1.0000
1.0000
1.0000
1.0000
1.0000
1.0000
1.0000
1.0000
1.0000
1.0000
1.0000
1.0000
1.0000
1.0000
1.0000
1.0000
1.0000
1.0000
1.0000
1.0000
1.0000
1.0000
1.0000
1.0000
1.0000
1.0000
1.0000
1.0000
1.0000
1.0000
1.0000
1.0000
1.0000
1.0000
1.0000
1.0000
1.0000
1.0000
1.0000
1.0000
1.0000
1.0000
1.0000
1.0000
1.0000
1.0000
1.0000
1.0000
1.0000
1.0000
1.0000
1.0000
1.0000
1.0000
1.0000
1.0000
1.0000
1.0000
1.0000
1.0000
1.0000
1.0000
1.0000
1.0000
1.0000
1.0000
1.0000
1.0000
1.0000
1.0000
1.0000
1.0000
1.0000
1.0000
1.0000
1.0000
1.0000
1.0000
1.0000
1.0000
1.0000
1.0000
1.0000
1.0000
1.0000
1.0000
1.0000
1.0000
1.0000
1.0000
1.0000
1.0000
0.0000
0.0000
0.0000
0.0000
0.0000
0.2000
0.2000
0.2000
0.2000
0.2000
0.2000
0.2000
0.2000
0.2000
0.2000
0.2000
0.2000
0.0000
0.2000
0.2000
0.2000
0.2000
0.2000
0.2000
0.2000
0.2000
0.2000
0.2000
0.2000
0.2000
0.0000
0.2000
0.2000
0.2000
0.2000
0.2000
0.2000
0.2000
0.2000
0.2000
0.2000
0.2000
0.2000
0.0000
0.2000
0.2000
0.2000
0.2000
0.2000
0.2000
0.2000
0.2000
0.2000
0.2000
0.2000
0.2000
0.0000
0.2000
0.2000
0.2000
0.2000
0.2000
0.2000
0.2000
0.2000
0.2000
0.2000
0.2000
0.2000
0.0000
0.2000
0.2000
0.2000
0.2000
0.2000
0.2000
0.2000
0.2000
0.2000
0.2000
0.2000
0.2000
0.0000
0.2000
1.0000
0.4594
0.4056
0.4003
0.3975
0.3959
0.3952
0.3952
0.3956
0.3963
0.4004
0.0000
1.0000
1.0000
0.9600
0.6915
0.6844
0.6872
0.6899
0.6930
0.6964
0.7000
0.7038
0.7077
1.0000
1.0000
1.0000
1.0000
1.0000
1.0000
1.0000
1.0000
1.0000
1.0000
1.0000
1.0000
1.0000
1.0000
1.0000
1.0000
1.0000
1.0000
1.0000
1.0000
1.0000
1.0000
1.0000
1.0000
1.0000
1.0000
1.0000
1.0000
1.0000
1.0000
1.0000
1.0000
1.0000
1.0000
1.0000
1.0000
1.0000
1.0000
1.0000
1.0000
1.0000
1.0000
1.0000
1.0000
1.0000
1.0000
1.0000
1.0000
1.0000
1.0000
1.0000
1.0000
1.0000
1.0000
1.0000
1.0000
1.0000
1.0000
1.0000
1.0000
1.0000
1.0000
1.0000
1.0000
1.0000
1.0000
1.0000
1.0000
1.0000
1.0000
1.0000
1.0000
1.0000
1.0000
1.0000
1.0000
1.0000
1.0000
1.0000
1.0000
1.0000
1.0000
1.0000
1.0000
1.0000
1.0000
1.0000
1.0000
1.0000
1.0000
1.0000
1.0000
1.0000
1.0000
1.0000
1.0000
1.0000
1.0000
1.0000
1.0000
1.0000
1.0000
1.0000
1.0000
1.0000
1.0000
1.0000
1.0000
1.0000
1.0000
1.0000
1.0000
1.0000
1.0000
1.0000
1.0000
1.0000
1.0000
1.0000
1.0000
1.0000
1.0000
1.0000
1.0000
1.0000
1.0000
1.0000
1.0000
1.0000
1.0000
1.0000
1.0000
1.0000
1.0000
1.0000
1.0000
1.0000
1.0000
1.0000
1.0000
1.0000
1.0000
1.0000
1.0000
1.0000
1.0000
1.0000
1.0000
1.0000
1.0000
1.0000
1.0000
1.0000
1.0000
1.0000
1.0000
1.0000
1.0000
1.0000
1.0000
1.0000
1.0000
1.0000
1.0000
1.0000
1.0000
1.0000
1.0000
1.0000
1.0000
1.0000
1.0000
1.0000
1.0000
1.0000
1.0000
1.0000
1.0000
1.0000
1.0000
1.0000
1.0000
1.0000
1.0000
1.0000
1.0000
1.0000
1.0000
1.0000
1.0000
1.0000
1.0000
0.0000
1.0000
1.0000
1.0000
1.0000
1.0000
1.0000
1.0000
1.0000
1.0000
1.0000
1.0000
1.0000
0.0000
1.0000
1.0000
1.0000
1.0000
1.0000
1.0000
1.0000
1.0000
1.0000
1.0000
1.0000
1.0000
0.0000
1.0000
1.0000
1.0000
1.0000
1.0000
1.0000
1.0000
1.0000
1.0000
1.0000
1.0000
1.0000
0.0000
1.0000
1.0000
1.0000
1.0000
1.0000
1.0000
1.0000
1.0000
1.0000
1.0000
1.0000
1.0000
0.0000
1.0000
1.0000
1.0000
1.0000
1.0000
1.0000
1.0000
1.0000
1.0000
1.0000
1.0000
1.0000
0.0000
1.0000
1.0000
1.0000
1.0000
1.0000
1.0000
1.0000
1.0000
1.0000
1.0000
1.0000
1.0000
0.0000
1.0000
1.0000
1.0000
1.0000
1.0000
1.0000
1.0000
1.0000
1.0000
1.0000
1.0000
1.0000
1.0000
1.0000
1.0000
1.0000
1.0000
1.0000
1.0000
1.0000
1.0000
1.0000
1.0000
1.0000
1.0000
1.0000
1.0000
1.0000
1.0000
1.0000
1.0000
1.0000
1.0000
1.0000
1.0000
1.0000
1.0000
1.0000
1.0000
1.0000
1.0000
1.0000
1.0000
1.0000
1.0000
1.0000
1.0000
1.0000
1.0000
1.0000
1.0000
1.0000
1.0000
1.0000
1.0000
1.0000
1.0000
1.0000
1.0000
1.0000
1.0000
1.0000
1.0000
1.0000
1.0000
1.0000
1.0000
1.0000
1.0000
1.0000
1.0000
1.0000
1.0000
1.0000
1.0000
1.0000
1.0000
1.0000
1.0000
1.0000
1.0000
1.0000
1.0000
1.0000
1.0000
1.0000
1.0000
1.0000
1.0000
1.0000
1.0000
1.0000
1.0000
1.0000
1.0000
1.0000
1.0000
1.0000
1.0000
1.0000
1.0000
1.0000
1.0000
1.0000
1.0000
1.0000
1.0000
1.0000
1.0000
1.0000
1.0000
1.0000
1.0000
1.0000
1.0000
1.0000
1.0000
1.0000
1.0000
1.0000
1.0000
1.0000
1.0000
1.0000
1.0000
1.0000
1.0000
1.0000
1.0000
1.0000
1.0000
1.0000
1.0000
1.0000
1.0000
1.0000
1.0000
1.0000
1.0000
1.0000
1.0000
1.0000
1.0000
1.0000
1.0000
1.0000
1.0000
1.0000
1.0000
1.0000
1.0000
1.0000
1.0000
1.0000
1.0000
1.0000
1.0000
1.0000
1.0000
1.0000
1.0000
0.0000
1.0000
1.0000
1.0000
1.0000
1.0000
1.0000
1.0000
1.0000
1.0000
1.0000
1.0000
1.0000
0.0000
1.0000
1.0000
1.0000
1.0000
1.0000
1.0000
1.0000
1.0000
1.0000
1.0000
1.0000
1.0000
0.0000
1.0000
1.0000
1.0000
1.0000
1.0000
1.0000
1.0000
1.0000
1.0000
1.0000
1.0000
1.0000
0.0000
1.0000
1.0000
1.0000
1.0000
1.0000
1.0000
1.0000
1.0000
1.0000
1.0000
1.0000
1.0000
0.0000
1.0000
1.0000
1.0000
1.0000
1.0000
1.0000
1.0000
1.0000
1.0000
1.0000
1.0000
1.0000
0.0000
1.0000
1.0000
1.0000
1.0000
1.0000
1.0000
1.0000
1.0000
1.0000
1.0000
1.0000
1.0000
0.0000
1.0000
1.0000
1.0000
1.0000
1.0000
1.0000
1.0000
1.0000
1.0000
1.0000
1.0000
1.0000
0.0000
1.0000
1.0000
1.0000
1.0000
1.0000
1.0000
1.0000
1.0000
1.0000
1.0000
1.0000
1.0000
0.0000
1.0000
1.0000
1.0000
1.0000
1.0000
1.0000
1.0000
1.0000
1.0000
1.0000
1.0000
1.0000
0.0000
1.0000
1.0000
1.0000
1.0000
1.0000
1.0000
1.0000
1.0000
1.0000
1.0000
1.0000
1.0000
0.0000
1.0000
1.0000
1.0000
1.0000
1.0000
1.0000
1.0000
1.0000
1.0000
1.0000
1.0000
1.0000
0.0000
1.0000
1.0000
1.0000
1.0000
1.0000
1.0000
1.0000
1.0000
1.0000
1.0000
1.0000
1.0000
0.0000
1.0000
1.0000
1.0000
1.0000
1.0000
1.0000
1.0000
1.0000
1.0000
1.0000
1.0000
1.0000
0.0000
1.0000
1.0000
1.0000
1.0000
1.0000
1.0000
1.0000
1.0000
1.0000
1.0000
1.0000
1.0000
0.0000
1.0000
1.0000
1.0000
1.0000
1.0000
1.0000
1.0000
1.0000
1.0000
1.0000
1.0000
1.0000
0.0000
1.0000
1.0000
1.0000
1.0000
1.0000
1.0000
1.0000
1.0000
1.0000
1.0000
1.0000
1.0000
0.0000
1.0000
1.0000
1.0000
1.0000
1.0000
1.0000
1.0000
1.0000
1.0000
1.0000
1.0000
1.0000
0.0000
1.0000
1.0000
1.0000
1.0000
1.0000
1.0000
1.0000
1.0000
1.0000
1.0000
1.0000
1.0000
0.0000
1.0000
1.0000
1.0000
1.0000
1.0000
1.0000
1.0000
1.0000
1.0000
1.0000
1.0000
1.0000
0.0000
1.0000
1.0000
1.0000
1.0000
1.0000
1.0000
1.0000
1.0000
1.0000
1.0000
1.0000
1.0000
0.0000
1.0000
1.0000
1.0000
1.0000
1.0000
1.0000
1.0000
1.0000
1.0000
1.0000
1.0000
1.0000
0.0000
1.0000
1.0000
1.0000
1.0000
1.0000
1.0000
1.0000
1.0000
1.0000
1.0000
1.0000
1.0000
0.0000
1.0000
1.0000
1.0000
1.0000
1.0000
1.0000
1.0000
1.0000
1.0000
1.0000
1.0000
1.0000
0.0000
1.0000
1.0000
1.0000
1.0000
1.0000
1.0000
1.0000
1.0000
1.0000
1.0000
1.0000
1.0000
0.0000
1.0000
1.0000
1.0000
1.0000
1.0000
1.0000
1.0000
1.0000
1.0000
1.0000
1.0000
1.0000
0.0000
1.0000
1.0000
1.0000
1.0000
1.0000
1.0000
1.0000
1.0000
1.0000
1.0000
1.0000
1.0000
0.0000
1.0000
1.0000
1.0000
1.0000
1.0000
1.0000
1.0000
1.0000
1.0000
1.0000
1.0000
1.0000
0.0000
1.0000
1.0000
1.0000
1.0000
1.0000
1.0000
1.0000
1.0000
1.0000
1.0000
1.0000
1.0000
0.0000
1.0000
1.0000
1.0000
1.0000
1.0000
1.0000
1.0000
1.0000
1.0000
1.0000
1.0000
1.0000
0.0000
1.0000
1.0000
1.0000
1.0000
1.0000
1.0000
1.0000
1.0000
1.0000
1.0000
1.0000
1.0000
0.0000
1.0000
1.0000
1.0000
1.0000
1.0000
1.0000
1.0000
1.0000
1.0000
1.0000
1.0000
1.0000
0.0000
1.0000
1.0000
1.0000
1.0000
0.2000
0.2000
0.2000
0.2000
0.2000
0.2000
0.2000
0.2000
0.0000
0.2099
0.2331
0.2508
1.0000
0.9135
0.6119
0.6066
0.6110
0.6159
0.6207
0.6253
0.6298
0.6493
0.6384
0.6424
1.0000
1.0000
1.0000
1.0000
1.0000
1.0000
1.0000
1.0000
1.0000
1.0000
1.0000
1.0000
1.0000
1.0000
1.0000
1.0000
1.0000
1.0000
1.0000
1.0000
1.0000
1.0000
1.0000
1.0000
1.0000
1.0000
1.0000
1.0000
1.0000
1.0000
1.0000
1.0000
1.0000
1.0000
1.0000
1.0000
1.0000
1.0000
1.0000
1.0000
1.0000
1.0000
1.0000
1.0000
1.0000
1.0000
1.0000
1.0000
1.0000
1.0000
1.0000
1.0000
1.0000
1.0000
1.0000
1.0000
1.0000
1.0000
1.0000
1.0000
1.0000
1.0000
1.0000
1.0000
1.0000
1.0000
1.0000
1.0000
1.0000
1.0000
1.0000
1.0000
1.0000
1.0000
1.0000
1.0000
1.0000
1.0000
1.0000
1.0000
1.0000
1.0000
1.0000
1.0000
1.0000
1.0000
1.0000
1.0000
1.0000
1.0000
1.0000
1.0000
1.0000
1.0000
1.0000
1.0000
1.0000
1.0000
1.0000
1.0000
1.0000
1.0000
1.0000
1.0000
1.0000
1.0000
1.0000
1.0000
1.0000
1.0000
1.0000
1.0000
1.0000
1.0000
1.0000
1.0000
1.0000
1.0000
1.0000
1.0000
1.0000
1.0000
1.0000
1.0000
1.0000
1.0000
1.0000
1.0000
1.0000
1.0000
1.0000
1.0000
1.0000
1.0000
1.0000
1.0000
1.0000
1.0000
1.0000
1.0000
1.0000
1.0000
1.0000
1.0000
1.0000
1.0000
1.0000
1.0000
1.0000
1.0000
1.0000
1.0000
1.0000
1.0000
1.0000
1.0000
1.0000
1.0000
1.0000
1.0000
1.0000
1.0000
1.0000
1.0000
1.0000
1.0000
1.0000
1.0000
1.0000
1.0000
1.0000
1.0000
1.0000
1.0000
1.0000
1.0000
1.0000
1.0000
1.0000
1.0000
0.0000
0.0000
0.0000
0.0000
0.2000
0.2000
0.2000
0.2000
0.2000
0.2000
0.2000
0.2000
0.2000
0.2000
0.2000
0.2000
0.0000
0.2000
0.2000
0.2000
0.2000
0.2000
0.2000
