25.0004
25.0026
25.0041
25.0050
25.0052
25.0048
25.0039
25.0026
25.0010
24.9991
24.9970
24.9948
24.9923
24.9906
24.9894
24.9886
24.9880
24.9877
24.9875
24.9874
24.9873
24.9872
24.9872
24.9871
24.9870
24.9869
24.9866
24.9863
24.9859
24.9854
24.9846
24.9836
24.9824
24.9810
24.9796
24.9781
24.9768
24.9755
24.9743
24.9733
24.9723
24.9715
24.9708
24.9703
24.9701
24.9700
24.9701
24.9702
24.9703
24.9703
24.9701
24.9698
24.9693
24.9686
24.9678
24.9668
24.9657
24.9644
24.9630
24.9615
24.9600
24.8616
24.7897
24.7378
24.6986
24.6680
24.6436
24.6236
24.6068
24.5924
24.5798
24.5702
24.5642
24.5720
24.5781
24.5849
24.5923
24.6005
24.6091
24.6185
24.6286
24.6392
24.6500
24.6611
24.6726
24.3027
24.0338
24.0026
24.0020
24.0019
24.0019
24.0019
24.0019
24.0019
24.0019
24.0019
24.0019
24.0019
24.0019
24.0019
24.0020
24.0020
24.0021
24.0021
24.0021
24.0022
24.0023
24.0023
24.0022
24.0023
24.0024
24.0023
24.0023
24.0023
24.0024
24.0024
24.0025
24.0025
24.0026
24.0026
24.0026
24.0027
24.0027
24.0028
24.0028
24.0027
24.0027
24.0027
24.0027
24.0027
24.0027
24.0027
24.0027
24.0027
24.0026
24.0026
24.0026
24.0026
24.0026
24.0026
24.0025
24.0025
24.0025
24.0024
24.0024
24.0024
24.0023
24.0023
24.0023
24.0022
24.0022
24.0022
24.0021
24.0021
24.0021
24.0021
24.0021
24.0020
24.0020
24.0020
24.0020
24.0020
24.0020
24.0019
24.0019
24.0019
24.0019
24.0019
24.0019
24.0019
24.0019
24.0019
24.0020
24.0020
24.0021
24.0021
24.0022
24.0022
24.0022
24.0023
24.0023
24.0023
24.0024
24.0024
24.0024
24.0025
24.0024
24.0025
24.0025
24.0025
24.0026
24.0026
24.0026
24.0026
24.0027
24.0027
24.0027
24.0027
24.0027
24.0027
24.0027
24.0027
24.0027
24.0027
24.0026
24.0027
24.0026
24.0025
24.0025
24.0024
24.0023
24.0023
24.0023
24.0022
24.0022
24.0022
24.0021
24.0021
24.0021
24.0020
24.0020
24.0020
24.0020
24.0020
24.0019
24.0019
24.0019
24.0019
24.0019
24.0019
24.0018
24.0018
24.0018
24.0018
24.0018
24.0018
24.0018
24.0018
24.0018
24.0018
24.0017
24.0017
24.0017
24.0017
24.0017
24.0016
24.0016
24.0016
24.0016
24.0016
24.0016
24.0015
24.0015
24.0015
24.0015
24.0015
24.0015
24.0015
24.0015
24.0015
24.0015
24.0015
24.0015
24.0015
24.0016
24.2496
24.4287
24.5592
24.6554
24.7276
24.7827
24.8255
24.8594
24.8865
24.9085
24.9267
24.9417
24.9543
24.9650
24.9742
24.9827
24.9902
24.9969
25.0031
25.0088
25.0142
25.0194
25.0243
25.0291
25.0335
25.0375
25.0417
25.0473
25.0556
25.0674
24.9846
24.9317
24.9020
24.8881
24.8851
24.8899
24.9007
24.9161
24.9347
24.9556
24.9780
25.0015
25.1291
25.2258
25.3029
25.2665
25.2472
25.2416
25.2447
25.2534
25.2657
25.2803
25.2963
25.3132
25.3305
25.3481
25.3656
25.4897
25.4784
25.4737
25.4756
25.4817
25.4904
25.5007
25.5121
25.5240
25.5362
25.5484
25.5607
25.5728
25.6933
25.6752
25.6648
25.6605
25.6604
25.6628
25.6668
25.6717
25.6772
25.6830
25.6890
25.6951
25.7011
25.8170
25.6064
25.6019
25.6019
25.6019
25.6019
25.6020
25.6020
25.6021
25.6021
25.6022
25.6022
25.6023
25.2512
25.0129
25.0049
25.0046
25.0044
25.0043
25.0042
25.0042
25.0041
25.0040
25.0039
25.0038
24.8210
24.6609
24.5352
24.4388
24.3642
24.3066
24.2619
24.2308
24.2047
24.1847
24.1699
24.1594
24.1518
24.1508
24.1514
24.1546
24.1601
24.1673
24.1757
24.1848
24.1945
24.2048
24.2152
24.2291
24.2457
24.2556
24.2632
24.2751
24.2873
24.2996
24.3116
24.3232
24.3344
24.3453
24.3558
24.3663
24.3765
24.3897
24.3984
24.4075
24.4174
24.4264
24.4357
24.4422
24.4529
24.4636
24.4744
24.4852
24.4947
24.5036
24.5109
24.5174
24.5235
24.5290
24.5338
24.5379
24.5414
24.5442
24.5499
24.5508
24.5533
24.5562
24.5589
24.5614
24.5638
24.5659
24.5683
24.5709
24.5739
24.5772
24.5807
24.5844
24.5913
24.5961
24.6008
24.6056
24.6115
24.6175
24.6231
24.6268
24.6291
24.6318
24.6341
24.6360
24.6371
24.6375
24.6372
24.6362
24.6341
24.6312
24.6283
24.6261
24.6216
24.6227
24.6211
24.6195
24.6182
24.6174
24.6201
24.6164
24.6170
24.6178
24.6184
24.6186
24.6184
24.6176
24.6165
24.6150
24.6130
24.6110
24.6078
24.6043
24.6005
24.5965
24.5921
24.5872
24.5819
24.5763
24.5784
24.5701
24.5646
24.5610
24.5493
24.5361
24.5252
24.5142
24.5030
24.4920
24.4808
24.4695
24.4583
24.4469
24.4354
24.4213
24.4131
24.4014
24.3898
24.3780
24.3663
24.3526
24.3421
24.3316
24.3211
24.3105
24.2999
24.2889
24.2783
24.2676
24.2569
24.2467
24.2368
24.2258
24.2148
24.2041
24.1965
24.1857
24.1758
24.1670
24.1568
24.1497
24.1428
24.1362
24.1299
24.1237
24.1176
24.1113
24.1053
24.1010
24.0949
24.0885
24.0831
24.0780
24.0699
24.0658
24.0617
24.0576
24.0536
24.0496
24.0457
24.0418
24.5376
24.9367
25.2661
25.5159
25.7037
25.7406
25.7731
25.8020
25.8279
25.8506
25.8704
25.8876
25.9028
25.9162
25.9281
25.9388
25.9485
26.0689
26.0466
26.0324
26.0249
26.0216
26.0212
26.0225
26.0249
26.0276
26.0305
26.0334
26.0362
26.0388
26.1536
26.1249
26.1048
26.0920
26.0838
26.0787
26.0758
26.0744
26.0740
26.0744
26.0753
26.0765
26.0780
26.1925
26.1629
26.1423
26.1290
26.1205
26.1145
26.1101
26.1066
26.1036
26.1011
26.0987
26.0965
26.0943
26.2052
26.1714
26.1467
26.1290
26.1163
26.1066
26.0991
26.0930
26.0880
26.0836
26.0871
26.0815
26.0770
26.1863
26.1514
26.1259
26.1077
26.0943
26.0840
26.0759
26.0691
26.0632
26.0580
26.0533
26.0488
26.0445
26.1534
26.1178
25.6627
25.6045
25.6033
25.6033
25.6033
25.6033
25.6033
25.6034
25.6034
25.6034
25.6035
25.8192
25.4684
25.1854
25.0120
25.0058
25.0054
25.0053
25.0051
25.0050
25.0049
25.0047
25.0046
25.0045
24.8362
24.6968
24.5914
24.5107
24.4566
24.4073
24.3694
24.3436
24.3209
24.3036
24.2904
24.2807
24.2721
24.2686
24.2662
24.2687
24.2692
24.2713
24.2748
24.2797
24.2854
24.2918
24.2960
24.3075
24.3207
24.3287
24.3364
24.3449
24.3538
24.3631
24.3717
24.3796
24.3869
24.3934
24.3991
24.4042
24.4087
24.4096
24.4134
24.4165
24.4221
24.4234
24.4256
24.4290
24.4339
24.4397
24.4465
24.4543
24.4627
24.4723
24.4821
24.4923
24.5031
24.5143
24.5238
24.5323
24.5402
24.5476
24.5546
24.5596
24.5640
24.5684
24.5728
24.5774
24.5820
24.5869
24.5921
24.5977
24.6037
24.6100
24.6165
24.6230
24.6296
24.6364
24.6434
24.6504
24.6573
24.6642
24.6711
24.6781
24.6850
24.6921
24.6991
24.7063
24.7123
24.7164
24.7194
24.7232
24.7262
24.7312
24.7325
24.7337
24.7344
24.7351
24.7357
24.7361
24.7366
24.7396
24.7396
24.7399
24.7404
24.7398
24.7399
24.7405
24.7409
24.7409
24.7405
24.7398
24.7385
24.7374
24.7353
24.7329
24.7303
24.7274
24.7242
24.7206
24.7242
24.7172
24.7106
24.7040
24.6968
24.6870
24.6792
24.6702
24.6606
24.6505
24.6400
24.6267
24.6160
24.6075
24.5951
24.5826
24.5696
24.5536
24.5407
24.5274
24.5162
24.5013
24.4867
24.4697
24.4562
24.4427
24.4295
24.4163
24.4032
24.3897
24.3766
24.3635
24.3520
24.3388
24.3254
24.3121
24.2990
24.2861
24.2764
24.2612
24.2501
24.2401
24.2308
24.2221
24.2140
24.2063
24.1990
24.1921
24.1860
24.1805
24.1740
24.1679
24.1620
24.1563
24.1483
24.1443
24.1404
24.1365
24.1327
24.1289
24.1253
24.1217
24.1182
24.1149
24.6160
25.0205
25.3534
25.6055
25.7947
25.8319
25.8643
25.8936
25.9196
25.9426
25.9627
25.9802
25.9952
26.0079
26.0188
26.0282
26.0364
26.1558
26.1314
26.1150
26.1053
26.0999
26.0972
26.0961
26.0961
26.0967
26.0975
26.0985
26.0995
26.1004
26.2142
26.1838
26.1623
26.1481
26.1387
26.1324
26.1280
26.1249
26.1226
26.1209
26.1196
26.1185
26.1175
26.2298
26.1975
26.1741
26.1580
26.1466
26.1378
26.1305
26.1243
26.1187
26.1135
26.1085
26.1035
26.0986
26.2068
26.1707
26.1434
26.1231
26.1077
26.0955
26.0854
26.0840
26.0742
26.0657
26.0581
26.0511
26.0445
26.1510
26.1137
26.0855
26.0642
26.0477
26.0344
26.0232
26.0133
26.0044
25.9962
25.9884
25.9809
25.9736
26.0789
26.0410
25.6161
25.6030
25.6027
25.6027
25.6027
25.6028
25.6028
25.6028
25.6029
25.6029
25.6030
25.8048
25.4475
25.1604
25.0103
25.0053
25.0050
25.0049
25.0047
25.0046
25.0045
25.0044
25.0044
25.0042
24.8336
24.6965
24.5931
24.5160
24.4590
24.4168
24.3852
24.3653
24.3481
24.3360
24.3280
24.3233
24.3193
24.3208
24.3229
24.3267
24.3319
24.3385
24.3461
24.3573
24.3653
24.3739
24.3882
24.4078
24.4136
24.4180
24.4225
24.4310
24.4395
24.4476
24.4560
24.4672
24.4759
24.4852
24.4948
24.5050
24.5156
24.5243
24.5395
24.5510
24.5630
24.5752
24.5874
24.5993
24.6110
24.6216
24.6319
24.6420
24.6507
24.6587
24.6657
24.6722
24.6783
24.6839
24.6892
24.6952
24.6997
24.7041
24.7084
24.7126
24.7168
24.7209
24.7249
24.7289
24.7330
24.7371
24.7413
24.7456
24.7500
24.7545
24.7590
24.7635
24.7680
24.7725
24.7769
24.7813
24.7854
24.7888
24.7927
24.7963
24.7998
24.8032
24.8067
24.8101
24.8130
24.8144
24.8151
24.8168
24.8213
24.8224
24.8229
24.8222
24.8207
24.8187
24.8163
24.8134
24.8103
24.8065
24.8051
24.8000
24.7948
24.7882
24.7835
24.7787
24.7737
24.7686
24.7635
24.7602
24.7565
24.7531
24.7487
24.7442
24.7393
24.7342
24.7287
24.7229
24.7166
24.7098
24.7027
24.6954
24.6853
24.6726
24.6617
24.6503
24.6386
24.6265
24.6139
24.5988
24.5890
24.5759
24.5626
24.5493
24.5332
24.5225
24.5088
24.4948
24.4808
24.4669
24.4507
24.4379
24.4250
24.4121
24.3990
24.3858
24.3726
24.3590
24.3457
24.3325
24.3192
24.3070
24.2942
24.2806
24.2671
24.2538
24.2441
24.2307
24.2189
24.2084
24.1988
24.1885
24.1813
24.1744
24.1680
24.1616
24.1558
24.1500
24.1444
24.1389
24.1335
24.1294
24.1207
24.1160
24.1113
24.1065
24.1019
24.0974
24.0930
24.0888
24.0847
24.0808
24.5784
24.9792
25.3105
25.5617
25.7507
25.7882
25.8211
25.8506
25.8769
25.9001
25.9204
25.9382
25.9537
25.9671
25.9788
25.9891
25.9984
26.1186
26.0955
26.0804
26.0721
26.0679
26.0666
26.0670
26.0685
26.0707
26.0733
26.0759
26.0785
26.0810
26.1957
26.1664
26.1454
26.1315
26.1220
26.1154
26.1105
26.1069
26.1041
26.1017
26.0997
26.0980
26.0963
26.2076
26.1747
26.1507
26.1340
26.1221
26.1136
26.1072
26.1024
26.0987
26.0958
26.0935
26.0915
26.0899
26.2015
26.1688
26.1452
26.1290
26.1176
26.1091
26.1027
26.0977
26.0936
26.0901
26.0871
26.0845
26.0821
26.1928
26.1591
26.1345
26.1175
26.1057
26.0972
26.0911
26.0865
26.0830
26.0803
26.0782
26.0765
26.0752
26.1871
26.1548
25.7009
25.6049
25.6030
25.6030
25.6030
25.6030
25.6031
25.6031
25.6032
25.6032
25.6032
25.8375
25.4946
25.2237
25.0128
25.0051
25.0048
25.0046
25.0045
25.0044
25.0043
25.0042
25.0041
25.0040
24.8588
24.7358
24.6448
24.5752
24.5221
24.4815
24.4506
24.4269
24.4089
24.3954
24.3854
24.3783
24.3737
24.3713
24.3703
24.3707
24.3724
24.3750
24.3785
24.3828
24.3878
24.3933
24.3994
24.4059
24.4131
24.4210
24.4292
24.4379
24.4470
24.4564
24.4661
24.4759
24.4853
24.4945
24.5037
24.5129
24.5219
24.5307
24.5394
24.5479
24.5563
24.5638
24.5708
24.5785
24.5860
24.5934
24.6005
24.6073
24.6132
24.6187
24.6232
24.6272
24.6307
24.6337
24.6367
24.6397
24.6413
24.6427
24.6443
24.6460
24.6459
24.6454
24.6453
24.6454
24.6457
24.6461
24.6463
24.6462
24.6459
24.6453
24.6444
24.6433
24.6420
24.6406
24.6390
24.6373
24.6356
24.6337
24.6321
24.6306
24.6294
24.6283
24.6273
24.6264
24.6254
24.6240
24.6227
24.6212
24.6196
24.6178
24.6160
24.6141
24.6124
24.6107
24.6091
24.6076
24.6055
24.6033
24.6014
24.5991
24.5968
24.5947
24.5925
24.5902
24.5877
24.5850
24.5821
24.5790
24.5757
24.5726
24.5694
24.5660
24.5623
24.5583
24.5542
24.5500
24.5457
24.5413
24.5370
24.5326
24.9389
25.2623
25.5287
25.7374
25.8955
26.0156
26.1069
26.1764
26.2297
26.2706
26.3021
26.3264
26.4604
26.4426
26.4284
26.4190
26.4116
26.4049
26.3986
26.3926
26.3864
26.3801
26.3735
26.3666
26.3595
26.4670
26.4277
26.3966
26.3733
26.3547
26.3390
26.3253
26.3127
26.3010
26.2899
26.2791
26.2702
26.2628
26.3708
26.3337
26.3058
26.2862
26.2718
26.2609
26.2524
26.2455
26.2399
26.2352
26.2311
26.2275
26.2241
26.3352
26.3009
26.2753
26.2576
26.2448
26.2352
26.2278
26.2220
26.2172
26.2135
26.2108
26.2086
26.2070
26.3199
26.2875
26.2640
26.2484
26.2377
26.2304
26.2253
26.2218
26.2187
26.2158
26.2131
26.2104
26.2077
26.3193
26.2850
26.2595
26.2416
26.2285
26.2185
26.2106
26.2043
26.1990
26.1945
26.1905
26.1870
26.1838
26.2950
26.2605
26.2348
26.2170
26.2040
26.1943
26.1866
26.1802
26.1748
26.1700
26.1656
26.1616
26.1579
26.2684
26.2332
26.2070
26.1884
26.1747
26.1642
26.1558
26.1489
26.1430
26.1378
26.1331
26.1288
26.1248
26.2349
26.1996
26.1732
26.1544
26.1405
26.1299
26.1213
26.1143
26.1083
26.1029
26.0981
26.0937
26.0896
26.1994
26.1640
26.1377
26.1189
26.1049
26.0942
26.0857
26.0786
26.0726
26.0672
26.0624
26.0579
26.0538
26.1633
26.1278
26.1022
26.0846
26.0724
26.0636
26.0573
26.0526
26.0492
26.0466
26.0447
26.0433
26.0459
26.1660
26.1458
26.1350
26.1347
26.1401
26.1489
26.1598
26.1712
26.1828
26.1945
26.2064
26.2183
26.2299
26.3568
26.3378
26.3256
26.3219
26.3229
26.3269
26.3338
26.3431
26.3543
26.3670
26.3799
26.3936
26.4085
26.5415
26.5265
26.5190
26.5210
26.5284
26.5383
26.5496
26.5614
26.5735
26.5859
26.5984
26.6108
26.6231
26.7545
26.7033
26.6998
26.7010
26.7024
26.7025
26.7026
26.7027
26.7028
26.7029
26.7030
26.7031
26.7032
26.8653
26.7076
26.7036
26.7036
26.7037
26.7038
26.7039
26.7040
26.7041
26.7042
26.7043
26.7044
26.7045
26.9130
26.7110
26.7048
26.7047
26.7048
26.7048
26.7049
26.7049
26.7049
26.7050
26.7050
26.7051
26.7052
26.9401
26.7129
26.7054
26.7053
26.7052
26.7052
26.7052
26.7051
26.7051
26.7050
26.7049
26.7049
26.7048
26.9195
26.7115
26.7049
26.7048
26.7048
26.7047
26.7047
26.7047
26.7047
26.7047
26.7047
26.7047
26.7047
26.9181
26.7114
26.7049
26.7048
26.7047
26.7047
26.7047
26.7047
26.7047
26.7047
26.7047
26.7047
26.7046
26.9093
26.7108
26.7046
26.7045
26.7044
26.7043
26.7043
26.7042
26.7041
26.7041
26.7040
26.7039
26.7039
26.8716
26.7084
26.7038
26.7036
26.7035
26.7034
26.7033
26.7032
26.7031
26.7030
26.7029
26.7028
26.7027
26.8198
26.7054
26.6947
26.6828
26.6700
26.6564
26.6424
26.6280
26.6137
26.5996
26.5857
26.5719
26.5584
26.6642
26.6184
26.5807
26.5514
26.5271
26.5062
26.4875
26.4703
26.4543
26.4390
26.4243
26.4100
26.3960
26.5015
26.4588
26.4253
26.4005
26.3813
26.3659
26.3531
26.3422
26.3326
26.3241
26.3164
26.3094
26.3026
26.4129
26.3749
26.3451
26.3232
26.3061
26.2924
26.2809
26.2709
26.2621
26.2540
26.2466
26.2398
26.2335
26.3441
26.3072
26.2790
26.2584
26.2428
26.2305
26.2206
26.2122
26.2050
26.1986
26.1924
26.1863
26.1802
26.2901
26.2527
26.2239
26.2024
26.1857
26.1723
26.1610
26.1512
26.1425
26.1344
26.1267
26.1194
26.1123
26.2206
26.1827
26.1536
26.1319
26.1154
26.1023
26.0915
26.0826
26.0756
26.0688
26.0629
26.0574
26.0524
26.1621
26.1276
26.0989
26.0784
26.0626
26.0498
26.0391
26.0294
26.0203
26.0117
26.0032
25.9949
25.9866
26.0923
26.0544
26.0226
25.9991
25.9804
25.9652
25.9522
25.9408
25.9306
25.9213
25.9125
25.9041
25.8961
26.0016
25.9648
25.9342
25.9118
25.8945
25.8804
25.8684
25.8578
25.8483
25.8394
25.8310
25.8229
25.8150
25.9199
25.8832
25.8525
25.8297
25.6102
25.6036
25.6034
25.6034
25.6034
25.6034
25.6034
25.6034
25.6034
25.7619
25.6081
25.6036
25.2467
25.0161
25.0071
25.0067
25.0066
25.0064
25.0063
25.0061
25.0060
25.0059
25.0058
25.0056
24.8031
24.6449
24.5240
24.4324
24.3623
24.3089
24.2686
24.2387
24.2198
24.2037
24.1926
24.1857
24.1789
24.1792
24.1806
24.1836
24.1877
24.1926
24.1990
24.2070
24.2157
24.2255
24.2392
24.2501
24.2621
24.2750
24.2855
24.3030
24.3136
24.3280
24.3418
24.3550
24.3673
24.3789
24.3900
24.4006
24.4107
24.4203
24.4295
24.4414
24.4494
24.4572
24.4653
24.4710
24.4808
24.4908
24.5009
24.5112
24.5207
24.5302
24.5387
24.5469
24.5549
24.5629
24.5732
24.5792
24.5847
24.5899
24.5947
24.5989
24.6028
24.6064
24.6096
24.6125
24.6152
24.6178
24.6204
24.6209
24.6211
24.6215
24.6221
24.6229
24.6241
24.6255
24.6271
24.6288
24.6306
24.6323
24.6344
24.6368
24.6397
24.6430
24.6467
24.6508
24.6548
24.6577
24.6605
24.6647
24.6688
24.6728
24.6754
24.6768
24.6771
24.6763
24.6746
24.6722
24.6691
24.6683
24.6634
24.6552
24.6533
24.6443
24.6392
24.6344
24.6298
24.6253
24.6207
24.6163
24.6119
24.6082
24.6039
24.5996
24.5954
24.5913
24.5870
24.5824
24.5773
24.5721
24.5665
24.5608
24.5628
24.5533
24.5451
24.5366
24.5280
24.5193
24.5106
24.5019
24.4932
24.4842
24.4749
24.4654
24.4559
24.4461
24.4365
24.4269
24.4172
24.4071
24.3971
24.3872
24.3774
24.3676
24.3578
24.3480
24.3380
24.3271
24.3163
24.3054
24.2942
24.2829
24.2716
24.2604
24.2493
24.2383
24.2277
24.2203
24.2102
24.2010
24.1927
24.1850
24.1778
24.1709
24.1643
24.1579
24.1514
24.1453
24.1392
24.1329
24.1270
24.1205
24.1149
24.1093
24.1040
24.0958
24.0914
24.0871
24.0829
24.0787
24.0746
24.0706
24.4621
24.7750
25.0288
25.2375
25.3985
25.5217
25.6162
25.6892
25.7463
25.7913
25.8272
25.8562
25.9904
25.9787
25.9716
25.9686
25.9681
25.9692
25.9713
25.9738
25.9768
25.9799
25.9831
25.9863
25.6011
25.8295
25.4863
25.2073
24.9738
24.7858
24.6374
24.5199
24.4261
24.3500
24.2875
24.2353
24.1909
24.1525
24.6239
24.5242
24.3976
24.2993
24.2219
24.1599
24.1091
24.0668
24.0307
23.9992
23.9717
23.9477
23.9266
24.3968
24.3164
24.2049
24.1186
24.0506
23.9962
23.9518
23.9146
23.8838
23.8579
23.8356
23.8162
23.7990
24.2640
24.1891
24.0813
23.9976
23.9316
23.8784
23.8352
23.8006
23.7727
23.7497
23.7303
23.7136
23.6989
24.1601
24.0881
23.9823
23.8996
23.8338
23.7806
23.7385
23.7064
23.6819
23.6630
23.6483
23.6369
23.6279
24.0920
24.0287
23.9308
23.8558
23.7989
23.7570
23.7305
23.7127
23.7013
23.6947
23.6918
23.6916
23.6935
23.6970
23.7017
23.7075
23.7140
23.7212
24.7497
25.5441
26.0787
26.4534
26.6676
26.6705
26.6705
26.6705
26.6704
26.6704
26.6704
26.6704
26.6703
26.6703
26.6703
26.6703
26.6703
26.6703
26.6703
26.6703
26.6703
26.6703
26.6702
26.6702
26.6702
26.6702
26.6702
26.6702
26.6701
26.6701
26.6701
26.6701
26.6700
26.6700
26.6745
26.6828
26.6939
26.7069
26.7213
26.7368
26.7524
26.7685
26.7853
26.8026
26.8204
26.8387
26.8574
26.8766
26.8950
26.9124
26.9292
26.9454
26.9612
26.9764
26.9903
27.0005
27.0088
27.0159
27.0222
27.0276
27.0323
27.0368
27.0408
27.0447
27.0482
27.0513
27.0549
27.0592
27.0641
27.0696
27.0756
27.0820
27.0887
27.0956
27.1026
27.1097
27.1167
27.1238
27.1304
27.1364
27.1421
27.1475
27.1524
27.1570
27.1617
27.1665
27.1708
27.1758
27.1807
27.1852
27.1892
27.1930
27.1967
27.2000
27.2030
27.2059
27.2099
27.2141
27.2182
27.2223
27.2263
27.2303
27.2341
27.2377
27.2474
27.2486
27.2500
27.2515
27.2529
27.2540
27.2546
27.2550
27.2553
27.2555
27.2554
27.2550
27.2673
27.2626
27.2586
27.2550
27.2503
27.2444
27.2375
27.2295
27.2205
27.2105
27.2002
27.1896
27.1787
27.1675
27.1560
27.1442
27.1323
27.1203
27.1081
27.0959
27.0834
27.0706
27.0579
27.0456
27.0336
27.0218
27.0102
26.9987
26.9873
26.9756
26.9638
26.9520
26.9403
26.9286
26.9169
26.9054
26.8940
26.8828
26.8718
26.8610
26.8517
26.8435
26.8363
26.8300
26.8243
26.8191
26.8142
26.8097
26.8053
26.8012
26.7972
26.7934
26.7896
26.7858
26.7819
26.7780
26.7742
26.7705
26.7669
26.7634
26.7601
26.7568
26.7536
26.7504
26.5033
26.2952
26.1120
25.9443
25.7920
25.6550
25.5326
25.4228
25.3240
25.2341
25.1517
25.0758
25.5038
25.3265
25.1813
25.0598
24.9567
24.8678
24.7897
24.7201
24.6576
24.6055
24.5611
24.5227
24.4889
24.9763
24.8682
24.7371
24.6367
24.5582
24.4954
24.4441
24.4013
24.3648
24.3332
24.3053
24.2801
24.2569
24.7447
24.6507
24.5297
24.4368
24.3641
24.3062
24.2590
24.2197
24.1863
24.1572
24.1313
24.1078
24.0862
24.5705
24.4818
24.3645
24.2739
24.2025
24.1452
24.0981
24.0585
24.0244
23.9946
23.9688
23.9461
23.9258
24.3943
24.3132
24.2014
24.1149
24.0467
23.9919
23.9466
23.9091
23.8779
23.8515
23.8286
23.8084
23.7902
24.2511
24.1724
24.0618
23.9754
23.9065
23.8500
23.8049
23.7713
23.7465
23.7283
23.7150
23.7054
23.6987
24.1673
24.1037
24.0077
23.9361
23.8836
23.8457
23.8245
23.8114
23.8042
23.8014
23.8019
23.8048
23.8098
23.8164
23.8243
23.8332
23.8429
23.8532
24.8870
25.6899
26.2361
26.6629
26.6704
26.6704
26.6703
26.6703
26.6703
26.6703
26.6703
26.6702
26.6702
26.6702
26.6702
26.6702
26.6702
26.6701
26.6701
26.6701
26.6701
26.6701
26.6700
26.6700
26.6770
26.6889
26.6967
26.7084
26.7226
26.7384
26.7555
26.7735
26.7919
26.8108
26.8298
26.8489
26.8681
26.8876
26.9070
26.9263
26.9451
26.9635
26.9812
26.9983
27.0148
27.0307
27.0461
27.0610
27.0750
27.0881
27.1005
27.1109
27.1202
27.1291
27.1396
27.1507
27.1612
27.1716
27.1817
27.1915
27.2012
27.2106
27.2200
27.2296
27.2391
27.2486
27.2579
27.2672
27.2764
27.2856
27.2947
27.3038
27.3130
27.3221
27.3311
27.3399
27.3483
27.3564
27.3641
27.3712
27.3778
27.3839
27.3909
27.3983
27.4039
27.4085
27.4121
27.4148
27.4167
27.4180
27.4192
27.4205
27.4219
27.4228
27.4238
27.4251
27.4263
27.4276
27.4288
27.4300
27.4313
27.4325
27.4327
27.4382
27.4343
27.4299
27.4250
27.4195
27.4135
27.4072
27.4005
27.3937
27.3865
27.3789
27.3714
27.3641
27.3569
27.3497
27.3425
27.3352
27.3275
27.3193
27.3108
27.3018
27.2988
27.2871
27.2757
27.2645
27.2534
27.2423
27.2310
27.2196
27.2079
27.1960
27.1838
27.1713
27.1587
27.1457
27.1330
27.1207
27.1087
27.0970
27.0855
27.0741
27.0629
27.0517
27.0406
27.0295
27.0185
27.0076
26.9968
26.9863
26.9759
26.9657
26.9557
26.9460
26.9368
26.9281
26.9199
26.9121
26.9045
26.8970
26.8897
26.8826
26.8757
26.8688
26.8620
26.8554
26.8490
26.8427
26.8368
26.8309
26.8251
26.8193
26.8136
26.8078
26.8020
26.7963
26.7906
26.7849
26.5379
26.3227
26.1280
25.9514
25.7928
25.6511
25.5245
25.4107
25.3074
25.2141
25.1285
25.0492
25.4659
25.2909
25.1499
25.0337
24.9366
24.8541
24.7828
24.7204
24.6649
24.6149
24.5694
24.5277
24.9000
25.3003
25.6246
25.8876
26.0852
26.1224
26.1520
26.1774
26.1994
26.2184
26.2347
26.2489
26.2614
26.2725
26.2824
26.2915
26.2997
26.4233
26.3991
26.3822
26.3725
26.3672
26.3647
26.3640
26.3627
26.3607
26.3584
26.3553
26.3516
26.3471
26.4584
26.4213
26.3919
26.3693
26.3510
26.3360
26.3231
26.3117
26.3014
26.2917
26.2825
26.2808
26.2700
26.3760
26.3353
26.3034
26.2790
26.2595
26.2432
26.2291
26.2165
26.2048
26.1939
26.1835
26.1733
26.1632
26.2686
26.2279
26.1959
26.1707
25.7124
25.6070
25.6043
25.6042
25.6043
25.6043
25.6043
25.6044
25.6045
25.8417
25.6124
25.6048
25.3136
25.0732
25.0093
25.0069
25.0067
25.0065
25.0063
25.0062
25.0060
25.0059
25.0057
25.0056
24.8689
24.7592
24.6794
24.6214
24.5793
24.5491
24.5363
24.5237
24.5132
24.5076
24.5058
24.5070
24.5090
24.5159
24.5233
24.5319
24.5415
24.5523
24.5636
24.5752
24.5873
24.6078
24.6216
24.6292
24.6441
24.6615
24.6719
24.6798
24.6918
24.7037
24.7152
24.7263
24.7371
24.7474
24.7574
24.7671
24.7767
24.7864
24.7958
24.8051
24.8142
24.8234
24.8327
24.8422
24.8550
24.8644
24.8743
24.8845
24.8920
24.8981
24.9036
24.9086
24.9132
24.9174
24.9214
24.9249
24.9280
24.9309
24.9334
24.9356
24.9376
24.9392
24.9406
24.9417
24.9428
24.9417
24.9407
24.9408
24.9415
24.9426
24.9442
24.9461
24.9483
24.9510
24.9539
24.9579
24.9633
24.9661
24.9684
24.9677
24.9687
24.9691
24.9688
24.9667
24.9635
24.9594
24.9544
24.9488
24.9423
24.9351
24.9282
24.9220
24.9169
24.9110
24.9062
24.9020
24.8981
24.8975
24.8940
24.8883
24.8895
24.8852
24.8836
24.8822
24.8805
24.8785
24.8764
24.8741
24.8714
24.8691
24.8658
24.8629
24.8599
24.8566
24.8531
24.8496
24.8458
24.8418
24.8377
24.8335
24.8278
24.8193
24.8118
24.8035
24.8025
24.7904
24.7756
24.7660
24.7531
24.7399
24.7266
24.7129
24.6991
24.6848
24.6705
24.6560
24.6411
24.6258
24.6109
24.5937
24.5799
24.5661
24.5522
24.5382
24.5242
24.5096
24.4953
24.4809
24.4684
24.4536
24.4385
24.4237
24.4090
24.3944
24.3832
24.3684
24.3552
24.3408
24.3302
24.3199
24.3100
24.3005
24.2914
24.2825
24.2738
24.2652
24.2566
24.2488
24.2418
24.2300
24.2227
24.2153
24.2079
24.2007
24.1935
24.1865
24.1796
24.1728
24.1661
24.1595
24.6568
25.0546
25.3847
25.6345
25.8220
25.8566
25.8863
25.9125
25.9354
25.9553
25.9722
25.9866
25.9988
26.0092
26.0180
26.0255
26.0320
26.1500
26.1243
26.1066
26.0956
26.0889
26.0849
26.0827
26.0816
26.0810
26.0807
26.0804
26.0800
26.0794
26.1916
26.1596
26.1364
26.1203
26.1089
26.1006
26.0944
26.0896
26.0858
26.0827
26.0800
26.0777
26.0756
26.1867
26.1536
26.1295
26.1125
26.1002
26.0912
26.0844
26.0791
26.0749
26.0714
26.0684
26.0658
26.0633
26.1743
26.1409
26.1166
26.0994
26.0868
26.0775
26.0703
26.0646
26.0598
26.0558
26.0523
26.0493
26.0462
26.1566
26.1226
26.0978
26.0799
26.0669
26.0569
26.0491
26.0427
26.0373
26.0326
26.0285
26.0246
26.0210
26.1308
26.0963
25.6425
25.6038
25.6031
25.6031
25.6031
25.6032
25.6032
25.6033
25.6033
25.6034
25.6034
25.8308
25.4872
25.2089
25.0126
25.0056
25.0052
25.0051
25.0050
25.0048
25.0047
25.0046
25.0045
25.0044
24.8579
24.7373
24.6484
24.5812
24.5313
24.4939
24.4662
24.4459
24.4348
24.4245
24.4179
24.4141
24.4147
24.4138
24.4173
24.4222
24.4281
24.4350
24.4427
24.4541
24.4622
24.4708
24.4881
24.5041
24.5082
24.5162
24.5223
24.5325
24.5427
24.5527
24.5627
24.5726
24.5825
24.5924
24.6024
24.6124
24.6253
24.6346
24.6442
24.6572
24.6666
24.6765
24.6867
24.6943
24.7056
24.7167
24.7277
24.7384
24.7479
24.7598
24.7668
24.7734
24.7797
24.7858
24.7917
24.7982
24.8034
24.8083
24.8130
24.8175
24.8219
24.8261
24.8302
24.8342
24.8381
24.8421
24.8461
24.8503
24.8547
24.8593
24.8641
24.8690
24.8740
24.8791
24.8843
24.8896
24.8947
24.8997
24.9045
24.9091
24.9133
24.9169
24.9210
24.9280
24.9304
24.9319
24.9326
24.9328
24.9323
24.9298
24.9284
24.9266
24.9242
24.9208
24.9171
24.9144
24.9116
24.9087
24.9070
24.9031
24.8991
24.8966
24.8914
24.8868
24.8819
24.8766
24.8711
24.8652
24.8592
24.8535
24.8467
24.8398
24.8334
24.8269
24.8202
24.8128
24.8053
24.7977
24.7899
24.7820
24.7737
24.7633
24.7625
24.7513
24.7402
24.7291
24.7181
24.7068
24.6953
24.6837
24.6718
24.6597
24.6576
24.6423
24.6274
24.6126
24.5977
24.5828
24.5680
24.5536
24.5394
24.5255
24.5118
24.4983
24.4851
24.4719
24.4588
24.4459
24.4331
24.4204
24.4078
24.3954
24.3831
24.3710
24.3592
24.3476
24.3370
24.3271
24.3180
24.3095
24.3014
24.2937
24.2863
24.2791
24.2721
24.2652
24.2585
24.2519
24.2454
24.2390
24.2327
24.2265
24.2205
24.2146
24.2088
24.2032
24.1977
24.1924
24.1872
24.1822
24.1788
24.1751
24.1711
24.1668
24.1623
24.1575
24.1526
24.1475
24.1423
24.1370
24.1316
24.1262
24.6230
24.5484
24.4437
24.3648
24.3045
24.2579
24.2215
24.1925
24.1692
24.1501
24.1343
24.1209
24.1095
24.6016
24.5242
24.4170
24.3358
24.2736
24.2253
24.1871
24.1565
24.1315
24.1108
24.0934
24.0784
24.0654
24.5548
24.4774
24.3696
24.2877
24.2246
24.1754
24.1364
24.1051
24.0794
24.0582
24.0404
24.0255
24.0126
24.5018
24.4265
24.3204
24.2398
24.1779
24.1298
24.0919
24.0616
24.0371
24.0170
24.0004
24.0000
24.0000
24.4838
24.4064
24.2983
24.2160
24.1527
24.1036
24.0650
24.0342
24.0094
24.0002
24.0001
24.0001
24.0001
24.4777
24.3972
24.2859
24.2008
24.1354
24.0845
24.0445
24.0133
24.0003
24.0001
24.0001
24.0001
24.0001
24.4781
24.4005
24.2918
24.2096
24.1494
24.1058
24.0726
24.0487
24.0319
24.0204
24.0131
24.0094
24.0082
24.0092
24.0117
24.0159
24.0211
24.0272
24.0339
24.0412
24.0490
24.0572
24.0659
24.0749
24.0850
24.0963
24.1087
24.1216
24.1352
24.1494
24.1642
24.1790
24.1939
24.2090
24.2243
24.2399
24.2549
24.2692
24.2829
24.2961
24.3089
24.3211
24.3331
24.3448
24.3563
24.3677
24.3787
24.3895
24.4003
24.4110
24.4217
24.4325
24.4432
24.4538
24.4643
24.4747
24.4849
24.4950
24.5049
24.5146
24.5239
24.5329
24.5414
24.5497
24.5576
24.5653
24.5723
24.5790
24.5851
24.5899
24.5940
24.5977
24.6011
24.6042
24.6085
24.6128
24.6168
24.6205
24.6241
24.6276
24.6309
24.6340
24.6370
24.6398
24.6430
24.6468
24.6513
24.6563
24.6618
24.6663
24.6707
24.6756
24.6809
24.6867
24.6928
24.6994
24.7061
24.7128
24.7197
24.7266
24.7335
24.7405
24.7463
24.7510
24.7549
24.7583
24.7612
24.7635
24.7647
24.7640
24.7621
24.7591
24.7551
24.7504
24.7448
24.7385
24.7316
24.7240
24.7159
24.7072
24.6984
24.6898
24.6813
24.6733
24.6654
24.6575
24.6497
24.6420
24.6344
24.6269
24.6193
24.6118
24.6039
24.5956
24.5868
24.5776
24.5680
24.5580
24.5475
24.5366
24.5253
24.5135
24.5014
24.4889
24.4765
24.4640
24.4515
24.4391
24.4267
24.4143
24.4099
24.4030
24.3944
24.3846
24.3737
24.3622
24.3504
24.3387
24.3269
24.3153
24.3037
24.2923
24.7906
24.7108
24.5998
24.5142
24.4474
24.3943
24.3515
24.3163
24.2868
24.2616
24.2396
24.2202
24.2034
24.6945
24.6135
24.5023
24.4173
24.3517
24.3003
24.2596
24.2269
24.2001
24.1780
24.1594
24.1435
24.1297
24.6211
24.5438
24.4355
24.3528
24.2889
24.2390
24.1995
24.1679
24.1420
24.1207
24.1027
24.0874
24.0741
24.5642
24.4886
24.3816
24.2998
24.2366
24.1871
24.1480
24.1165
24.0909
24.0695
24.0514
24.0356
24.0219
24.5100
24.4348
24.3279
24.2458
24.1820
24.1319
24.0920
24.0597
24.0333
24.0111
24.0003
24.0001
24.0000
24.4788
24.3986
24.2872
24.2016
24.1351
24.0828
24.0412
24.0075
24.0002
24.0001
24.0001
24.0001
24.0001
24.4654
24.3767
24.2579
24.1663
24.0949
24.0387
24.0009
24.0001
24.0001
24.0001
24.0001
24.0001
24.0001
24.4590
24.3674
24.2464
24.1537
24.0823
24.0268
24.0007
24.0001
24.0001
24.0001
24.0001
24.0001
24.0001
24.4579
24.3661
24.2445
24.1511
24.0790
24.0230
24.0006
24.0001
24.0001
24.0001
24.0001
24.0001
24.0001
24.4579
24.3665
24.2454
24.1526
24.0815
24.0268
24.0007
24.0001
24.0001
24.0001
24.0001
24.0001
24.0001
24.4677
24.3863
24.2767
24.1960
24.1376
24.0957
24.0662
24.0457
24.0317
24.0224
24.0172
24.0155
24.0163
24.5138
24.4583
24.3688
24.3025
24.2538
24.2183
24.1927
24.1748
24.1630
24.1559
24.1526
24.1521
24.1541
24.6665
24.6086
24.5197
24.4568
24.4129
24.3833
24.3641
24.3525
24.3467
24.3452
24.3471
24.3515
24.3579
24.8800
24.8195
24.7283
24.6633
24.6176
24.5863
24.5655
24.5525
24.5454
24.5428
24.5435
24.5468
24.5521
25.0793
25.0144
24.9206
24.8535
24.8060
24.7731
24.7507
24.7361
24.7270
24.7254
24.7222
24.7203
24.7195
25.2464
25.1716
25.0676
24.9902
24.9328
24.8901
24.8582
24.8343
24.8162
24.8025
24.7918
24.7835
24.7769
25.3026
25.2241
25.1175
25.0386
24.9805
24.9381
24.9072
24.8835
24.8658
24.8533
24.8448
24.8395
24.8367
25.3676
25.2897
25.1851
25.1063
25.0475
25.0047
24.9732
24.9481
24.9275
24.9100
24.8947
24.8810
24.8684
25.3894
25.2999
25.1838
25.0943
25.0259
24.9727
24.9308
24.8973
24.8701
24.8476
24.8285
24.8120
24.7971
25.3127
25.2205
25.1004
25.0084
24.9371
24.8809
24.8356
24.7984
24.7673
24.7404
24.7166
24.6952
24.6755
25.1816
25.0871
24.9644
24.8698
24.7953
24.7357
24.6869
24.6458
24.6105
24.5795
24.5518
24.5266
24.5034
24.9995
24.9060
24.7831
24.6876
24.6124
24.5521
24.5027
24.4615
24.4263
24.3959
24.3693
24.3457
24.3245
24.8173
24.7295
24.6116
24.5201
24.4481
24.3907
24.3440
24.3053
24.2727
24.2446
24.2200
24.1981
24.1782
24.6655
24.5810
24.4673
24.3804
24.3132
24.2606
24.2189
24.1854
24.1580
24.1352
24.1161
24.0997
24.0856
24.5756
24.4984
24.3904
24.3082
24.2448
24.1955
24.1565
24.1253
24.1000
24.0792
24.0618
24.0471
24.0344
24.5244
24.4498
24.3436
24.2626
24.2000
24.1512
24.1126
24.0817
24.0566
24.0358
24.0185
24.0036
24.0001
24.4870
24.4123
24.3057
24.2242
24.1613
24.1121
24.0733
24.0422
24.0170
24.0004
24.0001
24.0001
24.0001
24.4782
24.3989
24.2881
24.2035
24.1383
24.0877
24.0479
24.0165
24.0004
24.0001
24.0001
24.0001
24.0001
24.4737
24.3909
24.2776
24.1909
24.1241
24.0721
24.0312
24.0007
24.0001
24.0001
24.0001
24.0001
24.0001
24.4665
24.3785
24.2606
24.1700
24.0998
24.0450
24.0015
24.0001
24.0001
24.0001
24.0001
24.0001
24.0001
24.4588
24.3650
24.2431
24.1496
24.0774
24.0210
24.0006
24.0001
24.0001
24.0001
24.0001
24.0001
24.0001
24.4504
24.3505
24.2232
24.1250
24.0486
24.3825
24.6600
24.8874
25.0606
25.1928
25.2942
25.3731
25.4353
25.5928
25.6003
25.6004
25.6005
25.2294
25.0072
25.0016
25.0015
25.0015
25.0015
25.0015
25.0015
25.0015
25.0015
25.0015
25.0014
24.8231
24.6693
24.5531
24.4651
24.3982
24.3472
24.3087
24.2831
24.2618
24.2461
24.2349
24.2273
24.2213
24.2218
24.2242
24.2287
24.2353
24.2436
24.2527
24.2623
24.2723
24.2826
24.2963
24.3036
24.3180
24.3266
24.3381
24.3465
24.3587
24.3709
24.3829
24.3948
24.4099
24.4211
24.4326
24.4409
24.4529
24.4648
24.4770
24.4891
24.5010
24.5126
24.5245
24.5367
24.5482
24.5629
24.5741
24.5859
24.5973
24.6056
24.6169
24.6267
24.6389
24.6471
24.6548
24.6619
24.6685
24.6763
24.6840
24.6911
24.6979
24.7043
24.7104
24.7162
24.7218
24.7271
24.7325
24.7381
24.7438
24.7478
24.7515
24.7556
24.7598
24.7642
24.7688
24.7735
24.7781
24.7826
24.7869
24.7913
24.7955
24.7997
24.8039
24.8067
24.8100
24.8135
24.8143
24.8145
24.8142
24.8111
24.8108
24.8127
24.8114
24.8100
24.8084
24.8070
24.8054
24.8035
24.8016
24.7997
24.8002
24.7952
24.7928
24.7902
24.7873
24.7839
24.7802
24.7762
24.7719
24.7678
24.7627
24.7576
24.7529
24.7480
24.7427
24.7366
24.7302
24.7234
24.7164
24.7091
24.7096
24.6973
24.6872
24.6770
24.6665
24.6558
24.6450
24.6339
24.6202
24.6118
24.6001
24.5854
24.5762
24.5633
24.5504
24.5373
24.5239
24.5104
24.4944
24.4820
24.4695
24.4571
24.4448
24.4325
24.4204
24.4081
24.3963
24.3867
24.3751
24.3635
24.3523
24.3416
24.3311
24.3209
24.3141
24.3037
24.2944
24.2862
24.2784
24.2715
24.2627
24.2572
24.2520
24.2469
24.2419
24.2369
24.2319
24.2282
24.2240
24.2185
24.2138
24.2093
24.2018
24.1982
24.1946
24.1909
24.1873
24.1836
24.1801
24.1766
24.6830
25.0931
25.4280
25.6809
25.7650
25.8306
25.8842
25.9284
25.9651
25.9958
26.0217
26.0437
26.0621
26.0777
26.0909
26.1023
26.2248
26.2024
26.1876
26.1796
26.1757
26.1744
26.1747
