22.9962
22.9918
22.9855
22.9778
22.9690
22.9592
22.9487
22.9375
22.9257
22.9135
22.9008
22.8878
22.8743
22.8637
22.8554
22.8487
22.8431
22.8384
22.8343
22.8307
22.8274
22.8244
22.8216
22.8190
22.8164
22.8139
22.8112
22.8085
22.8057
22.8028
22.7998
22.7968
22.7938
22.7907
22.7877
22.7846
22.7816
22.7788
22.7762
22.7738
22.7716
22.7696
22.7676
22.7658
22.7641
22.7624
22.7608
22.7592
22.7577
22.7558
22.7536
22.7510
22.7481
22.7451
22.7419
22.7386
22.7351
22.7316
22.7280
22.7242
22.7205
22.4571
22.2695
22.1444
22.0575
21.9952
21.9490
21.9133
21.8846
21.8608
21.8405
21.8871
22.0417
22.1652
22.2723
22.3819
22.4841
22.5782
22.6662
22.7471
22.8220
22.8925
22.9605
23.0260
23.0893
23.1590
23.2182
23.2778
23.3381
23.3974
23.4559
23.5128
23.5704
23.6239
23.6766
23.7283
23.7802
23.9952
24.0068
24.0077
24.0083
24.0088
24.0093
24.0097
24.0101
24.0106
24.0109
24.0119
24.0115
24.0120
24.0117
24.0114
24.0110
24.0115
24.0120
24.0126
24.0132
24.0138
24.0141
24.0144
24.0146
24.0148
24.0143
24.0146
24.0139
24.0132
24.0131
24.0126
24.0120
24.0116
24.0111
24.0108
24.0104
24.0101
24.0098
24.0094
24.0091
24.0089
24.0086
24.0085
24.0081
24.0078
24.0075
24.0073
24.0071
24.0068
24.0066
24.0065
24.0063
24.0062
24.0061
24.0059
24.0059
24.0060
24.0060
24.0060
24.0061
24.0064
24.0062
24.0059
24.0059
24.0058
24.0058
24.0058
24.0057
24.0057
24.0056
24.0055
24.0059
24.0066
24.0071
24.0077
24.0084
24.0090
24.0095
24.0101
24.0106
24.0111
24.0112
24.0114
24.0115
24.0116
24.0113
24.0113
24.0114
24.0116
24.0114
24.0122
24.0126
24.0134
24.0126
24.0126
24.0127
24.0128
24.0128
24.0127
24.0126
24.0125
24.0124
24.0123
24.0122
24.0121
24.0120
24.0120
24.0119
24.0113
23.9982
23.9480
23.8869
23.8216
23.7555
23.6924
23.6317
23.5770
23.5246
23.4747
23.4273
23.3802
23.3330
23.2858
23.2408
23.1960
23.1512
23.1079
23.0652
23.0252
22.9863
22.9485
22.9115
22.8769
22.8440
22.8131
22.7836
22.7553
22.7281
22.7018
22.6766
22.6523
22.6282
22.6063
22.5836
22.5609
22.5382
22.5169
22.4957
22.4749
22.4542
22.4335
22.4127
22.3922
22.3716
22.3511
22.3306
22.3127
22.2966
22.2827
22.2681
22.2570
22.2464
22.2364
22.2269
22.2179
22.2094
22.2012
22.1934
22.4606
22.6411
22.7673
22.8578
22.9242
22.9739
23.0119
23.0414
23.0645
23.0830
23.0980
23.1104
23.1208
23.1297
23.1373
23.1469
23.1554
23.1628
23.1693
23.1750
23.1801
23.1847
23.1888
23.1925
23.1950
23.1960
23.1962
23.1970
23.1992
23.2032
22.9299
22.7354
22.6082
22.5242
22.4680
22.4296
22.4046
22.3915
22.3866
22.3873
22.3918
22.3989
22.6695
22.8571
22.9970
22.8321
22.7102
22.6396
22.6006
22.5811
22.5738
22.5741
22.5787
22.5864
22.5958
22.6063
22.6174
22.8962
22.8193
22.7666
22.7390
22.7265
22.7229
22.7247
22.7297
22.7366
22.7445
22.7531
22.7621
22.7712
23.0524
22.9697
22.9138
22.8810
22.8629
22.8537
22.8496
22.8486
22.8494
22.8512
22.8537
22.8565
22.8594
23.1370
23.0538
22.9883
22.9551
22.9388
22.9316
22.9297
22.9308
22.9336
22.9376
22.9421
23.0806
23.2290
23.3480
23.4331
23.5091
23.5696
23.6155
23.6532
23.6809
23.7011
23.7171
23.7306
23.7426
23.7537
23.7692
23.7802
23.7906
23.8019
23.8133
23.8247
23.8444
23.8750
23.9104
23.9514
23.9970
24.0035
24.0115
24.0126
24.0130
24.0133
24.0135
24.0137
24.0139
24.0140
24.0302
24.0660
24.1067
24.1568
24.1885
24.2333
24.2673
24.3123
24.3533
24.3922
24.4239
24.4506
24.4726
24.4910
24.5065
24.5199
24.5308
24.4934
24.0381
24.0088
24.1912
24.3446
24.4246
24.4628
24.4976
24.5203
24.5369
24.5500
24.5552
24.5565
24.5524
24.5463
24.5387
24.5296
24.5169
24.5011
24.4838
24.4652
24.4552
24.4305
24.4192
24.4091
24.3975
24.3850
24.3721
24.3598
24.3509
24.3451
24.3415
24.3395
24.3387
24.3389
24.3478
24.3535
24.3033
24.2817
24.2748
24.2729
24.2707
24.2596
24.2466
24.2375
24.2287
24.2194
24.2646
24.2793
24.2804
24.2746
24.2618
24.2469
24.2345
24.2269
24.2132
24.2164
24.2085
24.2009
24.1952
24.1337
24.1109
24.0809
24.0727
24.1800
24.2835
24.3307
24.2952
24.2189
24.1776
24.1512
24.1307
24.1139
24.0955
24.0780
24.0607
24.0436
24.0251
24.0100
24.0089
24.0087
24.0087
24.0087
24.0091
24.0037
24.0031
24.0029
24.0027
24.0025
24.0023
24.0022
24.0021
24.0020
24.0019
24.0018
24.0017
24.0016
24.0016
23.9981
23.9836
23.9622
23.9380
23.9115
23.8867
23.8618
23.8370
23.8125
23.7885
23.7648
23.7419
23.7193
23.6968
23.6750
23.6535
23.6313
23.6093
23.5876
23.5678
23.5459
23.5265
23.5094
23.4924
23.4782
23.4648
23.4520
23.4397
23.4280
23.4167
23.4055
23.3949
23.3857
23.3756
23.3656
23.3567
23.3481
23.3379
23.3306
23.3231
23.3157
23.3085
23.3013
23.2942
23.2873
23.5674
23.7525
23.8877
23.9865
24.0602
23.8108
23.6324
23.5106
23.4317
23.3802
23.3459
23.3226
23.3073
23.2974
23.2911
23.2872
23.2851
23.5700
23.4746
23.4089
23.3688
23.3448
23.3306
23.3224
23.3175
23.3143
23.3122
23.3107
23.3096
23.3089
23.5966
23.5001
23.4326
23.3905
23.3644
23.3479
23.3379
23.3318
23.3283
23.3265
23.3257
23.3256
23.3261
23.6165
23.5223
23.4561
23.4154
23.3907
23.3741
23.3619
23.3525
23.3445
23.3375
23.3308
23.3245
23.3181
23.6006
23.4978
23.4239
23.3752
23.3427
23.3197
23.3030
23.2898
23.2790
23.2693
23.2611
23.2527
23.2448
23.5225
23.4179
23.3438
23.2948
23.2622
23.2391
23.2220
23.2083
23.1969
23.1868
23.1775
23.1688
23.1604
23.4342
23.3285
23.2637
23.2098
23.1819
23.1648
23.1536
23.1459
23.1403
23.1360
23.1325
23.1297
23.2806
23.7096
23.7278
23.7292
23.7344
23.7301
23.7207
23.7090
23.7023
23.7012
23.7046
23.7117
23.7217
23.7341
23.7541
23.7668
23.7824
23.7994
23.8173
23.8368
23.8581
23.8834
23.9075
23.9331
23.9598
23.9876
24.0100
24.0118
24.0120
24.0117
24.0112
24.0107
24.0103
24.0099
24.0095
24.0091
24.0090
24.0096
24.0092
24.0250
24.0516
24.0859
24.1228
24.1610
24.1858
24.1988
24.2042
24.2043
24.2004
24.1936
24.1850
24.1090
24.0729
24.1024
24.1148
24.1039
24.1021
24.1087
24.1212
24.1367
24.1540
24.1732
24.1932
24.2149
24.2353
24.2559
24.2768
24.2975
24.3068
24.3115
24.3150
24.3167
24.3166
24.3063
24.2394
24.2608
24.2668
24.2673
24.2653
24.2642
24.2658
24.2698
24.2753
24.2818
24.2891
24.2955
24.3027
24.2543
24.2356
24.2298
24.2301
24.2334
24.2388
24.2456
24.2532
24.2615
24.2703
24.2795
24.2843
24.3399
24.3646
24.3801
24.3874
24.3975
24.3948
24.3927
24.3898
24.3866
24.3833
24.3791
24.3753
24.3222
24.2872
24.2674
24.2540
24.3533
24.4536
24.5010
24.4668
24.3923
24.3523
24.3270
24.3075
24.2920
24.2755
24.2594
24.2435
24.2276
24.2110
24.1932
24.1716
24.1498
24.1289
24.1081
24.0844
24.0059
24.0027
24.0024
24.0022
24.0021
24.0020
24.0018
24.0017
24.0017
24.0016
24.0016
24.0015
24.0014
24.0013
24.0013
24.0013
24.0012
24.0012
24.0011
23.9940
23.9783
23.9575
23.9334
23.9081
23.8815
23.8550
23.8285
23.8036
23.7776
23.7515
23.7257
23.6998
23.6740
23.6500
23.6222
23.6003
23.5813
23.5647
23.5497
23.5361
23.5236
23.5121
23.5014
23.4917
23.4828
23.4736
23.4651
23.4570
23.4492
23.4402
23.4342
23.4281
23.4221
23.4162
23.4105
23.4049
23.3995
23.3943
23.3893
23.6897
23.8945
24.0450
24.1562
24.2404
23.9929
23.8162
23.6937
23.6113
23.5574
23.5218
23.4981
23.4812
23.4686
23.4589
23.4511
23.4446
23.7316
23.6325
23.5598
23.5127
23.4816
23.4605
23.4452
23.4341
23.4256
23.4189
23.4132
23.4083
23.4039
23.6911
23.5905
23.5194
23.4736
23.4438
23.4238
23.4093
23.3981
23.3889
23.3809
23.3736
23.3668
23.3603
23.6439
23.5410
23.4671
23.4188
23.3867
23.3624
23.3429
23.3262
23.3111
23.2969
23.2832
23.2698
23.2564
23.5281
23.4172
23.3368
23.2817
23.2428
23.2138
23.1905
23.1711
23.1531
23.1364
23.1205
23.1051
23.0900
23.3535
23.2404
23.1604
23.1054
23.0664
23.0368
23.0128
22.9919
22.9731
22.9555
22.9386
22.9222
22.9060
23.1616
23.0478
22.9808
22.9286
22.9049
22.8924
22.8864
22.8842
22.8845
22.8864
22.8896
22.8936
23.0223
23.4460
23.4387
23.4382
23.4761
23.5352
23.6043
23.6772
23.7530
23.8310
23.9103
23.9905
24.0714
24.1527
24.0105
24.0059
24.0059
24.0060
24.0061
24.0062
24.0062
24.0063
24.0061
24.0060
24.0059
24.0058
24.0795
24.1760
24.2531
24.3205
24.3808
24.4360
24.4763
24.5123
24.5275
24.5398
24.5395
24.5569
24.5526
24.5416
24.5307
24.5290
24.5227
24.5134
24.5120
24.5248
24.5316
24.5432
24.5569
24.5720
24.5879
24.5428
24.5453
24.5454
24.5534
24.6198
24.6582
24.6838
24.7030
24.7152
24.7256
24.7347
24.7385
24.7395
24.7375
24.7338
24.7284
24.7216
24.7130
24.7056
24.6932
24.6810
24.6687
24.6563
24.6436
24.6308
24.6181
24.6058
24.5941
24.5840
24.5758
24.5695
24.5645
24.5602
24.5564
24.5529
24.6051
24.5735
24.5030
24.4682
24.4483
24.4343
24.4275
24.4226
24.4199
24.4191
24.4197
24.4215
24.4775
24.5007
24.5112
24.5200
24.5349
24.5370
24.5360
24.5295
24.5209
24.5113
24.5007
24.4892
24.4211
24.3799
24.3577
24.3291
24.3052
24.3935
24.4879
24.4691
24.3984
24.3579
24.3303
24.3128
24.2964
24.2817
24.2649
24.2490
24.2316
24.2142
24.1957
24.1764
24.1560
24.1345
24.1129
24.0912
24.0616
24.0052
24.0028
24.0025
24.0023
24.0022
24.0021
24.0019
24.0019
24.0018
24.0017
24.0016
24.0015
24.0015
24.0014
24.0013
24.0013
24.0012
23.9985
23.9870
23.9689
23.9470
23.9230
23.8976
23.8712
23.8436
23.8158
23.7878
23.7598
23.7324
23.7046
23.6762
23.6481
23.6201
23.5942
23.5659
23.5424
23.5226
23.5053
23.4890
23.4758
23.4637
23.4524
23.4418
23.4321
23.4229
23.4143
23.4062
23.3983
23.3913
23.3816
23.3748
23.3680
23.3613
23.3547
23.3482
23.3419
23.3358
23.3298
23.3240
23.6123
23.8050
23.9466
24.0509
24.1296
23.8827
23.7082
23.5883
23.5112
23.4617
23.4298
23.4091
23.3951
23.3855
23.3787
23.3739
23.3707
23.6561
23.5583
23.4900
23.4473
23.4206
23.4039
23.3928
23.3854
23.3804
23.3768
23.3740
23.3718
23.3702
23.6574
23.5597
23.4908
23.4476
23.4203
23.4027
23.3910
23.3829
23.3770
23.3725
23.3689
23.3659
23.3633
23.6505
23.5518
23.4819
23.4379
23.4099
23.3919
23.3803
23.3726
23.3674
23.3638
23.3612
23.3593
23.3581
23.6477
23.5512
23.4829
23.4403
23.4133
23.3958
23.3839
23.3755
23.3693
23.3645
23.3604
23.3570
23.3540
23.6419
23.5433
23.4730
23.4287
23.4009
23.3833
23.3721
23.3647
23.3598
23.3565
23.3542
23.3525
23.3515
23.6429
23.5486
23.4893
23.4413
23.4158
23.4022
23.3948
23.3911
23.3897
23.3897
23.3908
23.3924
23.6756
24.2481
24.3212
24.3700
24.4204
24.4499
24.4641
24.4636
24.4681
24.4748
24.4819
24.4899
24.4988
24.5089
24.0301
24.0071
24.0061
24.0059
24.0057
24.0055
24.0054
24.0053
24.0051
24.0050
24.0049
24.0048
24.0048
24.0047
24.0047
24.0046
24.0046
24.0045
24.0044
24.0043
24.0043
24.0042
24.0041
24.0041
24.0040
24.0040
24.0039
24.0039
24.0038
24.0038
24.0038
24.0037
24.0037
24.0037
24.0036
24.0036
24.0036
24.0035
24.0035
24.0034
24.0034
24.0034
24.0033
24.0032
24.0032
24.0031
24.0031
24.0030
24.0030
24.0029
24.0028
24.0028
24.0027
24.0027
24.0026
24.0026
24.0025
24.0025
24.0025
24.0025
24.0024
24.0023
24.0023
24.0023
24.0023
24.0022
24.0022
24.0022
24.0022
24.0022
24.0021
24.0021
24.0021
24.0021
24.0021
24.0021
24.0021
24.0020
24.0020
24.0020
24.0020
24.0020
24.0020
24.0020
24.0020
24.0020
24.0020
24.0020
24.0019
24.0019
24.0019
24.0019
24.0019
24.0019
24.0019
24.0019
24.0018
24.0018
24.0018
24.0018
24.0018
24.0018
24.0018
24.0017
24.0017
24.0017
24.0017
24.0017
24.0017
24.0017
24.0017
24.0016
24.0016
24.0016
24.0016
24.0016
24.0016
24.0015
24.0015
24.0015
24.1785
24.2835
24.3405
24.3699
24.3805
24.3822
24.3770
24.3664
24.3519
24.3346
24.3151
24.2939
24.6293
24.5357
24.4515
24.3877
24.3351
24.2890
24.2480
24.2107
24.1760
24.1429
24.1109
24.0798
24.0503
24.3382
24.2207
24.1228
24.0500
23.9920
23.9443
23.9040
23.8686
23.8362
23.8060
23.7770
23.7543
23.7360
24.0218
23.9165
23.8329
23.7785
23.7418
23.7162
23.6977
23.6837
23.6727
23.6637
23.6559
23.6490
23.6427
23.9364
23.8388
23.7624
23.7133
23.6809
23.6589
23.6434
23.6319
23.6231
23.6168
23.6123
23.6090
23.6066
23.9060
23.8139
23.7425
23.6977
23.6691
23.6513
23.6405
23.6341
23.6287
23.6237
23.6188
23.6139
23.6090
23.9035
23.8088
23.7332
23.6831
23.6491
23.6254
23.6083
23.5955
23.5855
23.5774
23.5704
23.5642
23.5585
23.8515
23.7553
23.6805
23.6317
23.5990
23.5764
23.5598
23.5470
23.5366
23.5276
23.5196
23.5123
23.5053
23.7969
23.6964
23.6202
23.5702
23.5365
23.5129
23.4954
23.4819
23.4707
23.4611
23.4526
23.4447
23.4372
23.7239
23.6199
23.5447
23.4955
23.4624
23.4391
23.4220
23.4086
23.3975
23.3879
23.3792
23.3712
23.3636
23.6469
23.5430
23.4681
23.4191
23.3864
23.3633
23.3462
23.3329
23.3218
23.3123
23.3038
23.2958
23.2883
23.5687
23.4647
23.3932
23.3491
23.3222
23.3061
23.2964
23.2908
23.2878
23.2866
23.2866
23.2878
23.6000
24.1870
24.2618
24.3089
24.3552
24.3759
24.3772
24.3708
24.3760
24.3820
24.3888
24.3993
24.4157
24.4380
24.7842
24.7096
24.6723
24.6720
24.6922
24.7250
24.7591
24.7920
24.8237
24.8543
24.8778
24.9000
24.9244
25.2815
25.1920
25.1365
25.1134
25.1091
25.1164
25.1307
25.1530
25.1777
25.2030
25.2284
25.2531
25.2773
25.6439
25.5489
25.4871
25.4644
25.4631
25.4747
25.4941
25.5184
25.5458
25.5750
25.6060
25.6383
25.6712
26.0600
25.9798
25.9221
25.9021
25.9003
25.9087
25.9263
25.9480
25.9716
25.9902
26.0051
26.0171
26.0268
26.4083
26.3015
26.2141
26.1599
26.1218
26.0929
26.0784
26.0683
26.0606
26.0541
26.0483
26.0569
26.0673
26.4542
26.3414
26.2487
26.1899
26.1470
26.1127
26.0829
26.0538
26.0239
25.9921
25.9590
25.9245
25.8882
26.2252
26.0822
25.9684
25.8958
25.8454
25.8087
25.7811
25.7595
25.7423
25.7280
25.7160
25.7055
25.6963
26.0528
25.9280
25.8276
25.7656
25.7238
25.6932
25.6696
25.6506
25.6345
25.6203
25.6060
25.5903
25.5718
25.9117
25.7759
25.6614
25.5813
25.5190
25.4674
25.4220
25.3801
25.3400
25.3009
25.2636
25.2280
25.1938
25.5103
25.3705
25.2535
25.1672
25.0966
25.0352
24.9792
24.9265
24.8756
24.8269
24.7800
24.7345
24.6900
24.9855
24.8419
24.7202
24.6298
24.5563
24.4934
24.4372
24.3854
24.3374
24.2928
24.2503
24.2094
24.1703
24.4504
24.3174
24.2078
24.1260
24.0609
24.0075
23.9618
23.9209
23.8832
23.8477
23.8135
23.7805
23.7481
24.0206
23.8976
23.8052
23.7447
23.7026
23.6719
23.6482
23.6290
23.6126
23.5983
23.5854
23.5736
23.5619
23.8434
23.7287
23.6475
23.5944
23.5578
23.5311
23.5103
23.4932
23.4782
23.4647
23.4521
23.4410
23.4310
23.7107
23.6009
23.5238
23.4748
23.4424
23.4199
23.4033
23.3904
23.3796
23.3703
23.3602
23.3496
23.3386
23.6134
23.5015
23.4220
23.3698
23.3337
23.3072
23.2863
23.2687
23.2531
23.2386
23.2245
23.2108
23.1973
23.4648
23.3509
23.2711
23.2182
23.1813
23.1537
23.1317
23.1128
22.0748
21.5934
21.3419
21.1977
21.1043
22.0774
21.5257
21.2064
21.0507
20.9608
20.9014
20.8573
20.8217
20.7913
20.7642
20.7396
20.7168
20.6956
21.6686
21.1778
20.8983
20.7673
20.6969
20.6541
20.6240
20.6005
20.5807
20.5632
20.5472
20.5323
20.5181
21.4780
21.0033
20.7359
20.6127
20.5474
20.5085
20.4821
20.4621
20.4454
20.4308
20.4173
20.4048
20.3929
21.3447
20.8732
20.6103
20.4904
20.4659
20.3988
20.3882
20.3838
20.3826
20.3837
20.3864
20.3902
20.3950
21.3568
21.0804
20.9792
20.9994
21.0223
21.0773
21.1515
21.2288
21.3040
21.3734
21.4377
21.4974
21.5543
21.6093
21.6626
21.7247
21.7684
21.8133
21.8610
21.9078
21.9536
21.9972
22.0389
22.0872
22.1220
22.1577
22.1936
22.9016
23.3414
23.5921
23.7544
23.8711
23.9614
24.0339
24.0944
24.1452
24.1899
24.2380
24.2697
24.3011
24.3309
24.3497
24.3864
24.3949
24.4157
24.4321
24.4455
24.4561
24.4645
24.4712
24.4766
24.4798
24.4257
24.3991
24.3920
24.3779
24.4241
24.4492
24.4599
24.4805
24.4975
24.5128
24.5273
24.5381
24.5481
24.5547
24.5604
24.5652
24.5694
24.5773
24.5690
24.5608
24.5520
24.5421
24.5312
24.5196
24.5074
24.4950
24.4827
24.4707
24.4596
24.4504
24.4311
24.4147
24.4027
24.3935
24.3860
24.3799
24.3187
24.2873
24.2687
24.2564
24.2473
24.2420
24.2399
24.2400
24.2418
24.2448
24.2489
24.3087
24.3353
24.3502
24.3632
24.3724
24.3791
24.3785
24.3720
24.3616
24.3485
24.3332
24.3171
24.2990
24.2304
24.1773
23.4390
23.7591
23.9865
24.0931
24.1398
24.1580
24.1620
24.1588
24.0942
24.0570
24.0331
24.0119
23.9936
23.9766
23.9605
23.9432
23.9244
23.9046
23.8842
23.8631
23.8421
23.8193
23.0399
22.6414
22.4100
22.2566
22.1429
22.0524
21.9756
21.9081
21.8467
21.7891
21.7355
21.6862
21.6395
21.5964
21.5553
21.5160
21.4780
21.4429
21.4103
21.3796
21.3506
21.3229
21.2965
21.2703
21.2425
21.2171
21.1925
21.1685
21.1452
21.1225
21.1005
21.0789
21.0578
21.0374
21.0255
21.0045
20.9884
20.9747
20.9622
20.9507
20.9398
20.9297
20.9202
20.9107
20.9025
20.8943
20.8856
20.8784
20.8698
20.8636
20.8569
20.8506
20.8362
20.8345
20.8301
20.8250
20.8197
20.8142
20.8088
20.8048
20.8349
20.8435
20.8440
20.8412
20.8370
20.8343
20.8326
20.8328
20.8317
20.8314
20.8328
21.8379
22.1827
22.3951
22.5375
22.6394
22.7140
22.7702
22.8139
22.8486
22.8766
22.8994
22.9183
22.0639
22.6887
21.9400
21.5110
21.2682
21.1301
21.0501
20.9976
20.9588
20.9275
20.9005
20.8763
20.8536
20.8321
21.8115
21.3740
21.0600
20.9125
20.8338
20.7860
20.7528
20.7267
20.7045
20.6844
20.6667
20.6502
20.6346
21.5953
21.1826
20.8768
20.7355
20.6621
20.6193
20.5908
20.5696
20.5520
20.5355
20.5200
20.5051
20.4906
21.4351
21.0363
20.7337
20.5931
20.5197
20.4766
20.4477
20.4257
20.4078
20.3925
20.3785
20.3654
20.3530
21.2837
20.8981
20.6004
20.4631
20.3923
20.3516
20.3249
20.3105
20.3029
20.2991
20.2979
20.2983
20.3001
21.2390
20.8665
20.5890
20.4694
20.5827
20.7222
20.7900
20.8589
20.9324
21.0064
21.0773
21.1447
21.2094
21.2718
21.3321
21.3907
21.4478
21.5036
24.3230
25.9883
26.6410
26.6697
26.6704
26.6706
26.6709
26.6711
26.6712
26.6713
26.6714
26.6715
26.9711
27.2178
27.3694
27.5085
27.6365
27.7549
27.8566
27.9418
28.0136
28.0747
28.1263
28.2108
28.2706
28.3155
28.3501
28.3769
28.3933
28.4048
28.4208
28.4416
28.4655
28.4913
28.5183
28.5458
28.5736
28.5594
28.5618
27.8349
28.1004
28.3267
28.4805
28.5893
28.6712
28.7366
28.7917
28.8402
28.8789
28.9103
28.9364
28.9584
28.9772
28.9932
29.0021
28.9974
28.9864
28.9725
28.9563
28.9374
28.9172
28.8565
28.8517
28.8395
28.8233
28.8052
28.7905
28.7793
28.7711
28.7654
28.7616
28.7597
28.7995
28.7421
28.7086
28.6880
28.6749
28.6667
28.6593
28.6517
28.6440
28.6359
28.6273
28.6185
28.6529
28.6723
28.6817
28.6899
28.6953
28.6977
28.6981
28.6973
28.6962
28.6937
28.6908
28.6876
28.6887
28.6488
27.8874
27.3615
27.7473
28.0549
28.2559
28.3811
28.5023
28.6611
28.6302
28.6153
28.6060
28.5985
28.5898
28.5811
28.5721
28.5625
28.5512
28.5387
28.5249
28.5100
28.4941
28.4773
28.4544
27.6487
27.0867
26.6766
26.6778
26.6787
26.6794
26.6799
26.6804
26.6809
26.6814
26.6819
26.6823
26.6827
26.6831
26.6835
26.6839
26.6841
26.6843
26.6846
26.6848
26.6850
26.6853
26.6855
26.6858
26.6860
26.6862
26.6865
26.6867
26.6869
26.6871
26.6873
26.6876
26.6878
26.6880
26.6882
26.6883
26.6884
26.6886
26.6887
26.6888
26.6889
26.6890
26.6891
26.6892
26.6893
26.6894
26.6895
26.6896
26.6897
26.6898
26.6899
26.6899
26.6900
26.6901
26.6902
26.6903
26.6904
26.6904
26.6905
25.2206
24.2389
23.6122
23.2195
22.9463
22.7381
22.5701
22.4274
22.3018
22.1890
22.0861
21.9914
22.9246
22.3218
22.0270
21.8487
21.7244
21.6267
21.5436
21.4691
21.4015
21.3517
21.3103
21.2735
21.2405
22.2572
21.7815
21.4504
21.2923
21.2056
21.1509
21.1115
21.0800
21.0527
21.0281
21.0052
20.9826
20.9604
21.9526
21.5088
21.1890
21.0379
20.9564
20.9060
20.8702
20.8416
20.8168
20.7942
20.7728
20.7523
20.7323
21.7002
21.2791
20.9656
20.8177
20.7384
20.6898
20.6558
20.6289
20.6057
20.5850
20.5658
20.5473
20.5295
21.4765
21.0722
20.7694
20.6243
20.5473
20.5013
20.4696
20.4450
20.4238
20.4045
20.3863
20.3689
20.3520
21.2812
20.8865
20.5894
20.4483
20.3724
20.3264
20.2947
20.2780
20.2707
20.2693
20.2717
20.2768
20.2840
21.2267
20.8656
20.5941
20.4817
20.5798
20.7096
20.7843
20.8644
20.9508
21.0411
21.1304
21.2172
21.2957
21.3675
21.4351
21.4997
21.5621
21.6226
24.4421
26.1677
26.6521
26.6699
26.6704
26.6706
26.6709
26.6710
26.6711
26.6712
26.6713
26.6714
27.0181
27.2847
27.4876
27.6424
27.7678
27.8741
27.9719
28.0699
28.1648
28.2554
28.3421
28.4250
28.5047
28.5840
28.6606
28.7338
28.8039
28.8710
28.9292
28.9784
29.0205
29.0569
29.0886
29.1162
29.1405
29.1231
29.1185
29.1199
29.1243
29.1297
29.1757
29.2070
29.2296
29.2466
29.2597
29.2700
29.2756
29.2773
29.2759
29.2668
29.2547
29.2418
29.2351
29.2294
29.2214
29.2124
29.2025
29.1917
29.1807
29.1304
29.1351
29.1336
29.1288
29.1226
29.1166
29.1116
29.1076
29.1044
29.1020
29.1000
29.0990
29.0589
29.0347
29.0187
29.0078
28.9999
28.9940
28.9889
28.9843
28.9802
28.9814
28.9846
28.9819
29.0167
29.0336
29.0401
29.0403
29.0365
29.0313
29.0258
29.0201
29.0116
29.0029
28.9948
28.9861
28.9368
28.9025
28.1395
28.3635
28.5503
28.6604
28.7188
28.8695
28.9066
28.8397
28.7903
28.7498
28.7136
28.6794
28.6470
28.6147
28.5819
28.5505
28.5206
28.4916
28.4633
28.4353
28.4075
28.3782
27.5671
27.0002
26.6774
26.6781
26.6789
26.6796
26.6802
26.6806
26.6810
26.6814
26.6818
26.6822
26.6826
26.6829
26.6833
26.6837
26.6839
26.6841
26.6843
26.6845
26.6847
26.6849
26.6852
26.6853
26.6855
26.6857
26.6859
26.6861
26.6863
26.6864
26.6866
26.6868
26.6869
26.6871
26.6872
26.6874
26.6875
26.6876
26.6878
26.6880
26.6883
26.6885
26.6887
26.6889
26.6891
26.6893
26.6895
26.6897
26.6899
26.6901
26.6902
26.6904
26.6906
26.6908
26.6910
26.6911
26.6913
26.6915
26.6917
25.1915
24.1812
23.5363
23.1385
22.8642
22.6549
22.4823
22.3324
22.1980
22.0759
21.9639
21.8604
22.7566
22.1844
21.9045
21.7363
21.6219
21.5348
21.4628
21.4002
21.3440
21.2926
21.2452
21.2010
21.9742
22.6389
23.0478
23.3173
23.5059
23.3633
23.2781
23.2338
23.2130
23.2055
23.2053
23.2091
23.2156
23.2235
23.2320
23.2408
23.2497
23.5411
23.4508
23.3917
23.3599
23.3437
23.3366
23.3348
23.3304
23.3235
23.3147
23.3042
23.2925
23.2796
23.5497
23.4346
23.3514
23.2953
23.2543
23.2226
23.1969
23.1745
23.1541
23.1348
23.1161
23.0983
23.0798
23.3373
23.2178
23.1339
23.0769
23.0357
23.0036
22.9767
22.9528
22.9308
22.9098
22.8895
22.8695
22.8498
23.0980
22.9777
22.8951
22.8383
22.8134
22.7914
22.7855
22.7872
22.7925
22.8003
22.8098
22.8207
22.8328
23.1148
23.1071
23.1479
23.2286
23.3064
23.3948
23.4872
23.5786
23.6675
23.7595
23.8459
23.9261
24.0020
24.0747
24.1453
24.0100
24.0056
24.0056
24.0056
24.0057
24.0057
24.0057
24.0058
24.0058
24.0057
24.0057
24.0056
24.0210
24.0902
24.1528
24.1488
24.1709
24.2041
24.2383
24.2710
24.3023
24.3315
24.4241
24.4645
24.5144
24.5365
24.5664
24.5840
24.6118
24.6349
24.6536
24.6690
24.6825
24.6940
24.7042
24.7134
24.7225
24.6772
24.6596
24.6537
24.6533
24.7104
24.7436
24.7683
24.7980
24.8138
24.8321
24.8503
24.8581
24.8625
24.8658
24.8680
24.8692
24.8694
24.8677
24.8644
24.8598
24.8542
24.8477
24.8405
24.8324
24.8234
24.8140
24.8044
24.7949
24.7747
24.7660
24.7630
24.7613
24.7605
24.7605
24.7613
24.8174
24.7914
24.7281
24.7025
24.6951
24.6861
24.6785
24.6621
24.6528
24.6408
24.6274
24.6065
24.6395
24.6439
24.6357
24.6210
24.6024
24.5812
24.5641
24.5505
24.5409
24.5282
24.5197
24.5119
24.5048
24.4503
24.4141
24.0269
24.1844
24.3037
24.3639
24.5046
24.6256
24.5174
24.4665
24.4383
24.4189
24.4051
24.3903
24.3797
24.3683
24.3553
24.3416
24.3277
24.3130
24.2981
24.2828
24.2677
24.2469
24.0143
24.0033
24.0026
24.0024
24.0023
24.0021
24.0020
24.0019
24.0018
24.0018
24.0017
24.0016
24.0015
24.0015
24.0014
24.0014
24.0013
24.0012
24.0012
24.0011
24.0011
24.0011
24.0010
23.9992
23.9873
23.9704
23.9500
23.9284
23.9035
23.8772
23.8501
23.8223
23.7941
23.7673
23.7378
23.7121
23.6881
23.6681
23.6493
23.6315
23.6146
23.5985
23.5830
23.5681
23.5536
23.5394
23.5261
23.5131
23.4971
23.4845
23.4718
23.4591
23.4465
23.4339
23.4215
23.4092
23.3970
23.3849
23.3730
23.6580
23.8445
23.9773
24.0716
24.1396
23.8834
23.7010
23.5748
23.4916
23.4361
23.3978
23.3703
23.3500
23.3345
23.3220
23.3118
23.3030
23.5794
23.4740
23.4010
23.3541
23.3236
23.3028
23.2878
23.2762
23.2668
23.2586
23.2511
23.2444
23.2379
23.5145
23.4094
23.3369
23.2905
23.2602
23.2393
23.2240
23.2119
23.2019
23.1930
23.1850
23.1775
23.1703
23.4446
23.3382
23.2653
23.2183
23.1874
23.1664
23.1513
23.1397
23.1304
23.1225
23.1155
23.1091
23.1031
23.3764
23.2715
23.2007
23.1556
23.1262
23.1064
23.0922
23.0812
23.0722
23.0644
23.0573
23.0514
23.0450
23.3160
23.2109
23.1404
23.0950
23.0654
23.0452
23.0305
23.0191
23.0097
23.0015
22.9941
22.9872
22.9807
23.2494
23.1445
23.0868
23.0433
23.0274
23.0231
23.0253
23.0313
23.0399
23.0500
23.0613
23.0735
23.1615
23.5576
23.5638
23.5878
23.6485
23.7283
23.8172
23.9093
23.9950
24.0733
24.1451
24.2118
24.2744
24.3336
24.0197
24.0066
24.0061
24.0060
24.0059
24.0058
24.0058
24.0058
24.0059
24.0058
24.0058
24.0057
24.0809
24.1685
24.2557
24.3333
24.4037
24.4695
24.5244
24.5784
24.6138
24.6471
24.6776
24.7058
24.7250
24.7518
24.7669
24.7916
24.8110
24.8275
24.8444
24.8614
24.8783
24.8946
24.9106
24.9255
24.9474
24.9027
24.8881
24.8939
24.8923
24.9491
24.9781
24.9843
24.9964
25.0024
25.0054
25.0064
25.0023
25.0037
24.9886
24.9751
24.9614
24.9496
24.9364
24.9242
24.9069
24.8900
24.8730
24.8562
24.8397
24.8233
24.8073
24.7920
24.7775
24.7643
24.7536
24.7454
24.7390
24.7341
24.7302
24.7272
24.7250
24.6689
24.6417
24.6272
24.6188
24.6136
24.6100
24.6071
24.6045
24.6010
24.6009
24.6076
24.6567
24.6756
24.6816
24.6823
24.6798
24.6711
24.6666
24.6612
24.6530
24.6426
24.6330
24.6270
24.6200
24.5575
24.0386
24.2425
24.3321
24.4872
24.6057
24.6049
24.5461
24.5680
24.5150
24.4819
24.4567
24.4357
24.4133
24.3915
24.3728
24.3533
24.3326
24.3087
24.2847
24.2613
24.2378
24.2144
24.1897
24.0110
24.0030
24.0025
24.0024
24.0022
24.0021
24.0020
24.0019
24.0018
24.0018
24.0017
24.0030
24.0032
24.0031
24.0030
24.0029
24.0028
24.0027
24.0027
24.0026
24.0026
24.0025
24.0025
24.0024
24.0024
24.0024
24.0024
24.0024
24.0024
24.0024
24.0023
24.0023
24.0023
24.0023
24.0023
24.0023
24.0023
24.0023
24.0023
24.0023
24.0023
24.0023
24.0023
24.0023
24.0023
24.0023
24.0023
24.0023
24.0023
24.0023
24.0023
24.0024
24.0024
24.0024
24.0024
24.0024
24.0024
24.0024
24.0024
24.0020
24.0023
24.0025
24.0027
24.0029
24.0031
24.0032
24.0033
24.0034
24.0035
24.0036
24.0037
24.1526
24.0133
24.0048
24.0042
24.0041
24.0041
24.0041
24.0041
24.0041
24.0041
24.0041
24.0041
24.0041
24.1291
24.0119
24.0050
24.0044
24.0043
24.0043
24.0043
24.0042
24.0042
24.0042
24.0042
24.0042
24.0041
24.1057
24.0102
24.0049
24.0044
24.0043
24.0043
24.0043
24.0042
24.0042
24.0042
24.0041
24.0041
24.0041
24.0840
24.0086
24.0047
24.0043
24.0043
24.0042
24.0042
24.0042
24.0041
24.0041
24.0041
24.0041
24.0041
24.0748
24.0080
24.0047
24.0044
24.0043
24.0043
24.0043
24.0043
24.0042
24.0042
24.0042
24.0042
24.0042
24.0679
24.0075
24.0048
24.0045
24.0045
24.0044
24.0044
24.0044
24.0043
24.0043
24.0043
24.0043
24.0043
24.0862
24.0089
24.0049
24.0045
24.0042
24.0039
24.0047
24.0042
24.0036
24.0031
24.0027
24.0023
24.0021
24.0018
24.0016
24.0014
24.0013
24.0011
24.0005
24.0006
24.0007
24.0007
24.0008
24.0008
24.0009
24.0009
24.0010
24.0010
24.0010
24.0011
24.0011
24.0011
24.0011
24.0011
24.0011
24.0011
24.0011
24.0011
24.0011
24.0011
24.0011
24.0011
24.0011
24.0010
24.0010
24.0010
24.0010
24.0010
24.0010
24.0010
24.0009
24.0009
24.0009
24.0009
24.0009
24.0009
24.0009
24.0009
24.0009
24.0009
24.0009
24.0009
24.0009
24.0009
24.0009
24.0009
24.0009
24.0010
24.0010
24.0010
24.0010
24.0010
24.0010
24.0011
24.0011
24.0011
24.0011
24.0011
24.0011
24.0011
24.0011
24.0011
24.0012
24.0012
24.0012
24.0012
24.0011
24.0011
24.0011
24.0011
24.0011
24.0011
24.0011
24.0011
24.0011
24.0011
24.0011
24.0011
24.0010
24.0010
24.0010
24.0010
24.0010
24.0010
24.0010
24.0010
24.0010
24.0010
24.0010
24.0011
24.0011
24.0011
24.0011
24.0011
24.0012
24.0012
24.0012
24.0012
24.0013
24.0013
24.0013
24.0013
24.0013
24.0014
24.0014
24.0014
24.0014
24.0014
24.0014
24.0014
24.0014
24.0015
24.0015
24.0015
24.0015
24.0015
24.0016
24.0016
24.0020
24.0019
24.0018
24.0016
24.0015
24.0014
24.0013
24.0012
24.0012
24.0011
24.0010
24.0010
24.0000
24.0003
24.0007
24.0011
24.0014
24.0017
24.0020
24.0022
24.0024
24.0025
24.0027
24.0028
24.2901
24.0229
24.0048
24.0035
24.0035
24.0036
24.0036
24.0036
24.0036
24.0037
24.0037
24.0037
24.0037
24.2199
24.0182
24.0050
24.0041
24.0040
24.0039
24.0039
24.0039
24.0039
24.0039
24.0039
24.0039
24.0039
24.1867
24.0159
24.0050
24.0042
24.0041
24.0041
24.0040
24.0040
24.0040
24.0040
24.0040
24.0040
24.0039
24.1580
24.0139
24.0049
24.0043
24.0042
24.0041
24.0041
24.0041
24.0041
24.0040
24.0040
24.0040
24.0040
24.1255
24.0116
24.0049
24.0044
24.0043
24.0043
24.0042
24.0042
24.0042
24.0042
24.0042
24.0042
24.0042
24.0867
24.0089
24.0049
24.0046
24.0045
24.0045
24.0045
24.0045
24.0045
24.0045
24.0045
24.0045
24.0045
24.0477
24.0063
24.0051
24.0049
24.0049
24.0049
24.0048
24.0048
24.0048
24.0048
24.0048
24.0048
24.0047
24.0338
24.0055
24.0052
24.0051
24.0050
24.0049
24.0049
24.0049
24.0048
24.0048
24.0048
24.0047
24.0047
24.0392
24.0058
24.0051
24.0050
24.0050
24.0049
24.0049
24.0048
24.0048
24.0048
24.0047
24.0047
24.0047
24.0471
24.0064
24.0051
24.0050
24.0049
24.0048
24.0047
24.0047
24.0046
24.0046
24.0046
24.0045
24.0045
24.2499
24.0200
24.0048
24.0036
24.0034
24.0033
24.0033
24.0033
24.0032
24.0032
24.0032
24.0031
24.0030
24.4546
24.0342
24.0052
24.0031
24.0029
24.0028
24.0027
24.0026
24.0025
24.0024
24.0024
24.0023
24.0022
24.6957
24.0505
24.0055
24.0023
24.0020
24.0019
24.0018
24.0017
24.0017
24.0016
24.0016
24.0015
24.0015
24.9050
24.0647
24.0058
24.0017
24.0014
24.0014
24.0013
24.0013
24.0012
24.0012
24.0012
24.0011
24.0011
25.0139
24.2143
24.0158
24.0021
24.0011
24.0011
24.0010
24.0011
24.0011
24.0010
24.0011
24.0011
24.0011
24.9863
24.1592
24.0122
24.0020
24.0013
24.0013
24.0013
24.0014
24.0014
24.0014
24.0014
24.0015
24.0015
24.8854
24.0639
24.0059
24.0018
24.0015
24.0015
24.0015
24.0015
24.0015
24.0015
24.0015
24.0014
24.0014
24.9160
24.0660
24.0059
24.0018
24.0015
24.0014
24.0014
24.0015
24.0015
24.0015
24.0015
24.0016
24.0016
24.8591
24.0622
24.0059
24.0021
24.0018
24.0018
24.0019
24.0019
24.0019
24.0019
24.0020
24.0020
24.0020
24.7478
24.0547
24.0059
24.0025
24.0023
24.0023
24.0024
24.0024
24.0024
24.0025
24.0025
24.0025
24.0026
24.5896
24.0442
24.0058
24.0031
24.0030
24.0030
24.0030
24.0030
24.0031
24.0031
24.0031
24.0032
24.0032
24.4162
24.0321
24.0056
24.0038
24.0037
24.0037
24.0037
24.0037
24.0037
24.0038
24.0038
24.0038
24.0038
24.2829
24.0229
24.0056
24.0044
24.0043
24.0043
24.0042
24.0042
24.0042
24.0042
24.0042
24.0042
24.0042
24.1893
24.0163
24.0054
24.0046
24.0045
24.0045
24.0044
24.0044
24.0044
24.0043
24.0043
24.0043
24.0043
24.1565
24.0140
24.0053
24.0046
24.0045
24.0044
24.0044
24.0043
24.0043
24.0043
24.0043
24.0042
24.0042
24.1363
24.0125
24.0051
24.0045
24.0044
24.0044
24.0043
24.0043
24.0043
24.0042
24.0042
24.0042
24.0042
24.1136
24.0108
24.0049
24.0044
24.0044
24.0043
24.0043
24.0043
24.0042
24.0042
24.0042
24.0042
24.0042
24.0938
24.0094
24.0049
24.0045
24.0045
24.0044
24.0044
24.0044
24.0044
24.0043
24.0043
24.0043
24.0043
24.0766
24.0083
24.0050
24.0047
24.0046
24.0046
24.0045
24.0045
24.0045
24.0045
24.0045
24.0045
24.0045
24.0510
24.0065
24.0050
24.0049
24.0048
24.0048
24.0048
24.0047
24.0047
24.0047
24.0047
24.0047
24.0047
24.0235
24.0047
24.0051
24.0051
24.0050
24.0050
24.0050
24.0049
24.0049
24.0049
24.0049
24.0049
24.0049
23.9949
24.0028
24.0052
24.0053
24.0053
23.6479
23.4229
23.2735
23.1752
23.1130
23.0726
23.0460
23.0282
23.2931
23.1936
23.4508
23.7570
23.8999
23.9821
24.0520
24.0981
24.1248
24.1429
24.1554
24.1663
24.1783
24.1925
24.2092
24.2286
24.0103
24.0033
24.0031
24.0031
24.0031
24.0031
24.0031
24.0031
24.0031
24.0030
24.0030
24.0030
24.0066
24.0078
24.0084
24.0089
24.0093
24.0097
24.0225
24.0518
24.0870
24.1251
24.1785
24.2108
24.2653
24.2982
24.3459
24.3825
24.4294
24.4718
24.5029
24.5250
24.5506
24.5602
24.5703
24.5705
24.5823
24.5350
24.5140
24.5037
24.4987
24.5518
24.5851
24.6134
24.6381
24.6704
24.6899
24.7122
24.7311
24.7401
24.7577
24.7648
24.7778
24.7780
24.7750
24.7681
24.7586
24.7569
24.7536
24.7472
24.7394
24.7311
24.7226
24.7142
24.7061
24.6984
24.6934
24.6918
24.6920
24.6825
24.6749
24.6720
24.6706
24.6707
24.6164
24.5914
24.5790
24.5722
24.5683
24.5659
24.5645
24.5639
24.5637
24.5606
24.6141
24.6376
24.6412
24.6394
24.6345
24.6212
24.6178
24.6190
24.6088
24.5998
24.5912
24.5828
24.5740
24.5089
24.4722
24.4477
24.4358
24.4658
24.5339
24.6152
24.5925
24.5766
24.5064
24.4649
24.4353
24.4124
24.3893
24.3677
24.3497
24.3311
24.3106
24.2864
24.2620
24.2376
24.2133
24.1890
24.1067
24.0073
24.0029
24.0026
24.0024
24.0023
24.0022
24.0020
24.0019
24.0019
24.0018
24.0017
24.0017
24.0016
24.0015
24.0015
24.0014
24.0014
24.0013
24.0013
24.0012
24.0012
24.0012
24.0012
24.0011
23.9954
23.9838
23.9698
23.9521
23.9329
23.9129
23.8927
23.8721
23.8514
23.8327
23.8114
23.7932
23.7777
23.7638
23.7515
23.7388
23.7291
23.7199
23.7112
23.7030
23.6952
23.6877
23.6814
23.6749
23.6675
23.6610
23.6546
23.6465
23.6411
23.6355
23.6300
23.6244
23.6189
23.6135
23.6082
23.9200
24.1419
24.3052
24.4275
24.2026
24.0380
23.9228
23.8436
23.7897
23.7542
23.7307
23.7151
23.7038
23.6951
23.6881
23.6822
23.9768
23.8834
23.8085
23.7592
23.7265
23.7042
23.6886
