25.0360
24.5815
24.2657
24.7726
25.1002
25.3095
25.4707
25.5766
25.6482
25.6978
25.7329
25.7576
25.7753
25.7908
25.8046
25.8169
25.8277
25.8374
25.8460
25.8537
25.8606
25.8667
25.8491
25.8632
25.8724
25.8791
25.8842
25.1480
24.6629
24.3224
24.8386
25.1448
24.6143
24.2560
23.9994
23.8070
23.6572
23.5374
23.4399
23.3588
24.0450
24.5320
24.8553
25.0962
25.2586
25.3720
25.4539
25.5148
25.5618
25.5990
25.6290
25.6538
25.6745
25.6920
25.7070
25.7199
25.7311
25.7408
25.7494
25.7336
25.7495
25.3531
25.1103
24.9584
24.8575
24.7884
24.7392
24.7028
24.6749
24.6529
24.6349
24.6236
24.6218
23.9131
23.3973
23.0256
22.7591
22.5665
22.4241
22.3170
22.2356
22.1758
22.1311
22.8309
23.3448
23.7736
23.9987
24.0053
24.0056
24.0056
24.0056
24.0058
24.0063
24.0058
24.0058
24.0059
24.0060
24.0060
24.0065
24.0067
24.0072
24.0075
24.0079
24.0082
24.0080
24.0082
24.0082
24.0084
24.0082
24.0082
23.7533
23.5623
23.4226
23.3255
23.2557
23.2075
23.9071
24.0034
24.0080
24.0084
24.0087
24.0088
23.8287
23.6936
23.5935
23.5224
23.4721
23.4362
23.4109
23.3934
23.3816
23.3744
23.3706
23.3694
23.3708
23.3733
23.3772
23.3824
23.3891
23.3988
23.4056
23.4138
23.4227
23.4324
23.4429
23.4510
23.4579
23.4638
23.4690
23.4737
23.4783
23.4819
23.4906
23.5029
23.5183
23.5371
23.5595
23.5841
23.6119
23.6447
23.6800
23.7190
23.7605
23.8006
23.8383
23.8735
23.9063
23.9339
23.9627
23.9865
24.0017
24.0021
24.0021
24.0022
24.0022
24.0023
24.0023
24.0064
24.0071
24.0075
24.0078
24.0081
24.0083
24.0086
24.0087
24.0090
24.0085
24.0090
24.0093
24.0095
24.0097
24.0099
24.0101
24.0102
24.0104
24.0106
24.0107
24.0107
24.0108
24.0110
24.0111
24.0113
24.0113
24.0113
24.0110
24.0105
24.0097
24.0091
24.0086
24.0081
24.0077
24.0071
23.7925
23.9977
24.0060
24.0063
24.0061
24.0059
24.0056
23.7200
23.9953
24.0050
24.0054
24.0053
23.6748
23.4157
23.2133
23.0534
22.9241
22.8181
22.7287
22.6525
22.5860
22.5270
23.2095
23.7332
23.9964
24.0043
24.0047
24.0045
24.0045
24.0045
23.5588
23.2175
22.9641
22.7732
22.6258
22.5089
22.4134
22.3338
22.2655
22.9777
23.4824
23.8577
23.9996
24.0039
24.0042
24.0043
24.0045
24.0046
24.0047
24.0048
24.0049
24.0050
24.0051
24.6539
24.3313
24.1005
23.9328
23.8071
23.7102
23.6341
23.5728
23.5224
23.4802
23.4443
23.4134
23.3864
24.1209
24.6620
25.0228
25.2657
25.4349
25.5574
25.6496
25.7210
25.7785
25.8027
25.1140
24.6693
25.0936
25.3656
25.5405
25.6589
25.7449
25.4036
25.2268
25.1262
25.0687
25.0370
25.0218
25.0181
25.0222
25.0315
25.0441
25.0589
25.0750
25.5223
25.8015
25.9852
25.6925
25.5230
25.4044
25.3359
25.2968
25.2762
25.2672
25.2908
25.3104
25.3033
24.5821
24.0677
24.0964
23.7147
23.4231
23.2142
23.0701
22.9686
22.8952
23.5876
24.0659
24.4278
24.7052
24.9038
25.0464
25.5885
25.5106
25.4715
25.4570
25.4566
25.4635
25.4740
25.4861
25.4989
25.5117
25.5243
25.5364
25.5480
26.0110
25.6268
25.6102
25.6098
25.6099
25.6100
25.6101
25.6102
25.6103
25.6104
25.6105
25.6107
25.6109
25.0531
24.5622
24.1905
23.9165
23.7201
23.5830
23.4854
23.4144
23.3614
23.3208
23.2897
23.2656
23.9743
24.0108
24.0122
24.0118
24.0113
24.0114
24.0106
24.0104
24.0103
24.0099
24.0095
24.0091
24.0085
24.0089
24.0092
24.0092
24.0094
24.0094
24.0096
24.0097
24.0098
24.0099
24.0100
24.0100
24.0036
24.0032
24.0031
24.0031
24.0031
24.0031
24.0031
24.0032
24.0032
24.0032
24.0033
24.0033
24.0033
24.0034
24.0034
24.0033
24.0033
24.0033
24.0033
24.0032
24.0033
24.0033
24.0034
24.0035
24.0035
24.0035
24.0035
24.0035
24.0036
24.0036
24.0036
24.0035
24.0035
24.0035
24.0036
24.0035
24.0035
24.0034
24.0034
24.0033
24.0032
24.0032
24.0031
24.0031
24.0031
24.0031
24.0031
24.0031
24.0032
24.0032
24.0032
24.0032
24.0032
24.0032
24.0032
24.0032
24.0032
24.0032
24.0031
24.0031
24.0031
24.0031
24.0031
24.0031
24.0031
24.0031
24.0031
24.0031
24.0030
24.0061
24.0068
24.0071
24.0074
24.0076
24.0080
24.0075
24.0076
24.0078
24.0080
24.0081
24.0083
24.0084
24.0085
24.0086
24.0087
24.0088
24.0087
24.0087
24.0086
24.0087
24.0089
24.0089
24.0089
24.0089
24.0087
24.0087
24.0090
24.0080
24.0073
24.0067
24.0063
24.0060
24.0056
24.0053
24.0051
24.0049
24.0048
24.0047
24.0045
24.0016
24.0041
24.0042
24.0042
24.0042
24.0041
23.9573
23.8920
23.8277
23.7678
23.7127
23.6621
23.6148
23.5715
23.5313
23.4938
23.9877
24.0031
24.0039
24.0040
24.0040
24.0039
24.0039
24.0039
24.0039
23.8302
23.6898
23.5819
23.4983
23.4320
23.3784
23.3338
23.2955
23.9881
24.0030
24.0037
24.0038
24.0038
24.0038
24.0038
24.0038
24.0039
24.0039
24.0039
24.0040
24.0040
24.0040
24.9511
25.6506
25.3760
25.1803
25.0387
24.5252
24.1316
23.8471
23.6416
23.4983
23.3962
23.3211
23.9857
24.4765
24.8438
25.1209
25.3226
25.9162
25.8654
25.8427
25.8394
25.8471
25.8602
25.1320
24.6150
24.2330
24.6879
25.0437
25.3087
25.4941
26.0809
26.0111
25.9717
25.9546
25.9497
25.9512
25.9565
25.9639
25.9723
25.9812
25.9903
25.9992
26.0078
26.4853
26.3242
26.2267
26.1698
26.1137
26.0777
26.0764
26.0511
26.0334
26.0204
26.0337
26.0403
25.2985
25.2196
24.7081
24.3196
24.0355
23.8231
23.6686
23.5537
23.4652
24.1124
24.5614
24.8867
25.1564
25.3511
25.9408
25.8763
25.8402
25.8239
25.8180
25.8173
25.8187
25.8210
25.8232
25.8253
25.8268
25.8278
25.8282
26.2922
26.1240
25.6374
25.6126
25.6118
25.6118
25.6118
25.6118
25.6118
25.6118
25.6118
25.6118
25.6119
26.1761
25.1080
24.6431
24.2918
24.0297
23.8418
23.7089
23.6135
23.5442
23.4928
23.4540
24.1460
24.6341
24.0579
24.0146
24.0120
24.0112
24.0106
24.0101
24.0093
24.0095
24.0095
24.0091
24.0087
24.0083
24.0078
24.0080
24.0085
24.0089
24.0087
24.0084
24.0081
24.0077
24.0074
24.0072
24.0069
24.0071
24.0066
24.0027
24.0025
24.0024
24.0024
24.0023
24.0023
24.0023
24.0022
24.0022
24.0021
24.0021
24.0021
24.0020
24.0020
23.9995
23.9973
23.9904
23.9895
23.9950
24.0020
24.0022
24.0022
24.0022
24.0023
24.0023
24.0023
24.0024
24.0024
24.0024
24.0024
24.0024
24.0024
24.0024
24.0024
24.0023
24.0023
24.0023
24.0023
24.0022
24.0022
24.0022
24.0022
24.0023
24.0023
24.0023
24.0023
24.0024
24.0024
24.0025
24.0025
24.0026
24.0026
24.0027
24.0028
24.0028
24.0029
24.0029
24.0030
24.0030
24.0031
24.0031
24.0031
24.0031
24.0033
24.0060
24.0065
24.0069
24.0071
24.0073
24.0075
24.0201
24.0479
24.0900
24.1219
24.1579
24.1951
24.2284
24.2596
24.2872
24.3097
24.3286
24.3442
24.3573
24.3671
24.3762
24.3806
24.3832
24.3839
24.4059
24.4268
24.4193
24.3777
24.3395
24.2994
24.2558
24.2062
24.1454
24.0680
24.0114
24.0061
24.0054
24.0050
24.0027
24.0023
24.0043
24.0044
24.0043
24.0042
24.0019
24.0017
24.0016
24.0036
24.0038
24.0038
24.0015
24.0013
24.0012
23.9860
23.9562
23.9194
23.8755
23.8312
23.7883
23.9938
24.0030
24.0035
24.0036
24.0037
24.0037
24.0037
23.8986
23.8015
23.7220
23.6571
23.6032
23.5578
23.5190
23.4853
23.4557
23.9869
24.0026
24.0034
24.0034
24.0034
24.0035
24.0035
24.0036
24.0036
24.0037
24.0037
24.0038
24.0038
24.0038
24.0038
24.0039
24.9931
24.9901
24.9743
24.9553
24.9364
24.5073
24.1769
23.9395
23.7678
23.6480
23.5623
23.4992
24.1709
24.6771
25.0530
25.3295
25.5236
26.1131
26.0480
26.0157
26.0068
25.2691
24.7559
24.3739
24.0977
23.8932
24.4683
24.8810
25.2091
25.4492
26.0742
26.0281
26.0048
25.9998
26.0038
26.0118
26.0208
26.0296
26.0376
26.0447
26.0508
26.0559
26.0600
26.5328
26.3635
26.2596
26.1968
26.1580
26.1084
25.3551
25.5536
25.6887
25.7982
25.8431
25.1464
24.6368
24.6916
24.2981
24.0010
23.7791
23.6192
23.5004
23.4086
24.0511
24.5145
24.8481
25.0941
25.2719
25.3944
25.9313
25.8315
25.7706
25.7343
25.7128
25.6992
25.6899
25.6827
25.6765
25.6706
25.6646
25.6582
25.6514
26.1018
25.9320
25.6238
25.6104
25.6102
25.6102
25.6103
25.6104
25.6104
25.6105
25.6106
25.6106
25.6109
26.1351
25.1019
24.6170
24.2530
23.9864
23.8000
23.6717
23.5823
23.5197
23.4757
23.4451
23.4243
24.1337
24.0205
24.0130
24.0121
24.0115
24.0110
24.0108
24.0100
24.0099
24.0094
24.0089
24.0088
24.0085
24.0077
24.0082
24.0085
24.0087
24.0089
24.0092
24.0093
24.0094
24.0089
24.0085
24.0078
24.0079
24.0075
24.0029
24.0026
24.0026
24.0026
24.0026
24.0026
24.0069
24.0074
24.0076
24.0078
24.0079
24.0080
24.0036
24.0035
24.0034
24.0033
24.0033
24.0032
24.0032
24.0032
24.0031
24.0031
24.0031
24.0030
24.0030
24.0029
24.0029
24.0028
24.0028
24.0028
24.0027
24.0027
24.0027
24.0026
24.0026
24.0026
24.0025
24.0025
24.0025
24.0025
24.0024
24.0024
24.0024
24.0024
24.0024
24.0024
24.0024
24.0025
24.0025
24.0025
24.0025
24.0025
24.0026
24.0026
24.0026
24.0027
24.0027
24.0027
24.0028
24.0028
24.0028
24.0028
24.0028
24.0053
24.0057
24.0060
24.0062
24.0063
24.0065
24.0066
24.0067
24.0069
24.0071
24.0073
24.0070
24.0082
24.0148
24.0246
24.0287
24.0273
24.0453
24.0472
24.0425
24.0317
24.0185
24.0228
24.0127
24.0109
24.0077
24.0074
24.0074
24.0074
24.0073
24.0073
24.0073
24.0075
24.0069
24.0062
24.0058
24.0055
24.0052
24.0049
24.0022
24.0043
24.0044
24.0043
24.0042
24.0017
24.0038
24.0039
24.0039
24.0039
24.0039
24.0014
23.9963
23.9673
23.9276
23.8833
23.8377
23.7924
23.7450
23.6993
23.6562
23.6153
23.9890
24.0027
24.0035
24.0036
24.0036
24.0035
24.0035
24.0035
24.0035
24.0034
23.8538
23.7289
23.6315
23.5552
23.4940
23.4442
23.4026
23.3672
23.3367
23.9872
24.0025
24.0033
24.0034
24.0035
24.0035
24.0035
24.0036
24.0036
24.0036
24.0037
24.0037
24.9490
24.9146
24.8754
24.8402
24.8097
24.3747
24.0429
23.8043
23.6360
23.5198
23.4375
23.3772
24.0525
24.5286
24.9089
25.1925
25.3971
25.9923
25.9378
25.9134
25.9100
25.9172
25.9065
25.9059
25.1907
24.6818
24.3087
24.0386
23.8369
23.6920
23.9671
23.7656
23.6134
23.5070
23.4307
23.3738
23.3298
23.2945
23.2654
23.2408
23.2195
23.2008
23.1841
23.5319
23.3975
23.3004
23.2363
23.1928
23.1623
23.1399
23.1229
23.1092
23.0978
23.0882
23.0800
23.0730
23.4256
23.3027
23.2145
23.1574
23.1197
23.0942
23.0760
23.0625
23.0519
23.0433
23.0359
23.0294
23.0237
23.3750
23.2536
23.1662
23.1097
23.0735
23.0499
23.0342
23.0234
23.0157
23.0102
23.0060
23.0029
23.0006
23.3540
23.2354
23.1608
23.1002
23.0683
23.0506
23.0401
23.0343
23.0310
23.0298
23.0297
23.0304
23.0394
23.4052
23.2983
23.2222
23.1871
23.1750
23.1789
23.1914
23.2086
23.2292
23.2517
23.2754
23.2998
23.3248
23.3568
23.3777
23.4033
23.4295
23.4560
23.4827
23.5087
23.5339
23.5585
23.5824
23.6059
23.6291
23.6529
23.6770
23.7009
23.7249
23.7488
23.7727
23.7968
23.8210
23.8453
23.8697
23.8942
23.9187
23.9442
23.9707
23.9974
24.0026
24.0027
24.0028
24.0028
24.0028
24.0028
24.0028
24.0028
24.0028
24.0027
24.0027
24.0027
24.0027
24.0027
24.0027
24.0026
24.0026
24.0026
24.0026
24.0026
24.0025
24.0025
24.0025
24.0024
24.0024
24.0023
24.0023
24.0023
24.0023
24.0022
24.0022
24.0021
24.0021
24.0021
24.0020
24.0020
24.0020
24.0020
24.0020
24.0020
24.0020
24.0020
24.0020
24.0020
24.0020
24.0020
24.0020
24.0020
24.0021
24.0021
24.0021
24.0022
24.0022
24.0022
24.0023
24.0023
24.0024
24.0024
24.0025
24.0025
24.0025
24.0026
24.0026
24.0026
24.0026
24.0026
24.0026
24.0026
24.0026
24.0026
24.0026
24.0025
24.0025
24.0025
24.0025
24.0025
24.0025
24.0025
24.0025
24.0025
24.0025
24.0025
24.0026
24.0026
24.0026
24.0026
24.0026
24.0026
24.0026
24.0025
24.0025
24.0025
24.0024
24.4650
24.7202
24.8628
24.9407
24.9767
24.9897
24.9825
24.9586
24.9225
24.8770
24.8241
24.7651
25.1366
24.9476
24.7841
24.6527
24.5374
24.4300
24.3378
24.2597
24.1916
24.1303
24.0729
24.0192
23.9692
24.3092
24.1416
24.0051
23.9071
23.8324
23.7727
23.7228
23.6792
23.6400
23.6038
23.5698
23.5416
23.5177
23.8713
23.7298
23.6254
23.5568
23.5096
23.4757
23.4501
23.4299
23.4132
23.3990
23.3863
23.3751
23.3649
23.7267
23.5981
23.5035
23.4425
23.4014
23.3728
23.3522
23.3367
23.3245
23.3152
23.3081
23.3025
23.2981
23.6617
23.5403
23.4512
23.3960
23.3613
23.3396
23.3257
23.3167
23.3092
23.3022
23.2957
23.2893
23.2830
23.6429
23.5168
23.4243
23.3652
23.3260
23.2990
23.2795
23.2650
23.2536
23.2443
23.2363
23.2292
23.2228
23.5807
23.4562
23.3648
23.3066
23.2686
23.2428
23.2241
23.2098
23.1982
23.1884
23.1796
23.1716
23.1641
23.5189
23.3943
23.3022
23.2429
23.2036
23.1764
23.1567
23.1416
23.1293
23.1190
23.1098
23.1015
23.0938
23.4459
23.3217
23.2312
23.1720
23.1326
23.1053
23.0855
23.0703
23.0580
23.0477
23.0385
23.0302
23.0224
23.3724
23.2482
23.1587
23.1005
23.0617
23.0346
23.0148
22.9997
22.9874
22.9770
22.9678
22.9596
22.9520
23.3010
23.1758
23.0889
23.0344
23.0002
22.9785
22.9644
22.9553
22.9498
22.9464
22.9446
22.9440
22.9502
23.3163
23.2213
23.1573
23.1342
23.1326
23.1435
23.1618
23.1820
23.2039
23.2270
23.2513
23.2758
23.2999
23.6881
23.5916
23.5262
23.4989
23.4912
23.4949
23.5083
23.5289
23.5543
23.5830
23.6117
23.6417
23.6747
24.0875
23.9957
23.9390
23.9247
23.9321
23.9497
23.9720
23.9958
24.0206
24.0460
24.0717
24.0969
24.1217
24.5407
24.4322
24.3575
24.3223
24.3109
24.3148
24.3284
24.3481
24.3718
24.3981
24.4268
24.4569
24.4883
24.9290
24.8261
24.7566
24.7314
24.7282
24.7379
24.7626
24.7924
24.8237
24.8508
24.8749
24.8967
24.9167
25.3601
25.2381
25.1450
25.0953
25.0663
25.0491
25.0499
25.0552
25.0616
25.0681
25.0745
25.0974
25.1207
25.5716
25.4437
25.3419
25.2832
25.2443
25.2160
25.1931
25.1711
25.1485
25.1246
25.0993
25.0724
25.0439
25.4523
25.3030
25.1763
25.1003
25.0511
25.0185
24.9964
24.9810
24.9703
24.9626
24.9571
24.9532
24.9517
25.3795
25.2483
25.1473
25.0955
25.0690
25.0566
25.0530
25.0551
25.0611
25.0698
25.0878
25.0910
25.0837
25.4998
25.3383
25.2066
25.1179
25.0505
24.9948
24.9452
24.8986
24.8530
24.8076
24.7652
24.7257
24.6885
25.0706
24.9082
24.7677
24.6679
24.5894
24.5231
24.4641
24.4093
24.3570
24.3074
24.2601
24.2144
24.1698
24.5260
24.3603
24.2186
24.1183
24.0402
23.9757
23.9197
23.8693
23.8241
23.7835
23.7459
23.7108
23.6778
24.0288
23.8725
23.7505
23.6663
23.6032
23.5533
23.5114
23.4746
23.4411
23.4097
23.3799
23.3510
23.3229
23.6647
23.5194
23.4147
23.3473
23.3013
23.2683
23.2434
23.2236
23.2071
23.1928
23.1801
23.1686
23.1574
23.5056
23.3713
23.2752
23.2135
23.1717
23.1419
23.1193
23.1012
23.0859
23.0724
23.0601
23.0493
23.0395
23.3852
23.2546
23.1628
23.1049
23.0668
23.0407
23.0217
23.0072
22.9955
22.9856
22.9755
22.9652
22.9548
23.2956
23.1636
23.0703
23.0097
22.9685
22.9390
22.9164
22.8980
22.8822
22.8679
22.8544
22.8414
23.5453
24.4130
24.6714
24.8555
25.0224
25.1468
25.2397
25.3099
25.3643
23.7780
22.8882
22.4620
22.2399
22.1129
23.5727
22.7730
22.3318
22.1232
22.0109
21.9434
21.8984
21.8380
21.7983
21.1186
21.4148
21.5383
21.6183
23.0843
21.7151
21.0054
20.6550
20.4609
20.3402
20.2557
20.1913
20.1391
20.0948
20.0563
20.0220
20.6333
22.2653
21.8196
21.5695
21.4743
21.4376
21.4250
21.4219
21.4223
21.4236
21.4247
21.4252
21.4250
21.4241
22.8438
22.1579
21.7829
21.6158
21.5808
21.4966
21.4859
21.4831
21.4842
21.4876
21.4925
21.4984
21.5049
22.9575
22.3129
21.8995
21.1065
20.6804
20.4598
20.3434
20.2759
20.2324
20.2026
20.1817
20.1684
20.1601
20.1551
20.7987
21.1677
21.3599
21.4795
21.5656
21.6308
21.7388
21.7847
21.8288
21.9083
21.9558
22.0250
22.0774
22.1115
22.1581
22.1941
22.2278
22.2570
22.2849
22.3152
22.3207
22.3108
22.3217
22.3257
22.3065
22.3131
21.6800
21.3710
21.2351
21.1392
21.0964
21.0676
21.6897
21.9947
22.1625
22.2645
22.3336
22.3839
21.7727
21.4845
21.3471
21.2600
21.2081
21.1787
21.1529
21.1509
21.1512
21.1542
21.1597
21.1638
21.1696
21.1733
21.1781
21.1836
21.1902
21.2042
21.2010
21.2002
21.2001
21.1996
21.1987
21.1975
21.1960
21.1942
21.1922
21.1902
21.1884
21.1894
21.1828
21.1818
21.1875
21.1980
21.2122
21.2298
21.2501
21.2729
21.2976
21.3241
21.3520
21.3844
21.4207
21.4601
21.5019
21.5460
21.5920
21.6378
21.6804
21.7250
21.7754
21.8251
21.8744
21.9058
21.9218
21.9274
22.5668
22.8729
23.0297
23.1135
23.1682
23.1840
23.1767
23.1842
23.1536
23.1877
23.1998
23.2054
23.2074
23.2074
23.2062
23.2042
23.2034
23.1987
23.1938
23.2134
23.2442
23.2556
23.2582
23.2563
23.2519
23.2456
23.2486
23.1977
23.1661
23.1468
23.1286
23.0850
23.0598
23.0089
22.3173
22.6050
22.7347
22.7699
22.7660
22.7190
22.6756
21.9825
22.2646
22.3669
22.4180
22.4020
21.7323
21.3907
21.1922
21.0610
20.9643
20.8856
20.8077
20.7428
21.3321
21.6075
21.7738
21.8607
21.9083
21.9353
21.9506
21.9321
21.9335
21.9241
21.2658
20.9374
20.7555
20.6435
20.5667
20.5096
20.4645
20.4266
20.3951
20.3672
20.9865
21.2903
21.4522
21.5766
21.6504
21.6990
21.7223
21.7529
21.7744
21.7908
21.8036
21.8138
21.8221
21.7747
21.1495
20.8366
20.6633
20.5565
20.4858
20.4350
20.3956
20.3654
20.3380
20.3151
20.2961
22.1730
23.0548
23.6564
24.1149
24.4631
24.7263
24.9276
25.0792
25.1944
25.2836
25.3293
25.3705
23.3044
23.6301
22.2286
22.1541
22.0699
22.0092
21.9728
21.9479
21.9286
21.9124
21.8980
21.8847
21.8719
21.8595
23.3286
22.6997
22.2601
22.0512
21.9448
21.8855
21.8485
21.8226
21.8023
21.7580
21.7303
21.7101
21.6939
23.1333
22.5467
22.1271
21.9032
21.1364
20.7482
20.5329
20.3992
20.3068
20.2365
20.1793
20.1308
20.7308
22.3232
21.9496
21.6445
21.5138
21.4832
21.4706
21.4656
21.4636
21.4626
21.4617
21.4605
21.4588
21.4566
22.8784
22.2908
21.8709
21.6764
21.5798
21.5283
21.4981
21.4823
21.4741
21.4699
21.4682
21.4684
21.4700
22.8959
22.3223
21.9103
21.7203
21.6362
21.6068
21.5836
20.8966
20.5598
20.3818
20.2796
20.2169
20.1758
20.1478
20.1286
20.1156
20.1073
20.7490
24.5963
26.5530
26.6679
26.6700
26.6701
26.6702
26.6704
26.6705
26.6706
26.6706
26.6705
26.6705
26.6704
26.6703
26.6702
26.6703
26.6701
26.6723
26.6942
26.7269
26.7655
26.8072
26.8069
26.8212
26.8230
26.6805
26.6796
26.6801
26.6804
26.6808
26.6811
26.6814
26.6817
26.6819
26.6822
26.6824
26.6826
26.6828
26.6830
26.6832
26.6835
26.6836
26.6837
26.6838
26.6839
26.6840
26.6840
26.6840
26.6838
26.6837
26.6836
26.6835
26.6834
26.6833
26.6833
26.6836
26.6836
26.6837
26.6838
26.6838
26.6838
26.6837
26.6837
26.6837
26.6838
26.6838
26.6838
26.6837
26.6836
26.6835
26.6834
26.6833
26.6832
26.6830
26.6829
26.6828
26.6826
26.6824
26.6823
26.6823
26.6823
26.6823
26.6821
26.6820
26.6818
26.6817
26.6817
26.6816
26.6816
26.6815
26.6815
26.6814
26.6814
26.9917
27.2667
27.5036
27.6769
27.8019
27.8926
27.9592
28.0082
28.0446
28.0752
28.1027
28.1279
28.1512
28.1729
28.1933
28.2119
28.2289
28.2515
28.2927
28.3251
28.3702
28.3990
28.4147
28.3834
28.3578
28.3342
28.3107
28.2824
28.2307
28.1813
28.1322
28.0821
28.0304
27.9802
27.9316
27.1352
26.6829
26.9605
27.1469
27.2623
27.3045
26.6852
26.8831
27.0154
27.0926
27.1120
27.1161
26.6867
26.6859
26.6864
26.6868
26.6872
26.6876
26.6880
26.6711
26.6784
26.6851
26.7103
26.7240
26.7295
26.7289
26.7240
26.7158
26.7091
26.6814
26.6883
26.6890
26.6894
26.6896
26.6898
26.6900
26.6901
26.6903
26.6904
26.6904
26.6905
26.6906
26.6731
26.6718
26.6715
26.6713
26.6712
26.6711
26.6710
26.6710
26.6709
26.6709
25.7000
24.9910
23.8186
23.1235
22.6813
22.3748
22.1404
21.9486
21.7843
21.6392
21.5088
21.3902
23.1857
22.7777
22.5938
22.5080
22.4405
22.3816
22.3271
22.2751
22.2263
22.1961
21.4976
21.1466
20.9487
22.1040
21.4595
21.0170
20.8002
21.3459
21.5978
21.7241
21.7908
21.8278
21.8489
21.8610
21.8667
21.8684
23.3482
22.7284
22.2967
22.0941
21.9925
21.9370
21.9031
21.8797
21.8615
21.8461
21.8321
21.7915
21.1137
22.0717
21.9832
21.8052
21.0751
20.7079
20.5061
20.3811
20.2944
20.2283
20.1747
20.1290
20.0886
20.0524
21.8711
21.7171
21.5252
21.4551
21.4311
21.4253
21.4258
21.4281
21.4297
21.4302
21.4295
21.4276
21.4246
22.8288
22.2414
21.8241
21.6310
21.5343
21.4815
21.4492
21.4354
21.4315
21.4329
21.4376
21.4441
21.4519
22.8897
22.3139
21.9081
21.7268
21.6498
21.6266
21.5854
20.9216
20.5985
20.4293
20.3342
20.2774
20.2425
20.2211
20.2088
20.2029
20.8473
21.1772
24.9042
26.5848
26.6684
26.6699
26.6700
26.6702
26.6703
26.6704
26.6704
26.6703
26.6701
26.6701
26.6903
26.7300
26.7798
26.8338
26.8902
26.9477
26.9818
27.0219
27.0430
27.0726
27.0855
27.1085
27.1160
26.6825
26.6786
26.6790
26.6794
26.6798
26.6801
26.8305
26.9642
27.0734
27.1634
27.2390
27.3039
26.6836
26.6813
26.6816
26.6819
26.6822
26.6825
26.6827
26.6829
26.6831
26.6830
26.6829
26.6829
26.6829
26.6828
26.6829
26.6829
26.6829
26.6827
26.6827
26.6826
26.6826
26.6825
26.6824
26.6824
26.6822
26.6821
26.6820
26.6819
26.6819
26.6819
26.6818
26.6817
26.6817
26.6818
26.6816
26.6814
26.6813
26.6811
26.6809
26.6807
26.6805
26.6803
26.6801
26.6799
26.6798
26.6796
26.6795
26.6795
26.6794
27.0465
27.3347
27.5609
27.7400
27.8818
28.0170
28.1265
28.2230
28.3084
28.3850
28.4548
28.5196
28.5995
28.6707
28.7360
28.7973
28.8415
28.8664
28.8750
28.8698
28.8530
28.8170
28.7718
28.7211
28.6830
28.6269
28.5613
28.4900
28.4273
28.3932
28.3602
28.3288
28.2805
28.2401
28.1847
28.1382
28.0974
28.0601
28.0116
27.9713
27.9321
27.1422
26.6827
26.9433
27.1355
27.2386
27.2969
27.3428
27.3376
27.3192
27.2915
27.2779
27.2361
27.1986
26.6867
26.6854
26.6859
26.6863
26.6866
26.6870
26.6872
26.6780
26.6898
26.7226
26.7441
26.7567
26.7625
26.7633
26.7602
26.7322
26.7106
26.6876
26.6881
26.6885
26.6888
26.6890
26.6892
26.6894
26.6896
26.6727
26.6721
26.6713
26.6712
26.6712
26.6711
26.6711
26.6711
26.6711
26.6711
26.6712
26.6712
26.6712
26.6713
26.6713
25.0320
23.9223
23.2254
22.7823
22.4662
22.2177
22.0092
21.8291
21.6689
21.5249
21.3940
21.9150
23.4456
22.9118
22.6735
22.5387
22.4508
22.3849
22.3306
22.2833
22.2404
22.2006
22.1368
22.0889
22.5282
23.8170
24.6916
25.3694
25.8675
25.7774
25.7560
25.7567
25.7698
25.7892
25.8113
25.8343
25.8576
25.8805
25.9027
25.9239
25.9442
26.4342
26.2912
26.2023
26.1536
26.1280
26.1162
26.1128
26.1075
26.0777
25.3271
24.7699
25.1273
25.3758
25.2380
24.6738
24.2595
23.9600
23.7400
23.5811
23.4622
23.3694
23.2939
23.2303
23.8902
24.3252
24.6653
25.3534
25.4152
25.4267
25.4624
25.4887
25.5077
25.5208
25.5292
25.5339
25.5356
25.5348
25.5320
25.5273
25.9834
25.8231
25.7140
25.6393
25.6038
25.5721
25.5611
25.5612
25.5671
25.5769
25.5896
25.6042
25.6099
26.0944
25.6340
25.6116
24.9719
24.4874
24.1452
23.9026
23.7415
23.6347
23.5629
23.5156
23.4858
23.4684
23.4600
24.1808
24.0250
24.0144
24.0133
24.0125
24.0119
24.0113
24.0107
24.0104
24.0098
24.0095
24.0095
24.0091
24.0084
24.0088
24.0089
24.0092
24.0094
24.0096
24.0096
24.0095
24.0096
24.0095
24.0097
24.0090
24.0090
24.0040
24.0036
24.0035
24.0035
24.0035
24.0035
24.0036
24.0036
24.0037
24.0037
24.0037
24.0038
24.0038
24.0039
24.0039
24.0040
24.0040
24.0041
24.0041
24.0043
24.0042
24.0042
24.0041
24.0040
24.0039
24.0038
24.0037
24.0036
24.0036
24.0035
24.0034
24.0034
24.0033
24.0032
24.0032
24.0031
24.0031
24.0030
24.0030
24.0029
24.0028
24.0028
24.0028
24.0028
24.0028
24.0028
24.0028
24.0028
24.0029
24.0029
24.0029
24.0056
24.0058
24.0057
24.0030
24.0028
24.0027
24.0027
24.0027
24.0027
24.0026
24.0026
24.0026
24.0026
24.0025
24.0026
24.0026
24.0048
24.0051
24.0054
24.0056
24.0059
24.0062
24.0061
24.0059
24.0062
24.0060
24.0061
24.0064
24.0067
24.0187
24.0406
24.0666
24.0942
24.1480
24.1865
24.2208
24.2528
24.3068
24.3320
24.3392
24.3351
24.3238
24.2841
24.2531
24.2189
24.1523
24.1038
24.0562
24.0102
24.0057
24.0030
24.0046
24.0046
24.0045
24.0044
24.0042
24.0041
24.0039
24.0038
24.0038
24.0037
24.0037
24.0036
24.0015
24.0013
24.0013
24.0012
24.0011
23.9901
23.9581
23.9194
23.8790
23.9972
24.0031
24.0035
24.0036
24.0036
24.0036
24.0036
24.0035
24.0035
23.9132
23.8243
23.7484
23.6845
23.6300
23.5831
23.5420
23.5056
23.4728
23.4429
23.9869
24.0026
24.0034
24.0035
24.0036
24.0036
24.0037
24.0037
24.0038
24.0038
24.0038
24.0038
24.0039
24.9859
24.9433
24.8976
24.8557
24.8180
24.3689
24.0343
23.7933
23.6234
23.5048
23.4191
23.3548
24.0224
24.5161
24.8756
25.1417
25.3359
25.9254
25.8661
25.8361
25.8270
25.8053
25.0761
24.5542
24.1755
23.9022
23.7019
23.5587
24.1998
24.6464
25.4125
25.5161
25.5836
25.6353
25.6762
25.7087
25.7347
25.7556
25.7724
25.7859
25.7969
25.8057
25.8127
26.2819
26.1192
26.0190
25.9575
25.8963
25.8574
25.8320
25.8150
25.8032
25.8185
25.8277
25.8096
25.0737
24.9838
24.4711
24.0958
23.8223
23.6257
23.4851
23.3809
23.3006
23.2366
23.1838
23.1390
23.8438
24.3152
25.0960
25.2356
25.3045
25.3826
25.4419
25.4876
25.5234
25.5518
25.5745
25.5929
25.6079
25.6203
25.6305
26.0968
25.9422
25.6249
25.6109
25.6110
25.6111
25.6113
25.6114
25.6115
25.6117
25.6118
25.6120
25.6122
26.1900
25.1104
24.6628
24.3282
24.0834
23.9120
23.7952
23.7143
23.6572
23.6179
23.5919
23.5756
24.2877
24.0315
24.0141
24.0125
24.0117
24.0111
24.0105
24.0100
24.0092
24.0093
24.0090
24.0088
24.0084
24.0080
24.0078
24.0080
24.0083
24.0083
24.0083
24.0085
24.0087
24.0084
24.0080
24.0075
24.0071
24.0029
24.0027
24.0026
24.0026
24.0026
24.0026
24.0027
24.0027
24.0028
24.0028
24.0029
24.0030
24.0030
24.0031
24.0031
24.0032
24.0032
24.0032
24.0031
24.0030
24.0031
24.0031
24.0032
24.0032
24.0032
24.0033
24.0032
24.0031
24.0031
24.0030
24.0030
24.0029
24.0028
24.0028
24.0027
24.0027
24.0026
24.0026
24.0025
24.0025
24.0024
24.0024
24.0024
24.0024
24.0024
24.0024
24.0024
24.0024
24.0024
24.0024
24.0024
24.0024
24.0024
24.0025
24.0025
24.0025
24.0025
24.0026
24.0026
24.0026
24.0027
24.0027
24.0027
24.0027
24.0028
24.0028
24.0028
24.0028
24.0028
24.0029
24.0029
24.0029
24.0030
24.0031
24.0033
24.0033
24.0033
24.0053
24.0142
24.0399
24.1116
24.1543
24.1829
24.2034
24.2187
24.2546
24.2714
24.3043
24.3198
24.3268
24.3216
24.3069
24.2861
24.2605
24.2306
24.1971
24.1362
24.0788
24.0128
24.0065
24.0056
24.0052
24.0049
24.0047
24.0045
24.0044
24.0043
24.0042
24.0012
24.0029
24.0031
24.0015
24.0013
24.0013
24.0028
24.0029
24.0029
24.0029
24.0028
24.0028
24.0028
24.0028
24.0028
24.0028
24.0028
24.0016
24.0015
24.0014
24.0015
24.0015
24.0015
24.0015
24.0015
24.0027
24.0028
24.0028
24.0028
24.0028
24.0028
24.0028
24.0028
24.0028
24.0028
24.0028
24.0028
24.0018
24.0016
24.0016
24.0016
24.0016
24.0016
24.0016
24.0016
24.0016
24.0016
24.0017
24.0025
24.0029
24.0032
24.0034
24.0037
24.0038
24.0039
24.0040
24.0041
24.0042
24.0043
24.0043
24.9534
24.0879
24.0104
24.0034
24.0028
24.0027
24.0027
24.0027
24.0027
24.0027
24.0027
24.0045
24.0048
24.1905
24.0202
24.0066
24.0053
24.0051
24.0050
24.0049
24.0049
24.0048
24.0048
24.0048
24.0047
24.0047
24.1266
24.0143
24.0060
24.0051
24.0050
24.0049
24.0049
24.0048
24.0048
24.0047
24.0047
24.0047
24.0046
24.0982
24.0116
24.0057
24.0050
24.0049
24.0049
24.0048
24.0048
24.0047
24.0047
24.0047
24.0047
24.0047
24.0855
24.0105
24.0056
24.0051
24.0050
24.0049
24.0049
24.0049
24.0048
24.0048
24.0048
24.0048
24.0048
24.0767
24.0098
24.0057
24.0052
24.0051
24.0051
24.0050
24.0050
24.0050
24.0049
24.0049
24.0049
24.0049
24.0899
24.0111
24.0058
24.0053
24.0051
24.0050
24.0064
24.0056
24.0047
24.0040
24.0034
24.0029
24.0025
24.0022
24.0019
24.0017
24.0015
24.0013
24.0003
24.0006
24.0009
24.0011
24.0013
24.0015
24.0017
24.0018
24.0019
24.0020
24.0020
24.0021
24.0021
24.0021
24.0021
24.0022
24.0022
24.0022
24.0022
24.0022
24.0022
24.0022
24.0022
24.0022
24.0022
24.0022
24.0022
24.0022
24.0022
24.0022
24.0021
24.0021
24.0021
24.0021
24.0021
24.0021
24.0021
24.0021
24.0021
24.0021
24.0021
24.0021
24.0021
24.0021
24.0021
24.0021
24.0020
24.0020
24.0020
24.0020
24.0020
24.0021
24.0021
24.0021
24.0021
24.0021
24.0021
24.0021
24.0021
24.0021
24.0021
24.0021
24.0021
24.0021
24.0021
24.0021
24.0020
24.0020
24.0020
24.0020
24.0020
24.0019
24.0019
24.0019
24.0019
24.0018
24.0018
24.0017
24.0017
24.0017
24.0016
24.0016
24.0015
24.0015
24.0015
24.0014
24.0014
24.0013
24.0013
24.0013
24.0013
24.0013
24.0013
24.0013
24.0013
24.0014
24.0014
24.0014
24.0015
24.0016
24.0016
24.0017
24.0017
24.0018
24.0018
24.0018
24.0018
24.0019
24.0019
24.0019
24.0019
24.0019
24.0019
24.0019
24.0020
24.0020
24.0020
24.0020
24.0021
24.0021
24.0027
24.0024
24.0022
24.0019
24.0017
24.0016
24.0014
24.0013
24.0012
24.0011
24.0010
24.0009
23.9996
24.0002
24.0008
24.0013
24.0018
24.0022
24.0025
24.0028
24.0030
24.0032
24.0034
24.0035
24.2701
24.0269
24.0063
24.0045
24.0043
24.0044
24.0044
24.0044
24.0044
24.0044
24.0044
24.0044
24.0044
24.2025
24.0210
24.0063
24.0049
24.0048
24.0047
24.0047
24.0046
24.0046
24.0046
24.0046
24.0046
24.0046
24.1720
24.0184
24.0062
24.0051
24.0049
24.0048
24.0048
24.0047
24.0047
24.0047
24.0047
24.0046
24.0046
24.1459
24.0160
24.0060
24.0051
24.0049
24.0048
24.0048
24.0048
24.0047
24.0047
24.0047
24.0047
24.0047
24.1173
24.0134
24.0059
24.0051
24.0050
24.0050
24.0049
24.0049
24.0049
24.0049
24.0048
24.0048
24.0048
24.0842
24.0105
24.0058
24.0053
24.0052
24.0052
24.0052
24.0051
24.0051
24.0051
24.0051
24.0051
24.0051
24.0513
24.0077
24.0059
24.0056
24.0056
24.0055
24.0055
24.0054
24.0054
24.0054
24.0054
24.0053
24.0053
24.0394
24.0068
24.0059
24.0058
24.0057
24.0056
24.0055
24.0055
24.0054
24.0054
24.0054
24.0053
24.0053
24.0432
24.0071
24.0059
24.0057
24.0056
24.0056
24.0055
24.0055
24.0054
24.0054
24.0053
24.0053
24.0053
24.0492
24.0076
24.0060
24.0057
24.0056
24.0055
24.0054
24.0053
24.0053
24.0052
24.0052
24.0052
24.0051
24.0843
24.0107
24.0061
24.0055
24.0054
24.0053
24.0052
24.0051
24.0050
24.0050
24.0050
24.0049
24.0049
24.1808
24.0194
24.0065
24.0051
24.0049
24.0048
24.0047
24.0047
24.0046
24.0045
24.0045
24.0044
24.0044
24.2710
24.0274
24.0067
24.0047
24.0044
24.0043
24.0042
24.0041
24.0041
24.0040
24.0039
24.0039
24.0038
24.4182
24.0401
24.0073
24.0042
24.0039
24.0038
24.0037
24.0036
24.0036
24.0035
24.0035
24.0034
24.0034
24.5446
24.0511
24.0077
24.0038
24.0034
24.0033
24.0032
24.0032
24.0031
24.0031
24.0030
24.0030
24.0030
24.6322
24.0588
24.0081
24.0036
24.0031
24.0031
24.0030
24.0030
24.0030
24.0030
24.0030
24.0030
24.0030
24.6515
24.0606
24.0083
24.0036
24.0031
24.0030
24.0029
24.0029
24.0028
24.0028
24.0027
24.0026
24.0026
24.8134
24.0745
24.0089
24.0031
24.0026
24.0025
24.0024
24.0024
24.0024
24.0024
24.0024
24.0024
24.0024
24.8806
24.0802
24.0093
24.0031
24.0025
24.0024
24.0024
24.0023
24.0023
24.0022
24.0022
24.0022
24.0022
24.9580
24.0868
24.0099
24.0032
24.0027
24.0027
24.0028
24.0029
24.0030
24.0031
24.0032
24.0033
24.0034
24.5691
24.0534
24.0082
24.0042
24.0038
24.0038
24.0038
24.0038
24.0038
24.0038
24.0038
24.0039
24.0039
24.4113
24.0397
24.0076
24.0047
24.0044
24.0044
24.0044
24.0044
24.0045
24.0045
24.0045
24.0045
24.0045
24.2559
24.0261
24.0070
24.0053
24.0051
24.0050
24.0050
24.0050
24.0050
24.0049
24.0049
24.0049
24.0049
24.1705
24.0185
24.0066
24.0055
24.0053
24.0052
24.0051
24.0051
24.0051
24.0050
24.0050
24.0050
24.0049
24.1412
24.0158
24.0063
24.0054
24.0052
24.0051
24.0051
24.0050
24.0050
24.0050
24.0049
24.0049
24.0049
24.1230
24.0141
24.0062
24.0053
24.0052
24.0051
24.0050
24.0050
24.0050
24.0049
24.0049
24.0049
24.0048
24.1031
24.0122
24.0059
24.0052
24.0051
24.0050
24.0050
24.0049
24.0049
24.0049
24.0049
24.0049
24.0049
24.8452
24.0778
24.0100
24.0037
24.0031
24.0030
24.0030
24.0030
24.0029
24.0029
24.0029
24.0029
24.0029
24.9183
24.0850
24.0106
24.0038
24.0031
24.0031
24.0030
24.0031
24.0049
24.0052
24.0033
24.0030
24.0030
24.8985
24.0832
24.0126
24.0062
24.0055
24.0054
24.0054
24.0053
24.0053
24.0053
24.0052
24.0052
24.0052
24.0467
24.0060
24.0037
24.0035
24.0034
24.0034
24.0034
24.0033
24.0033
24.0033
24.0033
24.0033
24.0033
24.8582
24.0796
24.0105
24.0042
24.0036
24.4243
24.7518
24.9916
25.1533
25.2677
25.3499
25.4106
25.4572
25.9396
25.6145
25.6045
25.6018
25.0399
24.5401
24.1597
23.8828
23.6896
23.5600
23.4723
23.4122
23.3702
23.3416
24.0441
24.5410
24.0430
24.0089
24.0069
24.0066
24.0067
24.0066
24.0064
24.0063
24.0062
24.0062
24.0061
24.0060
24.0055
24.0060
24.0066
24.0070
24.0074
24.0078
24.0082
24.0085
24.0086
24.0086
24.0087
24.0082
24.0083
24.0033
24.0030
24.0028
24.0028
24.0029
24.0029
24.0029
24.0030
24.0030
24.0030
24.0029
24.0030
24.0030
24.0031
24.0032
24.0033
24.0033
24.0034
24.0035
24.0035
24.0036
24.0036
24.0036
24.0036
24.0035
24.0035
24.0035
24.0036
24.0036
24.0035
24.0034
24.0034
24.0034
24.0033
24.0033
24.0032
24.0032
24.0031
24.0031
24.0030
24.0030
24.0029
24.0029
24.0029
24.0029
24.0029
24.0029
24.0029
24.0029
24.0030
24.0030
24.0031
24.0031
24.0031
24.0032
24.0032
24.0032
24.0032
24.0032
24.0032
24.0057
24.0061
24.0063
24.0064
24.0039
24.0037
24.0065
24.0069
24.0070
24.0071
24.0073
24.0075
24.0198
24.0384
24.0594
24.0895
24.0990
24.1211
24.1407
24.1582
24.1741
24.1888
24.2024
24.2149
24.2281
24.2372
24.2695
24.2881
24.3238
24.3257
24.3062
24.2741
24.2329
24.1848
24.1078
24.0167
24.0078
24.0065
24.0059
24.0055
24.0051
24.0049
24.0046
24.0022
24.0041
24.0043
24.0020
24.0038
24.0040
24.0040
24.0040
24.0039
24.0039
24.0015
24.0014
24.0013
24.0012
23.9886
23.9637
23.9330
23.8971
23.8609
23.9967
24.0033
24.0036
24.0037
24.0038
24.0038
24.0039
24.0039
24.0039
24.0038
24.0038
24.0037
24.0037
23.9296
23.8532
23.7874
23.7317
23.6846
23.6443
23.6096
23.9889
24.0029
24.0036
24.0036
24.0036
24.0037
24.0037
24.0038
24.0038
24.0039
24.0039
24.0040
24.0040
25.0350
25.0712
25.0850
25.0877
24.6695
24.3432
24.1080
23.9333
23.8088
23.7203
23.6559
23.6076
24.3158
24.8307
25.2148
25.4956
26.1495
26.1253
26.1188
26.1283
26.1212
26.1245
25.4146
