0.0000
0.0000
0.0000
0.0000
0.0000
0.0000
0.0000
0.0000
0.0000
0.0000
0.0000
0.0000
0.0000
0.0000
0.0000
0.0000
0.0000
0.0000
0.0000
0.0000
0.0000
0.0000
0.0000
0.0000
0.0000
0.0000
0.0000
0.0000
0.0000
0.0000
0.0000
0.0000
0.0000
0.0000
0.0000
0.0000
0.0000
0.0000
0.0000
0.0000
0.0000
0.0000
0.0000
0.0000
0.0000
0.0000
0.0000
0.0000
0.0000
0.0000
0.0000
0.0000
0.0000
0.0000
0.0000
0.0000
0.0000
0.0000
0.0000
0.0000
0.0000
0.2000
0.2000
0.2000
0.2000
0.2000
0.2000
0.2000
0.2000
0.2000
0.2000
0.2000
0.2000
0.2000
0.2000
0.2000
0.2000
0.2000
0.2000
0.2000
0.2000
0.2000
0.2000
0.2000
0.2000
0.2000
0.2000
0.2000
0.2000
0.2000
0.2000
0.2000
0.5449
0.5972
0.6147
0.6084
0.6021
0.2486
0.3372
0.3387
0.3447
0.3441
0.3412
0.3382
0.3410
0.3486
0.3491
0.7145
0.3510
0.7154
0.7438
0.7507
0.3889
0.3803
0.3843
0.3888
0.3872
0.3852
0.3823
0.3927
0.3949
0.3923
0.3934
0.7633
0.7768
0.7929
0.7937
0.7931
0.7941
0.7987
0.7978
0.8068
0.8102
0.8189
0.8803
0.8762
0.8763
0.8858
0.8880
0.9000
0.8963
0.9149
0.9254
0.9434
1.0000
1.0000
1.0000
1.0000
1.0000
1.0000
1.0000
1.0000
1.0000
1.0000
1.0000
1.0000
1.0000
1.0000
1.0000
1.0000
1.0000
1.0000
1.0000
1.0000
0.9967
0.9899
0.9850
0.6147
0.6150
0.6057
0.4731
0.4752
0.4752
0.4703
0.4639
0.4576
0.4593
0.4641
0.4572
0.4509
0.4443
0.4421
0.4386
0.4350
0.4273
0.7877
0.4225
0.4239
0.4209
0.4156
0.4103
0.4057
0.4126
0.4124
0.4756
0.4673
0.4632
0.4689
0.4656
0.4570
0.4494
0.4532
0.4477
0.4379
0.4287
0.4333
0.3158
0.3101
0.3029
0.2960
0.2966
0.2988
0.2939
0.2910
0.2854
0.2799
0.2749
0.2797
0.2483
0.2434
0.2397
0.2346
0.2291
0.2244
0.2197
0.2256
0.2244
0.2206
0.2163
0.2124
0.2000
0.2000
0.2000
0.2000
0.2000
0.2000
0.2000
0.2000
0.2000
0.4434
0.5480
0.5651
0.5877
0.6113
0.6117
0.6281
0.6328
0.6330
0.6107
0.6091
0.5861
0.5839
0.5713
0.5700
0.5161
0.5053
0.2000
0.2000
0.2000
0.2000
0.2000
0.2000
0.2000
0.2000
0.2000
0.0000
0.0000
0.0000
0.0000
0.0000
0.0000
0.0000
0.0000
0.0000
0.0000
0.0000
0.0000
0.0000
0.0000
0.0000
0.0000
0.0000
0.0000
0.0000
0.0000
0.0000
0.0000
0.0000
0.0000
0.0000
0.0000
0.0000
0.0000
0.0000
0.0000
0.2000
0.2000
0.2000
0.2000
0.2000
0.2000
0.2000
0.2000
0.2000
0.2000
0.2000
0.2000
0.0000
0.0000
0.0000
0.2000
0.2000
0.2000
0.2000
0.2000
0.2000
0.2000
0.2000
0.2000
0.2000
0.2000
0.2000
0.0000
0.2000
0.2000
0.2000
0.2000
0.2000
0.2000
0.2000
0.2000
0.2000
0.2000
0.2000
0.2000
0.0000
0.2000
0.2000
0.2000
0.2000
0.2000
0.2000
0.2000
0.2000
0.2000
0.2000
0.2000
0.2000
0.0000
0.2000
0.2000
0.2000
0.2000
0.2000
0.2000
0.2000
0.2000
0.2000
0.2000
0.2000
0.2000
0.2000
0.2000
0.2000
0.2000
0.2000
0.2000
0.2000
0.2000
0.2000
0.2000
0.2000
0.2000
0.2786
0.2966
0.2938
0.2929
0.2917
0.2907
0.2901
0.6494
0.6882
0.6989
0.7062
0.7012
0.3418
0.4302
0.4266
0.4311
0.4393
0.4410
0.4399
0.4382
0.4428
0.4514
0.4527
0.8254
0.8431
0.8665
0.5053
0.4978
0.4925
0.4882
0.4957
0.4989
0.4967
0.4931
0.4917
0.5011
0.5020
0.8919
0.8993
0.9221
0.9238
0.9253
0.9259
0.5418
0.5414
0.5392
0.5345
0.5299
0.5315
0.5855
0.5821
0.5758
0.5777
0.5823
0.5789
0.5722
0.5767
0.5790
1.0000
1.0000
1.0000
1.0000
1.0000
1.0000
1.0000
1.0000
1.0000
1.0000
1.0000
1.0000
1.0000
1.0000
1.0000
1.0000
1.0000
1.0000
1.0000
1.0000
1.0000
1.0000
1.0000
1.0000
1.0000
1.0000
1.0000
1.0000
1.0000
1.0000
1.0000
1.0000
1.0000
1.0000
0.6761
0.6374
0.6231
0.6135
0.6055
0.5976
0.9821
0.6106
0.5963
0.5879
0.5819
0.5875
0.5852
0.5796
0.5734
0.5672
0.5711
0.6392
0.6322
0.6238
0.6218
0.6247
0.6185
0.6084
0.6036
0.6049
0.5978
0.5873
0.5839
0.4650
0.4578
0.4463
0.4382
0.4286
0.4217
0.4244
0.4198
0.4126
0.4052
0.3978
0.3904
0.3567
0.3611
0.3546
0.3487
0.3426
0.3378
0.3320
0.3298
0.3289
0.3338
0.3323
0.3291
0.2897
0.2866
0.2838
0.2811
0.2788
0.2763
0.2757
0.2803
0.2792
0.6304
0.6646
0.6811
0.7184
0.7291
0.7446
0.7458
0.7464
0.7510
0.7574
0.7583
0.7253
0.7132
0.7141
0.6999
0.6229
0.6224
0.6217
0.2575
0.2446
0.2385
0.2339
0.2350
0.2356
0.2333
0.2310
0.0000
0.0000
0.0000
0.0000
0.0000
0.2000
0.2000
0.2000
0.2000
0.2000
0.2000
0.2000
0.2000
0.2000
0.2000
0.2000
0.2000
0.0000
0.2000
0.2000
0.2000
0.2000
0.2000
0.2000
0.2000
0.2000
0.2000
0.2000
0.2000
0.2000
0.0000
0.2000
0.2000
0.2000
0.2000
0.2000
0.2000
0.2000
0.2000
0.2000
0.2000
0.2000
0.2000
0.0000
0.2000
0.2000
0.2000
0.2000
0.2000
0.2000
0.2000
0.2000
0.2000
0.2000
0.2000
0.2000
0.0000
0.2000
0.2000
0.2000
0.2000
0.2000
0.2000
0.2000
0.2000
0.2000
0.2000
0.2000
0.2000
0.0000
0.2000
0.2000
0.2000
0.2000
0.2000
0.2000
0.2000
0.2000
0.2000
0.2000
0.2000
0.2000
0.0000
0.2000
0.2000
0.2000
0.2000
0.2000
0.2000
0.2000
0.2000
0.2000
0.2000
0.2000
0.2000
0.0000
0.2000
0.2000
0.2000
0.2000
0.2000
0.2000
0.2000
0.2000
0.2000
0.2000
0.2000
0.2000
0.3040
0.3044
0.3085
0.3086
0.3076
0.3074
0.3069
0.6802
0.6963
0.7147
0.7138
0.7151
0.3540
0.4423
0.4371
0.8145
0.8375
0.8328
0.8400
0.8764
0.8786
0.8702
0.4893
0.8539
0.4879
0.8754
0.8774
0.8926
0.8980
0.8990
0.8969
0.9010
0.9073
0.9063
0.9026
0.8983
0.9062
0.5408
0.5239
0.5122
0.8809
0.8968
0.9021
0.9035
0.9262
0.9376
0.9344
0.9362
0.9363
0.9885
1.0000
1.0000
1.0000
1.0000
1.0000
1.0000
1.0000
1.0000
1.0000
1.0000
1.0000
1.0000
1.0000
1.0000
1.0000
1.0000
1.0000
1.0000
1.0000
1.0000
1.0000
1.0000
1.0000
1.0000
1.0000
1.0000
1.0000
1.0000
1.0000
1.0000
1.0000
1.0000
1.0000
1.0000
1.0000
0.8769
0.7038
0.6820
0.6741
0.6842
0.6814
0.6797
0.6777
0.6766
0.6880
0.6930
0.6941
1.0000
1.0000
1.0000
1.0000
0.8420
0.7440
0.7304
0.7288
0.7334
0.7316
0.7276
0.7231
0.7876
0.7943
0.7925
0.7862
0.7811
0.7845
0.7773
0.7662
0.7542
0.7546
0.7458
0.7304
0.6035
0.5996
0.5899
0.5760
0.5610
0.5472
0.5313
0.5223
0.5222
0.5089
0.4959
0.4819
0.4358
0.4244
0.4115
0.4097
0.3964
0.3878
0.3785
0.3736
0.3671
0.3608
0.3549
0.3581
0.3192
0.3150
0.3109
0.3081
0.3035
0.2996
0.2961
0.2926
0.2892
0.6418
0.6830
0.7058
0.7329
0.7569
0.7695
0.7706
0.7711
0.7712
0.7711
0.7716
0.7541
0.7474
0.7367
0.7138
0.6467
0.2814
0.2671
0.2601
0.2551
0.2512
0.2483
0.2457
0.2435
0.2415
0.2397
0.0000
0.0000
0.0000
0.0000
0.0000
0.2000
0.2000
0.2000
0.2000
0.2000
0.2000
0.2000
0.2000
0.2000
0.2000
0.2000
0.2000
0.0000
0.2000
0.2000
0.2000
0.2000
0.2000
0.2000
0.2000
0.2000
0.2000
0.2000
0.2000
0.2000
0.0000
0.2000
0.2000
0.2000
0.2000
0.2000
0.2000
0.2000
0.2000
0.2000
0.2000
0.2000
0.2000
0.0000
0.2000
0.2000
0.2000
0.2000
0.2000
0.2000
0.2000
0.2000
0.2000
0.2000
0.2000
0.2000
0.0000
0.2000
0.2000
0.2000
0.2000
0.2000
0.2000
0.2000
0.2000
0.2000
0.2000
0.2000
0.2000
0.0000
0.2000
0.2000
0.2000
0.2000
0.2000
0.2000
0.2000
0.2000
0.2000
0.2000
0.2000
0.2000
0.0000
0.2000
0.2000
0.2000
0.2000
0.2000
0.2000
0.2000
0.2000
0.2000
0.2000
0.2000
0.2000
0.0000
0.2000
0.2000
0.2000
0.2000
0.2000
0.2000
0.2000
0.2000
0.2000
0.2000
0.2000
0.2000
0.3498
0.3267
0.3258
0.3270
0.3374
0.3425
0.3437
0.7129
0.7392
0.7585
0.7430
0.7474
0.3824
0.4762
0.4772
0.4750
0.4720
0.4693
0.4741
0.8541
0.8654
0.8694
0.4965
0.8663
0.8800
0.8976
0.5275
0.5130
0.5152
0.5158
0.5127
0.5117
0.5077
0.5181
0.5203
0.5186
0.5165
0.5247
0.9124
0.9263
0.9319
0.9355
0.9503
0.9571
0.9584
0.9569
0.9724
0.9825
0.9835
1.0000
1.0000
1.0000
1.0000
1.0000
1.0000
1.0000
1.0000
1.0000
1.0000
1.0000
1.0000
1.0000
1.0000
1.0000
1.0000
1.0000
1.0000
1.0000
1.0000
1.0000
1.0000
1.0000
1.0000
1.0000
1.0000
1.0000
1.0000
1.0000
1.0000
1.0000
1.0000
1.0000
1.0000
1.0000
1.0000
0.8805
0.7072
0.6849
0.6770
0.6650
0.6655
0.6704
0.6696
0.6668
0.6643
0.6665
0.6754
0.6706
1.0000
1.0000
1.0000
0.7677
0.7033
0.6904
0.6807
0.6719
0.6738
0.6719
0.6650
0.7238
0.7128
0.7160
0.7089
0.6975
0.6851
0.6856
0.6801
0.6684
0.6551
0.6539
0.6470
0.5218
0.5064
0.4921
0.4865
0.4799
0.4708
0.4592
0.4545
0.4433
0.4348
0.4366
0.4295
0.3952
0.3851
0.3769
0.3689
0.3615
0.3571
0.3618
0.3587
0.3540
0.3492
0.3444
0.3396
0.2986
0.2942
0.2963
0.2975
0.2956
0.2923
0.2886
0.2854
0.2821
0.6549
0.6809
0.6976
0.7243
0.7291
0.7578
0.7639
0.7649
0.7652
0.7435
0.7429
0.7314
0.7196
0.7077
0.6858
0.6405
0.2744
0.2605
0.2537
0.2492
0.2454
0.2423
0.2396
0.2372
0.2352
0.2333
0.0000
0.0000
0.0000
0.0000
0.0000
0.2000
0.2000
0.2000
0.2000
0.2000
0.2000
0.2000
0.2000
0.2000
0.2000
0.2000
0.2000
0.0000
0.2000
0.2000
0.2000
0.2000
0.2000
0.2000
0.2000
0.2000
0.2000
0.2000
0.2000
0.2000
0.0000
0.2000
0.2000
0.2000
0.2000
0.2000
0.2000
0.2000
0.2000
0.2000
0.2000
0.2000
0.2000
0.0000
0.2000
0.2000
0.2000
0.2000
0.2000
0.2000
0.2000
0.2000
0.2000
0.2000
0.2000
0.2000
0.0000
0.2000
0.2000
0.2000
0.2000
0.2000
0.2000
0.2000
0.2000
0.2000
0.2000
0.2000
0.2000
0.0000
0.2000
0.2000
0.2000
0.2000
0.2000
0.2000
0.2000
0.2000
0.2000
0.2000
0.2000
0.2000
0.0000
0.2000
0.2000
0.2000
0.2000
0.2000
0.2000
0.2000
0.2000
0.2000
0.2000
0.2000
0.2000
0.0000
0.2000
0.2000
0.2000
0.2000
0.2000
0.2000
0.2000
0.2000
0.2000
0.2000
0.2000
0.2000
0.4906
0.3129
0.3061
0.3048
0.3043
0.3041
0.3040
0.3040
0.3041
0.3043
0.3049
0.3133
0.3163
0.3423
0.3428
0.3433
0.3439
0.3444
0.3450
0.3457
0.3464
0.3472
0.3479
0.3563
0.3608
0.3993
0.4002
0.4011
0.4018
0.4025
0.4031
0.4038
0.4133
0.4167
0.4175
0.4178
0.4177
0.4057
0.4057
0.4058
0.4103
0.4161
0.4169
0.4178
0.4177
0.4173
0.4168
0.4162
0.4150
0.4413
0.4474
0.4474
0.4457
0.4436
0.4419
0.4404
0.4368
0.4438
0.4465
0.4459
0.4414
0.4206
0.4189
0.4174
0.4162
0.4237
0.4261
0.4261
0.4260
0.4262
0.4268
0.4276
0.4290
0.4269
0.4364
0.4401
0.4426
0.4448
0.4480
0.4516
0.4555
0.4596
0.4652
0.4788
0.4853
0.4656
0.4703
0.4750
0.4798
0.4846
0.4870
0.4882
0.4890
0.4917
0.4988
0.4994
0.4996
0.4863
0.4846
0.4827
0.4803
0.4774
0.4779
0.4795
0.4813
0.4833
0.4899
0.4974
0.5005
0.5088
0.5108
0.5129
0.5149
0.5169
0.5156
0.5128
0.5096
0.5059
0.5020
0.5060
0.2000
0.2000
0.2000
0.2000
0.2000
0.2000
0.2000
0.2000
0.2000
0.2000
0.2000
0.2000
0.0000
0.2000
0.2000
0.2000
0.2000
0.2000
0.2000
0.2000
0.2000
0.2000
0.2000
0.2000
0.2000
0.0000
0.2000
0.2000
0.2000
0.2000
0.2000
0.2000
0.2000
0.2000
0.2000
0.2000
0.2000
0.2000
0.0000
0.2000
0.2000
0.2000
0.2000
0.2000
0.2000
0.2000
0.2000
0.2000
0.2000
0.2000
0.2000
0.0000
0.2000
0.2000
0.2000
0.2000
0.2000
0.2000
0.2000
0.2000
0.2000
0.2000
0.2000
0.2000
0.0000
0.2000
0.2000
0.2000
0.2000
0.2000
0.2000
0.2000
0.2000
0.2000
0.2000
0.2000
0.2000
0.0000
0.2000
0.2000
0.2000
0.2000
0.2000
0.2000
0.2000
0.2000
0.2000
0.2000
0.2000
0.2000
0.0000
0.2000
0.2000
0.2000
0.2000
0.2000
0.2000
0.2000
0.2000
0.2000
0.2000
0.2000
0.2000
0.0000
0.2000
0.2000
0.2000
0.2000
0.2000
0.2000
0.2000
0.2000
0.2000
0.2000
0.2000
0.2000
0.0000
0.2000
0.2000
0.2000
0.2000
0.2000
0.2000
0.2000
0.2000
0.2000
0.2000
0.2000
0.2000
0.0000
0.2000
0.2000
0.2000
0.2000
0.2000
0.2000
0.2000
0.2000
0.2000
0.2000
0.2000
0.2000
0.0000
0.2000
0.2000
0.2000
0.2000
0.2000
0.2000
0.2000
0.2000
0.2000
0.2000
0.2000
0.2000
0.0000
0.2000
0.2000
0.2000
0.2000
0.2000
0.2000
0.2000
0.2000
0.2000
0.2000
0.2000
0.2000
0.0000
0.2000
0.2000
0.2000
0.2000
0.2000
0.2000
0.2000
0.2000
0.2000
0.2000
0.2000
0.2000
0.0000
0.2000
0.2000
0.2000
0.2000
0.2000
0.2000
0.2000
0.2000
0.2000
0.2000
0.2000
0.2000
0.0000
0.2000
0.2000
0.2000
0.2000
0.2000
0.2000
0.2000
0.2000
0.2000
0.2000
0.2000
0.2000
0.0000
0.2000
0.2000
0.2000
0.2000
0.2000
0.2000
0.2000
0.2000
0.2000
0.2000
0.2000
0.2000
0.0000
0.2000
0.2000
0.2000
0.2000
0.2000
0.2000
0.2000
0.2000
0.2000
0.2000
0.2000
0.2000
0.0000
0.2000
0.2000
0.2000
0.2000
0.2000
0.2000
0.2000
0.2000
0.2000
0.2000
0.2000
0.2000
0.0000
0.2000
0.2000
0.2000
0.2000
0.2000
0.2000
0.2000
0.2000
0.2000
0.2000
0.2000
0.2000
0.0000
0.2000
0.2000
0.2000
0.2000
0.2000
0.2000
0.2000
0.2000
0.2000
0.2000
0.2000
0.2000
0.0000
0.2000
0.2000
0.2000
0.2000
0.2000
0.2000
0.2000
0.2000
0.2000
0.2000
0.2000
0.2000
0.0000
0.2000
0.2000
0.2000
0.2000
0.2000
0.2000
0.2000
0.2000
0.2000
0.2000
0.2000
0.2000
0.0000
0.2000
0.2000
0.2000
0.2000
0.2000
0.2000
0.2000
0.2000
0.2000
0.2000
0.2000
0.2000
0.0000
0.2000
0.2000
0.2000
0.2000
0.2000
0.2000
0.2000
0.2000
0.2000
0.2000
0.2000
0.2000
0.0000
0.2000
0.2000
0.2000
0.2000
0.2000
0.2000
0.2000
0.2000
0.2000
0.2000
0.2000
0.2000
0.0000
0.2000
0.2000
0.2000
0.2000
0.2000
0.2000
0.2000
0.2000
0.2000
0.2000
0.2000
0.2000
0.0000
0.2000
0.2000
0.2000
0.2000
0.2000
0.2000
0.2000
0.2000
0.2000
0.2000
0.2000
0.2000
0.0000
0.2000
0.2000
0.2000
0.2000
0.2000
0.2000
0.2000
0.2000
0.2000
0.2000
0.2000
0.2000
0.0000
0.2000
0.2000
0.2000
0.2000
0.2000
0.2000
0.2000
0.2000
0.2000
0.2000
0.2000
0.2000
0.0000
0.2000
0.2000
0.2000
0.2000
0.2000
0.2000
0.2000
0.2000
0.2000
0.2000
0.2000
0.2000
0.0000
0.2000
0.2000
0.2000
0.2000
0.2000
0.2000
0.2000
0.2000
0.2000
0.2000
0.2000
0.2000
0.0000
0.2000
0.2000
0.2000
0.2000
0.2000
0.2000
0.2000
0.2000
0.2000
0.2000
0.2000
0.2000
0.0000
0.2000
0.2000
0.2000
0.2000
0.2000
0.2000
0.2000
0.2000
0.2000
0.2000
0.2000
0.2000
0.0000
0.2000
0.2000
0.2000
0.2000
0.2000
0.2000
0.2000
0.2000
0.2000
0.2000
0.2000
0.2000
0.2000
0.2000
0.2991
0.3108
0.3096
0.3099
0.3098
0.3097
0.3098
0.3101
0.6877
0.7137
0.7133
0.7195
0.3559
0.4435
0.4379
0.4341
0.4427
0.4448
0.4434
0.4415
0.4393
0.4497
0.8274
0.8397
0.8454
0.8675
0.5084
0.8770
0.5106
0.4999
0.4969
0.5035
0.5027
0.4988
0.4947
0.4994
0.5043
0.5091
0.5054
0.8774
0.8996
0.9080
0.9112
0.5382
0.5323
0.5361
0.5346
0.5313
0.5271
0.5852
0.5870
0.5832
0.5788
0.5888
0.9663
0.9742
0.9779
0.9915
1.0000
1.0000
1.0000
1.0000
1.0000
1.0000
1.0000
1.0000
1.0000
1.0000
1.0000
1.0000
1.0000
1.0000
1.0000
1.0000
1.0000
1.0000
1.0000
1.0000
1.0000
1.0000
1.0000
1.0000
1.0000
1.0000
1.0000
0.8584
0.6872
0.6673
0.6712
0.6743
0.6682
0.6594
0.6500
0.6486
0.6467
0.6372
0.6259
0.9902
0.9986
0.6234
0.9842
0.6026
0.5803
0.5696
0.5725
0.5685
0.5617
0.5547
0.5481
0.6196
0.6192
0.6131
0.6051
0.6068
0.6087
0.6036
0.5960
0.5967
0.5993
0.5986
0.5923
0.4804
0.4836
0.4799
0.4742
0.4703
0.4636
0.4556
0.4572
0.4533
0.4436
0.4340
0.4250
0.3862
0.3779
0.3788
0.3751
0.3675
0.3614
0.3563
0.3515
0.3466
0.3417
0.3438
0.3443
0.3017
0.2971
0.2934
0.2900
0.2867
0.2838
0.2809
0.2781
0.2755
0.2813
0.6572
0.6845
0.7028
0.7280
0.7415
0.7543
0.7555
0.7562
0.7565
0.7382
0.7447
0.7453
0.7120
0.7106
0.6437
0.6434
0.6320
0.6314
0.2652
0.2515
0.2446
0.2401
0.2363
0.2331
0.2304
0.2000
0.2000
0.2000
0.2000
0.2000
0.2000
0.2000
0.2000
0.2000
0.2000
0.2000
0.2000
0.0000
0.2000
0.2000
0.2000
0.2000
0.2000
0.2000
0.2000
0.2000
0.2000
0.2000
0.2000
1.0000
0.0000
1.0000
1.0000
1.0000
1.0000
1.0000
1.0000
1.0000
1.0000
1.0000
1.0000
1.0000
1.0000
0.0000
1.0000
1.0000
1.0000
1.0000
1.0000
1.0000
1.0000
1.0000
1.0000
1.0000
1.0000
1.0000
0.0000
1.0000
1.0000
1.0000
1.0000
1.0000
1.0000
1.0000
1.0000
1.0000
1.0000
1.0000
1.0000
0.0000
1.0000
1.0000
1.0000
1.0000
1.0000
1.0000
1.0000
1.0000
1.0000
1.0000
1.0000
1.0000
0.0000
1.0000
1.0000
1.0000
1.0000
1.0000
1.0000
1.0000
1.0000
1.0000
1.0000
1.0000
1.0000
0.0000
1.0000
1.0000
1.0000
1.0000
1.0000
1.0000
1.0000
1.0000
1.0000
1.0000
1.0000
1.0000
1.0000
1.0000
1.0000
1.0000
1.0000
0.2000
0.2000
0.2000
0.2000
0.2000
0.2000
0.2000
0.2000
0.2000
0.2000
0.2000
0.2000
0.2000
0.2000
0.2000
0.2000
0.2000
0.2000
0.2000
0.2000
0.2000
0.2000
0.2000
0.2000
0.2000
0.2000
0.2000
0.2000
0.2000
0.2000
0.2000
0.2000
0.2000
0.2000
0.2000
0.2000
0.2000
0.2000
0.2000
0.2000
0.2000
0.2000
0.2000
0.2000
0.2000
0.2000
0.2000
0.2000
0.2000
0.2000
0.2000
0.2000
0.2000
0.2000
0.2000
0.2000
0.2000
0.2000
0.2000
0.2449
0.3236
0.3769
0.4332
0.4622
0.4725
0.4783
0.4822
0.4814
0.4606
0.4542
0.4298
0.3939
0.3763
0.3223
0.2908
0.2860
0.2805
0.2793
0.2789
0.2921
0.2918
0.2905
0.2937
0.2945
0.2915
0.2296
0.2325
0.2314
0.2297
0.2279
0.2328
0.2356
0.2000
0.2000
0.2000
0.2000
0.2000
0.2000
0.2000
0.2000
0.2000
0.2000
0.2000
0.2000
0.2000
0.2000
0.2000
0.2000
0.2000
0.2000
0.2000
0.2000
0.2000
0.2000
0.2000
0.2000
0.2000
0.2000
0.2000
0.2000
0.2000
0.2000
0.2000
0.2000
0.2000
0.2000
0.2000
0.2000
0.2000
0.2000
0.2000
0.2000
0.2000
0.2000
0.2000
0.2000
0.2000
0.2000
0.2000
0.2000
0.2000
0.2000
0.2000
0.2000
0.2000
0.2000
0.2000
0.2000
0.2000
0.2000
0.2000
0.2000
0.2000
0.2000
0.2000
0.2000
0.2000
0.2000
0.2000
0.2000
0.2000
0.2000
0.2000
0.2000
0.2000
0.2000
0.2000
0.2000
0.2000
0.2000
0.2000
0.2000
0.2000
0.2000
0.2000
0.2000
0.2000
0.2000
0.2000
0.2000
1.0000
1.0000
1.0000
1.0000
1.0000
1.0000
1.0000
1.0000
1.0000
1.0000
1.0000
1.0000
0.0000
1.0000
1.0000
1.0000
1.0000
1.0000
1.0000
1.0000
1.0000
1.0000
1.0000
1.0000
1.0000
0.0000
1.0000
1.0000
1.0000
1.0000
1.0000
1.0000
1.0000
1.0000
1.0000
1.0000
1.0000
1.0000
0.0000
1.0000
1.0000
1.0000
1.0000
1.0000
1.0000
1.0000
1.0000
1.0000
1.0000
1.0000
1.0000
0.0000
1.0000
1.0000
1.0000
1.0000
1.0000
1.0000
1.0000
1.0000
1.0000
1.0000
1.0000
1.0000
0.0000
1.0000
1.0000
1.0000
1.0000
1.0000
1.0000
1.0000
1.0000
1.0000
1.0000
1.0000
1.0000
0.0000
1.0000
1.0000
1.0000
1.0000
1.0000
1.0000
1.0000
1.0000
1.0000
1.0000
1.0000
1.0000
0.0000
1.0000
1.0000
1.0000
1.0000
1.0000
1.0000
1.0000
1.0000
1.0000
1.0000
1.0000
1.0000
1.0000
1.0000
1.0000
1.0000
1.0000
0.2000
0.2000
0.2000
0.2000
0.2000
0.2000
0.2000
0.2000
0.2000
0.2000
0.2000
0.2000
0.2000
0.2000
0.2000
0.2000
0.2000
0.2000
0.2000
0.2000
0.2000
0.2000
0.2000
0.2000
0.2000
0.2000
0.2000
0.2000
0.2000
0.2000
0.2000
0.2000
0.2000
0.2000
0.2000
0.2000
0.2000
0.2000
0.2000
0.2000
0.2000
0.2000
0.2000
0.2000
0.2000
0.2000
0.2000
0.2000
0.2000
0.2095
0.2270
0.2249
0.2351
0.2387
0.2438
0.2305
0.2416
0.2443
0.2594
0.2914
0.3247
0.3981
0.4503
0.4717
0.5096
0.5086
0.5051
0.5076
0.5040
0.4901
0.4736
0.4423
0.4069
0.3784
0.3359
0.3166
0.3101
0.3155
0.3155
0.3136
0.3213
0.3230
0.3119
0.2000
0.2000
0.2000
0.2000
0.2000
0.2000
0.2000
0.2000
0.2000
0.2000
0.2000
0.2000
0.2000
0.2000
0.2000
0.2000
0.2000
0.2000
0.2000
0.2000
0.2000
0.2000
0.2000
0.2000
0.2000
0.2000
0.2000
0.2000
0.2000
0.2000
0.2000
0.2000
0.2000
0.2000
0.2000
0.2000
0.2000
0.2000
0.2000
0.2000
0.2000
0.2000
0.2000
0.2000
0.2000
0.2000
0.2000
0.2000
0.2000
0.2000
0.2000
0.2000
0.2000
0.2000
0.2000
0.2000
0.2000
0.2000
0.2000
0.2000
0.2000
0.2000
0.2000
0.2000
0.2000
0.2000
0.2000
0.2000
0.2000
0.2000
0.2000
0.2000
0.2000
0.2000
0.2000
0.2000
0.2000
0.2000
0.2000
0.2000
0.2000
0.2000
0.2000
0.2000
0.2000
0.2000
0.2000
0.2000
0.2000
0.2000
0.2000
0.2000
0.2000
0.2000
0.2000
0.2000
0.2000
1.0000
1.0000
1.0000
1.0000
1.0000
1.0000
1.0000
1.0000
1.0000
1.0000
1.0000
1.0000
0.0000
1.0000
1.0000
1.0000
1.0000
1.0000
1.0000
1.0000
1.0000
1.0000
1.0000
1.0000
0.2000
0.0000
0.0000
0.0000
0.0000
0.2000
0.2000
0.2000
0.2000
0.2000
0.2000
0.2000
0.2000
0.2000
0.2000
0.2000
0.2000
0.0000
0.2000
0.2000
0.2000
0.2000
0.2000
0.2000
0.2000
0.2000
0.2000
0.2000
0.2000
0.2000
0.0000
0.2000
0.2000
0.2000
0.2000
0.2000
0.2000
0.2000
0.2000
0.2000
0.2000
0.2000
0.2000
0.0000
0.2000
0.2000
0.2000
0.2000
0.2000
0.2000
0.2000
0.2000
0.2000
0.2000
0.2000
0.2000
0.0000
0.2000
0.2000
0.2000
0.2000
0.2000
0.2000
0.2000
0.2000
0.2000
0.2000
0.2000
0.2000
0.0000
0.2000
0.2000
0.2000
0.2000
0.2000
0.2000
0.2000
0.2000
0.2000
0.2000
0.2000
0.2000
0.2000
0.2000
0.3785
0.3379
0.3407
0.3493
0.3521
0.3533
0.3548
0.7265
0.7555
0.7772
0.7747
0.7730
0.4164
0.5064
0.5023
0.4987
0.4961
0.5009
0.5087
0.5097
0.5084
0.5067
0.8888
0.5333
0.9059
0.9298
0.9384
0.5715
0.5681
0.5641
0.5591
0.5545
0.5627
0.5653
0.5631
0.5597
0.5594
0.5752
0.5765
0.5740
0.5709
0.5771
0.5835
0.5837
0.9610
0.9736
1.0000
1.0000
1.0000
1.0000
1.0000
1.0000
1.0000
1.0000
1.0000
1.0000
1.0000
1.0000
1.0000
1.0000
1.0000
1.0000
1.0000
1.0000
1.0000
1.0000
1.0000
1.0000
1.0000
1.0000
1.0000
1.0000
1.0000
1.0000
1.0000
1.0000
1.0000
1.0000
1.0000
1.0000
1.0000
1.0000
1.0000
1.0000
1.0000
1.0000
1.0000
1.0000
1.0000
1.0000
1.0000
1.0000
0.7752
0.6789
0.6632
0.6661
0.6659
1.0000
1.0000
0.7103
1.0000
0.7231
0.6879
0.6825
0.6797
0.6818
0.6919
0.6949
0.6954
0.7625
0.7648
0.7762
0.7793
0.7786
0.7751
0.7798
0.7750
0.7653
0.7566
0.7598
0.7519
0.6275
0.6170
0.6076
0.6055
0.5958
0.5802
0.5722
0.5553
0.5409
0.5322
0.5250
0.5119
0.4665
0.4517
0.4368
0.4216
0.4065
0.4064
0.3997
0.3949
0.3878
0.3808
0.3740
0.3677
0.3242
0.3228
0.3242
0.3223
0.3171
0.3127
0.3087
0.3047
0.3008
0.6559
0.6912
0.7183
0.7414
0.7776
0.7814
0.7824
0.7825
0.7821
0.7814
0.7805
0.7684
0.7452
0.7225
0.7178
0.2870
0.2715
0.2634
0.2576
0.2531
0.2494
0.2463
0.2435
0.2409
0.2385
0.2364
0.0000
0.0000
0.0000
0.0000
0.0000
0.2000
0.2000
0.2000
0.2000
0.2000
0.2000
0.2000
0.2000
0.2000
0.2000
0.2000
0.2000
0.0000
0.2000
0.2000
0.2000
0.2000
0.2000
0.2000
0.2000
0.2000
0.2000
0.2000
0.2000
0.2000
0.0000
0.2000
0.2000
0.2000
0.2000
0.2000
0.2000
0.2000
0.2000
0.2000
0.2000
0.2000
0.2000
0.0000
0.2000
0.2000
0.2000
0.2000
0.2000
0.2000
0.2000
0.2000
0.2000
0.2000
0.2000
0.2000
0.0000
0.2000
0.2000
0.2000
0.2000
0.2000
0.2000
0.2000
0.2000
0.2000
0.2000
0.2000
0.2000
0.0000
0.2000
0.2000
0.2000
0.2000
0.2000
0.2000
0.2000
0.2000
0.2000
0.2000
0.2000
0.2000
0.0000
0.2000
0.2000
0.2000
0.2000
0.2000
0.2000
0.2000
0.2000
0.2000
0.2000
0.2000
0.2000
0.0000
0.2000
0.2000
0.2000
0.2000
0.2000
0.2000
0.2000
0.2000
0.2000
0.2000
0.2000
0.2000
0.4323
0.3503
0.3470
0.3460
0.3462
0.3462
0.3521
0.3588
0.7414
0.7691
0.7783
0.7630
0.7713
0.4992
0.4909
0.4966
0.4961
0.4934
0.4902
0.8655
0.8872
0.8951
0.8976
0.9099
0.9196
0.9325
0.5616
0.5471
0.5383
0.5384
0.5431
0.5416
0.5379
0.5342
0.5424
0.5462
0.5479
0.5478
0.5473
0.9350
0.9498
0.9550
0.9576
0.5913
0.5866
0.5815
0.5762
0.5725
0.5808
1.0000
1.0000
1.0000
1.0000
1.0000
1.0000
1.0000
1.0000
1.0000
1.0000
1.0000
1.0000
1.0000
1.0000
1.0000
1.0000
1.0000
1.0000
1.0000
1.0000
1.0000
1.0000
1.0000
1.0000
1.0000
1.0000
1.0000
1.0000
1.0000
1.0000
1.0000
1.0000
1.0000
1.0000
1.0000
1.0000
1.0000
1.0000
1.0000
1.0000
1.0000
1.0000
1.0000
1.0000
0.9031
0.7702
0.7494
0.7387
0.7329
1.0000
1.0000
1.0000
0.8611
0.7522
0.7461
0.7402
0.7332
0.7265
0.7207
0.7270
0.7942
0.7870
0.7792
0.7797
0.7820
0.7744
0.7630
0.7581
0.7566
0.7472
0.7342
0.7261
0.6113
0.6025
0.5904
0.5780
0.5652
0.5554
0.5527
0.5426
0.5302
0.5170
0.5038
1.0000
1.0000
1.0000
1.0000
1.0000
1.0000
1.0000
1.0000
1.0000
1.0000
1.0000
1.0000
1.0000
1.0000
1.0000
1.0000
1.0000
1.0000
1.0000
1.0000
1.0000
1.0000
1.0000
1.0000
1.0000
1.0000
1.0000
1.0000
1.0000
1.0000
1.0000
1.0000
1.0000
1.0000
1.0000
1.0000
1.0000
1.0000
1.0000
1.0000
1.0000
1.0000
1.0000
1.0000
1.0000
1.0000
1.0000
1.0000
1.0000
1.0000
1.0000
1.0000
1.0000
1.0000
1.0000
1.0000
1.0000
1.0000
1.0000
1.0000
0.0000
1.0000
1.0000
1.0000
1.0000
1.0000
1.0000
1.0000
1.0000
1.0000
1.0000
1.0000
1.0000
0.0000
1.0000
1.0000
1.0000
1.0000
1.0000
1.0000
1.0000
1.0000
1.0000
1.0000
1.0000
1.0000
0.0000
1.0000
1.0000
1.0000
1.0000
1.0000
1.0000
1.0000
1.0000
1.0000
1.0000
1.0000
1.0000
0.0000
1.0000
1.0000
1.0000
1.0000
1.0000
1.0000
1.0000
1.0000
1.0000
1.0000
1.0000
1.0000
0.0000
1.0000
1.0000
1.0000
1.0000
1.0000
1.0000
1.0000
1.0000
1.0000
1.0000
1.0000
1.0000
0.0000
1.0000
1.0000
1.0000
1.0000
1.0000
1.0000
1.0000
1.0000
1.0000
1.0000
1.0000
1.0000
0.0000
1.0000
1.0000
1.0000
1.0000
1.0000
1.0000
1.0000
1.0000
1.0000
1.0000
1.0000
1.0000
1.0000
1.0000
1.0000
1.0000
1.0000
1.0000
1.0000
1.0000
1.0000
1.0000
1.0000
1.0000
1.0000
1.0000
1.0000
1.0000
1.0000
1.0000
1.0000
1.0000
1.0000
1.0000
1.0000
1.0000
1.0000
1.0000
1.0000
1.0000
1.0000
1.0000
1.0000
1.0000
1.0000
1.0000
1.0000
1.0000
1.0000
1.0000
1.0000
1.0000
1.0000
1.0000
1.0000
1.0000
1.0000
1.0000
1.0000
1.0000
1.0000
1.0000
1.0000
1.0000
1.0000
1.0000
1.0000
1.0000
1.0000
1.0000
1.0000
1.0000
1.0000
1.0000
1.0000
1.0000
1.0000
1.0000
1.0000
1.0000
1.0000
1.0000
1.0000
1.0000
1.0000
1.0000
1.0000
1.0000
1.0000
1.0000
1.0000
1.0000
1.0000
1.0000
1.0000
1.0000
1.0000
1.0000
1.0000
1.0000
1.0000
1.0000
1.0000
1.0000
1.0000
1.0000
1.0000
1.0000
1.0000
1.0000
1.0000
1.0000
1.0000
1.0000
1.0000
1.0000
1.0000
1.0000
1.0000
1.0000
1.0000
1.0000
1.0000
1.0000
1.0000
1.0000
1.0000
1.0000
1.0000
1.0000
1.0000
1.0000
1.0000
1.0000
1.0000
1.0000
1.0000
1.0000
1.0000
1.0000
1.0000
1.0000
1.0000
1.0000
1.0000
1.0000
1.0000
1.0000
1.0000
1.0000
1.0000
1.0000
1.0000
1.0000
1.0000
1.0000
1.0000
1.0000
1.0000
1.0000
1.0000
0.0000
1.0000
1.0000
1.0000
1.0000
1.0000
1.0000
1.0000
1.0000
1.0000
1.0000
1.0000
1.0000
0.0000
1.0000
1.0000
1.0000
1.0000
1.0000
1.0000
1.0000
1.0000
1.0000
1.0000
1.0000
1.0000
0.0000
1.0000
1.0000
1.0000
1.0000
1.0000
1.0000
1.0000
1.0000
1.0000
1.0000
1.0000
1.0000
0.0000
1.0000
1.0000
1.0000
1.0000
1.0000
1.0000
1.0000
1.0000
1.0000
1.0000
1.0000
1.0000
0.0000
1.0000
1.0000
1.0000
1.0000
1.0000
1.0000
1.0000
1.0000
1.0000
1.0000
1.0000
1.0000
0.0000
1.0000
1.0000
1.0000
1.0000
1.0000
1.0000
1.0000
1.0000
1.0000
1.0000
1.0000
1.0000
0.0000
1.0000
1.0000
1.0000
1.0000
1.0000
1.0000
1.0000
1.0000
1.0000
1.0000
1.0000
1.0000
0.0000
1.0000
1.0000
1.0000
1.0000
1.0000
1.0000
1.0000
1.0000
1.0000
1.0000
1.0000
1.0000
0.0000
1.0000
1.0000
1.0000
1.0000
1.0000
1.0000
1.0000
1.0000
1.0000
1.0000
1.0000
1.0000
0.0000
1.0000
1.0000
1.0000
1.0000
1.0000
1.0000
1.0000
1.0000
1.0000
1.0000
1.0000
1.0000
0.0000
1.0000
1.0000
1.0000
1.0000
1.0000
1.0000
1.0000
1.0000
1.0000
1.0000
1.0000
1.0000
0.0000
1.0000
1.0000
1.0000
1.0000
1.0000
1.0000
1.0000
1.0000
1.0000
1.0000
1.0000
1.0000
0.0000
1.0000
1.0000
1.0000
1.0000
1.0000
1.0000
1.0000
1.0000
1.0000
1.0000
1.0000
1.0000
0.0000
1.0000
1.0000
1.0000
1.0000
1.0000
1.0000
1.0000
1.0000
1.0000
1.0000
1.0000
1.0000
0.0000
1.0000
1.0000
1.0000
1.0000
1.0000
1.0000
1.0000
1.0000
1.0000
1.0000
1.0000
1.0000
0.0000
1.0000
1.0000
1.0000
1.0000
1.0000
1.0000
1.0000
1.0000
1.0000
1.0000
1.0000
1.0000
0.0000
1.0000
1.0000
1.0000
1.0000
1.0000
1.0000
1.0000
1.0000
1.0000
1.0000
1.0000
1.0000
0.0000
1.0000
1.0000
1.0000
1.0000
1.0000
1.0000
1.0000
1.0000
1.0000
1.0000
1.0000
1.0000
0.0000
1.0000
1.0000
1.0000
1.0000
1.0000
1.0000
1.0000
1.0000
1.0000
1.0000
1.0000
1.0000
0.0000
1.0000
1.0000
1.0000
1.0000
1.0000
1.0000
1.0000
1.0000
1.0000
1.0000
1.0000
1.0000
0.0000
1.0000
1.0000
1.0000
1.0000
1.0000
1.0000
1.0000
1.0000
1.0000
1.0000
1.0000
1.0000
0.0000
1.0000
1.0000
1.0000
1.0000
1.0000
1.0000
1.0000
1.0000
1.0000
1.0000
1.0000
1.0000
0.0000
1.0000
1.0000
1.0000
1.0000
1.0000
1.0000
1.0000
1.0000
1.0000
1.0000
1.0000
1.0000
0.0000
1.0000
1.0000
1.0000
1.0000
1.0000
1.0000
1.0000
1.0000
1.0000
1.0000
1.0000
1.0000
0.0000
1.0000
1.0000
1.0000
1.0000
1.0000
1.0000
1.0000
1.0000
1.0000
1.0000
1.0000
1.0000
0.0000
1.0000
1.0000
1.0000
1.0000
1.0000
1.0000
1.0000
1.0000
1.0000
1.0000
1.0000
1.0000
0.0000
1.0000
1.0000
1.0000
1.0000
1.0000
1.0000
1.0000
1.0000
1.0000
1.0000
1.0000
1.0000
0.0000
1.0000
1.0000
1.0000
1.0000
1.0000
1.0000
1.0000
1.0000
1.0000
1.0000
1.0000
1.0000
0.0000
1.0000
1.0000
1.0000
1.0000
1.0000
1.0000
1.0000
1.0000
1.0000
1.0000
1.0000
1.0000
0.0000
1.0000
1.0000
1.0000
1.0000
1.0000
1.0000
1.0000
1.0000
1.0000
1.0000
1.0000
1.0000
0.0000
1.0000
1.0000
1.0000
1.0000
1.0000
1.0000
1.0000
1.0000
1.0000
1.0000
1.0000
1.0000
0.0000
1.0000
1.0000
1.0000
1.0000
0.2000
0.2000
0.2000
0.2000
0.2000
0.2000
0.2000
0.2000
0.0000
0.2000
0.2000
0.2000
0.2000
0.2000
0.2000
0.2000
0.2000
0.2000
0.2000
0.2000
0.2000
0.2000
0.2000
0.2000
0.3585
0.3172
0.3154
0.3149
0.3143
0.3225
0.3259
0.6922
0.7189
0.7371
0.7318
0.7258
0.3632
0.4493
0.4574
0.4590
0.4572
0.4555
0.4543
0.4651
0.4684
0.4676
0.8412
0.4777
0.8577
0.8863
0.8954
0.5230
0.5129
0.5193
0.5187
0.5150
0.8871
0.9029
0.9169
0.5468
0.5346
0.5337
0.5406
0.5435
0.5413
0.5378
0.5385
0.5487
0.5497
0.9250
0.9358
0.9512
0.9620
0.6380
0.6231
0.6198
1.0000
1.0000
1.0000
1.0000
1.0000
1.0000
1.0000
1.0000
1.0000
1.0000
1.0000
1.0000
1.0000
1.0000
1.0000
1.0000
1.0000
1.0000
1.0000
1.0000
1.0000
1.0000
1.0000
1.0000
1.0000
1.0000
1.0000
1.0000
1.0000
1.0000
1.0000
0.8424
0.8158
0.6831
0.6789
0.6794
0.6748
0.6655
0.6647
0.6706
0.6745
0.6752
0.6735
0.6718
0.6729
0.6767
0.6789
0.6781
1.0000
0.7201
0.6962
0.6961
0.6936
0.6908
0.6881
0.6930
0.6989
0.7667
0.7619
0.7580
0.7675
0.7688
0.7584
0.7448
0.7437
0.7350
0.7201
0.7032
0.6980
0.5744
0.5578
0.5404
0.5233
0.5030
0.5001
0.4931
0.4809
0.4756
0.4635
0.4512
0.4486
0.4163
0.4093
0.4006
0.3916
0.3830
0.3745
0.3708
0.3665
0.3710
0.3685
0.3640
0.3593
0.3180
0.3139
0.3116
0.3072
0.3038
0.3042
0.3080
0.3064
0.3039
0.6683
0.6836
0.7109
0.7486
0.7513
0.7750
0.7729
0.7804
0.7882
0.7898
0.7898
0.7785
0.7560
0.7457
0.7330
0.6550
0.6545
0.6538
0.2879
0.2736
0.2695
0.2697
0.2663
0.2631
0.2603
0.2580
0.0000
0.0000
0.0000
0.0000
0.2000
0.2000
0.2000
0.2000
0.2000
0.2000
0.2000
0.2000
0.2000
0.2000
0.2000
0.2000
0.0000
0.2000
0.2000
0.2000
0.2000
0.2000
0.2000
