0.0369
0.0369
0.0369
0.0369
0.0369
0.0000
0.0369
0.0369
0.0369
0.0369
0.0369
0.0369
0.0369
0.0369
0.0369
0.0369
0.0369
0.0369
0.0000
0.0369
0.0369
0.0369
0.0369
0.0369
0.0369
0.0369
0.0369
0.0369
0.0369
0.0369
0.0369
0.0000
0.0369
0.0369
0.0369
0.0369
0.0369
0.0369
0.0369
0.0369
0.0369
0.0369
0.0369
0.0369
0.0000
0.0369
0.0369
0.0369
0.0369
0.0369
0.0369
0.0369
0.0369
0.0369
0.0369
0.0369
0.0369
0.0000
0.0369
0.0369
0.0369
0.0890
0.0532
0.0516
0.0510
0.0505
0.0501
0.0497
0.0493
0.0490
0.0000
0.0838
0.0495
0.1230
0.0817
0.0785
0.0774
0.0766
0.0761
0.0757
0.0753
0.0751
0.0750
0.0749
0.0748
0.1845
0.1844
0.1650
0.1604
0.1592
0.1567
0.1552
0.1532
0.1567
0.1516
0.1512
0.1508
0.1508
0.1509
0.1511
0.1514
0.1518
0.1522
0.1527
0.1533
0.1538
0.1632
0.1638
0.1645
0.1655
0.1571
0.1576
0.1580
0.1588
0.1590
0.1595
0.1687
0.1607
0.1610
0.1614
0.1704
0.1666
0.1628
0.1676
0.1639
0.1640
0.1687
0.1735
0.1683
0.1654
0.1655
0.1656
0.1657
0.1656
0.1654
0.1652
0.1655
0.1650
0.1647
0.1692
0.1646
0.1642
0.1646
0.1646
0.1647
0.1650
0.1653
0.1656
0.1686
0.1666
0.1667
0.1669
0.1673
0.1673
0.1680
0.1670
0.1671
0.1672
0.1675
0.1673
0.1676
0.1678
0.1681
0.1684
0.1688
0.1693
0.1697
0.1702
0.1796
0.1845
0.1845
0.1784
0.1732
0.1733
0.1733
0.1733
0.1732
0.1730
0.1728
0.1731
0.1732
0.1810
0.1765
0.1717
0.1720
0.1720
0.1720
0.1845
0.1834
0.1779
0.1780
0.1845
0.1763
0.1792
0.1835
0.1756
0.1841
0.1759
0.1759
0.1763
0.1764
0.1766
0.1768
0.1771
0.1773
0.1773
0.1772
0.1772
0.1769
0.1770
0.1774
0.1845
0.1781
0.1762
0.1751
0.1750
0.1784
0.1781
0.1773
0.1761
0.1722
0.1716
0.1700
0.1701
0.1711
0.1676
0.1667
0.1658
0.1648
0.1638
0.1628
0.1617
0.1609
0.1596
0.1596
0.1572
0.1559
0.1556
0.1549
0.1537
0.1536
0.1530
0.1523
0.1521
0.1561
0.1510
0.1508
0.1503
0.1499
0.1502
0.1490
0.1485
0.1479
0.1476
0.1469
0.1467
0.1464
0.1461
0.1455
0.1458
0.1456
0.1455
0.1453
0.1451
0.1449
0.0000
0.0000
0.0000
0.0369
0.0369
0.0369
0.0369
0.0369
0.0369
0.0369
0.0369
0.0369
0.0369
0.0369
0.0369
0.0000
0.0369
0.0369
0.0369
0.0369
0.0369
0.0369
0.0369
0.0369
0.0369
0.0369
0.0369
0.0369
0.0000
0.0369
0.0369
0.0369
0.0369
0.0369
0.0369
0.0369
0.0369
0.0369
0.0369
0.0369
0.0369
0.0000
0.0369
0.0369
0.0369
0.0369
0.0369
0.0369
0.0369
0.0369
0.0369
0.0369
0.0369
0.0369
0.0000
0.0369
0.0369
0.0369
0.0369
0.0369
0.0369
0.0369
0.0369
0.0369
0.0369
0.0369
0.0369
0.0000
0.0369
0.0369
0.0369
0.0369
0.0369
0.0369
0.0369
0.0369
0.0369
0.0369
0.0369
0.0369
0.0000
0.0369
0.0369
0.0369
0.0872
0.0525
0.0512
0.0507
0.0504
0.0501
0.0498
0.0495
0.0493
0.0000
0.0855
0.0500
0.1238
0.0829
0.0799
0.0790
0.0785
0.0782
0.0780
0.0778
0.0777
0.0776
0.0776
0.0775
0.1845
0.1845
0.1705
0.1643
0.1622
0.1606
0.1623
0.1560
0.1545
0.1536
0.1528
0.1610
0.1522
0.1520
0.1520
0.1522
0.1525
0.1529
0.1534
0.1539
0.1545
0.1638
0.1603
0.1564
0.1748
0.1626
0.1589
0.1594
0.1599
0.1605
0.1656
0.1662
0.1626
0.1631
0.1680
0.1639
0.1643
0.1699
0.1703
0.1666
0.1669
0.1761
0.1721
0.1840
0.1687
0.1688
0.1689
0.1688
0.1687
0.1685
0.1683
0.1692
0.1726
0.1682
0.1675
0.1676
0.1673
0.1677
0.1679
0.1681
0.1683
0.1730
0.1690
0.1687
0.1697
0.1702
0.1705
0.1706
0.1712
0.1711
0.1719
0.1710
0.1750
0.1707
0.1715
0.1762
0.1723
0.1725
0.1729
0.1734
0.1739
0.1745
0.1750
0.1798
0.1845
0.1845
0.1797
0.1784
0.1785
0.1786
0.1787
0.1787
0.1786
0.1785
0.1792
0.1787
0.1845
0.1807
0.1787
0.1786
0.1787
0.1835
0.1845
0.1845
0.1824
0.1845
0.1836
0.1845
0.1845
0.1845
0.1845
0.1845
0.1845
0.1845
0.1845
0.1845
0.1845
0.1845
0.1845
0.1845
0.1845
0.1845
0.1845
0.1845
0.1845
0.1845
0.1845
0.1845
0.1845
0.1845
0.1845
0.1845
0.1845
0.1845
0.1845
0.1845
0.1845
0.1845
0.1837
0.1845
0.1815
0.1803
0.1793
0.1783
0.1772
0.1761
0.1750
0.1742
0.1741
0.1718
0.1708
0.1690
0.1692
0.1685
0.1681
0.1674
0.1668
0.1659
0.1662
0.1653
0.1655
0.1652
0.1647
0.1643
0.1640
0.1642
0.1629
0.1622
0.1612
0.1614
0.1610
0.1607
0.1604
0.1601
0.1599
0.1596
0.1594
0.1592
0.1589
0.1587
0.0000
0.0000
0.0000
0.0369
0.0369
0.0369
0.0369
0.0369
0.0369
0.0369
0.0369
0.0369
0.0369
0.0369
0.0369
0.0000
0.0369
0.0369
0.0369
0.0369
0.0369
0.0369
0.0369
0.0369
0.0369
0.0369
0.0369
0.0369
0.0000
0.0369
0.0369
0.0369
0.0369
0.0369
0.0369
0.0369
0.0369
0.0369
0.0369
0.0369
0.0369
0.0000
0.0369
0.0369
0.0369
0.0369
0.0369
0.0369
0.0369
0.0369
0.0369
0.0369
0.0369
0.0369
0.0000
0.0369
0.0369
0.0369
0.0369
0.0369
0.0369
0.0369
0.0369
0.0369
0.0369
0.0369
0.0369
0.0000
0.0369
0.0369
0.0369
0.0369
0.0369
0.0369
0.0369
0.0369
0.0369
0.0369
0.0369
0.0369
0.0000
0.0369
0.0369
0.0369
0.1272
0.0691
0.0658
0.0648
0.0640
0.0633
0.0628
0.0622
0.0618
0.0000
0.1034
0.0624
0.1400
0.1044
0.1007
0.0994
0.0985
0.0978
0.0970
0.0967
0.0963
0.0959
0.0955
0.0951
0.1845
0.1845
0.1845
0.1845
0.1845
0.1845
0.1821
0.1792
0.1774
0.1759
0.1748
0.1740
0.1735
0.1730
0.1728
0.1728
0.1729
0.1730
0.1733
0.1736
0.1740
0.1744
0.1833
0.1796
0.1807
0.1767
0.1773
0.1776
0.1780
0.1787
0.1836
0.1845
0.1833
0.1815
0.1845
0.1845
0.1845
0.1845
0.1845
0.1845
0.1845
0.1845
0.1845
0.1845
0.1845
0.1845
0.1845
0.1845
0.1845
0.1845
0.1845
0.1845
0.1845
0.1845
0.1840
0.1835
0.1831
0.1835
0.1836
0.1845
0.1845
0.1845
0.1845
0.1843
0.1845
0.1845
0.1845
0.1845
0.1845
0.1845
0.1845
0.1845
0.1845
0.1845
0.1845
0.1845
0.1845
0.1845
0.1845
0.1845
0.1845
0.1845
0.1845
0.1845
0.1845
0.1845
0.1845
0.1845
0.1845
0.1845
0.1845
0.1845
0.1845
0.1845
0.1845
0.1845
0.1845
0.1845
0.1845
0.1845
0.1845
0.1845
0.1845
0.1845
0.1845
0.1845
0.1845
0.1845
0.1845
0.1845
0.1845
0.1845
0.1845
0.1845
0.1845
0.1845
0.1845
0.1845
0.1845
0.1845
0.1845
0.1845
0.1845
0.1845
0.1845
0.1845
0.1845
0.1845
0.1845
0.1845
0.1845
0.1845
0.1845
0.1845
0.1845
0.1845
0.1845
0.1845
0.1845
0.1845
0.1845
0.1845
0.1845
0.1845
0.1845
0.1845
0.1845
0.1845
0.1845
0.1845
0.1845
0.1845
0.1831
0.1818
0.1807
0.1802
0.1784
0.1781
0.1767
0.1762
0.1762
0.1756
0.1749
0.1742
0.1735
0.1741
0.1724
0.1714
0.1753
0.1701
0.1744
0.1697
0.1693
0.1689
0.1686
0.1683
0.1680
0.1676
0.1673
0.1670
0.0000
0.0000
0.0000
0.0369
0.0369
0.0369
0.0369
0.0369
0.0369
0.0369
0.0369
0.0369
0.0369
0.0369
0.0369
0.0000
0.0369
0.0369
0.0369
0.0369
0.0369
0.0369
0.0369
0.0369
0.0369
0.0369
0.0369
0.0369
0.0000
0.0369
0.0369
0.0369
0.0369
0.0369
0.0369
0.0369
0.0369
0.0369
0.0369
0.0369
0.0369
0.0000
0.0369
0.0369
0.0369
0.0369
0.0369
0.0369
0.0369
0.0369
0.0369
0.0369
0.0369
0.0369
0.0000
0.0369
0.0369
0.0369
0.0369
0.0369
0.0369
0.0369
0.0369
0.0369
0.0369
0.0369
0.0369
0.0000
0.0369
0.0369
0.0369
0.0369
0.0369
0.0369
0.0369
0.0369
0.0369
0.0369
0.0369
0.0369
0.0000
0.0369
0.0369
0.0369
0.1392
0.0756
0.0714
0.0701
0.0690
0.0681
0.0673
0.0666
0.0659
0.0000
0.1070
0.0661
0.1451
0.1095
0.1054
0.1037
0.1025
0.1015
0.1007
0.1000
0.0995
0.0991
0.0987
0.0985
0.1845
0.1845
0.1845
0.1845
0.1845
0.1845
0.1845
0.1845
0.1845
0.1845
0.1833
0.1820
0.1814
0.1810
0.1808
0.1807
0.1808
0.1810
0.1812
0.1814
0.1818
0.1845
0.1845
0.1845
0.1845
0.1845
0.1845
0.1845
0.1845
0.1845
0.1845
0.1845
0.1845
0.1845
0.1845
0.1845
0.1845
0.1845
0.1845
0.1845
0.1845
0.1845
0.1845
0.1845
0.1845
0.1845
0.1845
0.1845
0.1845
0.1845
0.1845
0.1845
0.1845
0.1845
0.1845
0.1845
0.1845
0.1845
0.1845
0.1845
0.1845
0.1845
0.1845
0.1845
0.1845
0.1845
0.1845
0.1845
0.1845
0.1845
0.1845
0.1845
0.1845
0.1845
0.1845
0.1845
0.1845
0.1845
0.1845
0.1845
0.1845
0.1845
0.1845
0.1845
0.1845
0.1845
0.1845
0.1845
0.1845
0.1845
0.1845
0.1845
0.1845
0.1845
0.1845
0.1845
0.1845
0.1845
0.1845
0.1845
0.1845
0.1845
0.1845
0.1845
0.1845
0.1845
0.1845
0.1845
0.1845
0.1845
0.1845
0.1845
0.1845
0.1845
0.1845
0.1845
0.1845
0.1845
0.1845
0.1845
0.1845
0.1845
0.1845
0.1845
0.1845
0.1845
0.1845
0.1845
0.1845
0.1845
0.1845
0.1845
0.1845
0.1845
0.1845
0.1845
0.1845
0.1845
0.1845
0.1845
0.1845
0.1845
0.1845
0.1845
0.1845
0.1845
0.1845
0.1845
0.1845
0.1845
0.1845
0.1845
0.1842
0.1828
0.1815
0.1802
0.1797
0.1785
0.1781
0.1812
0.1767
0.1759
0.1752
0.1756
0.1738
0.1731
0.1728
0.1720
0.1717
0.1712
0.1712
0.1707
0.1704
0.1697
0.1700
0.1698
0.1695
0.1693
0.1690
0.1776
0.0000
0.0000
0.0000
0.0369
0.0369
0.0369
0.0369
0.0369
0.0369
0.0369
0.0369
0.0369
0.0369
0.0369
0.0369
0.0000
0.0369
0.0369
0.0369
0.0369
0.0369
0.0369
0.0369
0.0369
0.0369
0.0369
0.0369
0.0369
0.0000
0.0369
0.0369
0.0369
0.0369
0.0369
0.0369
0.0369
0.0369
0.0369
0.0369
0.0369
0.0369
0.0000
0.0369
0.0369
0.0369
0.0369
0.0369
0.0369
0.0369
0.0369
0.0369
0.0369
0.0369
0.0369
0.0000
0.0369
0.0369
0.0369
0.0369
0.0369
0.0369
0.0369
0.0369
0.0369
0.0369
0.0369
0.0369
0.0000
0.0369
0.0369
0.0369
0.0369
0.0369
0.0369
0.0369
0.0369
0.0369
0.0369
0.0369
0.0369
0.0000
0.0369
0.0369
0.0369
0.1410
0.0766
0.0725
0.0712
0.0702
0.0694
0.0686
0.0679
0.0673
0.0000
0.1090
0.0679
0.1482
0.1128
0.1092
0.1080
0.1073
0.1069
0.1067
0.1065
0.1064
0.1062
0.1061
0.1060
0.1845
0.1845
0.1845
0.1845
0.1845
0.1845
0.1845
0.1845
0.1845
0.1845
0.1845
0.1845
0.1845
0.1840
0.1815
0.1797
0.1782
0.1769
0.1756
0.1744
0.1733
0.1723
0.1714
0.1705
0.1697
0.1689
0.1682
0.1676
0.1670
0.1664
0.1659
0.1655
0.1651
0.1647
0.1643
0.1640
0.1637
0.1634
0.1632
0.1629
0.1627
0.1625
0.1624
0.1622
0.1620
0.1619
0.1618
0.1617
0.1615
0.1614
0.1613
0.1612
0.1611
0.1610
0.1610
0.1609
0.1608
0.1607
0.1606
0.1605
0.1604
0.1603
0.1602
0.1601
0.1600
0.1599
0.1597
0.1596
0.1595
0.1594
0.1593
0.1592
0.1591
0.1590
0.1589
0.1589
0.1588
0.1587
0.1586
0.1586
0.1585
0.1585
0.1584
0.1584
0.1584
0.1583
0.1583
0.1583
0.1583
0.1584
0.1584
0.1584
0.1585
0.1585
0.1586
0.1586
0.1587
0.1587
0.1588
0.1588
0.1589
0.1590
0.1590
0.1591
0.1592
0.1592
0.1593
0.1593
0.1594
0.1594
0.1595
0.1595
0.1596
0.1596
0.1597
0.1597
0.1598
0.1598
0.1598
0.1599
0.0369
0.0369
0.0369
0.0369
0.0369
0.0369
0.0369
0.0369
0.0369
0.0369
0.0369
0.0369
0.0000
0.0369
0.0369
0.0369
0.0369
0.0369
0.0369
0.0369
0.0369
0.0369
0.0369
0.0369
0.0369
0.0000
0.0369
0.0369
0.0369
0.0369
0.0369
0.0369
0.0369
0.0369
0.0369
0.0369
0.0369
0.0369
0.0000
0.0369
0.0369
0.0369
0.0369
0.0369
0.0369
0.0369
0.0369
0.0369
0.0369
0.0369
0.0369
0.0000
0.0369
0.0369
0.0369
0.0369
0.0369
0.0369
0.0369
0.0369
0.0369
0.0369
0.0369
0.0369
0.0000
0.0369
0.0369
0.0369
0.0369
0.0369
0.0369
0.0369
0.0369
0.0369
0.0369
0.0369
0.0369
0.0000
0.0369
0.0369
0.0369
0.0369
0.0369
0.0369
0.0369
0.0369
0.0369
0.0369
0.0369
0.0369
0.0000
0.0369
0.0369
0.0369
0.0369
0.0369
0.0369
0.0369
0.0369
0.0369
0.0369
0.0369
0.0369
0.0000
0.0369
0.0369
0.0369
0.0369
0.0369
0.0369
0.0369
0.0369
0.0369
0.0369
0.0369
0.0369
0.0000
0.0369
0.0369
0.0369
0.0369
0.0369
0.0369
0.0369
0.0369
0.0369
0.0369
0.0369
0.0369
0.0000
0.0369
0.0369
0.0369
0.0369
0.0369
0.0369
0.0369
0.0369
0.0369
0.0369
0.0369
0.0369
0.0000
0.0369
0.0369
0.0369
0.0369
0.0369
0.0369
0.0369
0.0369
0.0369
0.0369
0.0369
0.0369
0.0000
0.0369
0.0369
0.0369
0.0369
0.0369
0.0369
0.0369
0.0369
0.0369
0.0369
0.0369
0.0369
0.0000
0.0369
0.0369
0.0369
0.0369
0.0369
0.0369
0.0369
0.0369
0.0369
0.0369
0.0369
0.0369
0.0000
0.0369
0.0369
0.0369
0.0369
0.0369
0.0369
0.0369
0.0369
0.0369
0.0369
0.0369
0.0369
0.0000
0.0469
0.0369
0.0369
0.0369
0.0369
0.0369
0.0369
0.0369
0.0369
0.0369
0.0369
0.0369
0.0000
0.0603
0.0390
0.0385
0.0388
0.0391
0.0395
0.0398
0.0402
0.0405
0.0407
0.0411
0.0414
0.0000
0.0706
0.0437
0.0431
0.0433
0.0436
0.0439
0.0442
0.0445
0.0447
0.0450
0.0453
0.0456
0.0000
0.0787
0.0478
0.0471
0.0473
0.0475
0.0478
0.0481
0.0483
0.0486
0.0488
0.0490
0.0492
0.0000
0.0846
0.0512
0.0501
0.0502
0.0502
0.0503
0.0504
0.0505
0.0506
0.0507
0.0507
0.0508
0.0000
0.0879
0.0526
0.0514
0.0514
0.0515
0.0516
0.0517
0.0518
0.0519
0.0520
0.0520
0.0521
0.0000
0.0913
0.0541
0.0529
0.0529
0.0529
0.0530
0.0531
0.0532
0.0532
0.0532
0.0532
0.0532
0.0000
0.0919
0.0548
0.0534
0.0532
0.0531
0.0530
0.0529
0.0528
0.0527
0.0526
0.0524
0.0523
0.0000
0.0907
0.0534
0.0519
0.0516
0.0514
0.0512
0.0510
0.0508
0.0506
0.0504
0.0501
0.0499
0.0000
0.0874
0.0508
0.0494
0.0491
0.0489
0.0487
0.0485
0.0483
0.0481
0.0479
0.0478
0.0476
0.0000
0.0839
0.0486
0.0472
0.0470
0.0468
0.0467
0.0465
0.0463
0.0461
0.0459
0.0458
0.0456
0.0000
0.0784
0.0464
0.0451
0.0448
0.0446
0.0444
0.0443
0.0441
0.0439
0.0437
0.0435
0.0433
0.0000
0.0730
0.0441
0.0429
0.0426
0.0424
0.0421
0.0419
0.0417
0.0415
0.0413
0.0411
0.0409
0.0000
0.0672
0.0416
0.0404
0.0401
0.0398
0.0396
0.0394
0.0391
0.0389
0.0387
0.0384
0.0382
0.0000
0.0619
0.0388
0.0376
0.0373
0.0370
0.0369
0.0369
0.0369
0.0369
0.0369
0.0369
0.0369
0.0000
0.0551
0.0369
0.0369
0.0369
0.0369
0.0369
0.0369
0.0369
0.0369
0.0369
0.0369
0.0369
0.0000
0.0457
0.0369
0.0369
0.0369
0.0369
0.0369
0.0369
0.0369
0.0369
0.0369
0.0369
0.0369
0.0000
0.0369
0.0369
0.0369
0.0369
0.0369
0.0369
0.0369
0.0369
0.0369
0.0369
0.0369
0.0369
0.0000
0.0369
0.0369
0.0369
0.1415
0.0787
0.0740
0.0724
0.0711
0.0700
0.0690
0.0681
0.0673
0.0000
0.1073
0.0673
0.1456
0.1100
0.1057
0.1039
0.1026
0.1015
0.1006
0.1000
0.0994
0.0989
0.0986
0.0983
0.1845
0.1845
0.1845
0.1845
0.1845
0.1845
0.1845
0.1845
0.1845
0.1845
0.1816
0.1845
0.1796
0.1835
0.1788
0.1786
0.1785
0.1786
0.1831
0.1789
0.1790
0.1845
0.1836
0.1805
0.1814
0.1843
0.1811
0.1813
0.1818
0.1825
0.1845
0.1845
0.1845
0.1845
0.1845
0.1845
0.1845
0.1845
0.1845
0.1845
0.1845
0.1845
0.1845
0.1845
0.1845
0.1845
0.1845
0.1845
0.1845
0.1845
0.1845
0.1845
0.1845
0.1845
0.1845
0.1845
0.1845
0.1845
0.1845
0.1845
0.1845
0.1845
0.1845
0.1845
0.1845
0.1845
0.1845
0.1845
0.1845
0.1845
0.1845
0.1845
0.1845
0.1845
0.1845
0.1845
0.1845
0.1845
0.1845
0.1845
0.1845
0.1845
0.1845
0.1845
0.1845
0.1845
0.1845
0.1845
0.1845
0.1845
0.1845
0.1845
0.1845
0.1845
0.1845
0.1845
0.1845
0.1845
0.1845
0.1845
0.1845
0.1845
0.1845
0.1845
0.1845
0.1845
0.1845
0.1845
0.1845
0.1845
0.1845
0.1845
0.1845
0.1845
0.1845
0.1845
0.1845
0.1845
0.1845
0.1845
0.1845
0.1845
0.1845
0.1845
0.1845
0.1845
0.1845
0.1845
0.1845
0.1845
0.1845
0.1845
0.1845
0.1845
0.1845
0.1845
0.1845
0.1845
0.1845
0.1845
0.1845
0.1845
0.1845
0.1845
0.1845
0.1845
0.1845
0.1845
0.1845
0.1845
0.1845
0.1845
0.1845
0.1845
0.1845
0.1845
0.1845
0.1845
0.1845
0.1845
0.1845
0.1845
0.1845
0.1845
0.1845
0.1845
0.1845
0.1845
0.1845
0.1845
0.1845
0.1845
0.1845
0.1845
0.1845
0.1845
0.1845
0.1845
0.1845
0.1845
0.0000
0.0000
0.0000
0.0369
0.0369
0.0369
0.0369
0.0369
0.0369
0.0369
0.0369
0.0369
0.0369
0.0369
0.0369
0.0000
0.0369
0.0369
0.0369
0.0369
0.0369
0.0369
0.0369
0.0369
0.1845
0.1845
0.1845
0.1845
0.0000
0.1845
0.1845
0.1845
0.1845
0.1845
0.1845
0.1845
0.1845
0.1845
0.1845
0.1845
0.1845
0.0000
0.1845
0.1845
0.1845
0.1845
0.1845
0.1845
0.1845
0.1845
0.1845
0.1845
0.1845
0.1845
0.0000
0.1845
0.1845
0.1845
0.1845
0.1845
0.1845
0.1845
0.1845
0.1845
0.1845
0.1845
0.1845
0.0000
0.1845
0.1845
0.1845
0.1845
0.1845
0.1845
0.1845
0.1845
0.1845
0.1845
0.1845
0.1845
0.0000
0.1845
0.1845
0.1845
0.1845
0.1845
0.1845
0.1845
0.1845
0.1845
0.1845
0.1845
0.1845
0.0000
0.1845
0.1845
0.1845
0.1845
0.1845
0.1845
0.1845
0.1845
0.1845
0.1845
0.1845
0.1845
0.1845
0.1845
0.1845
0.1845
0.1845
0.1693
0.1435
0.1266
0.1156
0.1059
0.0969
0.0854
0.0803
0.0726
0.0653
0.0584
0.0518
0.0455
0.0394
0.0369
0.0369
0.0369
0.0369
0.0369
0.0369
0.0369
0.0369
0.0369
0.0369
0.0369
0.0369
0.0369
0.0369
0.0369
0.0369
0.0369
0.0369
0.0369
0.0369
0.0369
0.0369
0.0369
0.0369
0.0369
0.0369
0.0369
0.0369
0.0369
0.0369
0.0369
0.0369
0.0369
0.0369
0.0369
0.0369
0.0369
0.0369
0.0369
0.0369
0.0369
0.0369
0.0369
0.0369
0.0369
0.0369
0.0369
0.0369
0.0369
0.0369
0.0369
0.0369
0.0369
0.0369
0.0369
0.0369
0.0369
0.0369
0.0369
0.0369
0.0369
0.0369
0.0369
0.0369
0.0369
0.0369
0.0369
0.0369
0.0369
0.0369
0.0369
0.0369
0.0369
0.0369
0.0369
0.0369
0.0369
0.0369
0.0369
0.0369
0.0369
0.0369
0.0369
0.0369
0.0369
0.0369
0.0369
0.0369
0.0369
0.0369
0.0369
0.0369
0.0369
0.0369
0.0369
0.0369
0.0369
0.0369
0.0369
0.0369
0.0369
0.0369
0.0369
0.0369
0.0369
0.0369
0.0369
0.0369
0.0369
0.0369
0.0369
0.0369
0.0369
0.0369
0.0369
0.0369
0.0369
0.0369
0.0369
0.0369
0.0369
0.0369
0.0369
0.0369
0.0369
0.0369
0.0369
0.0369
0.0369
0.0369
0.0369
0.0369
0.0369
0.0369
0.0369
0.0369
0.0369
0.0369
0.0369
0.0369
0.0369
0.0369
0.0369
0.0369
0.0369
0.0369
0.0369
0.0369
0.0369
0.0369
0.0369
0.0369
0.0369
0.0369
0.0369
0.0369
0.0369
0.0369
0.0369
0.0369
0.0369
0.0369
0.0369
0.1845
0.1845
0.1845
0.1845
0.1845
0.1845
0.1845
0.1845
0.1845
0.1845
0.1845
0.1845
0.0000
0.1845
0.1845
0.1845
0.1845
0.1845
0.1845
0.1845
0.1845
0.1845
0.1845
0.1845
0.1845
0.0000
0.1845
0.1845
0.1845
0.1845
0.1845
0.1845
0.1845
0.1845
0.1845
0.1845
0.1845
0.1845
0.0000
0.1845
0.1845
0.1845
0.1845
0.1845
0.1845
0.1845
0.1845
0.1845
0.1845
0.1845
0.1845
0.0000
0.1845
0.1845
0.1845
0.1845
0.1845
0.1845
0.1845
0.1845
0.1845
0.1845
0.1845
0.1845
0.0000
0.1845
0.1845
0.1845
0.1845
0.1845
0.1845
0.1845
0.1845
0.1845
0.1845
0.1845
0.1845
0.0000
0.1845
0.1845
0.1845
0.1845
0.1845
0.1845
0.1845
0.1845
0.1845
0.1845
0.1845
0.1845
0.0000
0.1845
0.1845
0.1845
0.1845
0.1845
0.1845
0.1845
0.1845
0.1845
0.1845
0.1845
0.1845
0.1845
0.1845
0.1845
0.1845
0.1845
0.1845
0.1713
0.1110
0.0884
0.0785
0.0705
0.0633
0.0563
0.0467
0.0432
0.0370
0.0369
0.0369
0.0369
0.0369
0.0369
0.0369
0.0369
0.0369
0.0369
0.0369
0.0369
0.0369
0.0369
0.0369
0.0369
0.0369
0.0369
0.0369
0.0369
0.0369
0.0369
0.0369
0.0369
0.0369
0.0369
0.0369
0.0369
0.0369
0.0369
0.0369
0.0369
0.0369
0.0369
0.0369
0.0369
0.0369
0.0369
0.0369
0.0369
0.0369
0.0369
0.0369
0.0369
0.0369
0.0369
0.0369
0.0369
0.0369
0.0369
0.0369
0.0369
0.0369
0.0369
0.0369
0.0369
0.0369
0.0369
0.0369
0.0369
0.0369
0.0369
0.0369
0.0369
0.0369
0.0369
0.0369
0.0369
0.0369
0.0369
0.0369
0.0369
0.0369
0.0369
0.0369
0.0369
0.0369
0.0369
0.0369
0.0369
0.0369
0.0369
0.0369
0.0369
0.0369
0.0369
0.0369
0.0369
0.0369
0.0369
0.0369
0.0369
0.0369
0.0369
0.0369
0.0369
0.0369
0.0369
0.0369
0.0369
0.0369
0.0369
0.0369
0.0369
0.0369
0.0369
0.0369
0.0369
0.0369
0.0369
0.0369
0.0369
0.0369
0.0369
0.0369
0.0369
0.0369
0.0369
0.0369
0.0369
0.0369
0.0369
0.0369
0.0369
0.0369
0.0369
0.0369
0.0369
0.0369
0.0369
0.0369
0.0369
0.0369
0.0369
0.0369
0.0369
0.0369
0.0369
0.0369
0.0369
0.0369
0.0369
0.0369
0.0369
0.0369
0.0369
0.0369
0.0369
0.0369
0.0369
0.0369
0.0369
0.0369
0.0369
0.0369
0.0369
0.0369
0.0369
0.0369
0.0369
0.0369
0.0369
0.0369
0.0369
0.0369
0.0369
0.0369
0.0369
0.0369
0.0369
0.1845
0.1845
0.1845
0.1845
0.1845
0.1845
0.1845
0.1845
0.1845
0.1845
0.1845
0.1845
0.0000
0.1845
0.1845
0.1845
0.1845
0.1845
0.1845
0.1845
0.1845
0.1845
0.1845
0.1845
0.0369
0.0000
0.1170
0.0841
0.0820
0.0810
0.0803
0.0795
0.0789
0.0783
0.0778
0.0773
0.0768
0.0764
0.0000
0.1168
0.0778
0.0758
0.0753
0.0749
0.0746
0.0742
0.0739
0.0736
0.0733
0.0730
0.0727
0.0000
0.1118
0.0742
0.0723
0.0718
0.0714
0.0711
0.0707
0.0704
0.0700
0.0697
0.0693
0.0689
0.0000
0.1060
0.0700
0.0681
0.0675
0.0671
0.0667
0.0663
0.0658
0.0654
0.0650
0.0646
0.0641
0.0000
0.1009
0.0649
0.0630
0.0625
0.0620
0.0616
0.1845
0.1543
0.1409
0.1368
0.1338
0.1312
0.0000
0.1773
0.1306
0.1251
0.1230
0.1211
0.1845
0.1845
0.1748
0.1700
0.1670
0.1646
0.1624
0.1606
0.1589
0.1574
0.1560
0.1549
0.1845
0.1845
0.1845
0.1845
0.1845
0.1845
0.1845
0.1845
0.1845
0.1845
0.1845
0.1845
0.1845
0.1845
0.1845
0.1845
0.1845
0.1845
0.1845
0.1845
0.1845
0.1845
0.1845
0.1845
0.1845
0.1845
0.1845
0.1845
0.1845
0.1845
0.1845
0.1845
0.1845
0.1845
0.1845
0.1845
0.1845
0.1845
0.1845
0.1845
0.1845
0.1845
0.1845
0.1845
0.1845
0.1845
0.1845
0.1845
0.1845
0.1845
0.1845
0.1845
0.1845
0.1845
0.1845
0.1845
0.1845
0.1845
0.1845
0.1845
0.1845
0.1845
0.1845
0.1845
0.1845
0.1845
0.1845
0.1845
0.1845
0.1845
0.1845
0.1845
0.1845
0.1845
0.1845
0.1845
0.1845
0.1845
0.1845
0.1845
0.1845
0.1845
0.1845
0.1845
0.1845
0.1845
0.1845
0.1845
0.1845
0.1845
0.1845
0.1845
0.1845
0.1845
0.1845
0.1845
0.1845
0.1845
0.1845
0.1845
0.1845
0.1845
0.1845
0.1845
0.1845
0.1845
0.1845
0.1845
0.1845
0.1845
0.1845
0.1845
0.1845
0.1845
0.1845
0.1845
0.1845
0.1845
0.1845
0.1845
0.1845
0.1845
0.1845
0.1845
0.1845
0.1845
0.1845
0.1845
0.1845
0.1845
0.1845
0.1845
0.1845
0.1845
0.1845
0.1845
0.1845
0.1845
0.1845
0.1845
0.1845
0.1845
0.1845
0.1845
0.1845
0.1845
0.1845
0.1845
0.1845
0.1845
0.1845
0.1845
0.1845
0.1845
0.1845
0.1845
0.1845
0.1845
0.1845
0.1845
0.1845
0.1845
0.1845
0.1845
0.1845
0.1845
0.1845
0.1845
0.1845
0.1845
0.1845
0.1845
0.1845
0.1845
0.1845
0.1845
0.1845
0.1845
0.1845
0.1845
0.0000
0.0000
0.0369
0.0369
0.0369
0.0369
0.0369
0.0369
0.0369
0.0369
0.0369
0.0369
0.0369
0.0369
0.0000
0.0369
0.0369
0.0369
0.0369
0.0369
0.0369
0.0369
0.0369
0.0369
0.0369
0.0369
0.0369
0.0000
0.0469
0.0369
0.0369
0.0369
0.0369
0.0369
0.0369
0.0369
0.0369
0.0369
0.0369
0.0369
0.0000
0.0567
0.0369
0.0369
0.0369
0.0369
0.0369
0.0369
0.0369
0.0369
0.0369
0.0369
0.0369
0.0000
0.0535
0.0369
0.0369
0.0369
0.0369
0.0369
0.0369
0.0369
0.0369
0.0369
0.0369
0.0369
0.0000
0.0478
0.0369
0.0369
0.0369
0.0369
0.0369
0.0369
0.0369
0.0369
0.0369
0.0369
0.0369
0.0000
0.0415
0.0369
0.0369
0.0369
0.1559
0.0878
0.0824
0.0806
0.0793
0.0781
0.0771
0.0761
0.0000
0.1150
0.0763
0.0739
0.1567
0.1220
0.1175
0.1156
0.1141
0.1130
0.1121
0.1113
0.1107
0.1102
0.1098
0.1095
0.1845
0.1845
0.1845
0.1845
0.1845
0.1845
0.1845
0.1845
0.1845
0.1845
0.1845
0.1845
0.1845
0.1845
0.1845
0.1845
0.1845
0.1845
0.1845
0.1845
0.1845
0.1845
0.1845
0.1845
0.1845
0.1845
0.1845
0.1845
0.1845
0.1845
0.1845
0.1845
0.1845
0.1845
0.1845
0.1845
0.1845
0.1845
0.1845
0.1845
0.1845
0.1845
0.1845
0.1845
0.1845
0.1845
0.1845
0.1845
0.1845
0.1845
0.1845
0.1845
0.1845
0.1845
0.1845
0.1845
0.1845
0.1845
0.1845
0.1845
0.1845
0.1845
0.1845
0.1845
0.1845
0.1845
0.1845
0.1845
0.1845
0.1845
0.1845
0.1845
0.1845
0.1845
0.1845
0.1845
0.1845
0.1845
0.1845
0.1845
0.1845
0.1845
0.1845
0.1845
0.1845
0.1845
0.1845
0.1845
0.1845
0.1845
0.1845
0.1845
0.1845
0.1845
0.1845
0.1845
0.1845
0.1845
0.1845
0.1845
0.1845
0.1845
0.1845
0.1845
0.1845
0.1845
0.1845
0.1845
0.1845
0.1845
0.1845
0.1845
0.1845
0.1845
0.1845
0.1845
0.1845
0.1845
0.1845
0.1845
0.1845
0.1845
0.1845
0.1845
0.1845
0.1845
0.1845
0.1845
0.1845
0.1845
0.1845
0.1845
0.1845
0.1845
0.1845
0.1845
0.1845
0.1845
0.1845
0.1845
0.1845
0.1845
0.1845
0.1845
0.1845
0.1845
0.1845
0.1845
0.1845
0.1845
0.1845
0.1845
0.1845
0.1845
0.1845
0.1845
0.1845
0.1845
0.1845
0.1845
0.1845
0.1845
0.1845
0.1845
0.1845
0.1845
0.1845
0.1845
0.1845
0.1845
0.1845
0.1845
0.1845
0.1845
0.1845
0.1845
0.1845
0.1845
0.1845
0.1845
0.1845
0.1845
0.1845
0.1845
0.1845
0.1845
0.1845
0.1845
0.1845
0.1845
0.1845
0.1845
0.0000
0.1845
0.1845
0.1845
0.1845
0.1845
0.1845
0.1845
0.1845
0.1845
0.1845
0.1845
0.1845
0.0000
0.1845
0.1845
0.1845
0.1845
0.1845
0.1845
0.1845
0.1845
0.1845
0.1845
0.1845
0.1845
0.0000
0.1845
0.1845
0.1845
0.1845
0.1845
0.1845
0.1845
0.1845
0.1845
0.1845
0.1845
0.1845
0.0000
0.1845
0.1845
0.1845
0.1845
0.1845
0.1845
0.1845
0.1845
0.1845
0.1845
0.1845
0.1845
0.0000
0.1845
0.1845
0.1845
0.1845
0.1845
0.1845
0.1845
0.1845
0.1845
0.1845
0.1845
0.1845
0.0000
0.1845
0.1845
0.1845
0.1845
0.1845
0.1845
0.1845
0.1845
0.1845
0.1845
0.1845
0.1845
0.0000
0.1845
0.1845
0.1845
0.1845
0.1845
0.1845
0.1845
0.1845
0.1845
0.1845
0.1845
0.1845
0.1845
0.1845
0.1845
0.1845
0.1845
0.1845
0.1845
0.1845
0.1845
0.1845
0.1845
0.1845
0.1845
0.1845
0.1845
0.1845
0.1845
0.1845
0.1845
0.1845
0.1845
0.1845
0.1845
0.1845
0.1845
0.1845
0.1845
0.1845
0.1845
0.1845
0.1845
0.1845
0.1845
0.1845
0.1845
0.1845
0.1845
0.1845
0.1845
0.1845
0.1845
0.1845
0.1845
0.1845
0.1845
0.1845
0.1845
0.1845
0.1845
0.1845
0.1845
0.1845
0.1845
0.1845
0.1845
0.1845
0.1845
0.1845
0.1845
0.1845
0.1845
0.1845
0.1845
0.1845
0.1845
0.1845
0.1845
0.1845
0.1845
0.1845
0.1845
0.1845
0.1845
0.1845
0.1845
0.1845
0.1845
0.1845
0.1845
0.1845
0.1845
0.1845
0.1845
0.1845
0.1845
0.1845
0.1845
0.1845
0.1845
0.1845
0.1845
0.1845
0.1845
0.1845
0.1845
0.1845
0.1845
0.1845
0.1845
0.1845
0.1845
0.1845
0.1845
0.1845
0.1845
0.1845
0.1845
0.1845
0.1845
0.1845
0.1845
0.1845
0.1845
0.1845
0.1845
0.1845
0.1845
0.1845
0.1845
0.1845
0.1845
0.1845
0.1845
0.1845
0.1845
0.1845
0.1845
0.1845
0.1845
0.1845
0.1845
0.1845
0.1845
0.1845
0.1845
0.1845
0.1845
0.0000
0.1845
0.1845
0.1845
0.1845
0.1845
0.1845
0.1845
0.1845
0.1845
0.1845
0.1845
0.1845
0.0000
0.1845
0.1845
0.1845
0.1845
0.1845
0.1845
0.1845
0.1845
0.1845
0.1845
0.1845
0.1845
0.0000
0.1845
0.1845
0.1845
0.1845
0.1845
0.1845
0.1845
0.1845
0.1845
0.1845
0.1845
0.1845
0.0000
0.1845
0.1845
0.1845
0.1845
0.1845
0.1845
0.1845
0.1845
0.1845
0.1845
0.1845
0.1845
0.0000
0.1845
0.1845
0.1845
0.1845
0.1845
0.1845
0.1845
0.1845
0.1845
0.1845
0.1845
0.1845
0.0000
0.1845
0.1845
0.1845
0.1845
0.1845
0.1845
0.1845
0.1845
0.1845
0.1845
0.1845
0.1845
0.0000
0.1845
0.1845
0.1845
0.1845
0.1845
0.1845
0.1845
0.1845
0.1845
0.1845
0.1845
0.1845
0.0000
0.1845
0.1845
0.1845
0.1845
0.1845
0.1845
0.1845
0.1845
0.1845
0.1845
0.1845
0.1845
0.0000
0.1845
0.1845
0.1845
0.1845
0.1845
0.1845
0.1845
0.1845
0.1845
0.1845
0.1845
0.1845
0.0000
0.1845
0.1845
0.1845
0.1845
0.1845
0.1845
0.1845
0.1845
0.1845
0.1845
0.1845
0.1845
0.0000
0.1845
0.1845
0.1845
0.1845
0.1845
0.1845
0.1845
0.1845
0.1845
0.1845
0.1845
0.1845
0.0000
0.1845
0.1845
0.1845
0.1845
0.1845
0.1845
0.1845
0.1845
0.1845
0.1845
0.1845
0.1845
0.0000
0.1845
0.1845
0.1845
0.1845
0.1845
0.1845
0.1845
0.1845
0.1845
0.1845
0.1845
0.1845
0.0000
0.1845
0.1845
0.1845
0.1845
0.1845
0.1845
0.1845
0.1845
0.1845
0.1845
0.1845
0.1845
0.0000
0.1845
0.1845
0.1845
0.1845
0.1845
0.1845
0.1845
0.1845
0.1845
0.1845
0.1845
0.1845
0.0000
0.1845
0.1845
0.1845
0.1845
0.1845
0.1845
0.1845
0.1845
0.1845
0.1845
0.1845
0.1845
0.0000
0.1845
0.1845
0.1845
0.1845
0.1845
0.1845
0.1845
0.1845
0.1845
0.1845
0.1845
0.1845
0.0000
0.1845
0.1845
0.1845
0.1845
0.1845
0.1845
0.1845
0.1845
0.1845
0.1845
0.1845
0.1845
0.0000
0.1845
0.1845
0.1845
0.1845
0.1845
0.1845
0.1845
0.1845
0.1845
0.1845
0.1845
0.1845
0.0000
0.1845
0.1845
0.1845
0.1845
0.1845
0.1845
0.1845
0.1845
0.1845
0.1845
0.1845
0.1845
0.0000
0.1845
0.1845
0.1845
0.1845
0.1845
0.1845
0.1845
0.1845
0.1845
0.1845
0.1845
0.1845
0.0000
0.1845
0.1845
0.1845
0.1845
0.1845
0.1845
0.1845
0.1845
0.1845
0.1845
0.1845
0.1845
0.0000
0.1845
0.1845
0.1845
0.1845
0.1845
0.1845
0.1845
0.1845
0.1845
0.1845
0.1845
0.1845
0.0000
0.1845
0.1845
0.1845
0.1845
0.1845
0.1845
0.1845
0.1845
0.1845
0.1845
0.1845
0.1845
0.0000
0.1845
0.1845
0.1845
0.1845
0.1845
0.1845
0.1845
0.1845
0.1845
0.1845
0.1845
0.1845
0.0000
0.1845
0.1845
0.1845
0.1845
0.1845
0.1845
0.1845
0.1845
0.1845
0.1845
0.1845
0.1845
0.0000
0.1845
0.1845
0.1845
0.1845
0.1845
0.1845
0.1845
0.1845
0.1845
0.1845
0.1845
0.1845
0.0000
0.1845
0.1845
0.1845
0.1845
0.1845
0.1845
0.1845
0.1845
0.1845
0.1845
0.1845
0.1845
0.0000
0.1845
0.1845
0.1845
0.1845
0.1845
0.1845
0.1845
0.1845
0.1845
0.1845
0.1845
0.1845
0.0000
0.1845
0.1845
0.1845
0.1845
0.1845
0.1845
0.1845
0.1845
0.1845
0.1845
0.1845
0.1845
0.0000
0.1845
0.1845
0.1845
0.1845
0.1845
0.1845
0.1845
0.1845
0.1845
0.1845
0.1845
0.1845
0.0000
0.1845
0.1845
0.1845
0.1845
0.1845
0.1845
0.1845
0.1845
0.1845
0.1845
0.1845
0.1845
0.0000
0.1845
0.1845
0.1845
0.0369
0.0369
0.0369
0.0369
0.0369
0.0369
0.0369
0.0369
0.0369
0.0000
0.0369
0.0369
0.1052
0.0597
0.0585
0.0588
0.0594
0.0600
0.0607
0.0613
0.0620
0.0627
0.0633
0.0639
0.1845
0.1638
0.1488
0.1458
0.1458
0.1481
0.1424
0.1418
0.1411
0.1406
0.1407
0.1408
0.1411
0.1416
0.1420
0.1426
0.1432
0.1440
0.1447
0.1455
0.1463
0.1559
0.1611
0.1622
0.1677
0.1554
0.1518
0.1522
0.1529
0.1536
0.1587
0.1638
0.1560
0.1565
0.1704
0.1667
0.1631
0.1682
0.1645
0.1609
0.1613
0.1617
0.1845
0.1845
0.1650
0.1643
0.1644
0.1645
0.1646
0.1646
0.1646
0.1657
0.1646
0.1646
0.1648
0.1647
0.1691
0.1654
0.1656
0.1661
0.1663
0.1669
0.1672
0.1670
0.1687
0.1691
0.1695
0.1698
0.1704
0.1701
0.1713
0.1706
0.1708
0.1710
0.1754
0.1715
0.1717
0.1720
0.1724
0.1729
0.1735
0.1740
0.1746
0.1841
0.1762
0.1845
0.1817
0.1786
0.1786
0.1788
0.1790
0.1791
0.1791
0.1792
0.1797
0.1800
0.1845
0.1845
0.1817
0.1803
0.1845
0.1845
0.1845
0.1845
0.1845
0.1845
0.1845
0.1845
0.1845
0.1845
0.1845
0.1845
0.1845
0.1845
0.1845
0.1845
0.1845
0.1845
0.1845
0.1845
0.1845
0.1845
0.1845
0.1845
0.1845
0.1845
0.1845
0.1845
0.1845
0.1845
0.1845
0.1845
0.1845
0.1845
0.1845
0.1845
0.1845
0.1845
0.1845
0.1845
0.1845
0.1845
0.1845
0.1845
0.1842
0.1823
0.1809
0.1801
0.1790
0.1774
0.1760
0.1740
0.1741
0.1778
0.1732
0.1719
0.1753
0.1711
0.1708
0.1698
0.1700
0.1695
0.1690
0.1688
0.1680
0.1684
0.1670
0.1669
0.1662
0.1705
0.1658
0.1656
0.1650
0.1653
0.1652
0.1651
0.1650
0.1648
0.1647
0.1645
0.0000
0.0000
0.0000
0.0369
0.0369
0.0369
0.0369
0.0369
0.0369
0.0369
0.0369
0.0369
0.0369
0.0369
0.0369
0.0000
0.0369
0.0369
0.0369
0.0369
0.0369
0.0369
0.0369
