26.0499
26.0634
26.0765
26.0897
26.1024
26.4059
26.3035
26.2448
26.2134
26.1966
26.1875
26.1826
26.1796
26.1774
26.1753
26.1731
26.1705
26.1674
26.4541
26.3345
26.2625
26.2196
26.1928
26.1749
26.1621
26.1522
26.1439
26.1366
26.1298
26.1233
26.1170
26.3990
26.2774
26.2034
26.1595
26.1317
26.1130
26.0995
26.0891
26.0804
26.0728
26.0658
26.0592
26.0528
26.3333
26.2122
26.1385
26.0949
26.0675
26.0491
26.0359
26.0257
26.0172
26.0099
26.0031
25.9968
25.9906
26.2699
26.1495
26.0763
26.0331
25.6152
25.6022
25.6019
25.6019
25.6019
25.6019
25.6019
25.6019
25.6018
25.9887
25.6131
25.6020
25.0294
25.0038
25.0030
25.0028
25.0027
25.0025
25.0024
25.0023
25.0022
25.0021
25.0020
25.0019
24.3056
24.0186
24.0023
24.0014
24.0010
24.0009
24.0009
24.0009
24.0009
24.0008
24.0008
24.0007
24.0007
24.0007
24.0006
24.0006
24.0006
24.0005
24.0005
24.0005
24.0005
24.0005
24.0005
24.0005
24.0006
24.0005
24.0005
24.0005
24.0005
24.0005
24.0004
24.0004
24.0004
24.0004
24.0004
24.0004
24.0004
24.0004
24.0004
24.0004
24.0004
24.0004
24.0004
24.0004
24.0004
24.0003
24.0003
24.0003
24.0002
24.0002
24.0002
24.0002
24.0002
24.0003
24.0003
24.0003
24.0003
24.0003
24.0003
24.0003
24.0003
24.0003
24.0002
24.0002
24.0002
24.0002
24.0002
24.0002
24.0003
24.0003
24.0003
24.0003
24.0003
24.0003
24.0003
24.0003
24.0003
24.0003
24.0002
24.0002
24.0002
24.0002
24.0002
24.0002
24.0018
24.0224
24.0015
24.0004
24.0003
24.0003
24.0002
24.0002
24.0002
24.0002
24.0002
24.0003
24.0004
24.0004
24.0005
24.0004
24.0004
24.0004
24.0293
24.0020
24.0006
24.0005
24.0384
24.0026
24.0006
24.0005
24.0005
24.0005
24.0005
24.0005
24.0005
24.0004
24.0004
24.0004
24.0004
24.0003
24.0003
24.0003
24.0003
24.0002
24.0002
24.0002
24.0042
24.0005
24.0003
24.0003
24.0003
24.0003
24.0003
24.0003
24.0005
24.0004
24.0004
24.0004
24.0004
24.0005
24.0005
24.0005
24.0005
24.0005
24.0005
24.0005
24.0005
24.0004
24.0003
24.0003
24.0003
24.0003
24.0003
24.0003
24.0005
24.0005
24.0005
24.0006
24.0006
24.0006
24.0007
24.0007
24.0007
24.0006
24.0003
24.0002
24.0001
24.0001
24.0001
24.0001
24.0001
24.0001
24.0002
24.0002
24.0002
24.0002
24.0003
24.0003
24.0003
24.0003
24.8732
25.3862
25.7443
25.7102
25.6958
25.6981
25.7080
25.7222
25.7382
25.7544
25.7702
25.7849
25.8238
25.8274
25.8337
26.1276
26.0255
25.9706
25.9446
25.9350
25.9349
25.9407
25.9498
25.9612
25.9747
25.9877
26.0008
26.0135
26.3140
26.2128
26.1545
26.1237
26.1076
26.0991
26.0947
26.0923
26.0907
26.0893
26.0877
26.0857
26.0833
26.3682
26.2507
26.1796
26.1379
26.1122
26.0953
26.0834
26.0745
26.0672
26.0610
26.0552
26.0499
26.0447
26.3259
26.2064
26.1340
26.0916
26.0653
26.0481
26.0361
26.0272
26.0200
26.0140
26.0086
26.0037
25.9990
26.2799
26.1612
26.0895
26.0480
26.0225
26.0061
25.9949
25.9868
25.9804
25.9751
25.9705
25.9663
25.9624
26.2433
26.1254
26.0545
26.0136
25.6143
25.6021
25.6018
25.6018
25.6018
25.6018
25.6018
25.6018
25.6018
25.9966
25.6134
25.6020
25.0296
25.0038
25.0030
25.0028
25.0027
25.0027
25.0026
25.0025
25.0024
25.0023
25.0022
25.0021
24.3185
24.0457
24.0040
24.0018
24.0012
24.0011
24.0012
24.0012
24.0011
24.0011
24.0010
24.0011
24.0010
24.0009
24.0009
24.0009
24.0008
24.0008
24.0007
24.0007
24.0007
24.0007
24.0007
24.0006
24.0007
24.0007
24.0007
24.0006
24.0006
24.0006
24.0006
24.0005
24.0005
24.0005
24.0005
24.0005
24.0004
24.0004
24.0004
24.0004
24.0004
24.0004
24.0005
24.0004
24.0004
24.0003
24.0003
24.0003
24.0002
24.0002
24.0002
24.0003
24.0003
24.0004
24.0004
24.0004
24.0004
24.0004
24.0004
24.0003
24.0003
24.0003
24.0003
24.0002
24.0002
24.0002
24.0002
24.0002
24.0002
24.0003
24.0004
24.0004
24.0004
24.0003
24.0003
24.0003
24.0003
24.0003
24.0003
24.0003
24.0003
24.0003
24.0002
24.0002
24.0260
24.0323
24.0020
24.0003
24.0002
24.0002
24.0002
24.0002
24.0002
24.0002
24.0003
24.0003
24.0402
24.0026
24.0006
24.0004
24.0004
24.0004
24.0207
24.0287
24.0020
24.0314
24.0022
24.0124
24.0175
24.0479
24.0617
24.0245
24.0136
24.0137
24.0132
24.0150
24.0177
24.0208
24.0242
24.0277
24.0420
24.0346
24.0364
24.0388
24.0310
24.0401
24.0838
24.1051
24.0667
24.0499
24.0381
24.0332
24.0285
24.0463
24.0206
24.0159
24.0120
24.0016
24.0005
24.0045
24.0005
24.0003
24.0003
24.0003
24.0003
24.0003
24.0003
24.0003
24.0004
24.0005
24.0005
24.0004
24.0004
24.0003
24.0004
24.0004
24.0004
24.0003
24.0003
24.0003
24.0003
24.0003
24.0004
24.0004
24.0003
24.0003
24.0003
24.0004
24.0003
24.0003
24.0003
24.0003
24.0003
24.0003
24.0003
24.0003
24.0003
24.0003
24.0003
24.0003
24.9434
25.5321
25.8886
25.8538
25.8409
25.8451
25.8578
25.8754
25.8951
25.9151
25.9348
25.9536
25.9713
25.9874
26.0030
26.3100
26.2130
26.1623
26.1398
26.1335
26.1367
26.1456
26.1582
26.1726
26.1890
26.2047
26.2199
26.2344
26.5419
26.4396
26.3826
26.3525
26.3373
26.3302
26.3274
26.3269
26.3274
26.3283
26.3291
26.3298
26.3302
26.6242
26.5068
26.4385
26.3990
26.3755
26.3612
26.3520
26.3459
26.3415
26.3382
26.3354
26.3329
26.3305
26.6217
26.5019
26.4318
26.3908
26.3662
26.3507
26.3406
26.3335
26.3282
26.3240
26.3203
26.3170
26.3138
26.6037
26.4831
26.4123
26.3708
26.3456
26.3296
26.3188
26.3111
26.3052
26.3004
26.2962
26.2923
26.2886
26.5774
26.4564
26.3851
26.3432
25.6343
25.6031
25.6023
25.6023
25.6022
25.6022
25.6022
25.6022
25.6022
26.0652
25.6190
25.6026
25.0327
25.0049
25.0037
25.0034
25.0032
25.0030
25.0031
25.0029
25.0028
25.0026
25.0025
25.0024
24.4558
24.2276
24.1292
24.0745
24.0493
24.0175
24.0018
24.0009
24.0009
24.0009
24.0008
24.0008
24.0008
24.0007
24.0007
24.0007
24.0006
24.0006
24.0006
24.0005
24.0005
24.0005
24.0005
24.0005
24.0005
24.0005
24.0005
24.0005
24.0005
24.0005
24.0005
24.0463
24.0030
24.0006
24.0093
24.0617
24.0843
24.0754
24.0527
24.0243
24.0151
24.0836
24.0870
24.1069
24.0534
24.0352
24.0276
24.0231
24.0195
24.0158
24.0120
24.0114
24.0103
24.0028
24.0006
24.0005
24.0005
24.0005
24.0004
24.0200
24.0284
24.0107
24.0069
24.0007
24.0078
24.0117
24.0144
24.0169
24.0180
24.0233
24.0236
24.0226
24.0500
24.0353
24.0309
24.0319
24.0329
24.0354
24.0386
24.0425
24.0470
24.0519
24.0573
24.1105
24.2304
24.2501
24.1560
24.1276
24.1194
24.1180
24.1189
24.1204
24.1220
24.1236
24.1257
24.1332
24.2125
24.1839
24.1560
24.1479
24.1699
24.1795
24.1860
24.2375
24.2120
24.2782
24.3045
24.2253
24.2450
24.2306
24.2279
24.2523
24.2176
24.2050
24.2017
24.2007
24.2012
24.2019
24.2036
24.2059
24.2074
24.2095
24.2116
24.2091
24.2090
24.2123
24.2131
24.2365
24.2196
24.2121
24.2040
24.2007
24.1964
24.1846
24.2286
24.1992
24.1818
24.2148
24.1800
24.1723
24.1485
24.1335
24.1209
24.1086
24.0962
24.0834
24.0703
24.0587
24.0486
24.0340
24.0192
24.0024
24.0005
24.0004
24.0003
24.0004
24.0004
24.0003
24.0003
24.0004
24.0004
24.0004
24.0004
24.0004
24.0004
24.0002
24.0003
24.0003
24.0003
24.0003
24.0003
24.0003
24.0003
24.0003
24.0003
24.0003
24.0003
24.0003
24.0003
24.0003
24.9605
25.4930
25.8914
25.8870
25.8920
25.9070
25.9285
25.9531
25.9789
26.0044
26.0293
26.0532
26.0762
26.0972
26.1171
26.4320
26.3384
26.2894
26.2686
26.2636
26.2678
26.2776
26.2908
26.3064
26.3231
26.3400
26.3569
26.3733
26.6872
26.5859
26.5306
26.5019
26.4879
26.4819
26.4801
26.4804
26.4815
26.4829
26.4841
26.4850
26.4854
26.7834
26.6642
26.5951
26.5546
26.5303
26.5151
26.5051
26.4982
26.4929
26.4885
26.4847
26.4812
26.4778
26.7716
26.6489
26.5772
26.5345
26.5083
26.4914
26.4798
26.4712
26.4645
26.4588
26.4536
26.4488
26.4442
26.7358
26.6121
26.5394
26.4959
26.4688
26.4510
26.4385
26.4291
26.4216
26.4150
26.4090
26.4034
26.3979
26.6875
26.5635
26.4900
26.4458
25.6414
25.6032
25.6021
25.6021
25.6021
25.6021
25.6021
25.6020
25.6020
26.0863
25.6201
25.6024
25.0331
25.0048
25.0035
25.0033
25.0031
25.0029
25.0027
25.0026
25.0024
25.0022
25.0021
25.0020
24.4849
24.2621
24.1699
24.1198
24.0991
24.0920
24.0575
24.0788
24.0323
24.0089
24.0014
24.0009
24.0008
24.0008
24.0007
24.0007
24.0006
24.0006
24.0006
24.0005
24.0005
24.0113
24.0176
24.0220
24.0711
24.0726
24.0300
24.0400
24.0208
24.0146
24.0372
24.0226
24.0200
24.0194
24.0674
24.0388
24.0531
24.0597
24.1141
24.0662
24.0508
24.0924
24.1088
24.1081
24.0718
24.0597
24.0547
24.0518
24.0492
24.0465
24.0434
24.0405
24.0409
24.0394
24.0329
24.0280
24.0233
24.0224
24.0208
24.0213
24.0215
24.0230
24.0248
24.0214
24.0219
24.0290
24.0318
24.0368
24.0417
24.0360
24.0330
24.0323
24.0311
24.0544
24.0403
24.0360
24.0358
24.0603
24.0475
24.0454
24.0467
24.0495
24.0531
24.1516
24.0975
24.1250
24.0969
24.0900
24.0892
24.0900
24.0910
24.0918
24.0922
24.0924
24.1180
24.1082
24.1461
24.1620
24.1202
24.1087
24.1288
24.1138
24.1577
24.2239
24.1605
24.1419
24.2071
24.1635
24.1750
24.2303
24.2091
24.2274
24.1916
24.1834
24.1818
24.1828
24.1854
24.1884
24.1912
24.1951
24.1985
24.2007
24.2045
24.2066
24.1996
24.2086
24.2098
24.2320
24.2135
24.2120
24.2024
24.2212
24.2233
24.2001
24.1905
24.1799
24.1710
24.1606
24.2064
24.1822
24.1530
24.1369
24.1244
24.1128
24.1011
24.0891
24.0769
24.0644
24.0533
24.0431
24.0319
24.0149
24.0012
24.0004
24.0004
24.0004
24.0004
24.0003
24.0003
24.0006
24.0006
24.0006
24.0006
24.0003
24.0003
24.0003
24.0003
24.0003
24.0003
24.0003
24.0003
24.0003
24.0003
24.0003
24.0003
24.0003
24.0003
24.0003
24.0003
24.0003
24.9704
25.5326
25.9248
25.9146
25.9150
25.9270
25.9460
25.9683
25.9914
26.0142
26.0361
26.0569
26.0765
26.0946
26.1127
26.4243
26.3316
26.2827
26.2624
26.2579
26.2626
26.2729
26.2866
26.3025
26.3195
26.3363
26.3528
26.3686
26.6815
26.5790
26.5226
26.4928
26.4779
26.4711
26.4685
26.4681
26.4686
26.4695
26.4703
26.4708
26.4709
26.7682
26.6487
26.5795
26.5390
26.5147
26.4995
26.4895
26.4825
26.4773
26.4730
26.4693
26.4658
26.4625
26.7559
26.6334
26.5619
26.5196
26.4939
26.4774
26.4663
26.4584
26.4522
26.4472
26.4428
26.4388
26.4349
26.7270
26.6042
26.5325
26.4900
26.4641
26.4474
26.4361
26.4279
26.4216
26.4163
26.4117
26.4074
26.4034
26.6944
26.5716
26.4998
26.4574
25.6421
25.6032
25.6022
25.6021
25.6021
25.6020
25.6020
25.6020
25.6020
26.0938
25.6205
25.6024
25.0327
25.0043
25.0030
25.0028
25.0027
25.0026
25.0025
25.0024
25.0023
25.0022
25.0021
25.0020
24.5400
24.3349
24.2519
24.2058
24.1739
24.1483
24.1256
24.1047
24.0850
24.0662
24.0482
24.0309
24.0144
24.0012
24.0005
24.0004
24.0004
24.0004
24.0004
24.0005
24.0005
24.0005
24.0005
24.0005
24.0005
24.0005
24.0005
24.0005
24.0005
24.0005
24.0005
24.0005
24.0005
24.0005
24.0005
24.0005
24.0005
24.0005
24.0005
24.0005
24.0005
24.0005
24.0005
24.0005
24.0005
24.0005
24.0005
24.0005
24.0005
24.0005
24.0005
24.0005
24.0004
24.0004
24.0004
24.0004
24.0004
24.0004
24.0004
24.0004
24.0004
24.0004
24.0004
24.0004
24.0004
24.0004
24.0004
24.0004
24.0004
24.0004
24.0004
24.0004
24.0004
24.0004
24.0004
24.0004
24.0004
24.0004
24.0004
24.0004
24.0004
24.0004
24.0004
24.0004
24.0004
24.0004
24.0004
24.0004
24.0004
24.0004
24.0005
24.0005
24.0005
24.0005
24.0005
24.0005
24.0005
24.0005
24.0005
24.0005
24.0005
24.0005
24.0005
24.0005
24.0005
24.0005
24.0005
24.0005
24.0005
24.0005
24.0005
24.0005
24.0005
24.0005
24.0005
24.0005
24.0005
24.0005
24.0005
24.0005
24.7042
25.0635
25.2891
25.4513
25.5733
25.6676
25.7408
25.7992
25.8473
25.8884
25.9244
25.9568
26.2780
26.2005
26.1595
26.1437
26.1417
26.1474
26.1575
26.1698
26.1832
26.1969
26.2104
26.2235
26.2359
26.5446
26.4415
26.3835
26.3533
26.3385
26.3324
26.3312
26.3326
26.3356
26.3392
26.3431
26.3470
26.3506
26.6496
26.5356
26.4704
26.4339
26.4136
26.4023
26.3962
26.3931
26.3918
26.3914
26.3915
26.3920
26.3925
26.6887
26.5711
26.5035
26.4650
26.4429
26.4300
26.4224
26.4179
26.4152
26.4136
26.4125
26.4118
26.4112
26.7064
26.5875
26.5190
26.4797
26.4568
26.4432
26.4349
26.4298
26.4265
26.4243
26.4227
26.4215
26.4204
26.7154
26.5958
26.5268
26.4870
26.4637
26.4496
26.4409
26.4352
26.4313
26.4285
26.4262
26.4243
26.4225
26.7168
26.5960
26.5262
26.4856
26.4616
26.4467
26.4372
26.4308
26.4261
26.4225
26.4195
26.4169
26.4143
26.7077
26.5861
26.5155
26.4743
26.4496
26.4341
26.4239
26.4168
26.4115
26.4072
26.4035
26.4001
26.3970
26.6892
26.5670
26.4957
26.4539
26.4286
26.4125
26.4018
26.3940
26.3881
26.3833
26.3790
26.3750
26.3713
26.6623
26.5397
26.4680
26.4257
26.4000
26.3834
26.3722
26.3640
26.3576
26.3523
26.3475
26.3431
26.3389
26.6286
26.5059
26.4338
26.3912
26.3650
26.3481
26.3364
26.3278
26.3211
26.3154
26.3103
26.3057
26.3013
26.5905
26.4701
26.4020
26.3657
26.3480
26.3413
26.3415
26.3457
26.3522
26.3599
26.3682
26.3766
26.3849
26.6900
26.5801
26.5194
26.4870
26.4708
26.4635
26.4616
26.4628
26.4658
26.4701
26.4750
26.4804
26.4860
26.7912
26.6790
26.6165
26.5830
26.5662
26.5589
26.5572
26.5588
26.5623
26.5671
26.5727
26.5789
26.5853
26.8937
26.7050
26.6753
26.6587
26.6516
26.6500
26.6518
26.6556
26.6606
26.6665
26.6728
26.6795
26.6864
26.9986
26.7084
26.7020
26.7019
26.7020
26.7020
26.7020
26.7020
26.7021
26.7021
26.7021
26.7021
26.7021
27.0559
26.7110
26.7024
26.7022
26.7022
26.7022
26.7022
26.7022
26.7023
26.7023
26.7023
26.7023
26.7023
27.0950
26.7133
26.7025
26.7023
26.7023
26.7023
26.7024
26.7024
26.7024
26.7024
26.7024
26.7024
26.7024
27.1241
26.7151
26.7027
26.7024
26.7024
26.7024
26.7024
26.7024
26.7024
26.7024
26.7024
26.7024
26.7025
27.1414
26.7161
26.7028
26.7025
26.7025
26.7025
26.7025
26.7025
26.7025
26.7025
26.7025
26.7025
26.7025
27.1603
26.7173
26.7028
26.7025
26.7025
26.7025
26.7025
26.7025
26.7025
26.7025
26.7025
26.7025
26.7025
27.1544
26.7172
26.7028
26.7024
26.7024
26.7024
26.7024
26.7023
26.7023
26.7023
26.7023
26.7023
26.7023
27.1441
26.7165
26.7025
26.7022
26.7022
26.7022
26.7022
26.7022
26.7021
26.7021
26.7021
26.7021
26.7021
27.1304
26.7154
26.7023
26.7021
26.7020
26.7020
26.7020
26.7020
26.7020
26.7020
26.7020
26.7020
26.7020
27.1273
26.7146
26.7023
26.7021
26.7020
26.7020
26.7020
26.7020
26.7020
26.7020
26.7020
26.7020
26.7020
27.1043
26.7131
26.7022
26.7020
26.7020
26.7020
26.7020
26.7020
26.7020
26.7020
26.7019
26.7019
26.7019
27.0788
26.7117
26.7021
26.7019
26.7019
26.7019
26.7019
26.7019
26.7019
26.7019
26.7019
26.7018
26.7018
27.0447
26.7101
26.7020
26.7018
26.7018
26.7018
26.7017
26.7017
26.7017
26.7017
26.7017
26.7017
26.7017
27.0166
26.7088
26.7018
26.7016
26.7016
26.7016
26.7006
26.6980
26.6944
26.6901
26.6854
26.6803
26.6749
26.9724
26.7070
26.6905
26.6753
26.6634
26.6538
26.6456
26.6382
26.6313
26.6245
26.6179
26.6113
26.6047
26.8993
26.7048
26.6578
26.6260
26.6045
26.5888
26.5766
26.5664
26.5575
26.5492
26.5412
26.5335
26.5258
26.8174
26.6889
26.6125
26.5657
26.5354
26.5144
26.4987
26.4861
26.4753
26.4656
26.4565
26.4478
26.4392
26.7281
26.5997
26.5228
26.4756
25.6456
25.6044
25.6031
25.6030
25.6029
25.6029
25.6028
25.6028
25.6028
26.0983
25.6217
25.6031
25.0344
25.0056
25.0042
25.0039
25.0036
25.0033
25.0031
25.0029
25.0027
25.0026
25.0024
25.0023
24.4823
24.2588
24.1660
24.1154
24.0894
24.0672
24.0406
24.0189
24.0022
24.0123
24.0017
24.0015
24.0010
24.0009
24.0009
24.0008
24.0008
24.0007
24.0007
24.0007
24.0006
24.0674
24.0043
24.0008
24.0005
24.0003
24.0003
24.0003
24.0003
24.0002
24.0654
24.0718
24.0348
24.0285
24.0798
24.0816
24.0900
24.0792
24.1062
24.0998
24.1049
24.2545
24.2020
24.2810
24.2055
24.1867
24.1845
24.1876
24.1923
24.1973
24.2022
24.2093
24.2132
24.2202
24.2224
24.2261
24.2308
24.2378
24.2442
24.2519
24.2827
24.2775
24.2820
24.3122
24.3043
24.3085
24.3139
24.3187
24.3242
24.3267
24.3290
24.3772
24.3495
24.3443
24.3426
24.3447
24.3480
24.3524
24.3578
24.3640
24.3709
24.3783
24.3863
24.4412
24.4926
24.4886
24.4551
24.4496
24.4523
24.4574
24.4630
24.4686
24.4739
24.4789
24.4836
24.5404
24.5363
24.5607
24.5271
24.5210
24.5451
24.6497
24.6233
24.6688
24.6449
24.6447
24.6489
24.6084
24.5986
24.6430
24.6191
24.6134
24.6156
24.6184
24.6226
24.6280
24.6327
24.6378
24.6430
24.6477
24.6533
24.6579
24.6623
24.6665
24.6683
24.6766
24.6989
24.6868
24.6850
24.6815
24.6988
24.6832
24.6992
24.6802
24.6699
24.6626
24.6558
24.6939
24.6819
24.6481
24.6330
24.6219
24.6112
24.6001
24.5880
24.5750
24.5611
24.5482
24.5346
24.5179
24.5028
24.4887
24.4741
24.4630
24.4547
24.4414
24.4315
24.4228
24.4149
24.4053
24.3997
24.3933
24.3865
24.3790
24.3743
24.3635
24.3538
24.3676
24.3704
24.3475
24.3283
24.3104
24.2999
24.2888
24.2777
24.2652
24.2527
24.2400
24.2271
24.2375
25.3092
25.8846
26.2881
26.2718
26.2687
26.2774
26.2917
26.3088
26.3271
26.3452
26.3625
26.3786
26.3937
26.4077
26.4204
26.7331
26.6276
26.5696
26.5420
26.5313
26.5307
26.5364
26.5462
26.5581
25.4997
24.9315
24.7074
24.6009
25.6440
25.0030
24.6681
24.5239
24.4436
24.3864
24.3380
24.2931
24.2494
24.2064
24.1636
24.1212
24.0790
25.0973
24.5024
24.1756
24.0322
23.9525
23.8972
23.8519
23.8111
23.7726
23.7354
23.6991
23.6636
23.6287
24.6158
24.0618
23.7475
23.6116
23.5390
23.4908
23.4528
23.4192
23.3878
23.3576
23.3282
23.2993
23.2709
24.2339
23.7135
23.4081
23.2774
23.2096
23.1663
23.1331
23.1043
23.0775
23.0518
23.0266
23.0019
22.9775
23.9195
23.4249
23.1260
22.9985
22.9336
22.8933
22.8631
22.8372
22.8134
22.7906
22.7684
22.7466
22.7251
23.6484
23.1746
22.8819
22.7579
22.6968
22.6612
22.6366
22.6173
22.6008
22.5862
22.5728
22.5604
22.5488
22.5379
22.5275
24.6786
25.8045
26.2327
26.5576
26.6667
26.6717
26.6721
26.6723
26.6724
26.6723
26.6723
26.6722
26.6721
26.6719
26.6718
26.6716
26.6714
26.6713
26.6712
26.6711
26.6710
26.6709
26.6708
26.6708
26.6706
26.6706
26.6707
26.6706
26.6706
26.6705
26.6704
26.6704
26.6703
26.6703
26.6702
26.6702
26.6700
26.6701
26.6846
26.6836
26.6943
26.7593
26.8352
26.8498
26.8481
26.8586
26.8760
26.8969
26.9194
26.9422
26.9647
26.9868
27.0083
27.0291
27.0497
27.0703
27.0913
27.1129
27.1353
27.1585
27.1825
27.2073
27.2546
27.2724
27.2936
27.3163
27.3395
27.3625
27.3850
27.4066
27.4275
27.4475
27.4671
27.4866
27.5061
27.5260
27.5463
27.5670
27.5885
27.6107
27.6336
27.6573
27.6816
27.7276
27.8299
27.8423
27.8396
27.8473
27.8609
27.8776
27.8956
27.9139
27.9318
27.9490
27.9654
27.9809
28.0160
28.0434
28.0458
28.0530
28.0841
28.1102
28.1339
28.2165
28.2560
28.2697
28.3070
28.2803
28.2920
28.3078
28.3261
28.3265
28.3347
28.3477
28.3635
28.3813
28.4003
28.4201
28.4405
28.4610
28.4814
28.5017
28.5217
28.5414
28.5606
28.5792
28.6168
28.6282
28.6401
28.6519
28.6828
28.7073
28.7271
28.7239
28.7236
28.7250
28.7271
28.7296
28.7518
28.7680
28.7604
28.7554
28.7516
28.7480
28.7441
28.7394
28.7338
28.7272
28.7197
28.7117
28.7032
28.6940
28.6843
28.6744
28.6649
28.6558
28.6476
28.6405
28.6345
28.6298
28.6265
28.6243
28.6230
28.6221
28.6213
28.6205
28.6193
28.6371
28.6293
28.6229
28.6174
28.6130
28.6094
28.6070
28.6057
28.6054
28.6059
28.6070
28.6088
28.6303
27.4950
26.9466
26.6098
26.4547
26.3643
26.2965
26.2363
26.1981
26.1278
26.0662
26.0069
25.9483
27.1336
26.3769
26.0095
25.8488
25.7567
25.6905
25.6354
25.5858
25.5394
25.4951
25.4524
25.4110
25.3707
26.5017
25.8173
25.4776
25.3330
25.2524
25.1951
25.1465
25.1014
25.0577
25.0146
24.9718
24.9293
24.8872
25.9750
25.3292
24.9898
24.8436
24.7630
24.7070
24.6611
24.6196
24.5803
24.5422
24.5049
24.4681
24.4319
25.4871
24.8802
24.5520
24.4118
24.3368
24.2865
24.2463
24.2105
24.1767
24.1440
24.1120
24.0805
24.0493
25.0769
24.5034
24.1832
24.0472
23.9760
23.9296
23.8932
23.8611
23.8311
23.8020
23.7735
23.7454
23.7175
24.7200
24.1731
23.8599
23.7270
23.6583
23.6144
23.5805
23.5509
23.5232
23.4965
23.4704
23.4445
23.4190
24.3984
23.8743
23.5676
23.4376
23.3715
23.3302
23.2996
23.2739
23.2511
23.2302
23.2108
23.1926
23.1756
23.1595
23.1444
23.1301
23.1166
23.1038
25.2408
26.4523
26.6625
26.6703
26.6709
26.6710
26.6710
26.6710
26.6709
26.6709
26.6708
26.6707
26.6707
26.6706
26.6706
26.6705
26.6705
26.6705
26.6704
26.6704
26.6703
26.6703
26.6702
26.6701
26.6701
26.6700
26.6701
26.6701
26.6700
26.6842
26.7326
26.8025
26.8173
26.8423
26.8960
26.9687
26.9854
27.1013
27.1672
27.1581
27.1661
27.2517
27.2976
27.4067
27.3809
27.3769
27.3866
27.4034
27.4240
27.4462
27.4688
27.4910
27.5127
27.5336
27.5537
27.5734
27.5933
27.6136
27.6344
27.6771
27.6936
27.7119
27.7327
27.7554
27.7793
27.8040
27.8288
27.8535
27.8777
27.9013
27.9243
27.9673
28.0029
28.0133
28.0284
28.0462
28.0660
28.0872
28.1095
28.1328
28.1569
28.1816
28.2070
28.3141
28.3922
28.3937
28.3863
28.3910
28.4033
28.4193
28.4372
28.4558
28.4743
28.4923
28.5292
28.5392
28.5892
28.5880
28.5927
28.6012
28.6702
28.6642
28.7055
28.7394
28.7324
28.7554
28.8159
28.8076
28.8486
28.8466
28.8537
28.8660
28.8817
28.8991
28.9177
28.9365
28.9555
28.9742
28.9925
29.0104
29.0280
29.0452
29.0615
29.0771
29.0920
29.1620
29.1602
29.1627
29.1672
29.1734
29.1806
29.1878
29.1934
29.2188
29.2197
29.2212
29.2229
29.2243
29.2612
29.2874
29.2689
29.2551
29.2439
29.2339
29.2241
29.2143
29.2038
29.1927
29.1808
29.1685
29.1561
29.1434
29.1305
29.1176
29.1052
29.0934
29.0827
29.0728
29.0640
29.0565
29.0503
29.0447
29.0402
29.0362
29.0322
29.0281
29.0235
29.0182
29.0124
29.0061
28.9993
29.0111
28.9990
28.9895
28.9815
28.9754
28.9707
28.9671
28.9645
28.9811
27.8449
27.2923
26.9550
26.7755
26.6749
26.6005
26.5352
26.4727
26.4107
26.3486
26.2863
26.2241
27.4073
26.6423
26.2721
26.1084
26.0127
25.9428
25.8842
25.8313
25.7817
25.7344
25.6890
25.6451
26.5358
27.2314
26.7207
26.7012
26.7007
26.7007
26.7007
26.7007
26.7008
26.7008
26.7008
26.7008
26.7008
26.7009
27.2940
26.7235
26.7015
26.7009
26.7009
26.7009
26.7010
26.7010
26.7010
26.7010
26.7011
26.7011
26.7011
27.2692
26.7222
26.7017
26.7012
26.7012
26.7012
26.7012
26.7012
26.7012
26.7013
26.7013
26.7013
26.7013
27.2440
26.7209
26.7018
26.7013
26.7013
26.7013
26.7014
26.7014
26.7014
26.7014
26.7014
26.7014
26.7014
27.2145
26.7192
26.7018
26.7014
26.7014
26.7014
26.7015
25.7722
25.6106
25.6027
25.6023
25.6022
25.6021
26.4673
25.6508
25.6038
25.6019
25.6018
25.6018
25.1963
25.0279
25.0041
25.0026
25.0023
25.0021
25.0018
25.0016
25.0015
25.0013
25.0012
25.0011
24.8435
24.7466
24.7096
24.6854
24.6769
24.6576
24.6372
24.6881
24.6541
24.6136
24.5930
24.6252
24.5870
24.5707
24.5616
24.5559
24.5521
24.5497
24.5483
24.5477
24.5476
24.5938
24.6114
24.6197
24.6046
24.6240
24.5889
24.5772
24.5732
24.5725
24.5730
24.6197
24.5926
24.5853
24.6517
24.6309
24.6280
24.6740
24.6233
24.6085
24.6031
24.6463
24.7312
24.6895
24.6370
24.6188
24.6103
24.6046
24.5996
24.5944
24.5890
24.5873
24.5817
24.5738
24.5677
24.5620
24.5555
24.5526
24.5500
24.5478
24.5687
24.5524
24.5474
24.5389
24.5423
24.5426
24.5417
24.5401
24.5386
24.5597
24.5669
24.5418
24.5311
24.5257
24.5225
24.5204
24.5187
24.5174
24.5172
24.5176
24.5187
24.5204
24.5225
24.5930
24.6236
24.6758
24.5919
24.5660
24.5558
24.5503
24.5461
24.5417
24.5387
24.5320
24.5302
24.5261
24.5623
24.6184
24.5457
24.5215
24.5106
24.5730
24.5272
24.6046
24.5666
24.5557
24.5298
24.5203
24.5187
24.5671
24.5876
24.6202
24.5672
24.5523
24.5483
24.5486
24.5508
24.5534
24.5561
24.5604
24.5638
24.5678
24.5716
24.5739
24.5930
24.6105
24.5901
24.5838
24.5836
24.5797
24.5733
24.5707
24.5885
24.5885
24.5690
24.5540
24.5434
24.5555
24.5567
24.5430
24.5148
24.4975
24.4830
24.4691
24.4549
24.4403
24.4253
24.4105
24.3980
24.3858
24.3664
24.3444
24.3330
24.3202
24.3105
24.3162
24.2922
24.2779
24.2619
24.2537
24.2445
24.2347
24.2245
24.2159
24.2044
24.1979
24.1867
24.1757
24.1659
24.1606
24.1478
24.1416
24.1351
24.1287
24.1223
24.1160
24.1097
24.1034
24.0972
24.1146
25.1565
25.7439
25.8648
25.9481
26.0159
26.0718
26.1188
26.1588
26.1932
26.2235
26.2502
26.2739
26.2954
26.3148
26.6306
26.5378
26.4861
26.4630
26.4550
26.4802
26.4795
26.4858
26.4966
26.5108
26.5266
26.5425
26.5585
26.8815
26.7034
26.6786
26.6657
26.6608
26.6602
26.6617
26.6641
26.6667
26.6690
26.6708
26.6720
26.6726
26.9766
26.7060
26.6983
26.6900
26.6838
26.6791
26.6753
26.6720
26.6688
26.6657
26.6626
26.6593
26.6559
26.9551
26.7055
26.6856
26.6695
26.6581
26.6496
26.6429
26.6373
26.6323
26.6277
26.6232
26.6188
26.6144
26.9115
26.7045
26.6662
26.6401
26.6228
26.6106
26.6016
26.5943
26.5882
26.5826
26.5774
26.5724
26.5675
26.8629
26.7034
26.6446
26.6078
26.5843
25.6531
25.6039
25.6024
25.6023
25.6022
25.6022
25.6022
25.6022
26.1456
25.6239
25.6027
25.6021
25.0346
25.0050
25.0035
25.0032
25.0030
25.0027
25.0025
25.0023
25.0022
25.0021
25.0019
25.0018
24.5620
24.3656
24.2867
24.2432
24.2253
24.2247
24.1870
24.1630
24.1700
24.1893
24.1450
24.1725
24.1323
24.1152
24.1064
24.1014
24.0984
24.0968
24.0961
24.0961
24.0968
24.1216
24.1079
24.1518
24.1243
24.1639
24.1569
24.1346
24.1276
24.1265
24.1274
24.1528
24.1403
24.1381
24.1624
24.1721
24.1784
24.1599
24.2502
24.1920
24.1752
24.1926
24.1778
24.1893
24.1773
24.1738
24.1719
24.1712
24.1698
24.1659
24.1647
24.1640
24.1659
24.1599
24.1568
24.1505
24.1494
24.1484
24.1479
24.1485
24.1490
24.1475
24.1521
24.1478
24.1548
24.1580
24.1598
24.1610
24.1609
24.1667
24.1653
24.1616
24.1601
24.1605
24.1830
24.1924
24.1746
24.1693
24.1688
24.1704
24.1731
24.1766
24.1806
24.2554
24.3120
24.3066
24.2485
24.2313
24.2265
24.2256
24.2256
24.2258
24.2258
24.2255
24.2287
24.2539
24.2827
24.2470
24.2344
24.2320
24.2790
24.2751
24.3008
24.3354
24.3780
24.3537
24.3269
24.2965
24.3112
24.2972
24.3660
24.3250
24.3145
24.3149
24.3164
24.3192
24.3231
24.3270
24.3319
24.3362
24.3405
24.3450
24.3465
24.3494
24.3488
24.3573
24.3572
24.4011
24.3958
24.3722
24.4034
24.3693
24.3830
24.3564
24.3437
24.3346
24.3261
24.3409
24.3177
24.3508
24.3110
24.2914
24.2772
24.2644
24.2518
24.2390
24.2259
24.2126
24.1991
24.1856
24.1722
24.1592
24.1467
24.1586
24.1331
24.1185
24.1074
24.0981
24.0896
24.0815
24.0736
24.0659
24.0580
24.0500
24.0418
24.0336
24.0255
24.0178
24.0106
24.0042
24.0002
24.0000
24.0000
24.0000
24.0000
24.0000
24.0000
24.0000
24.0000
24.0000
24.0000
24.0000
24.0000
24.0000
24.0000
24.0000
24.0000
24.0000
24.0000
24.0000
24.0000
24.0000
24.9804
24.3999
24.0980
24.0054
24.0003
24.0000
24.0000
24.0000
24.0000
24.0000
24.0000
24.0000
24.0000
24.9679
24.3822
24.0781
24.0043
24.0003
24.0000
24.0000
24.0000
24.0000
24.0000
24.0000
24.0000
24.0000
24.9295
24.3275
24.0182
24.0010
24.0001
24.0000
24.0000
24.0000
24.0000
24.0000
24.0000
24.0000
24.0000
24.8900
24.2727
24.0152
24.0009
24.0001
24.0000
24.0000
24.0000
24.0000
24.0000
24.0000
24.0000
24.0000
24.8592
24.2289
24.0128
24.0007
24.0001
24.0000
24.0000
24.0000
24.0000
24.0000
24.0000
24.0000
24.0000
24.8338
24.1922
24.0107
24.0006
24.0001
24.0000
24.0000
24.0000
24.0000
24.0000
24.0000
24.0000
24.0000
24.8109
24.1599
24.0089
24.0005
24.0001
24.0001
24.0001
24.0001
24.0001
24.0001
24.0001
24.0001
24.0001
24.0001
24.0001
24.0001
24.0001
24.0001
24.0000
24.0000
24.0000
24.0000
24.0000
24.0000
24.0000
24.0000
24.0000
24.0000
24.0000
24.0000
24.0000
24.0000
24.0000
24.0000
24.0000
24.0000
24.0000
24.0000
24.0000
24.0000
24.0000
24.0000
24.0000
24.0000
24.0000
24.0000
24.0000
24.0000
24.0000
24.0000
24.0000
24.0000
24.0000
24.0000
24.0000
24.0000
24.0000
24.0000
24.0000
24.0000
24.0000
24.0000
24.0000
24.0000
24.0000
24.0000
24.0000
24.0000
24.0000
24.0000
24.0000
24.0000
24.0000
24.0000
24.0000
24.0000
24.0000
24.0000
24.0000
24.0000
24.0000
24.0000
24.0000
24.0000
24.0000
24.0000
24.0000
24.0000
24.0000
24.0000
24.0000
24.0000
24.0000
24.0000
24.0000
24.0000
24.0000
24.0000
24.0000
24.0000
24.0000
24.0000
24.0000
24.0000
24.0000
24.0000
24.0000
24.0000
24.0000
24.0000
24.0000
24.0000
24.0000
24.0000
24.0000
24.0000
24.0000
24.0000
24.0000
24.0000
24.0000
24.0000
24.0000
24.0000
24.0000
24.0000
24.0000
24.0000
24.0000
24.0000
24.0000
24.0000
24.0000
24.0000
24.0000
24.0000
24.0000
24.0000
24.0001
24.0001
24.0001
24.0001
24.0001
24.0001
24.0000
24.0000
24.0000
24.0000
24.0000
24.0000
24.8943
24.2787
24.0155
24.0008
24.0000
24.0000
24.0000
24.0000
24.0000
24.0000
24.0000
24.0000
24.0000
24.8780
24.2552
24.0142
24.0008
24.0001
24.0000
24.0000
24.0000
24.0000
24.0000
24.0000
24.0000
24.0000
24.8566
24.2258
24.0126
24.0007
24.0001
24.0000
24.0000
24.0000
24.0000
24.0000
24.0000
24.0000
24.0000
24.8376
24.1989
24.0111
24.0007
24.0001
24.0000
24.0000
24.0000
24.0000
24.0000
24.0000
24.0000
24.0000
24.8208
24.1753
24.0098
24.0006
24.0001
24.0001
24.0001
24.0001
24.0001
24.0001
24.0000
24.0000
24.0000
24.8051
24.1526
24.0085
24.0005
24.0001
24.0001
24.0001
24.0001
24.0001
24.0000
24.0000
24.0000
24.0000
24.7894
24.1292
24.0072
24.0004
24.0001
24.0000
24.0000
24.0000
24.0000
24.0000
24.0000
24.0000
24.0000
24.7730
24.1049
24.0059
24.0004
24.0001
24.0001
24.0001
24.0001
24.0001
24.0001
24.0001
24.0001
24.0001
24.7568
24.0800
24.0045
24.0003
24.0001
24.0001
24.0001
24.0001
24.0001
24.0001
24.0001
24.0001
24.0001
24.7420
24.0577
24.0033
24.0002
24.0001
24.0001
24.0001
24.0001
24.0001
24.0001
24.0001
24.0001
24.0001
24.7288
24.0426
24.0024
24.0002
24.0001
24.0001
24.0001
24.0001
24.0001
24.0001
24.0001
24.0001
24.0001
24.7177
24.0419
24.0024
24.0002
24.0001
24.0001
24.0001
24.0001
24.0001
24.0001
24.0001
24.0001
24.0001
24.7529
24.0768
24.0043
24.0003
24.0001
24.0001
24.0001
24.0001
24.0001
24.0001
24.0001
24.0001
24.0001
24.7743
24.1077
24.0060
24.0004
24.0001
24.0001
24.0001
24.0001
24.0001
24.0001
24.0000
24.0000
24.0000
24.7984
24.1433
24.0080
24.0005
24.0001
24.0001
24.0000
24.0000
24.0000
24.0000
24.0000
24.0000
24.0000
24.8223
24.1785
24.0100
24.0006
24.0001
24.0000
24.0000
24.0000
24.0000
24.0000
24.0000
24.0000
24.0000
24.8447
24.2098
24.0117
24.0007
24.0001
24.0000
24.0000
24.0000
24.0000
24.0000
24.0000
24.0000
24.0000
24.8599
24.2307
24.0129
24.0007
24.0001
24.0000
24.0000
24.0000
24.0000
24.0000
24.0000
24.0000
24.0000
24.8734
24.2505
24.0139
24.0008
24.0001
24.0000
24.0000
24.0000
24.0000
24.0000
24.0000
24.0000
24.0000
24.8935
24.2788
24.0155
24.0009
24.0001
24.0000
24.0000
24.0000
24.0000
24.0000
24.0000
24.0000
24.0000
24.9094
24.3001
24.0167
24.0009
24.0001
24.0000
24.0000
24.0000
24.0000
24.0000
24.0000
24.0000
24.0000
24.9129
24.3035
24.0169
24.0010
24.0001
24.0000
24.0000
24.0000
24.0000
24.0000
24.0000
24.0000
24.0000
24.8965
24.2805
24.0156
24.0009
24.0001
24.0000
24.0000
24.0000
24.0000
24.0000
24.0000
24.0000
24.0000
24.8739
24.2485
24.0139
24.0008
24.0001
24.0000
24.0000
24.0000
24.0000
24.0000
24.0000
24.0000
24.0000
24.8492
24.2139
24.0119
24.0007
24.0001
24.0001
24.0001
24.0001
24.0001
24.0001
24.0001
24.0001
24.0001
24.8271
24.1837
24.0103
24.0006
24.0001
24.0001
24.0001
24.0001
24.0001
24.0001
24.0001
24.0001
24.0001
24.8096
24.1586
24.0089
24.0005
24.0001
24.0001
24.0001
24.0001
24.0001
24.0001
24.0001
24.0001
24.0001
24.7941
24.1361
24.0076
24.0005
24.0001
24.0001
24.0001
24.0001
24.0001
24.0001
24.0001
24.0001
24.0001
24.7793
24.1141
24.0064
24.0004
24.0001
24.0001
24.0001
24.0001
24.0001
24.0001
24.0001
24.0001
24.0001
24.7654
24.0929
24.0052
24.0003
24.0001
24.0001
24.0001
24.0001
24.0001
24.0001
24.0001
24.0001
24.0001
24.7512
24.0717
24.0040
24.0003
24.0001
24.0001
24.0001
24.0001
24.0001
24.0001
24.0001
24.0001
24.0001
24.7369
24.0501
24.0028
24.0002
24.0001
24.0001
24.0001
24.0001
24.0001
24.0001
24.0001
24.0001
24.0001
24.7224
24.0422
24.0024
24.0002
24.4866
24.7615
24.9417
25.0786
25.1790
25.2509
25.3036
25.3419
25.3704
25.6645
25.5732
25.5248
25.0195
25.0017
25.0013
25.0013
25.0013
25.0013
25.0013
25.0012
25.0012
25.0012
25.0012
25.0012
24.2110
24.0101
24.0003
23.9999
23.9995
23.9997
23.9998
23.9999
24.0000
24.0000
24.0000
24.0001
24.0001
24.0001
24.0001
24.0001
24.0001
24.0001
24.0001
24.0002
24.0002
24.0002
24.0002
24.0003
24.0004
24.0005
24.0005
24.0005
24.0004
24.0004
24.0004
24.0004
24.0004
24.0004
24.0004
24.0005
24.0005
24.0005
24.0005
24.0005
24.0005
24.0005
24.0461
24.0159
24.0014
24.0006
24.0005
24.0004
24.0004
24.0004
24.0003
24.0004
24.0004
24.0004
24.0005
24.0005
24.0005
24.0004
24.0004
24.0004
24.0003
24.0003
24.0003
24.0002
24.0002
24.0002
24.0002
24.0002
24.0003
24.0003
24.0003
24.0004
24.0004
24.0004
24.0004
24.0004
24.0004
24.0003
24.0003
24.0003
24.0003
24.0003
24.0003
24.0003
24.0003
24.0700
24.0041
24.0005
24.0003
24.0002
24.0002
24.0002
24.0002
24.0002
24.0002
24.0003
24.0436
24.0367
24.0025
24.0006
24.0022
24.0046
24.0072
24.0610
24.0368
24.0560
24.0188
24.1032
24.0678
24.1323
24.0908
24.1032
24.0649
24.0539
24.0528
24.0544
24.0576
24.0614
24.0657
24.0696
24.0747
24.0794
24.0835
24.0832
24.0819
24.1148
24.1000
24.1219
24.1007
24.1000
24.1136
24.0935
24.0854
24.0773
24.0745
24.0699
24.0611
24.0773
24.1266
24.0901
24.0543
24.0358
24.0225
24.0108
24.0009
24.0003
24.0003
24.0003
24.0004
24.0004
24.0004
24.0004
24.0003
24.0003
24.0003
24.0003
24.0003
24.0003
24.0003
24.0003
24.0003
24.0003
24.0003
24.0002
24.0003
24.0003
24.0004
24.0004
24.0004
24.0004
24.0004
24.0004
24.0004
24.0003
24.0003
24.0003
24.0003
24.0003
24.0003
24.0003
25.0504
25.5463
25.9224
25.9000
25.8948
25.9034
25.9205
25.9423
25.9663
25.9912
26.0162
26.0408
26.0893
26.1043
26.1213
26.4356
26.3442
26.2967
26.2788
26.2765
26.2831
26.2950
26.3101
