0.4216
0.2000
0.2000
0.2000
0.2000
0.0000
0.2000
0.2000
0.2000
0.2000
0.2000
0.2000
0.2000
0.2000
0.2000
0.2000
0.2000
0.2000
0.0000
0.2000
0.2000
0.2000
0.2000
0.2000
0.2000
0.2000
0.2000
0.2000
0.2000
0.2000
0.2000
0.0000
0.2000
0.2000
0.2000
0.2000
0.2000
0.2000
0.2000
0.2000
0.2000
0.2000
0.2000
0.2000
0.0000
0.2000
0.2000
0.2000
0.2000
0.2000
0.2000
0.2000
0.2000
0.2000
0.2000
0.2000
0.2000
0.0000
0.2000
0.2000
0.2000
0.2000
0.2000
0.2000
0.2000
0.2000
0.2000
0.2000
0.2000
0.2000
0.0000
0.2000
0.2000
0.2000
0.2000
0.2000
0.2000
0.2000
0.2000
0.2000
0.2000
0.2000
0.2000
0.2000
0.2000
0.5814
0.3550
0.3358
0.3290
0.3263
0.3206
0.3165
0.3113
0.3079
0.3045
0.3016
0.2984
0.2959
0.2934
0.2910
0.2889
0.2869
0.2852
0.2835
0.2820
0.2806
0.2794
0.2780
0.2770
0.2766
0.2755
0.2749
0.2740
1.0000
1.0000
1.0000
1.0000
1.0000
1.0000
1.0000
1.0000
1.0000
1.0000
1.0000
1.0000
1.0000
1.0000
1.0000
1.0000
1.0000
1.0000
1.0000
1.0000
1.0000
1.0000
1.0000
1.0000
0.2000
0.2000
0.2000
0.2000
0.2000
0.2000
0.2000
0.2000
0.2000
0.2000
0.2000
0.2000
0.2000
0.2000
0.2000
0.2033
0.2152
0.2202
0.2224
0.2258
0.2289
0.2320
0.2342
0.2368
0.2391
0.2414
0.2437
0.2458
0.2479
0.2499
0.2518
0.2537
0.2556
0.2553
0.2587
0.2602
0.2617
0.2630
0.2642
0.2653
0.2664
0.2674
0.2692
0.2707
0.2704
0.2712
0.2716
0.2732
0.2740
0.2748
0.2758
0.2770
0.2779
0.2788
0.2796
0.2800
0.2814
0.2819
0.8353
0.8646
0.9125
0.9239
0.9345
0.9422
0.9494
0.9553
0.9615
0.9668
0.9708
0.9742
0.9778
0.9801
0.9534
0.4028
0.9262
0.9863
0.9872
0.9892
0.9957
0.4102
0.3828
0.9543
0.9749
0.9898
0.9963
0.9960
0.9730
0.4094
0.3853
0.3726
0.3635
0.3563
0.3502
0.3451
0.3406
0.3372
0.3332
0.8885
0.9089
0.9499
0.9627
0.9693
0.3860
0.3613
0.3501
0.3418
0.3364
0.3314
0.3264
0.3232
0.3197
0.3166
0.8704
0.8948
0.9068
0.9149
0.9540
0.9580
0.9631
0.9671
0.9702
0.9703
0.9754
0.9775
0.9793
0.9809
0.9823
0.9520
0.0000
0.0000
0.0000
0.2000
0.2000
0.2000
0.2000
0.2000
0.2000
0.2000
0.2000
0.2000
0.2000
0.2000
0.2565
0.0000
0.6199
0.4097
0.4038
0.4093
0.4149
0.4199
0.4244
0.4085
0.2000
0.2000
0.2000
0.2000
0.0000
0.2000
0.2000
0.2000
0.2000
0.2000
0.2000
0.2000
0.2000
0.2000
0.2000
0.2000
0.2000
0.0000
0.2000
0.2000
0.2000
0.2000
0.2000
0.2000
0.2000
0.2000
0.2000
0.2000
0.2000
0.2000
0.0000
0.2000
0.2000
0.2000
0.2000
0.2000
0.2000
0.2000
0.2000
0.2000
0.2000
0.2000
0.2000
0.0000
0.2000
0.2000
0.2000
0.2000
0.2000
0.2000
0.2000
0.2000
0.2000
0.2000
0.2000
0.2000
0.0000
0.2000
0.2000
0.2000
0.2000
0.2000
0.2000
0.2000
0.2000
0.2000
0.2000
0.2000
0.2000
0.0000
0.2000
0.2000
0.2000
0.2000
0.2000
0.2000
0.2000
0.2000
0.2000
0.2000
0.2000
0.2000
0.2000
0.2000
0.5731
0.3549
0.3362
0.3299
0.3265
0.3236
0.3181
0.3138
0.3103
0.3073
0.3043
0.3015
0.2992
0.2968
0.2946
0.2927
0.2909
0.2893
0.2878
0.2865
0.2852
0.2840
0.2831
0.2820
0.2815
0.2809
0.2806
0.2799
0.2793
0.2790
0.2787
0.2783
0.2785
0.2783
0.2782
0.2777
0.2775
0.2787
0.2786
0.2790
0.2790
0.2793
0.2792
0.2770
0.2797
0.2801
0.2803
0.2806
0.2808
0.2810
0.2812
0.2833
0.2823
0.2828
0.2824
0.2831
0.2830
0.2840
0.2845
0.2851
0.2855
0.2860
0.2864
0.2860
0.2877
0.2887
0.2892
0.2896
0.2908
0.2910
0.2927
0.2916
0.2915
0.2919
0.2938
0.2946
0.2957
0.2964
0.2973
0.2983
0.2993
0.3003
0.3013
0.3020
0.3029
0.3016
0.3052
0.3062
0.3071
0.3080
0.3088
0.3097
0.3103
0.3111
0.3133
0.3135
0.3143
0.3145
0.3153
0.3163
0.3173
0.3185
0.3195
0.3199
0.3220
0.3233
0.3245
0.3252
0.3261
0.3278
0.3288
0.3304
0.3313
0.9186
0.9499
0.9659
0.9783
0.9887
0.9976
1.0000
1.0000
1.0000
1.0000
1.0000
1.0000
1.0000
1.0000
1.0000
1.0000
1.0000
1.0000
1.0000
1.0000
1.0000
0.5247
1.0000
1.0000
1.0000
1.0000
0.5190
0.4526
0.4362
0.4259
0.4178
0.4111
0.4053
0.4003
0.3965
0.9533
0.9753
0.9863
1.0000
1.0000
1.0000
0.4850
0.4281
0.4138
0.4032
0.3978
0.3904
0.3868
0.3824
0.3783
0.3747
0.3720
0.9274
0.9526
0.9945
1.0000
1.0000
1.0000
1.0000
1.0000
1.0000
1.0000
1.0000
1.0000
1.0000
1.0000
1.0000
0.0000
0.0000
0.0000
0.2000
0.2000
0.2000
0.2000
0.2000
0.2000
0.2000
0.2000
0.2000
0.2000
0.3439
0.4076
0.0000
0.7106
0.4544
0.4424
0.4454
0.4490
0.4325
0.4354
0.4378
0.2000
0.2000
0.2000
0.2000
0.0000
0.2000
0.2000
0.2000
0.2000
0.2000
0.2000
0.2000
0.2000
0.2000
0.2000
0.2000
0.2000
0.0000
0.2000
0.2000
0.2000
0.2000
0.2000
0.2000
0.2000
0.2000
0.2000
0.2000
0.2000
0.2000
0.0000
0.2000
0.2000
0.2000
0.2000
0.2000
0.2000
0.2000
0.2000
0.2000
0.2000
0.2000
0.2000
0.0000
0.2000
0.2000
0.2000
0.2000
0.2000
0.2000
0.2000
0.2000
0.2000
0.2000
0.2000
0.2000
0.0000
0.2000
0.2000
0.2000
0.2000
0.2000
0.2000
0.2000
0.2000
0.2000
0.2000
0.2000
0.2000
0.0000
0.2000
0.2000
0.2017
0.2000
0.2000
0.2000
0.2000
0.2000
0.2000
0.2000
0.2000
0.2000
0.2000
0.2000
0.7697
0.4544
0.4214
0.4109
0.4080
0.3981
0.3908
0.3856
0.3809
0.3761
0.3716
0.3676
0.3640
0.3604
0.3572
0.3542
0.3514
0.3488
0.3465
0.3442
0.3422
0.3403
0.3379
0.3363
0.3359
0.3343
0.3332
0.3317
0.3305
0.3296
0.3287
0.3277
0.3274
0.3266
0.3260
0.3250
0.3244
0.3245
0.3241
0.3239
0.3235
0.3231
0.3229
0.3200
0.3222
0.3220
0.3218
0.3215
0.3212
0.3208
0.3205
0.3214
0.3217
0.3200
0.3199
0.3197
0.3193
0.3200
0.3201
0.3201
0.3201
0.3204
0.3207
0.3185
0.3215
0.3217
0.3219
0.3222
0.3222
0.3237
0.3232
0.3228
0.3240
0.3236
0.3235
0.3242
0.3242
0.3246
0.3250
0.3255
0.3260
0.3265
0.3271
0.3277
0.3287
0.3267
0.3296
0.3303
0.3309
0.3314
0.3318
0.3323
0.3327
0.3332
0.3338
0.3362
0.3385
0.3345
0.3357
0.3363
0.3369
0.3375
0.3383
0.3389
0.3395
0.3406
0.3411
0.3419
0.3421
0.3432
0.3442
0.3451
0.9006
0.9315
0.9475
0.9903
1.0000
1.0000
1.0000
1.0000
1.0000
1.0000
1.0000
1.0000
1.0000
1.0000
1.0000
1.0000
1.0000
1.0000
1.0000
1.0000
1.0000
0.5347
1.0000
1.0000
1.0000
1.0000
1.0000
0.5630
0.4688
0.4498
0.4388
0.4304
0.4234
0.4175
0.4123
0.4084
0.4054
0.9880
1.0000
1.0000
1.0000
1.0000
1.0000
1.0000
1.0000
1.0000
1.0000
0.5061
0.4493
0.4337
0.4234
0.4153
0.4085
0.4059
0.9545
0.9806
1.0000
1.0000
1.0000
1.0000
1.0000
1.0000
1.0000
1.0000
1.0000
1.0000
1.0000
1.0000
0.0000
0.0000
0.0000
0.2000
0.2000
0.2000
0.2000
0.2000
0.2000
0.2000
0.2000
0.2000
0.2000
0.2174
0.4007
0.0000
0.7104
0.4540
0.4432
0.4470
0.4512
0.4352
0.4385
0.2000
0.2000
0.2000
0.2000
0.2000
0.0000
0.2000
0.2000
0.2000
0.2000
0.2000
0.2000
0.2000
0.2000
0.2000
0.2000
0.2000
0.2000
0.0000
0.2000
0.2000
0.2000
0.2000
0.2000
0.2000
0.2000
0.2000
0.2000
0.2000
0.2000
0.2000
0.0000
0.2000
0.2000
0.2000
0.2000
0.2000
0.2000
0.2000
0.2000
0.2000
0.2000
0.2000
0.2000
0.0000
0.2000
0.2000
0.2000
0.2000
0.2000
0.2000
0.2000
0.2000
0.2000
0.2000
0.2000
0.2000
0.0000
0.2000
0.2000
0.2000
0.2000
0.2000
0.2000
0.2000
0.2000
0.2000
0.2000
0.2000
0.2000
0.0000
0.2000
0.2000
0.2417
0.2000
0.2000
0.2000
0.2000
0.2000
0.2000
0.2000
0.2000
0.2000
0.2000
0.2000
0.8084
0.4737
0.4386
0.4275
0.4245
0.4132
0.4081
0.4009
0.3962
0.3915
0.3875
0.3836
0.3800
0.3766
0.3735
0.3706
0.3680
0.3656
0.3634
0.3614
0.3595
0.3578
0.3562
0.3546
0.3524
0.3526
0.3516
0.3504
0.3493
0.3482
0.3475
0.3467
0.3465
0.3458
0.3453
0.3448
0.3440
0.3437
0.3444
0.3445
0.3441
0.3438
0.3437
0.3404
0.3434
0.3434
0.3433
0.3432
0.3431
0.3429
0.3428
0.3428
0.3440
0.3442
0.3429
0.3428
0.3424
0.3432
0.3431
0.3437
0.3437
0.3442
0.3445
0.3429
0.3434
0.3457
0.3459
0.3475
0.3490
0.3468
0.3469
0.3475
0.3476
0.3478
0.3482
0.3484
0.3490
0.3493
0.3498
0.3504
0.3510
0.3516
0.3522
0.3526
0.3533
0.3519
0.3545
0.3551
0.3556
0.3560
0.3564
0.3567
0.3570
0.3574
0.3584
0.3603
0.3583
0.3591
0.3586
0.3597
0.3602
0.3607
0.3612
0.3618
0.3631
0.3636
0.3638
0.3645
0.3648
0.3659
0.9223
0.9527
0.9687
1.0000
1.0000
1.0000
1.0000
1.0000
1.0000
1.0000
1.0000
1.0000
1.0000
1.0000
1.0000
1.0000
1.0000
0.5816
1.0000
1.0000
1.0000
1.0000
1.0000
1.0000
1.0000
1.0000
1.0000
1.0000
1.0000
0.6347
0.5038
0.4800
0.4671
0.4573
0.4492
0.4423
0.4364
0.4311
0.4271
0.9811
1.0000
1.0000
1.0000
1.0000
1.0000
1.0000
1.0000
1.0000
1.0000
0.5520
0.4714
0.4535
0.4423
0.4363
0.4265
0.4203
0.9721
0.9980
1.0000
1.0000
1.0000
1.0000
1.0000
1.0000
1.0000
1.0000
1.0000
1.0000
1.0000
1.0000
0.0000
0.0000
0.0000
0.2000
0.2000
0.2000
0.2000
0.2000
0.2000
0.2000
0.2000
0.2000
0.2226
0.3935
0.4278
0.0000
0.7501
0.4687
0.4556
0.4584
0.4616
0.4447
0.4470
0.2000
0.2000
0.2000
0.2000
0.2000
0.0000
0.2000
0.2000
0.2000
0.2000
0.2000
0.2000
0.2000
0.2000
0.2000
0.2000
0.2000
0.2000
0.0000
0.2000
0.2000
0.2000
0.2000
0.2000
0.2000
0.2000
0.2000
0.2000
0.2000
0.2000
0.2000
0.0000
0.2000
0.2000
0.2000
0.2000
0.2000
0.2000
0.2000
0.2000
0.2000
0.2000
0.2000
0.2000
0.0000
0.2000
0.2000
0.2000
0.2000
0.2000
0.2000
0.2000
0.2000
0.2000
0.2000
0.2000
0.2000
0.0000
0.2000
0.2000
0.2000
0.2000
0.2000
0.2000
0.2000
0.2000
0.2000
0.2000
0.2000
0.2000
0.0000
0.2000
0.2000
0.2449
0.2000
0.2000
0.2000
0.2000
0.2000
0.2000
0.2000
0.2000
0.2000
0.2000
0.2000
0.8170
0.4764
0.4414
0.4302
0.4218
0.4145
0.4081
0.4022
0.3967
0.3916
0.3869
0.3824
0.3782
0.3741
0.3703
0.3667
0.3633
0.3601
0.3570
0.3541
0.3513
0.3487
0.3462
0.3439
0.3417
0.3395
0.3375
0.3356
0.3339
0.3322
0.3306
0.3291
0.3277
0.3264
0.3251
0.3239
0.3228
0.3218
0.3208
0.3198
0.3189
0.3181
0.3173
0.3165
0.3158
0.3152
0.3145
0.3140
0.3134
0.3129
0.3124
0.3119
0.3115
0.3111
0.3107
0.3103
0.3099
0.3096
0.3093
0.3090
0.3087
0.3085
0.3082
0.3080
0.3078
0.3075
0.3073
0.3071
0.3069
0.3067
0.3066
0.3064
0.3062
0.3061
0.3059
0.3058
0.3057
0.3055
0.3054
0.3053
0.3052
0.3051
0.3050
0.3049
0.3049
0.3047
0.3047
0.3047
0.3046
0.3046
0.3046
0.3045
0.3045
0.3045
0.3045
0.3045
0.3045
0.3045
0.3046
0.3046
0.3046
0.3047
0.3047
0.3048
0.3048
0.3049
0.3049
0.3050
0.3050
0.3051
0.3052
0.3052
0.3053
0.3054
0.3054
0.3055
0.3056
0.3057
0.3057
0.3058
0.2000
0.2000
0.2000
0.2000
0.2000
0.2000
0.2000
0.2000
0.2000
0.2000
0.2000
0.2000
0.0000
0.2000
0.2000
0.2000
0.2000
0.2000
0.2000
0.2000
0.2000
0.2000
0.2000
0.2000
0.2000
0.0000
0.2000
0.2000
0.2000
0.2000
0.2000
0.2000
0.2000
0.2000
0.2000
0.2000
0.2000
0.2000
0.0000
0.2000
0.2000
0.2000
0.2000
0.2000
0.2000
0.2000
0.2000
0.2000
0.2000
0.2000
0.2000
0.0000
0.2000
0.2000
0.2000
0.2000
0.2000
0.2000
0.2000
0.2000
0.2000
0.2000
0.2000
0.2000
0.0000
0.2000
0.2000
0.2000
0.2000
0.2000
0.2000
0.2000
0.2000
0.2000
0.2000
0.2000
0.2000
0.0000
0.2000
0.2000
0.2000
0.2000
0.2000
0.2000
0.2000
0.2000
0.2000
0.2000
0.2000
0.2000
0.0000
0.2000
0.2000
0.2000
0.2000
0.2000
0.2000
0.2000
0.2000
0.2000
0.2000
0.2000
0.2000
0.0000
0.2000
0.2000
0.2000
0.2000
0.2000
0.2000
0.2000
0.2000
0.2000
0.2000
0.2000
0.2000
0.0000
0.2000
0.2000
0.2000
0.2000
0.2000
0.2000
0.2000
0.2000
0.2000
0.2000
0.2000
0.2000
0.0000
0.2000
0.2000
0.2000
0.2000
0.2000
0.2000
0.2000
0.2000
0.2000
0.2000
0.2000
0.2000
0.0000
0.2000
0.2000
0.2000
0.2000
0.2000
0.2000
0.2000
0.2000
0.2000
0.2000
0.2000
0.2000
0.0000
0.2000
0.2000
0.2000
0.2000
0.2000
0.2000
0.2000
0.2000
0.2000
0.2000
0.2000
0.2000
0.0000
0.2000
0.2000
0.2000
0.2000
0.2000
0.2000
0.2000
0.2000
0.2000
0.2000
0.2000
0.2000
0.0000
0.2000
0.2000
0.2000
0.2000
0.2000
0.2000
0.2000
0.2000
0.2000
0.2000
0.2000
0.2000
0.0000
0.2000
0.2000
0.2000
0.2000
0.2000
0.2000
0.2000
0.2000
0.2000
0.2000
0.2000
0.2000
0.0000
0.2000
0.2000
0.2000
0.2000
0.2000
0.2000
0.2000
0.2000
0.2000
0.2000
0.2000
0.2000
0.0000
0.2000
0.2000
0.2000
0.2000
0.2000
0.2000
0.2000
0.2000
0.2000
0.2000
0.2000
0.2000
0.0000
0.2000
0.2000
0.2000
0.2000
0.2000
0.2000
0.2000
0.2000
0.2000
0.2000
0.2000
0.2000
0.0000
0.2000
0.2000
0.2000
0.2000
0.2000
0.2000
0.2000
0.2000
0.2000
0.2000
0.2000
0.2000
0.0000
0.2000
0.2000
0.2000
0.2000
0.2000
0.2000
0.2000
0.2000
0.2000
0.2000
0.2000
0.2000
0.0000
0.2000
0.2000
0.2000
0.2000
0.2000
0.2000
0.2000
0.2000
0.2000
0.2000
0.2000
0.2000
0.0000
0.2000
0.2000
0.2000
0.2000
0.2000
0.2000
0.2000
0.2000
0.2000
0.2000
0.2000
0.2000
0.0000
0.2000
0.2000
0.2000
0.2000
0.2000
0.2000
0.2000
0.2000
0.2000
0.2000
0.2000
0.2000
0.0000
0.2000
0.2000
0.2000
0.2000
0.2000
0.2000
0.2000
0.2000
0.2000
0.2000
0.2000
0.2000
0.0000
0.2000
0.2000
0.2000
0.2000
0.2000
0.2000
0.2000
0.2000
0.2000
0.2000
0.2000
0.2000
0.0000
0.2000
0.2000
0.2000
0.2000
0.2000
0.2000
0.2000
0.2000
0.2000
0.2000
0.2000
0.2000
0.0000
0.2000
0.2000
0.2000
0.2000
0.2000
0.2000
0.2000
0.2000
0.2000
0.2000
0.2000
0.2000
0.0000
0.2000
0.2000
0.2000
0.2000
0.2000
0.2000
0.2000
0.2000
0.2000
0.2000
0.2000
0.2000
0.0000
0.2000
0.2000
0.2000
0.2000
0.2000
0.2000
0.2000
0.2000
0.2000
0.2000
0.2000
0.2000
0.0000
0.2000
0.2000
0.2000
0.2000
0.2000
0.2000
0.2000
0.2000
0.2000
0.2000
0.2000
0.2000
0.0000
0.2000
0.2000
0.2000
0.2000
0.2000
0.2000
0.2000
0.2000
0.2000
0.2000
0.2000
0.2000
0.0000
0.2000
0.2000
0.2000
0.2000
0.2000
0.2000
0.2000
0.2000
0.2000
0.2000
0.2000
0.2000
0.0000
0.2000
0.2000
0.2000
0.2000
0.2000
0.2000
0.2000
0.2000
0.2000
0.2000
0.2000
0.2000
0.0000
0.2000
0.2000
0.2617
0.2000
0.2000
0.2000
0.2000
0.2000
0.2000
0.2000
0.2000
0.2000
0.2000
0.2000
0.8107
0.4752
0.4391
0.4274
0.4219
0.4149
0.4057
0.3992
0.3939
0.3890
0.3844
0.3802
0.3764
0.3728
0.3693
0.3662
0.3633
0.3607
0.3582
0.3559
0.3538
0.3518
0.3500
0.3483
0.3406
0.3440
0.3446
0.3435
0.3426
0.3419
0.3414
0.3411
0.3407
0.3404
0.3402
0.3399
0.3395
0.3401
0.3399
0.3400
0.3399
0.3397
0.3407
0.3384
0.3403
0.3405
0.3407
0.3409
0.3410
0.3412
0.3414
0.3424
0.3421
0.3434
0.3425
0.3428
0.3432
0.3441
0.3445
0.3453
0.3459
0.3470
0.3478
0.3485
0.3489
0.3502
0.3508
0.3512
0.3523
0.3524
0.3530
0.3535
0.3539
0.3552
0.3553
0.3562
0.3570
0.3579
0.3589
0.3598
0.3609
0.3619
0.3629
0.3640
0.3658
0.3641
0.3671
0.3683
0.3692
0.3702
0.3710
0.3718
0.3726
0.3734
0.3741
0.3772
0.3761
0.3762
0.3767
0.3782
0.3792
0.3802
0.3807
0.3822
0.3830
0.3847
0.3855
0.3861
0.3873
0.3882
0.9454
1.0000
1.0000
1.0000
1.0000
1.0000
1.0000
1.0000
1.0000
1.0000
1.0000
1.0000
1.0000
1.0000
1.0000
1.0000
0.6589
0.5199
1.0000
1.0000
1.0000
1.0000
1.0000
1.0000
1.0000
1.0000
1.0000
1.0000
1.0000
0.7005
0.5429
0.5162
0.5027
0.4926
0.4844
0.4774
0.4714
0.4669
1.0000
1.0000
1.0000
1.0000
1.0000
1.0000
1.0000
0.6334
0.5133
0.4922
0.4810
0.4714
0.4653
0.4594
0.4541
0.4495
1.0000
1.0000
1.0000
1.0000
1.0000
1.0000
1.0000
1.0000
1.0000
1.0000
1.0000
1.0000
1.0000
1.0000
1.0000
1.0000
0.0000
0.0000
0.0000
0.2000
0.2000
0.2000
0.2000
0.2000
0.2000
0.2000
0.2000
0.2000
0.2000
0.2000
0.2000
0.0000
0.6945
0.4644
0.4577
0.4620
0.4662
0.4696
0.2000
0.2000
1.0000
1.0000
1.0000
1.0000
0.0000
1.0000
1.0000
1.0000
1.0000
1.0000
1.0000
1.0000
1.0000
1.0000
1.0000
1.0000
1.0000
0.0000
1.0000
1.0000
1.0000
1.0000
1.0000
1.0000
1.0000
1.0000
1.0000
1.0000
1.0000
1.0000
0.0000
1.0000
1.0000
1.0000
1.0000
1.0000
1.0000
1.0000
1.0000
1.0000
1.0000
1.0000
1.0000
0.0000
1.0000
1.0000
1.0000
1.0000
1.0000
1.0000
1.0000
1.0000
1.0000
1.0000
1.0000
1.0000
0.0000
1.0000
1.0000
1.0000
1.0000
1.0000
1.0000
1.0000
1.0000
1.0000
1.0000
1.0000
1.0000
0.0000
1.0000
1.0000
1.0000
1.0000
1.0000
1.0000
1.0000
1.0000
1.0000
1.0000
1.0000
1.0000
1.0000
1.0000
0.2000
0.2000
0.2000
0.2000
0.2000
0.2000
0.2000
0.2000
0.2000
0.2000
0.2000
0.2000
0.2000
0.2000
0.2000
0.2000
0.2000
0.2000
0.2000
0.2000
0.2000
0.2000
0.2000
0.2000
0.2000
0.2000
0.2000
0.2000
0.2000
0.2000
0.2000
0.2000
0.2000
0.2000
0.2000
0.2000
0.2000
0.2000
0.2000
0.2000
0.2000
0.2000
0.2000
0.2000
0.2000
0.2000
0.2000
0.2000
0.2000
0.2000
0.2000
0.2000
0.2000
0.2000
0.2000
0.2000
0.2000
0.2000
0.2000
0.2000
0.2000
0.2000
0.2000
0.2000
0.2000
0.2000
0.2000
0.2000
0.2000
0.2000
0.2000
0.2000
0.2000
0.2000
0.2000
0.2000
0.2000
0.2000
0.2000
0.2000
0.2000
0.2000
0.2000
0.2000
0.2000
0.2000
0.2000
0.2000
0.2000
0.2000
0.2000
0.2000
0.2000
0.2000
0.2000
0.2000
0.2000
0.2000
0.2000
0.2000
0.2000
0.2000
0.2000
0.2000
0.2000
0.2000
0.2000
0.2000
0.2000
0.2000
0.2000
0.2000
0.2000
0.2000
0.2000
0.2000
0.2000
0.2000
0.2000
0.2000
0.2000
0.2000
0.2000
0.2000
0.2000
0.2000
0.2000
0.2000
0.2000
0.2000
0.2000
0.2000
0.2000
0.2000
0.2000
0.2102
0.2222
0.2281
0.2000
0.2000
0.2000
0.2000
0.2000
0.2000
0.2000
0.2000
0.2000
0.2000
0.2000
0.2000
0.2000
0.2000
0.2000
0.2000
0.2000
0.2000
0.2000
0.2000
0.2000
0.2000
0.2000
0.2000
0.2000
0.2000
0.2000
0.2000
0.2000
0.2000
0.2000
0.2298
0.2589
0.2669
0.2728
0.2780
0.2826
0.2866
0.2902
0.2934
0.2965
0.2878
1.0000
1.0000
1.0000
1.0000
1.0000
1.0000
1.0000
1.0000
1.0000
1.0000
1.0000
1.0000
0.0000
1.0000
1.0000
1.0000
1.0000
1.0000
1.0000
1.0000
1.0000
1.0000
1.0000
1.0000
1.0000
0.0000
1.0000
1.0000
1.0000
1.0000
1.0000
1.0000
1.0000
1.0000
1.0000
1.0000
1.0000
1.0000
0.0000
1.0000
1.0000
1.0000
1.0000
1.0000
1.0000
1.0000
1.0000
1.0000
1.0000
1.0000
1.0000
0.0000
1.0000
1.0000
1.0000
1.0000
1.0000
1.0000
1.0000
1.0000
1.0000
1.0000
1.0000
1.0000
0.0000
1.0000
1.0000
1.0000
1.0000
1.0000
1.0000
1.0000
1.0000
1.0000
1.0000
1.0000
1.0000
0.0000
1.0000
1.0000
1.0000
1.0000
1.0000
1.0000
1.0000
1.0000
1.0000
1.0000
1.0000
1.0000
0.0000
1.0000
1.0000
1.0000
1.0000
1.0000
1.0000
1.0000
1.0000
1.0000
1.0000
1.0000
1.0000
1.0000
1.0000
1.0000
1.0000
1.0000
0.2000
0.2000
0.2000
0.2000
0.2000
0.2000
0.2000
0.2000
0.2000
0.2000
0.2000
0.2000
0.2000
0.2000
0.2000
0.2000
0.2000
0.2000
0.2000
0.2000
0.2000
0.2000
0.2000
0.2000
0.2000
0.2000
0.2000
0.2000
0.2000
0.2000
0.2000
0.2000
0.2000
0.2000
0.2000
0.2000
0.2000
0.2000
0.2000
0.2000
0.2000
0.2000
0.2000
0.2000
0.2000
0.2000
0.2000
0.2000
0.2000
0.2000
0.2000
0.2000
0.2000
0.2000
0.2000
0.2000
0.2000
0.2000
0.2000
0.2000
0.2000
0.2000
0.2000
0.2000
0.2000
0.2000
0.2000
0.2000
0.2000
0.2000
0.2000
0.2000
0.2000
0.2000
0.2000
0.2000
0.2000
0.2000
0.2000
0.2000
0.2000
0.2000
0.2000
0.2000
0.2000
0.2000
0.2000
0.2000
0.2000
0.2000
0.2000
0.2000
0.2000
0.2000
0.2000
0.2000
0.2000
0.2000
0.2000
0.2000
0.2000
0.2000
0.2000
0.2000
0.2000
0.2000
0.2000
0.2000
0.2000
0.2000
0.2000
0.2000
0.2000
0.2000
0.2000
0.2000
0.2000
0.2000
0.2000
0.2000
0.2000
0.2000
0.2000
0.2069
0.2350
0.2448
0.2413
0.2483
0.2545
0.2604
0.2775
0.2825
0.2861
0.2801
0.2000
0.2000
0.2000
0.2000
0.2238
0.2000
0.2000
0.2000
0.2000
0.2000
0.2000
0.2000
0.2000
0.2000
0.2000
0.2000
0.2000
0.2000
0.2000
0.2000
0.2152
0.2753
0.2000
0.2000
0.2000
0.2000
0.2000
0.2000
0.2000
0.2000
0.2000
0.2000
0.2000
0.2000
0.2000
0.2000
0.2000
0.2000
0.2000
0.2175
0.2890
0.2992
0.3059
0.3113
0.3159
0.3200
1.0000
1.0000
1.0000
1.0000
1.0000
1.0000
1.0000
1.0000
1.0000
1.0000
1.0000
1.0000
0.0000
1.0000
1.0000
1.0000
1.0000
1.0000
1.0000
1.0000
1.0000
1.0000
1.0000
1.0000
0.2000
0.0000
0.2000
0.2000
0.2000
0.2000
0.2000
0.2000
0.2000
0.2000
0.2000
0.2000
0.2000
0.2000
0.0000
0.2581
0.2000
0.2000
0.2000
0.2000
0.2000
0.2000
0.2000
0.2000
0.2000
0.2000
0.2000
0.0000
0.2000
0.2000
0.2000
0.2000
0.2000
0.2000
0.2000
0.2000
0.2000
0.2000
0.2000
0.2000
0.0000
0.2000
0.2000
0.2000
0.2000
0.2000
0.2000
0.2000
0.2000
0.2000
0.2000
0.2000
0.2000
0.0000
0.2000
0.2000
0.2000
0.2000
0.2000
0.2000
0.5696
0.3524
0.3312
0.3239
0.3176
0.3118
0.0000
0.4932
0.3085
0.2955
0.2905
0.2859
0.6688
0.4593
0.4351
0.4249
0.4167
0.4094
0.4026
0.3963
0.3903
0.3846
0.3793
0.3742
1.0000
0.7623
0.6863
0.6650
0.6579
0.6419
0.6288
0.6187
0.6102
0.6019
0.5946
0.5877
0.5814
0.5756
0.5703
0.5652
0.5606
0.5562
0.5520
0.5482
0.5445
0.5411
0.5375
0.5339
0.5320
0.5290
0.5272
0.5242
0.5216
0.5194
0.5172
0.5152
0.5133
0.5114
0.5096
0.5075
0.5065
0.5050
0.5030
0.5021
0.5008
0.4995
0.4986
0.4940
0.4949
0.4941
0.4929
0.4916
0.4903
0.4890
0.4878
0.4885
0.4867
0.4845
0.4835
0.4823
0.4804
0.4804
0.4797
0.4789
0.4781
0.4770
0.4767
0.4731
0.4758
0.4752
0.4746
0.4741
0.4739
0.4738
0.4739
0.4716
0.4709
0.4707
0.4705
0.4704
0.4701
0.4698
0.4697
0.4696
0.4696
0.4695
0.4695
0.4691
0.4702
0.4657
0.4686
0.4689
0.4687
0.4683
0.4680
0.4675
0.4680
0.4666
0.4682
0.4679
0.4653
0.4648
0.4639
0.4645
0.4644
0.4638
0.4639
0.4641
0.4648
0.4646
0.4644
0.4638
0.4642
0.4653
1.0000
1.0000
1.0000
1.0000
1.0000
1.0000
1.0000
1.0000
1.0000
1.0000
1.0000
1.0000
1.0000
1.0000
1.0000
1.0000
0.7936
1.0000
1.0000
1.0000
1.0000
1.0000
0.7935
1.0000
1.0000
1.0000
1.0000
1.0000
0.8165
0.6088
0.5781
0.5626
0.5511
0.5416
0.5336
0.5265
0.5203
0.5149
1.0000
1.0000
1.0000
1.0000
1.0000
1.0000
1.0000
1.0000
1.0000
1.0000
0.7389
0.5769
0.5483
0.5339
0.5229
0.5147
0.5061
0.5014
1.0000
1.0000
1.0000
1.0000
1.0000
1.0000
1.0000
1.0000
1.0000
1.0000
1.0000
1.0000
1.0000
1.0000
0.0000
0.0000
0.2000
0.2000
0.2000
0.2000
0.2000
0.2000
0.2000
0.2000
0.2000
0.2000
0.2000
0.2000
0.0000
0.7276
0.4737
0.4658
0.4697
0.4733
0.4761
0.4780
0.4812
0.2000
0.2000
0.2000
0.2000
0.0000
0.2000
0.2000
0.2000
0.2000
0.2000
0.2000
0.2000
0.2000
0.2000
0.2000
0.2000
0.2000
0.0000
0.2000
0.2000
0.2000
0.2000
0.2000
0.2000
0.2000
0.2000
0.2000
0.2000
0.2000
0.2000
0.0000
0.2000
0.2000
0.2000
0.2000
0.2000
0.2000
0.2000
0.2000
0.2000
0.2000
0.2000
0.2000
0.0000
0.2000
0.2000
0.2000
0.2000
0.2000
0.2000
0.2000
0.2000
0.2000
0.2000
0.2000
0.2000
0.0000
0.2000
0.2000
0.2000
0.2000
0.2000
0.2000
0.2000
0.2000
0.2000
0.2000
0.2000
0.2000
0.0000
0.2000
0.2000
0.2000
0.3476
0.2407
0.2336
0.2304
0.2276
0.2252
0.2229
0.2206
0.2185
0.2164
0.2145
0.2126
0.8866
0.5271
0.4868
0.4738
0.4696
0.4590
0.4501
0.4431
0.4375
0.4322
0.4274
0.4229
0.4189
0.4149
0.4113
0.4081
0.4051
0.4023
0.3997
0.3974
0.3952
0.3931
0.3910
0.3891
0.3881
0.3864
0.3850
0.3839
0.3824
0.3814
0.3805
0.3796
0.3789
0.3783
0.3777
0.3768
0.3764
0.3761
0.3760
0.3758
0.3757
0.3751
0.3754
0.3722
0.3744
0.3743
0.3740
0.3741
0.3739
0.3729
0.3735
0.3740
0.3754
0.3735
0.3737
0.3723
0.3731
0.3732
0.3733
0.3736
0.3736
0.3728
0.3746
0.3721
0.3751
0.3752
0.3754
0.3757
0.3756
0.3781
0.3773
0.3765
0.3769
0.3777
0.3776
0.3782
0.3789
0.3792
0.3798
0.3804
0.3810
0.3817
0.3823
0.3829
0.3842
0.3813
0.3848
0.3854
0.3860
0.3865
0.3869
0.3872
0.3876
0.3879
0.3897
0.3904
0.3892
0.3892
0.3891
0.3903
0.3908
0.3915
0.3920
0.3920
0.3934
0.3945
0.3949
0.3950
0.3954
0.3966
0.3975
0.3983
0.3988
0.9563
1.0000
1.0000
1.0000
1.0000
1.0000
1.0000
1.0000
1.0000
1.0000
1.0000
1.0000
1.0000
1.0000
1.0000
1.0000
1.0000
1.0000
1.0000
1.0000
1.0000
1.0000
1.0000
1.0000
1.0000
1.0000
1.0000
1.0000
1.0000
1.0000
1.0000
1.0000
1.0000
1.0000
1.0000
1.0000
1.0000
1.0000
1.0000
1.0000
1.0000
1.0000
1.0000
1.0000
1.0000
1.0000
1.0000
1.0000
1.0000
1.0000
1.0000
1.0000
1.0000
1.0000
1.0000
1.0000
1.0000
1.0000
1.0000
1.0000
1.0000
1.0000
1.0000
1.0000
1.0000
1.0000
1.0000
1.0000
1.0000
1.0000
1.0000
1.0000
1.0000
1.0000
1.0000
1.0000
1.0000
1.0000
1.0000
0.0000
1.0000
1.0000
1.0000
1.0000
1.0000
1.0000
1.0000
1.0000
1.0000
1.0000
1.0000
1.0000
0.0000
1.0000
1.0000
1.0000
1.0000
1.0000
1.0000
1.0000
1.0000
1.0000
1.0000
1.0000
1.0000
0.0000
1.0000
1.0000
1.0000
1.0000
1.0000
1.0000
1.0000
1.0000
1.0000
1.0000
1.0000
1.0000
0.0000
1.0000
1.0000
1.0000
1.0000
1.0000
1.0000
1.0000
1.0000
1.0000
1.0000
1.0000
1.0000
0.0000
1.0000
1.0000
1.0000
1.0000
1.0000
1.0000
1.0000
1.0000
1.0000
1.0000
1.0000
1.0000
0.0000
1.0000
1.0000
1.0000
1.0000
1.0000
1.0000
1.0000
1.0000
1.0000
1.0000
1.0000
1.0000
0.0000
1.0000
1.0000
1.0000
1.0000
1.0000
1.0000
1.0000
1.0000
1.0000
1.0000
1.0000
1.0000
1.0000
1.0000
1.0000
1.0000
1.0000
1.0000
1.0000
1.0000
1.0000
1.0000
1.0000
1.0000
1.0000
1.0000
1.0000
1.0000
1.0000
1.0000
1.0000
1.0000
1.0000
1.0000
1.0000
1.0000
1.0000
1.0000
1.0000
1.0000
1.0000
1.0000
1.0000
1.0000
1.0000
1.0000
1.0000
1.0000
1.0000
1.0000
1.0000
1.0000
1.0000
1.0000
1.0000
1.0000
1.0000
1.0000
1.0000
1.0000
1.0000
1.0000
1.0000
1.0000
1.0000
1.0000
1.0000
1.0000
1.0000
1.0000
1.0000
1.0000
1.0000
1.0000
1.0000
1.0000
1.0000
1.0000
1.0000
1.0000
1.0000
1.0000
1.0000
1.0000
1.0000
1.0000
1.0000
1.0000
1.0000
1.0000
1.0000
1.0000
1.0000
1.0000
1.0000
1.0000
1.0000
1.0000
1.0000
1.0000
1.0000
1.0000
1.0000
1.0000
1.0000
1.0000
1.0000
1.0000
1.0000
1.0000
1.0000
1.0000
1.0000
1.0000
1.0000
1.0000
1.0000
1.0000
1.0000
1.0000
1.0000
1.0000
1.0000
1.0000
1.0000
1.0000
1.0000
1.0000
1.0000
1.0000
1.0000
1.0000
1.0000
1.0000
1.0000
1.0000
1.0000
1.0000
1.0000
1.0000
1.0000
1.0000
1.0000
1.0000
1.0000
1.0000
1.0000
1.0000
1.0000
0.0000
1.0000
1.0000
1.0000
1.0000
1.0000
1.0000
1.0000
1.0000
1.0000
1.0000
1.0000
1.0000
0.0000
1.0000
1.0000
1.0000
1.0000
1.0000
1.0000
1.0000
1.0000
1.0000
1.0000
1.0000
1.0000
0.0000
1.0000
1.0000
1.0000
1.0000
1.0000
1.0000
1.0000
1.0000
1.0000
1.0000
1.0000
1.0000
0.0000
1.0000
1.0000
1.0000
1.0000
1.0000
1.0000
1.0000
1.0000
1.0000
1.0000
1.0000
1.0000
0.0000
1.0000
1.0000
1.0000
1.0000
1.0000
1.0000
1.0000
1.0000
1.0000
1.0000
1.0000
1.0000
0.0000
1.0000
1.0000
1.0000
1.0000
1.0000
1.0000
1.0000
1.0000
1.0000
1.0000
1.0000
1.0000
0.0000
1.0000
1.0000
1.0000
1.0000
1.0000
1.0000
1.0000
1.0000
1.0000
1.0000
1.0000
1.0000
0.0000
1.0000
1.0000
1.0000
1.0000
1.0000
1.0000
1.0000
1.0000
1.0000
1.0000
1.0000
1.0000
0.0000
1.0000
1.0000
1.0000
1.0000
1.0000
1.0000
1.0000
1.0000
1.0000
1.0000
1.0000
1.0000
0.0000
1.0000
1.0000
1.0000
1.0000
1.0000
1.0000
1.0000
1.0000
1.0000
1.0000
1.0000
1.0000
0.0000
1.0000
1.0000
1.0000
1.0000
1.0000
1.0000
1.0000
1.0000
1.0000
1.0000
1.0000
1.0000
0.0000
1.0000
1.0000
1.0000
1.0000
1.0000
1.0000
1.0000
1.0000
1.0000
1.0000
1.0000
1.0000
0.0000
1.0000
1.0000
1.0000
1.0000
1.0000
1.0000
1.0000
1.0000
1.0000
1.0000
1.0000
1.0000
0.0000
1.0000
1.0000
1.0000
1.0000
1.0000
1.0000
1.0000
1.0000
1.0000
1.0000
1.0000
1.0000
0.0000
1.0000
1.0000
1.0000
1.0000
1.0000
1.0000
1.0000
1.0000
1.0000
1.0000
1.0000
1.0000
0.0000
1.0000
1.0000
1.0000
1.0000
1.0000
1.0000
1.0000
1.0000
1.0000
1.0000
1.0000
1.0000
0.0000
1.0000
1.0000
1.0000
1.0000
1.0000
1.0000
1.0000
1.0000
1.0000
1.0000
1.0000
1.0000
0.0000
1.0000
1.0000
1.0000
1.0000
1.0000
1.0000
1.0000
1.0000
1.0000
1.0000
1.0000
1.0000
0.0000
1.0000
1.0000
1.0000
1.0000
1.0000
1.0000
1.0000
1.0000
1.0000
1.0000
1.0000
1.0000
0.0000
1.0000
1.0000
1.0000
1.0000
1.0000
1.0000
1.0000
1.0000
1.0000
1.0000
1.0000
1.0000
0.0000
1.0000
1.0000
1.0000
1.0000
1.0000
1.0000
1.0000
1.0000
1.0000
1.0000
1.0000
1.0000
0.0000
1.0000
1.0000
1.0000
1.0000
1.0000
1.0000
1.0000
1.0000
1.0000
1.0000
1.0000
1.0000
0.0000
1.0000
1.0000
1.0000
1.0000
1.0000
1.0000
1.0000
1.0000
1.0000
1.0000
1.0000
1.0000
0.0000
1.0000
1.0000
1.0000
1.0000
1.0000
1.0000
1.0000
1.0000
1.0000
1.0000
1.0000
1.0000
0.0000
1.0000
1.0000
1.0000
1.0000
1.0000
1.0000
1.0000
1.0000
1.0000
1.0000
1.0000
1.0000
0.0000
1.0000
1.0000
1.0000
1.0000
1.0000
1.0000
1.0000
1.0000
1.0000
1.0000
1.0000
1.0000
0.0000
1.0000
1.0000
1.0000
1.0000
1.0000
1.0000
1.0000
1.0000
1.0000
1.0000
1.0000
1.0000
0.0000
1.0000
1.0000
1.0000
1.0000
1.0000
1.0000
1.0000
1.0000
1.0000
1.0000
1.0000
1.0000
0.0000
1.0000
1.0000
1.0000
1.0000
1.0000
1.0000
1.0000
1.0000
1.0000
1.0000
1.0000
1.0000
0.0000
1.0000
1.0000
1.0000
1.0000
1.0000
1.0000
1.0000
1.0000
1.0000
1.0000
1.0000
1.0000
0.0000
1.0000
1.0000
1.0000
1.0000
1.0000
1.0000
1.0000
1.0000
1.0000
1.0000
1.0000
1.0000
0.0000
1.0000
1.0000
1.0000
1.0000
1.0000
1.0000
1.0000
1.0000
1.0000
1.0000
1.0000
1.0000
0.0000
1.0000
1.0000
1.0000
0.2000
0.2000
0.2000
0.2000
0.2000
0.2000
0.2000
0.2000
0.2000
0.0000
0.2000
0.2000
0.2000
0.2000
0.2000
0.2000
0.2000
0.2000
0.2000
0.2000
0.2000
0.2000
0.2000
0.2000
0.3241
0.2464
0.2435
0.2429
0.2451
0.2430
0.2419
0.2415
0.2407
0.2400
0.2397
0.2393
0.2391
0.2388
0.2384
0.2383
0.2382
0.2381
0.2382
0.2382
0.2383
0.2385
0.2384
0.2388
0.2393
0.2395
0.2402
0.2402
0.2407
0.2412
0.2417
0.2421
0.2429
0.2434
0.2441
0.2444
0.2452
0.2460
0.2468
0.2479
0.2485
0.2492
0.2497
0.2492
0.2514
0.2523
0.2530
0.2537
0.2544
0.2551
0.2558
0.2582
0.2573
0.2581
0.2591
0.2597
0.2602
0.2617
0.2625
0.2636
0.2643
0.2653
0.2661
0.2658
0.2688
0.2697
0.2706
0.2714
0.2729
0.2730
0.2755
0.2750
0.2761
0.2771
0.2776
0.2787
0.2796
0.2806
0.2817
0.2828
0.2840
0.2851
0.2862
0.2874
0.2887
0.2875
0.2907
0.2918
0.2928
0.2937
0.2946
0.2955
0.2963
0.2971
0.2988
0.3003
0.2998
0.3005
0.3009
0.3024
0.3035
0.3044
0.3052
0.3069
0.3079
0.3088
0.3097
0.3104
0.3119
0.3130
0.8677
0.8985
0.9147
0.9260
0.9363
0.9758
0.9842
0.9911
0.9975
1.0000
1.0000
1.0000
1.0000
1.0000
1.0000
1.0000
1.0000
1.0000
1.0000
1.0000
1.0000
1.0000
1.0000
0.4945
0.4384
1.0000
1.0000
1.0000
0.4701
0.4276
0.4165
0.4077
0.4008
0.3952
0.3904
0.3861
0.3824
0.9362
0.9662
0.9762
1.0000
1.0000
1.0000
1.0000
1.0000
0.4859
0.4244
0.4113
0.4023
0.3937
0.3893
0.3842
0.3799
0.3767
0.3726
0.9287
0.9524
0.9664
0.9731
1.0000
1.0000
1.0000
1.0000
1.0000
1.0000
1.0000
1.0000
1.0000
1.0000
1.0000
0.0000
0.0000
0.0000
0.2000
0.2000
0.2000
0.2000
0.2000
0.2000
0.2000
0.2000
0.2000
0.2000
0.2000
0.2010
0.0000
0.6850
0.4433
0.4367
0.4412
0.4456
0.4302
0.4341
