1138.0841
1143.6034
1143.7336
1144.0871
1144.4050
1144.6915
1144.6915
1143.0186
1143.0517
1143.1218
1143.1844
1143.2382
1143.2839
1143.3224
1143.3545
1143.3814
1143.4039
1143.4228
1143.4390
1143.4390
1141.5205
1141.3500
1141.2371
1141.1349
1141.0405
1140.9532
1140.8727
1140.7989
1140.7323
1140.6731
1140.6212
1140.5767
1140.5767
1138.7091
1138.5038
1138.3608
1138.2363
1138.1268
1138.0311
1137.9487
1137.8791
1137.8224
1137.7783
1137.7466
1137.7274
1137.7274
1135.9689
1135.8035
1135.7019
1135.6227
1135.5625
1135.5200
1135.4943
1135.4849
1135.4916
1135.5140
1135.5516
1135.6041
1135.6041
1133.9918
1133.9081
1133.8878
1126.7200
1123.8865
1121.4042
1119.0194
1116.7069
1114.4566
1112.2624
1110.1194
1108.0241
1108.0241
1103.1339
1100.9114
1092.6327
1084.8019
1077.2725
1070.0109
1062.9998
1056.2256
1049.6654
1043.3125
1037.1573
1031.1870
1025.3897
1019.7620
1003.4620
993.4834
984.1449
975.0999
967.1414
959.6593
952.5527
945.9900
940.0570
934.7405
930.0657
926.1023
922.7811
919.9874
917.8157
916.2355
915.2132
914.7056
914.6715
915.0742
915.8787
917.0222
918.4704
920.0781
921.9068
924.0334
926.4201
928.9989
938.3524
947.5468
956.5983
965.3182
973.8476
982.2499
990.5183
998.2147
1005.0768
1010.9479
1015.9489
1020.3888
1024.6781
1029.0761
1032.9934
1034.8326
1038.1873
1042.8569
1048.4549
1054.6752
1061.3054
1068.1850
1075.1813
1082.4832
1084.0534
1085.4836
1086.7476
1087.8236
1088.6039
1089.5285
1090.5628
1091.6287
1092.6527
1093.5449
1094.2040
1093.9566
1093.4219
1092.6115
1091.5472
1090.3187
1088.9816
1087.6537
1086.1698
1084.5847
1083.0551
1081.6672
1080.5000
1079.5911
1078.9515
1078.5915
1078.5241
1078.7341
1079.2061
1079.9247
1080.8754
1082.0182
1083.3960
1084.4104
1085.7504
1087.4578
1089.4724
1091.7517
1094.2652
1096.9798
1099.8671
1102.9038
1106.0893
1109.4027
1112.1277
1114.4750
1116.3256
1118.2841
1120.4014
1122.6835
1125.0557
1127.4971
1129.9876
1132.4966
1135.1105
1137.7533
1140.4937
1143.2981
1156.6544
1169.3329
1186.7619
1202.9686
1218.0764
1232.0178
1245.1574
1257.4043
1268.6202
1278.6725
1287.3104
1293.8092
1298.0856
1300.0264
1294.2768
1289.3510
1280.7256
1279.0623
1276.3897
1271.6299
1266.1890
1258.9118
1251.9379
1245.0808
1236.3201
1228.0840
1220.8548
1213.6205
1202.8594
1194.7804
1187.3261
1180.2313
1173.4087
1166.8065
1160.3918
1154.1396
1148.0298
1142.1539
1136.4028
1128.5259
1119.4075
1114.3239
1109.0511
1103.7102
1097.1237
1091.0251
1085.0725
1079.1085
1073.2297
1067.4165
1061.3322
1055.3369
1049.4598
1043.6096
1034.8077
1026.5025
1018.6754
1010.9504
1009.2650
1008.4419
1007.2810
1005.9093
1004.3900
1002.1553
999.8663
997.6259
995.4347
993.2927
991.1989
984.3043
989.8788
989.8788
989.8788
992.3310
994.8746
997.4675
1000.1099
1002.8021
1005.5439
1008.3344
1011.1631
1019.5456
1027.8142
1041.5166
1055.6151
1066.7640
1079.4946
1093.4759
1107.0368
1120.1895
1132.9336
1145.2607
1156.9445
1162.7179
1162.9780
1163.4634
1163.9103
1164.3229
1164.3229
1163.0024
1163.1610
1163.3461
1163.5218
1163.6869
1163.8421
1163.9884
1164.1269
1164.2587
1164.3848
1164.5061
1164.6234
1164.6234
1163.0088
1162.9408
1162.9208
1162.9102
1162.9060
1162.9073
1162.9137
1162.9252
1162.9417
1162.9633
1162.9899
1163.0217
1163.0217
1161.3640
1161.2318
1161.1532
1161.0903
1161.0399
1161.0004
1160.9712
1160.9519
1160.9422
1160.9419
1160.9508
1160.9688
1160.9688
1159.3351
1159.1991
1159.1185
1159.0568
1159.0108
1158.9788
1158.9599
1158.9537
1158.9597
1158.9775
1159.0067
1159.0472
1159.0472
1157.4698
1157.3624
1157.3111
1150.9700
1148.0458
1145.3108
1142.5929
1139.8878
1137.1973
1134.5245
1131.8717
1129.2412
1129.2412
1124.3392
1121.5102
1113.8249
1106.4562
1099.2268
1092.1399
1085.2071
1078.4369
1071.8347
1065.4033
1059.1434
1053.0539
1047.1328
1041.3769
1024.7528
1014.3278
1004.5470
995.0662
985.8789
977.4932
969.9525
962.9548
956.5667
950.8193
945.7926
941.4844
937.8479
934.7500
932.2898
930.4266
929.1127
928.3048
927.9614
928.0457
928.5247
929.3394
930.4718
931.8658
933.4711
935.1772
937.3055
939.6466
942.2178
945.0237
948.0338
951.1936
954.5011
957.9699
961.5864
965.2265
968.6840
971.8570
974.8976
977.8756
980.8778
983.9600
986.9502
989.0888
991.7446
994.8602
998.3486
1002.1382
1006.1697
1010.3972
1014.7795
1019.3649
1023.9634
1027.9635
1031.5753
1035.0376
1038.0982
1041.2879
1044.5688
1047.8118
1050.8965
1053.5590
1055.8294
1057.3788
1058.2364
1058.6689
1058.7097
1058.3886
1057.8940
1057.3517
1056.8638
1056.2727
1055.8203
1054.9816
1054.3270
1053.9071
1053.7497
1053.9215
1054.4124
1055.1980
1056.2562
1057.5660
1059.1079
1060.8423
1062.6184
1063.3032
1063.8940
1064.4147
1064.9027
1065.3871
1065.8928
1066.6912
1067.7022
1068.9236
1070.2825
1071.6794
1073.3448
1075.3402
1077.6473
1080.2437
1083.1738
1086.4316
1089.9583
1093.6287
1097.5158
1101.4384
1105.5393
1109.7696
1114.1270
1118.6021
1123.1987
1127.8651
1132.6610
1155.8430
1177.4989
1197.6048
1216.1959
1233.4080
1249.0904
1263.2384
1280.8294
1293.9591
1304.2782
1312.0406
1315.3361
1312.2808
1307.0547
1301.5192
1295.8874
1294.8829
1291.6618
1287.4772
1282.5341
1271.5347
1261.9643
1249.9614
1244.4527
1238.5730
1228.3686
1219.1896
1211.3390
1203.8739
1196.6707
1189.6751
1182.8526
1176.1775
1169.6313
1163.4931
1155.7214
1147.7609
1139.8451
1135.2208
1130.4379
1125.5379
1118.0763
1111.5377
1105.1696
1098.6607
1092.2051
1085.2586
1078.4026
1071.6572
1065.0159
1058.4597
1052.1278
1043.5084
1035.5616
1032.5984
1028.0668
1023.6327
1019.2556
1014.9374
1010.7182
1006.6159
1002.7697
999.0769
995.4948
992.0023
988.6050
985.3040
990.8785
990.8785
990.8785
993.2418
995.7418
998.2914
1000.8678
1003.4858
1006.1475
1008.6420
1016.5664
1024.4250
1032.1748
1041.1104
1055.6734
1066.8223
1076.2172
1089.2265
1101.8339
1113.9963
1125.7189
1131.1350
1136.6718
1141.8772
1141.7477
1141.8287
1141.8701
1141.8766
1141.8766
1139.5642
1139.2869
1139.0642
1138.8323
1138.5894
1138.3360
1138.0730
1137.8014
1137.5222
1137.2364
1136.9448
1136.6482
1136.6482
1134.0460
1133.5329
1133.0960
1132.6683
1132.2462
1131.8288
1131.4159
1131.0073
1130.6032
1130.2037
1129.8088
1129.4187
1129.4187
1126.7679
1126.1869
1125.6888
1125.2074
1124.7391
1124.2825
1123.8368
1123.4019
1122.9774
1122.5633
1122.1595
1121.7658
1121.7658
1119.1623
1118.5922
1118.1079
1117.6447
1117.1987
1116.7684
1116.3531
1115.9522
1115.5654
1115.1922
1114.8325
1114.4860
1114.4860
1111.9815
1111.4682
1111.0418
1104.1367
1100.7962
1097.7842
1094.8732
1092.0388
1089.2702
1086.5607
1083.9050
1081.2994
1081.2994
1076.2489
1073.4988
1065.5489
1058.0920
1050.9240
1044.0137
1037.3447
1030.9033
1024.6624
1018.6318
1012.8026
1007.1647
1001.7091
996.4274
976.9309
965.1367
954.4295
944.2360
934.9670
926.5636
918.6932
911.3288
904.6180
898.6682
893.5454
889.2211
885.6718
882.9063
880.8687
879.5139
878.8037
878.6782
879.0841
879.9717
881.2852
882.9640
884.9070
887.0172
889.2860
891.9581
894.9491
898.1748
901.5726
905.1555
908.8865
912.7006
916.6347
920.6915
924.8550
928.9890
932.9282
936.6716
940.1214
943.5511
946.9635
950.4307
953.6562
956.3127
959.5659
963.3762
967.6359
972.2592
977.1708
982.3044
987.6006
993.0652
998.4877
1003.5309
1008.0102
1012.1199
1015.6397
1019.2553
1022.9472
1026.6142
1030.1103
1033.2908
1035.9193
1037.2040
1037.9783
1038.2696
1038.1214
1037.6699
1036.8556
1035.9452
1035.0463
1033.9760
1032.8847
1031.8870
1031.0908
1030.6181
1030.4423
1030.5824
1031.0441
1031.7999
1032.8244
1034.0940
1035.5862
1037.2691
1039.1890
1040.6207
1042.5636
1045.0019
1047.8517
1051.0411
1054.5107
1058.2110
1062.1016
1066.1484
1070.3535
1074.4116
1081.7072
1087.3859
1092.5550
1097.3767
1102.0128
1106.5032
1110.9049
1115.1615
1119.3125
1123.3397
1127.3257
1131.2668
1135.1879
1139.0580
1142.9024
1146.7456
1161.4208
1175.1314
1187.9770
1205.5686
1221.8134
1236.7459
1250.0687
1261.8486
1272.1169
1280.7903
1287.4145
1291.6622
1292.9766
1287.6668
1281.5741
1274.9939
1267.9951
1260.6740
1257.3522
1247.9504
1238.5368
1229.6883
1218.4209
1208.3413
1204.0041
1199.1679
1195.1079
1185.1843
1177.1342
1169.5615
1162.3029
1155.2959
1148.5000
1141.8829
1135.4240
1129.3784
1123.5786
1120.6898
1117.2304
1111.7997
1106.3985
1101.0300
1095.6583
1085.9937
1076.3641
1067.2572
1057.9787
1049.8976
1042.8038
1036.0224
1029.4590
1023.0721
1016.8129
1011.3044
1004.5007
997.6349
996.0150
993.1179
990.1305
987.1264
984.1052
981.0682
978.0171
974.9537
971.8806
968.8003
965.7157
962.6300
962.6300
962.6300
962.6300
965.1718
967.8905
970.6516
973.3399
975.9093
978.4957
981.0636
983.6312
997.2633
1010.5528
1023.8399
1038.1646
1049.3136
1058.4961
1071.4844
1084.0811
1096.2415
1107.5198
1111.8865
1116.7458
1116.4941
1116.3758
1116.4643
1116.5169
1116.5374
1116.5374
1114.1048
1113.8512
1113.6601
1113.4601
1113.2500
1113.0303
1112.8021
1112.5663
1112.3238
1112.0756
1111.8225
1111.5651
1111.5651
1108.8688
1108.4011
1108.0144
1107.6364
1107.2641
1106.8969
1106.5346
1106.1775
1105.8255
1105.4787
1105.1372
1104.8011
1104.8011
1102.0942
1101.5702
1101.1359
1100.7175
1100.3120
1099.9184
1099.5361
1099.1648
1098.8044
1098.4548
1098.1159
1097.7875
1097.7875
1095.1551
1094.6540
1094.2438
1093.8538
1093.4807
1093.1234
1092.7813
1092.4539
1092.1409
1091.8422
1091.5575
1091.2867
1091.2867
1088.7873
1088.3549
1088.0133
1081.4149
1078.0815
1075.0768
1072.1709
1069.3429
1066.5821
1063.8816
1061.2364
1058.6428
1058.6428
1053.6776
1051.0624
1041.9527
1034.8016
1027.9302
1021.3082
1014.9194
1008.7502
1002.7887
997.0224
991.4318
986.0067
980.7382
975.6219
955.7852
944.1070
933.5914
923.6370
914.9677
906.9378
899.4232
892.5264
886.2903
880.7934
876.0965
872.2541
869.2458
867.0720
865.6695
864.9665
864.8982
865.4063
866.4367
867.9415
869.8776
872.1970
874.8623
877.7994
880.8869
884.2579
887.8825
891.7829
895.9054
900.2229
904.7308
909.3695
914.1096
918.9740
923.9596
929.0064
933.7331
938.2923
942.6492
946.8062
950.8936
955.0479
959.1042
962.4021
966.2089
970.4979
975.1747
980.1419
985.3359
990.7057
996.1924
1001.7851
1007.4293
1012.9698
1017.7316
1022.0349
1025.7712
1029.6318
1033.5796
1037.5000
1041.2383
1044.6832
1047.5563
1049.1996
1049.9398
1050.1798
1049.9514
1049.6364
1049.3970
1048.8248
1048.0867
1047.1581
1046.1889
1045.2058
1044.4061
1043.8865
1043.7162
1043.9245
1044.4895
1045.3876
1046.5901
1048.0698
1049.8026
1051.7347
1053.7473
1055.5031
1057.7302
1060.3927
1063.4149
1066.7327
1070.2930
1074.0520
1077.9735
1082.0277
1086.1159
1090.3115
1093.7047
1096.8003
1099.3417
1101.9681
1104.7570
1107.6852
1110.6881
1113.6412
1116.6851
1119.8112
1123.0242
1126.2655
1129.5006
1132.7965
1145.9663
1158.2856
1169.7243
1185.7437
1200.5104
1214.2915
1227.2538
1239.4453
1250.6144
1260.6006
1269.4533
1277.0682
1282.8735
1286.9060
1287.5909
1287.2353
1280.3489
1272.7034
1264.3135
1261.6828
1257.2092
1246.7154
1235.7232
1224.7429
1214.3775
1209.3710
1203.9363
1197.7456
1192.6494
1181.2443
1172.4901
1164.3690
1156.6493
1149.2494
1142.1178
1135.2122
1128.5048
1121.9734
1115.8579
1108.2082
1100.8693
1092.8156
1089.3506
1085.6702
1081.7081
1077.7400
1068.3184
1058.7982
1049.6637
1040.9281
1033.5904
1026.6360
1019.9411
1014.1029
1008.4394
1002.8960
996.3135
989.6959
983.4742
977.5142
972.0166
966.7312
961.6781
961.0497
960.0921
958.8564
957.3831
955.7054
953.8518
951.7680
957.3425
957.3425
957.3425
960.0105
962.8071
965.6468
968.2605
970.7389
973.3124
975.8726
983.9519
991.8118
999.6722
1008.8039
1023.5124
1034.6613
1043.4925
1056.3463
1068.7438
1080.6410
1092.0537
1097.6145
1102.9332
1102.8509
1102.8990
1103.1538
1103.3718
1103.5568
1103.5568
1101.2693
1101.1826
1101.1553
1101.1160
1101.0639
1100.9997
1100.9243
1100.8388
1100.7441
1100.6413
1100.5311
1100.4146
1100.4146
1097.8665
1097.5377
1097.2867
1097.0424
1096.8020
1096.5649
1096.3312
1096.1008
1095.8741
1095.6511
1095.4320
1095.2170
1095.2170
1092.6525
1092.2474
1091.9306
1091.6287
1091.3382
1091.0584
1090.7886
1090.5286
1090.2782
1090.0373
1089.8059
1089.5838
1089.5838
1087.0850
1086.6882
1086.3810
1086.0933
1085.8212
1085.5638
1085.3202
1085.0901
1084.8732
1084.6692
1084.4779
1084.2991
1084.2991
1081.9183
1081.5741
1081.3195
1074.9024
1071.6779
1068.7764
1066.0952
1063.4910
1060.9537
1058.4760
1056.0525
1053.6788
1053.6788
1048.8387
1046.3147
1037.2647
1030.2250
1023.4418
1016.9011
1010.5919
1004.5054
998.6232
992.9359
987.4344
982.1095
976.9528
971.9563
952.0860
940.5085
930.0825
920.2155
910.8095
901.8100
893.1768
884.8774
876.8848
869.1756
861.7293
854.5278
847.5561
840.7993
834.2411
827.8702
821.6730
815.6403
809.7637
804.0352
798.4472
792.9929
787.6658
782.4593
777.3688
772.3890
767.5152
762.7426
758.0662
753.4825
748.9877
744.5787
740.2528
736.0064
731.8362
727.7394
723.7131
719.7549
715.8834
712.1032
708.3895
704.7293
701.1280
697.5918
694.1204
690.7118
687.3646
684.0773
680.8481
677.5748
674.3471
671.1637
668.0241
664.9275
661.8737
658.8624
655.8917
652.9615
650.0716
647.2217
644.4099
641.6918
639.0386
636.4326
633.8717
631.3391
628.8349
626.3693
623.9451
621.5625
619.2211
616.9202
614.6592
612.4640
610.2912
608.1454
606.0353
603.9623
601.9259
599.9260
597.9620
596.0335
594.1379
592.2607
590.4060
588.6988
587.0237
585.3813
583.7711
582.1923
580.6448
579.1280
577.6413
576.1808
574.7379
573.3160
571.9201
570.6062
569.3193
568.0598
566.8268
565.6199
564.4378
563.2801
562.1465
561.0364
559.9442
558.8653
557.8037
556.7348
555.6862
554.6572
553.6477
552.6571
551.6860
550.7339
549.8005
548.8855
547.9887
547.0999
546.4348
545.7751
545.1210
544.4726
543.8301
543.1936
542.5631
541.9387
541.3204
540.7083
540.1024
539.5026
539.5026
542.5868
546.2346
549.8951
553.5401
557.1821
560.8145
564.4373
568.0504
571.6533
575.2431
578.8166
582.3760
582.3760
585.0405
588.6787
592.3363
595.9883
599.6340
603.2729
606.8955
610.5042
614.0988
617.6791
621.2446
624.7951
624.7951
627.0090
630.4070
633.8335
637.2502
640.6544
644.0452
647.4218
650.7837
654.1307
657.4620
660.7773
664.0765
664.0765
665.9152
669.0527
672.2225
675.3819
678.5285
681.6612
684.7795
687.8830
690.9716
694.0451
697.1032
700.1459
700.1459
701.6374
704.5142
707.4278
710.3323
713.2251
716.1053
718.9723
721.8260
724.6658
727.4918
730.3037
733.1014
733.1014
734.2784
736.9079
739.5784
742.2416
744.8949
747.5375
750.1691
752.7893
755.3980
757.9950
760.5801
763.1532
763.1532
764.0558
766.4612
768.9118
771.3576
773.7959
776.2258
778.6466
781.0580
783.4599
785.8520
788.2343
790.6066
790.6066
791.2735
793.4786
795.7321
797.9831
800.2289
802.4685
804.7014
806.9271
809.1456
811.3565
813.5598
815.7553
815.7553
816.2256
818.2565
820.3378
822.4191
824.4974
826.5718
828.6416
830.7064
832.7661
834.8204
836.8692
838.9122
838.9122
839.2215
841.1081
843.0454
844.9831
846.9193
848.8533
850.7848
852.7136
854.6396
856.5625
858.4822
860.3987
860.3987
860.5790
862.3431
864.1595
865.9788
867.7986
869.6184
871.4377
873.2562
875.0737
876.8900
878.7048
880.5177
880.5177
880.5830
882.0052
883.5443
885.0775
886.6015
888.1153
889.6185
891.1112
892.5939
894.0669
895.5305
896.9850
896.9850
896.4789
897.6611
898.9876
900.3117
901.6312
902.9454
904.2539
905.5561
906.8516
908.1401
909.4211
910.6943
910.6943
909.9176
910.8987
912.0448
913.1885
914.3276
915.4616
916.5902
917.7134
918.8307
919.9420
920.9399
921.9289
921.9289
920.8382
921.6046
922.4373
923.2608
924.0720
924.8699
925.6544
926.4252
927.1824
927.9258
928.6556
929.3720
929.3720
927.8058
928.2586
928.8045
929.3536
929.9009
930.4488
930.9949
931.5372
932.0815
932.5449
933.0063
933.4654
933.4654
931.5891
931.8432
932.1875
932.5359
932.8858
933.2342
933.5834
933.9335
934.2841
934.6348
934.9754
935.3102
935.3102
933.3345
933.4618
933.6826
933.9153
934.1555
934.4020
934.6543
934.7929
934.9390
935.0914
935.2508
935.4165
935.4165
933.1531
933.1244
933.1875
933.2497
933.3089
933.3708
933.5596
933.7511
933.9451
934.1408
934.3379
934.5357
934.5357
932.3380
932.3434
932.4376
932.5408
932.6489
932.8407
933.0352
933.2318
933.4301
933.6301
933.8318
934.0356
934.0356
931.9115
931.9296
932.0336
932.1456
932.2617
932.3809
932.5027
932.6268
932.7529
932.8810
933.0109
933.2615
933.2615
931.1096
931.0566
931.0831
931.2303
931.3805
931.5344
931.6922
931.8538
932.0193
932.1886
932.3618
932.5386
932.5386
930.3365
930.3581
930.6110
930.8732
931.1433
931.4214
931.7089
932.0053
932.3101
932.6232
932.9442
933.2729
933.2729
931.3167
931.4983
931.7529
932.0202
932.2999
932.5908
932.8924
933.2040
933.5253
933.8560
934.1958
934.5451
934.5451
932.6027
932.8129
933.0983
933.3971
933.7072
934.0288
934.3615
934.7052
935.0593
935.4236
935.7979
936.1819
936.1819
934.2637
934.5084
934.8302
935.1653
935.5121
935.8703
936.2399
936.6206
937.0120
937.4139
937.8258
938.2476
938.2476
936.3647
936.6466
937.0070
937.3809
937.7693
938.1710
938.5854
939.0119
939.4501
939.8996
940.3601
940.8313
940.8313
939.0006
939.3241
939.7322
940.1583
940.5992
941.0539
941.5217
942.0021
942.4946
942.9987
943.5141
944.0407
944.0407
942.2740
942.6508
943.1162
943.6000
944.0990
944.6108
945.1327
945.6630
946.1416
946.6309
947.1307
947.6405
947.6405
945.9404
946.2972
946.7449
947.2095
947.6883
948.1800
948.6839
949.1994
949.7261
950.2633
950.8107
951.3676
951.3676
949.7231
950.1290
950.6234
951.1332
951.6559
952.1902
952.7346
953.2890
953.8533
954.4279
955.0126
955.6075
955.6075
954.0530
954.4953
955.0285
955.5797
956.1463
956.7274
957.3224
957.9309
958.5525
959.1870
959.8341
960.4936
960.4936
959.1164
959.6310
960.2332
955.4619
953.3223
951.4707
949.7098
948.0183
946.3848
944.8040
943.2714
941.7833
941.7833
938.1277
936.5059
928.7214
923.0644
917.6369
912.4138
907.3821
902.5211
897.8226
893.2701
888.8594
884.5848
880.4404
876.4205
860.9963
851.8997
843.7049
835.9363
828.5040
822.0176
816.2026
811.0187
806.4991
802.7522
799.8034
797.6203
796.1570
795.4335
795.4200
796.0517
797.2662
799.0089
801.2218
803.8688
806.9103
810.2710
813.9356
817.8741
820.9839
824.0344
827.5161
831.2512
835.1049
839.0598
843.1310
847.3046
851.5469
855.8585
860.2198
864.6064
868.7639
872.6836
876.4605
880.1026
883.7334
887.3976
890.7864
893.5625
897.3028
901.8998
907.1609
912.9305
919.0854
925.5279
932.1740
938.9608
945.8184
952.5272
958.4103
963.4281
967.0535
970.7965
974.6330
978.3664
981.7668
984.8949
987.6434
989.8756
991.4004
992.5003
993.2014
993.5273
993.7707
993.8549
993.7832
993.6272
993.5124
993.5499
993.8243
994.3427
995.1306
996.2235
997.5876
999.2023
1001.0486
1003.1090
1005.3671
1007.8078
1010.3984
1012.5656
1015.5695
1019.3310
1023.6811
1028.4814
1033.6252
1039.0268
1044.6168
1050.3395
1056.1506
1061.8781
1066.4944
1070.1477
1072.7193
1075.3247
1078.0141
1080.8110
1083.6435
1086.5652
1089.5836
1092.7485
1096.0509
1099.3978
1102.9107
1106.5765
1120.2931
1138.6034
1155.4042
1170.9382
1185.2350
1198.2549
1210.3478
1221.6168
1231.9891
1241.3881
1249.6259
1256.7450
1261.9011
1265.4072
1266.2382
1267.1019
1259.6330
1253.6368
1253.0391
1251.5266
1247.9190
1238.4867
1229.2380
1220.1593
1210.9397
1201.7351
1197.9292
1193.7441
1189.6364
1178.2400
1169.6833
1161.7758
1154.2628
1147.0594
1140.1116
1133.3795
1126.8336
1120.7001
1113.7662
1112.1757
1110.1033
1107.5046
1103.6128
1099.6169
1091.2151
1082.4701
1075.4764
1068.8153
1062.3446
1055.5893
1049.0140
1042.6113
1036.3598
1030.2410
1023.6271
1017.2557
1011.0532
1005.0055
1010.0871
1011.1661
1011.9224
1011.0428
1009.5893
1007.6699
1005.4361
1002.9246
1000.1905
997.2781
994.2228
991.0085
996.5830
996.5830
996.5830
998.6460
1000.6436
1002.5320
1004.3909
1006.2366
1008.0790
1009.9257
1011.7749
1013.5593
1015.2418
1028.0187
1040.5665
1051.7154
1058.5566
1070.9160
1082.7872
1094.1227
1104.9858
1115.3800
1114.9360
1114.5176
1091.4838
1070.2141
1050.4198
1031.8867
1031.8867
1013.6279
996.5152
980.3970
965.1538
950.6881
936.9187
923.7770
911.2055
899.1535
887.5773
876.4387
865.7040
865.7040
854.7016
844.1873
834.1065
824.4161
815.0805
806.0701
797.3596
788.9275
780.7547
772.8250
765.1239
757.6386
757.6386
749.8602
742.3833
735.1751
728.2100
721.4674
714.9304
708.5847
702.4179
696.4197
690.5809
684.8934
679.3501
679.3501
673.5552
667.9760
662.5892
657.3765
652.3236
647.4185
642.6512
638.0133
633.4976
629.0977
624.8081
620.6240
620.6240
616.2330
612.0051
607.9224
603.9711
600.1403
596.4209
592.8055
589.2878
585.8623
582.5242
579.2695
576.0946
576.0946
572.7505
569.5323
566.8761
564.5599
562.5324
560.7507
559.1788
557.7865
556.5480
555.4415
554.4486
553.5532
552.7419
552.0031
550.4756
551.3827
557.9255
563.8963
570.3324
576.6123
582.9935
589.4624
595.9657
602.6699
609.5011
616.4887
623.6130
630.8898
638.2985
645.8264
653.4555
661.1156
668.7944
676.4828
684.1858
692.1964
700.4927
709.0334
717.7886
726.7681
735.9668
745.3978
755.0668
764.9716
775.1050
785.4580
795.9900
806.7308
817.6737
828.8062
840.0346
851.2825
862.5403
873.8288
885.2189
896.7592
908.4430
920.3052
932.3481
944.5895
957.0228
969.6416
982.4396
995.4104
1008.6789
1022.2093
1035.6429
1049.1992
1062.8512
1076.5843
1090.3878
1104.2703
1118.2283
1132.1946
1146.1303
1159.9721
1173.6635
1187.1406
1200.3810
1213.3838
1226.1535
1238.6945
1251.0159
1263.1412
1275.0957
1286.9157
1298.6617
1310.3721
1322.1166
1333.9395
1345.8667
1357.9023
1370.0450
1382.3172
1394.7055
1407.2008
1419.7987
1432.4949
1445.2356
1458.0375
1470.9628
1484.2608
1497.9717
1511.9764
1526.2505
1540.8336
1555.6789
1570.7642
1585.5735
1599.7857
1613.6383
1627.4545
1641.2931
1655.2145
1669.1899
1683.2088
1697.2603
1711.2946
1725.2800
1739.2671
1753.2384
1767.3234
1781.4898
1795.6655
1809.9248
1824.2376
1838.5753
1852.9302
1872.9240
1898.5072
1924.0328
1949.4277
1974.5466
1999.4036
2023.8463
2047.9061
2071.5416
2094.7617
2117.5013
2139.7966
2156.0508
2166.3491
2182.0014
2202.9501
2223.5001
2238.0914
2252.3402
2271.8262
2285.3415
2298.9691
2312.7561
2326.4680
2333.2450
2339.8146
2346.2492
2352.5659
2358.7686
2364.8609
2370.8464
2376.7280
2382.5081
2393.7253
2404.7422
2421.0779
2437.1041
2452.8107
2468.2029
2477.8759
2481.8300
2485.6682
2489.3598
2492.9223
2496.3872
2499.7485
2502.9477
2506.0404
2509.0297
2517.4796
2525.7603
2533.8647
2547.3047
2560.4746
2573.3707
2586.1908
2598.8619
2611.1762
2623.3080
2635.1683
2646.7307
2657.9917
2668.9506
2679.6084
2689.9674
2694.5552
2662.6950
2623.8810
2584.4834
2544.8493
2505.1734
2465.6226
2426.3359
2387.4144
2348.9416
2311.0026
2273.6469
2236.9365
2242.5109
2208.6255
2180.3602
2151.8591
2123.2456
2094.6276
2066.0985
2037.7371
2009.6098
1981.7716
1948.9750
1917.1065
1880.8798
1880.8798
1843.9276
1808.6228
1774.7720
1742.2269
1710.8675
1680.5949
1651.3249
1622.9859
1595.5156
1568.8598
1542.9727
1517.8117
1517.8117
1491.7803
1466.7424
1442.5906
1419.2426
1396.6318
1374.7033
1353.4110
1332.7152
1312.5818
1292.9809
1273.8863
1255.2747
1255.2747
1235.9309
1217.2890
1199.2739
1181.8284
1164.9067
1148.4713
1132.4907
1116.9379
1101.7900
1087.0269
1072.6308
1058.5860
1058.5860
1043.9587
1029.8546
1016.2180
1003.0065
990.1860
977.7289
965.6119
953.8151
942.3215
931.1165
920.1869
909.5213
909.5213
898.3972
887.6708
877.2996
867.2513
857.5000
848.0244
838.8070
829.8330
821.0898
812.5663
804.2529
796.1408
796.1408
787.6704
779.5055
771.6135
763.9693
756.5528
751.3829
746.9257
743.0640
739.7016
736.7588
734.1697
731.8790
729.8410
728.0168
726.3741
724.8856
723.5281
719.7137
723.6163
729.4540
733.7971
738.3618
742.7528
746.9597
751.0786
755.1508
759.4694
764.0981
769.0290
774.2741
779.8592
785.7804
792.0284
798.5943
805.4694
812.6452
820.1132
827.8653
835.8935
844.1883
852.7269
861.4718
870.4095
879.5536
888.9210
898.5204
908.3516
918.4098
928.6864
939.1474
949.8052
960.6629
971.7129
982.8879
994.1006
1005.3321
1016.5614
1027.8436
1039.2402
1050.7690
1062.4088
1074.2089
1086.1891
1098.3433
1110.7776
1123.5055
1136.5086
1149.7774
1163.2029
1176.5207
1189.6626
1202.8971
1216.2512
1229.7070
1243.2480
1256.8614
1270.4921
1283.8616
1297.1349
1310.2965
1323.2839
1336.0649
1348.6288
1360.9797
1373.1214
1385.0579
1396.8040
1408.3749
1419.8206
1431.1957
1442.5602
1453.9584
1465.4234
1476.9926
1488.6681
1500.4514
1512.3390
1524.3261
1536.4078
1548.5828
1560.8217
1573.0804
1585.4135
1597.9107
1611.1878
1624.8461
1638.8891
1653.2619
1668.0622
1683.1813
1698.5956
1714.0634
1728.6988
1742.3331
1755.9488
1769.5676
1783.2593
1796.9894
1810.7361
1824.5030
1838.4481
1852.4366
1866.3901
1880.4106
1894.4653
1908.5664
1922.0544
1935.4807
1949.0332
1962.5659
1981.6902
2000.7095
2025.2375
2049.6143
2073.7154
2097.1867
2120.5510
2143.3194
2166.4397
2189.2576
2211.6414
2234.8568
2258.2020
2275.3229
2292.1709
2308.8505
2325.0541
2346.8047
2368.0399
2387.3077
2400.6961
2406.0426
2410.9006
2426.9537
2442.6412
2452.7959
2456.4895
2460.0821
2463.5907
2466.9918
2470.2771
2473.4751
2477.0156
2480.4965
2483.9217
2487.2890
2490.5895
2504.8727
2518.8753
2532.7286
2546.3468
2559.8295
2568.0032
2569.7914
2571.3534
2572.8030
2574.1699
2575.3140
2576.4755
2577.5745
2578.5976
2579.5229
2580.3573
2581.1079
2581.7946
2582.4053
2594.6386
2606.7026
2618.5850
2630.2562
2641.6217
2652.7014
2663.4526
2673.8748
2683.9688
2693.7379
2703.1355
2664.0316
2624.3722
2584.3684
2544.2757
2504.2583
2464.4579
2424.9935
2385.9626
2347.4171
2309.4387
2272.0502
2240.3597
2251.5086
2221.0493
2190.6175
2160.2851
2130.1213
2100.1901
2070.5477
2041.2423
2012.3144
1978.6140
1945.9822
1909.1640
1907.8713
1907.8713
1897.3491
1889.8746
1882.4812
1874.9758
1867.3586
1859.6393
1851.8277
1843.9334
1835.9656
1827.9325
1819.8418
1811.7013
1811.7013
1796.4842
1787.7960
1779.3104
1770.8407
1762.3766
1753.9189
1745.4705
1737.0348
1728.6153
1720.2161
1711.8406
1703.4936
1703.4936
1691.6140
1682.8638
1674.3624
1665.9359
1657.5724
1649.2705
1641.0296
1632.8504
1624.7339
1616.6813
1608.6938
1600.7726
1600.7726
1589.5307
1581.3436
1573.4119
1565.5835
1557.8445
1550.1917
1542.6238
1535.1401
1527.7404
1520.4244
1513.1921
1506.0434
1506.0434
1495.7669
1488.4300
1481.3491
1474.3796
1467.5084
1460.7318
1430.4353
1411.1454
1395.0648
1379.9266
1365.5023
1351.7038
1351.7038
1327.9040
1313.7235
1301.4802
1289.8044
1278.5743
1253.1682
1235.9360
1220.5094
1206.3228
1193.1506
1180.9288
1169.5488
1158.9005
1148.9270
1139.5854
1130.8207
1122.5851
1097.6140
1078.7381
1062.4803
1047.4344
1034.4094
1022.3958
1011.4215
1001.4040
992.4385
984.7304
978.2776
973.1065
969.1555
966.3641
964.6110
963.7661
963.7648
964.5036
965.8908
967.8511
970.3084
973.2018
976.4185
979.8361
983.4290
987.2005
991.1131
995.2396
999.6077
1004.1786
1008.9169
1013.7928
1018.6601
1023.5879
1028.5946
1033.5644
1038.2296
1042.3771
1046.0799
1049.4240
1052.7328
1056.1418
1059.5490
1062.5204
1065.9481
1069.8981
1074.2568
1078.9046
1083.7679
1088.7873
1093.8934
1099.0670
1104.1957
1109.2175
1113.6395
1117.3853
1120.3369
1123.4399
1126.6911
1130.0152
1133.1094
1135.7769
1137.7768
1138.3544
1138.1240
1137.1567
1135.5479
1133.4323
1131.0562
1128.4702
1125.8281
1123.0922
1120.3534
1117.7185
1115.4718
1113.6506
1112.3408
1111.5568
1111.2666
1111.4389
1112.0255
1112.9827
1114.2712
1115.8448
1117.6186
1118.9586
1120.7453
1123.0755
1125.8448
1128.9814
1132.4034
1136.0441
1139.7882
1143.6689
1147.6268
1151.6208
1155.1802
1158.0522
1160.1682
1162.3668
1164.7662
1167.2980
1169.9099
1172.6133
1175.3234
1178.1116
1180.9909
1183.9402
1186.9025
1189.8755
1201.1804
1216.8291
1231.1424
1244.3813
1256.7454
1268.4017
1279.4400
1289.8818
1299.4087
1307.8472
1315.0513
1320.7798
1324.6342
1326.5574
1325.7953
1319.1066
1308.8413
1301.2604
1298.7713
1295.2417
1290.1178
1279.1937
1266.2061
1255.0565
1249.5882
1243.4092
1236.9118
1230.1743
1216.3134
1205.5738
1195.7080
1186.4088
1177.5624
1169.0949
1160.9524
1153.0876
1145.4703
1138.0779
1130.1225
1128.2190
1125.6447
1120.9756
1116.1657
1111.2725
1101.8257
1092.3479
1083.1511
1074.2864
1062.9678
1054.3366
1046.2926
1038.5924
1031.1637
1024.2758
1017.5550
1011.2546
1004.7875
998.5494
992.5317
987.4130
986.7538
985.6941
984.2974
982.6110
980.6758
978.5272
976.1967
973.7119
971.0975
963.1838
963.1838
963.1838
965.8029
968.5148
970.9741
973.1263
975.1066
977.0775
979.1850
981.1679
983.1347
985.0598
997.9995
1010.5367
1021.6857
1028.4286
1041.0174
1053.2263
1064.9620
1076.2319
1087.0465
1097.1148
1106.6490
1105.7212
1105.1363
1104.7715
1104.3802
1104.3802
1101.1188
1100.4524
1099.8721
1099.2872
1098.6965
1098.1009
1097.5012
1096.8985
1096.2937
1095.6878
1095.0815
1094.4755
1094.4755
1091.0443
1090.2276
1089.5144
1088.8135
1088.1222
1087.4401
1086.7670
1086.1029
1085.4479
1084.8019
1084.1650
1083.5373
1083.5373
1080.1733
1079.3593
1078.6533
1077.9659
1077.2944
1076.6381
1075.9964
1075.3689
1074.7555
1074.1560
1073.5700
1072.9975
1072.9975
1069.7692
1069.0252
1068.3884
1067.7734
1067.1772
1066.5991
1066.0384
1065.4946
1064.9672
1064.4561
1063.9607
1063.4807
1063.4807
1060.4226
1059.7804
1059.2431
1058.7290
1052.5407
1048.9109
1045.6009
1042.4010
1039.2871
1036.2477
1033.2751
1030.3635
1030.3635
1025.0651
1022.0077
1019.1338
1007.0093
999.0343
991.6330
984.6333
977.9909
971.6654
965.6236
959.8471
954.3202
949.0263
943.9506
939.0794
919.6698
908.0866
897.7211
887.9630
879.4645
871.5484
864.3253
857.8250
852.0457
847.1306
843.1153
839.9913
837.7579
836.3881
835.8253
835.9859
836.7963
838.1908
840.1114
842.5059
845.3105
848.4853
851.9111
855.5873
859.5921
863.7350
868.0530
872.6523
877.4777
882.5129
887.7343
893.1169
898.5353
904.0544
909.6913
915.3892
920.9547
926.2590
931.2130
935.8443
940.3542
944.8992
949.2446
953.0946
957.3597
962.0389
967.0424
972.3222
977.8174
983.4893
989.2840
995.2140
1001.1154
1006.7112
1011.5491
1015.4490
1019.4663
1023.6040
1027.8316
1031.9961
1035.9456
1039.3178
1042.0989
1043.7209
1044.7513
1045.2076
1045.1422
1044.6669
1043.7542
1042.8682
1041.8773
1040.8420
1039.8309
1038.9601
1038.4374
1038.2875
1038.5307
1039.1848
1040.2292
1041.6283
1043.3500
1045.3646
1047.6444
1050.1565
1052.8827
1055.0840
1057.6574
1060.6093
1063.8697
1067.3770
1071.0810
1074.9409
1078.9228
1082.9988
1087.1534
1091.3703
1094.8222
1098.0522
1100.6939
1103.4099
1106.2733
1109.3007
1112.3975
1115.5270
1118.7106
1121.9524
1125.2726
1128.6438
1132.0321
1135.4316
1138.8390
1142.3304
1145.9471
1159.6519
1177.9326
1194.8039
1210.4177
1224.8751
1237.9977
1249.6897
1259.8924
1268.5361
1274.5711
1278.4570
1279.9386
1280.5463
1274.5107
1267.4489
1260.0487
1252.7637
1249.3719
1245.2012
1243.7517
1236.0346
1222.8272
1215.1533
1207.1963
1204.3823
1190.5280
1177.6556
1165.6368
1154.4146
1143.8852
1133.9597
1124.5633
1115.6315
1107.1096
1104.1411
1100.7602
1096.9888
1098.0282
1098.0327
1097.1708
1095.6001
1093.4232
1085.5105
1072.5983
1060.5043
1049.1332
1038.3831
1028.1623
1018.4190
1009.1074
1000.1870
991.6219
983.4106
975.5854
968.1160
966.1812
969.0752
970.9630
972.0081
972.3571
972.1392
971.4372
970.3230
968.8588
967.0984
965.0885
962.8695
955.2794
942.6730
930.9536
920.0700
909.9284
900.4457
891.5485
883.1726
875.2617
867.7512
860.6040
858.8628
864.4373
866.4507
867.4800
867.7043
867.2480
866.2198
864.7137
862.8112
860.5818
858.0854
850.1201
837.3391
825.3572
825.3572
813.5039
802.3706
791.8713
781.9347
772.5006
763.5179
754.9425
746.7366
738.8676
731.3068
724.0294
717.0136
717.0136
709.8116
702.9243
696.3185
689.9672
683.8476
677.9403
672.2288
666.6988
661.3381
656.1358
651.0825
646.1699
646.1699
641.0533
636.1336
631.3908
626.8086
622.3736
618.0746
613.9020
609.8476
605.9041
602.0655
598.3264
594.6821
594.6821
590.8598
587.1803
583.6288
580.1938
576.8655
573.6359
570.4982
567.4469
564.4770
561.5841
558.7645
556.0148
556.0148
553.1160
550.3265
547.6349
545.0320
542.5104
540.0637
537.6869
535.3756
533.1260
530.9347
528.7989
526.7161
526.7161
524.5080
522.3854
520.3389
518.3612
516.4464
514.5924
512.9563
511.5087
510.2246
509.0823
508.0631
507.1510
506.3321
505.5941
504.9267
504.3208
503.7683
502.8984
502.0338
501.1764
500.3277
499.4888
498.6603
497.8427
497.0363
496.2414
495.4580
494.6862
493.9260
493.1773
492.4399
491.7138
490.9989
490.2951
489.6023
488.9203
488.2489
487.5881
486.9378
486.2976
485.6676
485.0475
484.4372
483.8366
483.2456
482.6639
482.0915
481.5282
480.9738
480.4283
479.8914
479.3631
478.8433
478.3317
477.8283
477.3329
476.8454
476.3657
475.8937
475.4292
474.9721
474.5223
474.0798
473.6443
473.2157
472.7940
472.3790
471.9706
471.5687
471.1731
470.7839
470.4009
470.0240
469.6531
469.2881
468.9289
468.5755
468.2277
467.8854
467.5487
467.2173
466.8912
466.5704
466.2547
465.9440
465.6383
465.3375
465.0415
464.7502
464.4636
464.1815
463.9040
463.6308
463.3620
463.0975
462.8372
462.5811
462.3290
462.0810
461.8369
461.5967
461.3604
461.1279
460.8990
460.6739
460.4523
460.2342
460.0197
459.8085
459.6007
459.3962
459.1949
458.9969
458.8019
458.6101
458.4213
458.2355
458.0527
457.8727
457.6956
457.5213
457.3498
457.1809
457.0148
456.8512
456.6903
456.5319
456.3760
456.2225
456.0715
455.9229
455.7766
455.6327
455.4910
455.3516
455.2143
455.0793
454.4295
453.8058
453.2132
452.6547
452.1313
451.6430
451.1888
450.7674
450.3768
450.0151
449.6801
449.3699
449.3699
449.1624
448.9411
448.7092
448.4693
448.2237
447.9743
447.7226
447.4699
447.2172
446.9654
446.7153
446.4674
446.4674
446.1547
445.8592
445.5782
445.3099
445.0527
444.8053
444.5668
444.3362
444.1129
443.8964
443.6860
443.4815
443.4815
443.2193
442.9754
442.7470
442.5317
442.3277
442.1336
441.9481
441.7704
441.5994
441.4347
441.2755
441.1215
441.1215
440.9123
440.7199
440.5416
440.3751
440.2188
440.0711
439.9310
439.7975
439.6698
439.5473
439.4294
439.3157
439.3157
439.1482
438.9963
438.8571
438.7286
438.6091
438.4973
438.3920
438.2924
438.1978
438.1074
438.0209
437.9379
437.9379
437.8022
437.6809
437.5714
437.4718
437.3803
437.2958
437.2171
437.1434
437.0741
437.0085
436.9461
436.8866
436.8866
436.7754
436.6777
436.5911
436.5136
436.4437
436.3802
436.3219
436.2681
436.2180
436.1713
436.1273
436.0857
436.0857
435.9930
435.9132
435.8439
435.7833
435.7296
435.6819
435.6390
435.6002
435.5648
435.5323
435.5023
435.4744
435.4744
435.3959
435.3298
435.2739
435.2262
435.1853
435.1499
435.1191
435.0921
435.0682
435.0470
435.0279
435.0107
435.0107
434.9433
434.8880
434.8424
434.8048
434.7736
434.7477
434.7260
434.7079
434.6928
434.6800
434.6692
434.6601
434.6601
434.6010
434.5537
434.5160
434.4859
434.4621
434.4433
434.4287
434.4174
434.4089
434.4027
434.3984
434.3955
434.3955
434.3430
434.3021
434.2706
434.2465
434.2285
434.2154
434.2063
434.2004
434.1971
434.1959
434.1964
434.1983
434.1983
434.1507
434.1146
434.0876
434.0680
434.0543
434.0453
434.0403
434.0384
434.0390
434.0416
434.0459
434.0515
434.0515
434.0078
433.9755
433.9523
433.9363
433.9261
433.9207
433.9190
433.9204
433.9243
433.9302
433.9377
433.9464
433.9464
433.9061
433.8771
433.8569
433.8439
433.8366
433.8340
433.8350
433.8390
433.8454
433.8537
433.8635
433.8745
433.8745
433.8367
433.8100
433.7921
433.7812
433.7761
433.7755
433.7785
433.7845
433.7928
433.8030
433.8147
433.8275
433.8275
433.7916
433.7667
433.7505
433.7414
433.7379
433.7389
433.7434
433.7509
433.7606
433.7722
433.7851
433.7992
433.7992
433.7645
433.7408
433.7257
433.7176
433.7151
433.7169
433.7224
433.7306
433.7410
433.7533
433.7669
433.7816
433.7816
433.7476
433.7245
433.7101
433.7026
433.7006
433.7031
433.7091
433.7179
433.7288
433.7415
433.7555
433.7706
433.7706
433.7368
433.7139
433.6996
433.6922
433.6902
433.6926
433.6985
433.7071
433.7178
433.7303
433.7441
433.7589
433.7589
433.7247
433.7015
433.6868
433.6791
433.6769
433.6790
433.6846
433.6930
433.7035
433.7157
433.7293
433.7438
433.7438
433.7093
433.6857
433.6708
433.6627
433.6602
433.6620
433.6673
433.6754
433.6856
433.6975
433.7108
433.7250
433.7250
433.6902
433.6663
433.6510
433.6427
433.6398
433.6414
433.6464
433.6543
433.6643
433.6760
433.6891
433.7032
433.7032
433.6681
433.6440
433.6286
433.6201
433.6171
433.6185
433.6234
433.6311
433.6409
433.6525
433.6654
433.6794
433.6794
433.6441
433.6198
433.6042
433.5955
433.5923
433.5936
433.5984
433.6060
433.6158
433.6273
433.6402
433.6541
433.6541
433.6189
433.5947
433.5792
433.5706
433.5676
433.5691
433.5740
433.5818
433.5919
433.6037
433.6168
433.6310
433.6310
433.5962
433.5723
433.5571
433.5489
433.5462
433.5480
433.5533
433.5614
433.5718
433.5839
433.5973
433.6118
433.6118
433.5772
433.5536
433.5388
433.5308
433.5284
433.5305
433.5360
433.5444
433.5550
433.5674
433.5811
433.5959
433.5959
433.5616
433.5383
433.5238
433.5162
433.5141
433.5166
433.5225
433.5313
433.5424
433.5551
433.5693
433.5845
433.5845
433.5506
433.5276
433.5134
433.5061
433.5044
433.5071
433.5133
433.5223
433.5335
433.5465
433.5608
433.5761
433.5761
433.5422
433.5194
433.5052
433.4980
433.4963
433.4990
433.5052
433.5142
433.5253
433.5383
433.5525
433.5678
433.5678
433.5339
433.5109
433.4967
433.4894
433.4877
433.4903
433.4965
433.5054
433.5166
433.5295
433.5437
433.5589
433.5589
433.5249
433.5019
433.4876
437.6215
441.7933
445.9996
450.2375
454.5043
458.4836
462.3384
466.1275
469.9062
469.9062
472.3391
476.0051
474.8101
473.9710
473.1679
472.3736
471.5855
470.8076
470.0416
469.2900
468.5544
467.8360
467.1353
466.4525
466.2373
466.0934
466.0908
466.3050
466.4408
466.6127
466.9690
467.5998
468.5812
470.0113
471.8986
474.2625
477.0917
480.2400
483.8425
487.8703
492.2990
497.1025
502.2545
507.7182
513.4706
519.4360
525.5196
531.7534
538.2634
544.9237
551.8019
558.8466
566.1010
573.5465
581.1608
588.8855
596.7274
604.6920
612.7360
620.8098
628.8345
636.7256
644.4013
651.9292
659.4217
666.9438
674.2087
680.8902
688.0264
695.5598
703.4105
711.5143
719.8188
728.2795
736.8545
745.5173
754.1152
762.4180
770.0519
777.5717
784.6637
791.8381
799.0632
806.2638
813.3544
820.1871
826.5838
831.9025
836.7625
841.1509
845.1070
848.6559
851.9007
854.7874
857.7325
860.4852
863.1641
865.8739
868.7507
871.8461
875.2076
878.8315
882.7157
886.8381
891.1779
895.7160
900.4343
905.2827
910.2164
914.7609
919.6684
924.9073
930.4174
936.1477
942.0555
948.1052
954.2673
960.5131
966.9276
973.1313
978.6508
983.9081
988.6160
993.3654
998.1898
1003.1295
1008.1344
1013.1733
1018.2392
1023.3122
1028.4032
1033.4562
1038.5063
1043.5265
1061.9937
1079.3859
1095.5883
1110.7240
1124.9137
1143.7255
1161.1800
1177.3809
1192.1625
1205.4701
1217.1416
1227.2781
1235.6092
1241.2947
1243.6926
1239.9773
1234.9113
1234.6054
1227.3343
1220.7543
1217.9658
1213.9493
1203.8228
1195.6177
1188.3820
1183.3832
1178.0644
1167.2763
1159.8179
1152.5197
1145.5581
1138.8620
1132.3835
1126.0873
1119.9494
1113.9464
1108.0659
1100.5786
1093.2700
1086.2253
1084.2454
1079.9721
1075.6345
1071.2258
1067.6458
1060.2702
1053.6791
1047.2832
1041.0284
1034.3876
1027.8764
1021.5079
1015.2570
1009.4017
1003.6358
996.0846
988.5506
981.4541
974.5887
973.0273
971.2244
969.2334
966.3323
963.4285
960.5750
957.7851
955.0367
952.3368
949.6846
941.8928
947.4673
947.4673
947.4673
949.8023
952.3676
954.9783
957.6317
960.3314
962.9276
965.4373
967.9339
970.2945
978.0249
991.2638
1004.2500
1015.3989
1024.1869
1037.3523
1050.1529
1062.5077
1074.3916
1080.3264
