26.7030
26.3433
26.0374
25.7898
25.5955
25.7800
25.5817
25.4289
25.3179
25.2368
25.1761
25.1295
25.0927
25.0627
25.0376
25.0161
24.9973
24.9806
25.2712
25.1651
25.0842
25.0278
24.9880
24.9587
24.9363
24.9184
24.9036
24.8907
24.8793
24.8690
24.8594
25.1531
25.0534
24.9776
24.9259
24.8900
24.8642
24.8449
24.8298
24.8175
24.8069
24.7977
24.7893
24.7814
25.0748
24.9773
24.9032
24.8530
24.8185
24.7939
24.7756
24.7614
24.7499
24.7402
24.7317
24.7240
24.7169
25.0095
24.9132
24.8399
24.7904
24.7554
24.7306
24.7136
24.7000
24.6887
24.6788
24.6697
24.6612
24.6528
24.9423
24.8439
24.7695
24.7194
24.6829
24.6577
24.6387
24.6238
24.6115
24.6007
24.5910
24.5820
24.5734
24.5653
24.5575
24.0245
24.0022
24.0016
24.0015
24.0013
24.0012
24.0012
24.0012
24.0011
24.0011
24.0010
24.0010
24.0009
24.0009
24.0009
24.0008
24.0008
24.0008
24.0007
24.0007
24.0007
24.0007
24.0006
24.0006
24.0006
24.0006
24.0006
24.0005
23.0688
22.6064
22.3552
22.2061
22.1107
22.0424
21.9902
21.9461
21.9100
21.8794
21.8524
21.8296
21.8067
21.7857
21.7655
21.7382
21.7255
21.7115
21.6975
21.6839
21.6709
21.6583
21.6463
21.6385
22.4287
22.8804
23.1699
23.3654
23.5036
23.6061
23.6844
23.7463
23.7969
23.8393
23.8755
23.9043
23.9337
23.9595
23.9827
23.9998
24.0001
24.0001
24.0001
24.0001
24.0001
24.0001
24.0001
24.0001
24.0001
24.0001
24.0001
24.0001
24.0001
24.0001
24.0001
24.0001
24.0001
24.0001
24.0001
24.0000
24.0000
24.0000
24.0000
24.0000
24.0000
24.0000
24.0000
24.0001
24.0001
24.0001
24.0001
24.0001
24.0001
24.0001
24.0001
24.0001
24.0001
24.0001
24.0001
24.0001
24.0001
24.0001
24.0003
24.0004
24.0004
24.0005
24.0006
24.0007
24.0007
24.0008
24.0008
24.0008
24.0009
24.0009
24.0009
24.0009
24.0009
24.0004
24.0008
24.0008
24.0009
24.0009
24.0009
24.0004
24.0004
24.0008
24.0011
24.0010
24.0010
24.0011
24.0012
24.0005
24.0005
24.0004
24.0004
24.0004
24.0004
24.0004
24.0004
24.0003
24.0003
24.0007
24.0008
24.0008
24.0008
24.0009
24.0005
24.0004
24.0004
24.0005
24.0005
24.0005
24.0005
24.0005
24.0005
24.0005
24.0007
24.0007
24.0006
24.0006
24.0006
24.0007
24.0008
24.0008
24.0009
24.0011
24.0011
24.0011
24.0012
24.0012
24.0013
24.0013
25.2786
25.4119
25.5185
25.2762
25.0744
24.9308
24.8299
24.7589
24.7084
24.6720
24.6454
25.3789
25.9337
26.4346
26.6965
27.3448
26.7295
26.7030
26.7024
26.7025
26.7026
26.7028
26.7030
26.7030
26.3197
26.0046
25.7449
25.5370
25.7111
25.5106
25.3510
25.2350
25.1502
25.0869
25.0384
25.0001
24.9690
24.9431
24.9210
24.9017
24.8846
25.1724
25.0679
24.9872
24.9312
24.8915
24.8624
24.8402
24.8225
24.8079
24.7955
24.7846
24.7748
24.7658
25.0577
24.9599
24.8852
24.8345
24.7996
24.7747
24.7563
24.7421
24.7307
24.7212
24.7129
24.7056
24.6989
24.9916
24.8962
24.8237
24.7751
24.7420
24.7188
24.7020
24.6893
24.6793
24.6711
24.6642
24.6581
24.6526
24.9455
24.8514
24.7801
24.7325
24.7006
24.6763
24.6609
24.6493
24.6401
24.6322
24.6253
24.6188
24.6126
24.9036
24.8089
24.7349
24.6891
24.6547
24.6319
24.6154
24.6028
24.5927
24.5841
24.5765
24.5696
24.5631
24.5569
24.5509
24.0243
24.0024
24.0018
24.0017
24.0015
24.0014
24.0014
24.0014
24.0013
24.0013
24.0012
24.0012
24.0012
24.0011
24.0011
24.0010
24.0010
24.0010
24.0009
24.0009
24.0009
24.0008
24.0008
24.0008
24.0008
24.0007
24.0007
24.0007
24.0007
24.0007
24.0006
24.0006
24.0006
24.0006
24.0006
24.0005
24.0005
24.0005
24.0005
24.0005
24.0005
24.0005
24.0004
24.0004
24.0004
24.0003
24.0003
24.0003
24.0003
24.0003
24.0002
24.0003
24.0003
24.0003
24.0003
24.0003
24.0003
24.0003
24.0003
24.0003
24.0003
24.0003
24.0002
24.0002
24.0002
24.0002
24.0002
24.0002
24.0002
24.0002
24.0002
24.0002
24.0002
24.0002
24.0002
24.0002
24.0002
24.0002
24.0002
24.0002
24.0002
24.0002
24.0002
24.0001
24.0001
24.0001
24.0001
24.0001
24.0001
24.0001
24.0001
24.0000
24.0000
24.0000
24.0001
24.0001
24.0001
24.0001
24.0001
24.0001
24.0001
24.0001
24.0001
24.0001
24.0001
24.0001
24.0001
24.0001
24.0001
24.0001
24.0001
24.0001
24.0001
24.0004
24.0005
24.0006
24.0007
24.0007
24.0008
24.0076
24.0336
24.0365
24.0488
24.0628
24.0645
24.0470
24.0346
24.0390
24.0460
24.0899
24.1127
24.1320
24.1467
24.1183
24.0045
24.0146
24.0826
24.1182
24.1068
24.0041
24.0005
24.0003
24.0003
24.0003
24.0003
24.0003
24.0003
24.0003
24.0007
24.0009
24.0009
24.0259
24.0540
24.0752
24.0029
24.0005
24.0004
24.0003
24.0003
24.0003
24.0003
24.0003
24.0003
24.0003
24.0002
24.0006
24.0007
24.0008
24.0020
24.0155
24.0283
24.0407
24.0522
24.0625
24.0717
24.0799
24.0874
24.0940
24.0999
24.1053
25.4161
25.5647
25.6777
25.4356
25.2458
25.1127
25.0203
24.9563
24.9116
24.8800
25.6095
26.1604
26.6165
26.6992
26.7015
27.4566
26.7386
26.7034
26.7024
26.7025
26.7027
26.7028
26.7029
26.7030
26.3741
26.0918
25.8634
25.6935
25.8972
25.7111
25.5687
25.4658
25.3910
25.3354
25.2929
25.2596
25.2327
25.2104
25.1914
25.1748
25.1602
25.4570
25.3499
25.2707
25.2158
25.1775
25.1499
25.1293
25.1132
25.1002
25.0893
25.0798
25.0714
25.0637
25.3641
25.2629
25.1888
25.1385
25.1042
25.0802
25.0627
25.0494
25.0389
25.0303
25.0229
25.0164
25.0105
25.3112
25.2120
25.1396
25.0907
25.0578
25.0350
25.0186
25.0063
24.9967
24.9889
24.9823
24.9765
24.9713
25.2717
25.1735
25.1017
25.0535
25.0207
24.9964
24.9812
24.9696
24.9603
24.9522
24.9449
24.9379
24.9312
25.2287
25.1291
25.0535
25.0029
24.9684
24.9451
24.9280
24.9146
24.9035
24.8932
24.8845
24.8763
24.8684
24.8607
24.8533
24.0477
24.0037
24.0022
24.0020
24.0017
24.0016
24.0016
24.0015
24.0014
24.0014
24.0013
24.0013
24.0012
24.0012
24.0011
24.0011
24.0010
24.0010
24.0009
24.0009
24.0008
24.0008
24.0008
24.0007
24.0007
24.0007
24.0007
24.0007
24.0006
24.0006
24.0006
24.0006
24.0005
24.0005
24.0005
24.0005
24.0005
24.0004
24.0004
24.0004
24.0004
24.0004
24.0004
24.0004
24.0003
24.0003
24.0003
24.0002
24.0002
24.0002
24.0002
24.0002
24.0003
24.0003
24.0003
24.0003
24.0003
24.0003
24.0003
24.0003
24.0003
24.0002
24.0002
24.0002
24.0002
24.0002
24.0002
24.0002
24.0002
24.0002
24.0002
24.0002
24.0002
24.0002
24.0002
24.0002
24.0002
24.0002
24.0002
24.0002
24.0002
24.0002
24.0002
24.0002
24.0002
24.0002
24.0001
24.0001
24.0001
24.0001
24.0001
24.0001
24.0001
24.0001
24.0001
24.0001
23.9999
24.0000
24.0001
24.0001
24.0002
24.0002
24.0002
24.0002
24.0002
24.0002
24.0002
24.0002
24.0002
24.0002
24.0002
24.0002
24.0005
24.0006
24.0006
24.0006
24.0016
24.0122
24.0272
24.0439
24.0595
24.0753
24.0907
24.1001
24.1115
24.0881
24.0812
24.0823
24.0856
24.0907
24.1321
24.1212
24.1195
24.0046
24.0241
24.0620
24.1226
24.1562
24.1855
24.0074
24.0006
24.0003
24.0003
24.0003
24.0003
24.0003
24.0003
24.0003
24.0003
24.0007
24.0213
24.0418
24.0682
24.0902
24.1087
24.0890
24.0770
24.0780
24.0760
24.0030
24.0005
24.0004
24.0004
24.0004
24.0004
24.0003
24.0007
24.0007
24.0294
24.0510
24.0730
24.0906
24.1053
24.1176
24.1282
24.1373
24.1453
24.1524
24.1586
24.1641
24.7388
25.0787
25.3095
25.1679
25.0634
24.9925
24.9447
24.9121
24.8899
24.8746
24.8643
25.6497
26.2414
26.6938
26.7014
27.4528
26.7383
26.7034
26.7024
26.7025
26.7027
26.7027
26.7028
26.3748
26.0945
25.8697
25.7036
25.5824
25.8169
25.6552
25.5333
25.4460
25.3833
25.3371
25.3020
25.2747
25.2527
25.2346
25.2192
25.2058
25.1941
25.4940
25.3885
25.3114
25.2585
25.2221
25.1963
25.1773
25.1627
25.1510
25.1414
25.1331
25.1258
25.1193
25.4218
25.3206
25.2473
25.1977
25.1642
25.1408
25.1240
25.1114
25.1014
25.0933
25.0864
25.0803
25.0748
25.3773
25.2774
25.2051
25.1564
25.1236
25.1009
25.0846
25.0725
25.0630
25.0553
25.0487
25.0428
25.0376
25.3394
25.2401
25.1680
25.1194
25.0866
25.0621
25.0463
25.0345
25.0249
25.0166
25.0089
25.0017
24.9946
25.2932
25.1926
25.1158
25.0043
24.9906
24.9793
24.9695
24.9606
24.9523
24.9445
24.9369
24.9295
24.9223
24.9151
24.9082
24.0527
24.0037
24.0019
24.0017
24.0017
24.0016
24.0015
24.0015
24.0014
24.0014
24.0013
24.0012
24.0012
24.0011
24.0011
24.0010
24.0010
24.0009
24.0009
24.0008
24.0008
24.0008
24.0007
24.0007
24.0007
24.0006
24.0006
24.0006
24.0006
24.0005
24.0005
24.0005
24.0005
24.0005
24.0005
24.0004
24.0004
24.0004
24.0004
24.0004
24.0004
24.0004
24.0004
24.0003
24.0003
24.0003
24.0002
24.0002
24.0002
24.0002
24.0002
24.0002
24.0002
24.0002
24.0003
24.0003
24.0003
24.0003
24.0002
24.0002
24.0002
24.0002
24.0002
24.0002
24.0002
24.0001
24.0001
24.0002
24.0002
24.0002
24.0002
24.0002
24.0002
24.0002
24.0002
24.0002
24.0002
24.0002
24.0002
24.0002
24.0002
24.0002
24.0002
24.0002
24.0002
24.0002
24.0001
24.0001
24.0001
24.0001
24.0001
24.0001
24.0001
24.0001
24.0001
24.0001
24.0002
24.0002
24.0002
24.0002
24.0002
24.0002
24.0001
24.0001
24.0001
24.0001
24.0001
24.0001
24.0001
24.0001
24.0003
24.0004
24.0004
24.0173
24.0378
24.0588
24.0793
24.0986
24.1162
24.1338
24.1499
24.1637
24.1787
24.1917
24.1930
24.2130
24.1873
24.0077
24.0466
24.1330
24.1756
24.1672
24.1659
24.1719
24.1812
24.2246
24.2500
24.2641
24.2846
24.0125
24.0009
24.0004
24.0004
24.0004
24.0003
24.0003
24.0003
24.0003
24.0003
24.0007
24.0137
24.0276
24.0813
24.1214
24.1491
24.1679
24.1468
24.1375
24.1387
24.0057
24.0007
24.0005
24.0005
24.0003
24.0003
24.0003
24.0007
24.0007
24.0125
24.0261
24.0421
24.0540
24.0645
24.1093
24.1398
24.1595
24.1735
24.1841
24.1924
24.1993
25.5221
25.6757
25.7920
25.5493
25.3607
25.2287
25.1377
25.0748
25.0311
25.0004
25.7310
26.2818
26.6944
26.7015
26.7019
27.5038
26.7431
26.7038
26.7026
26.7027
26.7028
26.7029
26.7030
26.3880
26.1204
25.9091
25.7528
25.6380
25.8772
25.7166
25.5954
25.5081
25.4449
25.3978
25.3617
25.3331
25.3098
25.2903
25.2735
25.2588
25.2457
25.5455
25.4380
25.3593
25.3048
25.2669
25.2397
25.2193
25.2034
25.1904
25.1795
25.1699
25.1613
25.1535
25.4556
25.3529
25.2781
25.2272
25.1924
25.1679
25.1500
25.1362
25.1253
25.1161
25.1082
25.1011
25.0947
25.3968
25.2958
25.2224
25.1726
25.1389
25.1154
25.0983
25.0854
25.0751
25.0667
25.0594
25.0529
25.0470
25.3485
25.2485
25.1758
25.1266
25.0934
25.0685
25.0523
25.0402
25.0302
25.0214
25.0133
25.0057
24.9982
25.2965
25.1959
25.1192
25.0040
24.9924
24.9828
24.9742
24.9665
24.9592
24.9521
24.9451
24.9381
24.9312
24.9243
24.9174
24.0530
24.0033
24.0015
24.0013
24.0013
24.0012
24.0011
24.0010
24.0010
24.0009
24.0009
24.0008
24.0008
24.0008
24.0007
24.0007
24.0007
24.0006
24.0006
24.0006
24.0006
24.0006
24.0005
24.0005
24.0005
24.0005
24.0005
24.0005
24.0005
24.0005
24.0005
24.0004
24.0004
24.0004
24.0004
24.0004
24.0004
24.0004
24.0004
24.0004
24.0004
24.0004
24.0004
24.0004
24.0004
24.0004
24.0004
24.0004
24.0004
24.0003
24.0003
24.0003
24.0003
24.0003
24.0003
24.0003
24.0003
24.0003
24.0003
24.0003
24.0003
24.0003
24.0003
24.0003
24.0002
24.0002
24.0002
24.0002
24.0002
24.0002
24.0002
24.0002
24.0002
24.0002
24.0002
24.0002
24.0002
24.0002
24.0002
24.0002
24.0002
24.0002
24.0002
24.0002
24.0002
24.0002
24.0002
24.0002
24.0002
24.0002
24.0002
24.0002
24.0002
24.0002
24.0002
24.0002
24.0002
24.0002
24.0002
24.0002
24.0002
24.0002
24.0002
24.0002
24.0002
24.0002
24.0002
24.0002
24.0002
24.0002
24.0002
24.0002
24.0002
24.0002
24.0002
24.0002
24.0002
24.0002
24.0002
24.0002
24.1410
24.2314
24.2918
24.3339
24.3646
24.3883
24.4075
24.4240
24.4388
24.4524
24.4655
24.4781
24.7821
24.7064
24.6528
24.6224
24.6070
24.6009
24.6007
24.6042
24.6101
24.6174
24.6255
24.6342
24.6431
24.9479
24.8666
24.8097
24.7756
24.7566
24.7471
24.7434
24.7433
24.7456
24.7493
24.7538
24.7588
24.7640
25.0686
24.9821
24.9212
24.8833
24.8605
24.8474
24.8403
24.8369
24.8359
24.8363
24.8378
24.8397
24.8420
25.1459
25.0557
24.9918
24.9509
24.9254
24.9096
24.9000
24.8942
24.8909
24.8891
24.8884
24.8883
24.8886
25.1917
25.0993
25.0333
24.9905
24.9633
24.9458
24.9346
24.9273
24.9225
24.9194
24.9173
24.9159
24.9150
25.2177
25.1238
25.0565
25.0125
24.9840
24.9655
24.9532
24.9449
24.9391
24.9350
24.9319
24.9296
24.9278
25.2303
25.1352
25.0670
25.0220
24.9928
24.9734
24.9604
24.9513
24.9448
24.9400
24.9363
24.9333
24.9308
25.2330
25.1371
25.0681
25.0225
24.9926
24.9726
24.9589
24.9493
24.9422
24.9368
24.9324
24.9289
24.9258
25.2275
25.1312
25.0616
25.0154
24.9850
24.9645
24.9503
24.9401
24.9325
24.9266
24.9218
24.9178
24.9143
25.2154
25.1187
25.0487
25.0021
24.9712
24.9503
24.9356
24.9251
24.9171
24.9108
24.9056
24.9011
24.8972
25.1976
25.1008
25.0304
24.9834
24.9521
24.9308
24.9157
24.9048
24.8964
24.8898
24.8842
24.8795
24.8753
25.1753
25.0793
25.0101
24.9645
24.9349
24.9154
24.9023
24.8932
24.8866
24.8818
24.8781
24.8752
24.8728
25.1744
25.0793
25.0111
24.9661
24.9369
24.9178
24.9052
24.8968
24.8910
24.8872
24.8846
24.8828
24.8817
25.1849
25.0908
25.0241
24.9804
24.9527
24.9350
24.9237
24.9166
24.9122
24.9095
24.9081
24.9078
24.9081
25.2129
25.1190
25.0537
25.0112
24.9846
24.9680
24.9579
24.9518
24.9485
24.9469
24.9466
24.9471
24.9483
25.2551
25.1623
25.0970
25.0557
25.0302
25.0147
25.0057
25.0008
24.9986
24.9982
24.9990
25.0006
25.0029
25.3121
25.2199
25.1548
25.1144
25.0899
25.0754
25.0672
25.0631
25.0617
25.0620
25.0636
25.0659
25.0688
25.3803
25.2878
25.2229
25.1830
25.1589
25.1449
25.1372
25.1336
25.1326
25.1333
25.1351
25.1376
25.1407
25.4540
25.3606
25.2951
25.2547
25.2302
25.2158
25.2078
25.2039
25.2026
25.2029
25.2044
25.2067
25.2094
25.5242
25.4299
25.3638
25.3230
25.2983
25.2837
25.2755
25.2714
25.2699
25.2701
25.2714
25.2735
25.2761
25.5923
25.4970
25.4304
25.3891
25.3639
25.3489
25.3402
25.3356
25.3335
25.3331
25.3338
25.3351
25.3366
25.6535
25.5567
25.4888
25.4464
25.4199
25.4036
25.3937
25.3879
25.3847
25.3830
25.3824
25.3825
25.3830
25.6998
25.6013
25.5315
25.4875
25.4596
25.4419
25.4306
25.4233
25.4185
25.4153
25.4131
25.4117
25.4106
25.7265
25.6262
25.5551
25.5093
25.4798
25.4605
25.4476
25.4388
25.4325
25.4278
25.4242
25.4213
25.4188
25.7332
25.6315
25.5592
25.5119
25.4810
25.4603
25.4461
25.4359
25.4284
25.4225
25.4177
25.4136
25.4099
25.7232
25.6205
25.5473
25.4991
25.4672
25.4455
25.4303
25.4192
25.4108
25.4040
25.3983
25.3933
25.3889
25.7008
25.5975
25.5238
25.4748
25.4421
25.4197
25.4038
25.3920
25.3828
25.3753
25.3690
25.3634
25.3583
25.6688
25.5652
25.4913
25.4418
25.4085
25.3855
25.3690
25.3565
25.3468
25.3387
25.3318
25.3256
25.3199
25.6289
25.5251
25.4512
25.4011
25.3673
25.3437
25.3267
25.3138
25.3035
25.2950
25.2877
25.2810
25.2749
25.5824
25.4784
25.4045
25.3541
25.3199
25.2960
25.2786
25.2653
25.2546
25.2457
25.2378
25.2307
25.2242
25.5302
25.4263
25.3520
25.3014
25.2669
25.2426
25.2248
25.2111
25.2000
25.1906
25.1823
25.1748
25.1679
25.4721
25.3687
25.2941
25.2432
25.2084
25.1838
25.1655
25.1514
25.1399
25.1302
25.1215
25.1137
25.1063
25.4090
25.3060
25.2311
25.1800
25.1449
25.1181
25.1001
25.0859
25.0740
25.0635
25.0537
25.0443
25.0350
25.3334
25.2298
25.1503
25.0056
25.0005
24.9935
24.9857
24.9777
24.9693
24.9608
24.9522
24.9436
24.9349
24.9264
24.9179
24.0546
24.0043
24.0023
24.0021
24.0020
24.0020
24.0019
24.0018
24.0017
24.0016
24.0015
24.0015
24.0014
24.0013
24.0013
24.0012
24.0011
24.0011
24.0010
24.0010
24.0009
24.0009
24.0009
24.0008
24.0007
24.0006
24.0006
24.0005
24.0005
24.0005
24.0005
24.0004
24.0004
24.0004
24.0004
24.0004
24.0003
24.0003
24.0003
24.0003
24.0003
24.0003
24.0003
24.0003
24.0002
24.0002
24.0002
24.0002
24.0002
24.0002
24.0002
24.0002
24.0002
24.0002
24.0002
24.0002
24.0003
24.0002
24.0002
24.0002
24.0002
24.0002
24.0002
24.0002
24.0002
24.0002
24.0002
24.0002
24.0002
24.0002
24.0002
24.0002
24.0002
24.0003
24.0002
24.0002
24.0002
24.0002
24.0002
24.0002
24.0002
24.0002
24.0002
24.0002
24.0002
24.0002
24.0001
24.0001
24.0001
24.0001
24.0001
24.0001
24.0001
24.0001
24.0001
24.0002
24.0002
24.0002
24.0002
24.0002
24.0002
24.0002
24.0002
24.0002
24.0002
24.0002
24.0002
24.0002
24.0002
24.0002
24.0004
24.0117
24.0398
24.0686
24.0969
24.1243
24.1485
24.1711
24.1920
24.2108
24.2295
24.2460
24.2615
24.2762
24.2877
24.3071
24.0141
24.0011
24.1100
24.1887
24.2360
24.2330
24.2393
24.2486
24.2569
24.2658
24.3130
24.3408
24.3611
24.0174
24.0012
24.0006
24.0005
24.0005
24.0005
24.0004
24.0004
24.0004
24.0260
24.1110
24.1691
24.2109
24.2404
24.2659
24.2510
24.0112
24.0009
24.0005
24.0005
24.0005
24.0004
24.0004
24.0004
24.0004
24.0066
24.0416
24.0733
24.1003
24.1949
24.1982
24.2296
24.2458
24.2632
24.2769
24.2890
24.2983
24.3064
24.3136
24.3200
24.3255
25.6641
25.8232
25.9427
25.6956
25.5087
25.3786
25.2893
25.2279
25.1855
25.1560
25.1352
25.1206
25.1105
25.8955
26.4817
27.3459
26.7325
26.7032
26.7023
26.7024
26.7026
26.7028
26.3940
26.1321
24.7168
23.9386
23.5220
23.2775
24.3184
23.7055
23.2878
23.0614
22.9220
22.8257
22.7519
22.6909
22.6375
22.5892
22.5444
22.5024
22.4625
23.5339
23.0478
22.7037
22.5253
22.4206
22.3513
22.2998
22.2576
22.2207
22.1871
22.1555
22.1255
22.0965
23.1372
22.6850
22.3582
22.1911
22.0951
22.0334
21.9887
21.9529
21.9220
21.8940
21.8678
21.8427
21.8186
22.8329
22.4038
22.0875
21.9267
21.8354
21.7776
21.7365
21.7041
21.6763
21.6513
21.6280
21.6057
21.5842
22.5751
22.1641
21.8557
21.6992
21.6109
21.5555
21.5166
21.4862
21.4604
21.4373
21.4158
21.3953
21.3755
22.3450
21.9496
21.6478
21.4950
21.4095
21.3568
21.3204
21.2927
21.2696
21.2493
21.2306
21.2131
21.1963
21.1801
21.1644
23.7430
25.4035
26.3907
26.6583
26.6707
26.6713
26.6715
26.6717
26.6717
26.6718
26.6718
26.6718
26.6718
26.6718
26.6717
26.6717
26.6717
26.6717
26.6716
26.6716
26.6715
26.6715
26.6715
26.6715
26.6715
26.6716
26.6716
26.6716
26.6716
26.6716
26.6716
26.6716
26.6716
26.6716
26.6716
26.6716
26.6716
26.6716
26.6717
26.6717
26.6717
26.6717
26.6717
26.6717
26.6717
26.6717
26.6717
26.6717
26.6717
26.6717
26.6717
26.6717
26.6717
26.6717
26.6717
26.6717
26.6717
26.6717
26.6717
26.6717
26.6717
26.6717
26.6717
26.6717
26.6718
26.6718
26.6718
26.6718
26.6718
26.6718
26.6718
26.6718
26.6718
26.6718
26.6718
26.6718
26.6718
26.6718
26.6718
26.6718
26.6718
26.6718
26.6718
26.6718
26.6718
26.6718
26.6718
26.6717
26.6717
26.6717
26.6717
26.6716
26.6716
26.6716
26.6716
26.6716
26.6716
26.6716
26.6716
26.6716
26.6716
26.6715
26.6715
26.6715
26.6715
26.6715
26.6715
26.6714
26.6714
26.6714
26.6714
26.6714
26.6713
26.6713
27.2467
27.7558
28.1639
28.4641
28.6858
28.8544
28.9875
29.0967
29.1891
29.2695
29.3413
29.4062
29.4402
28.7397
29.0124
29.2354
29.3926
29.4820
29.5543
29.6398
29.6831
29.7027
29.7031
29.7033
29.0321
28.5546
28.1710
27.8733
27.6439
27.4684
27.3388
27.2421
27.1683
27.8582
28.3713
28.8167
29.1552
29.3963
29.5700
29.6737
29.0159
28.5516
28.1780
27.8879
27.6630
27.5006
27.3826
27.2951
27.2288
27.9237
28.4312
28.8481
29.2002
29.4514
29.6321
29.7025
29.7041
29.7043
29.7044
29.7046
29.7047
29.7048
29.7049
29.7050
29.7051
29.7050
28.5202
26.8660
25.9048
25.3803
25.0674
24.8592
24.7061
24.5842
24.4813
24.3912
24.3100
24.2356
26.1975
25.9297
25.7575
25.6866
25.6559
25.6416
25.6335
25.6272
25.6208
25.6138
25.5710
25.5442
24.8354
25.8198
24.9933
24.4718
24.1889
24.0148
23.8946
23.8029
23.7272
23.6613
23.6020
23.5473
23.4962
23.4479
24.6190
24.0595
23.6864
23.4928
23.3780
23.3006
23.2420
23.1934
23.1503
23.1107
23.0733
23.0376
23.0031
24.1378
23.6199
23.2674
23.0873
22.9830
22.9147
22.8643
22.8231
22.7871
22.7540
22.7227
22.6928
22.6638
23.7662
23.2761
22.9359
22.7630
22.6640
22.6002
22.5537
22.5163
22.4837
22.4540
22.4259
22.3990
22.3729
23.4460
22.9782
22.6472
22.4792
22.3836
22.3225
22.2784
22.2432
22.2128
22.1850
22.1589
22.1339
22.1097
23.1555
22.7073
22.3842
22.2203
22.1274
22.0685
22.0267
21.9939
21.9659
21.9409
21.9177
21.8958
21.8746
21.8542
21.8342
21.8148
21.7958
21.7771
24.3433
25.9811
26.6427
26.6699
26.6707
26.6708
26.6708
26.6708
26.6708
26.6708
26.6708
26.6708
26.6708
26.6708
26.6708
26.6708
26.6708
26.6708
26.6709
26.6709
26.6709
26.6709
26.6709
26.6709
26.6709
26.6709
26.6710
26.6710
26.6710
26.6710
26.6710
26.6710
26.6710
26.6710
26.6710
26.6710
26.6711
26.6711
26.6711
26.6711
26.6711
26.6711
26.6712
26.6712
26.6712
26.6712
26.6712
26.6712
26.6712
26.6712
26.6712
26.6712
26.6712
26.6712
26.6713
26.6713
26.6713
26.6713
26.6713
26.6713
26.6713
26.6714
26.6714
26.6714
26.6714
26.6714
26.6714
26.6714
26.6714
26.6714
26.6714
26.6714
26.6714
26.6714
26.6714
26.6714
26.6713
26.6713
26.6713
26.6713
26.6713
26.6713
26.6713
26.6713
26.6712
26.6712
26.6712
26.6712
26.6711
26.6711
26.6711
26.6711
26.6710
26.6710
26.6710
26.6710
26.6710
26.6710
26.6709
26.6709
26.6709
26.6709
26.6708
26.6708
26.6708
26.6708
26.6707
26.6707
26.6707
26.6706
26.6706
26.6706
26.6705
27.3504
27.8728
28.3374
28.6997
28.9676
29.1681
29.3230
29.4472
29.5506
29.6389
29.7018
29.7031
29.7033
29.7033
29.7035
29.7036
29.7037
29.7040
29.7041
29.7042
29.7042
29.1351
28.7030
29.1552
29.5200
29.7005
29.1353
28.7089
28.3665
28.1051
27.9054
27.7603
27.6540
27.5742
27.5129
27.4644
27.4250
28.1693
28.7078
29.1466
29.4873
29.7001
29.7042
29.1393
28.7167
28.3732
28.1093
27.9145
27.7746
27.6735
27.5985
27.5412
27.4962
27.4597
27.4294
27.4036
28.1577
28.6982
29.1428
29.4881
29.7002
29.7045
29.7048
29.7050
29.7051
29.7053
29.7054
27.8662
26.5925
25.8382
25.3906
25.1217
24.9403
24.8052
24.6961
24.6032
24.5209
24.4461
25.0550
26.8342
26.3964
26.1026
25.9695
25.9058
25.8730
25.8539
25.8407
25.8297
25.7852
25.7572
25.0485
25.7500
26.4317
26.5273
26.5761
26.6052
26.6205
26.6271
26.6280
26.6253
26.6203
26.6136
26.6059
26.5975
26.5886
26.9233
26.7044
26.6512
26.6144
26.5875
26.5667
26.5498
26.5354
26.5225
26.5106
26.4995
26.4889
26.4786
26.8100
26.6903
26.6019
26.5442
26.5042
26.4751
26.4529
26.4350
26.4199
26.4065
26.3943
26.3829
26.3720
26.7005
26.5814
26.4936
26.4361
26.3960
26.3668
26.3445
26.3264
26.3111
26.2976
26.2852
26.2736
26.2625
26.5883
26.4701
26.3831
26.3257
26.2855
26.2561
26.2336
25.6262
25.6018
25.6012
25.6011
25.6011
25.6011
26.0798
25.6173
25.6014
25.6010
25.6010
25.6010
25.0295
25.0028
25.0019
25.0017
25.0016
25.0015
25.0014
25.0013
25.0013
25.0012
25.0011
25.0011
24.1641
24.0088
24.0009
24.0005
24.0006
24.0006
24.0007
24.0006
24.0006
24.0006
24.0006
24.0005
24.0005
24.0005
24.0005
24.0004
24.0004
24.0004
24.0004
24.0003
24.0003
24.0003
24.0003
24.0003
24.0003
24.0002
24.0002
24.0002
24.0002
24.0002
24.0002
24.0002
24.0002
24.0002
24.0002
24.0002
24.0002
24.0002
24.0002
24.0002
24.0002
24.0002
24.0002
24.0002
24.0001
24.0001
24.0001
24.0001
24.0001
24.0001
24.0001
24.0001
24.0001
24.0002
24.0002
24.0002
24.0002
24.0002
24.0002
24.0002
24.0002
24.0002
24.0002
24.0001
24.0001
24.0001
24.0001
24.0001
24.0002
24.0002
24.0002
24.0002
24.0002
24.0002
24.0002
24.0002
24.0002
24.0002
24.0002
24.0002
24.0002
24.0002
24.0002
24.0001
24.0002
24.0001
24.0001
24.0001
24.0001
24.0000
24.0000
24.0000
24.0001
24.0001
24.0001
24.0001
24.0002
24.0002
24.0002
24.0002
24.0002
24.0002
24.0002
24.0002
24.0002
24.0002
24.0002
24.0002
24.0001
24.0001
24.0305
24.1243
24.1914
24.2429
24.2835
24.3171
24.3459
24.3708
24.3924
24.4134
24.4317
24.4491
24.4655
24.4794
24.4851
24.4676
24.0250
24.2019
24.3438
24.4198
24.4622
24.4555
24.0243
24.2030
24.3503
24.4271
24.4740
24.5033
24.0276
24.0016
24.0005
24.0004
24.0003
24.0003
24.0003
24.0003
24.0003
24.0002
24.0888
24.2098
24.2804
24.3225
24.3618
24.3906
24.3782
24.3695
24.3742
24.3807
24.0189
24.0011
24.0004
24.0003
24.0003
24.0003
24.0003
24.0003
24.0662
24.1317
24.1785
24.2170
24.2760
24.3171
24.3451
24.3656
24.3813
24.3940
24.4043
24.4131
24.4205
24.3885
25.0080
25.3724
25.3145
25.2658
25.2324
25.2091
25.1928
25.1815
25.1734
25.1680
25.1645
25.1623
25.9515
26.5402
27.4000
26.7363
26.7032
26.7022
26.7023
26.7025
26.7027
26.7029
26.7029
26.4163
26.1810
26.0042
25.8745
26.1101
25.9399
25.8132
25.7222
25.6567
25.6084
25.5716
25.5428
25.5194
25.5000
25.4834
25.4689
25.4560
25.7614
25.6512
25.5720
25.5172
25.4792
25.4520
25.4317
25.4159
25.4031
25.3923
25.3828
25.3743
25.3665
25.6742
25.5682
25.4927
25.4410
25.4057
25.3808
25.3626
25.3486
25.3373
25.3279
25.3197
25.3124
25.3056
25.6129
25.5085
25.4340
25.3833
25.3488
25.3247
25.3071
25.2937
25.2829
25.2740
25.2662
25.2592
25.2528
25.5592
25.4558
25.3817
25.3314
25.2973
25.2736
25.2544
25.2415
25.2311
25.2221
25.2139
25.2060
25.1983
25.5014
25.3980
25.3189
25.2670
25.0094
25.0023
25.0021
25.0020
25.0020
25.0019
25.0018
25.0017
25.0017
25.0016
25.0016
25.0015
24.0623
24.0040
24.0017
24.0015
24.0015
24.0014
24.0014
24.0013
24.0013
24.0012
24.0011
24.0011
24.0010
24.0010
24.0009
24.0009
24.0008
24.0008
24.0008
24.0007
24.0007
24.0006
24.0006
24.0006
24.0006
24.0005
24.0005
24.0005
24.0005
24.0005
24.0004
24.0004
24.0004
24.0004
24.0004
24.0004
24.0003
24.0003
24.0003
24.0003
24.0003
24.0003
24.0003
24.0003
24.0003
24.0002
24.0002
24.0002
24.0002
24.0002
24.0001
24.0001
24.0002
24.0002
24.0002
24.0002
24.0002
24.0002
24.0002
24.0002
24.0002
24.0002
24.0002
24.0002
24.0001
24.0001
24.0001
24.0001
24.0001
24.0002
24.0002
24.0002
24.0002
24.0002
24.0002
24.0002
24.0002
24.0002
24.0002
24.0001
24.0001
24.0001
24.0001
24.0001
24.0001
24.0001
24.0001
24.0001
24.0001
24.0001
24.0001
24.0001
24.0001
24.0001
24.0001
24.0001
24.0001
24.0002
24.0002
24.0002
24.0002
24.0001
24.0001
24.0001
24.0001
24.0001
24.0001
24.0001
24.0001
24.0001
24.0001
24.0001
24.0001
24.0003
24.0252
24.0574
24.0897
24.1190
24.1464
24.1706
24.1927
24.2132
24.2290
24.2453
24.2572
24.2801
24.2553
24.2455
24.2477
24.2544
24.2939
24.3218
24.3757
24.3342
24.0220
24.1238
24.1896
24.2671
24.0176
24.0015
24.0005
24.0004
24.0003
24.0003
24.0003
24.0003
24.0003
24.0170
24.0611
24.0976
24.1660
24.2102
24.2414
24.2648
24.2834
24.2601
24.0171
24.0014
24.0004
24.0003
24.0003
24.0002
24.0002
24.0002
24.0002
24.0002
24.0002
24.0002
24.0000
24.0587
24.1040
24.1391
24.1668
24.1892
24.2076
24.2231
24.2363
24.2478
24.2578
24.2666
24.2357
24.0155
24.0013
24.0003
24.0002
24.0002
24.0002
24.0002
24.0002
24.0002
24.0001
24.0000
25.3319
24.8785
24.5456
24.3857
24.3089
24.2728
24.2568
24.2508
24.2498
24.2511
24.2146
24.0142
24.0013
24.6167
24.0404
24.0029
24.0005
24.0003
24.0003
24.0003
24.0003
24.0003
24.0003
24.0002
24.0002
24.0002
24.5158
24.0338
24.0024
24.0004
24.0002
24.0002
24.0002
24.0002
24.0002
24.0002
24.0002
24.0002
24.0002
24.4740
24.0310
24.0022
24.0003
24.0002
24.0002
24.0002
24.0002
24.0002
24.0002
24.0002
24.0002
24.0002
24.4450
24.0291
24.0020
24.0003
24.0002
24.0002
24.0002
24.0002
24.0002
24.0002
24.0002
24.0002
24.0001
24.4215
24.0276
24.0019
24.0003
24.0002
24.0002
24.0002
24.0002
24.0002
24.0002
24.0002
24.0002
24.0002
24.4005
24.0262
24.0019
24.0003
24.0002
24.0002
24.0005
24.0005
24.0005
24.0004
24.0004
24.0004
24.0003
24.0003
24.0003
24.0003
24.0002
24.0002
23.9999
23.9999
23.9999
23.9999
23.9999
24.0000
24.0000
24.0000
24.0000
24.0000
24.0000
24.0000
24.0000
24.0000
24.0001
24.0001
24.0001
24.0001
24.0001
24.0001
24.0001
24.0001
24.0001
24.0001
24.0001
24.0001
24.0001
24.0001
24.0001
24.0001
24.0001
24.0001
24.0001
24.0001
24.0001
24.0001
24.0001
24.0001
24.0001
24.0001
24.0001
24.0001
24.0001
24.0001
24.0001
24.0001
24.0001
24.0001
24.0001
24.0001
24.0001
24.0001
24.0001
24.0001
24.0001
24.0001
24.0001
24.0001
24.0001
24.0001
24.0001
24.0001
24.0001
24.0001
24.0001
24.0001
24.0001
24.0001
24.0001
24.0001
24.0001
24.0001
24.0001
24.0001
24.0001
24.0001
24.0001
24.0001
24.0001
24.0001
24.0001
24.0001
24.0001
24.0001
24.0001
24.0001
24.0001
24.0001
24.0001
24.0001
24.0001
24.0001
24.0001
24.0001
24.0001
24.0001
24.0001
24.0001
24.0001
24.0001
24.0001
24.0001
24.0001
24.0001
24.0001
24.0001
24.0001
24.0001
24.0001
24.0001
24.0001
24.0001
24.0001
24.0001
24.0001
24.0001
24.0001
24.0001
24.0001
24.0001
24.0004
24.0004
24.0004
24.0003
24.0003
24.0003
24.0003
24.0002
24.0002
24.0002
24.0002
24.0002
24.4063
24.0264
24.0016
24.0000
23.9999
23.9999
23.9999
23.9999
24.0000
24.0000
24.0000
24.0000
24.0000
24.4064
24.0265
24.0018
24.0002
24.0001
24.0001
24.0001
24.0001
24.0001
24.0001
24.0001
24.0001
24.0001
24.4021
24.0263
24.0019
24.0003
24.0002
24.0002
24.0002
24.0002
24.0002
24.0002
24.0002
24.0002
24.0002
24.3953
24.0258
24.0018
24.0003
24.0002
24.0002
24.0002
24.0002
24.0002
24.0002
24.0002
24.0002
24.0002
24.3868
24.0253
24.0018
24.0003
24.0002
24.0002
24.0002
24.0002
24.0002
24.0002
24.0002
24.0002
24.0002
24.3772
24.0246
24.0018
24.0003
24.0002
24.0002
24.0002
24.0002
24.0002
24.0002
24.0002
24.0002
24.0002
24.3671
24.0240
24.0017
24.0003
24.0002
24.0002
24.0002
24.0002
24.0002
24.0002
24.0002
24.0002
24.0002
24.3562
24.0232
24.0017
24.0003
24.0002
24.0002
24.0002
24.0002
24.0002
24.0002
24.0002
24.0002
24.0002
24.3453
24.0226
24.0016
24.0003
24.0002
24.0002
24.0002
24.0002
24.0002
24.0002
24.0002
24.0002
24.0002
24.3344
24.0218
24.0016
24.0003
24.0002
24.0002
24.0002
24.0002
24.0002
24.0002
24.0002
24.0002
24.0002
24.3238
24.0212
24.0016
24.0003
24.0002
24.0002
24.0002
24.0002
24.0002
24.0002
24.0002
24.0002
24.0002
24.3140
24.0205
24.0015
24.0003
24.0002
24.0002
24.0002
24.0002
24.0002
24.0002
24.0002
24.0002
24.0002
24.3111
24.0203
24.0015
24.0003
24.0002
24.0002
24.0002
24.0002
24.0002
24.0002
24.0002
24.0002
24.0002
24.3120
24.0203
24.0015
24.0003
24.0002
24.0002
24.0002
24.0002
24.0002
24.0002
24.0002
24.0002
24.0002
24.3181
24.0207
24.0015
24.0003
24.0002
24.0002
24.0002
24.0002
24.0002
24.0002
24.0002
24.0002
24.0002
24.3278
24.0214
24.0016
24.0003
24.0002
24.0002
24.0002
24.0002
24.0002
24.0002
24.0002
24.0002
24.0002
24.3400
24.0222
24.0016
24.0003
24.0002
24.0002
24.0002
24.0002
24.0002
24.0002
24.0002
24.0002
24.0002
24.3518
24.0229
24.0017
24.0003
24.0002
24.0002
24.0002
24.0002
24.0002
24.0002
24.0002
24.0002
24.0002
24.3628
24.0237
24.0017
24.0003
24.0002
24.0002
24.0002
24.0002
24.0002
24.0002
24.0002
24.0002
24.0002
24.3738
24.0244
24.0018
24.0003
24.0002
24.0002
24.0002
24.0002
24.0002
24.0002
24.0002
24.0002
24.0002
24.3844
24.0251
24.0018
24.0003
24.0002
24.0002
24.0002
24.0002
24.0002
24.0002
24.0002
24.0002
24.0002
24.3924
24.0257
24.0019
24.0003
24.0002
24.0002
24.0002
24.0002
24.0002
24.0002
24.0002
24.0002
24.0002
24.3965
24.0259
24.0019
24.0003
24.0002
24.0002
24.0002
24.0002
24.0002
24.0002
24.0002
24.0002
24.0002
24.3963
24.0259
24.0019
24.0003
24.0002
24.0002
24.0002
24.0002
24.0002
24.0002
24.0002
24.0002
24.0002
24.3923
24.0257
24.0019
24.0003
24.0002
24.0002
24.0002
24.0002
24.0002
24.0002
24.0002
24.0002
24.0002
24.3855
24.0252
24.0018
24.0003
24.0002
24.0002
24.0002
24.0002
24.0002
24.0002
24.0002
24.0002
24.0002
24.3774
24.0247
24.0018
24.0003
24.0002
24.0002
24.0002
24.0002
24.0002
24.0002
24.0002
24.0002
24.0002
24.3684
24.0241
24.0017
24.0003
24.0002
24.0002
24.0002
24.0002
24.0002
24.0002
24.0002
24.0002
24.0002
24.3588
24.0234
24.0017
24.0003
24.0002
24.0002
24.0002
24.0002
24.0002
24.0002
24.0002
24.0002
24.0002
24.3491
24.0228
24.0017
24.0003
24.0002
24.0002
24.0002
24.0002
24.0002
24.0002
24.0002
24.0002
24.0002
24.3390
24.0221
24.0016
24.0003
24.0002
24.0002
24.0002
24.0002
24.0002
24.0002
24.0002
24.0002
24.0002
24.3288
24.0215
24.0016
24.0003
24.0002
24.0002
24.0002
24.0002
24.0002
24.0002
24.0002
24.0002
24.0002
24.3185
24.0208
24.0015
24.0003
24.0244
24.0533
24.0713
24.0827
24.0900
24.0945
24.0978
24.1002
24.1024
24.3869
24.3041
24.2447
24.2062
24.1818
24.1689
24.1618
24.1583
24.1572
24.1574
24.1584
24.1600
24.1617
24.1637
24.1657
24.0035
24.0001
24.0001
24.0001
23.9999
23.9999
24.0000
24.0000
24.0000
24.0000
24.0000
24.0000
24.0000
24.0000
24.0000
24.0000
24.0000
24.0000
24.0000
24.0000
24.0000
24.0000
24.0000
24.0000
24.0000
24.0000
24.0000
24.0000
24.0000
24.0000
24.0001
24.0001
24.0001
24.0001
24.0001
24.0001
24.0001
24.0001
24.0001
24.0001
24.0001
24.0001
24.0001
24.0001
24.0000
24.0000
24.0000
24.0000
24.0000
24.0000
24.0000
24.0000
24.0001
24.0001
24.0001
24.0001
24.0001
24.0001
24.0001
24.0001
24.0001
24.0001
24.0001
24.0001
24.0001
24.0001
24.0001
24.0001
24.0001
24.0001
24.0001
24.0001
24.0001
24.0001
24.0001
24.0001
24.0001
24.0001
24.0001
24.0001
24.0001
24.0001
24.0001
24.0001
24.0001
24.0001
24.0001
24.0001
24.0001
24.0001
24.0001
24.0001
24.0001
24.0001
24.0001
24.0001
24.0001
24.0001
24.0001
24.0001
24.0001
24.0001
24.0001
24.0001
24.0001
24.0001
24.0001
24.0001
24.0001
24.0001
24.0003
24.0004
24.0004
24.0005
24.0005
24.0005
24.0006
24.0006
24.0007
24.0042
24.0137
24.0249
24.0365
24.0433
24.0486
24.0280
24.0167
24.0577
24.0371
24.0402
24.0744
24.0964
24.0746
24.0028
24.0004
24.0154
24.0483
24.0352
24.0015
24.0004
24.0003
24.0003
24.0003
24.0002
24.0002
24.0002
24.0002
24.0005
24.0006
24.0007
24.0193
24.0302
24.0504
24.0669
24.0842
24.0032
24.0004
24.0003
24.0003
24.0003
24.0003
24.0003
24.0003
24.0002
24.0002
24.0006
24.0007
24.0008
24.0008
24.0159
24.0303
24.0440
24.0531
24.0661
24.0770
24.0865
24.0950
24.1025
24.1093
24.0765
25.4031
25.5581
25.6751
25.4346
25.2500
25.1210
25.0322
24.9711
24.9289
24.8997
24.8796
24.8658
25.6079
26.2056
26.6938
27.4132
26.7347
26.7030
26.7022
26.7023
26.7025
26.7025
26.7027
