913.6998
916.0944
918.3417
920.8656
923.1573
925.2381
915.5416
914.2788
916.2924
918.2365
920.0316
921.6853
923.2079
924.6098
925.9036
927.0985
928.2029
929.2245
930.1703
920.3675
918.0737
919.2323
920.4189
921.5429
922.6035
923.6038
924.5469
925.4369
926.2786
927.0760
927.8324
928.5510
918.7785
916.4483
917.4522
918.5052
919.5214
920.4973
921.4339
922.3332
923.1978
924.0302
924.8328
925.6077
926.3573
916.6262
914.4806
915.5380
916.6483
917.7302
918.7797
919.7969
920.7833
921.7405
922.6705
923.5752
924.4557
925.3139
915.6033
913.7062
914.8784
916.1008
903.8886
900.2588
897.3997
894.8035
892.4092
890.1876
888.1179
886.1834
884.3704
875.4307
869.2383
867.9914
861.9506
856.9187
852.4726
848.5023
844.9459
841.7542
838.8578
836.2321
833.8464
831.6642
829.6524
827.8020
824.9958
821.3803
817.4891
813.3890
810.6262
816.7083
826.5706
835.3012
843.3636
859.3799
874.3428
892.7107
909.9100
925.8378
941.0290
951.6409
962.2587
972.8446
983.3611
997.7297
1011.3909
1024.2866
1028.6482
1029.1383
1034.3995
1044.1239
1053.5857
1066.5583
1078.2670
1089.3142
1099.7591
1109.4546
1118.6030
1127.3541
1135.7347
1135.6384
1131.8465
1132.3277
1128.6812
1133.3371
1141.4937
1149.0089
1140.0394
1126.9198
1117.7529
1112.0346
1109.0001
1108.0289
1108.6550
1110.5091
1113.2848
1121.2486
1129.1973
1139.3796
1147.0762
1160.5535
1170.0045
1178.7391
1178.9076
1179.3904
1175.7717
1168.2138
1160.7177
1150.3820
1140.2931
1130.3477
1120.5209
1110.3203
1101.1024
1097.1487
1096.6920
1099.3223
1101.4149
1107.3753
1116.8521
1125.5254
1133.6408
1141.3803
1148.9602
1156.3802
1163.6228
1170.6794
1177.5492
1180.3177
1172.5736
1160.9050
1153.5498
1150.0423
1149.3148
1150.6020
1153.3561
1157.1180
1161.5476
1166.3883
1179.6095
1195.2193
1208.7565
1221.6492
1229.5046
1236.7677
1240.1427
1232.9095
1228.0676
1232.7398
1248.7445
1261.9468
1269.6106
1268.7947
1265.2704
1267.1670
1265.5536
1269.2299
1281.0457
1291.8688
1301.9499
1311.2267
1320.2446
1324.9806
1329.7488
1326.4976
1323.8742
1312.7845
1302.3064
1292.0315
1281.2875
1271.0575
1259.5833
1250.1847
1241.0396
1231.4085
1221.9474
1212.2018
1202.4458
1192.6019
1182.1419
1172.3058
1163.2602
1154.3805
1146.3907
1136.8112
1127.6036
1118.7321
1110.1762
1101.9125
1093.9237
1086.1917
1078.6975
1071.6160
1064.7438
1059.0052
1052.5614
1045.6187
1038.8510
1032.2433
1025.6769
1019.2493
1012.8137
1006.2051
999.6592
993.1591
986.1540
979.2941
972.6150
965.9832
960.3513
955.0338
949.9135
944.7593
940.2100
936.3548
932.5768
928.9116
925.3652
921.5576
917.8872
914.3719
911.0018
907.7674
904.6597
901.6565
892.4529
883.4052
874.5149
877.9597
881.4648
884.9937
888.5494
892.1325
895.7417
899.3745
902.9936
906.5645
909.9539
913.2670
916.4376
906.9328
908.2490
911.5978
914.9195
918.1622
921.3283
924.3908
927.1340
929.7294
932.1969
934.9387
937.4382
939.7180
929.7819
929.1377
931.3344
933.4387
935.3884
937.1914
938.8584
940.4001
941.8286
943.1534
944.3832
945.5259
946.5888
936.5286
934.7197
935.9899
937.2686
938.4817
939.6286
940.7122
941.7355
942.7026
943.6176
944.4841
945.3057
946.0857
936.0398
934.0421
935.1025
936.1961
937.2491
938.2586
939.2262
940.1536
941.0433
941.8974
942.7184
943.5084
944.2695
934.2633
932.3229
933.3880
934.4929
935.5661
936.6014
937.5988
938.5594
939.4853
940.3782
941.2399
942.0721
942.8768
932.8886
931.0506
932.1594
933.3065
923.5540
920.4685
917.7599
915.1032
912.4953
909.9440
907.4562
905.0375
902.6913
893.4628
887.6821
885.7454
881.3895
877.6157
873.9456
870.3895
866.9793
863.7370
860.6755
857.8005
855.1116
852.6046
850.2724
848.1061
844.7667
840.4757
835.9188
831.1870
830.8067
835.3304
843.4285
850.6715
857.5240
864.2593
879.4013
893.8396
907.6502
924.6269
940.6830
955.9171
970.3809
984.1247
997.2092
1009.6855
1021.5981
1029.0051
1036.4738
1036.0542
1032.6309
1034.2004
1049.1651
1062.8193
1075.4752
1087.3245
1098.4239
1108.7179
1118.3098
1127.4364
1132.3029
1133.1977
1129.9091
1118.6467
1116.9070
1123.3509
1129.2351
1131.0112
1124.8109
1114.4302
1106.4310
1100.3794
1095.9126
1092.7572
1090.6908
1089.5335
1089.1328
1096.5655
1112.2174
1131.7694
1146.9342
1159.3370
1168.3954
1176.8380
1180.7898
1180.5007
1180.0799
1178.4348
1179.7182
1170.5018
1156.3575
1142.9671
1130.2626
1118.1615
1107.2377
1097.8296
1097.8957
1097.3542
1097.3321
1099.2804
1105.2106
1110.8059
1120.1030
1128.9087
1137.3354
1145.3731
1153.0456
1160.3753
1167.3804
1174.0041
1168.3056
1151.4632
1137.4548
1125.9939
1116.7409
1109.4184
1103.7892
1100.8505
1099.7167
1100.0425
1101.1642
1110.4502
1127.1407
1145.9218
1162.3334
1176.9216
1190.3897
1199.1746
1204.1505
1205.6548
1212.4254
1226.3029
1238.6451
1245.8679
1252.9996
1259.9418
1266.8641
1261.9941
1263.6589
1273.6948
1287.1922
1299.5587
1310.9238
1321.5087
1331.0152
1335.6452
1343.8579
1347.3319
1344.8023
1333.5250
1320.7092
1309.2251
1297.2884
1286.0942
1275.6737
1265.5683
1255.0111
1244.7008
1234.6711
1224.7619
1214.1222
1204.0537
1194.8361
1185.9306
1177.8687
1168.7356
1159.8619
1151.2352
1142.8419
1134.6659
1126.6931
1118.9099
1111.3051
1104.2751
1098.0498
1091.7950
1085.5470
1078.2467
1071.0875
1064.0694
1057.4840
1050.9541
1044.3976
1037.4839
1030.5881
1022.9251
1015.3844
1007.9726
1000.6901
993.5171
986.6789
980.7158
975.1824
969.6858
963.5713
957.6547
951.9037
946.3104
940.8893
935.6429
930.6361
925.8160
921.1572
916.6441
912.2744
908.0443
898.7602
889.6320
880.6612
883.6252
886.7636
889.9500
893.1436
896.3729
899.6404
902.4694
905.0148
907.5764
910.0151
912.2260
914.1850
904.7522
904.1404
906.5023
908.9289
911.3268
913.6911
915.5841
917.6485
919.4944
921.0065
922.8143
924.4190
925.8414
916.1852
913.6709
915.0727
916.4636
917.7271
918.8685
919.8965
920.8202
921.6473
922.3859
923.0437
923.6278
924.1444
914.5154
911.1646
911.8905
912.6857
913.4236
914.1018
914.7230
915.2904
915.8078
916.2790
916.7074
917.0966
917.4496
907.9393
904.5285
905.1506
905.8622
906.5368
907.1710
907.7654
908.3219
908.8427
909.3305
909.7877
910.2164
910.6189
901.2271
897.9655
898.6518
899.4311
900.1802
900.8949
901.5755
902.2235
902.8406
903.4288
903.9897
904.5252
905.0371
895.7427
892.6828
893.4804
894.3699
883.3549
879.3068
875.9464
872.8593
869.9883
867.3020
864.7781
862.3988
860.1492
851.6961
845.7258
843.9770
838.8164
834.5620
830.8279
827.5146
824.5660
821.9359
819.9904
818.0513
816.1194
814.1952
812.2788
810.3705
808.4704
806.5786
804.6950
802.8197
805.4342
808.0324
810.6155
813.1845
820.2259
836.2048
856.5933
876.8848
897.0801
921.6656
946.1346
970.4877
994.7254
1018.8482
1042.8567
1066.7514
1090.5328
1114.2013
1137.7576
1161.2020
1180.0495
1185.3504
1195.1125
1218.2857
1241.3488
1264.3021
1287.1465
1309.8825
1332.5106
1355.0313
1377.4453
1395.2674
1408.5195
1421.7090
1430.3507
1443.4376
1456.4625
1473.9116
1473.3353
1472.7627
1467.7194
1462.7082
1457.7265
1452.7727
1447.8455
1442.9442
1438.0680
1442.1761
1450.7433
1459.2652
1472.2293
1494.1009
1515.8668
1537.5280
1550.1141
1558.1547
1566.1575
1574.1226
1582.0504
1580.9697
1579.8951
1578.8263
1577.7633
1576.7058
1575.6537
1579.0925
1582.5149
1590.4066
1602.7455
1615.0248
1631.7303
1648.3549
1664.8991
1685.8487
1706.6967
1727.4437
1748.0899
1768.6358
1789.0817
1804.9424
1802.7825
1800.6311
1798.4879
1796.3527
1794.2255
1792.1060
1789.9943
1787.8903
1785.7938
1783.7049
1790.5944
1801.9334
1628.8352
1509.2627
1427.2301
1371.2164
1329.9353
1302.4933
1284.7055
1273.0590
1254.6171
1249.9765
1251.5307
1253.4954
1255.9403
1258.4287
1257.3846
1250.3701
1246.3176
1259.9594
1271.0841
1280.9101
1289.8402
1294.3024
1298.5009
1302.1690
1301.4803
1293.4335
1282.3673
1271.5985
1259.2447
1246.7324
1234.9398
1223.8667
1213.3469
1203.3041
1192.5216
1182.1638
1172.2447
1161.1731
1150.2795
1140.8957
1132.3014
1124.0924
1117.1533
1108.4715
1100.2446
1092.4757
1085.1046
1078.0749
1071.3386
1064.8781
1058.6410
1053.0465
1047.8151
1042.7959
1037.7581
1031.6712
1025.7271
1019.9241
1014.2288
1009.1622
1003.8175
998.4940
992.8425
986.4359
980.0941
973.8338
967.6390
961.5132
955.4280
950.3024
945.4347
940.5889
935.7724
930.5057
925.3868
920.4377
915.6438
910.9924
906.4721
902.0728
897.7855
893.6022
889.5158
885.5203
876.6397
867.9090
859.3296
862.9796
866.7901
870.6018
874.1245
877.3028
880.4409
883.4767
886.4511
889.3959
891.8923
894.5197
896.8198
887.7107
887.4917
890.2260
893.0037
895.7484
897.9753
899.1381
900.8653
902.5688
904.1468
906.0099
907.6716
909.1514
899.8026
897.0433
898.5106
899.9773
901.3119
902.5209
903.6136
904.5996
905.4877
906.2862
907.0027
907.6443
908.2173
898.8761
895.2858
896.0760
896.9424
897.7470
898.4892
899.1723
899.7999
900.3763
900.9053
901.3905
901.8352
902.2429
893.0000
889.3964
890.0742
890.8528
891.5900
892.2840
892.9365
893.5499
894.1266
894.6694
895.1808
895.6631
896.1184
886.9749
883.5523
884.2952
885.1393
885.9496
886.7228
887.4601
888.1631
888.8342
889.4754
890.0889
890.6767
891.2407
882.1737
878.9988
879.8530
880.8056
870.1235
865.8965
862.3766
859.1397
856.1331
853.3249
850.6911
848.2134
845.8768
837.6694
831.6906
830.1678
825.2391
821.0770
817.4299
814.2000
811.3309
808.7765
806.4978
804.4560
802.5974
800.8938
799.3228
797.8743
795.8450
792.7275
789.3840
785.9049
787.8543
793.2905
801.9398
809.5268
820.5394
830.7219
844.5170
857.6607
874.3399
890.1823
905.2968
919.7327
933.5359
946.7489
959.4210
971.5932
983.3016
994.5517
1005.3679
1007.9350
1003.2821
1004.5777
1010.9322
1025.5963
1039.1305
1051.6847
1063.3994
1074.2455
1084.2352
1093.6541
1102.6035
1107.1498
1110.5775
1113.5264
1104.3961
1100.6285
1101.7755
1111.2944
1119.3114
1106.9343
1097.4040
1090.2941
1085.1337
1081.5388
1079.2405
1078.0187
1077.6607
1078.0637
1079.0222
1087.4097
1105.2173
1127.0153
1143.2642
1157.4855
1169.9959
1176.7884
1178.4346
1175.4377
1167.5992
1153.4493
1138.8345
1125.0296
1111.9935
1100.8369
1091.8276
1083.1764
1075.3291
1068.0090
1069.4951
1078.0733
1089.1166
1098.6884
1107.4097
1115.6538
1123.4942
1130.9647
1138.0941
1144.9053
1151.4218
1153.7995
1152.5045
1139.4748
1131.6935
1128.0941
1127.5290
1129.1181
1132.2107
1136.3364
1141.1444
1146.3777
1151.4577
1156.7284
1169.5448
1185.8723
1195.6303
1203.6536
1210.8774
1213.7778
1217.0164
1212.4654
1210.3515
1217.5296
1216.5927
1216.9204
1221.7825
1230.2350
1237.2158
1239.9209
1243.2645
1254.7611
1265.0498
1274.6768
1283.8996
1288.9884
1294.0975
1298.6688
1298.9261
1295.4789
1291.7843
1283.7555
1269.9635
1257.6633
1246.0127
1234.6291
1223.2528
1212.9874
1202.2882
1191.8354
1181.2286
1170.8361
1161.1024
1151.6864
1142.6241
1133.5972
1125.7189
1116.9152
1108.4789
1100.4546
1092.8001
1085.4720
1078.4325
1071.6731
1065.1431
1058.8082
1052.9482
1047.4717
1042.1678
1036.3426
1030.0417
1023.8577
1017.7284
1011.7758
1005.8521
999.6395
993.4254
986.4622
979.5847
972.8347
966.2117
960.5577
954.9740
949.4609
944.2819
939.1696
934.2022
929.3090
924.6165
920.0034
915.4893
910.5301
905.7292
901.0779
896.5664
892.1848
887.9237
883.7311
874.8584
866.1363
857.5662
861.2359
865.0084
868.7908
871.9501
874.7457
877.7446
880.6602
883.4931
885.9687
888.0600
889.9484
891.9838
882.9427
882.1125
884.2436
886.4168
888.5453
890.6325
892.7162
894.6632
896.5447
898.2762
900.2905
902.0966
903.7148
894.4525
891.7578
893.3586
894.9503
896.4013
897.7195
898.9150
899.9975
900.9776
901.8637
902.6640
903.3860
904.0365
894.7650
891.2376
892.1018
893.0384
893.9115
894.7204
895.4689
896.1603
896.7987
897.3883
897.9329
898.4364
898.9020
889.7226
886.1909
886.9220
887.7541
888.5450
889.2922
889.9976
890.6635
891.2927
891.8876
892.4509
892.9848
893.4917
884.4105
881.0674
881.8573
882.7497
883.6088
884.4309
885.2168
885.9684
886.6876
887.3766
888.0376
888.6723
889.2828
880.2776
877.1779
878.0709
879.0632
868.5550
864.3729
860.8912
858.0099
855.3432
852.8607
850.5394
848.3606
846.3088
838.1178
832.1140
830.5445
825.6009
821.3377
817.5469
814.1735
811.1747
808.5151
806.1374
804.0101
802.1046
800.3939
798.8538
797.4630
795.3139
792.1475
788.7668
785.2541
781.6338
777.9244
774.1418
770.3002
766.4119
762.4882
758.5390
754.5731
750.6016
746.6294
742.6580
738.6952
734.7412
730.8031
726.8853
722.9921
719.1272
715.2938
711.4943
707.7310
704.0064
700.3221
696.6795
693.0795
689.5228
686.0102
682.5423
679.1130
675.6772
672.2656
668.8811
665.5265
662.2057
658.9207
655.7074
652.5781
649.4952
646.4496
643.4497
640.4986
637.6033
634.7663
631.9873
629.2661
626.6048
623.8208
621.0826
618.3900
615.7427
613.1402
610.5807
608.0626
605.5940
603.1684
600.7820
598.4336
596.1329
593.9757
591.9010
589.8733
587.8883
585.9152
583.9532
582.0185
580.1149
578.2413
576.3961
574.5786
572.7878
571.0804
569.3670
567.6576
565.9729
564.3179
562.6920
561.0959
559.5311
557.9986
556.4941
554.9801
553.4718
552.3413
551.2292
550.1397
549.0735
548.0312
547.0177
546.0332
545.0771
544.1375
543.1863
542.2398
541.3181
540.6187
539.9277
539.2480
538.5794
537.9226
537.2756
536.6390
536.0136
535.3997
534.7788
534.1377
533.4952
532.7625
532.0559
531.3731
530.7124
530.0725
529.4545
528.8563
528.2761
527.7129
527.1651
526.5945
525.8445
525.1176
524.4131
523.7304
523.0683
522.4261
521.8027
521.1974
520.6092
520.0373
519.4811
518.9396
516.7672
523.8970
532.1082
539.9821
547.4689
554.6248
561.4543
567.9782
574.2156
580.1839
585.8921
591.3481
596.5741
592.9699
595.8830
601.3180
606.6170
611.7240
616.6492
621.4035
625.9722
630.3733
634.6171
638.7126
642.6694
646.4954
641.9625
642.4310
646.1526
649.8679
653.4762
656.9774
660.3753
663.6745
666.8796
669.9954
673.0254
675.9741
678.8454
673.7172
673.0544
675.9548
678.9002
681.7770
684.5826
687.3188
689.9880
692.5930
695.1373
697.6239
700.0553
702.4340
696.8723
695.6238
698.1005
700.6470
703.1426
705.5839
707.9714
710.3068
712.5919
714.8289
717.0197
719.1664
721.2709
715.3635
713.7940
716.0323
718.3514
720.6274
722.8564
725.0388
727.1766
729.2715
731.3253
733.3397
735.3165
737.2572
731.0564
729.3166
731.4161
733.6020
735.7491
737.8534
739.9144
741.9333
743.9116
745.8510
747.7532
749.6200
751.4528
744.9911
743.1617
745.1670
747.2599
749.3156
751.3298
753.3025
755.2347
757.1282
758.9844
760.8050
762.5917
764.3458
757.6439
755.7793
757.7198
759.7450
761.7342
763.6831
765.5917
767.4612
769.2928
771.0883
772.8494
774.5776
776.2744
769.3476
767.4857
769.3939
771.3799
773.3262
775.2310
777.0957
778.9223
780.7126
782.4685
784.1917
785.8839
787.5467
780.4087
778.5771
780.4664
782.4320
784.3605
786.2496
788.1006
789.9153
791.6953
793.4424
795.1581
796.8441
798.5012
791.1769
789.3716
790.7006
792.2955
793.8452
795.3457
796.7972
798.2016
799.5618
800.8813
802.1630
803.4096
804.6235
797.1919
794.5461
795.7539
797.2886
798.7805
800.2276
801.6315
802.9941
804.3164
805.6002
806.8469
808.0577
809.2337
801.7272
798.9027
800.0281
801.5273
802.9776
804.3778
805.7304
807.0378
808.3023
809.5262
810.7112
811.5827
812.4262
804.8710
801.7855
802.7898
803.9082
804.9742
805.9848
806.9412
807.8455
808.7007
809.5093
810.2734
810.9956
811.6784
804.1494
800.5823
801.3661
802.3169
803.2412
804.1307
804.9920
805.8218
806.6183
807.3937
807.9686
808.5249
809.0627
801.5816
797.8253
798.5800
799.4839
800.3532
801.1848
801.9754
802.7326
803.4592
804.1565
804.8255
805.4469
806.0325
798.5976
794.9709
795.7488
796.6733
797.5724
798.4392
799.2742
800.0778
800.5941
801.0981
801.5889
802.0684
802.5364
795.1634
791.2017
791.8948
792.7252
793.4997
794.2181
794.8957
795.8020
796.6614
797.4767
798.2497
798.9822
799.6760
792.3476
788.6918
789.5797
790.5859
791.5468
792.4583
793.4925
794.4720
795.3995
796.2777
797.1100
797.8995
798.6502
791.3253
787.8741
788.8211
789.8772
790.8828
791.8344
792.7336
793.5832
794.3857
795.1440
795.8607
796.5384
797.4866
790.1848
786.7195
787.5452
788.4691
789.6371
790.7356
791.7715
792.7499
793.6751
794.5509
795.3808
796.1681
796.9157
789.6199
786.0325
787.0484
788.4653
789.8130
791.0952
792.3182
793.4898
794.6129
795.6905
796.7252
797.7199
798.6771
791.3369
788.1516
789.3670
790.6430
791.8675
793.0456
794.1787
795.2691
796.3192
797.3314
798.3079
799.2511
800.1650
792.7807
789.5442
790.7501
792.0265
793.2557
794.4392
795.5809
796.6842
797.7515
798.7852
799.7875
800.7602
801.7054
794.2898
791.0542
792.2914
793.6031
794.8671
796.0851
797.2610
798.3983
799.4995
800.5672
801.6033
802.6096
803.5880
796.1369
792.9237
794.1912
795.5362
796.8334
798.0914
799.3112
800.4946
801.6435
802.7599
803.8456
804.9026
805.9324
798.4354
795.2726
796.5691
797.9583
799.3109
800.6240
801.8987
803.1368
804.3402
805.5110
806.6511
807.7622
808.8463
801.2915
798.1926
799.5362
800.9825
802.3918
803.7614
805.0894
806.3731
807.6126
808.6564
809.6765
810.6739
811.6499
804.0386
801.0324
802.2628
803.6139
804.9318
806.2139
807.4611
808.6741
809.8544
811.0038
812.1235
813.2150
814.2795
806.6140
803.6850
805.0014
806.4295
807.8178
809.1650
810.4713
811.7371
812.9650
814.1582
815.3200
816.4526
817.5583
809.8280
807.0174
808.3683
809.8360
811.2687
812.6650
814.0262
815.3541
816.6507
817.9178
819.1575
820.3716
821.5619
813.7537
811.2611
812.7010
814.2491
805.1005
801.5612
798.7129
796.1542
793.8274
791.6959
789.7381
787.9350
786.2709
779.1499
773.8585
772.6591
767.8682
763.6951
760.0197
756.7543
753.8483
751.2343
748.8811
746.7373
744.7869
743.0105
741.3890
739.9059
738.1352
735.5170
732.7108
729.7872
731.1658
737.2753
742.4788
747.4034
760.6032
777.2201
792.8712
807.7361
821.9358
839.7504
856.6957
872.8404
888.2541
902.9800
917.0232
930.4493
943.3264
951.6751
956.1809
957.3708
965.5834
974.3533
987.6273
1004.8413
1021.1793
1036.6884
1051.4617
1065.5416
1078.9374
1091.7072
1099.5583
1107.1639
1109.8429
1112.2328
1097.2324
1092.1102
1096.2747
1109.0768
1116.3658
1105.1919
1096.5791
1090.2473
1085.7807
1082.8395
1081.1494
1080.4875
1080.6640
1081.4885
1087.1790
1096.9619
1109.5366
1124.5338
1136.5696
1152.4085
1154.4725
1156.4924
1158.1232
1159.4481
1160.3129
1156.2081
1147.2096
1138.3785
1129.7153
1121.2150
1113.2673
1105.7152
1098.5210
1100.3887
1106.4733
1120.9197
1134.5806
1147.5422
1159.9150
1171.8170
1183.2539
1194.2494
1204.8261
1215.0058
1224.8094
1234.2569
1221.7444
1209.8590
1200.2623
1192.7281
1186.9015
1182.4892
1179.2593
1177.0202
1175.6130
1174.9061
1179.1072
1183.1937
1198.7692
1216.4029
1231.3762
1245.3894
1258.5971
1266.7862
1270.2773
1265.1856
1269.4795
1278.1510
1290.8643
1289.9313
1289.5386
1289.6446
1289.9576
1290.6894
1296.1953
1306.1263
1315.7388
1324.9412
1333.8687
1342.5320
1342.2201
1337.8521
1333.8850
1330.2254
1326.2953
1322.1441
1308.4984
1296.0203
1283.7381
1271.8276
1260.5014
1249.5152
1238.1190
1226.9993
1216.1556
1205.5726
1195.0697
1184.7169
1174.6095
1164.8027
1155.4992
1145.8122
1136.4105
1127.3637
1118.6490
1110.2391
1102.1084
1094.2336
1086.5953
1079.4765
1072.7590
1066.1399
1059.6553
1053.2343
1046.4039
1039.7630
1033.7906
1027.7335
1021.6644
1015.6135
1009.5931
1003.0959
996.7189
990.4610
984.3146
978.2712
972.9729
967.7364
962.5335
957.3664
956.6524
952.4872
948.8517
944.6195
940.3889
936.1751
932.0247
927.9238
923.8734
919.8467
915.8405
911.8336
902.4342
893.1937
884.1141
886.5509
888.6690
890.5208
892.3036
894.0550
895.7972
897.5457
899.2965
900.8864
902.2006
903.5715
904.8870
895.5902
893.4146
895.1528
896.8950
898.5799
900.2511
901.8806
903.2082
904.4364
909.2956
909.2718
905.9468
900.4079
891.2797
885.4353
878.4090
870.6208
862.3654
853.8490
845.2147
836.5615
827.9567
819.4463
811.0605
802.8190
794.7338
787.5597
780.5233
773.4728
766.4458
759.4735
752.5798
745.7819
739.0920
732.5183
726.0662
719.7389
713.5379
707.4636
701.8813
696.6222
691.3476
686.0848
680.8571
675.6823
670.5735
665.5405
660.5899
655.7262
650.9524
646.2703
641.6804
637.2946
633.3391
629.3646
625.3932
621.4437
617.5304
613.6642
609.8527
606.1017
602.4148
598.7945
595.2425
591.7594
588.2809
585.2977
582.2951
579.2909
576.3011
573.3370
570.4072
567.5181
564.6739
561.8778
559.1319
556.4373
553.7949
551.0132
548.7687
546.5051
547.0027
547.2969
547.4407
547.4737
547.4249
547.3160
547.1629
546.9772
546.7675
546.5403
546.3001
546.0506
543.7641
545.8047
552.2870
559.3447
567.8287
575.8858
592.2485
613.0641
633.6616
654.3450
688.1434
721.3176
753.9253
786.0856
817.8446
849.2585
880.3665
910.9812
941.1576
970.9521
1000.3858
1025.0680
1040.8785
1048.1491
1069.1674
1094.4568
1123.7867
1152.6109
1180.9822
1208.9308
1236.4715
1263.6132
1290.2812
1316.5876
1338.1689
1355.2544
1367.8466
1380.3652
1392.7898
1413.9316
1434.7617
1455.4292
1467.1823
1466.2205
1466.3643
1467.6096
1469.8902
1473.1430
1477.3069
1482.3253
1488.4105
1495.4575
1507.0332
1518.9674
1544.3059
1573.5471
1602.0814
1629.9721
1648.4956
1666.7310
1680.2140
1693.4062
1701.7950
1709.8374
1717.4827
1724.7386
1731.6263
1742.5411
1752.9051
1767.1742
1780.8200
1798.3385
1824.0503
1848.8631
1873.0061
1896.6330
1919.8438
1942.6763
1965.1524
1987.2796
2009.0866
2030.5884
2051.7972
2068.3507
2080.4726
2079.6831
2079.8915
2081.4683
2084.5102
2088.7720
2094.1610
2100.7109
2108.2607
2116.7352
2124.9396
2132.0962
2147.4137
2175.8145
2203.3841
2230.1276
2256.2004
2281.6489
2297.7368
2313.6584
2325.0368
2345.1350
2360.4096
2375.5168
2390.5548
2409.8561
2424.6112
2435.0344
2450.0466
2469.4099
2492.9965
2516.3243
2539.4036
2557.7703
2575.7680
2593.4559
2606.0750
2609.7406
2613.4249
2608.2739
2603.3420
2598.6285
2593.9578
2589.3155
2584.9357
2580.9008
2577.0555
2573.2990
2569.5810
2565.9958
2562.4053
2558.9201
2555.5773
2552.4103
2549.1262
2545.8631
2542.7651
2539.8554
2537.1242
2534.5623
2532.1614
2529.9133
2527.8098
2525.8435
2523.9823
2522.2085
2520.5074
2518.8397
2517.2054
2515.8828
2514.6149
2513.3226
2511.9220
2510.4518
2508.9876
2507.5071
2505.8523
2504.1675
2502.4565
2500.8077
2499.2129
2497.6460
2496.0734
2494.5455
2493.0358
2491.4950
2489.9651
2488.3337
2487.0417
2485.8958
2484.8397
2483.8651
2482.9660
2482.1374
2481.3748
2480.6160
2431.2774
2383.8284
2338.2629
2294.6334
2252.7142
2212.3372
2173.3704
2135.6778
2099.1559
2063.7653
2029.4219
1996.1137
1967.0913
1939.3938
1911.1562
1882.7717
1854.5035
1826.5305
1798.9715
1771.9020
1745.3681
1719.3950
1693.7405
1668.3707
1643.0832
1620.5076
1597.8857
1574.8418
1551.6285
1528.4356
1505.3996
1482.6167
1460.1531
1438.0538
1416.3478
1395.0532
1374.1800
1353.7328
1336.4177
1318.5200
1300.6153
1282.7855
1265.1014
1247.6172
1230.3731
1213.3978
1196.7112
1180.3263
1164.2506
1148.4885
1133.0416
1119.7282
1106.2299
1092.7121
1079.2385
1065.8642
1052.6318
1039.5729
1026.7104
1014.0601
1001.6332
989.4364
977.4736
965.7467
955.4618
945.2343
934.9842
924.7616
914.6096
904.5614
894.6417
884.8686
875.2545
865.8081
856.5348
847.4381
838.5194
830.5390
822.7801
814.9985
807.2337
799.5193
791.8813
784.3391
776.9106
769.6050
762.4287
755.3855
748.4779
741.7068
735.5079
729.6396
723.7508
717.8725
712.0308
706.2453
708.8798
710.7047
711.9310
712.7137
713.1665
713.3730
713.3951
713.2783
713.0566
712.7552
712.3928
711.9836
705.4279
711.7102
719.0318
726.2499
733.7126
745.8141
762.2420
778.5528
803.5973
828.2381
856.9850
885.2252
917.4064
949.0258
980.1185
1010.7042
1040.8019
1070.4296
1099.6045
1128.3430
1156.6607
1184.5725
1212.0885
1230.4302
1235.5908
1250.0883
1277.8435
1305.0263
1331.7228
1357.9874
1383.8791
1409.4269
1434.5776
1459.4003
1483.9355
1508.3172
1519.1783
1530.1245
1541.1929
1556.5669
1576.0600
1590.9684
1597.4048
1595.8973
1595.4588
1596.0921
1597.7328
1600.4985
1604.4122
1609.4132
1615.4425
1622.2295
1629.1536
1649.1541
1673.3099
1705.7842
1737.4105
1768.1982
1789.4439
1810.2712
1821.6635
1828.4990
1826.3202
1824.1449
1821.9751
1819.8122
1817.6566
1815.5090
1813.3693
1815.7234
1822.5498
1829.3415
1840.5841
1860.7420
1880.8011
1900.7621
1920.6254
1940.3915
1960.0609
1979.6339
1999.1110
2018.4926
2037.7792
2056.9713
2067.0964
2063.7129
2060.3426
2056.9852
2053.6405
2050.3087
2046.9893
2043.6821
2040.3869
2037.1031
2033.8307
2035.0549
2040.7535
2059.8755
2078.8991
2097.8248
2116.6529
2135.3838
2145.0478
2150.1752
2150.7888
2160.3672
2178.8665
2183.8173
2188.7428
2202.6138
2216.4161
2225.6652
2234.8691
2248.5135
2266.5760
2284.5489
2302.4325
2311.2566
2320.0359
2328.7706
2337.4607
2337.1361
2336.8116
2336.4869
2331.6766
2322.4242
2313.2295
2304.0881
2294.9975
2285.9556
2276.9613
2268.0137
2279.9450
2291.6830
2302.6143
2311.9974
2321.4454
2330.2098
2337.9701
2344.5755
2350.7457
2356.5415
2361.9200
2366.8768
2371.4989
2376.8552
2381.9368
2386.7655
2391.3455
2395.6646
2399.7311
2403.5385
2407.4744
2411.2978
2414.8329
2418.0336
2420.9996
2423.3330
2425.3117
2427.0409
2428.1121
2429.3120
2430.3531
2431.2039
2431.8167
2432.2058
2432.3838
2432.4239
2432.2835
2433.5404
2434.9415
2436.4372
2437.9168
2438.9584
2439.9424
2440.8765
2441.7653
2442.6113
2443.4174
2444.0946
2404.5379
2364.1768
2323.6703
2283.5951
2244.1901
2205.6058
2167.9284
2131.2004
2095.3734
2060.4994
2026.5017
1993.2777
1964.1489
1936.1259
1907.7823
1879.4172
1851.2413
1823.4000
1795.9903
1769.0744
1742.6903
1716.8586
1691.4205
1666.2450
1652.2375
1629.3561
1599.7774
1577.6044
1556.7475
1536.7426
1517.5242
1499.0500
1481.2820
1464.1844
1447.7239
1431.8685
1416.5894
1401.8586
1383.4402
1364.8865
1351.5970
1339.1025
1327.0608
1315.4258
1304.1723
1293.2798
1282.7307
1272.5086
1262.5931
1252.9708
1243.6314
1228.1026
1215.0126
1206.5857
1198.6699
1190.9911
1183.5203
1176.2451
1169.1557
1162.2441
1155.5043
1148.9302
1142.5162
1136.2572
1122.6703
1112.8217
1107.2192
1101.9754
1096.8687
1091.8764
1086.9912
1082.2090
1077.5261
1072.9400
1068.4485
1064.0498
1059.7419
1047.5422
1039.7414
1035.9434
1032.4353
1029.0095
1025.6476
1022.3452
1014.9411
1005.4764
997.4900
989.7864
982.2541
974.8783
964.2775
956.9555
948.9602
942.2363
935.7601
929.4431
932.8409
934.6213
936.0897
937.3922
938.4736
939.4160
940.2125
940.8361
941.3122
941.6747
941.9336
942.0984
939.2579
935.0982
930.5216
925.6995
921.7105
920.9720
919.4828
921.9115
928.0570
937.8907
951.0388
963.2482
974.8174
985.9845
996.8039
1007.2819
1017.5202
1027.5017
1037.2253
1050.5912
1062.9488
1074.4364
1077.3321
1072.9848
1082.1391
1090.6408
1098.5172
1110.0111
1120.6487
1130.5332
1139.7651
1148.4284
1156.2574
1163.6112
1170.6553
1165.7979
1158.1587
1147.6318
1150.3464
1159.8112
1167.8283
1171.3199
1170.9215
1158.7106
1150.6736
1146.3560
1144.8441
1145.3438
1147.3112
1150.3246
1154.0088
1158.1345
1166.4336
1173.8102
1190.9044
1203.1913
1215.0440
1225.4038
1234.6487
1239.0249
1238.6673
1233.9407
1224.8960
1213.9397
1199.0022
1184.9068
1171.4734
1158.8358
1147.4799
1137.2518
1128.3586
1120.4111
1117.3647
1122.3788
1126.9050
1135.0872
1138.8231
1143.1169
1151.7064
1159.7887
1167.4213
1174.6543
1181.5312
1188.0317
1186.3863
1175.5503
1167.8133
1162.8686
1160.0773
1158.9801
1159.1943
1160.4325
1168.5795
1176.3820
1183.6046
1202.2347
1219.6408
1230.9188
1240.8189
1248.7838
1255.8325
1250.8884
1244.2905
1247.8514
1258.4927
1263.4015
1264.2486
1258.3937
1262.3707
1273.3332
1281.6887
1285.2427
1289.2728
1297.4664
1305.1631
1312.6793
1320.0772
1323.6335
1327.2919
1326.7084
1322.5340
1314.9212
1307.3085
1295.3749
1282.0788
1270.7622
1259.1987
1247.0071
1235.9508
1225.3719
1214.2924
1203.7484
1193.4183
1182.7989
1172.9512
1163.3345
1154.1979
1145.5094
1137.5623
1128.7850
1120.4308
1112.5108
1104.9682
1097.7488
1090.8069
1084.1411
1077.6877
1071.4154
1065.6216
1060.2891
1054.8962
1048.4832
1042.1933
1036.0545
1030.4794
1024.6535
1018.7592
1012.8636
1006.2374
999.6070
993.0722
986.6376
980.2843
974.3264
968.3853
962.8025
957.4556
952.1784
946.9765
942.2371
937.0860
932.0680
927.1780
922.4073
917.7476
913.1914
908.7323
904.3644
900.0829
895.8834
886.8081
877.8855
880.3055
882.9102
884.9192
886.2374
887.1851
888.1680
889.5536
890.6449
891.7215
892.7480
893.7265
894.3216
885.2471
882.2707
883.5092
884.9049
886.3380
887.8000
889.2822
890.5087
891.6460
892.1912
893.0504
894.2439
895.2741
886.1699
882.2219
883.2823
884.3908
885.3785
886.2517
887.0199
887.6923
888.2777
888.7848
889.2208
889.5926
889.9061
880.8908
876.3799
876.9317
877.6010
878.2130
878.7679
879.2691
879.7206
880.1253
880.4872
880.8097
881.0961
881.3495
872.4840
868.0808
868.6159
869.2816
869.9060
870.4879
871.0294
871.5332
872.0021
872.4386
872.8451
873.2239
873.5772
864.8497
860.6678
861.3158
862.0913
862.8297
863.5294
864.1919
864.8194
865.4140
865.9778
866.5130
867.0215
867.5049
858.8845
854.9368
855.7142
856.6123
857.4735
847.8656
843.3056
839.4380
835.8836
832.5822
829.4988
826.6071
823.8862
816.0993
809.6587
807.4438
805.5682
801.5258
797.9416
794.8048
792.0388
789.5926
787.4108
785.4352
783.6430
782.0203
780.5479
779.2087
777.9874
776.2212
773.3775
770.2978
767.0767
764.7624
766.6322
768.0087
773.6424
778.9977
796.9087
813.4120
832.8877
850.9634
867.9628
884.0742
899.3656
913.9013
927.7418
940.9517
953.5857
965.6399
977.1696
980.2553
976.3249
978.5182
985.3732
996.2059
1006.7377
1016.9371
1030.7261
1043.4884
1055.3507
1066.0705
1076.0746
1085.5704
1094.5099
1094.6619
1087.1720
1080.7276
1082.9187
1092.7184
1101.5409
1093.4275
1082.2291
1074.9799
1071.2065
1070.0791
1071.0031
1073.4646
1072.0710
1071.6459
1072.1236
1079.6647
1090.1657
1101.1558
1115.6090
1128.3203
1139.7044
1149.9355
1154.7910
1158.6916
1148.6765
1139.4826
1128.4869
1117.6157
1106.9356
1096.4751
1086.4656
1076.6475
1068.5118
1065.2425
1066.0771
1074.2367
1080.8606
1090.9332
1100.0228
1108.4851
1116.6227
1124.4788
1132.0370
1139.2938
1146.2517
1152.9373
1155.5896
1151.3630
1138.9725
1131.3773
1127.8252
1127.1852
1128.6032
1131.4393
1135.2144
1139.5891
1144.3116
1156.9486
1171.3607
1186.6362
1197.3187
1202.7173
1207.5162
1212.3521
1213.7066
1208.4704
1202.0430
1209.6331
1219.7819
1224.5492
1221.7665
1213.3850
1208.3481
1224.4537
1237.1100
1247.6357
1256.3989
1264.5373
1272.6245
1280.6050
1281.0524
1282.7693
1284.8155
1286.5836
1280.1683
1269.0564
1257.1091
1245.1725
1234.7488
1224.6191
1214.1210
1204.0103
1194.7130
1184.4747
1174.6433
1166.1930
1157.4494
1148.3229
1138.7518
1129.1554
1120.0120
1111.3298
1103.3557
1095.8718
1088.8580
1082.1702
1075.7141
1069.4286
1063.2748
1057.2286
1051.2754
1045.3184
1039.2796
1033.0882
1026.7725
1020.4412
1014.1961
1008.0267
1001.8551
995.5819
989.1565
982.6645
976.1160
969.5094
962.9092
956.3569
949.8785
943.4896
937.2709
931.3570
925.7004
920.3024
915.1716
910.2330
905.4916
900.9633
896.6635
892.5344
888.5369
884.6447
880.8399
877.1106
873.4488
864.4712
856.4543
849.1919
842.5957
836.4890
830.7488
825.2895
820.0521
814.9959
810.0554
805.2317
800.2508
792.9344
789.9141
786.1968
782.1332
777.8813
773.5470
769.2002
764.8861
760.6331
756.4584
752.2216
747.7349
742.5729
736.3043
731.4457
726.1415
720.5667
714.8439
709.0585
703.2695
697.5174
691.8296
686.2247
680.7145
675.3066
670.0053
665.0611
660.4979
655.9095
651.3268
646.7730
642.2653
637.8162
633.4344
629.1260
624.8950
620.7443
616.6752
612.6882
608.7914
605.3838
601.9510
598.5170
595.0999
591.7132
588.3668
585.0679
581.8214
578.6308
575.4984
572.4254
569.4125
566.3098
563.7540
561.1731
558.5864
556.0088
553.4512
550.9217
548.4263
545.9689
543.5527
541.1795
538.8505
536.5664
534.0662
532.1477
530.2054
528.2552
526.3090
524.3760
522.4627
520.5742
518.7139
516.8842
515.0867
513.3225
511.5921
509.5516
508.1173
506.6607
505.1949
503.7298
502.2727
502.0389
501.8022
501.5639
501.3257
501.0887
500.8539
500.6220
500.3934
500.1683
499.9466
499.7283
499.5133
498.4258
497.4239
496.4867
495.5989
494.7500
493.9322
493.1399
492.3691
491.6171
490.8815
490.1610
489.4543
488.7605
488.0790
487.4092
486.7507
486.1031
485.4662
484.8396
484.2232
483.6168
483.0201
482.4330
481.8553
481.2868
480.7274
480.1770
479.6354
479.1025
478.5780
478.0620
477.5542
477.0545
476.5628
476.0790
475.6029
475.1344
474.6734
474.2198
473.7734
473.3342
472.9020
472.4767
472.0582
471.6464
471.2412
470.8424
470.4501
470.0640
469.6840
469.3101
468.9422
468.5801
468.2237
467.8731
467.5280
467.1885
466.8543
466.5255
466.2019
465.8835
465.5702
465.2618
464.9584
464.6598
464.3660
464.0769
463.7925
463.5125
463.2371
462.9660
462.6993
462.4368
462.1785
461.9244
461.6743
461.4282
461.1861
460.9478
460.7133
460.4826
460.2555
460.0321
459.8123
459.5959
459.3829
459.1732
458.9669
458.7638
458.5639
458.3672
458.1736
457.9830
457.7955
457.6109
457.4292
457.2504
457.0745
456.9013
456.7308
456.5630
456.3979
456.2354
456.0754
455.9180
455.7631
455.6106
455.4605
455.3128
455.1674
455.0243
454.8835
454.7449
454.6085
454.4743
454.3422
454.2121
454.0842
453.9582
453.8343
452.4929
451.4399
450.6024
449.9271
449.3750
448.9171
448.5319
448.2034
447.9193
447.6705
447.4498
447.2517
446.3936
446.1477
445.8851
445.6144
445.3412
445.0690
444.8001
444.5359
444.2770
444.0239
443.7768
443.5357
443.3004
442.5114
442.3842
442.2403
442.0848
441.9216
441.7534
441.5826
441.4108
441.2390
441.0682
440.8990
440.7320
440.5675
439.8270
439.7617
439.6783
439.5818
439.4759
439.3638
439.2475
439.1287
439.0086
438.8883
438.7683
438.6491
438.5311
437.8273
437.8027
437.7598
437.7034
437.6372
437.5641
437.4862
437.4051
437.3221
437.2380
437.1534
437.0690
436.9850
436.3090
436.3141
436.3009
436.2740
436.2372
436.1931
436.1438
436.0909
436.0356
435.9788
435.9211
435.8630
435.8049
435.1500
435.1780
435.1877
435.1837
435.1696
435.1480
435.1209
435.0899
435.0560
435.0203
434.9832
434.9454
434.9071
434.2683
434.3136
434.3407
434.3541
434.3571
434.3524
434.3421
434.3275
434.3098
434.2898
434.2683
434.2456
434.2222
433.5955
433.6538
433.6939
433.7202
433.7360
433.7441
433.7465
433.7445
433.7392
433.7316
433.7222
433.7116
433.7000
433.0829
433.1518
433.2025
433.2394
433.2658
433.2843
433.2968
433.3047
433.3092
433.3112
433.3111
433.3096
433.3069
432.6974
432.7740
432.8324
432.8770
432.9110
432.9371
432.9570
432.9723
432.9840
432.9930
432.9998
433.0051
433.0091
432.4053
432.4877
432.5520
432.6025
432.6425
432.6745
432.7003
432.7215
432.7391
432.7539
432.7665
432.7774
432.7871
432.1886
432.2757
432.3446
432.3998
432.4443
432.4808
432.5110
432.5364
432.5581
432.5769
432.5934
432.6081
432.6214
432.0266
432.1169
432.1892
432.2477
432.2957
432.3356
432.3693
432.3983
432.4235
432.4457
432.4657
432.4839
432.5006
431.9093
432.0025
432.0778
432.1394
432.1904
432.2334
432.2702
432.3022
432.3304
432.3557
432.3786
432.3996
432.4191
431.8311
431.9264
432.0038
432.0675
432.1206
432.1657
432.2044
432.2383
432.2684
432.2955
432.3203
432.3431
432.3645
431.7792
431.8759
431.9549
432.0202
432.0750
432.1218
432.1622
432.1979
432.2297
432.2584
432.2848
432.3092
432.3320
431.7486
431.8466
431.9267
431.9932
432.0492
432.0970
432.1386
432.1753
432.2081
432.2378
432.2650
432.2902
432.3137
431.7311
431.8296
431.9102
431.9771
432.0335
432.0817
432.1235
432.1605
432.1937
432.2237
432.2514
432.2771
432.3011
431.7187
431.8178
431.8990
431.9665
432.0235
432.0723
432.1146
432.1519
432.1853
432.2154
432.2430
432.2685
432.2922
431.7090
431.8078
431.8886
431.9555
432.0118
432.0599
432.1016
432.1384
432.1712
432.2009
432.2281
432.2533
432.2767
431.6916
431.7906
431.8714
431.9384
431.9946
432.0426
432.0841
432.1207
432.1532
432.1827
432.2096
432.2344
432.2575
431.6721
431.7707
431.8511
431.9177
431.9735
432.0212
432.0624
432.0986
432.1309
432.1601
432.1867
432.2113
432.2341
431.6478
431.7462
431.8265
431.8930
431.9488
431.9963
432.0374
432.0735
432.1057
432.1348
432.1613
432.1858
432.2086
431.6217
431.7201
431.8005
431.8669
431.9225
431.9699
432.0109
432.0469
432.0789
432.1078
432.1341
432.1584
432.1810
431.5932
431.6916
431.7720
431.8384
431.8941
431.9416
431.9827
432.0188
432.0509
432.0800
432.1065
432.1310
432.1539
431.5663
431.6651
431.7457
431.8125
431.8686
431.9165
431.9581
431.9946
432.0272
432.0568
432.0838
432.1088
432.1322
431.5449
431.6440
431.7251
431.7922
431.8486
431.8968
431.9386
431.9754
432.0083
432.0381
432.0654
432.0906
432.1142
431.5271
431.6264
431.7077
431.7751
431.8318
431.8803
431.9224
431.9595
431.9926
432.0227
432.0504
432.0760
432.1000
431.5130
431.6129
431.6947
431.7626
431.8198
431.8688
431.9115
431.9491
431.9828
432.0134
432.0414
432.0674
432.0917
431.5047
431.6048
431.6867
431.7547
431.8121
431.8611
431.9037
431.9413
431.9750
432.0055
432.0335
432.0594
432.0836
431.4964
431.5964
431.6782
431.7461
431.8033
431.8523
431.8948
431.9322
431.9658
431.9962
432.0241
432.0499
432.0741
431.4865
431.5866
431.6684
431.7363
431.7935
431.8425
431.8849
431.9224
431.9559
431.9863
432.0141
432.0399
432.0640
431.4761
431.5761
431.6579
431.7258
441.9741
451.8390
461.3433
470.5064
479.3460
487.0144
494.0156
500.5474
506.7920
504.8363
507.2172
513.0070
506.6589
501.6459
497.0609
492.8012
488.8352
485.1500
481.7288
478.5575
475.6219
472.9074
470.3992
468.0826
467.3176
466.6396
466.3011
466.4518
470.7593
479.0927
491.2351
507.0451
526.3149
544.8471
562.8033
580.4012
597.6871
617.9961
637.6242
656.5847
674.9327
692.6911
709.8870
726.4672
742.4633
757.6340
767.8592
770.1066
774.0363
782.9273
796.2584
813.2042
829.3247
844.6990
859.3617
873.1947
886.3014
898.9054
907.0101
915.1322
918.8902
918.6266
914.6026
915.5054
917.1875
931.6026
931.6556
922.4468
917.6950
916.6685
918.4614
922.3668
927.8316
934.4180
941.7541
949.2842
960.9651
970.5181
976.4105
994.0692
1011.4677
1023.0764
1026.0872
1029.5799
1029.1573
1024.7530
1020.2343
1012.6965
1004.9665
997.2092
989.5219
981.9267
974.7509
971.6878
973.6468
978.6770
986.5115
993.2025
1003.5372
1013.1623
1022.5223
1031.6699
1040.7159
1049.6194
1058.3466
1066.8754
1075.1940
1083.1087
1082.9801
1070.6351
1063.7279
1061.2435
1061.9368
1064.8738
1069.3663
1074.9116
1081.1401
1087.7574
1099.0452
1107.6788
1115.5566
1132.5572
1142.8428
1151.5654
1159.4185
1166.9420
1173.9641
1176.6082
1168.7599
1168.0434
1168.8666
1170.5151
1180.3680
1188.4493
1191.4719
1195.3201
1203.4687
1211.1241
1218.5752
1226.0415
1233.7876
1234.1781
1236.0536
1230.9467
1227.5466
1225.1472
1222.6212
1215.4723
1206.7183
1198.9229
1190.4951
1182.2791
1173.5550
1165.8604
1157.1935
1148.3218
1139.4176
1130.0093
1121.0800
1112.9411
1105.0977
1097.4927
1090.2252
1082.2992
1074.7838
1067.6300
1060.7953
1054.2376
1047.9237
1041.8351
1035.9375
1030.8344
1025.9530
1021.1726
1016.3637
1010.5444
1004.8473
999.2354
994.1975
988.9135
983.3377
977.7061
972.0493
965.6701
959.3770
953.1782
947.0598
941.4454
935.8770
930.9529
926.0495
921.3295
916.6336
912.0374
907.5512
903.1783
898.4929
893.9571
889.5860
885.3768
881.3104
877.3821
873.5842
869.9140
861.3474
852.9240
844.6452
847.9598
851.6192
855.2896
858.9697
862.6670
866.0418
869.1460
872.1578
874.7513
876.9044
879.1908
881.4075
872.6021
871.3801
873.8019
876.3150
878.7997
881.2318
883.5247
