0.2000
0.2000
0.2000
0.2000
0.2000
0.0000
0.2000
0.2000
0.2000
0.2000
0.2000
0.2000
0.2000
0.2000
0.2000
0.2000
0.2000
0.2000
0.0000
0.2000
0.2000
0.2000
0.2000
0.2000
0.2000
0.2000
0.2000
0.2000
0.2000
0.2000
0.2000
0.0000
0.2000
0.2000
0.2000
0.2000
0.2000
0.2000
0.2000
0.2000
0.2000
0.2000
0.2000
0.2000
0.0000
0.2000
0.2000
0.2000
0.2000
0.2000
0.2000
0.2000
0.2000
0.2000
0.2000
0.2000
0.2000
0.0000
0.2000
0.2000
0.2000
0.4824
0.2886
0.2797
0.2764
0.2738
0.2715
0.2693
0.2673
0.2654
0.0000
0.4544
0.2686
0.6669
0.4427
0.4252
0.4194
0.4153
0.4125
0.4101
0.4083
0.4071
0.4063
0.4058
0.4056
1.0000
0.9995
0.8941
0.8697
0.8630
0.8495
0.8410
0.8305
0.8493
0.8219
0.8195
0.8173
0.8174
0.8177
0.8188
0.8205
0.8226
0.8251
0.8278
0.8307
0.8337
0.8845
0.8879
0.8918
0.8968
0.8515
0.8544
0.8563
0.8606
0.8616
0.8644
0.9144
0.8710
0.8725
0.8748
0.9234
0.9033
0.8823
0.9084
0.8883
0.8891
0.9146
0.9403
0.9122
0.8963
0.8973
0.8978
0.8979
0.8975
0.8968
0.8957
0.8973
0.8942
0.8928
0.9172
0.8920
0.8901
0.8920
0.8922
0.8929
0.8945
0.8962
0.8978
0.9141
0.9028
0.9036
0.9045
0.9068
0.9065
0.9107
0.9051
0.9059
0.9064
0.9079
0.9070
0.9085
0.9094
0.9110
0.9130
0.9151
0.9175
0.9200
0.9227
0.9732
1.0000
1.0000
0.9670
0.9389
0.9391
0.9395
0.9392
0.9386
0.9377
0.9366
0.9381
0.9389
0.9813
0.9568
0.9307
0.9324
0.9321
0.9322
1.0000
0.9941
0.9644
0.9647
1.0000
0.9554
0.9715
0.9947
0.9515
0.9976
0.9536
0.9534
0.9555
0.9562
0.9574
0.9581
0.9597
0.9608
0.9609
0.9606
0.9605
0.9589
0.9596
0.9615
1.0000
0.9652
0.9552
0.9493
0.9486
0.9672
0.9656
0.9611
0.9546
0.9336
0.9302
0.9215
0.9219
0.9274
0.9085
0.9035
0.8985
0.8933
0.8878
0.8822
0.8763
0.8721
0.8652
0.8652
0.8519
0.8447
0.8435
0.8395
0.8331
0.8327
0.8293
0.8254
0.8244
0.8460
0.8186
0.8174
0.8149
0.8123
0.8142
0.8074
0.8047
0.8018
0.8003
0.7965
0.7950
0.7935
0.7921
0.7888
0.7901
0.7893
0.7884
0.7875
0.7864
0.7853
0.0000
0.0000
0.0000
0.2000
0.2000
0.2000
0.2000
0.2000
0.2000
0.2000
0.2000
0.2000
0.2000
0.2000
0.2000
0.0000
0.2000
0.2000
0.2000
0.2000
0.2000
0.2000
0.2000
0.2000
0.2000
0.2000
0.2000
0.2000
0.0000
0.2000
0.2000
0.2000
0.2000
0.2000
0.2000
0.2000
0.2000
0.2000
0.2000
0.2000
0.2000
0.0000
0.2000
0.2000
0.2000
0.2000
0.2000
0.2000
0.2000
0.2000
0.2000
0.2000
0.2000
0.2000
0.0000
0.2000
0.2000
0.2000
0.2000
0.2000
0.2000
0.2000
0.2000
0.2000
0.2000
0.2000
0.2000
0.0000
0.2000
0.2000
0.2000
0.2000
0.2000
0.2000
0.2000
0.2000
0.2000
0.2000
0.2000
0.2000
0.0000
0.2000
0.2000
0.2000
0.4724
0.2847
0.2773
0.2750
0.2731
0.2714
0.2699
0.2686
0.2673
0.0000
0.4635
0.2712
0.6709
0.4491
0.4329
0.4284
0.4257
0.4238
0.4226
0.4217
0.4211
0.4207
0.4205
0.4203
1.0000
1.0000
0.9240
0.8908
0.8790
0.8704
0.8797
0.8455
0.8376
0.8324
0.8281
0.8728
0.8252
0.8240
0.8241
0.8250
0.8267
0.8288
0.8313
0.8341
0.8372
0.8879
0.8687
0.8478
0.9475
0.8813
0.8615
0.8639
0.8667
0.8702
0.8973
0.9007
0.8813
0.8838
0.9107
0.8886
0.8905
0.9210
0.9233
0.9032
0.9044
0.9547
0.9329
0.9976
0.9143
0.9148
0.9152
0.9151
0.9145
0.9136
0.9123
0.9172
0.9355
0.9116
0.9081
0.9085
0.9070
0.9092
0.9099
0.9113
0.9124
0.9377
0.9158
0.9142
0.9196
0.9227
0.9239
0.9248
0.9278
0.9274
0.9315
0.9266
0.9487
0.9254
0.9298
0.9549
0.9341
0.9351
0.9372
0.9398
0.9426
0.9456
0.9486
0.9747
1.0000
1.0000
0.9741
0.9670
0.9674
0.9681
0.9684
0.9686
0.9679
0.9673
0.9712
0.9685
1.0000
0.9796
0.9684
0.9679
0.9686
0.9946
1.0000
1.0000
0.9884
1.0000
0.9954
1.0000
1.0000
1.0000
1.0000
1.0000
1.0000
1.0000
1.0000
1.0000
1.0000
1.0000
1.0000
1.0000
1.0000
1.0000
1.0000
1.0000
1.0000
1.0000
1.0000
1.0000
1.0000
1.0000
1.0000
1.0000
1.0000
1.0000
1.0000
1.0000
1.0000
1.0000
0.9956
1.0000
0.9837
0.9775
0.9721
0.9665
0.9607
0.9547
0.9487
0.9441
0.9437
0.9314
0.9258
0.9158
0.9169
0.9133
0.9111
0.9074
0.9044
0.8990
0.9009
0.8958
0.8972
0.8952
0.8929
0.8903
0.8892
0.8899
0.8832
0.8789
0.8740
0.8749
0.8725
0.8710
0.8695
0.8680
0.8666
0.8653
0.8640
0.8627
0.8615
0.8602
0.0000
0.0000
0.0000
0.2000
0.2000
0.2000
0.2000
0.2000
0.2000
0.2000
0.2000
0.2000
0.2000
0.2000
0.2000
0.0000
0.2000
0.2000
0.2000
0.2000
0.2000
0.2000
0.2000
0.2000
0.2000
0.2000
0.2000
0.2000
0.0000
0.2000
0.2000
0.2000
0.2000
0.2000
0.2000
0.2000
0.2000
0.2000
0.2000
0.2000
0.2000
0.0000
0.2000
0.2000
0.2000
0.2000
0.2000
0.2000
0.2000
0.2000
0.2000
0.2000
0.2000
0.2000
0.0000
0.2000
0.2000
0.2000
0.2000
0.2000
0.2000
0.2000
0.2000
0.2000
0.2000
0.2000
0.2000
0.0000
0.2000
0.2000
0.2000
0.2000
0.2000
0.2000
0.2000
0.2000
0.2000
0.2000
0.2000
0.2000
0.0000
0.2000
0.2000
0.2000
0.6892
0.3745
0.3566
0.3511
0.3469
0.3434
0.3402
0.3373
0.3348
0.0000
0.5606
0.3383
0.7587
0.5659
0.5459
0.5387
0.5338
0.5300
0.5257
0.5241
0.5217
0.5195
0.5175
0.5157
1.0000
1.0000
1.0000
1.0000
1.0000
1.0000
0.9873
0.9711
0.9618
0.9537
0.9473
0.9430
0.9402
0.9378
0.9368
0.9366
0.9369
0.9379
0.9393
0.9410
0.9430
0.9451
0.9937
0.9735
0.9795
0.9577
0.9608
0.9625
0.9650
0.9683
0.9951
1.0000
0.9938
0.9836
1.0000
1.0000
1.0000
1.0000
1.0000
1.0000
1.0000
1.0000
1.0000
1.0000
1.0000
1.0000
1.0000
1.0000
1.0000
1.0000
1.0000
1.0000
1.0000
1.0000
0.9972
0.9947
0.9926
0.9945
0.9949
1.0000
1.0000
1.0000
1.0000
0.9989
1.0000
1.0000
1.0000
1.0000
1.0000
1.0000
1.0000
1.0000
1.0000
1.0000
1.0000
1.0000
1.0000
1.0000
1.0000
1.0000
1.0000
1.0000
1.0000
1.0000
1.0000
1.0000
1.0000
1.0000
1.0000
1.0000
1.0000
1.0000
1.0000
1.0000
1.0000
1.0000
1.0000
1.0000
1.0000
1.0000
1.0000
1.0000
1.0000
1.0000
1.0000
1.0000
1.0000
1.0000
1.0000
1.0000
1.0000
1.0000
1.0000
1.0000
1.0000
1.0000
1.0000
1.0000
1.0000
1.0000
1.0000
1.0000
1.0000
1.0000
1.0000
1.0000
1.0000
1.0000
1.0000
1.0000
1.0000
1.0000
1.0000
1.0000
1.0000
1.0000
1.0000
1.0000
1.0000
1.0000
1.0000
1.0000
1.0000
1.0000
1.0000
1.0000
1.0000
1.0000
1.0000
1.0000
1.0000
1.0000
0.9926
0.9852
0.9792
0.9768
0.9669
0.9655
0.9576
0.9551
0.9548
0.9515
0.9481
0.9443
0.9404
0.9437
0.9346
0.9293
0.9501
0.9217
0.9453
0.9197
0.9176
0.9157
0.9139
0.9121
0.9103
0.9086
0.9069
0.9052
0.0000
0.0000
0.0000
0.2000
0.2000
0.2000
0.2000
0.2000
0.2000
0.2000
0.2000
0.2000
0.2000
0.2000
0.2000
0.0000
0.2000
0.2000
0.2000
0.2000
0.2000
0.2000
0.2000
0.2000
0.2000
0.2000
0.2000
0.2000
0.0000
0.2000
0.2000
0.2000
0.2000
0.2000
0.2000
0.2000
0.2000
0.2000
0.2000
0.2000
0.2000
0.0000
0.2000
0.2000
0.2000
0.2000
0.2000
0.2000
0.2000
0.2000
0.2000
0.2000
0.2000
0.2000
0.0000
0.2000
0.2000
0.2000
0.2000
0.2000
0.2000
0.2000
0.2000
0.2000
0.2000
0.2000
0.2000
0.0000
0.2000
0.2000
0.2000
0.2000
0.2000
0.2000
0.2000
0.2000
0.2000
0.2000
0.2000
0.2000
0.0000
0.2000
0.2000
0.2000
0.7545
0.4097
0.3869
0.3797
0.3740
0.3691
0.3647
0.3608
0.3571
0.0000
0.5797
0.3585
0.7866
0.5933
0.5713
0.5622
0.5554
0.5500
0.5456
0.5422
0.5393
0.5369
0.5351
0.5337
1.0000
1.0000
1.0000
1.0000
1.0000
1.0000
1.0000
1.0000
1.0000
1.0000
0.9938
0.9866
0.9833
0.9809
0.9798
0.9796
0.9800
0.9809
0.9820
0.9835
0.9852
1.0000
1.0000
1.0000
1.0000
1.0000
1.0000
1.0000
1.0000
1.0000
1.0000
1.0000
1.0000
1.0000
1.0000
1.0000
1.0000
1.0000
1.0000
1.0000
1.0000
1.0000
1.0000
1.0000
1.0000
1.0000
1.0000
1.0000
1.0000
1.0000
1.0000
1.0000
1.0000
1.0000
1.0000
1.0000
1.0000
1.0000
1.0000
1.0000
1.0000
1.0000
1.0000
1.0000
1.0000
1.0000
1.0000
1.0000
1.0000
1.0000
1.0000
1.0000
1.0000
1.0000
1.0000
1.0000
1.0000
1.0000
1.0000
1.0000
1.0000
1.0000
1.0000
1.0000
1.0000
1.0000
1.0000
1.0000
1.0000
1.0000
1.0000
1.0000
1.0000
1.0000
1.0000
1.0000
1.0000
1.0000
1.0000
1.0000
1.0000
1.0000
1.0000
1.0000
1.0000
1.0000
1.0000
1.0000
1.0000
1.0000
1.0000
1.0000
1.0000
1.0000
1.0000
1.0000
1.0000
1.0000
1.0000
1.0000
1.0000
1.0000
1.0000
1.0000
1.0000
1.0000
1.0000
1.0000
1.0000
1.0000
1.0000
1.0000
1.0000
1.0000
1.0000
1.0000
1.0000
1.0000
1.0000
1.0000
1.0000
1.0000
1.0000
1.0000
1.0000
1.0000
1.0000
1.0000
1.0000
1.0000
1.0000
1.0000
0.9983
0.9907
0.9839
0.9768
0.9739
0.9674
0.9654
0.9821
0.9575
0.9536
0.9497
0.9516
0.9420
0.9383
0.9366
0.9321
0.9307
0.9278
0.9278
0.9250
0.9235
0.9196
0.9212
0.9201
0.9189
0.9176
0.9162
0.9626
0.0000
0.0000
0.0000
0.2000
0.2000
0.2000
0.2000
0.2000
0.2000
0.2000
0.2000
0.2000
0.2000
0.2000
0.2000
0.0000
0.2000
0.2000
0.2000
0.2000
0.2000
0.2000
0.2000
0.2000
0.2000
0.2000
0.2000
0.2000
0.0000
0.2000
0.2000
0.2000
0.2000
0.2000
0.2000
0.2000
0.2000
0.2000
0.2000
0.2000
0.2000
0.0000
0.2000
0.2000
0.2000
0.2000
0.2000
0.2000
0.2000
0.2000
0.2000
0.2000
0.2000
0.2000
0.0000
0.2000
0.2000
0.2000
0.2000
0.2000
0.2000
0.2000
0.2000
0.2000
0.2000
0.2000
0.2000
0.0000
0.2000
0.2000
0.2000
0.2000
0.2000
0.2000
0.2000
0.2000
0.2000
0.2000
0.2000
0.2000
0.0000
0.2000
0.2000
0.2000
0.7640
0.4153
0.3927
0.3860
0.3806
0.3760
0.3719
0.3682
0.3649
0.0000
0.5909
0.3678
0.8035
0.6116
0.5920
0.5855
0.5818
0.5796
0.5783
0.5773
0.5765
0.5759
0.5753
0.5747
1.0000
1.0000
1.0000
1.0000
1.0000
1.0000
1.0000
1.0000
1.0000
1.0000
1.0000
1.0000
1.0000
0.9972
0.9835
0.9743
0.9660
0.9586
0.9517
0.9453
0.9394
0.9339
0.9288
0.9241
0.9197
0.9155
0.9117
0.9082
0.9051
0.9021
0.8994
0.8969
0.8947
0.8925
0.8906
0.8888
0.8872
0.8858
0.8844
0.8832
0.8821
0.8810
0.8800
0.8791
0.8783
0.8776
0.8769
0.8762
0.8756
0.8751
0.8744
0.8739
0.8734
0.8729
0.8725
0.8720
0.8713
0.8709
0.8704
0.8699
0.8692
0.8687
0.8682
0.8677
0.8671
0.8665
0.8659
0.8653
0.8647
0.8641
0.8636
0.8630
0.8625
0.8620
0.8615
0.8611
0.8607
0.8602
0.8599
0.8595
0.8592
0.8589
0.8587
0.8585
0.8583
0.8581
0.8582
0.8582
0.8583
0.8584
0.8585
0.8586
0.8589
0.8591
0.8594
0.8597
0.8600
0.8603
0.8607
0.8610
0.8613
0.8617
0.8620
0.8624
0.8627
0.8629
0.8632
0.8635
0.8638
0.8641
0.8643
0.8646
0.8649
0.8652
0.8654
0.8656
0.8659
0.8661
0.8664
0.8666
0.2000
0.2000
0.2000
0.2000
0.2000
0.2000
0.2000
0.2000
0.2000
0.2000
0.2000
0.2000
0.0000
0.2000
0.2000
0.2000
0.2000
0.2000
0.2000
0.2000
0.2000
0.2000
0.2000
0.2000
0.2000
0.0000
0.2000
0.2000
0.2000
0.2000
0.2000
0.2000
0.2000
0.2000
0.2000
0.2000
0.2000
0.2000
0.0000
0.2000
0.2000
0.2000
0.2000
0.2000
0.2000
0.2000
0.2000
0.2000
0.2000
0.2000
0.2000
0.0000
0.2000
0.2000
0.2000
0.2000
0.2000
0.2000
0.2000
0.2000
0.2000
0.2000
0.2000
0.2000
0.0000
0.2000
0.2000
0.2000
0.2000
0.2000
0.2000
0.2000
0.2000
0.2000
0.2000
0.2000
0.2000
0.0000
0.2000
0.2000
0.2000
0.2000
0.2000
0.2000
0.2000
0.2000
0.2000
0.2000
0.2000
0.2000
0.0000
0.2000
0.2000
0.2000
0.2000
0.2000
0.2000
0.2000
0.2000
0.2000
0.2000
0.2000
0.2000
0.0000
0.2000
0.2000
0.2000
0.2000
0.2000
0.2000
0.2000
0.2000
0.2000
0.2000
0.2000
0.2000
0.0000
0.2000
0.2000
0.2000
0.2000
0.2000
0.2000
0.2000
0.2000
0.2000
0.2000
0.2000
0.2000
0.0000
0.2000
0.2000
0.2000
0.2000
0.2000
0.2000
0.2000
0.2000
0.2000
0.2000
0.2000
0.2000
0.0000
0.2000
0.2000
0.2000
0.2000
0.2000
0.2000
0.2000
0.2000
0.2000
0.2000
0.2000
0.2000
0.0000
0.2000
0.2000
0.2000
0.2000
0.2000
0.2000
0.2000
0.2000
0.2000
0.2000
0.2000
0.2000
0.0000
0.2000
0.2000
0.2000
0.2000
0.2000
0.2000
0.2000
0.2000
0.2000
0.2000
0.2000
0.2000
0.0000
0.2000
0.2000
0.2000
0.2000
0.2000
0.2000
0.2000
0.2000
0.2000
0.2000
0.2000
0.2000
0.0000
0.2542
0.2000
0.2000
0.2000
0.2000
0.2000
0.2000
0.2000
0.2000
0.2000
0.2000
0.2000
0.0000
0.3269
0.2112
0.2088
0.2103
0.2121
0.2140
0.2158
0.2176
0.2193
0.2208
0.2226
0.2244
0.0000
0.3824
0.2367
0.2334
0.2347
0.2363
0.2378
0.2394
0.2410
0.2425
0.2440
0.2455
0.2470
0.0000
0.4266
0.2593
0.2550
0.2562
0.2576
0.2591
0.2606
0.2620
0.2633
0.2645
0.2657
0.2667
0.0000
0.4587
0.2776
0.2717
0.2719
0.2723
0.2728
0.2734
0.2738
0.2742
0.2746
0.2750
0.2754
0.0000
0.4764
0.2853
0.2788
0.2788
0.2792
0.2797
0.2801
0.2806
0.2811
0.2816
0.2821
0.2826
0.0000
0.4947
0.2933
0.2865
0.2865
0.2870
0.2874
0.2878
0.2881
0.2883
0.2885
0.2885
0.2882
0.0000
0.4982
0.2971
0.2895
0.2884
0.2879
0.2875
0.2869
0.2863
0.2857
0.2849
0.2841
0.2832
0.0000
0.4915
0.2892
0.2813
0.2797
0.2786
0.2775
0.2764
0.2753
0.2741
0.2730
0.2718
0.2706
0.0000
0.4739
0.2755
0.2675
0.2660
0.2648
0.2638
0.2628
0.2618
0.2608
0.2598
0.2589
0.2579
0.0000
0.4548
0.2637
0.2561
0.2549
0.2539
0.2529
0.2519
0.2510
0.2500
0.2490
0.2480
0.2469
0.0000
0.4249
0.2518
0.2444
0.2430
0.2419
0.2409
0.2399
0.2388
0.2378
0.2368
0.2357
0.2347
0.0000
0.3956
0.2390
0.2323
0.2308
0.2296
0.2284
0.2273
0.2262
0.2250
0.2239
0.2227
0.2215
0.0000
0.3642
0.2254
0.2188
0.2172
0.2159
0.2146
0.2134
0.2122
0.2110
0.2097
0.2084
0.2071
0.0000
0.3355
0.2103
0.2040
0.2022
0.2007
0.2000
0.2000
0.2000
0.2000
0.2000
0.2000
0.2000
0.0000
0.2987
0.2000
0.2000
0.2000
0.2000
0.2000
0.2000
0.2000
0.2000
0.2000
0.2000
0.2000
0.0000
0.2475
0.2000
0.2000
0.2000
0.2000
0.2000
0.2000
0.2000
0.2000
0.2000
0.2000
0.2000
0.0000
0.2000
0.2000
0.2000
0.2000
0.2000
0.2000
0.2000
0.2000
0.2000
0.2000
0.2000
0.2000
0.0000
0.2000
0.2000
0.2000
0.7672
0.4268
0.4011
0.3923
0.3854
0.3795
0.3741
0.3692
0.3647
0.0000
0.5816
0.3646
0.7895
0.5961
0.5730
0.5631
0.5562
0.5503
0.5455
0.5418
0.5387
0.5363
0.5343
0.5328
1.0000
1.0000
1.0000
1.0000
1.0000
1.0000
1.0000
1.0000
0.9999
1.0000
0.9842
1.0000
0.9737
0.9946
0.9693
0.9681
0.9678
0.9679
0.9923
0.9697
0.9703
1.0000
0.9950
0.9783
0.9833
0.9988
0.9817
0.9829
0.9853
0.9889
1.0000
1.0000
1.0000
1.0000
1.0000
1.0000
1.0000
1.0000
1.0000
1.0000
1.0000
1.0000
1.0000
1.0000
1.0000
1.0000
1.0000
1.0000
1.0000
1.0000
1.0000
1.0000
1.0000
1.0000
1.0000
1.0000
1.0000
1.0000
1.0000
1.0000
1.0000
1.0000
1.0000
1.0000
1.0000
1.0000
1.0000
1.0000
1.0000
1.0000
1.0000
1.0000
1.0000
1.0000
1.0000
1.0000
1.0000
1.0000
1.0000
1.0000
1.0000
1.0000
1.0000
1.0000
1.0000
1.0000
1.0000
1.0000
1.0000
1.0000
1.0000
1.0000
1.0000
1.0000
1.0000
1.0000
1.0000
1.0000
1.0000
1.0000
1.0000
1.0000
1.0000
1.0000
1.0000
1.0000
1.0000
1.0000
1.0000
1.0000
1.0000
1.0000
1.0000
1.0000
1.0000
1.0000
1.0000
1.0000
1.0000
1.0000
1.0000
1.0000
1.0000
1.0000
1.0000
1.0000
1.0000
1.0000
1.0000
1.0000
1.0000
1.0000
1.0000
1.0000
1.0000
1.0000
1.0000
1.0000
1.0000
1.0000
1.0000
1.0000
1.0000
1.0000
1.0000
1.0000
1.0000
1.0000
1.0000
1.0000
1.0000
1.0000
1.0000
1.0000
1.0000
1.0000
1.0000
1.0000
1.0000
1.0000
1.0000
1.0000
1.0000
1.0000
1.0000
1.0000
1.0000
1.0000
1.0000
1.0000
1.0000
1.0000
1.0000
1.0000
1.0000
1.0000
1.0000
1.0000
1.0000
1.0000
0.0000
0.0000
0.0000
0.2000
0.2000
0.2000
0.2000
0.2000
0.2000
0.2000
0.2000
0.2000
0.2000
0.2000
0.2000
0.0000
0.2000
0.2000
0.2000
0.2000
0.2000
0.2000
0.2000
0.2000
1.0000
1.0000
1.0000
1.0000
0.0000
1.0000
1.0000
1.0000
1.0000
1.0000
1.0000
1.0000
1.0000
1.0000
1.0000
1.0000
1.0000
0.0000
1.0000
1.0000
1.0000
1.0000
1.0000
1.0000
1.0000
1.0000
1.0000
1.0000
1.0000
1.0000
0.0000
1.0000
1.0000
1.0000
1.0000
1.0000
1.0000
1.0000
1.0000
1.0000
1.0000
1.0000
1.0000
0.0000
1.0000
1.0000
1.0000
1.0000
1.0000
1.0000
1.0000
1.0000
1.0000
1.0000
1.0000
1.0000
0.0000
1.0000
1.0000
1.0000
1.0000
1.0000
1.0000
1.0000
1.0000
1.0000
1.0000
1.0000
1.0000
0.0000
1.0000
1.0000
1.0000
1.0000
1.0000
1.0000
1.0000
1.0000
1.0000
1.0000
1.0000
1.0000
1.0000
1.0000
0.2000
0.2000
0.2000
0.2000
0.2000
0.2000
0.2000
0.2000
0.2000
0.2000
0.2000
0.2000
0.2000
0.2000
0.2000
0.2000
0.2000
0.2000
0.2000
0.2000
0.2000
0.2000
0.2000
0.2000
0.2000
0.2000
0.2000
0.2000
0.2000
0.2000
0.2000
0.2000
0.2000
0.2000
0.2000
0.2000
0.2000
0.2000
0.2000
0.2000
0.2000
0.2000
0.2000
0.2000
0.2000
0.2000
0.2000
0.2000
0.2000
0.2000
0.2000
0.2000
0.2000
0.2000
0.2000
0.2000
0.2000
0.2000
0.2000
0.2000
0.2000
0.2000
0.2000
0.2000
0.2000
0.2000
0.2000
0.2000
0.2000
0.2000
0.2000
0.2000
0.2000
0.2000
0.2000
0.2000
0.2000
0.2000
0.2000
0.2000
0.2000
0.2000
0.2000
0.2000
0.2000
0.2000
0.2000
0.2000
0.2000
0.2000
0.2000
0.2000
0.2000
0.2000
0.2000
0.2000
0.2000
0.2000
0.2000
0.2000
0.2000
0.2000
0.2000
0.2000
0.2000
0.2000
0.2000
0.2000
0.2000
0.2000
0.2000
0.2000
0.2000
0.2000
0.2000
0.2000
0.2000
0.2000
0.2000
0.2000
0.2000
0.2000
0.2000
0.2000
0.2000
0.2000
0.2000
0.2000
0.2000
0.2000
0.2000
0.2000
0.2000
0.2000
0.2000
0.2000
0.2000
0.2000
0.2000
0.2000
0.2000
0.2000
0.2000
0.2000
0.2000
0.2000
0.2000
0.2000
0.2000
0.2000
0.2000
0.2000
0.2000
0.2000
0.2000
0.2000
0.2000
0.2000
0.2000
0.2000
0.2000
0.2000
0.2000
0.2000
0.2000
0.2000
0.2000
0.2000
0.2000
0.2000
0.2000
0.2000
0.2000
0.2000
0.2000
0.2000
0.2000
0.2000
0.2000
0.2000
1.0000
1.0000
1.0000
1.0000
1.0000
1.0000
1.0000
1.0000
1.0000
1.0000
1.0000
1.0000
0.0000
1.0000
1.0000
1.0000
1.0000
1.0000
1.0000
1.0000
1.0000
1.0000
1.0000
1.0000
1.0000
0.0000
1.0000
1.0000
1.0000
1.0000
1.0000
1.0000
1.0000
1.0000
1.0000
1.0000
1.0000
1.0000
0.0000
1.0000
1.0000
1.0000
1.0000
1.0000
1.0000
1.0000
1.0000
1.0000
1.0000
1.0000
1.0000
0.0000
1.0000
1.0000
1.0000
1.0000
1.0000
1.0000
1.0000
1.0000
1.0000
1.0000
1.0000
1.0000
0.0000
1.0000
1.0000
1.0000
1.0000
1.0000
1.0000
1.0000
1.0000
1.0000
1.0000
1.0000
1.0000
0.0000
1.0000
1.0000
1.0000
1.0000
1.0000
1.0000
1.0000
1.0000
1.0000
1.0000
1.0000
1.0000
0.0000
1.0000
1.0000
1.0000
1.0000
1.0000
1.0000
1.0000
1.0000
1.0000
1.0000
1.0000
1.0000
1.0000
1.0000
1.0000
1.0000
1.0000
0.2000
0.2000
0.2000
0.2000
0.2000
0.2000
0.2000
0.2000
0.2000
0.2000
0.2000
0.2000
0.2000
0.2000
0.2000
0.2000
0.2000
0.2000
0.2000
0.2000
0.2000
0.2000
0.2000
0.2000
0.2000
0.2000
0.2000
0.2000
0.2000
0.2000
0.2000
0.2000
0.2000
0.2000
0.2000
0.2000
0.2000
0.2000
0.2000
0.2000
0.2000
0.2000
0.2000
0.2000
0.2000
0.2000
0.2000
0.2000
0.2000
0.2000
0.2000
0.2000
0.2000
0.2000
0.2000
0.2000
0.2000
0.2000
0.2000
0.2000
0.2000
0.2000
0.2000
0.2000
0.2000
0.2000
0.2000
0.2000
0.2000
0.2000
0.2000
0.2000
0.2000
0.2000
0.2000
0.2000
0.2000
0.2000
0.2000
0.2000
0.2000
0.2000
0.2000
0.2000
0.2000
0.2000
0.2000
0.2000
0.2000
0.2000
0.2000
0.2000
0.2000
0.2000
0.2000
0.2000
0.2000
0.2000
0.2000
0.2000
0.2000
0.2000
0.2000
0.2000
0.2000
0.2000
0.2000
0.2000
0.2000
0.2000
0.2000
0.2000
0.2000
0.2000
0.2000
0.2000
0.2000
0.2000
0.2000
0.2000
0.2000
0.2000
0.2000
0.2000
0.2000
0.2000
0.2000
0.2000
0.2000
0.2000
0.2000
0.2000
0.2000
0.2000
0.2000
0.2000
0.2000
0.2000
0.2000
0.2000
0.2000
0.2000
0.2000
0.2000
0.2000
0.2000
0.2000
0.2000
0.2000
0.2000
0.2000
0.2000
0.2000
0.2000
0.2000
0.2000
0.2000
0.2000
0.2000
0.2000
0.2000
0.2000
0.2000
0.2000
0.2000
0.2000
0.2000
0.2000
0.2000
0.2000
0.2000
0.2000
0.2000
0.2000
0.2000
0.2000
0.2000
0.2000
0.2000
0.2000
1.0000
1.0000
1.0000
1.0000
1.0000
1.0000
1.0000
1.0000
1.0000
1.0000
1.0000
1.0000
0.0000
1.0000
1.0000
1.0000
1.0000
1.0000
1.0000
1.0000
1.0000
1.0000
1.0000
1.0000
0.2000
0.0000
0.6339
0.4561
0.4442
0.4393
0.4350
0.4311
0.4276
0.4244
0.4215
0.4188
0.4163
0.4139
0.0000
0.6331
0.4219
0.4108
0.4080
0.4059
0.4041
0.4024
0.4007
0.3990
0.3974
0.3958
0.3941
0.0000
0.6059
0.4022
0.3919
0.3893
0.3873
0.3853
0.3835
0.3816
0.3796
0.3777
0.3757
0.3736
0.0000
0.5747
0.3793
0.3692
0.3661
0.3637
0.3614
0.3591
0.3569
0.3546
0.3523
0.3500
0.3477
0.0000
0.5466
0.3516
0.3417
0.3386
0.3361
0.3337
1.0000
0.8363
0.7637
0.7416
0.7251
0.7109
0.0000
0.9611
0.7079
0.6783
0.6664
0.6565
1.0000
1.0000
0.9476
0.9215
0.9053
0.8920
0.8804
0.8702
0.8611
0.8530
0.8458
0.8394
1.0000
1.0000
1.0000
1.0000
1.0000
1.0000
1.0000
1.0000
1.0000
1.0000
1.0000
1.0000
1.0000
1.0000
1.0000
1.0000
1.0000
1.0000
1.0000
1.0000
1.0000
1.0000
1.0000
1.0000
1.0000
1.0000
1.0000
1.0000
1.0000
1.0000
1.0000
1.0000
1.0000
1.0000
1.0000
1.0000
1.0000
1.0000
1.0000
1.0000
1.0000
1.0000
1.0000
1.0000
1.0000
1.0000
1.0000
1.0000
1.0000
1.0000
1.0000
1.0000
1.0000
1.0000
1.0000
1.0000
1.0000
1.0000
1.0000
1.0000
1.0000
1.0000
1.0000
1.0000
1.0000
1.0000
1.0000
1.0000
1.0000
1.0000
1.0000
1.0000
1.0000
1.0000
1.0000
1.0000
1.0000
1.0000
1.0000
1.0000
1.0000
1.0000
1.0000
1.0000
1.0000
1.0000
1.0000
1.0000
1.0000
1.0000
1.0000
1.0000
1.0000
1.0000
1.0000
1.0000
1.0000
1.0000
1.0000
1.0000
1.0000
1.0000
1.0000
1.0000
1.0000
1.0000
1.0000
1.0000
1.0000
1.0000
1.0000
1.0000
1.0000
1.0000
1.0000
1.0000
1.0000
1.0000
1.0000
1.0000
1.0000
1.0000
1.0000
1.0000
1.0000
1.0000
1.0000
1.0000
1.0000
1.0000
1.0000
1.0000
1.0000
1.0000
1.0000
1.0000
1.0000
1.0000
1.0000
1.0000
1.0000
1.0000
1.0000
1.0000
1.0000
1.0000
1.0000
1.0000
1.0000
1.0000
1.0000
1.0000
1.0000
1.0000
1.0000
1.0000
1.0000
1.0000
1.0000
1.0000
1.0000
1.0000
1.0000
1.0000
1.0000
1.0000
1.0000
1.0000
1.0000
1.0000
1.0000
1.0000
1.0000
1.0000
1.0000
1.0000
1.0000
1.0000
1.0000
1.0000
0.0000
0.0000
0.2000
0.2000
0.2000
0.2000
0.2000
0.2000
0.2000
0.2000
0.2000
0.2000
0.2000
0.2000
0.0000
0.2000
0.2000
0.2000
0.2000
0.2000
0.2000
0.2000
0.2000
0.2000
0.2000
0.2000
0.2000
0.0000
0.2541
0.2000
0.2000
0.2000
0.2000
0.2000
0.2000
0.2000
0.2000
0.2000
0.2000
0.2000
0.0000
0.3075
0.2000
0.2000
0.2000
0.2000
0.2000
0.2000
0.2000
0.2000
0.2000
0.2000
0.2000
0.0000
0.2897
0.2000
0.2000
0.2000
0.2000
0.2000
0.2000
0.2000
0.2000
0.2000
0.2000
0.2000
0.0000
0.2589
0.2000
0.2000
0.2000
0.2000
0.2000
0.2000
0.2000
0.2000
0.2000
0.2000
0.2000
0.0000
0.2247
0.2000
0.2000
0.2000
0.8448
0.4758
0.4465
0.4370
0.4296
0.4233
0.4177
0.4127
0.0000
0.6234
0.4134
0.4008
0.8491
0.6610
0.6371
0.6265
0.6186
0.6125
0.6074
0.6031
0.5998
0.5972
0.5951
0.5935
1.0000
1.0000
1.0000
1.0000
1.0000
1.0000
1.0000
1.0000
1.0000
1.0000
1.0000
1.0000
1.0000
1.0000
1.0000
1.0000
1.0000
1.0000
1.0000
1.0000
1.0000
1.0000
1.0000
1.0000
1.0000
1.0000
1.0000
1.0000
1.0000
1.0000
1.0000
1.0000
1.0000
1.0000
1.0000
1.0000
1.0000
1.0000
1.0000
1.0000
1.0000
1.0000
1.0000
1.0000
1.0000
1.0000
1.0000
1.0000
1.0000
1.0000
1.0000
1.0000
1.0000
1.0000
1.0000
1.0000
1.0000
1.0000
1.0000
1.0000
1.0000
1.0000
1.0000
1.0000
1.0000
1.0000
1.0000
1.0000
1.0000
1.0000
1.0000
1.0000
1.0000
1.0000
1.0000
1.0000
1.0000
1.0000
1.0000
1.0000
1.0000
1.0000
1.0000
1.0000
1.0000
1.0000
1.0000
1.0000
1.0000
1.0000
1.0000
1.0000
1.0000
1.0000
1.0000
1.0000
1.0000
1.0000
1.0000
1.0000
1.0000
1.0000
1.0000
1.0000
1.0000
1.0000
1.0000
1.0000
1.0000
1.0000
1.0000
1.0000
1.0000
1.0000
1.0000
1.0000
1.0000
1.0000
1.0000
1.0000
1.0000
1.0000
1.0000
1.0000
1.0000
1.0000
1.0000
1.0000
1.0000
1.0000
1.0000
1.0000
1.0000
1.0000
1.0000
1.0000
1.0000
1.0000
1.0000
1.0000
1.0000
1.0000
1.0000
1.0000
1.0000
1.0000
1.0000
1.0000
1.0000
1.0000
1.0000
1.0000
1.0000
1.0000
1.0000
1.0000
1.0000
1.0000
1.0000
1.0000
1.0000
1.0000
1.0000
1.0000
1.0000
1.0000
1.0000
1.0000
1.0000
1.0000
1.0000
1.0000
1.0000
1.0000
1.0000
1.0000
1.0000
1.0000
1.0000
1.0000
1.0000
1.0000
1.0000
1.0000
1.0000
1.0000
1.0000
1.0000
1.0000
1.0000
1.0000
1.0000
0.0000
1.0000
1.0000
1.0000
1.0000
1.0000
1.0000
1.0000
1.0000
1.0000
1.0000
1.0000
1.0000
0.0000
1.0000
1.0000
1.0000
1.0000
1.0000
1.0000
1.0000
1.0000
1.0000
1.0000
1.0000
1.0000
0.0000
1.0000
1.0000
1.0000
1.0000
1.0000
1.0000
1.0000
1.0000
1.0000
1.0000
1.0000
1.0000
0.0000
1.0000
1.0000
1.0000
1.0000
1.0000
1.0000
1.0000
1.0000
1.0000
1.0000
1.0000
1.0000
0.0000
1.0000
1.0000
1.0000
1.0000
1.0000
1.0000
1.0000
1.0000
1.0000
1.0000
1.0000
1.0000
0.0000
1.0000
1.0000
1.0000
1.0000
1.0000
1.0000
1.0000
1.0000
1.0000
1.0000
1.0000
1.0000
0.0000
1.0000
1.0000
1.0000
1.0000
1.0000
1.0000
1.0000
1.0000
1.0000
1.0000
1.0000
1.0000
1.0000
1.0000
1.0000
1.0000
1.0000
1.0000
1.0000
1.0000
1.0000
1.0000
1.0000
1.0000
1.0000
1.0000
1.0000
1.0000
1.0000
1.0000
1.0000
1.0000
1.0000
1.0000
1.0000
1.0000
1.0000
1.0000
1.0000
1.0000
1.0000
1.0000
1.0000
1.0000
1.0000
1.0000
1.0000
1.0000
1.0000
1.0000
1.0000
1.0000
1.0000
1.0000
1.0000
1.0000
1.0000
1.0000
1.0000
1.0000
1.0000
1.0000
1.0000
1.0000
1.0000
1.0000
1.0000
1.0000
1.0000
1.0000
1.0000
1.0000
1.0000
1.0000
1.0000
1.0000
1.0000
1.0000
1.0000
1.0000
1.0000
1.0000
1.0000
1.0000
1.0000
1.0000
1.0000
1.0000
1.0000
1.0000
1.0000
1.0000
1.0000
1.0000
1.0000
1.0000
1.0000
1.0000
1.0000
1.0000
1.0000
1.0000
1.0000
1.0000
1.0000
1.0000
1.0000
1.0000
1.0000
1.0000
1.0000
1.0000
1.0000
1.0000
1.0000
1.0000
1.0000
1.0000
1.0000
1.0000
1.0000
1.0000
1.0000
1.0000
1.0000
1.0000
1.0000
1.0000
1.0000
1.0000
1.0000
1.0000
1.0000
1.0000
1.0000
1.0000
1.0000
1.0000
1.0000
1.0000
1.0000
1.0000
1.0000
1.0000
1.0000
1.0000
1.0000
1.0000
1.0000
0.0000
1.0000
1.0000
1.0000
1.0000
1.0000
1.0000
1.0000
1.0000
1.0000
1.0000
1.0000
1.0000
0.0000
1.0000
1.0000
1.0000
1.0000
1.0000
1.0000
1.0000
1.0000
1.0000
1.0000
1.0000
1.0000
0.0000
1.0000
1.0000
1.0000
1.0000
1.0000
1.0000
1.0000
1.0000
1.0000
1.0000
1.0000
1.0000
0.0000
1.0000
1.0000
1.0000
1.0000
1.0000
1.0000
1.0000
1.0000
1.0000
1.0000
1.0000
1.0000
0.0000
1.0000
1.0000
1.0000
1.0000
1.0000
1.0000
1.0000
1.0000
1.0000
1.0000
1.0000
1.0000
0.0000
1.0000
1.0000
1.0000
1.0000
1.0000
1.0000
1.0000
1.0000
1.0000
1.0000
1.0000
1.0000
0.0000
1.0000
1.0000
1.0000
1.0000
1.0000
1.0000
1.0000
1.0000
1.0000
1.0000
1.0000
1.0000
0.0000
1.0000
1.0000
1.0000
1.0000
1.0000
1.0000
1.0000
1.0000
1.0000
1.0000
1.0000
1.0000
0.0000
1.0000
1.0000
1.0000
1.0000
1.0000
1.0000
1.0000
1.0000
1.0000
1.0000
1.0000
1.0000
0.0000
1.0000
1.0000
1.0000
1.0000
1.0000
1.0000
1.0000
1.0000
1.0000
1.0000
1.0000
1.0000
0.0000
1.0000
1.0000
1.0000
1.0000
1.0000
1.0000
1.0000
1.0000
1.0000
1.0000
1.0000
1.0000
0.0000
1.0000
1.0000
1.0000
1.0000
1.0000
1.0000
1.0000
1.0000
1.0000
1.0000
1.0000
1.0000
0.0000
1.0000
1.0000
1.0000
1.0000
1.0000
1.0000
1.0000
1.0000
1.0000
1.0000
1.0000
1.0000
0.0000
1.0000
1.0000
1.0000
1.0000
1.0000
1.0000
1.0000
1.0000
1.0000
1.0000
1.0000
1.0000
0.0000
1.0000
1.0000
1.0000
1.0000
1.0000
1.0000
1.0000
1.0000
1.0000
1.0000
1.0000
1.0000
0.0000
1.0000
1.0000
1.0000
1.0000
1.0000
1.0000
1.0000
1.0000
1.0000
1.0000
1.0000
1.0000
0.0000
1.0000
1.0000
1.0000
1.0000
1.0000
1.0000
1.0000
1.0000
1.0000
1.0000
1.0000
1.0000
0.0000
1.0000
1.0000
1.0000
1.0000
1.0000
1.0000
1.0000
1.0000
1.0000
1.0000
1.0000
1.0000
0.0000
1.0000
1.0000
1.0000
1.0000
1.0000
1.0000
1.0000
1.0000
1.0000
1.0000
1.0000
1.0000
0.0000
1.0000
1.0000
1.0000
1.0000
1.0000
1.0000
1.0000
1.0000
1.0000
1.0000
1.0000
1.0000
0.0000
1.0000
1.0000
1.0000
1.0000
1.0000
1.0000
1.0000
1.0000
1.0000
1.0000
1.0000
1.0000
0.0000
1.0000
1.0000
1.0000
1.0000
1.0000
1.0000
1.0000
1.0000
1.0000
1.0000
1.0000
1.0000
0.0000
1.0000
1.0000
1.0000
1.0000
1.0000
1.0000
1.0000
1.0000
1.0000
1.0000
1.0000
1.0000
0.0000
1.0000
1.0000
1.0000
1.0000
1.0000
1.0000
1.0000
1.0000
1.0000
1.0000
1.0000
1.0000
0.0000
1.0000
1.0000
1.0000
1.0000
1.0000
1.0000
1.0000
1.0000
1.0000
1.0000
1.0000
1.0000
0.0000
1.0000
1.0000
1.0000
1.0000
1.0000
1.0000
1.0000
1.0000
1.0000
1.0000
1.0000
1.0000
0.0000
1.0000
1.0000
1.0000
1.0000
1.0000
1.0000
1.0000
1.0000
1.0000
1.0000
1.0000
1.0000
0.0000
1.0000
1.0000
1.0000
1.0000
1.0000
1.0000
1.0000
1.0000
1.0000
1.0000
1.0000
1.0000
0.0000
1.0000
1.0000
1.0000
1.0000
1.0000
1.0000
1.0000
1.0000
1.0000
1.0000
1.0000
1.0000
0.0000
1.0000
1.0000
1.0000
1.0000
1.0000
1.0000
1.0000
1.0000
1.0000
1.0000
1.0000
1.0000
0.0000
1.0000
1.0000
1.0000
1.0000
1.0000
1.0000
1.0000
1.0000
1.0000
1.0000
1.0000
1.0000
0.0000
1.0000
1.0000
1.0000
1.0000
1.0000
1.0000
1.0000
1.0000
1.0000
1.0000
1.0000
1.0000
0.0000
1.0000
1.0000
1.0000
0.2000
0.2000
0.2000
0.2000
0.2000
0.2000
0.2000
0.2000
0.2000
0.0000
0.2000
0.2000
0.5702
0.3237
0.3170
0.3189
0.3218
0.3252
0.3288
0.3325
0.3361
0.3397
0.3431
0.3463
1.0000
0.8877
0.8066
0.7905
0.7904
0.8026
0.7720
0.7684
0.7646
0.7623
0.7625
0.7631
0.7650
0.7675
0.7696
0.7729
0.7764
0.7802
0.7844
0.7885
0.7928
0.8448
0.8733
0.8791
0.9090
0.8422
0.8228
0.8248
0.8287
0.8325
0.8602
0.8879
0.8455
0.8484
0.9236
0.9034
0.8839
0.9115
0.8916
0.8719
0.8741
0.8764
1.0000
1.0000
0.8946
0.8905
0.8911
0.8917
0.8919
0.8919
0.8919
0.8979
0.8921
0.8920
0.8930
0.8928
0.9164
0.8964
0.8975
0.9001
0.9016
0.9044
0.9063
0.9049
0.9144
0.9167
0.9186
0.9201
0.9234
0.9221
0.9285
0.9245
0.9259
0.9271
0.9508
0.9293
0.9304
0.9323
0.9347
0.9373
0.9402
0.9433
0.9465
0.9977
0.9550
1.0000
0.9847
0.9683
0.9683
0.9694
0.9702
0.9707
0.9710
0.9710
0.9739
0.9759
1.0000
1.0000
0.9848
0.9773
1.0000
1.0000
1.0000
1.0000
1.0000
1.0000
1.0000
1.0000
1.0000
1.0000
1.0000
1.0000
1.0000
1.0000
1.0000
1.0000
1.0000
1.0000
1.0000
1.0000
1.0000
1.0000
1.0000
1.0000
1.0000
1.0000
1.0000
1.0000
1.0000
1.0000
1.0000
1.0000
1.0000
1.0000
1.0000
1.0000
1.0000
1.0000
1.0000
1.0000
1.0000
1.0000
1.0000
1.0000
0.9985
0.9880
0.9803
0.9763
0.9702
0.9616
0.9542
0.9430
0.9437
0.9635
0.9389
0.9317
0.9502
0.9277
0.9257
0.9201
0.9214
0.9188
0.9163
0.9151
0.9107
0.9130
0.9051
0.9045
0.9009
0.9239
0.8986
0.8975
0.8942
0.8961
0.8956
0.8950
0.8943
0.8935
0.8926
0.8918
0.0000
0.0000
0.0000
0.2000
0.2000
0.2000
0.2000
0.2000
0.2000
0.2000
0.2000
0.2000
0.2000
0.2000
0.2000
0.0000
0.2000
0.2000
0.2000
0.2000
0.2000
0.2000
0.2000
