24.4161
24.4215
24.4258
24.4304
24.4351
24.8098
24.6660
24.5797
24.5341
24.5110
24.4998
24.4950
24.4937
24.4942
24.4958
24.4977
24.5000
24.5022
24.8772
24.7296
24.6401
24.5917
24.5659
24.5521
24.5447
24.5407
24.5385
24.5373
24.5365
24.5359
24.5355
24.9092
24.7586
24.6657
24.6145
24.5860
24.5696
24.5596
24.5532
24.5486
24.5451
24.5422
24.5395
24.5370
24.9090
24.7567
24.6618
24.6088
24.5785
24.5605
24.5489
24.5410
24.5350
24.5302
24.5259
24.5220
24.5184
24.8889
24.7359
24.6400
24.5860
24.5534
24.5339
24.5227
24.5142
24.5072
24.5011
24.4953
24.4895
24.4838
24.8509
24.6946
24.5970
24.5419
24.5071
24.4866
24.4725
24.4618
24.4531
24.4452
24.4376
24.4303
24.4232
24.4163
24.4095
24.0174
24.0020
24.0015
24.0014
24.0012
24.0028
24.0031
24.0032
24.0449
24.0736
24.0950
24.1096
24.1231
24.1339
24.1433
24.1518
24.1594
24.1665
24.1731
24.1794
24.1853
24.1909
24.0699
24.0093
24.0044
24.0041
24.0042
24.1159
24.1649
24.1860
24.1993
24.2082
24.2171
24.2236
24.2297
24.0237
24.0061
24.0045
24.0143
24.1470
24.1987
24.2238
24.0213
24.0024
24.0015
24.0013
24.0012
24.0011
24.0010
24.0009
24.0009
24.0020
24.0022
24.0026
24.0788
24.1175
24.1402
24.1611
24.1763
24.1890
24.0761
24.0372
24.0069
24.0018
24.0014
24.0013
24.0012
24.0011
24.0011
24.0010
24.0010
24.0009
24.0021
24.0026
24.0029
24.0799
24.1213
24.1491
24.1705
24.1882
24.2038
24.2179
24.2308
24.2427
24.0249
24.0027
24.0016
24.0014
24.0013
24.0012
24.0011
24.0010
24.0009
24.0009
24.0008
24.0020
24.0023
24.0027
24.0895
24.1392
24.1698
24.0662
24.0089
24.0041
24.1412
24.4511
24.0840
24.0100
24.0044
24.0038
24.0431
24.1830
24.2442
24.2740
24.2940
24.3072
24.3180
24.3267
24.2120
24.1708
24.0176
24.0024
24.0016
24.0014
24.0013
24.0012
24.0011
24.0010
24.0010
24.0009
24.0008
24.0008
24.0007
24.0007
24.0007
24.0006
24.0006
24.0006
24.0006
24.0006
24.0006
24.0005
24.0005
24.0005
24.0005
24.0005
24.0005
24.0004
24.0004
24.0003
24.0004
24.0003
24.0003
24.0003
24.0004
24.0004
24.0004
24.0005
24.0004
24.0004
24.0005
24.0005
24.0005
24.0004
24.0002
24.0002
24.0002
24.0001
24.0001
24.0001
24.0001
24.0001
24.0001
24.0001
24.0001
24.0001
24.0001
24.0001
24.0001
24.0001
24.4321
24.6918
24.8687
24.6047
24.4387
24.3458
24.2947
24.2668
24.2523
24.2453
24.2430
24.2435
24.2460
24.2495
24.2535
24.6228
24.4815
24.3989
24.3555
24.3344
24.3251
24.3225
24.3232
24.3260
24.3310
24.3349
24.3391
24.3435
24.7152
24.5733
24.4869
24.4414
24.4183
24.4071
24.4022
24.4009
24.4014
24.4029
24.4050
24.4073
24.4097
24.7818
24.6366
24.5475
24.4996
24.4741
24.4606
24.4534
24.4497
24.4479
24.4470
24.4467
24.4466
24.4466
24.8180
24.6699
24.5781
24.5278
24.5000
24.4844
24.4752
24.4696
24.4658
24.4632
24.4612
24.4594
24.4579
24.8288
24.6788
24.5854
24.5338
24.5048
24.4880
24.4777
24.4711
24.4665
24.4629
24.4601
24.4576
24.4554
24.8258
24.6751
24.5810
24.5288
24.4995
24.4797
24.4699
24.4633
24.4583
24.4540
24.4501
24.4463
24.4424
24.8107
24.6585
24.5603
24.5100
24.4768
24.4583
24.4463
24.4377
24.4309
24.4249
24.4194
24.4140
24.4088
24.4037
24.3987
24.0170
24.0022
24.0017
24.0016
24.0014
24.0013
24.0033
24.0037
24.0041
24.0043
24.0536
24.0821
24.1028
24.1181
24.1306
24.1414
24.1511
24.1600
24.1681
24.1756
24.1827
24.1887
24.1953
24.2004
24.0214
24.0027
24.0043
24.1052
24.1514
24.1769
24.1930
24.2039
24.2149
24.2232
24.1060
24.0601
24.0404
24.0074
24.0046
24.0042
24.1437
24.2020
24.0208
24.0023
24.0014
24.0013
24.0011
24.0010
24.0009
24.0009
24.0008
24.0008
24.0019
24.0021
24.0025
24.0811
24.1213
24.1513
24.0471
24.0072
24.0036
24.0014
24.0012
24.0010
24.0009
24.0009
24.0008
24.0008
24.0007
24.0007
24.0018
24.0019
24.0020
24.0747
24.1245
24.1567
24.1827
24.2022
24.2194
24.2353
24.2502
24.2640
24.2770
24.2876
24.0273
24.0028
24.0016
24.0014
24.0013
24.0012
24.0011
24.0010
24.0009
24.0009
24.0008
24.0020
24.0025
24.1130
24.1702
24.2071
24.2340
24.0218
24.0052
24.2958
24.4194
24.4816
24.2728
24.1988
24.0472
24.0075
24.0043
24.0952
24.2557
24.3264
24.3586
24.3791
24.3943
24.4071
24.4184
24.1834
24.0194
24.0027
24.0018
24.0016
24.0014
24.0013
24.0012
24.0011
24.0010
24.0010
24.0009
24.0008
24.0008
24.0007
24.0006
24.0006
24.0006
24.0006
24.0006
24.0005
24.0005
24.0004
24.0004
24.0004
24.0004
24.0004
24.0003
24.0003
24.0004
24.0004
24.0004
24.0004
24.0003
24.0003
24.0003
24.0003
24.0003
24.0003
24.0002
24.0003
24.0003
24.0003
24.0003
24.0003
24.0002
24.0002
24.0002
24.0002
24.0002
24.0002
24.0002
24.0002
24.0002
24.0002
24.0002
24.0002
24.0002
24.0002
24.0002
24.0002
24.4951
24.7871
24.9835
24.7312
24.5757
24.4906
24.4453
24.4224
24.4120
24.4087
24.4100
24.4140
24.4198
24.4259
24.4334
24.8107
24.6688
24.5882
24.5472
24.5285
24.5218
24.5216
24.5250
24.5299
24.5371
24.5431
24.5494
24.5558
24.9359
24.7908
24.7065
24.6625
24.6411
24.6318
24.6289
24.6295
24.6319
24.6353
24.6393
24.6434
24.6476
25.0288
24.8796
24.7921
24.7453
24.7214
24.7095
24.7040
24.7021
24.7019
24.7028
24.7041
24.7057
24.7073
25.0881
24.9355
24.8450
24.7955
24.7690
24.7547
24.7469
24.7427
24.7404
24.7391
24.7384
24.7380
24.7378
25.1179
24.9630
24.8705
24.8192
24.7910
24.7751
24.7658
24.7601
24.7564
24.7537
24.7517
24.7500
24.7486
25.1281
24.9719
24.8781
24.8256
24.7958
24.7766
24.7676
24.7615
24.7568
24.7526
24.7486
24.7445
24.7404
25.1166
24.9577
24.8584
24.8059
24.7721
24.7527
24.7399
24.7304
24.7224
24.7145
24.7079
24.7013
24.6947
24.6880
24.6814
24.0366
24.0034
24.0020
24.0019
24.0033
24.0034
24.0033
24.0295
24.0506
24.0642
24.1983
24.2552
24.2854
24.3032
24.3161
24.3263
24.3346
24.3418
24.3484
24.3544
24.3599
24.3648
24.3670
24.2474
24.0135
24.0056
24.2065
24.2844
24.3206
24.3411
24.3539
24.3624
24.3718
24.3782
24.3842
24.3879
24.1463
24.0161
24.0026
24.0037
24.0830
24.0105
24.0040
24.0015
24.0012
24.0011
24.0010
24.0009
24.0008
24.0008
24.0007
24.0015
24.0018
24.0020
24.0144
24.1550
24.2165
24.2547
24.1550
24.0154
24.0042
24.0031
24.0014
24.0011
24.0010
24.0009
24.0009
24.0018
24.0019
24.0019
24.0020
24.0020
24.0020
24.0022
24.0451
24.0713
24.2115
24.2733
24.3072
24.3298
24.3472
24.3619
24.3749
24.3866
24.2761
24.0149
24.0024
24.0017
24.0015
24.0014
24.0012
24.0011
24.0010
24.0010
24.0009
24.0019
24.0317
24.1680
24.2381
24.2801
24.3095
24.5798
24.3282
24.1209
24.0137
24.2478
24.4618
24.4314
24.3065
24.2666
24.1314
24.0146
24.1583
24.2091
24.3573
24.4184
24.4502
24.4692
24.4839
24.4965
24.3844
24.2239
24.1618
24.1280
24.0078
24.0019
24.0015
24.0014
24.0013
24.0011
24.0010
24.0009
24.0009
24.0008
24.0007
24.0007
24.0007
24.0006
24.0006
24.0006
24.0005
24.0005
24.0004
24.0004
24.0004
24.0004
24.0004
24.0003
24.0004
24.0004
24.0004
24.0004
24.0003
24.0003
24.0003
24.0003
24.0003
24.0003
24.0003
24.0003
24.0003
24.0003
24.0003
24.0003
24.0003
24.0002
24.0002
24.0002
24.0002
24.0002
24.0002
24.0002
24.0002
24.0002
24.0002
24.0002
24.0002
24.0002
24.0002
24.0002
24.5239
24.8301
25.0346
24.7853
24.6344
24.5520
24.5091
24.4878
24.4789
24.4768
24.4791
24.4840
24.4910
24.4979
24.5058
24.8866
24.7448
24.6635
24.6232
24.6053
24.5995
24.6003
24.6047
24.6113
24.6187
24.6258
24.6331
24.6406
25.0242
24.8780
24.7943
24.7509
24.7303
24.7217
24.7197
24.7210
24.7242
24.7284
24.7330
24.7379
24.7428
25.1274
24.9768
24.8896
24.8432
24.8197
24.8084
24.8035
24.8020
24.8023
24.8036
24.8053
24.8072
24.8092
25.1933
25.0387
24.9481
24.8986
24.8721
24.8579
24.8503
24.8461
24.8439
24.8426
24.8419
24.8414
24.8410
25.2241
25.0670
24.9739
24.9221
24.8935
24.8774
24.8678
24.8618
24.8578
24.8548
24.8524
24.8503
24.8484
25.2304
25.0718
24.9770
24.9236
24.8936
24.8738
24.8638
24.8571
24.8518
24.8469
24.8421
24.8372
24.8322
25.2101
25.0489
24.9473
24.8940
24.8588
24.8382
24.8241
24.8133
24.8042
24.7960
24.7882
24.7806
24.7731
24.7657
24.7584
24.0432
24.0034
24.0018
24.0016
24.0036
24.0039
24.0039
24.0039
24.0039
24.1976
24.2786
24.3186
24.3422
24.3579
24.3699
24.3798
24.3884
24.3961
24.4029
24.4091
24.4150
24.4204
24.3032
24.0301
24.0064
24.2550
24.3491
24.3901
24.4106
24.4223
24.4314
24.4384
24.4464
24.4522
24.4574
24.0957
24.0064
24.0045
24.1306
24.3051
24.3761
24.4101
24.1849
24.0103
24.0021
24.0015
24.0014
24.0012
24.0011
24.0010
24.0009
24.0009
24.0018
24.0022
24.0024
24.1788
24.2553
24.3005
24.3282
24.2268
24.0706
24.0132
24.0042
24.0016
24.0013
24.0012
24.0011
24.0010
24.0010
24.0010
24.0020
24.0020
24.0020
24.0020
24.0587
24.2158
24.2876
24.3273
24.3542
24.3750
24.3925
24.4079
24.4219
24.3114
24.2749
24.0151
24.0024
24.0017
24.0015
24.0013
24.0012
24.0011
24.0010
24.0009
24.0009
24.0019
24.0022
24.1854
24.2663
24.3161
24.3491
24.2503
24.0241
24.2617
24.7273
24.7939
24.7168
24.5806
24.2929
24.3083
24.3139
24.1908
24.2681
24.2986
24.4343
24.4894
24.5178
24.4137
24.3779
24.3667
24.2413
24.0691
24.0092
24.0039
24.0030
24.0015
24.0013
24.0011
24.0010
24.0009
24.0009
24.0008
24.0007
24.0007
24.0006
24.0006
24.0006
24.0005
24.0005
24.0005
24.0004
24.0004
24.0004
24.0004
24.0004
24.0003
24.0003
24.0003
24.0003
24.0003
24.0004
24.0004
24.0003
24.0003
24.0003
24.0003
24.0003
24.0003
24.0003
24.0004
24.0004
24.0004
24.0004
24.0002
24.0002
24.0002
24.0002
24.0002
24.0002
24.0002
24.0002
24.0002
24.0002
24.0002
24.0002
24.0002
24.0002
24.0002
24.0002
24.0002
24.5381
24.8512
25.0599
24.8137
24.6639
24.5828
24.5406
24.5199
24.5113
24.5096
24.5122
24.5174
24.5241
24.5310
24.5395
24.9212
24.7791
24.6972
24.6568
24.6387
24.6325
24.6329
24.6366
24.6427
24.6496
24.6561
24.6628
24.6697
25.0534
24.9063
24.8218
24.7778
24.7565
24.7473
24.7446
24.7453
24.7479
24.7513
24.7553
24.7595
24.7636
25.1481
24.9964
24.9084
24.8611
24.8369
24.8247
24.8190
24.8168
24.8163
24.8168
24.8178
24.8189
24.8201
25.2038
25.0483
24.9568
24.9065
24.8794
24.8645
24.8562
24.8514
24.8485
24.8466
24.8453
24.8443
24.8434
25.2260
25.0682
24.9745
24.9222
24.8932
24.8766
24.8666
24.8603
24.8558
24.8525
24.8498
24.8474
24.8452
25.2269
25.0680
24.9730
24.9196
24.8896
24.8696
24.8596
24.8529
24.8475
24.8425
24.8376
24.8326
24.8275
25.2052
25.0445
24.9433
24.8915
24.8567
24.8369
24.8235
24.8135
24.8051
24.7977
24.7905
24.7834
24.7765
24.7696
24.7628
24.0431
24.0031
24.0014
24.0012
24.0011
24.0011
24.0010
24.0009
24.0009
24.0008
24.0008
24.0007
24.0007
24.0007
24.0006
24.0006
24.0006
24.0006
24.0005
24.0005
24.0005
24.0005
24.0005
24.0005
24.0004
24.0004
24.0004
24.0004
24.0004
24.0004
24.0004
24.0004
24.0004
24.0004
24.0004
24.0004
24.0004
24.0004
24.0004
24.0004
24.0004
24.0004
24.0004
24.0003
24.0003
24.0003
24.0003
24.0003
24.0003
24.0003
24.0003
24.0003
24.0003
24.0003
24.0003
24.0003
24.0003
24.0003
24.0003
24.0003
24.0003
24.0002
24.0002
24.0002
24.0002
24.0002
24.0002
24.0002
24.0002
24.0002
24.0002
24.0002
24.0002
24.0002
24.0002
24.0002
24.0002
24.0002
24.0002
24.0002
24.0002
24.0002
24.0002
24.0002
24.0002
24.0002
24.0002
24.0002
24.0002
24.0002
24.0002
24.0002
24.0002
24.0002
24.0002
24.0002
24.0002
24.0002
24.0002
24.0002
24.0002
24.0002
24.0002
24.0002
24.0002
24.0002
24.0002
24.0002
24.0002
24.0002
24.0002
24.0002
24.0002
24.0002
24.0002
24.0002
24.0003
24.0003
24.0003
24.0003
24.1036
24.1618
24.1959
24.2175
24.2327
24.2447
24.2553
24.2655
24.2756
24.2860
24.2968
24.3079
24.6849
24.5507
24.4721
24.4348
24.4200
24.4171
24.4208
24.4280
24.4371
24.4472
24.4578
24.4687
24.4797
24.8615
24.7224
24.6422
24.6027
24.5856
24.5804
24.5814
24.5857
24.5917
24.5986
24.6059
24.6133
24.6207
25.0038
24.8580
24.7736
24.7300
24.7090
24.7000
24.6973
24.6981
24.7007
24.7041
24.7081
24.7122
24.7163
25.0996
24.9490
24.8609
24.8139
24.7898
24.7779
24.7725
24.7706
24.7705
24.7714
24.7729
24.7746
24.7765
25.1596
25.0058
24.9152
24.8660
24.8398
24.8259
24.8186
24.8149
24.8131
24.8124
24.8123
24.8125
24.8129
25.1959
25.0400
24.9478
24.8970
24.8695
24.8543
24.8458
24.8408
24.8379
24.8360
24.8348
24.8339
24.8332
25.2162
25.0588
24.9653
24.9135
24.8850
24.8690
24.8596
24.8538
24.8500
24.8473
24.8452
24.8435
24.8421
25.2249
25.0664
24.9720
24.9194
24.8901
24.8733
24.8631
24.8566
24.8521
24.8487
24.8460
24.8436
24.8415
25.2238
25.0647
24.9696
24.9163
24.8864
24.8689
24.8582
24.8511
24.8460
24.8420
24.8387
24.8357
24.8330
25.2147
25.0552
24.9595
24.9056
24.8752
24.8572
24.8459
24.8383
24.8327
24.8283
24.8244
24.8210
24.8178
25.1987
25.0390
24.9428
24.8885
24.8575
24.8390
24.8273
24.8192
24.8132
24.8083
24.8041
24.8002
24.7967
25.1769
25.0180
24.9227
24.8694
24.8396
24.8225
24.8121
24.8053
24.8007
24.7973
24.7946
24.7924
24.7906
25.1723
25.0145
24.9208
24.8686
24.8400
24.8242
24.8152
24.8101
24.8072
24.8056
24.8049
24.8047
24.8049
25.1891
25.0325
24.9409
24.8905
24.8636
24.8495
24.8421
24.8385
24.8371
24.8369
24.8375
24.8389
24.8405
25.2268
25.0700
24.9799
24.9308
24.9052
24.8921
24.8858
24.8832
24.8828
24.8836
24.8852
24.8873
24.8897
25.2784
25.1224
25.0318
24.9839
24.9593
24.9473
24.9420
24.9404
24.9409
24.9427
24.9451
24.9481
24.9515
25.3428
25.1868
25.0960
25.0489
25.0251
25.0138
25.0091
25.0082
25.0093
25.0116
25.0147
25.0181
25.0219
25.4160
25.2590
25.1681
25.1212
25.0978
25.0869
25.0826
25.0820
25.0833
25.0859
25.0891
25.0927
25.0966
25.4929
25.3344
25.2427
25.1953
25.1715
25.1602
25.1556
25.1547
25.1557
25.1578
25.1606
25.1638
25.1673
25.5654
25.4053
25.3128
25.2648
25.2406
25.2288
25.2239
25.2225
25.2231
25.2248
25.2272
25.2301
25.2331
25.6328
25.4713
25.3779
25.3294
25.3046
25.2924
25.2868
25.2849
25.2850
25.2861
25.2879
25.2900
25.2920
25.6929
25.5295
25.4349
25.3853
25.3593
25.3459
25.3393
25.3363
25.3353
25.3353
25.3359
25.3368
25.3378
25.7388
25.5735
25.4769
25.4258
25.3984
25.3836
25.3755
25.3709
25.3683
25.3667
25.3657
25.3649
25.3644
25.7646
25.5972
25.4992
25.4460
25.4169
25.4005
25.3907
25.3845
25.3803
25.3771
25.3745
25.3722
25.3701
25.7687
25.6000
25.5007
25.4460
25.4153
25.3974
25.3862
25.3787
25.3731
25.3686
25.3648
25.3613
25.3580
25.7551
25.5854
25.4853
25.4295
25.3978
25.3788
25.3666
25.3581
25.3516
25.3462
25.3414
25.3371
25.3329
25.7285
25.5585
25.4580
25.4014
25.3690
25.3493
25.3364
25.3273
25.3201
25.3141
25.3088
25.3039
25.2992
25.6933
25.5232
25.4228
25.3657
25.3327
25.3126
25.2992
25.2896
25.2820
25.2755
25.2698
25.2644
25.2593
25.6518
25.4819
25.3816
25.3241
25.2908
25.2702
25.2565
25.2465
25.2385
25.2319
25.2258
25.2201
25.2147
25.6055
25.4357
25.3357
25.2780
25.2444
25.2235
25.2094
25.1991
25.1907
25.1836
25.1770
25.1709
25.1651
25.5541
25.3846
25.2842
25.2262
25.1921
25.1708
25.1563
25.1455
25.1367
25.1290
25.1220
25.1154
25.1091
25.4959
25.3273
25.2264
25.1680
25.1335
25.1117
25.0967
25.0854
25.0761
25.0680
25.0606
25.0535
25.0467
25.4315
25.2635
25.1623
25.1036
25.0686
25.0441
25.0295
25.0182
25.0084
24.9992
24.9901
24.9810
24.9716
25.3509
25.1827
25.0756
25.0043
24.9708
24.9491
24.9328
24.9195
24.9075
24.8960
24.8849
24.8741
24.8633
24.8527
24.8423
24.0516
24.0045
24.0024
24.0021
24.0041
24.0041
24.0042
24.0042
24.0041
24.0916
24.2522
24.3192
24.3533
24.3731
24.3861
24.3961
24.4042
24.4112
24.4174
24.4229
24.4278
24.4321
24.3137
24.1460
24.0488
24.0270
24.1439
24.3081
24.3723
24.4025
24.4194
24.4307
24.4393
24.4465
24.4528
24.3358
24.0459
24.0560
24.0501
24.1678
24.2106
24.2274
24.1166
24.0069
24.0018
24.0014
24.0013
24.0011
24.0010
24.0010
24.0009
24.0009
24.0019
24.0450
24.1985
24.2704
24.3123
24.3434
24.1188
24.0131
24.0022
24.0015
24.0014
24.0013
24.0012
24.0011
24.0010
24.0010
24.0009
24.0021
24.0402
24.1984
24.2736
24.3218
24.3526
24.3784
24.4001
24.4194
24.4373
24.4538
24.4693
24.4838
24.4975
24.5106
24.0310
24.0036
24.0021
24.0019
24.0017
24.0015
24.0014
24.0013
24.0012
24.0011
24.0010
24.0023
24.2148
24.3116
24.3671
24.4078
24.3154
24.0464
24.0072
24.3015
24.7855
24.6207
24.4564
24.5224
24.5540
24.5738
24.3507
24.1461
24.1890
24.4443
24.5427
24.5907
24.6174
24.5153
24.4832
24.3519
24.3041
24.1613
24.0104
24.0023
24.0017
24.0015
24.0014
24.0013
24.0012
24.0011
24.0010
24.0009
24.0009
24.0008
24.0008
24.0007
24.0007
24.0007
24.0007
24.0006
24.0006
24.0005
24.0005
24.0005
24.0005
24.0005
24.0004
24.0004
24.0005
24.0005
24.0004
24.0004
24.0004
24.0004
24.0004
24.0004
24.0004
24.0004
24.0004
24.0003
24.0003
24.0003
24.0003
24.0003
24.0003
24.0003
24.0003
24.0003
24.0004
24.0005
24.0004
24.0004
24.0004
24.0004
24.0004
24.0003
24.0003
24.0003
24.0003
24.0003
24.6112
24.9591
25.1874
24.9501
24.8098
24.7357
24.6987
24.6820
24.6765
24.6774
24.6820
24.6886
24.6967
24.7057
24.7149
25.1028
24.9572
24.8737
24.8334
24.8156
24.8099
24.8106
24.8152
24.8209
23.5259
22.9789
22.7457
22.6236
23.9499
23.1404
22.7204
22.5461
22.4534
22.3922
22.3444
22.3030
22.2651
22.2294
22.1953
22.1623
22.1304
23.4369
22.7044
22.3150
22.1585
22.0788
22.0282
21.9895
21.9562
21.9255
21.8964
21.8683
21.8409
21.8142
23.0824
22.3871
22.0087
21.8577
21.7823
21.7356
21.7006
21.6709
21.6437
21.6179
21.5930
21.5688
21.5451
22.7798
22.1149
21.7449
21.5979
21.5256
21.4816
21.4493
21.4221
21.3974
21.3740
21.3515
21.3296
21.3082
22.5129
21.8743
21.5114
21.3677
21.2976
21.2557
21.2254
21.2001
21.1773
21.1558
21.1351
21.1150
21.0953
22.2729
21.6574
21.3009
21.1602
21.0926
21.0530
21.0251
21.0023
20.9820
20.9632
20.9453
20.9280
20.9112
20.8948
20.8788
24.0482
25.7700
26.6056
26.6662
26.6716
26.6724
26.6729
26.6710
26.6705
26.6702
26.6700
26.7110
26.7764
26.8498
26.9252
27.0000
27.0731
27.1440
27.2129
27.2797
27.3443
27.4069
27.4677
26.6868
26.9245
27.2860
27.4807
27.6021
27.6894
27.7599
27.8212
27.8771
27.9295
27.9793
28.0271
27.9767
27.7801
27.7958
27.9161
27.9899
28.1418
28.2325
28.2024
27.2647
26.6949
26.6778
26.6778
26.6778
26.6779
26.6777
26.6776
26.6775
27.0641
27.4446
27.6777
28.0337
28.2342
28.3617
28.4529
28.3403
28.3089
27.4567
26.9181
26.6776
26.6760
26.6761
26.6761
26.6761
26.6761
27.1414
27.6190
27.9125
28.0957
28.3168
28.5497
28.6898
28.7862
28.8602
28.9220
28.9763
29.0258
29.0719
29.1153
29.1566
28.9420
28.0897
27.5354
27.1264
26.8526
26.6734
26.6724
26.6727
26.6728
26.6730
26.6731
27.4158
28.0475
28.5720
28.8649
29.0402
29.1572
29.3288
29.3540
28.4028
28.8181
29.2327
29.2791
29.2419
29.1571
29.2131
29.2554
29.3771
29.4536
29.5912
29.6749
29.7094
29.7109
29.7114
29.7105
29.7108
29.5926
29.5393
29.5174
29.5123
28.7539
28.2050
27.8397
27.5968
27.4414
27.3376
27.2642
27.2090
27.1653
27.1293
27.0988
27.0722
27.0489
27.0282
27.0099
26.9933
26.9782
26.9645
26.9520
26.9405
26.9299
26.9202
26.9112
26.9029
26.8952
26.8880
26.8813
26.8750
26.8692
26.8636
26.8585
26.8537
26.8490
26.8446
26.8402
26.8360
26.8321
26.8281
26.8243
26.8204
26.8168
26.8134
26.8102
26.8072
26.8045
26.8018
26.7994
26.7975
26.7953
26.7935
26.7919
26.7903
26.7888
26.7874
26.7860
26.7848
25.4730
24.8508
24.4712
24.2866
24.1767
24.0968
24.0305
23.9713
23.9164
23.8645
23.8149
23.7672
25.2797
24.3644
23.9296
23.7523
23.6576
23.5938
23.5426
23.4972
23.4548
23.4144
23.3754
23.3374
23.3004
24.7582
23.9019
23.4845
23.3170
23.2301
23.1734
23.1290
23.0901
23.0541
23.0197
22.9864
22.9539
22.9221
24.3346
23.5217
23.1163
22.9551
22.8732
22.8209
22.7807
22.7458
22.7135
22.6827
22.6528
22.6236
22.5949
23.9662
23.1901
22.7938
22.6366
22.5577
22.5081
22.4705
22.4381
22.4082
22.3797
22.3522
22.3252
22.2988
23.6322
22.8887
22.5003
22.3466
22.2701
22.2226
22.1870
22.1566
22.1287
22.1021
22.0764
22.0513
22.0266
23.3250
22.6111
22.2300
22.0791
22.0046
21.9589
21.9250
21.8961
21.8698
21.8448
21.8206
21.7970
21.7738
23.0394
22.3528
21.9784
21.8303
21.7576
21.7136
21.6815
21.6547
21.6305
21.6078
21.5862
21.5651
21.5447
21.5246
21.5050
21.4858
21.4669
21.4484
24.6003
26.5143
26.6630
26.6706
26.6714
26.6704
26.6704
26.6703
26.6703
26.6729
26.9410
27.1073
27.2295
27.3301
27.4186
27.4995
27.5752
27.6467
27.7148
27.7800
27.8427
27.8048
27.7168
27.6971
27.9103
27.9342
27.9721
28.0141
28.1549
28.2442
28.3117
28.3685
28.4195
28.4672
28.4207
28.3272
27.4464
27.7042
28.0689
28.3669
28.5308
28.6332
28.5256
27.6459
27.0943
26.6782
26.6749
26.6750
26.6751
26.6751
26.6751
26.6751
26.6751
26.6750
27.2932
27.7536
28.2513
28.5296
28.6989
28.8140
28.9032
28.7983
27.9275
27.3773
26.9659
26.6919
26.6731
26.6732
26.6733
26.6734
26.6734
26.6734
27.2680
27.9235
28.3706
28.7323
28.9430
29.0793
29.1778
29.2559
29.3221
29.3807
29.4341
29.4021
29.3261
28.4690
27.9087
27.4988
27.2278
27.0559
26.9461
26.8725
26.8205
26.7820
26.7524
27.5056
28.2120
28.8249
29.1728
29.3780
29.5116
29.6080
29.5240
29.4242
29.6403
29.7087
29.7099
29.7104
29.7109
29.7099
29.7115
29.7119
29.7123
29.7140
29.7144
29.7148
29.7152
29.7156
29.7130
29.7129
29.7116
29.7116
29.7116
29.0175
28.5049
28.1668
27.9471
27.8076
27.7139
27.6474
27.5973
27.5570
27.5216
27.4942
27.4700
27.4479
27.4284
27.4107
27.3947
27.3803
27.3669
27.3546
27.3433
27.3329
27.3232
27.3144
27.3060
27.2981
27.2906
27.2836
27.2770
27.2707
27.2646
27.2589
27.2536
27.2483
27.2435
27.2385
27.2338
27.2290
27.2245
27.2195
27.2150
27.2105
27.2060
27.2016
27.1973
27.1931
27.1890
27.1852
27.1811
27.1774
27.1739
27.1710
27.1676
27.1646
27.1617
27.1588
27.1560
27.1533
25.8338
25.2095
24.8300
24.6114
24.4893
24.4027
24.3319
24.2690
24.2108
24.1558
24.1031
24.0525
25.5996
24.6529
24.2101
24.0287
23.9308
23.8641
23.8102
23.7622
23.7173
23.6744
23.6329
23.5925
24.7415
25.6324
25.7416
25.8103
25.8629
25.9023
25.9327
25.9567
25.9760
25.9919
26.0050
26.0159
26.0251
26.0328
26.4578
26.2867
26.1864
26.1366
26.1109
26.0973
26.0900
26.0858
26.0831
26.0811
26.0793
26.0776
26.0757
26.4943
26.3147
26.2073
26.1510
26.1195
26.1006
26.0885
26.0798
26.0729
26.0670
26.0616
26.0563
26.0512
26.4663
26.2840
26.1742
26.1154
26.0812
26.0600
26.0455
26.0345
26.0256
26.0176
26.0102
26.0032
25.9963
26.4081
26.2250
26.1145
26.0541
26.0183
25.9955
25.9796
25.6145
25.6017
25.6014
25.6013
25.6013
25.6013
26.1214
25.6199
25.6016
25.6012
25.6011
25.6011
25.0316
25.0033
25.0022
25.0020
25.0018
25.0017
25.0016
25.0015
25.0013
25.0013
25.0012
25.0011
24.0756
24.0049
24.0007
24.0005
24.0005
24.0006
24.0752
24.1240
24.2721
24.4542
24.6520
24.7371
24.7820
24.8100
24.8299
24.8452
24.8580
24.8689
24.8783
24.8867
24.8941
24.9008
24.7883
24.6283
24.4486
24.4918
24.7408
24.8305
24.8695
24.8897
24.9021
24.9110
24.9180
24.9239
24.9289
24.8148
24.6574
24.4756
24.3967
24.5976
24.7855
24.8582
24.5390
24.0385
24.0041
24.0019
24.0016
24.0014
24.0012
24.0011
24.0010
24.0154
24.0451
24.0612
24.3188
24.5433
24.6383
24.6921
24.7257
24.6303
24.0431
24.0042
24.0020
24.0016
24.0014
24.0013
24.0012
24.0011
24.0010
24.0017
24.2352
24.3318
24.5068
24.5886
24.6365
24.6695
24.6945
24.7148
24.7329
24.7490
24.7638
24.7773
24.7899
24.6815
24.0488
24.0051
24.0024
24.0019
24.0017
24.0015
24.0013
24.0012
24.0011
24.0010
24.0009
24.1978
24.4215
24.5258
24.5837
24.6253
24.6560
24.5588
24.6534
24.4567
24.6329
24.7008
24.6153
24.4684
24.4161
24.3980
24.3913
24.3859
24.6251
24.7176
24.7615
24.7868
24.8044
24.8177
24.8282
24.8396
24.7300
24.6932
24.4422
24.0309
24.0038
24.0021
24.0018
24.0016
24.0014
24.0013
24.0011
24.0010
24.0009
24.0008
24.0007
24.0007
24.0006
24.0006
24.0006
24.0005
24.0004
24.0004
24.0004
24.0003
24.0003
24.0003
24.0003
24.0003
24.0003
24.0003
24.0003
24.0003
24.0003
24.0003
24.0003
24.0002
24.0002
24.0002
24.0002
24.0001
24.0001
24.0001
24.0001
24.0002
24.0002
24.0002
24.0002
24.0002
24.0002
24.0003
24.0003
24.0002
24.0002
24.0002
24.0002
24.0002
24.0002
24.0002
24.0002
24.0002
24.6407
25.0032
24.8576
24.7723
24.7306
24.7120
24.7060
24.7071
24.7116
24.7187
24.7271
24.7361
24.7459
24.7556
25.1450
25.0002
24.9166
24.8767
24.8593
24.8538
24.8548
24.8590
24.8651
24.8728
24.8808
24.8880
24.8950
25.2862
25.1343
25.0491
25.0045
24.9829
24.9736
24.9708
24.9714
24.9739
24.9772
24.9811
24.9851
24.9892
25.3807
25.2240
25.1349
25.0869
25.0622
25.0498
25.0438
25.0413
25.0405
25.0407
25.0414
25.0423
25.0432
25.4338
25.2731
25.1805
25.1292
25.1015
25.0861
25.0774
25.0721
25.0688
25.0665
25.0647
25.0632
25.0618
25.4510
25.2881
25.1930
25.1396
25.1098
25.0926
25.0820
25.0750
25.0700
25.0661
25.0628
25.0598
25.0570
25.4449
25.2809
25.1843
25.1296
25.0986
25.0804
25.0665
25.0591
25.0534
25.0482
25.0430
25.0376
25.0319
25.4155
25.2503
25.1457
25.0882
25.0043
25.0023
24.9994
24.9941
24.9877
24.9807
24.9732
24.9653
24.9572
24.9490
24.9407
24.9324
24.0593
24.0043
24.0017
24.0015
24.0015
24.0029
24.0032
24.0033
24.1230
24.2975
24.3725
24.4115
24.4357
24.4517
24.4643
24.4749
24.4842
24.4923
24.4996
24.5062
24.5124
24.5180
24.5223
24.4049
24.3638
24.1016
24.0125
24.3215
24.4323
24.4810
24.5054
24.5199
24.5301
24.5383
24.5453
24.5502
24.3133
24.1005
24.0124
24.0909
24.3607
24.4615
24.3874
24.0224
24.0027
24.0017
24.0014
24.0013
24.0012
24.0010
24.0009
24.0009
24.0017
24.0020
24.0991
24.2662
24.3456
24.3895
24.2953
24.1459
24.0152
24.0041
24.0030
24.0014
24.0012
24.0010
24.0010
24.0009
24.0008
24.0008
24.0016
24.0019
24.0021
24.0022
24.1101
24.1603
24.3144
24.3827
24.4217
24.4482
24.4688
24.4863
24.5018
24.5157
24.2881
24.0167
24.0026
24.0018
24.0015
24.0014
24.0013
24.0011
24.0011
24.0010
24.0009
24.0018
24.0021
24.1075
24.2829
24.3662
24.2905
24.2745
24.7685
24.7199
24.2405
24.3086
24.3308
24.3411
24.2262
24.3100
24.4662
24.2880
24.2253
24.4483
24.5325
24.5725
24.5965
24.6126
24.2645
24.1317
24.0725
24.0427
24.0215
24.0090
24.0017
24.0012
24.0011
24.0010
24.0009
24.0008
24.0007
24.0007
24.0008
24.0009
24.0008
24.0007
24.0006
24.0006
24.0005
24.0005
24.0004
24.0004
24.0003
24.0003
24.0003
24.0003
24.0003
24.0002
24.0002
24.0002
24.0002
24.0002
24.0002
24.0002
24.0002
24.0002
24.0002
24.0002
24.0002
24.0002
24.0002
24.0002
24.0002
24.0002
24.0002
24.0002
24.0002
24.0002
24.0001
24.0001
24.0001
24.0001
24.0001
24.0001
24.0001
24.0001
24.0001
24.0001
24.0001
24.0001
24.0001
24.0001
24.0001
24.0001
24.0001
24.0001
24.0001
24.0001
24.0001
24.0001
24.0001
24.0001
24.5543
24.0471
24.0041
24.0005
24.0002
24.0002
24.0002
24.0002
24.0002
24.0002
24.0002
24.0002
24.0002
24.5358
24.0457
24.0041
24.0006
24.0003
24.0003
24.0003
24.0003
24.0003
24.0002
24.0002
24.0002
24.0002
24.5141
24.0438
24.0039
24.0006
24.0003
24.0003
24.0003
24.0003
24.0003
24.0002
24.0002
24.0002
24.0002
24.4918
24.0419
24.0038
24.0005
24.0003
24.0002
24.0002
24.0002
24.0002
24.0002
24.0002
24.0002
24.0002
24.4701
24.0401
24.0036
24.0005
24.0003
24.0002
24.0002
24.0002
24.0002
24.0002
24.0002
24.0002
24.0002
24.4498
24.0384
24.0035
24.0005
24.0003
24.0002
24.0002
24.0002
24.0002
24.0002
24.0002
24.0002
24.0002
24.4304
24.0367
24.0033
24.0005
24.0003
24.0003
24.0006
24.0006
24.0006
24.0005
24.0005
24.0004
24.0004
24.0003
24.0003
24.0003
24.0002
24.0002
23.9998
23.9998
23.9999
23.9999
23.9999
24.0000
24.0000
24.0000
24.0000
24.0000
24.0001
24.0001
24.0001
24.0001
24.0001
24.0001
24.0001
24.0001
24.0001
24.0001
24.0001
24.0001
24.0001
24.0001
24.0001
24.0001
24.0001
24.0001
24.0001
24.0001
24.0001
24.0001
24.0001
24.0001
24.0001
24.0001
24.0001
24.0001
24.0001
24.0001
24.0001
24.0001
24.0001
24.0001
24.0001
24.0001
24.0001
24.0001
24.0001
24.0001
24.0001
24.0002
24.0002
24.0002
24.0002
24.0002
24.0002
24.0002
24.0002
24.0002
24.0002
24.0002
24.0002
24.0002
24.0002
24.0002
24.0002
24.0002
24.0002
24.0002
24.0002
24.0002
24.0002
24.0002
24.0002
24.0002
24.0002
24.0002
24.0002
24.0002
24.0002
24.0002
24.0002
24.0002
24.0002
24.0002
24.0002
24.0002
24.0002
24.0002
24.0002
24.0002
24.0002
24.0002
24.0002
24.0002
24.0002
24.0002
24.0002
24.0002
24.0002
24.0002
24.0002
24.0002
24.0002
24.0002
24.0002
24.0002
24.0002
24.0002
24.0002
24.0002
24.0002
24.0002
24.0002
24.0002
24.0002
24.0002
24.0002
24.0002
24.0005
24.0005
24.0004
24.0004
24.0004
24.0003
24.0003
24.0002
24.0002
24.0002
24.0002
24.0002
24.4456
24.0377
24.0030
24.0001
23.9999
23.9999
23.9999
24.0000
24.0000
24.0000
24.0000
24.0001
24.0001
24.4468
24.0380
24.0034
24.0004
24.0002
24.0002
24.0002
24.0002
24.0002
24.0002
24.0002
24.0002
24.0002
24.4423
24.0377
24.0034
24.0005
24.0003
24.0003
24.0002
24.0002
24.0002
24.0002
24.0002
24.0002
24.0002
24.4346
24.0371
24.0034
24.0005
24.0003
24.0003
24.0003
24.0003
24.0002
24.0002
24.0002
24.0002
24.0002
24.4250
24.0362
24.0033
24.0005
24.0003
24.0003
24.0003
24.0003
24.0002
24.0002
24.0002
24.0002
24.0002
24.4145
24.0353
24.0032
24.0005
24.0003
24.0003
24.0002
24.0002
24.0002
24.0002
24.0002
24.0002
24.0002
24.4035
24.0344
24.0031
24.0005
24.0003
24.0002
24.0002
24.0002
24.0002
24.0002
24.0002
24.0002
24.0002
24.3918
24.0334
24.0031
24.0005
24.0003
24.0003
24.0002
24.0002
24.0002
24.0002
24.0002
24.0002
24.0002
24.3799
24.0324
24.0030
24.0005
24.0003
24.0003
24.0003
24.0003
24.0003
24.0003
24.0002
24.0002
24.0002
24.3681
24.0314
24.0029
24.0005
24.0003
24.0003
24.0003
24.0003
24.0003
24.0003
24.0003
24.0002
24.0002
24.3566
24.0304
24.0029
24.0005
24.0003
24.0003
24.0003
24.0003
24.0003
24.0002
24.0002
24.0002
24.0002
24.3460
24.0295
24.0028
24.0005
24.0003
24.0003
24.0003
24.0003
24.0003
24.0003
24.0002
24.0002
24.0002
24.3425
24.0292
24.0027
24.0005
24.0003
24.0003
24.0003
24.0003
24.0002
24.0002
24.0002
24.0002
24.0002
24.3451
24.0294
24.0027
24.0005
24.0003
24.0003
24.0003
24.0003
24.0002
24.0002
24.0002
24.0002
24.0002
24.3526
24.0300
24.0028
24.0005
24.0003
24.0003
24.0003
24.0003
24.0003
24.0002
24.0002
24.0002
24.0002
24.3637
24.0309
24.0029
24.0005
24.0003
24.0003
24.0003
24.0003
24.0003
24.0002
24.0002
24.0002
24.0002
24.3771
24.0321
24.0030
24.0005
24.0003
24.0003
24.0002
24.0002
24.0002
24.0002
24.0002
24.0002
24.0002
24.3901
24.0332
24.0031
24.0005
24.0003
24.0003
24.0003
24.0002
24.0002
24.0002
24.0002
24.0002
24.0002
24.4020
24.0342
24.0031
24.0005
24.0003
24.0002
24.0002
24.0002
24.0002
24.0002
24.0002
24.0002
24.0002
24.4138
24.0352
24.0032
24.0005
24.0003
24.0003
24.0003
24.0003
24.0003
24.0002
24.0002
24.0002
24.0002
24.4253
24.0363
24.0033
24.0005
24.0003
24.0003
24.0003
24.0003
24.0003
24.0002
24.0002
24.0002
24.0002
24.4344
24.0370
24.0034
24.0005
24.0003
24.0003
24.0003
24.0003
24.0003
24.0002
24.0002
24.0002
24.0002
24.4389
24.0374
24.0034
24.0005
24.0003
24.0003
24.0003
24.0003
24.0003
24.0002
24.0002
24.0002
24.0002
24.4383
24.0374
24.0034
24.0005
24.0003
24.0003
24.0003
24.0003
24.0003
24.0003
24.0002
24.0002
24.0002
24.4333
24.0370
24.0034
24.0006
24.0003
24.0003
24.0003
24.0003
24.0003
24.0003
24.0003
24.0002
24.0002
24.4250
24.0362
24.0033
24.0005
24.0003
24.0003
24.0003
24.0003
24.0003
24.0003
24.0002
24.0002
24.0002
24.4156
24.0354
24.0033
24.0005
24.0003
24.0003
24.0003
24.0003
24.0003
24.0003
24.0003
24.0002
24.0002
24.4054
24.0346
24.0032
24.0005
24.0003
24.0003
24.0003
24.0003
24.0002
24.0002
24.0002
24.0002
24.0002
24.3948
24.0337
24.0031
24.0005
24.0003
24.0003
24.0003
24.0002
24.0002
24.0002
24.0002
24.0002
24.0002
24.3842
24.0328
24.0030
24.0005
24.0003
24.0003
24.0003
24.0002
24.0002
24.0002
24.0002
24.0002
24.0002
24.3732
24.0318
24.0029
24.0005
24.0003
24.0003
24.0003
24.0002
24.0002
24.0002
24.0002
24.0002
24.0002
24.3622
24.0309
24.0029
24.0005
24.0003
24.0003
24.0003
24.0003
24.0002
24.0002
24.0002
24.0002
24.0002
24.3510
24.0299
24.0028
24.0005
23.9756
23.9795
23.9797
23.9784
23.9767
23.9745
23.9730
23.9720
23.9718
24.3274
24.1866
24.1021
24.0553
24.0300
24.0194
24.0150
24.0141
24.0149
24.0168
24.0191
24.0217
24.0244
24.0272
24.0301
24.0004
24.0000
24.0000
24.0001
23.9996
24.0000
24.0003
24.0009
24.0015
24.0020
24.0026
24.0032
24.0037
24.0042
24.0087
24.0173
24.0268
24.0365
24.0463
24.0556
24.0646
24.0731
24.0091
24.0018
24.0038
24.0342
24.0599
24.0753
24.0887
24.1002
24.1105
24.1190
24.1289
24.1372
24.0196
24.0063
24.0047
24.0047
24.0039
24.0039
24.0041
24.1005
24.0151
24.0020
24.0014
24.0012
24.0011
24.0010
24.0009
24.0009
24.0008
24.0008
24.0008
24.0019
24.0023
24.0310
24.0575
24.0841
24.1047
24.1236
24.0135
24.0042
24.0032
24.0013
24.0011
24.0010
24.0009
24.0009
24.0008
24.0008
24.0008
24.0019
24.0020
24.0020
24.0021
24.0025
24.0028
24.0960
24.1423
24.1712
24.1926
24.2102
24.2258
24.2398
24.0227
24.0025
24.0015
24.0013
24.0012
24.0011
24.0010
24.0010
24.0009
24.0008
24.0019
24.0020
24.0025
24.1071
24.1581
24.1940
24.0951
24.0653
24.3083
24.2884
24.1686
24.1285
24.0148
24.0050
24.0037
24.0664
24.2230
24.1623
24.1482
24.1458
24.2739
24.3271
24.3558
24.3741
24.3882
24.3993
24.2880
24.1265
24.0635
24.0045
24.0018
24.0015
24.0013
24.0012
24.0011
24.0010
24.0009
24.0009
24.0008
24.0007
24.0007
24.0007
24.0006
24.0006
24.0006
24.0005
24.0005
24.0004
24.0004
24.0004
24.0004
24.0003
24.0003
24.0003
24.0003
24.0004
24.0004
24.0003
24.0003
24.0003
24.0003
24.0003
24.0002
24.0002
24.0002
24.0002
24.0002
24.0002
24.0002
24.0002
24.0002
24.0002
24.0002
24.0002
24.0002
24.0002
24.0002
24.0002
24.0002
24.0002
24.0002
24.0002
24.0002
24.0002
24.0002
24.0002
24.5049
24.8020
25.0016
24.7503
24.5973
24.5140
24.4705
24.4491
24.4403
24.4387
24.4414
24.4470
24.4540
24.4625
24.4707
24.8508
24.7105
24.6286
24.5895
24.5725
24.5673
24.5688
24.5740
