23.0039
22.9918
22.9763
22.9606
22.9447
23.4627
23.1929
23.0431
22.9599
22.9080
22.8704
22.8395
22.8117
22.7891
22.7696
22.7517
22.7350
22.7190
23.2263
22.9653
22.8222
22.7456
22.7009
22.6714
22.6493
22.6311
22.6149
22.5999
22.5856
22.5720
22.5588
23.0619
22.8092
22.6693
22.5955
22.5529
22.5254
22.5055
22.4897
22.4763
22.4642
22.4530
22.4425
22.4324
22.9329
22.6881
22.5520
22.4812
22.4415
22.4164
22.3984
22.3839
22.3714
22.3599
22.3490
22.3386
22.3285
22.8241
22.5820
22.4463
22.3753
22.3331
22.3073
22.2921
22.2793
22.2683
22.2583
22.2490
22.2402
22.2318
22.7242
22.9252
23.3576
23.7067
24.0070
24.3074
24.5779
24.8175
24.9977
25.0041
25.0044
25.0043
25.0042
25.0041
25.0039
24.1032
24.0109
24.0026
24.0019
24.0012
24.0012
24.0013
24.0013
24.0013
24.0013
24.0017
24.0019
24.0267
24.0635
24.1019
24.1391
24.1742
24.2074
24.2314
24.2486
24.2617
24.2714
24.0328
24.1757
24.2296
24.2469
24.2552
24.2548
24.2565
24.2480
24.2473
24.2487
24.2536
24.2554
24.2570
24.2539
24.2514
24.0301
24.0046
24.1088
24.1464
24.1552
24.0183
24.0030
24.0012
24.0009
24.0008
24.0008
24.0007
24.0007
24.0007
24.0009
24.0012
24.0015
24.0017
24.0018
24.0019
24.0019
24.0018
24.0013
24.0011
24.0010
24.0009
24.0008
24.0007
24.0007
24.0007
24.0008
24.0008
24.0009
24.0009
24.0013
24.0015
24.0017
24.0017
24.0018
24.0018
24.0018
24.0018
24.0018
24.0018
24.0018
24.0018
24.0019
24.0013
24.0011
24.0010
24.0009
24.0008
24.0008
24.0007
24.0007
24.0007
24.0007
24.0007
24.0008
24.0009
24.0014
24.0016
24.0017
24.0017
24.0018
24.0018
24.0012
24.0011
24.0016
24.0017
24.0017
24.0018
24.0018
24.0018
24.0012
24.0011
24.0010
24.0015
24.0016
24.0016
24.0017
24.0017
24.0017
24.0017
24.0011
24.0009
24.0008
24.0007
24.0007
24.0007
24.0007
24.0007
24.0006
24.0006
24.0006
24.0006
24.0006
24.0007
24.0006
24.0006
24.0006
24.0006
24.0006
24.0006
24.0006
24.0006
23.9945
23.9784
23.9574
23.9341
23.9108
23.8857
23.8644
23.8362
23.8086
23.7853
23.7619
23.7371
23.7153
23.6922
23.6678
23.6446
23.6208
23.5953
23.5708
23.5457
23.5201
23.4972
23.4698
23.4431
23.4166
23.3948
23.3746
23.3573
23.3418
23.3276
23.3129
23.3016
23.2906
23.2800
23.2699
23.2602
23.2508
23.7869
24.0770
24.2519
23.7688
23.5104
23.3769
23.3035
23.2587
23.2281
23.2049
23.1856
23.1685
23.1532
23.1386
23.1245
23.6606
23.3922
23.2494
23.1743
23.1330
23.1069
23.0899
23.0778
23.0688
23.0622
23.0528
23.0439
23.0365
23.5727
23.3118
23.1672
23.0899
23.0446
23.0143
22.9911
22.9713
22.9549
22.9405
22.9272
22.9147
22.9027
23.4286
23.1708
23.0266
22.9506
22.9072
22.8796
22.8601
22.8450
22.8327
22.8220
22.8125
22.8039
22.7959
23.3231
23.0743
22.9349
22.8627
22.8233
22.7999
22.7847
22.7738
22.7653
22.7582
22.7520
22.7464
22.7414
23.2723
23.0292
22.8921
22.8214
22.7834
22.7601
22.7440
22.7318
22.7216
22.7126
22.7044
22.6966
22.6891
23.2197
22.9752
22.8352
22.7613
22.7225
22.6962
22.6857
22.6798
22.6765
22.6747
22.6740
22.6740
22.6747
23.2076
23.4041
23.7319
23.9668
24.1359
24.2829
24.3800
24.4380
24.4799
24.4980
24.5010
24.4979
24.4926
24.4870
24.4819
24.0290
24.0039
24.0027
24.0026
24.0022
24.0021
24.0022
24.0040
24.0041
24.0041
24.0040
24.0039
24.0038
24.0037
24.0036
24.0035
24.0034
24.0033
24.0032
24.0031
24.0030
24.0030
24.0029
24.0029
24.0021
24.0019
24.0018
24.0024
24.0025
24.0026
24.0026
24.0026
24.0026
24.0026
24.0026
24.0019
24.0017
24.0021
24.0023
24.0024
24.0025
24.0025
24.0025
24.0018
24.0014
24.0013
24.0013
24.0012
24.0012
24.0012
24.0012
24.0013
24.0014
24.0015
24.0015
24.0021
24.0022
24.0023
24.0023
24.0023
24.0016
24.0015
24.0014
24.0012
24.0012
24.0012
24.0012
24.0012
24.0013
24.0013
24.0021
24.0024
24.0024
24.0024
24.0024
24.0024
24.0024
24.0025
24.0025
24.0024
24.0024
24.0024
24.0024
24.0024
24.0024
24.0015
24.0013
24.0013
24.0012
24.0012
24.0012
24.0012
24.0011
24.0011
24.0012
24.0013
24.0014
24.0021
24.0023
24.0024
24.0024
24.0024
24.0024
24.0016
24.0014
24.0021
24.0023
24.0024
24.0024
24.0024
24.0016
24.0014
24.0014
24.0022
24.0023
24.0024
24.0024
24.0024
24.0024
24.0024
24.0022
24.0024
24.0015
24.0014
24.0013
24.0012
24.0012
24.0011
24.0011
24.0011
24.0011
24.0011
24.0010
24.0010
24.0009
24.0009
24.0010
24.0010
24.0010
24.0009
24.0009
24.0009
24.0009
24.0009
24.0009
24.0009
24.0009
24.0009
24.0010
23.9938
23.9788
23.9569
23.9383
23.9179
23.8974
23.8755
23.8561
23.8365
23.8217
23.8048
23.7912
23.7771
23.7627
23.7480
23.7342
23.7222
23.7064
23.6905
23.6741
23.6616
23.6489
23.6368
23.6253
23.6141
23.6033
23.5929
23.5828
23.5730
23.5633
23.5539
24.1147
24.4216
24.6095
24.1130
23.8459
23.7071
23.6304
23.5841
23.5530
23.5295
23.5107
23.4944
23.4811
23.4685
23.4585
24.0209
23.7496
23.6074
23.5338
23.4951
23.4740
23.4621
23.4555
23.4512
23.4503
23.4469
23.4435
23.4399
24.0111
23.7435
23.5997
23.5235
23.4810
23.4548
23.4368
23.4229
23.4114
23.4015
23.3926
23.3845
23.3770
23.9399
23.6765
23.5328
23.4553
23.4122
23.3869
23.3706
23.3572
23.3444
23.3324
23.3204
23.3089
23.2971
23.8512
23.5853
23.4373
23.3552
23.3070
23.2757
23.2534
23.2357
23.2204
23.2067
23.1938
23.1815
23.1694
23.7184
23.4522
23.3047
23.2234
23.1761
23.1458
23.1237
23.1063
23.0913
23.0777
23.0648
23.0524
23.0403
23.5792
23.3163
23.1707
23.0906
23.0457
23.0160
23.0016
22.9910
22.9825
22.9754
22.9692
22.9637
22.9587
23.5029
23.7428
24.0760
24.3161
24.4389
24.4929
24.4812
24.4303
24.3661
24.3158
24.2845
24.2651
24.2548
24.2516
24.2538
24.0133
24.0027
24.0022
24.0022
24.0018
24.0019
24.0019
24.0036
24.0037
24.0036
24.0035
24.0034
24.0033
24.0032
24.0031
24.0030
24.0030
24.0029
24.0029
24.0029
24.0029
24.0028
24.0028
24.0028
24.0019
24.0018
24.0025
24.0026
24.0027
24.0027
24.0026
24.0026
24.0025
24.0025
24.0025
24.0024
24.0016
24.0015
24.0020
24.0022
24.0022
24.0023
24.0023
24.0015
24.0013
24.0012
24.0012
24.0011
24.0011
24.0011
24.0011
24.0012
24.0013
24.0014
24.0020
24.0022
24.0023
24.0023
24.0023
24.0023
24.0022
24.0022
24.0022
24.0021
24.0021
24.0022
24.0022
24.0023
24.0023
24.0025
24.0025
24.0025
24.0026
24.0026
24.0025
24.0025
24.0024
24.0024
24.0023
24.0023
24.0023
24.0022
24.0022
24.0022
24.0022
24.0015
24.0012
24.0011
24.0010
24.0010
24.0009
24.0009
24.0009
24.0009
24.0009
24.0010
24.0004
24.0013
24.0018
24.0021
24.0023
24.0024
24.0024
24.0016
24.0015
24.0021
24.0022
24.0022
24.0015
24.0013
24.0013
24.0018
24.0020
24.0020
24.0021
24.0021
24.0021
24.0021
24.0021
24.0021
24.0014
24.0012
24.0012
24.0011
24.0010
24.0010
24.0009
24.0009
24.0009
24.0009
24.0009
24.0009
24.0008
24.0008
24.0007
24.0008
24.0008
24.0008
24.0008
24.0008
24.0007
24.0007
24.0007
24.0007
24.0007
24.0007
24.0007
24.0007
24.0007
24.0007
24.0008
24.0007
24.0007
23.9952
23.9799
23.9614
23.9411
23.9255
23.9085
23.8942
23.8824
23.8702
23.8577
23.8452
23.8325
23.8243
23.8109
23.7974
23.7852
23.7725
23.7626
23.7531
23.7440
23.7354
23.7273
23.7196
23.7123
23.7053
23.6985
23.6920
24.2814
24.6118
24.8175
24.3157
24.0473
23.9073
23.8310
23.7854
23.7561
23.7348
23.7186
23.7052
23.6931
23.6792
23.6663
24.2386
23.9621
23.8107
23.7298
23.6841
23.6566
23.6387
23.6263
23.6174
23.6102
23.6029
23.5962
23.5895
24.1671
23.8915
23.7433
23.6634
23.6177
23.5885
23.5676
23.5508
23.5358
23.5216
23.5078
23.4942
23.4807
24.0436
23.7655
23.6137
23.5294
23.4797
23.4475
23.4239
23.4025
23.3821
23.3624
23.3430
23.3238
23.3045
23.8473
23.5680
23.4127
23.3244
23.2699
23.2319
23.2023
23.1769
23.1537
23.1318
23.1105
23.0896
23.0690
23.5950
23.3199
23.1675
23.0808
23.0271
22.9892
22.9590
22.9328
22.9086
22.8855
22.8631
22.8411
22.8193
23.3287
23.0584
22.9085
22.8228
22.7772
22.7484
22.7357
22.7284
22.7239
22.7214
22.7203
22.7204
22.7215
23.2522
23.3969
23.7211
23.8433
23.9521
24.1147
24.2958
24.4767
24.6526
24.8286
24.9987
25.0046
25.0050
25.0051
25.0050
24.1043
24.0126
24.0041
24.0031
24.0030
24.0040
24.0188
24.0632
24.1208
24.1762
24.2314
24.2822
24.3333
24.3823
24.4298
24.4755
24.5190
24.5604
24.5719
24.5624
24.5420
24.5137
24.4800
24.4408
24.3862
24.0474
24.0068
24.0021
24.0393
24.0339
24.0270
24.0243
24.0269
24.0285
24.0310
24.0338
24.0346
24.0051
24.0019
24.0020
24.0128
24.0228
24.0039
24.0017
24.0012
24.0011
24.0011
24.0010
24.0010
24.0010
24.0010
24.0010
24.0011
24.0012
24.0017
24.0020
24.0021
24.0021
24.0015
24.0013
24.0012
24.0012
24.0011
24.0011
24.0009
24.0009
24.0009
24.0010
24.0011
24.0017
24.0019
24.0020
24.0021
24.0021
24.0021
24.0021
24.0021
24.0021
24.0021
24.0020
24.0020
24.0020
24.0020
24.0020
24.0020
24.0014
24.0011
24.0010
24.0010
24.0009
24.0009
24.0008
24.0008
24.0008
24.0008
24.0013
24.0017
24.0019
24.0020
24.0020
24.0020
24.0014
24.0012
24.0016
24.0018
24.0019
24.0019
24.0019
24.0013
24.0012
24.0017
24.0018
24.0018
24.0019
24.0019
24.0019
24.0019
24.0019
24.0013
24.0011
24.0011
24.0010
24.0010
24.0009
24.0009
24.0008
24.0008
24.0008
24.0008
24.0008
24.0008
24.0008
24.0007
24.0007
24.0007
24.0007
24.0007
24.0007
24.0007
24.0007
24.0007
24.0007
24.0006
24.0006
24.0006
24.0006
24.0006
24.0006
24.0006
24.0006
24.0007
24.0007
24.0006
23.9970
23.9817
23.9599
23.9425
23.9253
23.9114
23.8959
23.8833
23.8704
23.8575
23.8481
23.8336
23.8203
23.8087
23.7962
23.7849
23.7730
23.7626
23.7514
23.7405
23.7285
23.7195
23.7105
23.7018
23.6933
23.6851
23.6772
24.2507
24.5659
24.7606
24.2605
23.9954
23.8596
23.7862
23.7433
23.7155
23.6956
23.6803
23.6675
23.6558
23.6436
23.6335
24.2032
23.9267
23.7788
23.7033
23.6627
23.6395
23.6255
23.6164
23.6108
23.6066
23.6021
23.5980
23.5941
24.1675
23.8946
23.7507
23.6746
23.6324
23.6063
23.5880
23.5736
23.5611
23.5497
23.5388
23.5282
23.5179
24.0832
23.8079
23.6597
23.5796
23.5339
23.5051
23.4849
23.4695
23.4569
23.4458
23.4358
23.4264
23.4176
23.9826
23.7151
23.5702
23.4922
23.4480
23.4214
23.4036
23.3902
23.3790
23.3692
23.3602
23.3517
23.3435
23.9025
23.6398
23.4956
23.4167
23.3724
23.3460
23.3291
23.3172
23.3081
23.3007
23.2944
23.2888
23.2837
23.8414
23.5858
23.4424
23.3678
23.3295
23.3056
23.2965
23.2925
23.2899
23.2890
23.2885
23.2890
23.2901
23.8526
24.5239
25.3034
25.0272
25.0087
25.0069
25.0060
25.0052
25.0045
25.0041
25.0037
25.0034
25.0031
25.0029
25.0027
24.0939
24.0078
24.0012
24.0007
24.0008
24.0008
24.0009
24.0010
24.0010
24.0011
24.0011
24.0011
24.0012
24.0012
24.0013
24.0013
24.0013
24.0014
24.0014
24.0014
24.0014
24.0014
24.0014
24.0014
24.0014
24.0014
24.0014
24.0014
24.0014
24.0014
24.0014
24.0014
24.0014
24.0014
24.0014
24.0014
24.0014
24.0014
24.0014
24.0014
24.0014
24.0014
24.0013
24.0013
24.0013
24.0013
24.0013
24.0012
24.0012
24.0012
24.0012
24.0011
24.0011
24.0011
24.0011
24.0010
24.0010
24.0010
24.0010
24.0010
24.0010
24.0010
24.0010
24.0010
24.0010
24.0010
24.0010
24.0010
24.0010
24.0010
24.0010
24.0010
24.0010
24.0010
24.0010
24.0010
24.0010
24.0010
24.0010
24.0010
24.0010
24.0010
24.0010
24.0010
24.0011
24.0011
24.0011
24.0011
24.0011
24.0011
24.0011
24.0011
24.0011
24.0011
24.0011
24.0011
24.0011
24.0011
24.0011
24.0011
24.0011
24.0011
24.0011
24.0011
24.0011
24.0011
24.0011
24.0012
24.0012
24.0012
24.0012
24.0012
24.0012
24.0012
24.0012
24.0012
24.0012
24.0011
24.0011
24.0011
24.5237
24.7590
24.8732
24.9298
24.9571
24.9683
24.9676
24.9586
24.9435
24.9236
24.8997
24.8724
25.5137
25.1952
25.0050
24.8886
24.8058
24.7374
24.6814
24.6336
24.5903
24.5493
24.5091
24.4698
24.4320
25.0180
24.6941
24.5066
24.3955
24.3224
24.2680
24.2231
24.1830
24.1456
24.1097
24.0747
24.0468
24.0234
24.6025
24.3036
24.1420
24.0539
24.0024
23.9688
23.9445
23.9252
23.9089
23.8943
23.8807
23.8679
23.8557
24.4401
24.1545
24.0006
23.9175
23.8702
23.8403
23.8193
23.8029
23.7893
23.7781
23.7687
23.7606
23.7535
24.3360
24.0644
23.9173
23.8386
23.7967
23.7730
23.7587
23.7493
23.7405
23.7316
23.7224
23.7132
23.7038
24.2789
24.0055
23.8521
23.7696
23.7229
23.6937
23.6732
23.6575
23.6446
23.6333
23.6228
23.6129
23.6035
24.1743
23.9038
23.7534
23.6721
23.6265
23.5984
23.5786
23.5630
23.5495
23.5373
23.5258
23.5147
23.5039
24.0687
23.7991
23.6494
23.5663
23.5189
23.4892
23.4681
23.4516
23.4374
23.4246
23.4126
23.4012
23.3900
23.9493
23.6820
23.5340
23.4518
23.4042
23.3742
23.3529
23.3362
23.3219
23.3090
23.2969
23.2854
23.2742
23.8286
23.5634
23.4167
23.3360
23.2891
23.2590
23.2376
23.2208
23.2066
23.1937
23.1817
23.1703
23.1592
23.7100
23.4463
23.3035
23.2282
23.1875
23.1640
23.1500
23.1411
23.1351
23.1309
23.1279
23.1257
24.2715
25.8081
25.9349
26.0215
26.0857
26.0588
25.9725
25.8731
25.8329
25.7995
25.7699
25.7536
25.7576
25.7805
26.5098
26.2329
26.1469
26.1517
26.2034
26.2797
26.3400
26.3826
26.4146
26.4396
26.4437
26.4451
26.4495
27.1794
26.7235
26.6138
26.5450
26.5068
26.4925
26.4925
26.5147
26.5405
26.5653
26.5895
26.6136
26.6371
27.3926
26.7383
26.7070
26.7060
26.7061
26.7062
26.7063
26.7064
26.7065
26.7066
26.7067
26.7068
26.7069
27.6511
26.7632
26.7098
26.7073
26.7072
26.7072
26.7072
26.7072
26.7072
26.7072
26.7071
26.7071
26.7070
27.6884
26.7661
26.7095
26.7068
26.7065
26.7064
26.7064
26.7063
26.7062
26.7062
26.7061
26.7062
26.7062
27.6085
26.7569
26.7083
26.7061
26.7059
26.7058
26.7057
26.7056
26.7055
26.7054
26.7053
26.7051
26.6964
27.4159
26.7377
26.7008
26.6661
26.6414
26.6220
26.6066
26.5938
26.5826
26.5727
26.5638
26.5558
26.5484
27.2711
26.7278
26.6337
26.5803
26.5507
26.5312
26.5169
26.5054
26.4954
26.4865
26.4780
26.4638
26.4439
27.1447
26.7198
26.5377
26.4317
26.3612
26.3067
26.2590
26.2139
26.1694
26.1245
26.0818
26.0411
26.0008
26.6661
26.2913
26.0818
25.9558
25.8677
25.7975
25.7354
25.6771
25.6206
25.5665
25.5142
25.4626
25.4115
26.0348
25.6583
25.4455
25.3169
25.2268
25.1551
25.0923
25.0340
24.9802
24.9298
24.8816
24.8350
24.7895
25.3808
25.0272
24.8317
24.7160
24.6377
24.5772
24.5254
24.4789
24.4346
24.3917
24.3497
24.3083
24.2673
24.8384
24.5128
24.3416
24.2471
24.1893
24.1481
24.1161
24.0890
24.0648
24.0424
24.0214
24.0013
23.9813
24.5526
24.2462
24.0853
23.9973
23.9441
23.9075
23.8790
23.8547
23.8326
23.8119
23.7921
23.7739
23.7566
24.3203
24.0251
23.8714
23.7884
23.7401
23.7081
23.6842
23.6645
23.6471
23.6311
23.6138
23.5960
23.5778
24.1306
23.8390
23.6850
23.5995
23.5478
23.5121
23.4843
23.4605
23.4388
23.4179
23.3975
23.3774
23.3574
23.8958
23.6089
23.4571
23.3715
23.3190
23.2822
23.2530
23.2277
23.2049
23.1838
23.1634
23.1436
23.1242
23.6501
23.3703
23.2235
23.1407
23.0904
23.0556
23.0283
23.0041
22.9819
22.9605
22.9397
22.9193
22.8990
23.4114
23.1364
22.9907
22.9081
22.8572
22.8213
22.7930
22.7688
22.7466
22.7257
22.7056
22.6859
22.6667
23.1672
22.9001
22.7578
22.6781
22.6295
22.5951
22.5677
22.5439
22.5219
22.5010
22.4807
22.4609
22.4414
22.9294
22.6679
22.5273
22.4485
22.4100
22.3883
22.3824
22.3818
22.3842
22.3889
22.3951
22.4025
22.4109
22.9297
23.1519
23.5842
23.9489
24.2460
24.5340
24.8094
24.9983
25.0056
25.0060
25.0059
25.0056
25.0054
25.0051
25.0048
24.1145
24.0139
24.0036
24.0024
24.0370
24.1194
24.1702
24.2183
24.2661
24.3106
24.3509
24.3890
24.4205
24.4467
24.4689
24.4888
24.5135
24.5339
24.5405
24.5376
24.5322
24.5220
24.5086
24.0655
24.0089
24.3366
24.4393
24.4657
24.4608
24.4498
24.3438
24.3027
24.2760
24.2538
24.2327
24.0279
24.0046
24.0557
24.0737
24.0697
24.0564
24.0075
24.0023
24.0016
24.0013
24.0012
24.0011
24.0011
24.0011
24.0011
24.0011
24.0016
24.0019
24.0023
24.0025
24.0026
24.0026
24.0025
24.0025
24.0018
24.0016
24.0014
24.0014
24.0013
24.0013
24.0012
24.0013
24.0012
24.0013
24.0013
24.0013
24.0018
24.0020
24.0022
24.0023
24.0023
24.0023
24.0023
24.0023
24.0023
24.0023
24.0023
24.0024
24.0024
24.0024
24.0017
24.0014
24.0013
24.0012
24.0012
24.0011
24.0011
24.0011
24.0011
24.0011
24.0012
24.0019
24.0021
24.0022
24.0022
24.0023
24.0023
24.0015
24.0014
24.0013
24.0018
24.0020
24.0021
24.0021
24.0015
24.0013
24.0013
24.0018
24.0020
24.0021
24.0021
24.0022
24.0022
24.0022
24.0022
24.0022
24.0015
24.0013
24.0012
24.0011
24.0011
24.0011
24.0011
24.0011
24.0011
24.0010
24.0010
24.0009
24.0010
24.0009
24.0009
24.0009
24.0009
24.0009
24.0009
24.0009
24.0009
24.0009
24.0009
24.0009
24.0009
24.0009
24.0009
24.0009
24.0009
24.0009
24.0009
24.0009
24.0008
24.0009
24.0009
24.0008
24.0008
24.0009
24.0008
24.0008
24.0008
24.0008
24.0009
24.0009
24.0009
24.0009
24.0009
24.0009
24.0010
24.0009
23.9961
23.9891
23.9790
23.9675
23.9543
23.9406
23.9265
23.9122
23.8976
24.4607
24.7606
24.9394
24.4187
24.1474
24.0067
23.9288
23.8808
23.8477
23.8224
23.8013
23.7826
23.7638
23.7448
23.7252
24.2841
23.9891
23.8299
23.7454
23.6956
23.6628
23.6387
23.6202
23.6034
21.7739
21.0928
20.8260
20.6836
22.4849
21.2942
20.7430
20.5369
20.4267
20.3506
20.2885
20.2337
20.1828
20.1349
20.0894
20.0461
20.0047
21.7120
20.6877
20.1799
20.0017
19.9144
19.8583
19.8143
19.7765
19.7421
19.7098
19.6791
19.6498
19.6215
21.2550
20.3129
19.8263
19.6604
19.5837
19.5374
19.5019
19.4710
19.4426
19.4155
19.3895
19.3643
19.3396
20.9125
20.0253
19.5486
19.3865
19.3120
19.2682
19.2361
19.2089
19.1842
19.1610
19.1388
19.1173
19.0965
20.6178
19.7788
19.3131
19.1558
19.0920
19.0613
19.0434
19.0312
19.0223
19.0153
19.0098
19.0054
19.0021
20.5219
20.1821
20.2068
20.2711
20.3839
20.5266
20.6737
20.8111
20.9373
21.0559
21.1674
21.2727
21.3725
21.4675
21.5584
26.2098
26.6558
26.6693
26.6699
26.6703
26.6704
26.6703
26.6703
27.3600
27.8104
28.1365
28.3934
28.6083
28.7964
28.9661
29.1225
29.2678
29.4030
29.4970
29.5523
29.5800
29.5861
29.5797
29.5562
28.7749
28.3233
28.7821
28.9944
29.0771
29.1005
29.1128
29.1225
29.1341
29.1478
29.1631
28.4317
28.0387
28.5531
28.8235
28.9790
29.0760
28.3942
28.0328
27.8404
27.7349
27.6743
27.6379
27.6151
27.5939
27.5728
27.5519
27.5311
27.5105
28.2192
28.5872
28.7934
28.9114
28.9794
29.0176
29.0370
29.0444
29.0438
29.0375
28.2754
27.8462
27.5888
27.4230
27.3106
27.2284
27.1644
27.1124
27.0688
27.0315
26.9995
26.9720
27.6854
28.0726
28.3000
28.4420
28.5360
28.6021
28.6509
28.6884
28.7181
27.9930
27.6071
27.3917
27.2634
27.1781
27.1158
27.0672
27.0268
26.9919
26.9608
26.9330
27.6454
28.0301
28.2550
28.3957
28.4902
28.5585
28.6101
28.6509
28.6844
27.9613
27.5748
28.0983
27.6223
27.3670
27.2161
27.8584
28.1920
28.3798
28.4926
28.5626
28.6077
28.6372
28.6567
28.6691
28.6762
28.6730
28.6626
28.6460
28.6246
27.8467
27.4082
27.1446
26.9682
26.8361
26.7278
26.6722
26.6711
26.6715
26.6718
26.6721
26.6724
26.6726
26.6729
26.6731
26.6733
26.6735
26.6737
26.6738
26.6740
26.6742
26.6744
26.6745
26.6747
26.6748
26.6750
26.6751
26.6753
26.6754
26.6756
26.6757
26.6758
26.6759
26.6759
26.6760
26.6760
26.6761
26.6761
26.6761
26.6762
26.6762
26.6763
26.6763
26.6764
26.6764
26.6764
26.6765
26.6765
26.6766
26.6766
26.6766
26.6766
26.6766
26.6766
26.6766
26.6767
23.8140
22.7765
22.1998
21.9342
21.7761
21.6599
21.5637
21.4793
21.4031
21.3332
21.2686
21.2084
23.1664
21.8942
21.3467
21.1468
21.0428
20.9724
20.9156
20.8658
20.8201
20.7773
20.7367
20.6981
20.6619
22.5233
21.3813
20.8636
20.6844
20.5974
20.5413
20.4969
20.4575
20.4206
20.3853
20.3512
20.3169
20.2829
22.0601
20.9890
20.4807
20.3038
20.2181
20.1634
20.1205
20.0826
20.0475
20.0139
19.9813
19.9496
19.9185
21.6166
20.6225
20.1223
19.9497
19.8674
19.8160
19.7763
19.7416
19.7094
19.6792
19.6502
19.6217
19.5940
21.2217
20.2957
19.8036
19.6349
19.5564
19.5085
19.4720
19.4410
19.4112
19.3828
19.3553
19.3285
19.3021
20.8643
19.9955
19.5110
19.3445
19.2668
19.2195
19.1836
19.1649
19.1542
19.1478
19.1443
19.1430
19.1435
20.6991
19.8740
19.4314
19.2988
19.7003
20.0681
20.2574
20.4340
20.6187
20.8097
20.9925
21.1627
21.3052
21.4276
21.5378
21.6398
21.7353
21.8254
26.2742
26.6576
26.6696
26.6702
26.6703
27.2727
27.6700
27.9491
28.1588
28.3206
28.4543
28.5704
28.6677
28.7504
28.8209
28.8674
28.9047
28.9364
28.9896
29.0787
29.1827
29.2920
28.6485
28.3506
28.9624
29.3278
29.5794
29.7014
29.7063
29.7069
29.7071
29.7073
29.7075
29.7077
29.7078
29.2699
29.0231
28.8706
29.4874
29.6991
29.7073
29.7077
29.1924
28.9084
28.7406
28.6295
28.5473
28.4801
28.4187
28.3601
28.3029
28.2405
28.1782
28.8420
29.1832
29.3706
29.4747
29.5333
29.5659
29.5830
29.5947
28.8533
28.4445
28.2018
28.0458
27.9364
27.8549
27.7912
27.7390
27.6946
27.6560
27.6220
27.5921
27.5657
28.2731
28.6536
28.8774
29.0191
29.1152
29.1843
29.2373
29.2800
29.3209
29.3565
29.3849
28.6629
28.2751
28.0524
27.9138
27.8188
27.7493
27.6947
27.6498
27.6095
27.5743
27.5437
27.5152
28.2216
28.5946
28.8077
28.9399
29.0278
29.0841
28.3762
27.9992
28.5145
28.7638
28.8843
28.9459
28.2337
27.8481
27.6190
28.1963
28.4676
28.6057
28.6780
28.7150
28.7326
28.7386
27.9940
27.5901
27.3526
27.1948
27.0775
26.9842
26.9037
26.8300
26.7616
26.6959
26.6712
26.6709
26.6712
26.6715
26.6717
26.6720
26.6722
26.6725
26.6727
26.6729
26.6731
26.6732
26.6734
26.6736
26.6737
26.6738
26.6740
26.6741
26.6743
26.6744
26.6746
26.6747
26.6749
26.6750
26.6751
26.6752
26.6753
26.6754
26.6755
26.6756
26.6756
26.6757
26.6758
26.6758
26.6759
26.6760
26.6761
26.6761
26.6762
26.6763
26.6764
26.6765
26.6766
26.6766
26.6767
26.6768
26.6769
26.6769
26.6770
26.6770
26.6771
23.8216
22.8043
22.2119
21.8861
21.7064
21.5786
21.4729
21.3795
21.2928
21.2132
21.1390
21.0677
22.9907
21.7741
21.2136
21.0150
20.9155
20.8514
20.8018
20.7598
20.7226
20.6889
20.6581
20.6295
22.0400
23.1670
23.2672
23.3371
23.4001
23.4507
23.4925
23.5276
23.5568
23.5822
23.6044
23.6239
23.6417
23.6579
24.2463
23.9863
23.8561
23.8024
23.7804
23.7732
23.7728
23.7755
23.7796
23.7843
23.7818
23.7746
23.7642
24.3307
24.0387
23.8791
23.7962
23.7454
23.7095
23.6803
23.6540
23.6293
23.6056
23.5826
23.5597
23.5368
24.0773
23.7808
23.6183
23.5322
23.4773
23.4371
23.4039
23.3741
23.3460
23.3188
23.2921
23.2656
23.2392
23.7584
23.4660
23.3059
23.2189
23.1625
23.1205
23.0854
23.0721
23.0573
23.0508
23.0497
23.0512
23.0545
23.5974
23.3500
23.2206
23.1673
23.4210
23.7087
23.9603
24.1709
24.3888
24.6028
24.8026
24.9884
25.0038
25.0045
25.0044
25.0043
25.0042
25.0040
24.1050
24.0123
24.0037
24.0028
24.0027
24.0026
24.0026
24.0033
24.0033
24.0032
24.0031
24.0030
24.0029
24.0136
24.0357
24.0452
24.0586
24.0762
24.0898
24.1005
24.1087
24.1156
24.1201
24.0147
24.0031
24.0018
24.0257
24.0565
24.0729
24.0840
24.0878
24.0864
24.0826
24.0765
24.0691
24.0089
24.0032
24.0113
24.0082
24.0064
24.0030
24.0025
24.0025
24.0018
24.0015
24.0014
24.0013
24.0012
24.0012
24.0012
24.0012
24.0013
24.0013
24.0014
24.0014
24.0019
24.0021
24.0021
24.0022
24.0022
24.0023
24.0023
24.0017
24.0014
24.0013
24.0013
24.0013
24.0013
24.0013
24.0013
24.0014
24.0014
24.0013
24.0013
24.0012
24.0012
24.0016
24.0018
24.0019
24.0020
24.0020
24.0021
24.0021
24.0021
24.0021
24.0015
24.0012
24.0011
24.0010
24.0010
24.0009
24.0009
24.0009
24.0010
24.0010
24.0011
24.0012
24.0017
24.0019
24.0020
24.0020
24.0020
24.0020
24.0014
24.0013
24.0018
24.0019
24.0014
24.0012
24.0017
24.0019
24.0020
24.0020
24.0021
24.0021
24.0021
24.0021
24.0020
24.0020
24.0020
24.0020
24.0021
24.0021
24.0015
24.0012
24.0011
24.0011
24.0010
24.0010
24.0010
24.0009
24.0009
24.0009
24.0008
24.0008
24.0008
24.0008
24.0008
24.0008
24.0008
24.0007
24.0007
24.0007
24.0007
24.0007
24.0007
24.0007
24.0007
24.0008
24.0008
24.0008
24.0008
24.0008
24.0008
24.0008
24.0008
24.0008
24.0008
24.0007
24.0007
24.0007
24.0007
24.0007
24.0007
24.0007
24.0008
24.0008
23.9994
23.9911
23.9814
23.9661
23.9527
23.9393
23.9254
23.9120
23.8982
23.8850
23.8714
23.8583
23.8448
24.4194
24.7265
24.2945
24.0638
23.9444
23.8769
23.8348
23.8052
23.7814
23.7608
23.7423
23.7237
23.7072
23.6907
24.2514
23.9627
23.8069
23.7263
23.6804
23.6515
23.6313
23.6159
23.6036
23.5942
23.5858
23.5762
23.5670
24.1282
23.8452
23.6998
23.6211
23.5762
23.5469
23.5249
23.5064
23.4896
23.4736
23.4579
23.4425
23.4271
23.9753
23.6904
23.5414
23.4591
23.4110
23.3790
23.3548
23.3347
23.3170
23.3008
23.2856
23.2711
23.2571
23.7986
23.5210
23.3759
23.2967
23.2510
23.2212
23.1995
23.1819
23.1665
23.1524
23.1391
23.1262
23.1138
23.6496
23.3783
23.2357
23.1579
23.1137
23.0853
23.0643
23.0473
23.0324
23.0186
23.0056
22.9931
22.9809
23.5100
23.2434
23.1023
23.0254
22.9815
22.9609
22.9487
22.9485
22.9519
22.9574
22.9644
22.9725
22.9816
23.5378
23.3008
23.4423
23.7142
23.9448
24.1538
24.3863
24.6252
24.8561
24.9993
25.0047
25.0049
25.0048
25.0047
25.0045
25.0042
24.1034
24.0113
24.0030
24.0022
24.0021
24.0030
24.0032
24.0032
24.0032
24.0031
24.0120
24.0652
24.1381
24.2125
24.2869
24.3612
24.4347
24.5068
24.5579
24.5942
24.6224
24.6450
24.6616
24.0900
24.0130
24.4302
24.5540
24.6044
24.6251
24.6361
24.6464
24.6566
24.6654
24.6729
24.6785
24.0923
24.0132
24.0030
24.3866
24.5054
24.5521
24.5689
24.5750
24.0748
24.0103
24.0023
24.0013
24.0011
24.0010
24.0009
24.0009
24.0009
24.0010
24.0233
24.0375
24.0187
24.0043
24.0023
24.0020
24.0020
24.0020
24.0020
24.0020
24.0015
24.0012
24.0012
24.0011
24.0011
24.0011
24.0011
24.0012
24.0012
24.0011
24.0015
24.0017
24.0018
24.0019
24.0019
24.0020
24.0020
24.0020
24.0020
24.0020
24.0020
24.0021
24.0015
24.0012
24.0011
24.0011
24.0010
24.0010
24.0010
24.0009
24.0009
24.0010
24.0011
24.0016
24.0019
24.0020
24.0020
24.0020
24.0021
24.0021
24.0015
24.0013
24.0017
24.0019
24.0019
24.0014
24.0012
24.0012
24.0016
24.0018
24.0019
24.0020
24.0020
24.0020
24.0020
24.0020
24.0014
24.0013
24.0012
24.0011
24.0011
24.0010
24.0009
24.0010
24.0009
24.0009
24.0009
24.0009
24.0009
24.0013
24.0015
24.0014
24.0012
24.0011
24.0011
24.0010
24.0010
24.0009
24.0009
24.0009
24.0009
24.0008
24.0008
24.0008
24.0008
24.0008
24.0008
24.0008
24.0009
24.0009
24.0009
24.0009
24.0009
24.0009
24.0009
24.0009
24.0009
24.0009
24.0009
24.0009
24.0009
24.0009
24.0009
24.0009
24.0009
24.0009
24.0009
24.0009
24.0009
24.0009
24.0009
24.0009
24.0009
24.0009
24.0009
24.0009
24.0009
24.0009
24.0013
24.0016
24.0018
24.0020
24.0022
24.0023
24.0023
24.0024
24.0025
24.0025
24.0025
24.5211
24.0751
24.0134
24.0046
24.0033
24.0030
24.0029
24.0028
24.0028
24.0027
24.0027
24.0027
24.0027
24.4712
24.0682
24.0125
24.0045
24.0033
24.0030
24.0029
24.0028
24.0027
24.0027
24.0027
24.0027
24.0026
24.4112
24.0597
24.0113
24.0043
24.0032
24.0029
24.0028
24.0027
24.0027
24.0026
24.0026
24.0026
24.0026
24.3544
24.0517
24.0101
24.0041
24.0031
24.0029
24.0028
24.0027
24.0027
24.0027
24.0027
24.0026
24.0026
24.3213
24.0472
24.0096
24.0041
24.0032
24.0030
24.0029
24.0029
24.0028
24.0028
24.0028
24.0028
24.0028
24.2950
24.0436
24.0093
24.0042
24.0034
24.0032
24.0031
24.0030
24.0030
24.0029
24.0029
24.0029
24.0028
24.3039
24.0450
24.0095
24.0043
24.0030
24.0024
24.0027
24.0022
24.0017
24.0013
24.0011
24.0009
24.0008
24.0007
24.0006
24.0005
24.0005
24.0004
24.0001
24.0001
24.0002
24.0002
24.0002
24.0003
24.0003
24.0003
24.0003
24.0003
24.0003
24.0003
24.0004
24.0004
24.0004
24.0004
24.0004
24.0004
24.0004
24.0004
24.0004
24.0004
24.0004
24.0004
24.0004
24.0004
24.0003
24.0003
24.0003
24.0003
24.0003
24.0003
24.0003
24.0003
24.0003
24.0003
24.0003
24.0003
24.0003
24.0003
24.0003
24.0003
24.0003
24.0003
24.0003
24.0003
24.0003
24.0003
24.0004
24.0004
24.0004
24.0004
24.0004
24.0004
24.0004
24.0004
24.0004
24.0004
24.0005
24.0005
24.0005
24.0005
24.0005
24.0005
24.0005
24.0005
24.0005
24.0005
24.0005
24.0005
24.0005
24.0005
24.0005
24.0005
24.0005
24.0005
24.0005
24.0005
24.0005
24.0005
24.0005
24.0005
24.0005
24.0004
24.0004
24.0004
24.0004
24.0005
24.0005
24.0005
24.0005
24.0005
24.0005
24.0005
24.0005
24.0005
24.0005
24.0005
24.0005
24.0005
24.0005
24.0006
24.0006
24.0006
24.0006
24.0006
24.0006
24.0006
24.0006
24.0006
24.0006
24.0006
24.0006
24.0006
24.0006
24.0006
24.0006
24.0007
24.0007
24.0007
24.0011
24.0010
24.0009
24.0009
24.0008
24.0007
24.0007
24.0007
24.0007
24.0006
24.0006
24.0006
24.9004
24.1270
24.0187
24.0038
24.0020
24.0018
24.0019
24.0020
24.0020
24.0021
24.0021
24.0022
24.0022
24.6948
24.1001
24.0165
24.0047
24.0030
24.0027
24.0026
24.0025
24.0025
24.0025
24.0025
24.0025
24.0025
24.5655
24.0816
24.0142
24.0046
24.0031
24.0028
24.0027
24.0026
24.0026
24.0026
24.0026
24.0026
24.0026
24.5039
24.0730
24.0131
24.0045
24.0032
24.0029
24.0028
24.0027
24.0027
24.0026
24.0026
24.0026
24.0026
24.4458
24.0648
24.0120
24.0044
24.0032
24.0029
24.0028
24.0028
24.0027
24.0027
24.0027
24.0027
24.0027
24.3826
24.0559
24.0109
24.0044
24.0033
24.0031
24.0030
24.0029
24.0029
24.0029
24.0029
24.0029
24.0029
24.3122
24.0461
24.0098
24.0044
24.0036
24.0034
24.0033
24.0032
24.0032
24.0032
24.0032
24.0032
24.0032
24.2412
24.0362
24.0087
24.0046
24.0039
24.0036
24.0035
24.0035
24.0034
24.0034
24.0034
24.0033
24.0033
24.2104
24.0320
24.0082
24.0046
24.0039
24.0036
24.0035
24.0034
24.0034
24.0033
24.0033
24.0033
24.0033
24.2053
24.0313
24.0080
24.0045
24.0039
24.0036
24.0035
24.0034
24.0034
24.0033
24.0033
24.0033
24.0032
24.2062
24.0314
24.0080
24.0044
24.0038
24.0035
24.0034
24.0033
24.0033
24.0032
24.0032
24.0032
24.0024
25.4100
24.1990
24.0287
24.0053
24.0021
24.0017
24.0016
24.0016
24.0016
24.0016
24.0016
24.0015
24.0015
25.4315
24.2012
24.0289
24.0052
24.0019
24.0014
24.0012
24.0012
24.0011
24.0010
24.0010
24.0010
24.0009
25.9265
24.2692
24.0371
24.0057
24.0014
24.0008
24.0007
24.0006
24.0006
24.0006
24.0006
24.0006
24.0006
26.1636
24.3379
24.0460
24.0067
24.0014
24.0007
24.0005
24.0005
24.0005
24.0005
24.0005
24.0005
24.0005
26.2060
24.3819
24.0519
24.0074
24.0015
24.0007
24.0006
24.0006
24.0006
24.0006
24.0006
24.0007
24.0007
25.9377
24.2708
24.0375
24.0059
24.0016
24.0010
24.0010
24.0010
24.0010
24.0010
24.0010
24.0011
24.0011
25.6571
24.2327
24.0328
24.0056
24.0018
24.0013
24.0012
24.0012
24.0011
24.0011
24.0011
24.0011
24.0011
25.6709
24.2347
24.0331
24.0056
24.0018
24.0013
24.0012
24.0012
24.0012
24.0012
24.0012
24.0012
24.0013
25.5731
24.2213
24.0316
24.0057
24.0021
24.0016
24.0015
24.0015
24.0015
24.0015
24.0015
24.0015
24.0015
25.4233
24.2007
24.0291
24.0056
24.0024
24.0019
24.0018
24.0018
24.0018
24.0018
24.0018
24.0018
24.0019
25.1624
24.1647
24.0248
24.0054
24.0027
24.0023
24.0022
24.0022
24.0022
24.0022
24.0022
24.0022
24.0022
24.9087
24.1298
24.0205
24.0053
24.0031
24.0027
24.0026
24.0026
24.0026
24.0026
24.0026
24.0026
24.0026
24.6865
24.0990
24.0168
24.0051
24.0034
24.0031
24.0030
24.0029
24.0029
24.0029
24.0029
24.0029
24.0029
24.5326
24.0772
24.0140
24.0049
24.0035
24.0032
24.0031
24.0030
24.0030
24.0029
24.0029
24.0029
24.0028
24.4660
24.0678
24.0126
24.0047
24.0034
24.0031
24.0030
24.0029
24.0029
24.0029
24.0028
24.0028
24.0028
24.4185
24.0611
24.0117
24.0045
24.0034
24.0031
24.0030
24.0029
24.0028
24.0028
24.0027
24.0027
24.0027
24.3701
24.0542
24.0106
24.0043
24.0033
24.0031
24.0030
24.0029
24.0029
24.0029
24.0028
24.0028
24.0028
24.3251
24.0479
24.0099
24.0044
24.0034
24.0032
24.0031
24.0030
24.0030
24.0030
24.0030
24.0030
24.0029
24.2838
24.0422
24.0093
24.0044
24.0036
24.0034
24.0033
24.0032
24.0032
24.0031
24.0031
24.0031
24.0031
24.2329
24.0351
24.0085
24.0045
24.0038
24.0036
24.0035
24.0034
24.0034
24.0033
24.0033
24.0033
24.0033
24.1808
24.0278
24.0076
24.0045
24.0039
24.0037
24.0036
24.0036
24.0035
24.0035
24.0035
24.0035
24.0035
24.1256
24.0200
24.0067
24.0046
23.4702
23.2351
23.1071
23.0325
22.9854
22.9530
22.9296
22.9113
22.8969
23.4280
24.3004
25.3073
25.0264
25.0087
25.0072
25.0064
25.0056
25.0050
25.0045
25.0041
25.0038
25.0036
25.0033
25.0032
24.0908
24.0074
24.0013
24.0010
24.0005
24.0008
24.0010
24.0011
24.0018
24.0021
24.0023
24.0025
24.0026
24.0027
24.0027
24.0026
24.0026
24.0026
24.0026
24.0026
24.0026
24.0027
24.0027
24.0019
24.0018
24.0024
24.0028
24.0107
24.0543
24.1039
24.0322
24.0092
24.0038
24.0029
24.0027
24.0026
24.0025
24.0019
24.0022
24.0023
24.0024
24.0024
24.0018
24.0016
24.0014
24.0013
24.0012
24.0012
24.0012
24.0011
24.0011
24.0012
24.0013
24.0013
24.0019
24.0021
24.0022
24.0022
24.0022
24.0022
24.0016
24.0014
24.0013
24.0012
24.0011
24.0011
24.0011
24.0011
24.0012
24.0012
24.0012
24.0013
24.0013
24.0018
24.0020
24.0021
24.0021
24.0021
24.0021
24.0022
24.0022
24.0022
24.0022
24.0022
24.0016
24.0013
24.0012
24.0011
24.0010
24.0010
24.0010
24.0010
24.0009
24.0009
24.0010
24.0016
24.0019
24.0021
24.0022
24.0022
24.0022
24.0015
24.0013
24.0018
24.0020
24.0020
24.0021
24.0014
24.0013
24.0018
24.0019
24.0020
24.0021
24.0021
24.0021
24.0021
24.0021
24.0021
24.0021
24.0014
24.0012
24.0012
24.0011
24.0010
24.0009
24.0009
24.0009
24.0009
24.0008
24.0009
24.0009
24.0008
24.0008
24.0008
24.0008
24.0008
24.0008
24.0008
24.0008
24.0008
24.0008
24.0008
24.0008
24.0008
24.0008
24.0008
24.0008
24.0008
24.0009
24.0009
24.0009
24.0009
24.0008
24.0008
24.0008
24.0008
24.0008
24.0008
24.0008
24.0008
24.0008
24.0008
24.0008
24.0008
24.0008
24.0009
24.0009
24.0009
24.0009
23.9988
23.9937
23.9879
23.9802
23.9748
23.9691
23.9634
23.9576
23.9519
23.9463
23.9407
24.5473
24.8977
25.1196
24.6071
24.3273
24.1799
24.1016
24.0574
24.0303
24.0122
23.9992
23.9893
23.9797
23.9712
23.9611
24.5487
24.2692
24.1114
24.0321
23.9883
23.9628
23.9466
23.9356
