12.8023
12.8391
12.8048
12.7999
12.8000
22.8712
13.3150
12.8365
12.8011
12.8003
12.8003
12.8003
12.8003
12.8003
12.8003
12.8003
12.8003
12.8003
22.6323
13.3139
12.8375
12.8013
12.8005
12.8004
12.8004
12.8004
12.8004
12.8004
12.8004
12.8004
12.8004
22.4783
13.3218
12.8307
12.8013
12.8005
12.8004
12.8004
12.8004
12.8004
12.8004
12.8004
12.8004
12.8004
22.3551
13.3255
12.8285
12.8013
12.8005
12.8005
12.8004
12.8004
12.8004
12.8004
12.8004
12.8004
12.8004
22.2513
13.3279
12.8276
12.8013
12.7561
12.7595
12.8099
12.8026
12.8019
12.8017
12.8015
12.8013
12.8013
22.1547
13.2729
12.8155
12.8199
12.7555
12.7961
12.7987
12.7991
12.8053
12.8034
12.8020
12.8019
12.8023
12.8026
12.8021
13.0016
12.7538
12.7926
12.7956
12.8839
12.8525
12.8590
12.8140
12.8183
12.8152
12.8189
12.8054
12.8112
12.8069
12.8054
12.8043
12.8031
12.8030
12.8029
12.8028
12.8027
12.8026
12.7931
12.7946
12.8137
12.8020
12.8106
12.8021
12.8230
12.8008
12.8022
12.7970
12.8075
12.8020
12.8021
12.7841
12.7890
12.7970
12.8024
12.8200
12.8092
12.8076
12.8009
12.7174
12.7961
12.7975
12.7971
12.7985
12.7986
12.7987
12.7978
12.8331
12.8109
12.8074
12.8238
12.8070
12.7841
12.8013
12.7924
12.7855
12.7870
12.7875
12.7852
12.6705
12.7980
12.7969
12.7982
12.8236
12.8206
12.8738
12.8075
12.8166
12.8181
12.8295
12.8082
12.8126
12.8052
12.8038
12.8035
12.8021
12.8020
12.8018
12.8016
12.8004
12.8073
12.7179
12.7925
12.7956
12.7977
12.7990
12.7984
12.7987
12.7988
12.7988
12.8333
12.8594
12.8090
12.8015
12.7807
12.8050
12.7985
12.7915
12.7911
12.8027
12.8047
12.8034
12.8031
12.7849
12.8049
12.7911
12.8236
12.7938
12.8111
12.7995
12.8082
12.8003
12.7974
12.7901
12.7934
12.7921
12.7814
12.7690
12.7626
12.7447
12.7591
12.7952
12.7550
12.8607
12.7945
12.7650
12.7970
12.7768
12.7936
12.7827
12.7511
12.8286
12.8451
12.7972
12.8588
12.6917
12.7994
12.7976
12.7982
12.7986
12.7992
12.7996
12.7987
12.8198
12.8059
12.8812
12.7816
12.7550
12.7994
12.7990
12.7641
12.7988
12.7917
12.7771
12.7976
12.7993
12.7796
12.7992
12.7993
12.8000
12.8611
12.8093
12.8109
12.8077
12.8199
12.7970
12.8023
12.8030
12.8007
12.7695
12.8004
12.8001
12.8003
12.8003
12.8003
12.8004
23.0397
23.5938
23.8945
13.3416
12.8114
12.7995
12.7991
12.7993
12.7994
12.7995
12.8014
12.8015
12.8072
12.8015
12.7913
22.9245
13.2675
12.8505
12.8013
12.7987
12.7987
12.8004
12.7988
12.8021
12.8375
12.8049
12.7999
12.7999
22.8194
13.3289
12.8268
12.8009
12.8003
12.8002
12.8002
12.8003
12.8003
12.8003
12.8003
12.8003
12.8003
22.6902
13.3274
12.8276
12.8012
12.8005
12.8004
12.8004
12.8004
12.8004
12.8004
12.8004
12.8004
12.8004
22.6060
13.3284
12.8272
12.8012
12.8005
12.8004
12.8004
12.8004
12.8004
12.8004
12.8004
12.8004
12.8004
22.5690
13.3294
12.8267
12.8012
12.8005
12.8005
12.8004
12.8004
12.8004
12.8004
12.8004
12.8004
12.8004
22.5298
13.3303
12.8263
12.8012
12.8095
12.7220
12.7956
12.7991
12.7994
12.7995
12.7996
12.7996
12.7997
22.5302
13.3286
12.7517
12.8830
12.7560
12.7963
12.7989
12.7992
12.7994
12.7995
12.7996
12.7997
12.7997
12.7998
12.7998
12.9068
12.7615
12.7933
12.7957
12.8462
12.8989
12.8488
12.8239
12.8172
12.8199
12.8144
12.8082
12.8142
12.8113
12.8085
12.8074
12.8073
12.8072
12.8061
12.8056
12.8054
12.8004
12.8029
12.7949
12.8056
12.8054
12.8176
12.8099
12.8024
12.8042
12.8030
12.7964
12.8078
12.8028
12.8018
12.7791
12.7682
12.8151
12.8048
12.8171
12.8078
12.8117
12.8005
12.6974
12.7950
12.7985
12.7993
12.7997
12.7988
12.7988
12.7978
12.8747
12.8223
12.8312
12.7989
12.8055
12.7829
12.8002
12.7932
12.7925
12.7844
12.7786
12.7720
12.7319
12.7774
12.7973
12.7983
12.7992
12.8302
12.8215
12.8689
12.8063
12.7771
12.7667
12.8090
12.8060
12.8157
12.8055
12.8021
12.8017
12.8018
12.8019
12.8018
12.7896
12.7842
12.6986
12.7948
12.7973
12.7983
12.7988
12.7993
12.8028
12.8003
12.8002
12.8556
12.8338
12.8340
12.8108
12.8045
12.8037
12.7999
12.8060
12.7989
12.7726
12.8053
12.8092
12.8129
12.7971
12.7852
12.8046
12.7968
12.8106
12.8036
12.8280
12.8008
12.7992
12.7979
12.7977
12.7977
12.7974
12.9205
12.7554
12.7806
12.7880
12.6820
12.8140
12.7439
12.8064
12.8184
12.7972
12.7639
12.7909
12.7953
12.7867
12.7281
12.8174
12.8449
12.7982
12.8330
12.7211
12.7947
12.7958
12.7965
12.7969
12.7971
12.7973
12.7975
12.8161
12.8832
12.8061
12.8007
12.7352
12.7981
12.7981
12.8107
12.7992
12.7924
12.7512
12.7980
12.7565
12.7970
12.7978
12.7982
12.7983
12.8182
12.8664
12.8205
12.8012
12.7691
12.8072
12.7991
12.7993
12.8004
12.7993
12.7989
12.7993
12.7994
12.7994
12.7994
12.7994
23.4400
24.0226
24.3407
13.3295
12.8174
12.7993
12.7959
12.7977
12.7982
12.7941
12.8006
12.8032
12.8105
12.7882
12.7984
23.3388
13.2488
12.8535
12.8022
12.7991
12.7990
12.8004
12.8055
12.7981
12.8365
12.8042
12.7996
12.7997
23.2950
13.2861
12.8538
12.8021
12.8003
12.8002
12.8002
12.8003
12.8003
12.8003
12.8003
12.8003
12.8004
23.2337
13.2837
12.8552
12.8025
12.8006
12.8005
12.8004
12.8004
12.8004
12.8004
12.8004
12.8004
12.8004
23.1676
13.2848
12.8549
12.8026
12.8006
12.8005
12.8005
12.8005
12.8005
12.8005
12.8005
12.8005
12.8005
23.0470
13.2866
12.8543
12.8026
12.8007
12.8005
12.8005
12.8005
12.8005
12.8005
12.8005
12.8005
12.8005
22.9247
13.2889
12.8535
12.8026
12.7859
12.7206
12.8027
12.8032
12.8022
12.8019
12.8017
12.8015
12.8014
22.8461
13.2861
12.7756
12.8629
12.7585
12.7957
12.7985
12.7989
12.7991
12.7762
12.7997
12.7995
12.7996
12.7996
12.7996
12.9771
12.7463
12.7957
12.7989
12.9316
12.8519
12.8114
12.8171
12.8238
12.8162
12.8081
12.8061
12.8086
12.8040
12.8041
12.8050
12.8037
12.8037
12.8043
12.8045
12.8050
12.8037
12.7851
12.7844
12.8224
12.8124
12.8196
12.8059
12.8003
12.8038
12.8014
12.7942
12.8073
12.8002
12.7995
12.7846
12.7804
12.7995
12.8004
12.8107
12.8077
12.8062
12.8089
12.7137
12.7979
12.7988
12.8007
12.8001
12.8004
12.7996
12.8008
12.8409
12.8625
12.8094
12.8051
12.7997
12.7817
12.8014
12.7970
12.7917
12.7823
12.7847
12.7866
12.6986
12.7972
12.7975
12.7988
12.8056
12.7999
12.8489
12.8257
12.8055
12.8420
12.8163
12.8041
12.8174
12.8039
12.8040
12.8019
12.8018
12.8018
12.8017
12.8015
12.7998
12.8108
12.7190
12.7971
12.7979
12.7987
12.7990
12.7993
12.7995
12.7996
12.7997
12.8068
12.8727
12.9267
12.7818
12.8010
12.8002
12.7981
12.7954
12.7996
12.7965
12.7938
12.8082
12.8004
12.8027
12.7859
12.7970
12.8020
12.8078
12.8231
12.8018
12.8078
12.8003
12.7989
12.7905
12.7916
12.7944
12.7864
12.7890
12.7910
12.7459
12.7484
12.7876
12.7918
12.7999
12.7936
12.7939
12.7624
12.7913
12.7942
12.7215
12.7814
12.8477
12.8169
12.7935
12.8552
12.7001
12.7939
12.7950
12.7957
12.7960
12.7964
12.7960
12.7958
12.8158
12.8460
12.8178
12.7999
12.7552
12.7985
12.7975
12.7968
12.8290
12.7693
12.8002
12.7513
12.7628
12.7970
12.7975
12.7980
12.7983
12.7974
12.8825
12.8227
12.8025
12.8025
12.7742
12.8000
12.7988
12.7990
12.7990
12.7990
12.7991
12.7991
12.7991
12.7991
12.7991
23.8260
24.4452
24.7823
13.2913
12.8261
12.7905
12.7966
12.7938
12.7987
12.7891
12.7910
12.7948
12.8080
12.7776
12.7774
23.7531
13.2661
12.8271
12.7950
12.7896
12.7947
12.7962
12.8038
12.8180
12.8165
12.7996
12.7951
12.7952
23.6284
13.2695
12.8529
12.7977
12.7956
12.7955
12.7956
12.7956
12.7956
12.7956
12.7957
12.7957
12.7957
23.4993
13.2667
12.8545
12.7980
12.7959
12.7958
12.7958
12.7958
12.7958
12.7958
12.7958
12.7958
12.7959
23.3198
13.2683
12.8539
12.7982
12.7960
12.7959
12.7959
12.7959
12.7959
12.7960
12.7960
12.7960
12.7960
23.0813
13.2709
12.8530
12.7983
12.7962
12.7961
12.7961
12.7961
12.7961
12.7961
12.7961
12.7961
12.7962
22.8274
13.2745
12.8519
12.7984
12.7936
12.7221
12.7914
12.8027
12.8024
12.8020
12.8018
12.8016
12.8014
22.7219
13.2891
12.7579
12.8739
12.7570
12.7953
12.7983
12.7987
12.7990
12.7992
12.8020
12.8044
12.8033
12.8034
12.8032
13.0407
12.7282
12.7970
12.8025
12.9435
12.8321
12.8598
12.8120
12.8169
12.8085
12.8137
12.8091
12.8086
12.8043
12.8031
12.8030
12.8029
12.8027
12.8018
12.8014
12.8013
12.8007
12.8009
12.7952
12.7658
12.8116
12.8165
12.8109
12.8058
12.7971
12.7993
12.7952
12.8068
12.8021
12.7990
12.7949
12.7798
12.7797
12.8098
12.8204
12.8147
12.8073
12.8062
12.6994
12.7966
12.7969
12.7980
12.7985
12.7982
12.7983
12.7984
12.8033
12.8477
12.8564
12.8122
12.8031
12.7831
12.7996
12.7876
12.7943
12.7844
12.7884
12.7855
12.7224
12.7261
12.7952
12.7962
12.8449
12.8888
12.8136
12.8094
12.8205
12.8126
12.8088
12.8116
12.8037
12.8079
12.8017
12.8020
12.8020
12.8019
12.8018
12.8018
12.7961
12.7988
12.7324
12.7970
12.7982
12.7992
12.7993
12.7994
12.7995
12.7996
12.7998
12.8222
12.8732
12.8008
12.8134
12.7831
12.8008
12.7990
12.7945
12.7906
12.7922
12.8118
12.8074
12.7958
12.7964
12.7879
12.8026
12.8199
12.7921
12.7997
12.8147
12.8053
12.7988
12.7977
12.7945
12.7875
12.7944
12.7913
12.7797
12.7928
12.7856
12.6859
12.8109
12.7960
12.7853
12.7620
12.8359
12.7655
12.7847
12.7679
12.7951
12.8243
12.7973
12.7964
12.7733
12.8608
12.7187
12.7933
12.7955
12.7962
12.7965
12.7959
12.7958
12.7966
12.7971
12.8157
12.8377
12.8435
12.7825
12.7589
12.7977
12.7948
12.7761
12.7981
12.7740
12.7992
12.7652
12.7956
12.7981
12.7985
12.8657
12.8007
12.8005
12.8198
12.7989
12.8094
12.7981
12.8185
12.8033
12.8005
12.7672
12.7989
12.7988
12.7989
12.7990
12.7991
12.7991
23.6559
24.2525
24.5782
13.3153
12.8169
12.7921
12.7932
12.7939
12.7902
12.7891
12.7928
12.7965
12.7972
12.7720
12.7875
23.5879
13.2741
12.8239
12.8011
12.7975
12.7977
12.8008
12.8011
12.8159
12.8190
12.7996
12.7951
12.7952
23.5148
13.2672
12.8542
12.7977
12.7955
12.7955
12.7955
12.7955
12.7956
12.7956
12.7956
12.7956
12.7956
23.4242
13.2659
12.8549
12.7980
12.7958
12.7957
12.7957
12.7957
12.7957
12.7958
12.7958
12.7958
12.7958
23.3322
13.2683
12.8539
12.7981
12.7960
12.7959
12.7958
12.7958
12.7958
12.7958
12.7959
12.7959
12.7959
23.2650
13.2712
12.8529
12.7982
12.7961
12.7960
12.7959
12.7959
12.7959
12.7959
12.7960
12.7960
12.7960
23.2083
13.2743
12.8518
12.7982
12.7976
12.7225
12.7913
12.8036
12.8016
12.7984
12.7957
12.7933
12.7923
23.2158
13.2905
12.7572
12.9050
12.7597
12.7984
12.7957
12.7951
12.7945
12.7982
12.7982
12.7983
12.7986
12.7989
12.7991
13.0658
12.7052
12.7900
12.7970
12.7981
12.7986
12.7991
12.7994
12.7997
12.7999
12.8001
12.8002
12.8016
12.8012
12.8005
12.8008
12.8002
12.8007
12.8005
12.8005
12.8007
12.8009
12.8009
12.8018
12.8017
12.8014
12.8010
12.8005
12.8015
12.8015
12.8017
12.8020
12.8029
12.8023
12.8021
12.8020
12.8018
12.8017
12.8015
12.8013
12.8016
12.8014
12.8006
12.8006
12.8004
12.8002
12.8002
12.8001
12.7996
12.8008
12.7994
12.7994
12.7994
12.7994
12.8001
12.8004
12.7989
12.7996
12.8000
12.8001
12.7976
12.7983
12.7994
12.7998
12.8001
12.8003
12.8003
12.8003
12.8004
12.8005
12.8006
12.8007
12.8009
12.8006
12.8009
12.8011
12.8012
12.8012
12.8016
12.8018
12.8019
12.8020
12.8021
12.8023
12.8021
12.8001
12.8020
12.8019
12.8019
12.8018
12.8013
12.8010
12.8008
12.8008
12.8008
12.8005
12.8002
12.7992
12.8002
12.7997
12.7998
12.7998
12.8006
12.8009
12.8009
12.8009
12.8010
12.8010
12.8010
12.8017
12.8010
12.8009
12.8008
12.8007
12.7998
12.7995
12.7993
12.7992
12.7991
12.7992
12.6962
12.8002
12.8002
12.8002
12.8002
12.8002
12.8001
12.8001
12.8001
12.8001
12.8001
12.8001
25.9336
13.3334
12.8192
12.7975
12.7991
12.7970
12.7970
12.7971
12.7971
12.7972
12.7971
12.7970
12.7971
24.9368
13.3041
12.8387
12.7981
12.7971
12.7966
12.7959
12.7951
12.7955
12.7955
12.7956
12.7956
12.7956
24.3146
13.2849
12.8478
12.7976
12.7958
12.7957
12.7957
12.7957
12.7957
12.7957
12.7957
12.7957
12.7957
24.0591
13.2787
12.8499
12.7978
12.7959
12.7958
12.7957
12.7957
12.7957
12.7957
12.7957
12.7957
12.7958
23.9020
13.2755
12.8509
12.7979
12.7959
12.7958
12.7958
12.7958
12.7958
12.7958
12.7958
12.7958
12.7958
23.8107
13.2739
12.8515
12.7980
12.7960
12.7959
12.7958
12.7958
12.7958
12.7958
12.7959
12.7959
12.7959
23.6803
13.2735
12.8517
12.7981
12.7960
12.7959
12.7959
12.7959
12.7959
12.7959
12.7959
12.7960
12.7960
23.5567
13.2742
12.8515
12.7982
12.7961
12.7960
12.7960
12.7960
12.7960
12.7960
12.7960
12.7961
12.7961
23.4237
13.2758
12.8509
12.7982
12.7963
12.7962
12.7961
12.7961
12.7961
12.7961
12.7962
12.7962
12.7962
23.2924
13.2782
12.8495
12.7978
12.7961
12.7961
12.7961
12.7961
12.7961
12.7961
12.7960
12.7960
12.7960
23.1645
13.2813
12.8481
12.7974
12.7957
12.7957
12.7957
12.7957
12.7956
12.7956
12.7955
12.7955
12.7954
23.4883
13.2843
12.8487
12.7946
12.7928
12.7926
12.7926
12.7926
12.7926
12.7926
12.7925
12.7925
12.7925
24.1695
13.2735
12.8552
12.7937
12.7919
12.7918
12.7917
12.7916
12.7915
12.7914
12.7913
12.7912
12.7911
24.5569
13.2658
12.8583
12.7923
12.7903
12.7903
12.7903
12.7902
12.7901
12.7900
12.7899
12.7999
12.7999
25.0127
13.2465
12.8692
12.8023
12.7994
12.7993
12.7992
12.7992
12.7992
12.7992
12.7992
12.7992
12.7993
25.4564
13.2692
12.8459
12.8049
12.8001
12.7999
12.8002
12.8000
12.7999
12.8003
12.7985
12.8000
12.8001
25.9962
13.2777
12.8313
12.8044
12.8003
12.8002
12.7997
12.7999
12.8000
12.8000
12.8000
12.7992
12.7995
26.2896
13.2753
12.8295
12.8044
12.8004
12.8002
12.8002
12.8002
12.7980
12.8004
12.8004
12.8005
12.8005
26.2078
13.2759
12.8271
12.8037
12.8000
12.7999
12.8000
12.8024
12.8000
12.8000
12.8000
12.8000
12.8000
26.1349
13.2759
12.8273
12.8037
12.8002
12.8000
12.8015
12.8000
12.8000
12.7999
12.8000
12.8000
12.8001
26.3346
13.2752
12.8277
12.8037
12.8001
12.7999
12.7999
12.7999
12.8000
12.8000
12.8000
12.8000
12.7901
25.8860
13.2737
12.8268
12.8034
12.7908
12.7911
12.7914
12.7917
12.7919
12.7921
12.7923
12.7925
12.7927
25.2435
13.2737
12.8177
12.7991
12.7933
12.7934
12.7936
12.7936
12.7936
12.7936
12.7937
12.7937
12.7937
24.5876
13.2696
12.8284
12.7969
12.7939
12.7938
12.7938
12.7938
12.7938
12.7938
12.7939
12.7939
12.7938
24.0680
13.2673
12.8331
12.7965
12.7936
12.7936
12.7936
12.7936
12.7937
12.7936
12.7937
12.7937
12.7937
23.7894
13.2644
12.8392
12.7965
12.7937
12.7938
12.7939
12.7939
12.7940
12.7940
12.7941
12.7941
12.7942
23.5733
13.2612
12.8465
12.7971
12.7944
12.7942
12.7942
12.7942
12.7942
12.7943
12.7943
12.7943
12.7943
23.4028
13.2579
12.8544
12.7977
12.7945
12.7944
12.7944
12.7944
12.7944
12.7944
12.7945
12.7945
12.7945
23.1899
13.2542
12.8624
12.7978
12.7948
12.7947
12.7946
12.7948
12.7951
12.8005
12.8005
12.8005
12.8005
22.9634
13.2495
12.8736
12.8033
12.8007
12.8006
12.8006
12.8006
12.8006
12.8006
12.8006
12.8006
12.8006
22.7447
13.2496
12.8681
12.8032
12.8007
12.8006
12.8006
12.8006
12.8006
12.8006
12.8006
12.8006
12.8006
22.5206
13.2609
12.8616
12.8032
12.8008
12.8007
12.8007
12.8007
12.8007
12.8007
12.8007
12.8007
12.8007
22.3034
13.2690
12.8586
12.8031
12.7968
12.7254
12.7912
12.7981
12.7987
12.8022
12.8021
12.8019
12.8018
22.2774
13.2917
12.7609
12.8802
12.7559
12.7952
12.7981
12.8050
12.8044
12.8025
12.8033
12.8025
12.8024
12.8024
12.8023
13.0400
12.7275
12.7944
12.8001
12.8875
12.9018
12.8303
12.8120
12.8130
12.8123
12.8063
12.8053
12.8079
12.8057
12.8023
12.8025
12.8021
12.8022
12.8024
12.8024
12.8019
12.7994
12.8002
12.7992
40.0388
12.7508
12.8096
12.8036
12.7993
12.7987
12.7993
12.8003
12.8002
12.8002
12.7989
12.7951
12.7860
12.8070
12.8037
12.8056
12.8045
12.7926
12.8217
12.7398
12.7960
12.7980
12.7987
12.7991
12.7992
12.7998
12.7995
12.8262
12.8101
12.8401
12.8013
12.7943
12.7885
12.7998
12.7898
12.7919
12.7829
12.7948
12.7954
12.7918
12.7797
12.7989
12.7993
12.7990
12.8189
12.8093
12.8117
12.8078
12.8010
12.8195
12.8009
12.8042
12.8018
12.7996
12.8008
12.8009
12.8009
12.8009
12.8010
12.8010
12.8230
12.7341
12.7950
12.7979
12.7987
12.7991
12.7988
12.7987
12.7988
12.7988
12.7989
12.8688
12.8146
12.7922
12.7828
12.7988
12.7988
12.8002
12.7846
12.7990
12.7920
12.8126
12.8066
12.7929
12.7989
12.7929
12.8178
12.8009
12.8130
12.7999
12.7996
12.8063
12.7997
12.7995
12.7995
12.7929
12.7992
12.7924
12.7887
12.7879
12.7648
12.8305
12.7802
12.7978
12.8205
12.7969
12.7648
12.7901
12.7977
12.8043
12.7953
12.7989
12.8010
12.7979
12.8117
12.7730
12.7934
12.7981
19.8781
21.4357
22.2083
22.9879
23.5746
12.8168
12.8253
12.7997
12.7999
12.7988
12.7818
12.7989
12.8309
12.7876
12.7945
12.7989
12.8009
12.7751
17.5053
24.9015
25.5749
25.9556
26.2596
26.5013
26.6980
26.8768
13.0977
12.6271
12.8147
12.7627
12.7943
12.7952
12.8028
12.7966
12.7970
12.7977
12.7979
12.7971
23.7925
24.3770
24.6870
13.2942
12.8296
12.7968
12.7969
12.7975
12.7979
12.7983
12.7979
12.7957
12.8039
12.8112
12.8045
23.6090
13.2752
12.8067
12.7983
12.7964
12.7983
12.8001
12.8181
12.8089
13.4618
12.8005
12.7999
12.7999
20.4936
13.9620
12.8005
12.7998
12.7998
12.7998
12.7997
12.7997
12.7997
12.7997
12.7997
12.7997
12.7997
19.8118
13.9629
12.8002
12.7997
12.7997
12.7997
12.7997
12.7997
12.7997
12.7997
12.7997
12.7997
12.7997
19.4374
13.9631
12.8002
12.7997
12.7997
12.7998
12.7998
12.7998
12.7998
12.7998
12.7998
12.7998
12.7998
19.1636
13.9632
12.8003
12.7998
12.7998
12.7998
12.7998
12.7998
12.7998
12.7998
12.7998
12.7998
12.7998
18.9275
13.9632
12.8003
12.7998
12.7998
12.7998
12.7998
12.7998
12.7998
12.7998
12.7998
12.7998
12.7998
18.8380
13.9632
12.8003
12.8002
12.7999
12.7999
12.7998
12.7996
12.7993
12.7999
12.7999
12.7998
12.7997
12.7997
12.7996
36.8082
39.9948
39.9882
39.9975
19.0298
15.6276
13.4596
12.8225
12.8161
12.8166
12.8067
12.8060
12.8058
12.8056
12.8054
12.8053
12.8051
12.7972
12.7996
12.8013
12.8016
12.8011
12.8034
12.8007
12.8018
12.8002
12.8002
12.8002
12.8002
12.8002
12.8002
12.8002
12.8002
12.8002
12.8002
12.8002
12.8002
12.8002
12.8002
12.8002
12.8002
12.8002
12.8002
12.8002
12.8002
12.8002
12.8002
12.8002
12.8001
12.8001
12.7972
12.7983
12.8050
12.8002
12.8002
12.8002
12.8002
12.8002
12.8002
12.8002
12.8002
12.8002
12.8002
12.8002
12.8002
12.8002
12.8002
12.8002
12.8002
12.8002
12.8002
12.8002
12.8002
12.8002
12.8002
12.8002
12.8002
12.8002
12.8002
12.7979
12.7992
12.7997
12.7998
12.7998
12.8029
12.8024
12.8002
12.7929
12.7940
12.7979
12.7986
12.7979
12.7982
12.7990
12.8060
12.8084
12.8018
12.8071
12.7990
12.7925
12.7986
12.7997
12.7999
12.8020
12.8041
12.7970
12.7999
12.7903
12.7955
12.7998
12.7990
12.8002
12.8006
12.8017
12.7993
12.7981
12.7991
12.8013
12.8040
12.8044
12.8052
12.8088
12.8051
12.8011
12.8020
12.7999
12.8020
12.8021
12.7989
12.7978
12.7999
12.8010
12.8010
12.7990
12.8010
12.7980
12.7979
12.7984
12.8078
12.8025
12.8002
12.8002
12.8002
12.8002
12.8002
14.2256
16.1262
16.8354
17.4188
17.9322
18.3926
12.8003
12.8003
12.7957
12.7999
12.8008
12.8020
12.8010
12.8000
12.8000
12.8028
12.8003
17.0611
18.9210
19.4550
19.8535
20.1880
20.4721
20.7261
12.7990
12.7981
12.8044
12.7944
12.7980
12.7994
12.7995
12.7996
12.7997
12.7997
12.8018
15.0029
13.7777
12.8653
12.8000
12.7995
12.8001
12.8000
12.7999
12.7998
12.7998
12.7997
12.7997
20.9717
13.9617
12.8003
12.7996
12.7995
12.7995
12.7995
12.7995
12.7995
12.7995
12.7995
12.7995
12.7995
20.4158
13.9621
12.8001
12.7995
12.7996
12.7996
12.7996
12.7996
12.7996
12.7996
12.7996
12.7996
12.7996
20.0393
13.9626
12.8001
12.7996
12.7996
12.7996
12.7996
12.7996
12.7996
12.7997
12.7997
12.7997
12.7997
19.6959
13.9628
12.8002
12.7997
12.7997
12.7997
12.7997
12.7997
12.7997
12.7997
12.7997
12.7997
12.7997
19.3871
13.9629
12.8002
12.7997
12.7997
12.7997
12.7998
12.7998
12.7998
12.7998
12.7998
12.7998
12.7998
19.1097
13.9630
12.8003
12.7998
12.7998
12.7998
12.7998
12.7998
12.7998
12.7998
12.7998
12.7998
12.7998
18.9612
13.9631
12.8003
12.7998
12.7998
12.7998
12.8002
12.7998
12.7997
12.7993
12.7999
12.7998
12.7997
12.7996
12.7995
12.7994
12.7993
12.7992
36.7959
39.9917
40.0035
36.0997
13.9728
12.8209
12.8071
12.8095
12.8079
12.8026
12.8043
12.8002
12.8002
12.8002
12.8002
12.8002
12.8002
12.8002
12.8002
12.8002
12.8002
12.8002
12.8002
12.8002
12.7985
12.7967
12.7968
12.7949
12.7962
12.7973
12.7990
12.7999
12.8001
12.8004
12.8005
12.8050
12.8018
12.8009
12.8040
12.7996
12.7962
12.7997
12.8059
12.8101
12.8002
12.8001
12.8001
12.7958
12.7969
12.7982
12.7986
12.8008
12.8053
12.8054
12.7986
12.7962
12.7991
12.7994
12.8005
12.8006
12.8721
12.8062
12.8003
12.8003
12.8003
12.8003
12.8003
12.8004
12.8004
12.8004
12.8004
12.7966
12.7947
12.7905
12.7982
12.7984
12.7997
12.7998
12.7999
12.7999
12.8000
12.8000
12.7999
12.8026
12.8055
12.8006
12.7976
12.7814
12.7972
12.7977
12.7992
12.7973
12.7997
12.8001
12.8056
12.8136
12.8124
12.8073
12.8009
12.7924
12.8005
12.8020
12.7999
12.7907
12.8008
12.8056
12.7999
12.7879
12.8018
12.7959
12.7968
12.7992
12.8020
12.7976
12.8007
12.7993
12.8002
12.8014
12.8007
12.8037
12.8091
12.8207
12.8124
12.8041
12.7996
12.8039
12.7959
12.8035
12.7933
12.8025
12.8130
12.8009
12.7380
12.8063
12.8056
12.7946
12.8010
12.8001
12.8020
12.8102
12.8003
12.8003
12.8001
12.8000
12.8002
12.8046
12.8004
12.8004
13.8293
12.8005
12.8005
12.8005
12.7942
12.7966
12.7983
12.7957
12.8077
12.7998
12.8022
12.8002
12.8070
12.7894
12.7988
14.3707
16.8699
17.5667
18.1067
18.5703
18.9734
19.3330
19.6580
12.7959
12.7986
12.8105
12.7938
12.7992
12.7995
12.7997
12.7998
12.8007
15.2474
14.0177
13.1158
12.8004
12.7998
12.7994
12.8000
12.8000
12.7999
12.7999
12.7998
12.7998
20.8653
13.9616
12.8004
12.7996
12.7996
12.7996
12.7996
12.7996
12.7996
12.7996
12.7996
12.7996
12.1877
21.8431
13.3027
12.7568
12.7972
12.7992
12.7994
12.7995
12.7995
12.7996
12.7996
12.7996
12.7997
12.7997
23.4721
13.3054
12.7485
12.7972
12.7995
12.7997
12.7997
12.7997
12.7997
12.7998
12.7998
12.7998
12.7998
23.5913
13.2973
12.7525
12.7974
12.7999
12.8008
12.8008
12.8008
12.8008
12.8008
12.8008
12.8008
12.8009
23.3794
13.2914
12.7578
12.8047
12.8014
12.8011
12.8010
12.8010
12.8010
12.8010
12.8010
12.8010
12.8010
23.0922
13.2850
12.7736
12.8048
12.8014
12.8011
12.8011
12.9185
12.7700
12.7728
12.7942
12.7963
12.7969
22.9144
13.3821
12.7420
12.7835
12.7967
12.7977
12.9109
12.7701
12.7941
12.7974
12.7984
12.8002
12.8010
12.8026
12.8023
12.8009
12.8010
12.8010
13.0769
12.6907
12.7877
12.7978
12.9267
12.8644
12.8237
12.8143
12.8179
12.8109
12.8096
12.8054
12.8028
12.8025
12.8023
12.8013
12.8017
12.8019
12.8014
12.8022
12.8011
12.8010
12.7949
12.7839
12.8033
12.8003
12.8164
12.8055
12.8007
12.8007
12.8003
12.8001
12.7998
12.7994
12.7974
12.7873
12.8020
12.8017
12.7897
12.8035
12.8059
12.8057
12.8152
12.7379
12.7859
12.7961
12.7975
12.7981
12.7975
12.7978
12.7980
12.8445
12.8315
12.8071
12.8085
12.8029
12.7807
12.7987
12.7989
12.7980
12.7930
12.7814
12.7862
12.7132
12.7913
12.7937
12.7977
12.8036
12.8174
12.8301
12.8481
12.8062
12.8017
12.8048
12.8073
12.8096
12.8067
12.8013
12.8016
12.8002
12.8001
12.7999
12.7998
12.7922
12.8185
12.7129
12.7842
12.7945
12.7960
12.7966
12.7979
12.7985
12.8212
12.8001
12.8501
12.8548
12.8036
12.7976
12.7831
12.8007
12.8008
12.7894
12.7932
12.7970
12.8145
12.8075
12.8012
12.7841
12.7933
12.8154
12.8245
12.8063
12.8012
12.8041
12.8004
12.7989
12.7987
12.7944
12.7865
12.7958
12.7890
12.7920
12.7949
12.7842
12.7156
12.8233
12.7690
12.7776
12.8162
12.7945
12.7630
12.7920
12.7847
12.7525
12.8304
12.7935
12.8005
12.7926
12.8267
12.7318
12.7932
12.7940
12.7947
12.7951
12.7955
12.7947
12.7958
12.8011
12.8331
12.8589
12.8003
12.7349
12.7968
12.7965
12.8275
12.7518
12.7913
12.7965
12.7476
12.7912
12.7962
12.7969
12.7972
12.8168
12.7984
12.8456
12.8184
12.8054
12.8021
12.8397
12.7689
12.7993
12.7993
12.7993
12.7993
12.7993
12.7993
12.7993
12.7992
12.7992
23.8695
24.4685
13.3364
12.8024
12.7874
12.7833
12.7898
12.7969
12.7894
12.7983
12.8014
12.7945
12.8037
12.7953
23.6885
13.2812
12.7960
12.8029
12.7992
12.7991
12.7993
12.7966
12.7988
12.8212
12.8275
12.8043
12.7999
23.5322
13.2480
12.8717
12.8029
12.8003
12.8002
12.8003
12.8003
12.8003
12.8003
12.8003
12.8004
12.8004
23.3720
13.2483
12.8718
12.8032
12.8005
12.8004
12.8004
12.8004
12.8004
12.8004
12.8004
12.8004
12.8004
23.2035
13.2474
12.8744
12.8032
12.8005
12.8005
12.8005
12.8005
12.8005
12.8005
12.8005
12.8005
12.8005
23.0624
13.2536
12.8705
12.8032
12.8006
12.8005
12.8005
12.8005
12.8005
12.8005
12.8005
12.8005
12.8005
22.9294
13.2601
12.8663
12.8031
12.8006
12.8079
12.7303
12.7903
12.7980
12.7986
12.7989
12.7991
12.7992
22.9264
13.3014
12.7503
12.7971
12.8973
12.7546
12.7948
12.7979
12.7985
12.8034
12.8040
12.8022
12.8016
12.8014
12.8013
12.8012
13.0671
12.7079
12.7921
12.7990
12.9297
12.8737
12.8322
12.8143
12.8177
12.8124
12.8111
12.8092
12.8104
12.8036
12.8020
12.8019
12.8018
12.8017
12.8014
12.8012
12.8011
12.8009
12.7932
12.7890
12.8076
12.8036
12.8030
12.8097
12.7995
12.8015
12.8005
12.8003
12.8000
12.8011
12.8011
12.7902
12.7924
12.7946
12.8041
12.8074
12.8133
12.8047
12.8187
12.7268
12.7950
12.7957
12.7905
12.7975
12.7973
12.7751
12.7969
12.8178
12.8656
12.8147
12.8218
12.7793
12.8016
12.7988
12.7949
12.7967
12.7886
12.7544
12.7971
12.7141
12.7963
12.7967
12.7978
12.8036
12.7993
12.8700
12.8385
12.8064
12.8074
12.8193
12.8029
12.8049
12.8093
12.8018
12.8017
12.8015
12.8015
12.8016
12.8015
12.7997
12.8192
12.7142
12.7955
12.7977
12.7990
12.7996
12.7995
12.7995
12.7999
12.7998
12.8429
12.8552
12.8106
12.7997
12.7834
12.8000
12.7990
12.8001
12.7985
12.7788
12.7989
12.8122
12.8065
12.7910
12.7842
12.7995
12.8065
12.8096
12.8033
12.8205
12.8057
12.7977
12.7979
12.7919
12.7968
12.7911
12.7894
12.7910
12.7626
12.7669
12.7339
12.8246
12.7915
12.7698
12.7988
12.8162
12.7605
12.7939
13.5477
13.7804
18.0695
14.3088
14.2143
14.4227
14.5087
18.7310
19.0418
19.2170
19.3622
19.4885
19.5986
19.7127
19.8080
19.8915
19.9689
20.0413
15.9115
15.7332
15.6877
15.7641
15.7634
19.8888
20.1164
20.2235
20.3058
20.3738
20.4324
20.4844
20.5315
20.5747
20.6149
16.5684
16.2765
16.2032
16.1574
16.1271
16.1068
16.0939
16.0863
16.0830
16.0829
16.0854
16.0900
16.0962
16.1038
16.1125
20.2798
20.5115
20.6266
20.7136
20.7859
20.8480
20.9027
20.9518
20.9966
21.0376
21.0758
17.0424
24.0026
13.9627
16.1200
16.4687
16.5050
16.5083
16.5092
16.5112
16.5148
16.6143
16.6230
20.7263
20.9482
24.0027
19.8920
21.0199
21.2161
21.2865
21.3377
21.3822
21.4224
21.4594
21.4938
21.5261
21.5578
21.5882
24.0027
20.6082
21.5220
21.6599
21.7004
21.7293
21.7558
21.7811
21.8057
21.8295
21.8495
21.8680
21.8857
24.0026
20.9914
21.8041
21.9166
21.9458
21.9646
21.9812
21.9970
22.0122
22.0268
22.0408
22.0543
22.0676
24.0027
21.2331
21.9868
22.0876
22.1122
22.1275
22.1408
22.1535
22.1660
22.1784
22.1903
22.2021
22.2138
24.0028
21.4317
22.1386
22.2313
22.2536
22.2673
22.2794
22.2782
22.2745
22.2699
22.2646
22.2588
22.2527
24.0029
21.4315
22.1246
22.1989
21.4901
21.0649
20.9481
20.8128
20.6869
20.6166
20.5759
20.5326
20.4952
20.4583
20.4197
20.3732
20.3208
20.2683
20.2147
20.1653
20.1162
20.0687
20.0228
19.9786
19.9467
19.9177
19.8888
19.8825
19.8595
19.8284
19.7937
19.7877
19.7629
19.7286
19.6916
19.6670
19.6238
19.5873
19.5565
19.5276
19.5000
19.4553
19.4208
19.3932
19.3676
19.3433
19.3097
19.2824
19.2580
19.2336
19.2090
19.1844
19.1595
19.1344
19.1111
19.0879
19.0647
19.0413
19.0179
18.9941
18.9771
18.9633
18.9504
18.9379
18.9258
18.9138
18.9086
18.9004
18.8962
18.9193
18.9311
18.9339
18.9380
18.9430
18.9071
18.8907
18.8880
18.8828
18.8770
18.8713
18.8656
18.8600
18.8540
18.8466
18.8244
18.7930
18.7566
18.7171
18.6752
18.6764
18.6520
18.6147
18.5741
18.5311
18.4862
18.4396
18.3966
18.3552
18.3137
18.2721
18.2303
18.1881
18.1724
18.1628
18.1549
18.1434
18.1339
18.1256
18.1436
18.1810
18.2212
18.2637
18.3095
18.3583
18.4122
18.4731
18.5364
18.6022
18.6847
18.7646
18.8175
18.8596
18.8981
18.9419
18.9821
19.0193
19.0530
19.0856
19.1175
19.1489
19.1800
19.2108
19.2542
19.3042
19.3569
19.4119
19.4690
19.5282
19.5936
19.6580
19.7251
19.7940
19.8648
19.9372
20.0017
20.0629
20.1235
20.1840
20.2446
20.3056
24.0006
18.7436
20.1084
20.3559
20.4480
20.5231
20.5856
20.6417
20.6950
20.7482
20.8013
20.8538
20.9029
24.0022
19.7326
20.8661
21.0496
21.1117
21.1579
21.2004
21.2412
21.2808
21.3194
21.3571
21.3819
21.4047
24.0025
20.3064
21.3040
21.4429
21.4792
21.5026
21.5233
21.5428
21.5617
21.5799
21.5979
21.6156
21.6329
24.0026
20.6102
21.5339
21.6604
21.6915
21.7117
21.7298
21.7472
21.7641
21.7810
21.7977
21.8143
21.8305
24.0026
20.8926
21.7445
21.8604
21.8905
21.9102
21.9279
21.9450
21.9661
21.9855
22.0074
22.0268
22.0485
24.0027
21.2127
21.9911
22.1014
22.1343
22.1565
22.1799
22.1991
22.2205
22.2392
22.2585
22.2795
22.2977
24.0029
21.5658
22.2541
22.3510
22.3792
22.4022
22.4223
22.4450
22.4646
22.4870
22.5062
22.5281
22.5472
24.0032
21.9249
22.5238
22.6097
22.6370
22.6486
22.6562
22.6624
22.6678
22.6727
22.6772
22.6813
22.6852
24.0034
22.0749
22.6162
22.6793
22.6909
22.6965
22.7011
22.7052
22.7091
22.7129
22.7165
22.7200
22.7234
24.0033
22.1264
22.6568
22.7174
22.7273
22.7310
22.7336
22.7358
22.7378
22.7396
22.7413
22.7428
22.7443
24.0033
22.1455
22.6635
22.7116
22.7091
22.7005
22.6907
22.6805
22.6699
22.6592
22.6483
22.6372
21.1106
24.0030
18.5995
19.8188
19.9429
20.0416
20.1655
20.2606
20.3566
20.4292
20.4778
20.4927
20.4903
20.4792
24.0025
18.9724
20.1438
20.2702
20.2582
20.2300
20.1974
20.1621
20.1252
20.0875
20.0492
20.0105
19.9596
24.0023
18.2028
19.4981
19.6297
19.6014
19.5682
19.5376
19.5075
19.4777
19.4482
19.4186
19.3889
19.3589
24.0020
17.4738
18.9582
19.1433
19.1438
19.1197
19.0901
19.0580
19.0243
18.9892
18.9532
18.9161
18.8780
24.0017
16.8089
18.4068
18.6096
18.6144
18.5937
18.5679
18.5435
18.5160
18.5096
18.5053
18.5017
18.4985
24.0015
16.3998
18.1221
18.3730
18.4139
18.4264
18.4329
18.4374
18.4423
18.4473
18.4521
18.4567
18.4105
24.0015
16.2428
17.9629
18.1913
18.2032
18.1840
18.1987
18.1886
18.1571
18.1223
18.0844
18.0437
18.0008
24.0013
15.7195
17.5467
17.8142
17.8318
17.8310
17.8626
17.9019
17.9438
17.9876
18.0328
18.0794
18.1139
24.0012
15.9800
17.8053
18.0997
18.1670
18.2019
18.2288
18.2520
18.2727
18.2914
18.3083
18.3453
18.3919
24.0011
16.4239
18.2093
18.5297
18.6614
18.7568
18.8429
18.9433
19.0590
19.1639
19.2433
19.3138
19.3815
24.0018
17.7256
19.2757
19.5537
19.6343
19.7027
19.7728
19.8422
19.9112
19.9829
20.0555
20.1287
20.2024
24.0022
18.8348
20.1822
20.4259
20.5243
20.6051
20.6830
20.7602
20.8228
20.8784
20.9313
20.9825
21.0323
24.0026
19.8833
21.0016
21.1868
21.2517
21.3005
21.3453
21.3880
21.4286
21.4665
21.5054
21.5449
21.5846
24.0029
20.5761
21.4989
21.6287
21.6631
21.6853
21.7048
21.7232
21.7407
21.7577
21.7742
21.7903
21.8056
24.0029
20.8621
21.7120
21.8264
21.8543
21.8714
21.8864
21.9006
21.9144
21.9277
21.9408
21.9546
21.9684
24.0029
21.0870
21.8845
21.9915
22.0184
22.0354
22.0507
22.0653
22.0796
22.0936
22.1087
22.1234
22.1379
24.0028
21.3260
22.0666
22.1660
22.1919
22.2088
22.2240
22.2386
22.2529
22.2659
22.2784
22.2907
22.3028
24.0029
21.5514
22.2343
22.3234
22.3455
22.3594
22.3718
22.3836
22.3969
22.4105
22.4243
22.4380
22.4516
24.0030
21.7659
22.3985
22.4826
22.5056
22.5213
22.5355
22.5516
22.5677
22.5838
22.5999
22.6158
22.6318
24.0032
22.0289
22.6000
22.6770
22.7013
22.7195
22.7349
22.7497
22.7640
22.7782
22.7924
22.8066
22.8206
24.0034
22.2945
22.7937
22.8606
22.8815
22.8987
22.9154
22.9319
22.9485
22.9650
22.9817
22.9983
23.0150
24.0035
22.5815
23.0112
23.0701
12.1954
12.8000
12.8002
12.8002
12.8002
12.7876
12.7928
12.7921
12.7988
22.8208
13.2622
12.8610
12.7869
12.7451
12.7998
12.7989
12.7982
12.7989
12.7990
12.7994
12.8004
12.7999
12.7999
12.8007
12.9964
12.7558
12.7818
12.7924
12.9165
12.8536
12.8294
12.8380
12.8213
12.8065
12.8101
12.8067
12.8116
12.8142
12.8048
12.8051
12.8039
12.8043
12.8059
12.8060
12.8057
12.8049
12.7939
12.7987
12.8118
12.8062
12.8208
12.8011
12.8041
12.8040
12.8037
12.7969
12.8064
12.8026
12.8015
12.7848
12.7923
12.7973
12.7987
12.8142
12.8109
12.8064
12.7917
12.7351
12.7958
12.8003
12.8012
12.8015
12.8010
12.7999
12.8011
12.8783
12.8079
12.8063
12.8141
12.8003
12.7815
12.8016
12.7930
12.7964
12.7826
12.7827
12.7694
12.7151
12.7989
12.7990
12.7993
12.8002
12.8263
12.7999
12.8691
12.8132
12.8215
12.8243
12.8074
12.8114
12.8055
12.8037
12.8031
12.8029
12.8028
12.8027
12.8026
12.8015
12.8084
12.7175
12.7975
12.7974
12.7987
12.7990
12.7997
12.8000
12.8002
12.8013
12.8358
12.8612
12.8105
12.8033
12.7827
12.8014
12.8023
12.7957
12.7854
12.8109
12.8098
12.8036
12.7991
12.7852
12.7990
12.8031
12.8210
12.8010
12.8097
12.8011
12.8058
12.7983
12.7975
12.7942
12.7931
12.7854
12.7935
12.7934
12.7916
12.7469
12.7127
12.8107
12.7703
12.8066
12.7546
12.8439
12.7606
12.7693
12.7895
12.7712
12.8172
12.8252
12.7945
12.7954
12.7977
12.7523
12.7972
12.7962
12.7966
12.7967
12.7971
12.7965
12.7962
12.8334
12.8441
12.8212
12.8048
12.7348
12.7984
12.7980
12.8272
12.7826
12.7518
12.7901
12.7970
12.7561
12.7992
12.7983
12.7988
12.8182
12.8001
12.8651
12.8021
12.8233
12.8023
12.8097
12.8007
12.8006
12.7693
12.7997
12.7995
12.7996
12.7997
12.7997
12.7997
12.8009
23.9453
24.5766
24.9381
13.3102
12.8275
12.7981
12.7973
12.7978
12.7950
12.7956
12.7975
12.8032
12.7982
12.8119
12.7843
23.9411
13.2855
12.7956
12.8038
12.7990
12.7977
12.8039
12.8153
