0.2000
0.2000
0.2000
0.2000
0.2000
0.0000
0.2000
0.2000
0.2000
0.2000
0.2000
0.2000
0.2000
0.2000
0.2000
0.2000
0.2000
0.2000
0.0000
0.2000
0.2000
0.2000
0.2000
0.2000
0.2000
0.2000
0.2000
0.2000
0.2000
0.2000
0.2000
0.0000
0.2000
0.2000
0.2000
0.2000
0.2000
0.2000
0.2000
0.2000
0.2000
0.2000
0.2000
0.2000
0.0000
0.2000
0.2000
0.2000
0.2000
0.2000
0.2000
0.2000
0.2000
0.2000
0.2000
0.2000
0.2000
0.0000
0.2000
0.2000
0.2000
0.2000
0.2000
0.2000
0.2000
0.2000
0.2000
0.2000
0.2000
0.2000
0.0000
0.2000
0.2000
0.2000
0.2000
0.2000
0.2000
0.2000
0.2000
0.2000
0.2000
0.2000
0.2000
0.2000
0.2000
0.2000
0.2000
0.2000
0.2000
0.2000
0.2000
0.2000
0.2000
0.2000
0.2000
0.2000
0.2000
0.2000
0.2000
0.2000
0.2000
0.2000
0.2000
0.2000
0.2000
0.2000
0.2000
0.2000
0.2000
0.2000
0.2000
0.2000
0.2000
0.2000
0.2000
0.2000
0.2000
0.2000
0.2000
0.2000
0.2000
0.2000
0.2000
0.2000
0.2000
0.2000
0.2000
0.5908
0.9972
1.0000
1.0000
1.0000
1.0000
1.0000
1.0000
1.0000
1.0000
1.0000
0.8791
0.7407
0.5622
0.2326
0.2133
0.2037
0.2000
0.2000
0.2000
0.2000
0.2000
0.2000
0.2000
0.2000
0.2000
0.2000
0.2000
0.2000
0.2000
0.2000
0.2000
0.2000
0.2000
0.2000
0.2000
0.2000
0.2000
0.2000
0.2000
0.2000
0.2000
0.6801
1.0000
1.0000
1.0000
1.0000
1.0000
1.0000
1.0000
1.0000
1.0000
1.0000
1.0000
0.7772
0.5708
0.2673
0.2462
0.2351
0.2270
0.2208
0.2159
0.2117
0.2081
0.2050
0.2020
0.2000
0.2000
0.2000
0.2000
0.2000
0.2000
0.2000
0.2000
0.2000
0.2000
0.2000
0.2000
0.2000
0.2000
0.2000
0.2000
0.2000
0.2000
0.2000
0.2000
0.2000
0.2000
0.2000
0.2000
0.2000
0.2000
0.2000
0.2000
0.2000
0.2000
0.4558
0.5525
0.5850
0.5919
0.5970
0.6011
0.6045
0.6073
0.6096
0.6129
0.6139
0.5721
0.2277
0.2107
0.2041
0.2000
0.2000
0.2000
0.2000
0.2000
0.2000
0.2000
0.2000
0.2000
0.2000
0.2000
0.2000
0.2000
0.2000
0.2000
0.2000
0.2000
0.2000
0.2000
0.2000
0.2000
0.2000
0.2000
0.2000
0.2000
0.2000
0.2000
0.0000
0.0000
0.0000
0.2955
0.2347
0.2385
0.2444
0.2494
0.2538
0.2576
0.2511
0.2440
0.2068
0.2000
0.2000
0.0000
0.2000
0.2000
0.2000
0.2000
0.2000
0.2000
0.2000
0.2000
0.2000
0.2000
0.2000
0.2000
0.0000
0.2000
0.2000
0.2000
0.2000
0.2000
0.2000
0.2000
0.2000
0.2000
0.2000
0.2000
0.2000
0.0000
0.2000
0.2000
0.2000
0.2000
0.2000
0.2000
0.2000
0.2000
0.2000
0.2000
0.2000
0.2000
0.0000
0.2000
0.2000
0.2000
0.2000
0.2000
0.2000
0.2000
0.2000
0.2000
0.2000
0.2000
0.2000
0.0000
0.2000
0.2000
0.2000
0.2000
0.2000
0.2000
0.2000
0.2000
0.2000
0.2000
0.2000
0.2000
0.0000
0.2000
0.2000
0.2000
1.0000
1.0000
1.0000
1.0000
1.0000
1.0000
1.0000
1.0000
1.0000
0.0000
1.0000
1.0000
1.0000
1.0000
1.0000
1.0000
1.0000
1.0000
1.0000
1.0000
1.0000
1.0000
1.0000
1.0000
0.2000
0.2000
0.2000
0.2000
0.2000
0.2000
0.2000
0.2000
0.2000
0.2000
0.2000
0.2000
0.2000
0.2000
0.2000
0.2000
0.2000
0.2000
0.2000
0.2000
0.2000
0.2000
0.2000
0.2000
0.2000
0.2000
0.2000
0.2000
0.2000
0.2000
0.2000
0.2000
0.2000
0.2000
0.2000
0.2000
0.2000
0.2000
0.2000
0.2000
0.2000
0.2000
0.5762
1.0000
1.0000
1.0000
1.0000
1.0000
1.0000
1.0000
1.0000
1.0000
1.0000
0.7990
0.6259
0.5223
0.2397
0.2214
0.2121
0.2055
0.2003
0.2000
0.2000
0.2000
0.2000
0.2000
0.2000
0.2000
0.2000
0.2000
0.2000
0.2000
0.2000
0.2000
0.2000
0.2000
0.2000
0.2000
0.2000
0.2000
0.2000
0.2000
0.2000
0.2000
0.2000
0.2000
0.2000
0.2000
0.2000
0.2000
0.2000
0.2335
0.2446
0.2527
0.2374
0.2000
0.2000
0.2000
0.2000
0.2000
0.2000
0.2000
0.2000
0.2000
0.2000
0.2000
0.2000
0.2000
0.2000
0.2000
0.2000
0.2000
0.2000
0.2000
0.2000
0.2000
0.2000
0.2000
0.2000
0.2000
0.7215
0.4193
0.3498
0.3307
0.3157
0.3097
0.2997
0.2944
0.2886
0.2827
0.2771
0.2736
0.2698
0.2661
0.2616
0.2606
0.2582
0.2543
0.5304
0.6331
0.6607
0.6656
0.6689
0.6712
0.6729
0.6741
0.6750
0.6609
0.6490
0.5970
0.5795
0.2823
0.2664
0.2578
0.2515
0.2459
0.2411
0.2362
0.2336
0.2294
0.2272
0.2243
0.2217
0.2192
0.2172
0.2159
0.2129
0.2106
0.2082
0.2071
0.2053
0.2037
0.2021
0.2006
0.2000
0.2000
0.2000
0.2000
0.2000
0.2000
0.0000
0.0000
0.0000
0.3615
0.2647
0.2643
0.2684
0.2722
0.2753
0.2776
0.2702
0.2526
0.2248
0.2257
0.2000
0.0000
0.2000
0.2000
0.2000
0.2000
0.2000
0.2000
0.2000
0.2000
0.2000
0.2000
0.2000
0.2000
0.0000
0.2000
0.2000
0.2000
0.2000
0.2000
0.2000
0.2000
0.2000
0.2000
0.2000
0.2000
0.2000
0.0000
0.2000
0.2000
0.2000
0.2000
0.2000
0.2000
0.2000
0.2000
0.2000
0.2000
0.2000
0.2000
0.0000
0.2000
0.2000
0.2000
0.2000
0.2000
0.2000
0.2000
0.2000
0.2000
0.2000
0.2000
0.2000
0.0000
0.2000
0.2000
0.2000
0.2000
0.2000
0.2000
0.2000
0.2000
0.2000
0.2000
0.2000
0.2000
0.0000
0.2000
0.2000
0.2000
0.2000
0.2000
0.2000
0.2000
0.2000
0.2000
0.2000
0.2000
0.2000
0.0000
0.2000
0.2000
0.2000
0.2000
0.2000
0.2000
0.2000
0.2000
0.2000
0.2000
0.2000
0.2000
0.2000
0.2000
0.2000
0.2000
0.2000
0.2000
0.2000
0.2000
0.2000
0.2000
0.2000
0.2000
0.2000
0.2000
0.2000
0.2000
0.2000
0.2000
0.2000
0.2000
0.2000
0.2000
0.2000
0.2000
0.2000
0.2000
0.2000
0.2000
0.2000
0.2000
0.2000
0.2000
0.2000
0.2000
0.2000
0.2000
0.2000
0.2000
0.2000
0.2000
0.2000
0.2000
0.2000
0.2000
0.7571
1.0000
1.0000
1.0000
1.0000
1.0000
1.0000
1.0000
1.0000
1.0000
1.0000
0.9241
0.7325
0.5666
0.2662
0.2463
0.2360
0.2286
0.2227
0.2182
0.2144
0.2096
0.2088
0.2065
0.2045
0.2029
0.2013
0.2009
0.2000
0.2000
0.2000
0.2000
0.2000
0.2000
0.2000
0.2000
0.2000
0.2000
0.2000
0.2000
0.2000
0.2000
0.7769
1.0000
1.0000
1.0000
1.0000
1.0000
1.0000
1.0000
1.0000
1.0000
1.0000
0.9722
0.7217
0.3061
0.2800
0.2674
0.2583
0.2513
0.2458
0.2411
0.2371
0.2340
0.2310
0.2285
0.2260
0.2242
0.2226
0.2212
0.2202
0.2187
0.2178
0.2168
0.2160
0.2152
0.2147
0.2142
0.2136
0.2132
0.2129
0.2118
0.2116
0.2121
0.2120
0.2120
0.2118
0.2117
0.2111
0.2116
0.2116
0.2102
0.2113
0.2124
0.2115
0.2107
0.5053
0.5925
0.6224
0.6289
0.6338
0.6377
0.6410
0.6436
0.6459
0.6332
0.6204
0.5724
0.5555
0.2604
0.2453
0.2377
0.2322
0.2284
0.2235
0.2209
0.2171
0.2148
0.2131
0.2110
0.2090
0.2071
0.2053
0.2053
0.2026
0.2008
0.2000
0.2000
0.2000
0.2000
0.2000
0.2000
0.2000
0.2000
0.2000
0.2000
0.2000
0.2000
0.0000
0.0000
0.0000
0.3417
0.2520
0.2520
0.2567
0.2606
0.2641
0.2665
0.2691
0.2714
0.2343
0.2155
0.2000
0.0000
0.2000
0.2000
0.2000
0.2000
0.2000
0.2000
0.2000
0.2000
0.2000
0.2000
0.2000
0.2000
0.0000
0.2000
0.2000
0.2000
0.2000
0.2000
0.2000
0.2000
0.2000
0.2000
0.2000
0.2000
0.2000
0.0000
0.2000
0.2000
0.2000
0.2000
0.2000
0.2000
0.2000
0.2000
0.2000
0.2000
0.2000
0.2000
0.0000
0.2000
0.2000
0.2000
0.2000
0.2000
0.2000
0.2000
0.2000
0.2000
0.2000
0.2000
0.2000
0.0000
0.2000
0.2000
0.2000
0.2000
0.2000
0.2000
0.2000
0.2000
0.2000
0.2000
0.2000
0.2000
0.0000
0.2000
0.2000
0.2000
0.2000
0.2000
0.2000
0.2000
0.2000
0.2000
0.2000
0.2000
0.2000
0.0000
0.2000
0.2000
0.2000
0.2000
0.2000
0.2000
0.2000
0.2000
0.2000
0.2000
0.2000
0.2000
0.2000
0.2000
0.2000
0.2000
0.2000
0.2000
0.2000
0.2000
0.2000
0.2000
0.2000
0.2000
0.2000
0.2000
0.2000
0.2000
0.2000
0.2000
0.2000
0.2000
0.2000
0.2000
0.2000
0.2000
0.2000
0.2000
0.2000
0.2000
0.2000
0.2000
0.2000
0.2000
0.2000
0.2000
0.2000
0.2000
0.2000
0.2000
0.2000
0.2000
0.2000
0.2000
0.2000
0.2000
0.6696
1.0000
1.0000
1.0000
1.0000
1.0000
1.0000
1.0000
1.0000
1.0000
1.0000
1.0000
0.7671
0.5914
0.2856
0.2639
0.2526
0.2449
0.2386
0.2337
0.2296
0.2250
0.2222
0.2211
0.2190
0.2180
0.2172
0.2144
0.2132
0.2125
0.2115
0.2107
0.2102
0.2096
0.2092
0.2087
0.2084
0.2081
0.2078
0.2076
0.2074
0.2071
0.7970
1.0000
1.0000
1.0000
1.0000
1.0000
1.0000
1.0000
1.0000
1.0000
1.0000
1.0000
0.7386
0.6135
0.3179
0.2945
0.2823
0.2733
0.2662
0.2605
0.2562
0.2520
0.2483
0.2453
0.2424
0.2404
0.2387
0.2363
0.2348
0.2337
0.2322
0.2310
0.2300
0.2291
0.2281
0.2276
0.2269
0.2260
0.2258
0.2252
0.2228
0.2249
0.2242
0.2237
0.2230
0.2242
0.2226
0.2227
0.2222
0.2226
0.2230
0.2222
0.2218
0.2209
0.5007
0.6039
0.6330
0.6396
0.6444
0.6483
0.6513
0.6539
0.6561
0.6580
0.6449
0.5997
0.5681
0.2708
0.2538
0.2469
0.2412
0.2362
0.2328
0.2289
0.2265
0.2230
0.2212
0.2190
0.2169
0.2163
0.2132
0.2115
0.2102
0.2083
0.2070
0.2054
0.2045
0.2030
0.2017
0.2000
0.2000
0.2000
0.2000
0.2000
0.2000
0.2000
0.0000
0.0000
0.0000
0.3906
0.2706
0.2674
0.2711
0.2742
0.2673
0.2698
0.2624
0.2349
0.2000
0.2000
0.2000
0.0000
0.2000
0.2000
0.2000
0.2000
0.2000
0.2000
0.2000
0.2000
0.2000
0.2000
0.2000
0.2000
0.0000
0.2000
0.2000
0.2000
0.2000
0.2000
0.2000
0.2000
0.2000
0.2000
0.2000
0.2000
0.2000
0.0000
0.2000
0.2000
0.2000
0.2000
0.2000
0.2000
0.2000
0.2000
0.2000
0.2000
0.2000
0.2000
0.0000
0.2000
0.2000
0.2000
0.2000
0.2000
0.2000
0.2000
0.2000
0.2000
0.2000
0.2000
0.2000
0.0000
0.2000
0.2000
0.2000
0.2000
0.2000
0.2000
0.2000
0.2000
0.2000
0.2000
0.2000
0.2000
0.0000
0.2000
0.2000
0.2000
0.2000
0.2000
0.2000
0.2000
0.2000
0.2000
0.2000
0.2000
0.2000
0.0000
0.2000
0.2000
0.2000
0.2000
0.2000
0.2000
0.2000
0.2000
0.2000
0.2000
0.2000
0.2000
0.2000
0.2000
0.2000
0.2000
0.2000
0.2000
0.2000
0.2000
0.2000
0.2000
0.2000
0.2000
0.2000
0.2000
0.2000
0.2000
0.2000
0.2000
0.2000
0.2000
0.2000
0.2000
0.2000
0.2000
0.2000
0.2000
0.2000
0.2000
0.2000
0.2000
0.2000
0.2000
0.2000
0.2000
0.2000
0.2000
0.2000
0.2000
0.2000
0.2000
0.2000
0.2000
0.2000
0.2000
0.2000
0.2000
0.2000
0.2000
0.2000
0.2000
0.2000
0.2000
0.2000
0.2000
0.2000
0.2000
0.2000
0.2000
0.2000
0.2000
0.2000
0.2000
0.2000
0.2000
0.2000
0.2000
0.2000
0.2000
0.2000
0.2000
0.2000
0.2000
0.2000
0.2000
0.2000
0.2000
0.2000
0.2000
0.2000
0.2000
0.2000
0.2000
0.2000
0.2000
0.2000
0.2000
0.2000
0.2000
0.2000
0.2000
0.2000
0.2000
0.2000
0.2000
0.2000
0.2000
0.2000
0.2000
0.2000
0.2000
0.2000
0.2000
0.2000
0.2000
0.2000
0.2000
0.2000
0.2000
0.2000
0.2000
0.2000
0.2000
0.2000
0.2000
0.2000
0.2000
0.2000
0.2000
0.2000
0.2000
0.2000
0.2000
0.2000
0.2000
0.2000
0.2000
0.2000
0.2000
0.2000
0.2000
0.2000
0.2000
0.2000
0.2000
0.0000
0.2000
0.2000
0.2000
0.2000
0.2000
0.2000
0.2000
0.2000
0.2000
0.2000
0.2000
0.2000
0.0000
0.2000
0.2000
0.2000
0.2000
0.2000
0.2000
0.2000
0.2000
0.2000
0.2000
0.2000
0.2000
0.0000
0.2000
0.2000
0.2000
0.2000
0.2000
0.2000
0.2000
0.2000
0.2000
0.2000
0.2000
0.2000
0.0000
0.2000
0.2000
0.2000
0.2000
0.2000
0.2000
0.2000
0.2000
0.2000
0.2000
0.2000
0.2000
0.0000
0.2000
0.2000
0.2000
0.2000
0.2000
0.2000
0.2000
0.2000
0.2000
0.2000
0.2000
0.2000
0.0000
0.2000
0.2000
0.2000
0.2000
0.2000
0.2000
0.2000
0.2000
0.2000
0.2000
0.2000
0.2000
0.0000
0.2000
0.2000
0.2000
0.2000
0.2000
0.2000
0.2000
0.2000
0.2000
0.2000
0.2000
0.2000
0.0000
0.2000
0.2000
0.2000
0.2000
0.2000
0.2000
0.2000
0.2000
0.2000
0.2000
0.2000
0.2000
0.0000
0.2000
0.2000
0.2000
0.2000
0.2000
0.2000
0.2000
0.2000
0.2000
0.2000
0.2000
0.2000
0.0000
0.2000
0.2000
0.2000
0.2000
0.2000
0.2000
0.2000
0.2000
0.2000
0.2000
0.2000
0.2000
0.0000
0.2000
0.2000
0.2000
0.2000
0.2000
0.2000
0.2000
0.2000
0.2000
0.2000
0.2000
0.2000
0.0000
0.2000
0.2000
0.2000
0.2000
0.2000
0.2000
0.2000
0.2000
0.2000
0.2000
0.2000
0.2000
0.0000
0.2000
0.2000
0.2000
0.2000
0.2000
0.2000
0.2000
0.2000
0.2000
0.2000
0.2000
0.2000
0.0000
0.2000
0.2000
0.2000
0.2000
0.2000
0.2000
0.2000
0.2000
0.2000
0.2000
0.2000
0.2000
0.0000
0.2000
0.2000
0.2000
0.2000
0.2000
0.2000
0.2000
0.2000
0.2000
0.2000
0.2000
0.2000
0.0000
0.2000
0.2000
0.2000
0.2000
0.2000
0.2000
0.2000
0.2000
0.2000
0.2000
0.2000
0.2000
0.0000
0.2000
0.2000
0.2000
0.2000
0.2000
0.2000
0.2000
0.2000
0.2000
0.2000
0.2000
0.2000
0.0000
0.2000
0.2000
0.2000
0.2000
0.2000
0.2000
0.2000
0.2000
0.2000
0.2000
0.2000
0.2000
0.0000
0.2000
0.2000
0.2000
0.2000
0.2000
0.2000
0.2000
0.2000
0.2000
0.2000
0.2000
0.2000
0.0000
0.2000
0.2000
0.2000
0.2000
0.2000
0.2000
0.2000
0.2000
0.2000
0.2000
0.2000
0.2000
0.0000
0.2000
0.2000
0.2000
0.2000
0.2000
0.2000
0.2000
0.2000
0.2000
0.2000
0.2000
0.2000
0.0000
0.2000
0.2000
0.2000
0.2000
0.2000
0.2000
0.2000
0.2000
0.2000
0.2000
0.2000
0.2000
0.0000
0.2000
0.2000
0.2000
0.2000
0.2000
0.2000
0.2000
0.2000
0.2000
0.2000
0.2000
0.2000
0.0000
0.2000
0.2000
0.2000
0.2000
0.2000
0.2000
0.2000
0.2000
0.2000
0.2000
0.2000
0.2000
0.0000
0.2000
0.2000
0.2000
0.2000
0.2000
0.2000
0.2000
0.2000
0.2000
0.2000
0.2000
0.2000
0.0000
0.2000
0.2000
0.2000
0.2000
0.2000
0.2000
0.2000
0.2000
0.2000
0.2000
0.2000
0.2000
0.0000
0.2000
0.2000
0.2000
0.2000
0.2000
0.2000
0.2000
0.2000
0.2000
0.2000
0.2000
0.2000
0.0000
0.2000
0.2000
0.2000
0.2000
0.2000
0.2000
0.2000
0.2000
0.2000
0.2000
0.2000
0.2000
0.0000
0.2000
0.2000
0.2000
0.2000
0.2000
0.2000
0.2000
0.2000
0.2000
0.2000
0.2000
0.2000
0.0000
0.2000
0.2000
0.2000
0.2000
0.2000
0.2000
0.2000
0.2000
0.2000
0.2000
0.2000
0.2000
0.0000
0.2000
0.2000
0.2000
0.2000
0.2000
0.2000
0.2000
0.2000
0.2000
0.2000
0.2000
0.2000
0.0000
0.2000
0.2000
0.2000
0.2000
0.2000
0.2000
0.2000
0.2000
0.2000
0.2000
0.2000
0.2000
0.0000
0.2000
0.2000
0.2000
0.2000
0.2000
0.2000
0.2000
0.2000
0.2000
0.2000
0.2000
0.2000
0.0000
0.2000
0.2000
0.2000
0.2000
0.2000
0.2000
0.2000
0.2000
0.2000
0.2000
0.2000
0.2000
0.2000
0.2000
0.2000
0.2000
0.2000
0.2000
0.2000
0.2000
0.2000
0.2000
0.2000
0.2000
0.2000
0.2000
0.2000
0.2000
0.2000
0.2000
0.2000
0.2000
0.2000
0.2000
0.2000
0.2000
0.2000
0.2000
0.2000
0.2000
0.2000
0.2000
0.2000
0.2000
0.2000
0.2000
0.2000
0.2000
0.2000
0.2000
0.2000
0.2000
0.2000
0.2000
0.2000
0.2000
0.7402
1.0000
1.0000
1.0000
1.0000
1.0000
1.0000
1.0000
1.0000
1.0000
1.0000
1.0000
0.8612
0.6673
0.2866
0.2636
0.2524
0.2446
0.2385
0.2340
0.2302
0.2270
0.2241
0.2222
0.2203
0.2186
0.2176
0.2162
0.2153
0.2144
0.2136
0.2135
0.2128
0.2126
0.2123
0.2121
0.2121
0.2120
0.2120
0.2120
0.2120
0.2121
0.8351
1.0000
1.0000
1.0000
1.0000
1.0000
1.0000
1.0000
1.0000
1.0000
1.0000
1.0000
0.8178
0.6237
0.3282
0.3046
0.2924
0.2836
0.2763
0.2711
0.2663
0.2629
0.2594
0.2562
0.2539
0.2515
0.2502
0.2481
0.2470
0.2454
0.2443
0.2436
0.2426
0.2419
0.2413
0.2406
0.2403
0.2398
0.2393
0.2391
0.2383
0.2395
0.2383
0.2385
0.2389
0.2383
0.2375
0.2380
0.2381
0.2382
0.2380
0.2379
0.2377
0.2374
0.5462
0.6399
0.6507
0.6573
0.6622
0.6661
0.6693
0.6720
0.6742
0.6458
0.6313
0.6148
0.6152
0.5685
0.2886
0.2727
0.2657
0.2590
0.2546
0.2509
0.2476
0.2442
0.2421
0.2397
0.2374
0.2354
0.2342
0.2316
0.2299
0.2283
0.2330
0.2220
0.2243
0.2219
0.2212
0.2199
0.2187
0.2173
0.2161
0.2149
0.2138
0.2126
0.0000
0.0000
0.0000
0.4070
0.2806
0.2755
0.2788
0.2820
0.2848
0.2874
0.2896
0.2718
0.2538
0.2256
0.2000
0.0000
0.2000
0.2000
0.2000
0.2000
0.2000
0.2000
0.2000
0.2000
1.0000
1.0000
1.0000
1.0000
0.0000
1.0000
1.0000
1.0000
1.0000
1.0000
1.0000
1.0000
1.0000
1.0000
1.0000
1.0000
1.0000
0.0000
1.0000
1.0000
1.0000
1.0000
1.0000
1.0000
1.0000
1.0000
1.0000
1.0000
1.0000
1.0000
0.0000
1.0000
1.0000
1.0000
1.0000
1.0000
1.0000
1.0000
1.0000
1.0000
1.0000
1.0000
1.0000
0.0000
1.0000
1.0000
1.0000
1.0000
1.0000
1.0000
1.0000
1.0000
1.0000
1.0000
1.0000
1.0000
0.0000
1.0000
1.0000
1.0000
1.0000
1.0000
1.0000
1.0000
1.0000
1.0000
1.0000
1.0000
1.0000
0.0000
1.0000
1.0000
1.0000
1.0000
1.0000
1.0000
1.0000
1.0000
1.0000
1.0000
1.0000
1.0000
1.0000
1.0000
0.2000
0.2000
0.2000
0.2000
0.2000
0.2000
0.2000
0.2000
0.2000
0.2000
0.2000
0.2000
0.2000
0.2000
0.2000
0.2000
0.2000
0.2000
0.2000
0.2000
0.2000
0.2000
0.2000
0.2000
0.2000
0.2000
0.2000
0.2000
0.2000
0.2000
0.2000
0.2000
0.2000
0.2000
0.2000
0.2000
0.2000
0.2000
0.2000
0.2000
0.2000
0.2000
0.2000
0.2000
0.2000
0.2000
0.2000
0.2000
0.2000
0.2000
0.2158
0.2256
0.2000
0.2000
0.2000
0.2000
0.2000
0.2000
0.2000
0.2000
0.2000
0.2000
0.2000
0.2000
0.2000
0.2000
0.2000
0.2000
0.2000
0.2000
0.2000
0.2000
0.2000
0.2000
0.2000
0.2000
0.2000
0.2000
0.2000
0.2000
0.2000
0.2000
0.2000
0.2000
0.2000
0.2000
0.2000
0.2387
0.2722
0.2849
0.2940
0.3070
0.3135
0.3191
0.2854
0.2335
0.2000
0.2000
0.2000
0.2000
0.2000
0.2000
0.2000
0.2000
0.2000
0.2000
0.2000
0.2000
0.2000
0.2000
0.2000
0.2000
0.2000
0.2000
0.2000
0.2000
0.2000
0.2000
0.2000
0.2000
0.2000
0.2000
0.2000
0.2000
0.2000
0.2000
0.2000
0.2000
0.2000
0.2000
0.2000
0.2000
0.2000
0.2000
0.2000
0.2000
0.2000
0.2000
0.2000
0.2000
0.2000
0.2000
0.2000
0.2000
0.2000
0.2000
0.2000
0.2000
0.2000
0.2000
0.2000
0.2000
0.2000
0.2000
0.2000
0.2000
0.2000
0.2000
0.2000
0.2000
0.2000
0.2000
0.2000
0.2000
0.2000
0.2000
0.2000
0.2000
0.2000
0.2000
0.2000
0.2000
0.2000
0.2000
0.2000
0.2000
0.2000
0.2000
0.2000
0.2000
1.0000
1.0000
1.0000
1.0000
1.0000
1.0000
1.0000
1.0000
1.0000
1.0000
1.0000
1.0000
0.0000
1.0000
1.0000
1.0000
1.0000
1.0000
1.0000
1.0000
1.0000
1.0000
1.0000
1.0000
1.0000
0.0000
1.0000
1.0000
1.0000
1.0000
1.0000
1.0000
1.0000
1.0000
1.0000
1.0000
1.0000
1.0000
0.0000
1.0000
1.0000
1.0000
1.0000
1.0000
1.0000
1.0000
1.0000
1.0000
1.0000
1.0000
1.0000
0.0000
1.0000
1.0000
1.0000
1.0000
1.0000
1.0000
1.0000
1.0000
1.0000
1.0000
1.0000
1.0000
0.0000
1.0000
1.0000
1.0000
1.0000
1.0000
1.0000
1.0000
1.0000
1.0000
1.0000
1.0000
1.0000
0.0000
1.0000
1.0000
1.0000
1.0000
1.0000
1.0000
1.0000
1.0000
1.0000
1.0000
1.0000
1.0000
0.0000
1.0000
1.0000
1.0000
1.0000
1.0000
1.0000
1.0000
1.0000
1.0000
1.0000
1.0000
1.0000
1.0000
1.0000
1.0000
1.0000
1.0000
0.2000
0.2000
0.2000
0.2000
0.2000
0.2000
0.2000
0.2000
0.2000
0.2000
0.2000
0.2000
0.2000
0.2000
0.2000
0.2000
0.2000
0.2000
0.2000
0.2000
0.2000
0.2000
0.2000
0.2000
0.2000
0.2000
0.2000
0.2000
0.2000
0.2000
0.2000
0.2000
0.2000
0.2000
0.2000
0.2000
0.2000
0.2000
0.2000
0.2000
0.2000
0.2000
0.2000
0.2000
0.2000
0.2000
0.2000
0.2228
0.2399
0.2504
0.2590
0.2552
0.2277
0.2000
0.2000
0.2000
0.2000
0.2000
0.2000
0.2000
0.2000
0.2000
0.2000
0.2000
0.2000
0.2000
0.2000
0.2000
0.2000
0.2000
0.2000
0.2000
0.2000
0.2000
0.2000
0.2000
0.2000
0.2000
0.2000
0.2000
0.2000
0.2000
0.2000
0.2000
0.2000
0.2000
0.2055
0.2953
0.3120
0.3275
0.3353
0.3527
0.3584
0.3632
0.3510
0.2777
0.2023
0.2000
0.2000
0.2000
0.2000
0.2000
0.2000
0.2000
0.2000
0.2000
0.2000
0.2000
0.2000
0.2000
0.2000
0.2000
0.2000
0.2000
0.2000
0.2000
0.2000
0.2000
0.2000
0.2000
0.2000
0.2000
0.2000
0.2000
0.2000
0.2000
0.2000
0.2000
0.2000
0.2000
0.2000
0.2000
0.2000
0.2000
0.2000
0.2000
0.2000
0.2000
0.2000
0.2000
0.2000
0.2000
0.2000
0.2000
0.2000
0.2000
0.2000
0.2000
0.2000
0.2000
0.2000
0.2000
0.2000
0.2000
0.2000
0.2000
0.2000
0.2000
0.2000
0.2000
0.2000
0.2000
0.2000
0.2000
0.2000
0.2000
0.2000
0.2000
0.2000
0.2000
0.2000
0.2000
0.2000
0.2000
0.2000
0.2000
0.2000
0.2000
0.2000
0.2000
1.0000
1.0000
1.0000
1.0000
1.0000
1.0000
1.0000
1.0000
1.0000
1.0000
1.0000
1.0000
0.0000
1.0000
1.0000
1.0000
1.0000
1.0000
1.0000
1.0000
1.0000
1.0000
1.0000
1.0000
0.2000
0.0000
0.2000
0.2000
0.2000
0.2000
0.2000
0.2000
0.2000
0.2000
0.2000
0.2000
0.2000
0.2000
0.0000
0.2000
0.2000
0.2000
0.2000
0.2000
0.2000
0.2000
0.2000
0.2000
0.2000
0.2000
0.2000
0.0000
0.2000
0.2000
0.2000
0.2000
0.2000
0.2000
0.2000
0.2000
0.2000
0.2000
0.2000
0.2000
0.0000
0.2000
0.2000
0.2000
0.2000
0.2000
0.2000
0.2000
0.2000
0.2000
0.2000
0.2000
0.2000
0.0000
0.2000
0.2000
0.2000
0.2000
0.2000
0.2000
0.2000
0.2000
0.2000
0.2000
0.2000
0.2000
0.0000
0.2000
0.2000
0.2000
0.2000
0.2000
0.2000
0.2000
0.2000
0.2000
0.2000
0.2000
0.2000
0.2000
0.2000
0.2000
0.2000
0.2000
0.4646
0.3271
0.3113
0.3048
0.3032
0.2972
0.2925
0.2891
0.2864
0.2837
0.2814
0.2792
0.2773
0.2755
0.2739
0.2725
0.2712
0.2701
0.2691
0.2682
0.2675
0.2668
0.2661
0.2654
0.2654
0.2650
0.2650
0.2644
0.2639
0.2636
0.2632
0.2628
0.2624
0.2620
0.2616
0.2609
0.2608
0.2604
0.2598
0.2597
0.2593
0.2589
0.7896
1.0000
1.0000
1.0000
1.0000
1.0000
1.0000
1.0000
1.0000
1.0000
1.0000
1.0000
0.8895
0.7015
0.3727
0.3474
0.3343
0.3246
0.3169
0.3103
0.3052
0.2988
0.2970
0.2937
0.2908
0.2883
0.2863
0.2845
0.2831
0.2804
0.2789
0.2776
0.2765
0.2755
0.2745
0.2735
0.2727
0.2719
0.2711
0.2704
0.2698
0.2690
0.7843
1.0000
1.0000
1.0000
1.0000
1.0000
1.0000
1.0000
1.0000
1.0000
1.0000
1.0000
0.9087
0.6987
0.3830
0.3569
0.3432
0.3327
0.3248
0.3183
0.3132
0.3083
0.3040
0.2999
0.2969
0.2946
0.2923
0.2895
0.2873
0.2855
0.2838
0.2823
0.2809
0.2796
0.2783
0.2775
0.2764
0.2756
0.2749
0.2739
0.2715
0.2735
0.2716
0.2713
0.2717
0.2707
0.2696
0.2699
0.2693
0.2682
0.2696
0.2682
0.2678
0.2670
0.5618
0.6520
0.6805
0.6869
0.6915
0.6952
0.6981
0.7004
0.7025
0.7044
0.6920
0.6467
0.6113
0.3135
0.2979
0.2897
0.2844
0.2776
0.2744
0.2708
0.2664
0.2645
0.2618
0.2593
0.2569
0.2551
0.2525
0.2516
0.2490
0.2469
0.2452
0.5230
0.5348
0.5424
0.5465
0.5496
0.5520
0.5538
0.5553
0.5564
0.5573
0.5581
0.0000
0.0000
0.3081
0.2827
0.2856
0.2889
0.2918
0.2943
0.2960
0.2979
0.2798
0.2806
0.2528
0.2000
0.0000
0.2000
0.2000
0.2000
0.2000
0.2000
0.2000
0.2000
0.2000
0.2000
0.2000
0.2000
0.2000
0.0000
0.2000
0.2000
0.2000
0.2000
0.2000
0.2000
0.2000
0.2000
0.2000
0.2000
0.2000
0.2000
0.0000
0.2000
0.2000
0.2000
0.2000
0.2000
0.2000
0.2000
0.2000
0.2000
0.2000
0.2000
0.2000
0.0000
0.2000
0.2000
0.2000
0.2000
0.2000
0.2000
0.2000
0.2000
0.2000
0.2000
0.2000
0.2000
0.0000
0.2000
0.2000
0.2000
0.2000
0.2000
0.2000
0.2000
0.2000
0.2000
0.2000
0.2000
0.2000
0.0000
0.2000
0.2000
0.2000
0.2000
0.2000
0.2000
0.2000
0.2000
0.2000
0.2000
0.2000
0.2000
0.0000
0.2000
0.2000
0.2000
0.2000
0.2000
0.2000
0.2000
0.2000
0.2000
0.2000
0.2000
0.2000
0.2000
0.2000
0.2000
0.2196
0.2019
0.2016
0.2004
0.2015
0.2000
0.2000
0.2000
0.2000
0.2000
0.2000
0.2000
0.2000
0.2000
0.2000
0.2000
0.2000
0.2000
0.2000
0.2000
0.2000
0.2000
0.2000
0.2000
0.2000
0.2000
0.2000
0.2000
0.2000
0.2000
0.2000
0.2000
0.2000
0.2000
0.2000
0.2000
0.2000
0.2000
0.2000
0.2000
0.2000
0.2000
0.8125
1.0000
1.0000
1.0000
1.0000
1.0000
1.0000
1.0000
1.0000
1.0000
1.0000
0.9427
0.7158
0.3108
0.2856
0.2733
0.2645
0.2579
0.2523
0.2471
0.2444
0.2395
0.2385
0.2362
0.2342
0.2326
0.2310
0.2311
0.2294
0.2278
0.2270
0.2266
0.2257
0.2252
0.2249
0.2244
0.2240
0.2237
0.2235
0.2233
0.2231
0.2229
0.7522
1.0000
1.0000
1.0000
1.0000
1.0000
1.0000
1.0000
1.0000
1.0000
1.0000
1.0000
0.7585
0.6335
0.3280
0.3057
0.2941
0.2857
0.2790
0.2732
0.2691
0.2656
0.2622
0.2590
0.2563
0.2544
0.2526
0.2509
0.2493
0.2483
0.2468
0.2456
0.2447
0.2438
0.2432
0.2424
0.2418
0.2414
0.2403
0.2400
0.2390
0.2406
0.2395
0.2388
0.2392
0.2394
0.2380
0.2386
1.0000
1.0000
1.0000
1.0000
1.0000
1.0000
1.0000
1.0000
1.0000
1.0000
1.0000
1.0000
1.0000
1.0000
1.0000
1.0000
1.0000
1.0000
1.0000
1.0000
1.0000
1.0000
1.0000
1.0000
1.0000
1.0000
1.0000
1.0000
1.0000
1.0000
1.0000
1.0000
1.0000
1.0000
1.0000
1.0000
1.0000
1.0000
1.0000
1.0000
1.0000
1.0000
1.0000
1.0000
1.0000
1.0000
1.0000
1.0000
1.0000
1.0000
1.0000
1.0000
1.0000
1.0000
1.0000
1.0000
1.0000
1.0000
1.0000
1.0000
0.0000
1.0000
1.0000
1.0000
1.0000
1.0000
1.0000
1.0000
1.0000
1.0000
1.0000
1.0000
1.0000
0.0000
1.0000
1.0000
1.0000
1.0000
1.0000
1.0000
1.0000
1.0000
1.0000
1.0000
1.0000
1.0000
0.0000
1.0000
1.0000
1.0000
1.0000
1.0000
1.0000
1.0000
1.0000
1.0000
1.0000
1.0000
1.0000
0.0000
1.0000
1.0000
1.0000
1.0000
1.0000
1.0000
1.0000
1.0000
1.0000
1.0000
1.0000
1.0000
0.0000
1.0000
1.0000
1.0000
1.0000
1.0000
1.0000
1.0000
1.0000
1.0000
1.0000
1.0000
1.0000
0.0000
1.0000
1.0000
1.0000
1.0000
1.0000
1.0000
1.0000
1.0000
1.0000
1.0000
1.0000
1.0000
0.0000
1.0000
1.0000
1.0000
1.0000
1.0000
1.0000
1.0000
1.0000
1.0000
1.0000
1.0000
1.0000
1.0000
1.0000
1.0000
1.0000
1.0000
1.0000
1.0000
1.0000
1.0000
1.0000
1.0000
1.0000
1.0000
1.0000
1.0000
1.0000
1.0000
1.0000
1.0000
1.0000
1.0000
1.0000
1.0000
1.0000
1.0000
1.0000
1.0000
1.0000
1.0000
1.0000
1.0000
1.0000
1.0000
1.0000
1.0000
1.0000
1.0000
1.0000
1.0000
1.0000
1.0000
1.0000
1.0000
1.0000
1.0000
1.0000
1.0000
1.0000
1.0000
1.0000
1.0000
1.0000
1.0000
1.0000
1.0000
1.0000
1.0000
1.0000
1.0000
1.0000
1.0000
1.0000
1.0000
1.0000
1.0000
1.0000
1.0000
1.0000
1.0000
1.0000
1.0000
1.0000
1.0000
1.0000
1.0000
1.0000
1.0000
1.0000
1.0000
1.0000
1.0000
1.0000
1.0000
1.0000
1.0000
1.0000
1.0000
1.0000
1.0000
1.0000
1.0000
1.0000
1.0000
1.0000
1.0000
1.0000
1.0000
1.0000
1.0000
1.0000
1.0000
1.0000
1.0000
1.0000
1.0000
1.0000
1.0000
1.0000
1.0000
1.0000
1.0000
1.0000
1.0000
1.0000
1.0000
1.0000
1.0000
1.0000
1.0000
1.0000
1.0000
1.0000
1.0000
1.0000
1.0000
1.0000
1.0000
1.0000
1.0000
1.0000
1.0000
1.0000
1.0000
1.0000
1.0000
1.0000
1.0000
0.0000
1.0000
1.0000
1.0000
1.0000
1.0000
1.0000
1.0000
1.0000
1.0000
1.0000
1.0000
1.0000
0.0000
1.0000
1.0000
1.0000
1.0000
1.0000
1.0000
1.0000
1.0000
1.0000
1.0000
1.0000
1.0000
0.0000
1.0000
1.0000
1.0000
1.0000
1.0000
1.0000
1.0000
1.0000
1.0000
1.0000
1.0000
1.0000
0.0000
1.0000
1.0000
1.0000
1.0000
1.0000
1.0000
1.0000
1.0000
1.0000
1.0000
1.0000
1.0000
0.0000
1.0000
1.0000
1.0000
1.0000
1.0000
1.0000
1.0000
1.0000
1.0000
1.0000
1.0000
1.0000
0.0000
1.0000
1.0000
1.0000
1.0000
1.0000
1.0000
1.0000
1.0000
1.0000
1.0000
1.0000
1.0000
0.0000
1.0000
1.0000
1.0000
1.0000
1.0000
1.0000
1.0000
1.0000
1.0000
1.0000
1.0000
1.0000
0.0000
1.0000
1.0000
1.0000
1.0000
1.0000
1.0000
1.0000
1.0000
1.0000
1.0000
1.0000
1.0000
0.0000
1.0000
1.0000
1.0000
1.0000
1.0000
1.0000
1.0000
1.0000
1.0000
1.0000
1.0000
1.0000
0.0000
1.0000
1.0000
1.0000
1.0000
1.0000
1.0000
1.0000
1.0000
1.0000
1.0000
1.0000
1.0000
0.0000
1.0000
1.0000
1.0000
1.0000
1.0000
1.0000
1.0000
1.0000
1.0000
1.0000
1.0000
1.0000
0.0000
1.0000
1.0000
1.0000
1.0000
1.0000
1.0000
1.0000
1.0000
1.0000
1.0000
1.0000
1.0000
0.0000
1.0000
1.0000
1.0000
1.0000
1.0000
1.0000
1.0000
1.0000
1.0000
1.0000
1.0000
1.0000
0.0000
1.0000
1.0000
1.0000
1.0000
1.0000
1.0000
1.0000
1.0000
1.0000
1.0000
1.0000
1.0000
0.0000
1.0000
1.0000
1.0000
1.0000
1.0000
1.0000
1.0000
1.0000
1.0000
1.0000
1.0000
1.0000
0.0000
1.0000
1.0000
1.0000
1.0000
1.0000
1.0000
1.0000
1.0000
1.0000
1.0000
1.0000
1.0000
0.0000
1.0000
1.0000
1.0000
1.0000
1.0000
1.0000
1.0000
1.0000
1.0000
1.0000
1.0000
1.0000
0.0000
1.0000
1.0000
1.0000
1.0000
1.0000
1.0000
1.0000
1.0000
1.0000
1.0000
1.0000
1.0000
0.0000
1.0000
1.0000
1.0000
1.0000
1.0000
1.0000
1.0000
1.0000
1.0000
1.0000
1.0000
1.0000
0.0000
1.0000
1.0000
1.0000
1.0000
1.0000
1.0000
1.0000
1.0000
1.0000
1.0000
1.0000
1.0000
0.0000
1.0000
1.0000
1.0000
1.0000
1.0000
1.0000
1.0000
1.0000
1.0000
1.0000
1.0000
1.0000
0.0000
1.0000
1.0000
1.0000
1.0000
1.0000
1.0000
1.0000
1.0000
1.0000
1.0000
1.0000
1.0000
0.0000
1.0000
1.0000
1.0000
1.0000
1.0000
1.0000
1.0000
1.0000
1.0000
1.0000
1.0000
1.0000
0.0000
1.0000
1.0000
1.0000
1.0000
1.0000
1.0000
1.0000
1.0000
1.0000
1.0000
1.0000
1.0000
0.0000
1.0000
1.0000
1.0000
1.0000
1.0000
1.0000
1.0000
1.0000
1.0000
1.0000
1.0000
1.0000
0.0000
1.0000
1.0000
1.0000
1.0000
1.0000
1.0000
1.0000
1.0000
1.0000
1.0000
1.0000
1.0000
0.0000
1.0000
1.0000
1.0000
1.0000
1.0000
1.0000
1.0000
1.0000
1.0000
1.0000
1.0000
1.0000
0.0000
1.0000
1.0000
1.0000
1.0000
1.0000
1.0000
1.0000
1.0000
1.0000
1.0000
1.0000
1.0000
0.0000
1.0000
1.0000
1.0000
1.0000
1.0000
1.0000
1.0000
1.0000
1.0000
1.0000
1.0000
1.0000
0.0000
1.0000
1.0000
1.0000
1.0000
1.0000
1.0000
1.0000
1.0000
1.0000
1.0000
1.0000
1.0000
0.0000
1.0000
1.0000
1.0000
1.0000
1.0000
1.0000
1.0000
1.0000
1.0000
1.0000
1.0000
1.0000
0.0000
1.0000
1.0000
1.0000
1.0000
1.0000
1.0000
1.0000
1.0000
1.0000
1.0000
1.0000
1.0000
0.0000
1.0000
1.0000
1.0000
0.2000
0.2000
0.2000
0.2000
0.2000
0.2000
0.2000
0.2000
0.2000
0.0000
0.2000
0.2000
0.2000
0.2000
0.2000
0.2000
0.2000
0.2000
0.2000
0.2000
0.2000
0.2000
0.2000
0.2000
0.2000
0.2000
0.2000
0.2000
0.2000
0.2000
0.2000
0.2000
0.2000
0.2000
0.2000
0.2000
0.2000
0.2000
0.2000
0.2000
0.2000
0.2000
0.2000
0.2000
0.2000
0.2000
0.2000
0.2000
0.2000
0.2000
0.2000
0.2000
0.2000
0.2000
0.2000
0.2000
0.2000
0.2000
0.2000
0.2000
0.2000
0.2000
0.2000
0.2000
0.2000
0.2000
0.5309
0.9869
1.0000
1.0000
1.0000
1.0000
1.0000
1.0000
1.0000
1.0000
1.0000
0.8812
0.5977
0.5233
0.2268
0.2087
0.2000
0.2000
0.2000
0.2000
0.2000
0.2000
0.2000
0.2000
0.2000
0.2000
0.2000
0.2000
0.2000
0.2000
0.2000
0.2000
0.2000
0.2000
0.2000
0.2000
0.2000
0.2000
0.2000
0.2000
0.2000
0.2000
0.7683
1.0000
1.0000
1.0000
1.0000
1.0000
1.0000
1.0000
1.0000
1.0000
1.0000
0.9725
0.7357
0.5930
0.2755
0.2544
0.2437
0.2358
0.2295
0.2252
0.2211
0.2176
0.2147
0.2120
0.2101
0.2083
0.2070
0.2053
0.2043
0.2031
0.2023
0.2015
0.2009
0.2003
0.2000
0.2000
0.2000
0.2000
0.2000
0.2000
0.2000
0.2000
0.2000
0.2000
0.2000
0.2000
0.2000
0.2000
0.2000
0.2000
0.2000
0.2000
0.2000
0.2000
0.5195
0.5830
0.6101
0.6165
0.6215
0.6255
0.6288
0.6316
0.6340
0.6224
0.5928
0.5765
0.5447
0.2493
0.2349
0.2275
0.2227
0.2176
0.2135
0.2112
0.2086
0.2054
0.2041
0.2020
0.2002
0.2000
0.2000
0.2000
0.2000
0.2000
0.2000
0.2000
0.2000
0.2000
0.2000
0.2000
0.2000
0.2000
0.2000
0.2000
0.2000
0.2000
0.0000
0.0000
0.0000
0.3339
0.2479
0.2487
0.2535
0.2577
0.2613
0.2644
0.2669
0.2300
0.2000
0.2000
0.2000
0.0000
0.2000
0.2000
0.2000
0.2000
0.2000
0.2000
0.2000
