1361.2225
1367.0172
1361.6368
1356.7638
1351.9721
1347.2636
1347.2636
1339.6088
1334.8133
1330.1987
1325.6908
1321.2845
1316.9777
1312.7689
1308.6564
1304.6390
1300.7156
1296.8850
1293.1458
1293.1458
1286.5971
1282.8057
1279.1898
1275.6758
1272.2571
1268.9300
1265.6924
1262.5420
1259.4774
1256.4968
1253.5984
1250.7801
1250.7801
1245.4010
1242.5182
1239.7905
1237.1518
1234.5954
1232.1179
1229.7167
1227.3898
1225.1355
1222.9519
1220.8375
1218.7908
1218.7908
1214.3532
1212.2248
1210.2332
1208.3182
1206.4736
1204.6961
1202.9835
1201.3338
1199.7455
1198.2169
1196.7464
1195.3324
1195.3324
1191.6641
1190.1542
1188.7656
1177.5214
1172.3878
1167.8020
1163.4083
1159.1689
1155.0676
1151.0934
1147.2374
1143.4929
1143.4929
1136.0096
1132.2144
1120.3158
1109.1344
1098.4700
1088.2707
1078.5066
1069.1529
1060.1735
1051.5535
1043.2748
1035.3153
1027.6544
1020.2832
1006.1609
995.8993
986.0906
976.5655
964.8570
958.3780
956.6934
964.1991
979.9633
994.2369
1011.7321
1028.1455
1043.5465
1057.7433
1071.4929
1084.8951
1098.0096
1110.8315
1123.3550
1135.5792
1147.4990
1154.9001
1154.3384
1150.5591
1144.1379
1148.6141
1157.9653
1175.4809
1190.9695
1205.2946
1218.5695
1230.7319
1242.0246
1252.6870
1262.7757
1255.6291
1245.6595
1237.0564
1237.9848
1242.9574
1251.7905
1264.0823
1253.9194
1241.0319
1230.4769
1221.6383
1214.1649
1207.8089
1202.3961
1197.7915
1193.8831
1195.8447
1198.3733
1214.1377
1226.8687
1245.9180
1269.2875
1289.6647
1298.9553
1298.5972
1289.6251
1277.0568
1265.1939
1254.3638
1244.1299
1234.2157
1224.5429
1215.2147
1199.2652
1184.6790
1175.5616
1171.3996
1176.6295
1190.1830
1206.7407
1221.6253
1235.2050
1247.7482
1263.6952
1278.2163
1291.5029
1303.7156
1314.9910
1321.2558
1323.5352
1309.6732
1298.1010
1288.2603
1279.8009
1272.4959
1266.1863
1260.7343
1256.0299
1251.9837
1248.5183
1246.5393
1252.5443
1279.5921
1304.9778
1326.7302
1345.7553
1366.7514
1376.5296
1385.2267
1397.0717
1403.2179
1400.9048
1399.4810
1394.7546
1399.7760
1416.8741
1427.7808
1446.8739
1478.5191
1505.9258
1534.4681
1559.3932
1571.3471
1577.1126
1572.5468
1568.6652
1559.3073
1544.9646
1531.6568
1510.1311
1487.0366
1465.1414
1439.7878
1424.3666
1412.4151
1400.7074
1384.7933
1361.7635
1332.4631
1312.9852
1303.9136
1300.2820
1296.1798
1284.6849
1269.3857
1255.5927
1242.8075
1230.8287
1219.5282
1208.8148
1198.6171
1188.8765
1179.6642
1170.8344
1162.0148
1160.7182
1166.1191
1169.6582
1171.7593
1172.5845
1172.3251
1171.0023
1160.2529
1141.7592
1120.7060
1108.9671
1098.3224
1088.3662
1078.8530
1070.3514
1062.4268
1054.8975
1047.5549
1040.9182
1035.4708
1034.7020
1042.5758
1048.9042
1057.6934
1064.7316
1070.4187
1074.9647
1078.5485
1081.3217
1083.3838
1094.0903
1094.0903
1094.0903
1094.7290
1095.5618
1096.4988
1097.5377
1098.6781
1099.9185
1101.2568
1102.6829
1114.7577
1137.1860
1169.7343
1201.4162
1233.5357
1254.6838
1281.5856
1307.5481
1332.3253
1355.9336
1373.5531
1385.2165
1391.4995
1386.2291
1381.4695
1376.7856
1372.1800
1372.1800
1364.9947
1360.2961
1355.7619
1351.3310
1346.9986
1342.7627
1338.6221
1334.5751
1330.6208
1326.7582
1322.9862
1319.3036
1319.3036
1313.1246
1309.3886
1305.8143
1302.3401
1298.9593
1295.6681
1292.4643
1289.3456
1286.3101
1283.3557
1280.4805
1277.6829
1277.6829
1272.5142
1269.6472
1266.9233
1264.2855
1261.7271
1259.2442
1256.8340
1254.4947
1252.2241
1250.0207
1247.8827
1245.8086
1245.8086
1241.4620
1239.2960
1237.2564
1235.2896
1233.3898
1231.5536
1229.7784
1228.0624
1226.4039
1224.8011
1223.2526
1221.7570
1221.7570
1218.0689
1216.4639
1214.9718
1204.6769
1199.2471
1194.1586
1189.1677
1184.2646
1179.4489
1174.7214
1170.0830
1165.5340
1165.5340
1157.9702
1153.2980
1142.1481
1131.5394
1121.2338
1111.2289
1101.5338
1092.1534
1083.0891
1074.3387
1065.8977
1057.7595
1049.9163
1042.3594
1027.9311
1017.1891
1006.8980
996.8968
987.1978
978.3425
967.5449
957.8495
963.0973
981.5019
1002.7255
1022.1845
1040.1526
1056.4579
1071.9337
1086.7006
1100.8188
1114.3430
1127.3156
1139.7740
1151.7545
1163.1945
1157.7395
1154.2884
1160.7104
1158.3435
1166.6107
1183.1609
1198.3103
1212.3260
1225.3189
1237.2898
1248.3357
1258.7580
1268.6122
1261.3481
1246.8374
1237.8894
1238.6171
1243.5056
1252.3011
1260.3911
1254.9178
1241.4452
1230.4603
1221.2996
1213.5890
1207.0690
1201.5465
1196.8733
1192.9287
1194.8155
1201.6829
1219.9151
1239.0132
1259.3899
1279.7172
1297.5323
1309.0223
1318.9296
1318.7825
1309.1974
1299.9816
1277.4181
1264.8533
1253.2091
1242.0614
1231.2989
1221.0433
1203.7611
1192.5180
1186.6595
1186.3047
1184.4854
1187.6353
1195.3115
1202.5832
1222.7764
1240.7863
1256.9345
1271.4848
1284.6618
1296.6559
1307.5990
1300.7159
1285.7852
1272.5225
1260.4185
1249.3047
1239.0749
1229.6526
1221.3063
1213.8515
1207.2152
1201.1954
1211.8836
1226.1394
1243.8957
1268.9054
1291.0309
1310.9772
1343.0787
1371.2297
1381.0951
1390.6498
1387.1889
1389.5745
1384.3382
1380.9939
1383.3211
1390.5674
1397.4330
1412.9240
1450.9120
1488.6672
1521.3879
1549.8238
1560.0712
1559.7472
1555.3272
1553.5029
1549.3599
1544.6120
1539.1969
1521.8785
1506.5814
1479.4105
1447.1965
1427.0202
1416.6873
1409.3270
1393.2876
1382.3095
1363.1414
1339.7126
1318.6432
1317.0992
1314.5228
1308.1919
1292.5826
1278.4859
1265.3814
1253.0742
1241.4366
1230.3758
1219.8195
1209.7099
1194.5300
1181.2648
1182.2049
1186.2774
1190.8305
1193.4802
1194.7176
1195.3962
1190.7604
1185.6994
1171.3509
1149.5071
1136.4727
1124.5892
1113.4293
1102.8527
1092.7546
1083.2349
1074.6574
1062.1044
1054.5905
1054.9087
1058.7948
1061.3829
1062.8882
1067.8382
1071.4162
1074.0463
1075.7979
1076.7880
1077.1341
1076.9652
1076.3846
1097.7976
1097.7976
1097.7976
1098.2255
1098.9268
1099.7344
1100.6081
1101.5709
1102.6257
1103.4657
1104.2067
1105.0455
1127.0802
1148.4568
1179.7916
1211.9111
1229.9404
1255.9108
1280.9575
1304.7677
1327.3654
1338.6093
1340.0586
1341.2656
1336.0647
1331.3315
1326.6639
1322.0651
1322.0651
1313.9788
1309.2334
1304.6888
1300.2407
1295.8834
1291.6148
1287.4337
1283.3393
1279.3308
1275.4071
1271.5671
1267.8097
1267.8097
1260.7092
1256.8496
1253.1882
1249.6215
1246.1418
1242.7455
1239.4301
1236.1937
1233.0344
1229.9504
1226.9402
1224.0022
1224.0022
1217.8801
1214.8310
1211.9626
1209.1768
1206.4664
1203.8280
1201.2591
1198.7576
1196.3218
1193.9504
1191.6416
1189.3941
1189.3941
1184.1032
1181.7305
1179.5223
1177.3857
1175.3140
1173.3039
1171.3531
1169.4597
1167.6223
1165.8393
1164.1092
1162.4308
1162.4308
1157.8305
1156.0146
1154.3495
1143.8416
1138.3178
1133.3085
1128.4943
1123.8388
1119.3245
1114.9398
1110.6755
1106.5241
1106.5241
1099.1453
1094.9155
1083.9029
1073.5569
1063.6940
1054.2666
1045.2465
1036.6097
1028.3151
1020.3701
1012.7577
1005.4600
998.4608
991.7445
974.6285
962.8139
951.8391
941.3621
931.8414
917.6137
917.9934
918.0408
931.5866
952.4739
971.2081
988.2828
1004.0963
1019.0979
1033.4208
1047.1970
1060.5549
1073.5019
1086.0503
1098.2101
1109.9503
1121.2234
1123.6975
1118.4246
1110.5251
1105.5350
1119.9714
1137.6043
1153.4319
1167.8117
1180.9118
1192.7643
1203.6301
1213.8010
1223.3293
1219.7039
1200.1492
1191.8644
1184.4323
1191.2941
1201.6916
1215.2561
1205.4261
1192.0459
1181.3143
1172.6069
1165.5114
1159.7459
1155.0869
1151.3569
1148.4046
1146.1371
1156.5662
1169.8344
1198.5192
1226.3198
1247.9452
1266.6942
1283.0756
1297.1328
1304.6277
1310.2199
1297.0595
1281.3083
1266.7450
1252.9058
1239.6428
1226.9931
1214.7854
1203.2137
1184.0095
1170.4448
1166.8587
1168.0883
1173.8114
1183.7301
1197.1697
1213.5782
1228.2906
1241.5499
1253.5605
1264.5023
1274.6044
1279.6305
1268.4136
1254.3616
1242.8265
1233.2010
1225.1153
1218.3089
1212.5852
1207.7897
1203.7986
1200.5100
1197.8715
1195.4084
1224.8857
1265.3058
1297.9747
1324.6368
1342.4485
1357.4176
1383.9707
1383.5148
1406.1324
1425.0822
1426.6791
1424.3899
1427.4087
1426.2277
1425.6981
1429.8715
1448.3172
1474.1378
1506.2666
1534.0911
1558.3451
1574.6678
1588.6925
1590.8786
1587.9311
1570.6197
1555.1751
1540.5386
1515.7014
1481.7606
1452.2142
1429.8983
1409.7179
1395.3357
1384.7750
1366.2411
1353.2447
1335.3776
1310.1735
1296.5953
1284.3238
1276.9610
1270.7736
1254.8170
1240.4155
1227.0900
1214.6375
1202.9219
1191.8428
1181.3183
1171.2872
1156.8605
1143.5834
1136.0386
1137.5819
1140.4486
1146.1815
1150.0654
1148.1315
1142.3255
1136.0854
1125.5531
1106.5368
1094.5081
1083.5166
1073.1915
1063.4048
1054.0751
1045.1189
1037.6401
1030.6033
1028.2494
1025.4340
1025.7931
1029.8340
1037.0482
1042.5439
1046.6067
1049.4719
1051.3367
1052.3675
1052.7045
1052.4655
1051.7499
1078.5162
1083.8695
1089.2227
1094.5906
1100.3600
1106.0884
1111.5494
1116.5948
1116.4207
1116.2720
1116.1803
1121.4661
1142.3886
1172.5640
1200.6443
1232.7638
1243.6526
1267.0617
1289.8333
1311.4671
1331.4044
1334.6000
1338.5427
1333.1686
1327.4693
1322.2539
1317.1229
1312.0783
1312.0783
1303.2732
1298.1222
1293.1991
1288.3851
1283.6747
1279.0658
1274.5568
1270.1465
1265.8334
1261.6162
1257.4936
1253.4639
1253.4639
1245.8461
1241.7415
1237.8527
1234.0660
1230.3743
1226.7741
1223.2630
1219.8392
1216.5005
1213.2448
1210.0703
1206.9753
1206.9753
1200.5048
1197.3156
1194.3242
1191.4197
1188.5959
1185.8495
1183.1781
1180.5795
1178.0521
1175.5941
1173.2038
1170.8796
1170.8796
1165.3566
1162.9214
1160.6624
1158.4778
1156.3612
1154.3099
1152.3215
1150.3943
1148.5269
1146.7176
1144.9652
1143.2683
1143.2683
1138.5356
1136.7140
1135.0521
1124.8036
1119.1610
1114.0409
1109.1180
1104.3602
1099.7500
1095.2751
1090.9263
1086.6962
1086.6962
1079.3262
1075.1831
1064.4799
1054.3697
1044.7340
1035.5259
1026.7175
1018.2847
1010.2064
1002.4605
995.0167
987.8569
980.9651
974.3314
955.9284
943.7595
932.6066
922.0549
911.8647
907.0468
902.6083
903.4130
913.3871
922.6442
944.7352
964.7351
983.2240
1000.6562
1017.2000
1032.9438
1047.9632
1062.3236
1076.0789
1089.2784
1101.9668
1114.1546
1121.0387
1120.1234
1112.1241
1102.3537
1112.7272
1131.8215
1149.1304
1164.9140
1179.4342
1192.7425
1204.9298
1216.3117
1227.0339
1227.6173
1207.6559
1199.5091
1196.8366
1207.2294
1216.2719
1220.5326
1207.6381
1194.5059
1183.8888
1175.2455
1168.1870
1162.4129
1157.7169
1153.9371
1150.9221
1148.5915
1154.4958
1169.5145
1199.3307
1227.8170
1250.1406
1269.5367
1282.2706
1284.8616
1278.5413
1268.4963
1250.0388
1238.0903
1226.4741
1215.2332
1204.3391
1194.1332
1178.9700
1168.9690
1164.0551
1159.0085
1154.3464
1150.1064
1160.1328
1169.2477
1186.5809
1202.1668
1216.2865
1229.1681
1240.9790
1251.9253
1262.1176
1262.9256
1247.1864
1235.3828
1225.7957
1217.8897
1211.3463
1205.9379
1201.4912
1197.8692
1194.9615
1192.6772
1190.8321
1207.4533
1238.5208
1268.3261
1291.6043
1311.5252
1324.4195
1340.6468
1379.2191
1406.6254
1405.7220
1405.7593
1401.7422
1394.9382
1377.6966
1368.0298
1368.7624
1384.0415
1402.3879
1442.9054
1477.5970
1507.5967
1533.7568
1551.7892
1567.5194
1576.0840
1583.4512
1584.6381
1570.0098
1551.7743
1523.4615
1493.9014
1463.1554
1432.6051
1401.2004
1378.0169
1368.5533
1350.4875
1325.1344
1302.0643
1281.5760
1271.4123
1265.7706
1263.4536
1253.2434
1237.6650
1223.6127
1210.6320
1198.5235
1187.1502
1176.4114
1166.2228
1156.5214
1147.2547
1134.5170
1136.4351
1141.7324
1148.5011
1152.0674
1154.0317
1146.2126
1139.0147
1131.9304
1120.1484
1104.8022
1092.0423
1080.4251
1069.5577
1059.3016
1045.5415
1032.7027
1020.8483
1014.9205
1009.1589
1008.2101
1006.7413
1005.0585
1011.9969
1017.2391
1024.3422
1029.6899
1033.6516
1036.4605
1038.3099
1039.3611
1031.2265
1036.5797
1036.5797
1036.5797
1038.0680
1039.7988
1041.6077
1043.1200
1044.4575
1045.9387
1047.4209
1054.2078
1066.0226
1093.2957
1124.7315
1154.7697
1186.8892
1201.3648
1226.2589
1250.2572
1272.9722
1294.4418
1314.8168
1324.4850
1329.1796
1323.4334
1318.1831
1313.0225
1307.9535
1307.9535
1299.0598
1293.9004
1288.9711
1284.1515
1279.4369
1274.8249
1270.3139
1265.9020
1261.5880
1257.3705
1253.2482
1249.2196
1249.2196
1241.5876
1237.4883
1233.6047
1229.8240
1226.1392
1222.5469
1219.0451
1215.6315
1212.3042
1209.0612
1205.9007
1202.8209
1202.8209
1196.3774
1193.2057
1190.2335
1187.3496
1184.5472
1181.8231
1179.1747
1176.6000
1174.0970
1171.6641
1169.2995
1167.0016
1167.0016
1161.5288
1159.1207
1156.8899
1154.7344
1152.6474
1150.6258
1148.6675
1146.7704
1144.9331
1143.1540
1141.4316
1139.7646
1139.7646
1135.0869
1133.2928
1131.6587
1121.5276
1115.9281
1110.8478
1106.1245
1101.5663
1097.1562
1092.8817
1088.7327
1084.7011
1084.7011
1077.3962
1073.2863
1062.6693
1052.5977
1042.9730
1033.7696
1024.9664
1016.5455
1008.4771
1000.7432
993.3269
986.2112
979.3805
972.8200
954.4064
942.3335
931.2477
920.7526
910.7623
901.2232
892.0940
883.3404
874.9328
866.8453
859.0551
851.5415
844.2873
837.2755
830.4875
823.9101
817.5278
811.3298
805.3062
799.4475
793.7447
788.1898
782.7752
777.4932
772.3383
767.3045
762.3860
757.5776
752.8733
748.2691
743.7605
739.3437
735.0159
730.7727
726.6103
722.5256
718.5153
714.5765
710.7287
706.9764
703.2933
699.6656
696.0989
692.5997
689.1672
685.7996
682.4950
679.2519
676.0682
672.8370
669.6520
666.5121
663.4166
660.3646
657.3559
654.3900
651.4650
648.5806
645.7367
642.9330
640.1673
637.4978
634.8944
632.3383
629.8275
627.3443
624.8889
622.4719
620.0963
617.7623
615.4694
613.2170
611.0043
608.8587
606.7344
604.6365
602.5741
600.5484
598.5593
596.6064
594.6893
592.8073
590.9579
589.1260
587.3158
585.6580
584.0318
582.4379
580.8757
579.3445
577.8441
576.3739
574.9333
573.5183
572.1198
570.7415
569.3886
568.1197
566.8773
565.6617
564.4721
563.3080
562.1681
561.0521
559.9595
558.8898
557.8373
556.7970
555.7731
554.7402
553.7269
552.7328
551.7574
550.8006
549.8627
548.9434
548.0421
547.1589
546.2932
545.4347
544.6351
543.8477
543.0724
542.3091
541.5579
540.8184
540.0906
539.3743
538.6695
537.9758
537.2933
536.6216
536.6216
540.6944
545.4707
550.2361
554.9546
559.6431
564.2936
568.9067
573.4827
578.0218
582.5206
586.9755
591.3901
591.3901
594.6023
599.0875
603.5774
608.0397
612.4737
616.8794
621.2446
625.5731
629.8653
634.1215
638.3414
642.5254
642.5254
644.9030
648.8656
652.8527
656.8130
660.7435
664.6431
668.5115
672.3485
676.1538
679.9273
683.6689
687.3787
687.3787
689.1059
692.5941
696.1179
699.6196
703.0959
706.5459
709.9692
713.3655
716.7351
720.0779
723.3939
726.6833
726.6833
727.8636
730.9347
734.0515
737.1515
740.2315
743.2904
746.3278
749.3433
752.3369
755.3086
758.2582
761.1859
761.1859
761.9112
764.6239
767.3910
770.1465
772.8870
775.6114
778.3194
781.0108
783.6853
786.3430
788.9837
791.6075
791.6075
791.9643
794.3782
796.8537
799.3226
801.7814
804.2288
806.6641
809.0871
811.4974
813.8949
816.2796
818.6514
818.6514
818.7145
820.8802
823.1131
825.3437
827.5683
829.7856
831.9949
834.1957
836.3877
838.5709
840.7450
842.9098
842.9098
842.7451
844.7091
846.7435
848.7795
850.8130
852.8428
854.8680
856.8882
858.9029
860.9119
862.9151
864.9123
864.9123
864.5743
866.3822
868.2609
870.1422
872.0232
873.9030
875.7812
877.6575
879.5315
881.4032
883.2722
885.1385
885.1385
884.6727
886.3554
888.1109
889.8722
891.6361
893.4015
895.1679
896.9348
898.7020
900.4690
902.2357
904.0013
904.0013
903.4251
904.6905
906.1138
907.5323
908.9417
910.3403
911.7279
913.1046
914.4709
915.8275
917.1746
918.5126
918.5126
917.2350
918.2381
919.4353
920.6330
921.8277
923.0187
924.2052
925.3864
926.5619
927.7311
928.8936
930.0486
930.0486
928.4776
929.2730
930.2894
931.3059
932.3196
933.3298
934.3361
935.3380
936.3354
937.3279
938.1760
939.0161
939.0161
937.0956
937.6679
938.3333
938.9907
939.6360
940.2681
940.8865
941.4911
942.0820
942.6589
943.2221
943.7718
943.7718
941.3012
941.5317
941.8911
942.2594
942.6300
943.0060
943.3837
943.7609
944.1449
944.4266
944.7103
944.9956
944.9956
942.2044
942.2499
942.4197
942.5995
942.7856
942.9740
943.1677
943.3665
943.5699
943.7773
943.9751
944.1690
944.1690
941.3311
941.2805
941.3575
941.4537
941.5631
941.6844
941.8165
941.8030
941.8033
941.8159
941.8413
941.8785
941.8785
938.7401
938.5511
938.4863
938.4237
938.3606
938.3043
938.4167
938.5346
938.6576
938.7848
938.9156
939.0491
939.0491
936.0581
935.9643
935.9889
936.0270
936.0732
936.2301
936.3913
936.5562
936.7241
936.8949
937.0687
937.2460
937.2460
934.3920
934.3482
934.4180
934.4989
934.5860
934.6779
934.7739
934.8736
934.9765
935.0826
935.1916
935.4575
935.4575
932.5995
932.4902
932.4858
932.6386
932.7953
932.9566
933.1226
933.2935
933.4691
933.6494
933.8344
934.0238
934.0238
931.1231
931.1296
931.4368
931.7547
932.0812
932.4166
932.7627
933.1188
933.4842
933.8587
934.2418
934.6332
934.6332
932.0555
932.2712
932.5805
932.9050
933.2440
933.5960
933.9601
934.3356
934.7220
935.1189
935.5258
935.9434
935.9434
933.3823
933.6339
933.9822
934.3460
934.7229
935.1128
935.5154
935.9303
936.3569
936.7949
937.2438
937.7033
937.7033
935.1700
935.4630
935.8550
936.2624
936.6829
937.1164
937.5627
938.0212
938.4918
938.9738
939.4667
939.9703
939.9703
937.4766
937.8126
938.2492
938.7012
939.1700
939.6540
940.1523
940.6641
941.1889
941.7261
942.2753
942.8360
942.8360
940.4016
940.7841
941.2749
941.7869
942.3160
942.8607
943.4201
943.9933
944.5798
945.1791
945.7905
946.4139
946.4139
944.0516
944.4936
945.0490
945.6260
946.2204
946.8289
947.4480
948.0756
948.6335
949.2033
949.7847
950.3769
950.3769
948.0905
948.4971
949.0206
949.5642
950.1240
950.6986
951.2869
951.8881
952.5016
953.1266
953.7625
954.4085
954.4085
952.1857
952.6483
953.2244
953.8185
954.4272
955.0488
955.6813
956.3244
956.9781
957.6431
958.3189
959.0055
959.0055
956.8898
957.3901
958.0075
958.6460
959.3023
959.9752
960.6638
961.3675
962.0859
962.8186
963.5653
964.3255
964.3255
962.4283
963.0108
963.7057
957.4002
954.5674
952.1298
949.8277
947.6319
945.5262
943.5029
941.5549
939.6769
939.6769
935.0116
933.0019
925.3936
918.1928
911.3482
904.8219
898.5928
892.6299
886.9192
881.4354
876.1703
871.1136
866.2547
861.5839
848.9599
840.4765
832.6421
825.1820
818.0345
809.5463
806.9724
809.8264
826.7848
855.8612
881.6702
904.8670
925.9271
945.4615
963.8142
981.1299
997.5255
1013.1023
1027.9183
1042.0902
1055.6991
1060.2886
1065.7708
1071.9314
1067.6096
1055.4014
1059.5579
1077.2895
1093.0916
1107.2438
1120.0914
1131.8203
1142.5180
1152.3705
1152.6881
1153.9801
1138.5343
1129.4668
1121.9379
1128.4198
1138.5202
1143.4710
1138.7248
1125.0628
1114.6541
1106.6866
1100.6141
1096.0486
1092.7024
1090.3545
1088.8257
1091.8928
1105.4418
1117.4247
1130.9194
1154.3728
1178.8531
1200.0047
1205.5777
1206.1454
1201.7947
1188.9921
1172.9411
1158.0381
1148.1853
1139.0163
1130.2220
1121.7158
1110.0088
1103.6411
1106.5862
1113.1340
1123.0703
1140.4295
1155.5689
1168.8853
1185.7998
1200.9935
1214.6889
1227.1124
1238.4540
1248.8736
1258.5052
1262.5848
1244.4045
1229.2826
1217.5043
1208.1874
1200.7909
1194.9317
1190.3301
1186.7690
1184.0770
1182.1172
1180.7792
1183.5611
1198.1539
1217.6181
1240.0180
1258.9784
1275.3999
1285.0711
1303.3058
1314.2839
1333.9498
1351.1690
1351.7556
1352.9492
1345.5458
1345.0834
1350.0370
1360.0355
1384.1321
1419.9847
1455.6442
1485.9909
1512.1767
1530.0152
1540.7064
1550.1136
1553.1616
1545.9394
1528.9460
1508.7910
1489.3423
1463.5853
1435.5488
1410.9195
1380.9638
1363.5512
1355.9727
1348.2722
1330.7559
1310.4920
1283.9613
1264.5405
1260.2204
1250.7035
1238.0331
1223.3376
1210.0715
1197.8172
1186.3907
1175.6594
1165.5238
1155.9047
1146.7397
1135.1080
1129.0114
1127.3693
1125.0623
1131.0152
1138.2644
1143.3771
1147.9312
1146.0454
1139.1127
1123.6991
1105.4135
1093.3682
1082.4461
1072.2526
1062.6473
1053.5373
1042.4852
1032.0477
1022.2807
1017.7153
1028.7514
1034.4944
1038.8173
1049.5520
1057.5063
1063.2543
1067.2683
1069.8724
1071.3170
1071.8199
1071.5597
1066.4401
1082.4999
1082.4999
1082.4999
1082.9694
1083.4286
1083.7638
1084.0873
1084.4225
1084.7837
1085.1817
1085.6134
1085.9871
1102.1111
1133.8032
1164.2043
1196.3238
1208.3122
1232.8459
1256.3511
1278.4844
1299.3646
1314.2769
1323.6291
1327.7596
1261.6215
1205.2843
1156.9025
1115.0553
1115.0553
1077.5322
1044.7995
1016.0181
990.5222
967.7720
947.3258
928.8204
911.9578
896.4895
882.2102
868.9491
856.5642
856.5642
844.1214
832.5461
821.7027
811.4851
801.8084
792.6032
783.8125
775.3892
767.2943
759.4951
751.9644
744.6791
744.6791
736.9899
729.6682
722.6609
715.9280
709.4382
703.1667
697.0931
691.2007
685.4760
679.9073
674.4852
669.2012
669.2012
663.5555
658.1582
652.9739
647.9763
643.1449
638.4637
633.9197
629.5022
625.2025
621.0135
616.9289
612.9435
612.9435
608.6630
604.5707
600.6395
596.8494
593.1849
589.6338
586.1864
582.8345
579.5717
576.3925
573.2923
570.2672
570.2672
567.0029
563.8849
561.4736
559.4525
557.7479
556.3004
555.0626
553.9958
553.0688
552.2565
551.5381
550.8968
550.3190
549.7933
548.2242
549.7560
556.6980
563.2807
572.1308
591.7355
616.6242
646.6643
697.5553
747.7909
797.3444
846.2856
894.6452
942.4847
989.8313
1036.7173
1083.1671
1129.0493
1174.4033
1219.2682
1263.6590
1307.5670
1351.0233
1378.0871
1389.1451
1405.7268
1432.9829
1475.9623
1518.4320
1560.4074
1601.8963
1642.9041
1683.3941
1723.4221
1762.9955
1775.6813
1772.5947
1780.4570
1809.5591
1848.8331
1887.5497
1920.5030
1926.6854
1917.3990
1908.8805
1901.1239
1894.1043
1887.8001
1882.1897
1877.2524
1873.0686
1869.6092
1871.8318
1885.0590
1919.5653
1964.2385
2008.2427
2051.6073
2083.7714
2115.4972
2130.8826
2146.1054
2145.2332
2139.1614
2133.2648
2127.5282
2121.9415
2116.5010
2111.2098
2106.0895
2106.4450
2112.1872
2123.2624
2150.1633
2187.3048
2229.2073
2270.5031
2311.2150
2351.3582
2390.9155
2429.9182
2468.3836
2506.3229
2538.4617
2554.3989
2543.9982
2534.3484
2525.5469
2517.6697
2510.6552
2504.4719
2499.1390
2494.5913
2490.8079
2497.8378
2509.7566
2542.4366
2585.3424
2627.5198
2668.8913
2704.3150
2744.5288
2799.9699
2843.8270
2876.4199
2908.4446
2929.4140
2955.3188
2986.1534
3021.8375
3057.0328
3097.0342
3140.0283
3195.6625
3249.5813
3306.4766
3361.6271
3410.5949
3444.6405
3477.8370
3501.0571
3523.8365
3545.8935
3562.6523
3569.8604
3576.5977
3574.0539
3562.5386
3555.5298
3557.2804
3558.6888
3555.3893
3547.5294
3544.0486
3535.9669
3532.2475
3532.7436
3537.3530
3519.6644
3498.9775
3478.8391
3459.2408
3440.1607
3421.5797
3403.4801
3385.8473
3368.6680
3357.1770
3356.5178
3361.1354
3370.8964
3385.6591
3400.0184
3410.8209
3415.7884
3415.6449
3406.0940
3391.9785
3377.9942
3364.1392
3347.0448
3330.3431
3314.0168
3298.0162
3282.3581
3267.0430
3257.3211
3247.7850
3249.0170
3255.4075
3261.5477
3272.7654
3280.3529
3291.8379
3302.6251
3312.7965
3322.4055
3331.4939
3340.0963
3343.7180
3201.9389
3058.4547
2932.8264
2822.0424
2723.6248
2635.5807
2556.2818
2484.3711
2418.7288
2358.4508
2302.7615
2260.6938
2276.7536
2245.4444
2219.1519
2192.2317
2164.9013
2137.3470
2109.7242
2082.1602
2054.7580
2017.8588
1977.9421
1930.6929
1882.2726
1882.2726
1835.0061
1791.6105
1751.4488
1714.0259
1678.9445
1645.8810
1614.5696
1584.7909
1556.3630
1529.1344
1502.9808
1477.7956
1477.7956
1451.5169
1426.5412
1402.6786
1379.7863
1357.7522
1336.4864
1315.9157
1295.9799
1276.6292
1257.8219
1239.5227
1221.7016
1221.7016
1202.8232
1184.7553
1167.3840
1150.6256
1134.4152
1118.7012
1103.4420
1088.6038
1074.1583
1060.0822
1046.3557
1032.9617
1032.9617
1018.7224
1005.0804
991.9524
979.2771
967.0070
955.1047
943.5401
932.2884
921.3294
910.6462
900.2243
890.0515
890.0515
879.2167
868.8369
858.8485
849.2045
839.8689
830.8129
822.0135
813.4524
805.1144
796.9868
789.0589
781.3214
781.3214
773.0683
765.1655
757.5641
750.2278
743.1284
738.8544
735.3329
732.4080
729.9573
727.8838
726.1108
724.5775
723.2354
722.0461
720.9787
720.0088
719.1166
715.0101
720.0230
725.6150
731.3125
746.1519
760.9943
781.0614
816.8859
852.2712
892.5537
942.9639
992.6642
1041.6926
1090.1060
1137.9210
1185.1474
1231.7949
1277.8729
1323.3909
1368.3580
1412.7833
1456.6758
1478.8931
1495.8020
1523.3218
1555.8573
1598.5922
1640.6847
1682.1869
1723.1337
1763.5712
1803.5247
1842.9725
1881.9532
1920.4914
1953.4263
1980.7338
1997.1353
1997.6783
2014.3221
2036.0754
2062.9867
2073.9849
2064.2925
2055.3473
2047.1550
2039.6846
2032.9492
2026.9871
2021.7956
2017.3604
2018.8624
2020.6279
2033.1346
2061.5990
2100.3219
2143.8100
2186.6431
2223.5642
2259.9375
2286.7810
2302.7652
2307.9536
2307.7977
2302.3850
2297.1037
2291.9491
2286.9165
2287.2827
2287.6507
2293.3296
2298.8742
2304.3161
2314.9275
2336.1243
2378.2876
2419.8483
2460.8258
2501.2390
2541.0986
2580.4135
2619.1917
2657.4383
2689.9200
2700.9415
2690.9452
2681.5896
2673.1984
2665.7153
2659.1484
2653.4535
2648.6958
2644.7864
2641.6925
2639.2229
2641.6824
2669.8305
2708.3436
2751.5541
2793.9190
2825.0542
2866.3932
2917.6017
2966.1416
3013.2621
3049.4033
3074.9647
3094.5125
3113.7105
3130.7211
3151.6687
3162.8378
3197.3698
3244.6223
3294.6699
3347.5023
3398.3570
3447.0083
3492.3405
3532.1458
3561.2478
3592.9631
3615.5668
3627.3360
3629.3180
3622.9452
3611.9589
3605.3579
3598.3215
3590.8406
3592.6122
3589.5706
3573.1816
3549.4630
3530.8799
3520.3244
3519.3809
3518.1972
3499.2550
3477.3592
3456.0358
3435.2774
3415.0064
3395.1830
3375.8439
3357.8342
3340.3051
3323.2477
3311.8909
3311.3739
3321.4240
3336.4808
3346.8307
3354.2774
3360.8668
3362.1400
3358.8180
3350.4908
3333.1403
3316.1522
3298.9593
3282.0743
3265.5606
3249.3888
3233.5082
3217.9441
3207.9694
3203.4455
3204.2524
3211.3900
3215.2403
3221.7058
3232.2722
3242.2738
3251.5443
3260.2761
3268.5263
3276.3316
3283.7242
3286.1006
3148.3817
3013.3117
2894.7647
2789.9186
2696.4820
2612.6176
2536.8265
2467.8761
2409.4655
2350.3996
2295.7427
2259.3364
2286.1027
2257.3778
2228.4137
2199.3301
2170.2481
2141.2763
2112.5075
2084.0176
2055.8682
2028.1077
2000.6811
1963.7892
1960.7668
1960.7668
1945.2816
1934.0929
1923.1382
1912.1515
1901.1293
1890.0810
1879.0169
1867.9462
1856.8784
1845.8216
1834.7828
1823.7698
1823.7698
1807.0029
1795.4097
1784.1713
1773.0380
1761.9931
1751.0349
1740.1643
1729.3833
1718.6938
1708.0988
1697.6004
1687.2022
1687.2022
1672.3568
1661.5915
1651.2041
1640.9690
1630.8687
1620.8991
1611.0572
1601.3418
1591.7524
1582.2883
1572.9494
1563.7351
1563.7351
1550.4089
1540.9584
1531.8663
1522.9398
1514.1595
1505.5197
1497.0170
1488.6491
1480.4141
1472.3102
1464.3358
1456.4896
1456.4896
1444.8132
1436.7938
1429.1133
1421.5914
1414.2102
1406.9640
1383.3382
1365.5643
1350.5594
1336.3924
1322.8674
1309.9125
1309.9125
1287.9100
1274.4199
1262.8540
1251.8361
1241.2435
1218.4202
1202.2080
1187.7240
1174.4791
1162.2416
1150.9493
1140.4888
1130.7445
1121.6579
1113.1853
1105.2702
1097.8633
1073.8951
1056.8672
1041.5171
1027.2729
1015.8438
1005.5165
1011.1276
1015.4794
1033.8754
1049.9304
1069.2174
1086.6402
1102.6743
1117.6947
1131.8604
1145.2520
1158.0491
1170.2971
1182.0353
1193.3104
1204.1448
1209.6975
1205.8351
1198.8401
1198.9438
1200.1077
1206.9458
1223.5843
1238.6901
1252.4759
1265.1214
1276.7812
1287.2973
1297.0306
1306.1725
1299.9492
1285.1794
1267.6413
1262.5338
1267.8195
1282.4499
1295.3970
1277.4526
1256.8873
1242.4147
1231.0198
1221.9280
1214.6593
1208.8916
1204.3728
1200.8752
1200.9639
1206.4902
1231.0095
1260.4436
1283.8901
1306.8451
1326.7559
1339.2980
1330.9419
1324.0199
1312.8664
1292.9016
1278.9436
1265.8466
1253.2456
1241.0602
1229.3173
1213.8389
1208.3595
1207.4317
1210.7552
1213.0217
1224.4501
1239.3504
1257.2891
1273.1651
1287.4612
1300.4570
1312.3794
1323.3656
1333.5335
1342.9841
1351.7843
1335.4730
1313.6493
1297.7837
1284.9220
1274.3241
1265.5899
1258.3935
1252.4834
1247.5583
1243.5991
1252.0370
1264.3506
1288.5859
1317.2246
1339.4570
1358.4460
1375.0828
1394.5134
1406.3789
1421.7711
1449.5987
1458.6848
1452.3128
1442.8693
1435.5862
1430.0610
1435.6764
1441.1741
1456.4513
1479.9248
1510.2522
1541.4395
1568.4578
1591.9516
1612.0255
1619.1436
1610.3174
1592.6461
1571.7567
1552.6818
1524.1140
1499.3704
1476.6205
1451.1348
1418.8439
1404.9725
1395.7340
1386.4247
1362.1682
1334.7329
1310.7036
1298.7044
1292.1729
1285.3433
1269.1946
1250.2183
1234.3117
1219.8683
1206.5393
1194.1351
1182.5185
1171.5765
1161.2258
1151.4000
1142.3062
1131.4810
1134.5583
1138.4602
1145.4334
1150.2947
1149.4196
1133.6105
1119.3600
1101.9689
1089.7171
1078.4194
1067.8100
1057.7689
1048.2103
1036.3159
1024.9673
1014.9346
1010.5635
1006.1029
1010.6893
1023.7604
1032.8095
1039.6975
1044.8045
1048.4364
1050.8466
1052.2461
1052.8104
1052.6861
1051.9956
1045.9613
1062.0211
1062.0211
1063.0033
1064.1578
1064.9661
1065.3531
1065.5327
1065.7348
1066.1521
1066.4444
1077.3256
1087.9009
1113.9248
1137.8893
1170.0088
1180.4382
1204.7806
1228.3126
1250.5965
1271.6669
1291.5747
1305.2092
1313.2308
1315.6751
1309.3778
1303.5902
1297.9090
1297.9090
1287.8088
1282.0484
1276.5616
1271.1984
1265.9529
1260.8227
1255.8061
1250.9013
1246.1063
1241.4193
1236.8387
1232.3625
1232.3625
1223.7123
1219.1760
1214.8925
1210.7196
1206.6509
1202.6826
1198.8123
1195.0377
1191.3566
1187.7668
1184.2662
1180.8526
1180.8526
1173.5391
1170.0433
1166.7727
1163.5943
1160.5023
1157.4935
1154.5654
1151.7158
1148.9427
1146.2441
1143.6181
1141.0630
1141.0630
1134.8266
1132.1677
1129.7080
1127.3247
1125.0124
1122.7684
1120.5906
1118.4770
1116.4258
1114.4353
1112.5040
1110.6301
1110.6301
1105.2552
1103.2594
1101.4417
1099.6880
1090.1897
1084.3004
1078.9197
1073.7517
1068.7596
1063.9247
1059.2335
1054.6757
1054.6757
1046.9755
1042.3482
1038.0123
1027.7501
1018.3556
1009.3974
1000.8384
992.6524
984.8104
977.2803
970.0473
963.1003
956.4256
950.0103
943.8421
924.3852
911.8130
900.4592
889.8130
880.5289
885.2516
893.6238
905.3214
915.6195
929.8825
948.1673
965.0974
981.1101
996.4851
1011.3604
1025.7493
1039.6679
1053.1348
1066.1711
1078.7974
1090.9808
1102.7533
1109.0218
1115.6520
1122.8350
1099.1673
1085.2270
1101.7702
1121.9252
1140.1638
1156.7782
1171.9956
1185.6776
1198.2970
1205.2315
1202.4417
1200.8984
1209.3065
1202.2153
1196.4593
1192.0797
1197.9890
1185.7519
1172.9572
1162.6290
1154.2362
1147.4078
1141.8901
1137.4822
1134.0590
1131.4223
1142.1131
1156.5422
1168.7992
1191.4921
1212.6733
1235.9946
1256.3972
1264.5507
1272.0507
1261.2845
1251.2290
1232.6980
1220.5563
1209.1391
1198.1278
1187.4402
1177.1116
1167.0290
1161.4079
1160.1028
1162.9131
1173.6606
1187.0057
1199.0392
1210.1245
1225.4233
1239.4612
1252.4545
1264.5313
1275.8023
1286.3628
1296.2930
1295.8906
1278.6620
1263.6708
1251.3239
1240.9607
1232.2013
1224.7771
1218.4853
1213.1660
1208.6892
1204.9487
1203.5176
1217.1498
1236.3660
1261.3080
1285.5673
1306.3257
1324.4357
1350.1753
1362.4626
1373.2875
1382.9241
1386.7177
1380.8914
1372.0265
1365.7756
1365.4918
1370.7121
1380.7265
1399.7403
1435.8017
1471.6483
1502.6595
1529.6209
1553.1490
1568.5336
1571.9632
1565.1854
1559.3538
1547.8448
1531.7683
1506.3702
1484.4486
1454.7970
1418.9644
1388.4366
1370.1409
1352.3350
1335.9593
1324.8541
1309.1553
1289.5485
1271.4830
1269.4796
1271.2753
1256.7927
1229.0312
1204.9104
1183.8796
1165.4128
1149.0759
1134.5120
1121.4256
1109.5731
1098.7537
1093.6349
1102.9590
1114.4397
1122.8163
1133.5375
1141.3735
1141.9478
1141.3556
1129.9804
1114.5043
1095.6489
1073.9865
1054.8670
1037.8794
1022.6820
1008.9905
1001.4491
999.0641
996.1743
997.7739
998.2591
1002.7505
1005.6877
1012.2529
1021.8675
1029.1738
1034.5755
1038.4071
1040.9461
1042.4224
1043.0268
1038.0375
1023.5321
995.7826
971.7570
950.9040
932.7035
916.7221
902.5989
890.0342
878.7787
868.6055
859.3505
860.4918
876.5515
883.3420
897.8289
908.9900
917.4092
923.5780
927.9042
930.7253
932.3201
928.0385
918.8254
895.6528
870.3984
870.3984
847.5783
827.5560
809.8639
794.1206
780.0118
767.2784
755.7061
745.1176
735.3660
726.3295
717.9066
710.0131
710.0131
702.0323
694.5858
687.5939
680.9923
674.7288
668.7605
663.0522
657.5746
652.3037
647.2193
642.3047
637.5456
637.5456
632.5004
627.6938
623.0933
618.6731
614.4129
610.2960
606.3090
602.4409
598.6824
595.0260
591.4654
587.9951
587.9951
584.2684
580.7073
577.2893
573.9969
570.8163
567.7362
564.7477
561.8437
559.0182
556.2662
553.5834
550.9664
550.9664
548.1365
545.4342
542.8417
540.3453
537.9342
535.5997
533.3351
531.1346
528.9936
526.9084
524.8757
522.8927
522.8927
520.7331
518.6738
516.7008
514.8028
512.9713
511.2088
509.7081
508.4242
507.3203
506.3660
505.5361
504.8100
504.1704
503.6031
503.0963
502.6400
502.2260
501.3811
500.5386
499.7016
498.8722
498.0518
497.2415
496.4421
495.6538
494.8770
494.1118
493.3582
492.6163
491.8858
491.1667
490.4589
489.7623
489.0767
488.4019
487.7378
487.0843
486.4412
485.8083
485.1854
484.5725
483.9694
483.3759
482.7919
482.2171
481.6516
481.0950
480.5474
480.0085
479.4782
478.9564
478.4429
477.9376
477.4404
476.9512
476.4697
475.9960
475.5298
475.0711
474.6197
474.1755
473.7385
473.3084
472.8852
472.4688
472.0590
471.6557
471.2588
470.8683
470.4840
470.1058
469.7336
469.3674
469.0070
468.6523
468.3033
467.9599
467.6220
467.2894
466.9622
466.6402
466.3234
466.0117
465.7049
465.4030
465.1060
464.8137
464.5261
464.2430
463.9645
463.6904
463.4207
463.1553
462.8941
462.6371
462.3842
462.1353
461.8904
461.6494
461.4122
461.1789
460.9492
460.7233
460.5010
460.2822
460.0669
459.8550
459.6464
459.4412
459.2393
459.0406
458.8450
458.6525
458.4630
458.2766
458.0931
457.9125
457.7348
457.5599
457.3878
457.2183
457.0516
456.8875
456.7260
456.5670
456.4106
456.2566
456.1050
455.9559
455.8091
455.6646
455.5225
455.3825
455.2448
455.1093
454.9759
454.8446
454.0573
453.3268
452.6546
452.0395
451.4789
450.9694
450.5071
450.0878
449.7075
449.3622
449.0482
448.7621
448.7621
448.6016
448.4156
448.2100
447.9898
447.7589
447.5206
447.2775
447.0316
446.7846
446.5378
446.2922
446.0487
446.0487
445.7219
445.4193
445.1366
444.8702
444.6177
444.3769
444.1462
443.9243
443.7102
443.5031
443.3023
443.1073
443.1073
442.8372
442.5917
442.3662
442.1570
441.9611
441.7765
441.6012
441.4340
441.2737
441.1195
440.9706
440.8265
440.8265
440.6103
440.4167
440.2414
440.0806
439.9318
439.7927
439.6618
439.5377
439.4194
439.3061
439.1971
439.0919
439.0919
438.9168
438.7627
438.6252
438.5011
438.3877
438.2831
438.1855
438.0939
438.0072
437.9246
437.8457
437.7698
437.7698
437.6256
437.5012
437.3925
437.2961
437.2096
437.1311
437.0590
436.9921
436.9296
436.8707
436.8148
436.7615
436.7615
436.6411
436.5396
436.4528
436.3778
436.3119
436.2535
436.2009
436.1530
436.1089
436.0680
436.0296
435.9934
435.9934
435.8910
435.8068
435.7367
435.6777
435.6274
435.5840
435.5461
435.5125
435.4824
435.4551
435.4301
435.4069
435.4069
435.3184
435.2475
435.1903
435.1439
435.1058
435.0743
435.0480
435.0257
435.0067
434.9901
434.9756
434.9627
434.9627
434.8849
434.8244
434.7773
434.7405
434.7117
434.6893
434.6717
434.6580
434.6472
434.6387
434.6321
434.6268
434.6268
434.5572
434.5045
434.4648
434.4352
434.4135
434.3979
434.3871
434.3798
434.3755
434.3733
434.3728
434.3735
434.3735
434.3103
434.2638
434.2302
434.2064
434.1903
434.1802
434.1746
434.1725
434.1730
434.1756
434.1798
434.1850
434.1850
434.1267
434.0847
434.0555
434.0359
434.0239
434.0178
434.0160
434.0177
434.0220
434.0283
434.0360
434.0448
434.0448
433.9903
433.9522
433.9265
433.9105
433.9020
433.8992
433.9008
433.9057
433.9132
433.9226
433.9334
433.9453
433.9453
433.8941
433.8591
433.8365
433.8234
433.8176
433.8175
433.8216
433.8290
433.8389
433.8506
433.8636
433.8776
433.8776
433.8289
433.7962
433.7757
433.7647
433.7610
433.7628
433.7688
433.7781
433.7898
433.8033
433.8181
433.8338
433.8338
433.7870
433.7560
433.7373
433.7279
433.7257
433.7291
433.7366
433.7472
433.7603
433.7750
433.7911
433.8079
433.8079
433.7623
433.7324
433.7147
433.7062
433.7049
433.7090
433.7173
433.7286
433.7423
433.7577
433.7743
433.7917
433.7917
433.7466
433.7174
433.7002
433.6924
433.6916
433.6963
433.7051
433.7170
433.7311
433.7469
433.7638
433.7816
433.7816
433.7367
433.7075
433.6904
433.6825
433.6816
433.6862
433.6947
433.7063
433.7202
433.7357
433.7523
433.7698
433.7698
433.7244
433.6948
433.6773
433.6691
433.6679
433.6722
433.6805
433.6918
433.7055
433.7207
433.7371
433.7543
433.7543
433.7086
433.6786
433.6608
433.6523
433.6508
433.6547
433.6627
433.6738
433.6871
433.7020
433.7181
433.7350
433.7350
433.6889
433.6587
433.6405
433.6317
433.6300
433.6336
433.6414
433.6522
433.6654
433.6801
433.6961
433.7128
433.7128
433.6665
433.6360
433.6177
433.6088
433.6069
433.6104
433.6181
433.6288
433.6417
433.6564
433.6722
433.6887
433.6887
433.6422
433.6115
433.5930
433.5839
433.5819
433.5853
433.5928
433.6034
433.6164
433.6310
433.6467
433.6633
433.6633
433.6169
433.5864
433.5680
433.5590
433.5572
433.5608
433.5686
433.5794
433.5926
433.6075
433.6236
433.6406
433.6406
433.5945
433.5644
433.5464
433.5378
433.5363
433.5402
433.5483
433.5595
433.5730
433.5882
433.6046
433.6218
433.6218
433.5761
433.5462
433.5285
433.5201
433.5189
433.5231
433.5315
433.5430
433.5567
433.5722
433.5888
433.6064
433.6064
433.5609
433.5313
433.5140
433.5060
433.5051
433.5098
433.5185
433.5304
433.5446
433.5605
433.5776
433.5955
433.5955
433.5504
433.5212
433.5042
433.4965
433.4960
433.5008
433.5098
433.5219
433.5363
433.5523
433.5695
433.5875
433.5875
433.5424
433.5133
433.4963
433.4886
433.4880
433.4928
433.5018
433.5138
433.5281
433.5441
433.5613
433.5792
433.5792
433.5341
433.5048
433.4877
433.4800
433.4794
433.4842
433.4931
433.5051
433.5193
433.5353
433.5524
433.5703
433.5703
433.5251
433.4957
433.4786
438.8436
444.2277
449.6275
455.0398
460.4614
465.4763
470.3008
475.0136
479.6887
479.6887
482.5559
487.0478
485.0883
483.6184
482.2190
480.8531
479.5167
478.2139
476.9463
475.7159
474.5243
473.3719
472.2586
471.1840
470.8386
470.5202
470.3588
470.4372
470.4332
470.4734
470.7171
492.6123
528.1254
565.6315
604.6900
640.3715
673.1276
702.4180
729.7351
755.2756
779.2765
801.9026
823.2835
843.4584
862.5531
871.9529
877.0976
887.1927
893.4648
887.3462
892.4921
916.0796
937.8597
958.0893
976.9338
994.4050
1010.6557
1025.9965
1040.3708
1045.5588
1050.8120
1047.4048
1031.9571
1031.7596
1049.3809
1065.3109
1049.3706
1038.5235
1029.9465
1023.0538
1017.5133
1013.0928
1009.6204
1006.9599
1004.9917
1006.3363
1013.2734
1033.7357
1063.6345
1089.4673
1114.9479
1137.5190
1153.3798
1167.5559
1180.0374
1177.8104
1166.7090
1154.8547
1143.8855
1133.4230
1123.3693
1113.6580
1104.3124
1095.2704
1079.9916
1065.9185
1062.3770
1077.2411
1095.0518
1111.1538
1130.3469
1147.8398
1163.9423
1178.8276
1192.6459
1205.5264
1217.5806
1224.6811
1210.8565
1198.6193
1188.5682
1180.1687
1173.1081
1167.1717
1162.1964
1158.0546
1154.6429
1151.8702
1161.6148
1179.3774
1197.6356
1221.8633
1245.2097
1265.3495
1283.0097
1302.9814
1325.2397
1331.1772
1345.4839
1353.7278
1361.4324
1356.3749
1348.6673
1338.5694
1326.2678
1338.0174
1362.5865
1403.5808
1438.6947
1469.0073
1495.4966
1509.0185
1511.4069
1509.1753
1507.5314
1506.2198
1499.7023
1492.4038
1473.4747
1449.4119
1412.2499
1379.4189
1365.7970
1357.6955
1344.4028
1331.3278
1302.3599
1275.5351
1255.6987
1255.1061
1253.4203
1246.6313
1223.2800
1209.3814
1196.8762
1185.2760
1174.4055
1164.1474
1154.4178
1145.1463
1136.2831
1123.9875
1117.0076
1114.7607
1116.3480
1119.2170
1124.9950
1124.7052
1120.3082
1111.0198
1101.7672
1088.4679
1071.7874
1061.0911
1051.3068
1042.0944
1033.3279
1021.0238
1009.3056
1003.8948
1003.0823
1001.8827
1004.6434
1006.3727
1011.7339
1015.7187
1022.0871
1026.8677
1030.4556
1033.0709
1034.8550
1035.9605
1036.5059
1036.5949
1052.6547
1052.6547
1052.6547
1053.0334
1053.8346
1054.7334
1055.7226
1056.8069
1057.7676
1058.6315
1059.5076
1076.0975
1092.1107
1123.7859
1153.7471
1185.8667
1199.1025
1223.7628
1247.6242
1270.2785
1291.7041
1297.5656
