12.8023
12.8391
12.8048
12.7999
12.8000
22.8712
13.3150
12.8365
12.8011
12.8003
12.8003
12.8003
12.8003
12.8003
12.8003
12.8003
12.8003
12.8003
22.6323
13.3139
12.8375
12.8013
12.8005
12.8004
12.8004
12.8004
12.8004
12.8004
12.8004
12.8004
12.8004
22.4783
13.3218
12.8307
12.8013
12.8005
12.8004
12.8004
12.8004
12.8004
12.8004
12.8004
12.8004
12.8004
22.3551
13.3255
12.8285
12.8013
12.8005
12.8005
12.8004
12.8004
12.8004
12.8004
12.8004
12.8004
12.8004
22.2513
13.3279
12.8276
12.8013
12.7561
12.7595
12.8099
12.8026
12.8019
12.8017
12.8015
12.8013
12.8013
22.1547
13.2729
12.8155
12.8199
12.7555
12.7961
12.7987
12.7991
12.8053
12.8034
12.8020
12.8019
12.8023
12.8026
12.8021
13.0016
12.7538
12.7926
12.7956
12.8839
12.8525
12.8590
12.8140
12.8183
12.8152
12.8189
12.8054
12.8112
12.8069
12.8054
12.8043
12.8031
12.8030
12.8029
12.8028
12.8027
12.8026
12.7931
12.7946
12.8137
12.8020
12.8106
12.8021
12.8230
12.8008
12.8022
12.7970
12.8075
12.8020
12.8021
12.7841
12.7890
12.7970
12.8024
12.8200
12.8092
12.8076
12.8009
12.7174
12.7961
12.7975
12.7971
12.7985
12.7986
12.7987
12.7978
12.8331
12.8109
12.8074
12.8238
12.8070
12.7841
12.8013
12.7924
12.7855
12.7870
12.7875
12.7852
12.6705
12.7980
12.7969
12.7982
12.8236
12.8206
12.8738
12.8075
12.8166
12.8181
12.8295
12.8082
12.8126
12.8052
12.8038
12.8035
12.8021
12.8020
12.8018
12.8016
12.8004
12.8073
12.7179
12.7925
12.7956
12.7977
12.7990
12.7984
12.7987
12.7988
12.7988
12.8333
12.8594
12.8090
12.8015
12.7807
12.8050
12.7985
12.7915
12.7911
12.8027
12.8047
12.8034
12.8031
12.7849
12.8049
12.7911
12.8236
12.7938
12.8111
12.7995
12.8082
12.8003
12.7974
12.7901
12.7934
12.7921
12.7814
12.7690
12.7626
12.7447
12.7591
12.7952
12.7550
12.8607
12.7945
12.7650
12.7970
12.7768
12.7936
12.7827
12.7511
12.8286
12.8451
12.7972
12.8588
12.6917
12.7994
12.7976
12.7982
12.7986
12.7992
12.7996
12.7987
12.8198
12.8059
12.8812
12.7816
12.7550
12.7994
12.7990
12.7641
12.7988
12.7917
12.7771
12.7976
12.7993
12.7796
12.7992
12.7993
12.8000
12.8611
12.8093
12.8109
12.8077
12.8199
12.7970
12.8023
12.8030
12.8007
12.7695
12.8004
12.8001
12.8003
12.8003
12.8003
12.8004
23.0397
23.5938
23.8945
13.3416
12.8114
12.7995
12.7991
12.7993
12.7994
12.7995
12.8014
12.8015
12.8072
12.8015
12.7913
22.9245
13.2675
12.8505
12.8013
12.7987
12.7987
12.8004
12.7988
12.8021
12.8375
12.8049
12.7999
12.7999
22.8194
13.3289
12.8268
12.8009
12.8003
12.8002
12.8002
12.8003
12.8003
12.8003
12.8003
12.8003
12.8003
22.6902
13.3274
12.8276
12.8012
12.8005
12.8004
12.8004
12.8004
12.8004
12.8004
12.8004
12.8004
12.8004
22.6060
13.3284
12.8272
12.8012
12.8005
12.8004
12.8004
12.8004
12.8004
12.8004
12.8004
12.8004
12.8004
22.5690
13.3294
12.8267
12.8012
12.8005
12.8005
12.8004
12.8004
12.8004
12.8004
12.8004
12.8004
12.8004
22.5298
13.3303
12.8263
12.8012
12.8095
12.7220
12.7956
12.7991
12.7994
12.7995
12.7996
12.7996
12.7997
22.5302
13.3286
12.7517
12.8830
12.7560
12.7963
12.7989
12.7992
12.7994
12.7995
12.7996
12.7997
12.7997
12.7998
12.7998
12.9068
12.7615
12.7933
12.7957
12.8462
12.8989
12.8488
12.8239
12.8172
12.8199
12.8144
12.8082
12.8142
12.8113
12.8085
12.8074
12.8073
12.8072
12.8061
12.8056
12.8054
12.8004
12.8029
12.7949
12.8056
12.8054
12.8176
12.8099
12.8024
12.8042
12.8030
12.7964
12.8078
12.8028
12.8018
12.7791
12.7682
12.8151
12.8048
12.8171
12.8078
12.8117
12.8005
12.6974
12.7950
12.7985
12.7993
12.7997
12.7988
12.7988
12.7978
12.8747
12.8223
12.8312
12.7989
12.8055
12.7829
12.8002
12.7932
12.7925
12.7844
12.7786
12.7720
12.7319
12.7774
12.7973
12.7983
12.7992
12.8302
12.8215
12.8689
12.8063
12.7771
12.7667
12.8090
12.8060
12.8157
12.8055
12.8021
12.8017
12.8018
12.8019
12.8018
12.7896
12.7842
12.6986
12.7948
12.7973
12.7983
12.7988
12.7993
12.8028
12.8003
12.8002
12.8556
12.8338
12.8340
12.8108
12.8045
12.8037
12.7999
12.8060
12.7989
12.7726
12.8053
12.8092
12.8129
12.7971
12.7852
12.8046
12.7968
12.8106
12.8036
12.8280
12.8008
12.7992
12.7979
12.7977
12.7977
12.7974
12.9205
12.7554
12.7806
12.7880
12.6820
12.8140
12.7439
12.8064
12.8184
12.7972
12.7639
12.7909
12.7953
12.7867
12.7281
12.8174
12.8449
12.7982
12.8330
12.7211
12.7947
12.7958
12.7965
12.7969
12.7971
12.7973
12.7975
12.8161
12.8832
12.8061
12.8007
12.7352
12.7981
12.7981
12.8107
12.7992
12.7924
12.7512
12.7980
12.7565
12.7970
12.7978
12.7982
12.7983
12.8182
12.8664
12.8205
12.8012
12.7691
12.8072
12.7991
12.7993
12.8004
12.7993
12.7989
12.7993
12.7994
12.7994
12.7994
12.7994
23.4400
24.0226
24.3407
13.3295
12.8174
12.7993
12.7959
12.7977
12.7982
12.7941
12.8006
12.8032
12.8105
12.7882
12.7984
23.3388
13.2488
12.8535
12.8022
12.7991
12.7990
12.8004
12.8055
12.7981
12.8365
12.8042
12.7996
12.7997
23.2950
13.2861
12.8538
12.8021
12.8003
12.8002
12.8002
12.8003
12.8003
12.8003
12.8003
12.8003
12.8004
23.2337
13.2837
12.8552
12.8025
12.8006
12.8005
12.8004
12.8004
12.8004
12.8004
12.8004
12.8004
12.8004
23.1676
13.2848
12.8549
12.8026
12.8006
12.8005
12.8005
12.8005
12.8005
12.8005
12.8005
12.8005
12.8005
23.0470
13.2866
12.8543
12.8026
12.8007
12.8005
12.8005
12.8005
12.8005
12.8005
12.8005
12.8005
12.8005
22.9247
13.2889
12.8535
12.8026
12.7859
12.7206
12.8027
12.8032
12.8022
12.8019
12.8017
12.8015
12.8014
22.8461
13.2861
12.7756
12.8629
12.7585
12.7957
12.7985
12.7989
12.7991
12.7762
12.7997
12.7995
12.7996
12.7996
12.7996
12.9771
12.7463
12.7957
12.7989
12.9316
12.8519
12.8114
12.8171
12.8238
12.8162
12.8081
12.8061
12.8086
12.8040
12.8041
12.8050
12.8037
12.8037
12.8043
12.8045
12.8050
12.8037
12.7851
12.7844
12.8224
12.8124
12.8196
12.8059
12.8003
12.8038
12.8014
12.7942
12.8073
12.8002
12.7995
12.7846
12.7804
12.7995
12.8004
12.8107
12.8077
12.8062
12.8089
12.7137
12.7979
12.7988
12.8007
12.8001
12.8004
12.7996
12.8008
12.8409
12.8625
12.8094
12.8051
12.7997
12.7817
12.8014
12.7970
12.7917
12.7823
12.7847
12.7866
12.6986
12.7972
12.7975
12.7988
12.8056
12.7999
12.8489
12.8257
12.8055
12.8420
12.8163
12.8041
12.8174
12.8039
12.8040
12.8019
12.8018
12.8018
12.8017
12.8015
12.7998
12.8108
12.7190
12.7971
12.7979
12.7987
12.7990
12.7993
12.7995
12.7996
12.7997
12.8068
12.8727
12.9267
12.7818
12.8010
12.8002
12.7981
12.7954
12.7996
12.7965
12.7938
12.8082
12.8004
12.8027
12.7859
12.7970
12.8020
12.8078
12.8231
12.8018
12.8078
12.8003
12.7989
12.7905
12.7916
12.7944
12.7864
12.7890
12.7910
12.7459
12.7484
12.7876
12.7918
12.7999
12.7936
12.7939
12.7624
12.7913
12.7942
12.7215
12.7814
12.8477
12.8169
12.7935
12.8552
12.7001
12.7939
12.7950
12.7957
12.7960
12.7964
12.7960
12.7958
12.8158
12.8460
12.8178
12.7999
12.7552
12.7985
12.7975
12.7968
12.8290
12.7693
12.8002
12.7513
12.7628
12.7970
12.7975
12.7980
12.7983
12.7974
12.8825
12.8227
12.8025
12.8025
12.7742
12.8000
12.7988
12.7990
12.7990
12.7990
12.7991
12.7991
12.7991
12.7991
12.7991
23.8260
24.4452
24.7823
13.2913
12.8261
12.7905
12.7966
12.7938
12.7987
12.7891
12.7910
12.7948
12.8080
12.7776
12.7774
23.7531
13.2661
12.8271
12.7950
12.7896
12.7947
12.7962
12.8038
12.8180
12.8165
12.7996
12.7951
12.7952
23.6284
13.2695
12.8529
12.7977
12.7956
12.7955
12.7956
12.7956
12.7956
12.7956
12.7957
12.7957
12.7957
23.4993
13.2667
12.8545
12.7980
12.7959
12.7958
12.7958
12.7958
12.7958
12.7958
12.7958
12.7958
12.7959
23.3198
13.2683
12.8539
12.7982
12.7960
12.7959
12.7959
12.7959
12.7959
12.7960
12.7960
12.7960
12.7960
23.0813
13.2709
12.8530
12.7983
12.7962
12.7961
12.7961
12.7961
12.7961
12.7961
12.7961
12.7961
12.7962
22.8274
13.2745
12.8519
12.7984
12.7936
12.7221
12.7914
12.8027
12.8024
12.8020
12.8018
12.8016
12.8014
22.7219
13.2891
12.7579
12.8739
12.7570
12.7953
12.7983
12.7987
12.7990
12.7992
12.8020
12.8044
12.8033
12.8034
12.8032
13.0407
12.7282
12.7970
12.8025
12.9435
12.8321
12.8598
12.8120
12.8169
12.8085
12.8137
12.8091
12.8086
12.8043
12.8031
12.8030
12.8029
12.8027
12.8018
12.8014
12.8013
12.8007
12.8009
12.7952
12.7658
12.8116
12.8165
12.8109
12.8058
12.7971
12.7993
12.7952
12.8068
12.8021
12.7990
12.7949
12.7798
12.7797
12.8098
12.8204
12.8147
12.8073
12.8062
12.6994
12.7966
12.7969
12.7980
12.7985
12.7982
12.7983
12.7984
12.8033
12.8477
12.8564
12.8122
12.8031
12.7831
12.7996
12.7876
12.7943
12.7844
12.7884
12.7855
12.7224
12.7261
12.7952
12.7962
12.8449
12.8888
12.8136
12.8094
12.8205
12.8126
12.8088
12.8116
12.8037
12.8079
12.8017
12.8020
12.8020
12.8019
12.8018
12.8018
12.7961
12.7988
12.7324
12.7970
12.7982
12.7992
12.7993
12.7994
12.7995
12.7996
12.7998
12.8222
12.8732
12.8008
12.8134
12.7831
12.8008
12.7990
12.7945
12.7906
12.7922
12.8118
12.8074
12.7958
12.7964
12.7879
12.8026
12.8199
12.7921
12.7997
12.8147
12.8053
12.7988
12.7977
12.7945
12.7875
12.7944
12.7913
12.7797
12.7928
12.7856
12.6859
12.8109
12.7960
12.7853
12.7620
12.8359
12.7655
12.7847
12.7679
12.7951
12.8243
12.7973
12.7964
12.7733
12.8608
12.7187
12.7933
12.7955
12.7962
12.7965
12.7959
12.7958
12.7966
12.7971
12.8157
12.8377
12.8435
12.7825
12.7589
12.7977
12.7948
12.7761
12.7981
12.7740
12.7992
12.7652
12.7956
12.7981
12.7985
12.8657
12.8007
12.8005
12.8198
12.7989
12.8094
12.7981
12.8185
12.8033
12.8005
12.7672
12.7989
12.7988
12.7989
12.7990
12.7991
12.7991
23.6559
24.2525
24.5782
13.3153
12.8169
12.7921
12.7932
12.7939
12.7902
12.7891
12.7928
12.7965
12.7972
12.7720
12.7875
23.5879
13.2741
12.8239
12.8011
12.7975
12.7977
12.8008
12.8011
12.8159
12.8190
12.7996
12.7951
12.7952
23.5148
13.2672
12.8542
12.7977
12.7955
12.7955
12.7955
12.7955
12.7956
12.7956
12.7956
12.7956
12.7956
23.4242
13.2659
12.8549
12.7980
12.7958
12.7957
12.7957
12.7957
12.7957
12.7958
12.7958
12.7958
12.7958
23.3322
13.2683
12.8539
12.7981
12.7960
12.7959
12.7958
12.7958
12.7958
12.7958
12.7959
12.7959
12.7959
23.2650
13.2712
12.8529
12.7982
12.7961
12.7960
12.7959
12.7959
12.7959
12.7959
12.7960
12.7960
12.7960
23.2083
13.2743
12.8518
12.7982
12.7976
12.7225
12.7913
12.8036
12.8016
12.7984
12.7957
12.7933
12.7923
23.2158
13.2905
12.7572
12.9050
12.7597
12.7984
12.7957
12.7951
12.7945
12.7982
12.7982
12.7983
12.7986
12.7989
12.7991
13.0658
12.7052
12.7900
12.7970
12.7981
12.7986
12.7991
12.7994
12.7997
12.7999
12.8001
12.8002
12.8016
12.8012
12.8005
12.8008
12.8002
12.8007
12.8005
12.8005
12.8007
12.8009
12.8009
12.8018
12.8017
12.8014
12.8010
12.8005
12.8015
12.8015
12.8017
12.8020
12.8029
12.8023
12.8021
12.8020
12.8018
12.8017
12.8015
12.8013
12.8016
12.8014
12.8006
12.8006
12.8004
12.8002
12.8002
12.8001
12.7996
12.8008
12.7994
12.7994
12.7994
12.7994
12.8001
12.8004
12.7989
12.7996
12.8000
12.8001
12.7976
12.7983
12.7994
12.7998
12.8001
12.8003
12.8003
12.8003
12.8004
12.8005
12.8006
12.8007
12.8009
12.8006
12.8009
12.8011
12.8012
12.8012
12.8016
12.8018
12.8019
12.8020
12.8021
12.8023
12.8021
12.8001
12.8020
12.8019
12.8019
12.8018
12.8013
12.8010
12.8008
12.8008
12.8008
12.8005
12.8002
12.7992
12.8002
12.7997
12.7998
12.7998
12.8006
12.8009
12.8009
12.8009
12.8010
12.8010
12.8010
12.8017
12.8010
12.8009
12.8008
12.8007
12.7998
12.7995
12.7993
12.7992
12.7991
12.7992
12.6962
12.8002
12.8002
12.8002
12.8002
12.8002
12.8001
12.8001
12.8001
12.8001
12.8001
12.8001
25.9336
13.3334
12.8192
12.7975
12.7991
12.7970
12.7970
12.7971
12.7971
12.7972
12.7971
12.7970
12.7971
24.9368
13.3041
12.8387
12.7981
12.7971
12.7966
12.7959
12.7951
12.7955
12.7955
12.7956
12.7956
12.7956
24.3146
13.2849
12.8478
12.7976
12.7958
12.7957
12.7957
12.7957
12.7957
12.7957
12.7957
12.7957
12.7957
24.0591
13.2787
12.8499
12.7978
12.7959
12.7958
12.7957
12.7957
12.7957
12.7957
12.7957
12.7957
12.7958
23.9020
13.2755
12.8509
12.7979
12.7959
12.7958
12.7958
12.7958
12.7958
12.7958
12.7958
12.7958
12.7958
23.8107
13.2739
12.8515
12.7980
12.7960
12.7959
12.7958
12.7958
12.7958
12.7958
12.7959
12.7959
12.7959
23.6803
13.2735
12.8517
12.7981
12.7960
12.7959
12.7959
12.7959
12.7959
12.7959
12.7959
12.7960
12.7960
23.5567
13.2742
12.8515
12.7982
12.7961
12.7960
12.7960
12.7960
12.7960
12.7960
12.7960
12.7961
12.7961
23.4237
13.2758
12.8509
12.7982
12.7963
12.7962
12.7961
12.7961
12.7961
12.7961
12.7962
12.7962
12.7962
23.2924
13.2782
12.8495
12.7978
12.7961
12.7961
12.7961
12.7961
12.7961
12.7961
12.7960
12.7960
12.7960
23.1645
13.2813
12.8481
12.7974
12.7957
12.7957
12.7957
12.7957
12.7956
12.7956
12.7955
12.7955
12.7954
23.4883
13.2843
12.8487
12.7946
12.7928
12.7926
12.7926
12.7926
12.7926
12.7926
12.7925
12.7925
12.7925
24.1695
13.2735
12.8552
12.7937
12.7919
12.7918
12.7917
12.7916
12.7915
12.7914
12.7913
12.7912
12.7911
24.5569
13.2658
12.8583
12.7923
12.7903
12.7903
12.7903
12.7902
12.7901
12.7900
12.7899
12.7999
12.7999
25.0127
13.2465
12.8692
12.8023
12.7994
12.7993
12.7992
12.7992
12.7992
12.7992
12.7992
12.7992
12.7993
25.4564
13.2692
12.8459
12.8049
12.8001
12.7999
12.8002
12.8000
12.7999
12.8003
12.7985
12.8000
12.8001
25.9962
13.2777
12.8313
12.8044
12.8003
12.8002
12.7997
12.7999
12.8000
12.8000
12.8000
12.7992
12.7995
26.2896
13.2753
12.8295
12.8044
12.8004
12.8002
12.8002
12.8002
12.7980
12.8004
12.8004
12.8005
12.8005
26.2078
13.2759
12.8271
12.8037
12.8000
12.7999
12.8000
12.8024
12.8000
12.8000
12.8000
12.8000
12.8000
26.1349
13.2759
12.8273
12.8037
12.8002
12.8000
12.8015
12.8000
12.8000
12.7999
12.8000
12.8000
12.8001
26.3346
13.2752
12.8277
12.8037
12.8001
12.7999
12.7999
12.7999
12.8000
12.8000
12.8000
12.8000
12.7901
25.8860
13.2737
12.8268
12.8034
12.7908
12.7911
12.7914
12.7917
12.7919
12.7921
12.7923
12.7925
12.7927
25.2435
13.2737
12.8177
12.7991
12.7933
12.7934
12.7936
12.7936
12.7936
12.7936
12.7937
12.7937
12.7937
24.5876
13.2696
12.8284
12.7969
12.7939
12.7938
12.7938
12.7938
12.7938
12.7938
12.7939
12.7939
12.7938
24.0680
13.2673
12.8331
12.7965
12.7936
12.7936
12.7936
12.7936
12.7937
12.7936
12.7937
12.7937
12.7937
23.7894
13.2644
12.8392
12.7965
12.7937
12.7938
12.7939
12.7939
12.7940
12.7940
12.7941
12.7941
12.7942
23.5733
13.2612
12.8465
12.7971
12.7944
12.7942
12.7942
12.7942
12.7942
12.7943
12.7943
12.7943
12.7943
23.4028
13.2579
12.8544
12.7977
12.7945
12.7944
12.7944
12.7944
12.7944
12.7944
12.7945
12.7945
12.7945
23.1899
13.2542
12.8624
12.7978
12.7948
12.7947
12.7946
12.7948
12.7951
12.8005
12.8005
12.8005
12.8005
22.9634
13.2495
12.8736
12.8033
12.8007
12.8006
12.8006
12.8006
12.8006
12.8006
12.8006
12.8006
12.8006
22.7447
13.2496
12.8681
12.8032
12.8007
12.8006
12.8006
12.8006
12.8006
12.8006
12.8006
12.8006
12.8006
22.5206
13.2609
12.8616
12.8032
12.8008
12.8007
12.8007
12.8007
12.8007
12.8007
12.8007
12.8007
12.8007
22.3034
13.2690
12.8586
12.8031
12.7968
12.7254
12.7912
12.7981
12.7987
12.8022
12.8021
12.8019
12.8018
22.2774
13.2917
12.7609
12.8802
12.7559
12.7952
12.7981
12.8050
12.8044
12.8025
12.8033
12.8025
12.8024
12.8024
12.8023
13.0400
12.7275
12.7944
12.8001
12.8875
12.9018
12.8303
12.8120
12.8130
12.8123
12.8063
12.8053
12.8079
12.8057
12.8023
12.8025
12.8021
12.8022
12.8024
12.8024
12.8019
12.7994
12.8002
12.7992
12.5918
12.7508
12.8096
12.8036
12.7993
12.7987
12.7993
12.8003
12.8002
12.8002
12.7989
12.7951
12.7860
12.8070
12.8037
12.8056
12.8045
12.7926
12.8217
12.7398
12.7960
12.7980
12.7987
12.7991
12.7992
12.7998
12.7995
12.8262
12.8101
12.8401
12.8013
12.7943
12.7885
12.7998
12.7898
12.7919
12.7829
12.7948
12.7954
12.7918
12.7797
12.7989
12.7993
12.7990
12.8189
12.8093
12.8117
12.8078
12.8010
12.8195
12.8009
12.8042
12.8018
12.7996
12.8008
12.8009
12.8009
12.8009
12.8010
12.8010
12.8230
12.7341
12.7950
12.7979
12.7987
12.7991
12.7988
12.7987
12.7988
12.7988
12.7989
12.8688
12.8146
12.7922
12.7828
12.7988
12.7988
12.8002
12.7846
12.7990
12.7920
12.8126
12.8066
12.7929
12.7989
12.7929
12.8178
12.8009
12.8130
12.7999
12.7996
12.8063
12.7997
12.7995
12.7995
12.7929
12.7992
12.7924
12.7887
12.7879
12.7648
12.8305
12.7802
12.7978
12.8205
12.7969
12.7648
12.7901
12.7977
12.8043
12.7953
12.7989
12.8010
12.7979
12.8117
12.7730
12.7934
12.7981
12.7986
12.7988
12.7988
12.7989
12.7989
12.8168
12.8253
12.7997
12.7999
12.7988
12.7818
12.7989
12.8309
12.7876
12.7945
12.7989
12.8009
12.7751
12.7987
12.7992
12.7994
12.7996
12.8381
12.8002
12.7991
12.8000
13.0977
12.6271
12.8147
12.7627
12.7943
12.7952
12.8028
12.7966
12.7970
12.7977
12.7979
12.7971
23.7925
24.3770
24.6870
13.2942
12.8296
12.7968
12.7969
12.7975
12.7979
12.7983
12.7979
12.7957
12.8039
12.8112
12.8045
23.6090
13.2752
12.8067
12.7983
12.7964
12.7983
12.8001
12.8181
12.8089
13.4618
12.8005
12.7999
12.7999
20.4936
13.9620
12.8005
12.7998
12.7998
12.7998
12.7997
12.7997
12.7997
12.7997
12.7997
12.7997
12.7997
19.8118
13.9629
12.8002
12.7997
12.7997
12.7997
12.7997
12.7997
12.7997
12.7997
12.7997
12.7997
12.7997
19.4374
13.9631
12.8002
12.7997
12.7997
12.7998
12.7998
12.7998
12.7998
12.7998
12.7998
12.7998
12.7998
19.1636
13.9632
12.8003
12.7998
12.7998
12.7998
12.7998
12.7998
12.7998
12.7998
12.7998
12.7998
12.7998
18.9275
13.9632
12.8003
12.7998
12.7998
12.7998
12.7998
12.7998
12.7998
12.7998
12.7998
12.7998
12.7998
18.8380
13.9632
12.8003
12.8002
12.7999
12.7999
12.7998
12.7996
12.7993
12.7999
12.7999
12.7998
12.7997
12.7997
12.7996
36.8082
36.6343
38.0960
39.9943
40.0198
40.0260
40.0323
40.0373
40.0414
40.0448
40.0474
40.0496
40.0517
40.0536
40.0553
40.0570
40.0585
40.0598
40.0608
40.0620
40.0289
39.4681
38.9333
38.4225
37.9342
37.4665
37.0183
36.5879
36.1738
35.7748
35.3899
35.0180
34.6580
34.3086
33.9692
33.6393
33.3187
33.0072
32.7041
32.4090
32.1212
31.8401
31.5649
31.2950
31.0312
30.7761
30.5303
30.2926
30.0618
29.8368
29.6163
29.4004
29.1886
28.9765
28.7638
28.5504
28.3372
28.1256
27.9161
27.7088
27.5040
27.3022
27.1041
26.9101
26.7214
26.5394
26.3654
26.1989
26.0387
25.8838
25.7331
25.5848
25.4380
25.2933
25.1517
25.0141
24.8819
24.7562
24.6302
24.5117
24.4133
24.3120
24.2066
24.1042
24.0108
23.9039
23.7877
23.6684
23.5480
23.4278
23.3079
23.1887
23.0702
22.9522
22.8350
22.7169
22.5959
22.4720
22.3448
22.2141
22.0810
21.9456
21.8085
21.6704
21.5319
21.3929
21.2536
21.1138
20.9741
20.8354
20.6983
20.5640
20.4342
20.2912
12.7993
12.7981
12.7991
12.8013
12.8040
12.8044
12.8052
12.8088
12.8051
12.8011
12.8020
12.7999
12.8020
12.8021
12.7989
12.7978
12.7999
12.8010
12.8010
12.7990
12.8010
12.7980
12.7979
12.7984
12.8078
12.8025
12.8002
12.8002
12.8002
12.8002
12.8002
12.8002
12.8003
12.8003
12.8003
12.8003
12.8003
12.8003
12.8003
12.7957
12.7999
12.8008
12.8020
12.8010
12.8000
12.8000
12.8028
12.8003
12.8003
12.7968
12.7981
12.7992
12.8004
12.7995
12.8006
12.7990
12.7981
12.8044
12.7944
12.7980
12.7994
12.7995
12.7996
12.7997
12.7997
12.8018
15.0029
13.7777
12.8653
12.8000
12.7995
12.8001
12.8000
12.7999
12.7998
12.7998
12.7997
12.7997
20.9717
13.9617
12.8003
12.7996
12.7995
12.7995
12.7995
12.7995
12.7995
12.7995
12.7995
12.7995
12.7995
20.4158
13.9621
12.8001
12.7995
12.7996
12.7996
12.7996
12.7996
12.7996
12.7996
12.7996
12.7996
12.7996
20.0393
13.9626
12.8001
12.7996
12.7996
12.7996
12.7996
12.7996
12.7996
12.7997
12.7997
12.7997
12.7997
19.6959
13.9628
12.8002
12.7997
12.7997
12.7997
12.7997
12.7997
12.7997
12.7997
12.7997
12.7997
12.7997
19.3871
13.9629
12.8002
12.7997
12.7997
12.7997
12.7998
12.7998
12.7998
12.7998
12.7998
12.7998
12.7998
19.1097
13.9630
12.8003
12.7998
12.7998
12.7998
12.7998
12.7998
12.7998
12.7998
12.7998
12.7998
12.7998
18.9612
13.9631
12.8003
12.7998
12.7998
12.7998
12.8002
12.7998
12.7997
12.7993
12.7999
12.7998
12.7997
12.7996
12.7995
12.7994
12.7993
12.7992
36.7959
36.5296
39.9966
40.0138
40.0218
40.0255
40.0280
40.0300
40.0318
39.2084
38.3751
37.6153
36.9163
36.2682
35.6636
35.0969
34.5637
34.0604
33.5839
33.1313
32.7003
32.2886
31.8948
31.5176
31.1558
30.8085
30.4742
30.1515
29.8395
29.5375
29.2447
28.9606
28.6848
28.4166
28.1559
27.9025
27.6558
27.4161
27.1835
26.9571
26.7365
26.5217
26.3127
26.1094
25.9124
25.7248
25.5468
25.3779
25.2178
25.0663
24.9232
24.7890
24.6653
24.5559
24.4651
24.3548
24.2431
24.1301
24.0192
23.9082
23.8047
23.6981
23.5745
23.4474
23.3179
23.1874
23.0576
22.9288
22.8008
22.6731
22.5443
22.4137
22.2807
22.1452
22.0071
21.8667
21.7238
21.5790
21.4327
21.2855
21.1379
20.9904
20.8435
20.6978
20.5544
20.4174
20.2539
20.0916
19.9294
19.7690
19.6106
19.4541
19.2995
19.1461
18.9936
18.8411
18.6868
18.5291
18.3682
18.2030
18.0334
17.8600
17.6830
17.5030
17.3206
17.1370
16.9525
16.7672
16.5812
16.3953
16.2090
16.0229
15.8379
12.7976
12.8007
12.7993
12.8002
12.8014
12.8007
12.8037
12.8091
12.8207
12.8124
12.8041
12.7996
12.8039
12.7959
12.8035
12.7933
12.8025
12.8130
12.8009
12.7380
12.8063
12.8056
12.7946
12.8010
12.8001
12.8020
12.8102
12.8003
12.8003
12.8001
12.8000
12.8002
12.8046
12.8004
12.8004
12.8005
12.8005
12.8005
12.8005
12.7942
12.7966
12.7983
12.7957
12.8077
12.7998
12.8022
12.8002
12.8070
12.7894
12.7988
12.7993
12.7992
12.8005
12.8018
12.8000
12.8020
12.8071
12.7949
12.7959
12.7986
12.8105
12.7938
12.7992
12.7995
12.7997
12.7998
12.8007
15.2474
14.0177
13.1158
12.8004
12.7998
12.7994
12.8000
12.8000
12.7999
12.7999
12.7998
12.7998
20.8653
13.9616
12.8004
12.7996
12.7996
12.7996
12.7996
12.7996
12.7996
12.7996
12.7996
12.7996
12.1877
21.8431
13.3027
12.7568
12.7972
12.7992
12.7994
12.7995
12.7995
12.7996
12.7996
12.7996
12.7997
12.7997
23.4721
13.3054
12.7485
12.7972
12.7995
12.7997
12.7997
12.7997
12.7997
12.7998
12.7998
12.7998
12.7998
23.5913
13.2973
12.7525
12.7974
12.7999
12.8008
12.8008
12.8008
12.8008
12.8008
12.8008
12.8008
12.8009
23.3794
13.2914
12.7578
12.8047
12.8014
12.8011
12.8010
12.8010
12.8010
12.8010
12.8010
12.8010
12.8010
23.0922
13.2850
12.7736
12.8048
12.8014
12.8011
12.8011
12.9185
12.7700
12.7728
12.7942
12.7963
12.7969
22.9144
13.3821
12.7420
12.7835
12.7967
12.7977
12.9109
12.7701
12.7941
12.7974
12.7984
12.8002
12.8010
12.8026
12.8023
12.8009
12.8010
12.8010
13.0769
12.6907
12.7877
12.7978
12.9267
12.8644
12.8237
12.8143
12.8179
12.8109
12.8096
12.8054
12.8028
12.8025
12.8023
12.8013
12.8017
12.8019
12.8014
12.8022
12.8011
12.8010
12.7949
12.7839
12.8033
12.8003
12.8164
12.8055
12.8007
12.8007
12.8003
12.8001
12.7998
12.7994
12.7974
12.7873
12.8020
12.8017
12.7897
12.8035
12.8059
12.8057
12.8152
12.7379
12.7859
12.7961
12.7975
12.7981
12.7975
12.7978
12.7980
12.8445
12.8315
12.8071
12.8085
12.8029
12.7807
12.7987
12.7989
12.7980
12.7930
12.7814
12.7862
12.7132
12.7913
12.7937
12.7977
12.8036
12.8174
12.8301
12.8481
12.8062
12.8017
12.8048
12.8073
12.8096
12.8067
12.8013
12.8016
12.8002
12.8001
12.7999
12.7998
12.7922
12.8185
12.7129
12.7842
12.7945
12.7960
12.7966
12.7979
12.7985
12.8212
12.8001
12.8501
12.8548
12.8036
12.7976
12.7831
12.8007
12.8008
12.7894
12.7932
12.7970
12.8145
12.8075
12.8012
12.7841
12.7933
12.8154
12.8245
12.8063
12.8012
12.8041
12.8004
12.7989
12.7987
12.7944
12.7865
12.7958
12.7890
12.7920
12.7949
12.7842
12.7156
12.8233
12.7690
12.7776
12.8162
12.7945
12.7630
12.7920
12.7847
12.7525
12.8304
12.7935
12.8005
12.7926
12.8267
12.7318
12.7932
12.7940
12.7947
12.7951
12.7955
12.7947
12.7958
12.8011
12.8331
12.8589
12.8003
12.7349
12.7968
12.7965
12.8275
12.7518
12.7913
12.7965
12.7476
12.7912
12.7962
12.7969
12.7972
12.8168
12.7984
12.8456
12.8184
12.8054
12.8021
12.8397
12.7689
12.7993
12.7993
12.7993
12.7993
12.7993
12.7993
12.7993
12.7992
12.7992
23.8695
24.4685
13.3364
12.8024
12.7874
12.7833
12.7898
12.7969
12.7894
12.7983
12.8014
12.7945
12.8037
12.7953
23.6885
13.2812
12.7960
12.8029
12.7992
12.7991
12.7993
12.7966
12.7988
12.8212
12.8275
12.8043
12.7999
23.5322
13.2480
12.8717
12.8029
12.8003
12.8002
12.8003
12.8003
12.8003
12.8003
12.8003
12.8004
12.8004
23.3720
13.2483
12.8718
12.8032
12.8005
12.8004
12.8004
12.8004
12.8004
12.8004
12.8004
12.8004
12.8004
23.2035
13.2474
12.8744
12.8032
12.8005
12.8005
12.8005
12.8005
12.8005
12.8005
12.8005
12.8005
12.8005
23.0624
13.2536
12.8705
12.8032
12.8006
12.8005
12.8005
12.8005
12.8005
12.8005
12.8005
12.8005
12.8005
22.9294
13.2601
12.8663
12.8031
12.8006
12.8079
12.7303
12.7903
12.7980
12.7986
12.7989
12.7991
12.7992
22.9264
13.3014
12.7503
12.7971
12.8973
12.7546
12.7948
12.7979
12.7985
12.8034
12.8040
12.8022
12.8016
12.8014
12.8013
12.8012
13.0671
12.7079
12.7921
12.7990
12.9297
12.8737
12.8322
12.8143
12.8177
12.8124
12.8111
12.8092
12.8104
12.8036
12.8020
12.8019
12.8018
12.8017
12.8014
12.8012
12.8011
12.8009
12.7932
12.7890
12.8076
12.8036
12.8030
12.8097
12.7995
12.8015
12.8005
12.8003
12.8000
12.8011
12.8011
12.7902
12.7924
12.7946
12.8041
12.8074
12.8133
12.8047
12.8187
12.7268
12.7950
12.7957
12.7905
12.7975
12.7973
12.7751
12.7969
12.8178
12.8656
12.8147
12.8218
12.7793
12.8016
12.7988
12.7949
12.7967
12.7886
12.7544
12.7971
12.7141
12.7963
12.7967
12.7978
12.8036
12.7993
12.8700
12.8385
12.8064
12.8074
12.8193
12.8029
12.8049
12.8093
12.8018
12.8017
12.8015
12.8015
12.8016
12.8015
12.7997
12.8192
12.7142
12.7955
12.7977
12.7990
12.7996
12.7995
12.7995
12.7999
12.7998
12.8429
12.8552
12.8106
12.7997
12.7834
12.8000
12.7990
12.8001
12.7985
12.7788
12.7989
12.8122
12.8065
12.7910
12.7842
12.7995
12.8065
12.8096
12.8033
12.8205
12.8057
12.7977
12.7979
12.7919
12.7968
12.7911
12.7894
12.7910
12.7626
12.7669
12.7339
12.8246
12.7915
12.7698
12.7988
12.8162
12.7605
12.7939
13.1104
12.7994
16.3865
12.7998
12.7998
12.7997
16.7497
18.0534
18.3189
18.4573
18.5617
18.6475
18.7206
18.7843
18.8408
12.7997
12.7997
12.7997
12.7997
12.7997
12.7997
12.7997
12.7997
12.7997
16.9303
18.2272
18.4928
18.6313
18.7350
18.8202
18.8930
18.9566
19.0134
19.0644
19.1104
19.1526
12.9554
12.7997
12.7997
12.7997
12.7997
12.7997
12.7997
12.7997
12.7997
12.7997
12.7997
12.7997
12.7997
17.1903
18.4133
18.6798
18.8264
18.9383
19.0308
19.1101
19.1799
19.2417
19.2976
13.1182
24.0026
13.9627
12.8001
12.7995
12.7994
12.7994
12.7994
12.7994
12.7994
12.7993
12.7993
17.4060
18.5632
24.0027
16.5293
18.7983
19.1095
19.2206
19.3022
19.3719
19.4340
19.4905
19.5429
19.5915
19.6372
19.6805
24.0027
17.6717
19.5526
19.7640
19.8186
19.8561
19.8893
19.9204
19.9503
19.9791
20.0071
20.0344
20.0610
24.0026
18.1729
19.9145
20.0991
20.1410
20.1681
20.1920
20.2148
20.2368
20.2584
20.2796
20.3002
20.3205
24.0027
18.5283
20.1738
20.3432
20.3792
20.4017
20.4215
20.4403
20.4587
20.4769
20.4945
20.5120
20.5293
24.0028
18.8187
20.3871
20.5452
20.5776
20.5974
20.6148
20.6314
20.6477
20.6638
20.6797
20.6953
20.7107
24.0029
19.0712
20.5738
20.7221
20.7511
20.7679
20.7840
20.7947
20.8056
20.8162
20.8266
20.8368
20.8469
20.8569
20.8667
20.8762
20.8855
20.8944
20.9006
20.9102
20.9182
20.9257
20.9327
20.9392
20.9453
20.9510
20.9563
20.9611
20.9656
20.9698
20.9735
20.9770
20.9801
20.9829
20.9854
20.9877
20.9896
20.9913
20.9927
20.9939
20.9949
20.9956
20.9961
20.9963
20.9962
20.9959
20.9954
20.9947
20.9937
20.9925
20.9912
20.9896
20.9878
20.9859
20.9838
20.9815
20.9791
20.9765
20.9739
20.9712
20.9682
20.9652
20.9620
20.9587
20.9552
20.9518
20.9483
20.9447
20.9410
20.9374
20.9336
20.9299
20.9263
20.9226
20.9189
20.9152
20.9115
20.9077
20.9040
20.9002
20.8966
20.8929
20.8894
20.8859
20.8825
20.8791
20.8755
20.8720
20.8684
20.8647
20.8610
20.8573
20.8536
20.8499
20.8461
20.8423
20.8384
20.8345
20.8304
20.8263
20.8221
20.8178
20.8134
20.8090
20.8044
20.7999
20.7953
20.7907
20.7859
20.7811
20.7763
20.7716
20.7670
20.7625
20.7580
20.7537
20.7495
20.7454
20.7414
20.7376
20.7340
20.7305
20.7272
20.7238
20.7205
20.7173
20.7142
20.7112
20.7082
20.7053
20.7025
20.6998
20.6972
20.6947
20.6924
20.6903
20.6883
20.6865
20.6871
20.6842
20.6825
20.6812
20.6800
20.6791
20.6784
20.6778
20.6775
20.6773
20.6774
20.6776
24.0006
18.9885
20.4924
20.6295
20.6457
20.6504
20.6533
20.6559
20.6586
20.6616
20.6648
20.6682
20.6719
24.0022
18.9899
20.4978
20.6380
20.6574
20.6652
20.6710
20.6765
20.6820
20.6876
20.6934
20.6993
20.7053
24.0025
19.0420
20.5405
20.6810
20.7022
20.7118
20.7195
20.7266
20.7337
20.7409
20.7482
20.7555
20.7629
24.0026
19.1271
20.6055
20.7448
20.7668
20.7774
20.7861
20.7943
20.8024
20.8105
20.8186
20.8268
20.8348
24.0026
19.2310
20.6844
20.8213
20.8436
20.8548
20.8641
20.8729
20.8815
20.8902
20.8988
20.9075
20.9160
24.0027
19.3487
20.7722
20.9062
20.9285
20.9401
20.9498
20.9590
20.9682
20.9772
20.9863
20.9952
21.0041
24.0029
19.4763
20.8669
20.9975
21.0197
21.0314
21.0414
21.0509
21.0603
21.0696
21.0788
21.0879
21.0971
24.0032
19.6102
20.9664
21.0933
21.1152
21.1271
21.1372
21.1468
21.1561
21.1654
21.1746
21.1839
21.1931
24.0034
19.7489
21.0680
21.1907
21.2118
21.2233
21.2332
21.2423
21.2514
21.2604
21.2694
21.2784
21.2873
24.0033
19.8839
21.1670
21.2855
21.3059
21.3170
21.3264
21.3353
21.3440
21.3526
21.3612
21.3698
21.3783
24.0033
20.0141
21.2626
21.3767
21.3961
21.4065
21.4154
21.4238
21.4321
21.4403
21.4483
21.4563
21.4639
24.0030
20.1295
21.3403
21.4450
21.4580
21.4630
21.4669
21.4708
21.4748
21.4787
21.4826
21.4863
21.4898
24.0025
20.1606
21.3630
21.4662
21.4782
21.4816
21.4834
21.4846
21.4855
21.4861
21.4864
21.4864
21.4861
24.0023
20.1464
21.3477
21.4475
21.4558
21.4556
21.4539
21.4516
21.4491
21.4464
21.4434
21.4403
21.4369
24.0020
20.0677
21.2864
21.3856
21.3915
21.3888
21.3846
21.3801
21.3753
21.3703
21.3652
21.3599
21.3545
24.0017
19.9432
21.1930
21.2937
21.2983
21.2940
21.2883
21.2823
21.2762
21.2701
21.2639
21.2578
21.2517
24.0015
19.7947
21.0828
21.1877
21.1929
21.1889
21.1836
21.1780
21.1724
21.1669
21.1615
21.1561
21.1509
24.0015
19.6523
20.9784
21.0883
21.0948
21.0915
21.0868
21.0818
21.0767
21.0716
21.0666
21.0616
21.0565
24.0013
19.5170
20.8783
20.9922
20.9991
20.9960
20.9913
20.9863
20.9813
20.9763
20.9715
20.9667
20.9620
24.0012
19.3828
20.7797
20.8981
20.9061
20.9036
20.8995
20.8950
20.8905
20.8860
20.8815
20.8771
20.8727
24.0011
19.2571
20.6864
20.8093
20.8189
20.8177
20.8151
20.8122
20.8095
20.8071
20.8049
20.8030
20.8013
24.0018
19.1617
20.6189
20.7476
20.7603
20.7620
20.7620
20.7617
20.7615
20.7615
20.7618
20.7623
20.7631
24.0022
19.1133
20.5864
20.7195
20.7354
20.7401
20.7430
20.7457
20.7486
20.7516
20.7548
20.7582
20.7618
24.0026
19.1180
20.5931
20.7290
20.7477
20.7551
20.7607
20.7659
20.7712
20.7765
20.7820
20.7877
20.7935
24.0029
19.1681
20.6335
20.7700
20.7905
20.7998
20.8071
20.8140
20.8208
20.8277
20.8346
20.8416
20.8486
24.0029
19.2488
20.6957
20.8310
20.8522
20.8624
20.8707
20.8785
20.8863
20.8940
20.9018
20.9096
20.9172
24.0029
19.3487
20.7707
20.9038
20.9253
20.9360
20.9449
20.9533
20.9615
20.9698
20.9780
20.9861
20.9942
24.0028
19.4600
20.8538
20.9840
21.0054
21.0164
21.0256
21.0343
21.0428
21.0514
21.0600
21.0685
21.0771
24.0029
19.5798
20.9425
21.0693
21.0903
21.1013
21.1105
21.1192
21.1277
21.1362
21.1447
21.1531
21.1616
24.0030
19.7020
21.0322
21.1557
21.1764
21.1873
21.1965
21.2053
21.2139
21.2225
21.2311
21.2394
21.2478
24.0032
19.8259
21.1237
21.2435
21.2638
21.2746
21.2838
21.2926
21.3011
21.3096
21.3181
21.3265
21.3350
24.0034
19.9516
21.2166
21.3327
21.3524
21.3631
21.3722
21.3807
21.3892
21.3977
21.4061
21.4145
21.4229
24.0035
20.0784
21.3099
21.4223
12.1954
12.8000
12.8002
12.8002
12.8002
12.7876
12.7928
12.7921
12.7988
22.8208
13.2622
12.8610
12.7869
12.7451
12.7998
12.7989
12.7982
12.7989
12.7990
12.7994
12.8004
12.7999
12.7999
12.8007
12.9964
12.7558
12.7818
12.7924
12.9165
12.8536
12.8294
12.8380
12.8213
12.8065
12.8101
12.8067
12.8116
12.8142
12.8048
12.8051
12.8039
12.8043
12.8059
12.8060
12.8057
12.8049
12.7939
12.7987
12.8118
12.8062
12.8208
12.8011
12.8041
12.8040
12.8037
12.7969
12.8064
12.8026
12.8015
12.7848
12.7923
12.7973
12.7987
12.8142
12.8109
12.8064
12.7917
12.7351
12.7958
12.8003
12.8012
12.8015
12.8010
12.7999
12.8011
12.8783
12.8079
12.8063
12.8141
12.8003
12.7815
12.8016
12.7930
12.7964
12.7826
12.7827
12.7694
12.7151
12.7989
12.7990
12.7993
12.8002
12.8263
12.7999
12.8691
12.8132
12.8215
12.8243
12.8074
12.8114
12.8055
12.8037
12.8031
12.8029
12.8028
12.8027
12.8026
12.8015
12.8084
12.7175
12.7975
12.7974
12.7987
12.7990
12.7997
12.8000
12.8002
12.8013
12.8358
12.8612
12.8105
12.8033
12.7827
12.8014
12.8023
12.7957
12.7854
12.8109
12.8098
12.8036
12.7991
12.7852
12.7990
12.8031
12.8210
12.8010
12.8097
12.8011
12.8058
12.7983
12.7975
12.7942
12.7931
12.7854
12.7935
12.7934
12.7916
12.7469
12.7127
12.8107
12.7703
12.8066
12.7546
12.8439
12.7606
12.7693
12.7895
12.7712
12.8172
12.8252
12.7945
12.7954
12.7977
12.7523
12.7972
12.7962
12.7966
12.7967
12.7971
12.7965
12.7962
12.8334
12.8441
12.8212
12.8048
12.7348
12.7984
12.7980
12.8272
12.7826
12.7518
12.7901
12.7970
12.7561
12.7992
12.7983
12.7988
12.8182
12.8001
12.8651
12.8021
12.8233
12.8023
12.8097
12.8007
12.8006
12.7693
12.7997
12.7995
12.7996
12.7997
12.7997
12.7997
12.8009
23.9453
24.5766
24.9381
13.3102
12.8275
12.7981
12.7973
12.7978
12.7950
12.7956
12.7975
12.8032
12.7982
12.8119
12.7843
23.9411
13.2855
12.7956
12.8038
12.7990
12.7977
12.8039
12.8153
