1024.8286
1027.8758
1030.9865
1034.2799
1037.4559
1040.5210
1040.5210
1041.1843
1043.8007
1046.3943
1048.9142
1051.3606
1053.7360
1056.0431
1058.2847
1060.4636
1062.5826
1064.6439
1066.6500
1066.6500
1066.2285
1067.9059
1069.6073
1071.2764
1072.9108
1074.5105
1076.0763
1077.6091
1079.1106
1080.5819
1082.0241
1083.4380
1083.4380
1082.5195
1083.6633
1084.8517
1086.0303
1087.1956
1088.3468
1089.4839
1090.6071
1091.7172
1092.8143
1093.8991
1094.9720
1094.9720
1093.7922
1094.6315
1095.5274
1096.4276
1097.3282
1098.2278
1099.1259
1100.0225
1100.9174
1101.8108
1102.7024
1103.5923
1103.5923
1102.3068
1102.9880
1103.7325
1095.2680
1092.4113
1090.0067
1087.7258
1085.5353
1083.4219
1081.3773
1079.3948
1077.4697
1077.4697
1071.9513
1069.8725
1060.0211
1050.8284
1042.0903
1033.7562
1025.7977
1018.1917
1010.9032
1003.9192
997.2231
990.7946
984.6142
978.6747
965.9158
956.4231
947.3658
938.5765
931.0545
931.4258
947.0221
960.5011
1004.0184
1041.1359
1073.2603
1101.7177
1127.0656
1149.3547
1169.8017
1188.7549
1206.4754
1223.1224
1238.8230
1253.6878
1267.8035
1281.1085
1276.1882
1246.0511
1222.3614
1218.1553
1230.2890
1258.7015
1283.1148
1304.6803
1323.8832
1340.8680
1356.1375
1370.0499
1382.8123
1360.4846
1344.4307
1331.2751
1334.1646
1354.1568
1371.1914
1386.1111
1351.4428
1329.4477
1311.3811
1296.0164
1282.7937
1271.3289
1261.3485
1252.6391
1245.0260
1247.0626
1265.7456
1296.3873
1337.2542
1369.9622
1395.2687
1417.1406
1436.0044
1451.9333
1447.5053
1443.2453
1424.8326
1401.2623
1379.8529
1359.8712
1341.0351
1323.3160
1306.8234
1291.4592
1276.9415
1263.1899
1250.0265
1267.7856
1283.0700
1312.7418
1338.4564
1360.9859
1380.9786
1398.8319
1414.8694
1429.3617
1442.5348
1454.4529
1431.2748
1407.5722
1387.8640
1370.8911
1356.0892
1343.1013
1331.6738
1321.5918
1312.6838
1304.8090
1297.8359
1301.0097
1317.6854
1345.7598
1383.5989
1415.5212
1442.8461
1448.9512
1440.1847
1433.9384
1461.1805
1519.0645
1497.6111
1468.9075
1460.3028
1453.9473
1464.3358
1491.3405
1514.5879
1534.9669
1552.9788
1568.8091
1583.1707
1596.0835
1589.9825
1585.3789
1550.2896
1526.9865
1506.2910
1486.8971
1468.0349
1450.3046
1432.2977
1416.3453
1401.1721
1386.0729
1371.5047
1357.1888
1343.2524
1329.6289
1315.8938
1302.8416
1290.6607
1278.9171
1268.0276
1256.3194
1244.9652
1234.0431
1223.5226
1213.3756
1203.5777
1194.1065
1184.9406
1176.1770
1167.6951
1160.0855
1152.1562
1143.9965
1136.0170
1128.2368
1120.6030
1113.1195
1105.7122
1098.2708
1090.9217
1083.6626
1076.1355
1068.7394
1061.5134
1054.3568
1047.8620
1041.6757
1035.6781
1029.7046
1024.1859
1019.2374
1014.3995
1009.6948
1005.1271
1000.4723
995.9410
991.5593
987.3202
983.2169
979.2430
975.3832
975.3832
975.3832
975.3832
979.0195
982.7446
986.5070
990.3074
994.1465
998.0241
1001.9391
1005.8775
1009.8206
1013.7135
1017.5897
1021.3837
1021.3837
1023.5178
1026.9666
1030.4332
1033.8779
1037.2997
1040.6880
1043.9125
1047.0755
1050.3172
1053.7455
1057.0536
1060.2485
1060.2485
1061.2986
1064.0439
1066.7550
1069.3906
1071.9511
1074.4390
1076.8571
1079.2088
1081.4968
1083.7237
1085.8921
1088.0042
1088.0042
1087.9273
1089.7121
1091.5099
1093.2741
1095.0023
1096.6944
1098.3509
1099.9728
1101.5610
1103.1166
1104.6406
1106.1339
1106.1339
1105.4588
1106.6775
1107.9302
1109.1701
1110.3937
1111.6001
1112.7891
1113.9609
1115.1158
1116.2542
1117.3765
1118.4832
1118.4832
1117.4469
1118.3099
1119.2194
1120.1292
1121.0354
1121.9364
1122.8316
1123.7208
1124.6040
1125.4809
1126.3517
1127.2164
1127.2164
1125.9649
1126.6063
1127.3020
1119.9467
1117.0132
1114.3202
1111.6460
1108.9854
1106.3414
1103.7179
1101.1186
1098.5464
1098.5464
1093.0511
1090.2323
1081.1830
1072.6089
1064.2673
1056.1587
1048.2951
1040.6844
1033.3301
1026.2328
1019.3897
1012.7965
1006.4471
1000.3346
987.2780
977.3013
967.7554
958.4852
949.5266
941.4983
941.6142
957.5497
987.1450
1012.7470
1051.4087
1085.2081
1114.9962
1140.9251
1164.3460
1185.6818
1205.2352
1223.2592
1239.9570
1255.5040
1270.0495
1283.6018
1296.3192
1308.1808
1286.4396
1264.5388
1256.2259
1280.6028
1302.1375
1321.3829
1338.6522
1354.1005
1368.0254
1380.8075
1375.1214
1371.2550
1367.9583
1350.2515
1335.9418
1324.2273
1346.7673
1366.1812
1348.6671
1326.3740
1308.1181
1292.6368
1279.3555
1267.8853
1257.9373
1249.2871
1241.7533
1235.1929
1239.1969
1240.7353
1272.8245
1315.7053
1349.8865
1379.0999
1386.6156
1379.1089
1358.8988
1342.2381
1327.1717
1312.5974
1298.2280
1284.3787
1271.0179
1258.0988
1245.7719
1234.1884
1225.9358
1217.8846
1226.4723
1263.0758
1293.8930
1320.1703
1342.8469
1362.8855
1380.7621
1396.8027
1411.2805
1424.4238
1436.4245
1447.3823
1408.0149
1382.7227
1360.8352
1341.1212
1323.2085
1306.8672
1291.9285
1278.6237
1266.6920
1256.0037
1246.2742
1243.6176
1273.2082
1316.1433
1353.0842
1385.0362
1413.1006
1389.2024
1386.7947
1436.5939
1478.9895
1514.6465
1510.3216
1507.9609
1489.7440
1462.5424
1455.6039
1467.4208
1495.9075
1520.1442
1541.5527
1560.6700
1577.7827
1593.2246
1606.8944
1583.9066
1555.2552
1533.4007
1514.0920
1496.2402
1478.4580
1461.7766
1445.3311
1429.7035
1414.9458
1400.7511
1386.5412
1372.7112
1359.2812
1346.1212
1332.5817
1319.5232
1307.2326
1295.3398
1284.2921
1272.6776
1261.4085
1250.5355
1240.0326
1229.8728
1220.0322
1210.4884
1201.2219
1192.5338
1184.5649
1176.7440
1169.0391
1160.6349
1152.3761
1144.3076
1136.6493
1129.1165
1121.6362
1113.9727
1106.3448
1098.2052
1090.1692
1082.2700
1074.5071
1066.8639
1059.4932
1052.7888
1046.4840
1040.2651
1033.6449
1027.1823
1020.8823
1014.7342
1008.7480
1002.9275
997.3249
991.8987
986.6294
981.5047
976.5230
971.6808
971.6808
971.6808
971.6808
975.3217
979.1050
982.9235
986.7486
990.5994
994.4790
998.1093
1001.5837
1005.0774
1008.5293
1011.8248
1014.9741
1014.9741
1016.0133
1018.8773
1021.7917
1024.6950
1027.5834
1030.2125
1032.9620
1035.5909
1038.1620
1040.9103
1043.5421
1046.0647
1046.0647
1045.7586
1047.8101
1049.8651
1051.8495
1053.7631
1055.6078
1057.3863
1059.1013
1060.7552
1062.3506
1063.8901
1065.3757
1065.3757
1063.9829
1065.1144
1066.2965
1067.4482
1068.5664
1069.6508
1070.7022
1071.7216
1072.7098
1073.6681
1074.5974
1075.4988
1075.4988
1073.5320
1074.1359
1074.8133
1075.4819
1076.1378
1076.7801
1077.4084
1078.0231
1078.6245
1079.2132
1079.7894
1080.3539
1080.3539
1078.0812
1078.3829
1078.7717
1079.1654
1079.5597
1079.9530
1080.3448
1080.7348
1081.1231
1081.5095
1081.8941
1082.2770
1082.2770
1079.8647
1080.0083
1080.2471
1072.1708
1068.6961
1065.6439
1062.7226
1059.9005
1057.1631
1054.5010
1051.9074
1049.3767
1049.3767
1043.7163
1041.0131
1031.7481
1023.1012
1014.8856
1007.0543
999.5804
992.4411
985.5960
979.0547
972.8014
966.8197
961.0942
955.6109
940.5880
929.4906
919.1846
909.3763
908.1050
907.1349
906.0297
936.8729
962.8886
985.4284
1023.0390
1055.6838
1084.3582
1109.9791
1133.0819
1154.1213
1173.4859
1191.4030
1208.0654
1223.6297
1238.1872
1251.7856
1264.3385
1258.2175
1228.2893
1215.6707
1240.1744
1261.8146
1280.9072
1297.9670
1313.2546
1326.8787
1339.2373
1350.6230
1361.1591
1370.5355
1343.3180
1306.2637
1282.0266
1258.1162
1268.7180
1261.2131
1240.8832
1223.1378
1208.7284
1196.9203
1187.1946
1179.1894
1172.6159
1167.2434
1162.8760
1172.8801
1181.7894
1205.5459
1240.1656
1285.5587
1321.4110
1351.9101
1360.4704
1336.8932
1318.3238
1302.2566
1286.2905
1270.5648
1255.5326
1241.1755
1227.4052
1216.1907
1204.7592
1194.2038
1185.0126
1176.4191
1168.7062
1177.6959
1201.6034
1222.4066
1258.1117
1288.7054
1315.1644
1338.1630
1358.2607
1375.9207
1391.5260
1405.3548
1400.4195
1368.9071
1345.9467
1326.7464
1310.3387
1296.2174
1284.0170
1273.4548
1264.3051
1256.3841
1249.5737
1253.5379
1301.5224
1354.1216
1396.4615
1430.9078
1459.4014
1518.0939
1514.3543
1494.0197
1463.0884
1487.3706
1525.3792
1539.6687
1534.5708
1530.8405
1510.8264
1479.2384
1486.8362
1493.9063
1518.2493
1539.5423
1558.3201
1574.9213
1589.1080
1601.1085
1593.6123
1569.6945
1548.8645
1529.8148
1500.3454
1475.5647
1452.8328
1431.7373
1412.0186
1393.4759
1375.4760
1358.3078
1341.9383
1325.6226
1309.7134
1294.8483
1280.8013
1267.3342
1254.9197
1241.9866
1229.5388
1217.6572
1206.2997
1195.4242
1184.9925
1174.9670
1165.3188
1156.3314
1147.7985
1139.6510
1131.7016
1123.1672
1114.8598
1106.7983
1098.9494
1091.7026
1084.3959
1077.2068
1069.8878
1062.0401
1054.3026
1046.7176
1039.2822
1031.9926
1024.8204
1018.4420
1012.3893
1006.4436
1000.5937
994.4678
988.5027
982.7288
977.1314
971.6985
966.4191
961.2832
956.2816
951.4062
946.6497
942.0053
942.0053
942.0053
942.0053
945.9409
950.0592
954.1996
958.2096
962.0323
965.8459
969.6052
973.3343
977.0572
980.5718
984.1196
987.4563
987.4563
988.7658
991.9043
995.0900
998.2669
1001.1736
1003.4727
1006.0888
1008.7382
1011.4002
1014.2311
1016.9470
1019.5545
1019.5545
1019.1830
1021.3268
1023.4806
1025.5618
1027.5705
1029.5094
1031.3810
1033.1882
1034.9335
1036.6195
1038.2486
1039.8231
1039.8231
1038.3627
1039.5884
1040.8686
1042.1162
1043.3285
1044.5059
1045.6495
1046.7604
1047.8397
1048.8883
1049.9074
1050.8980
1050.8980
1048.8868
1049.5822
1050.3583
1051.1233
1051.8741
1052.6103
1053.3319
1054.0392
1054.7327
1055.4128
1056.0801
1056.7350
1056.7350
1054.4351
1054.8313
1055.3198
1055.8113
1056.3021
1056.7911
1057.2780
1057.7628
1058.2455
1058.7262
1059.2052
1059.6826
1059.6826
1057.2743
1057.5184
1057.8620
1050.1706
1046.6944
1043.6412
1040.7165
1037.8925
1035.1552
1032.4950
1029.9050
1027.3802
1027.3802
1021.8180
1019.2844
1010.4162
1002.0869
994.1770
986.6403
979.4503
972.5844
966.0226
959.7445
953.7207
947.9343
942.3708
937.0218
921.3278
910.1594
899.9119
890.2460
906.7602
920.0569
930.7650
939.8610
947.9256
989.5542
1025.3016
1056.5714
1084.2965
1109.3023
1132.0556
1152.8877
1172.0742
1189.8449
1206.3890
1221.8670
1236.4152
1250.1185
1245.5778
1208.8945
1182.4246
1211.5071
1236.9694
1259.5984
1279.7588
1297.8436
1314.2191
1329.0191
1342.3962
1354.7312
1366.2174
1324.3385
1297.0446
1285.3397
1292.8001
1316.4490
1336.3960
1353.7914
1333.5019
1304.9038
1283.3306
1265.4432
1250.3661
1237.5613
1226.6571
1217.3642
1209.4270
1202.6851
1207.9381
1228.9251
1244.5847
1290.4983
1327.0284
1358.1948
1384.8739
1389.9253
1376.6371
1365.2810
1340.8659
1319.9677
1300.5151
1282.2328
1264.9994
1249.0861
1234.5540
1220.8269
1210.7296
1200.7907
1191.8641
1183.9532
1209.2605
1248.4829
1281.9494
1310.8415
1335.9496
1357.9144
1377.2419
1394.3502
1409.5900
1405.6609
1403.0417
1372.1257
1349.4381
1330.4192
1314.1429
1300.1224
1288.0043
1277.5135
1268.4296
1260.5725
1253.6583
1258.6096
1276.9803
1325.5812
1364.2363
1396.7837
1424.6000
1430.9790
1403.3933
1432.1443
1509.0681
1555.6633
1577.3732
1578.4171
1544.8794
1535.5176
1528.3166
1505.7404
1505.4862
1506.2411
1525.5255
1542.7039
1558.1994
1554.7455
1552.7282
1551.4912
1533.2621
1500.7142
1473.1462
1449.8098
1427.5044
1407.2297
1388.8732
1371.5959
1355.0481
1339.7256
1324.6769
1310.1796
1295.9287
1282.0808
1268.9208
1256.2351
1244.0087
1232.0058
1221.0366
1209.6201
1198.6138
1188.0955
1178.0286
1168.3743
1159.0985
1150.1657
1141.5497
1133.2268
1125.4691
1118.1933
1111.2063
1103.9158
1096.3322
1088.9299
1081.6753
1074.6827
1067.7836
1060.7266
1053.7204
1046.1570
1038.6993
1031.3990
1024.2537
1017.9258
1011.7454
1005.6700
999.9048
994.2487
988.7461
983.3488
978.1412
973.0410
968.0566
962.7603
957.6018
952.5894
947.7147
942.9692
938.3448
933.7993
933.7993
933.7993
933.7993
937.9625
942.2463
946.5524
950.5279
954.2949
958.1580
961.9725
965.7456
969.3338
972.7233
975.9412
979.2073
979.2073
980.2495
983.1130
986.0033
988.8625
991.6917
994.5180
997.2731
1000.0281
1002.7907
1005.7241
1008.5421
1011.2512
1011.2512
1010.9469
1013.1967
1015.4540
1017.6357
1019.7430
1021.7782
1023.7440
1025.6434
1027.4791
1029.2537
1030.9698
1032.6297
1032.6297
1031.2538
1032.5649
1033.9281
1035.2574
1036.5504
1037.8076
1039.0299
1040.2185
1041.3744
1042.4990
1043.5933
1044.6586
1044.6586
1042.7396
1043.5086
1044.3579
1045.1957
1046.0187
1046.8264
1047.6188
1048.3963
1049.1594
1049.9085
1050.6441
1051.3667
1051.3667
1049.1616
1049.6244
1050.1792
1050.7368
1051.2931
1051.8469
1052.3979
1052.9460
1053.4912
1054.0337
1054.5734
1055.1106
1055.1106
1052.7898
1053.0901
1053.4895
1045.9551
1042.5536
1039.5699
1036.8782
1034.2862
1031.7801
1029.3502
1026.9891
1024.6906
1024.6906
1019.2177
1016.7391
1007.9817
999.7135
991.8356
984.3237
977.1584
970.3234
963.7901
957.5419
951.5633
945.8388
940.3540
935.0956
919.2647
908.1261
897.9004
888.2547
879.1014
870.3852
862.0632
854.1000
846.4652
839.1321
832.0774
825.2802
818.7237
812.3903
806.2610
800.3234
794.5616
788.9656
783.5258
778.2332
773.0793
768.0567
763.1581
758.3763
753.7064
749.1425
744.6796
740.3127
736.0364
731.8470
727.7405
723.7136
719.7639
715.8873
712.0803
708.3402
704.6639
701.0489
697.5167
694.0725
690.6885
687.3501
684.0638
680.8370
677.6695
674.5593
671.5051
668.5053
665.5582
662.5490
659.5792
656.6480
653.7548
650.8992
648.0811
645.3005
642.5551
639.8453
637.1712
634.5325
631.9270
629.4177
626.9723
624.5705
622.2105
619.8732
617.5593
615.2801
613.0392
610.8370
608.6730
606.5469
604.4577
602.4353
600.4302
598.4482
596.4991
594.5846
592.7044
590.8583
589.0461
587.2670
585.5184
583.7842
582.0689
580.5140
578.9887
577.4937
576.0284
574.5922
573.1851
571.8064
570.4555
569.1282
567.8148
566.5193
565.2476
564.0631
562.9034
561.7690
560.6591
559.5730
558.5097
557.4688
556.4498
555.4522
554.4699
553.4977
552.5402
551.5698
550.6179
549.6838
548.7674
547.8683
546.9871
546.1233
545.2767
544.4469
543.6338
542.8261
542.1022
541.3879
540.6833
539.9884
539.3032
538.6277
537.9617
537.3052
536.6582
536.0205
535.3920
534.7727
534.7727
539.0208
543.9871
548.9376
553.8353
558.6977
563.5167
568.2930
573.0271
577.7192
582.3659
586.9636
591.5162
591.5162
594.8248
599.4441
604.0650
608.6541
613.2109
617.7356
622.2155
626.6547
631.0537
635.4128
639.7319
644.0115
644.0115
646.4205
650.4680
654.5387
658.5797
662.5880
666.5625
670.5028
674.4089
678.2806
682.1178
685.9205
689.6888
689.6888
691.4027
694.9408
698.5144
702.0640
705.5863
709.0803
712.5457
715.9822
719.3900
722.7693
726.1200
729.4424
729.4424
730.5788
733.6755
736.8191
739.9448
743.0492
746.1313
749.1905
752.2267
755.2398
758.2297
761.1965
764.1401
764.1401
764.8011
767.5237
770.3024
773.0689
775.8197
778.5537
781.2705
783.9700
786.6519
789.3162
791.9629
794.5919
794.5919
794.8720
797.2856
799.7633
802.2342
804.6947
807.1434
809.5796
812.0031
814.4135
816.8108
819.1949
821.5657
821.5657
821.5448
823.7046
825.9343
828.1617
830.3831
832.5971
834.8029
837.0002
839.1885
841.3678
843.5378
845.6984
845.6984
845.4465
847.4017
849.4302
851.4605
853.4886
855.5129
857.5327
859.5474
861.5568
863.5604
865.5582
867.5499
867.5499
867.1240
868.9223
870.7944
872.6694
874.5442
876.4180
878.2904
880.1610
882.0294
883.8956
885.7592
887.6202
887.6202
887.0674
888.7409
890.4901
892.2454
894.0037
895.7637
897.5249
899.2869
901.0492
902.8116
904.5738
906.3349
906.3349
905.6729
906.9193
908.3293
909.7347
911.1310
912.5166
913.8911
915.2546
916.6079
917.9513
919.2853
920.6104
920.6104
919.2302
920.2122
921.3953
922.5792
923.7605
924.9383
926.1117
927.2801
928.4429
929.5996
930.7495
931.8922
931.8922
930.2164
930.9907
931.9937
932.9973
933.9983
934.9959
935.9898
936.9796
937.9650
938.9456
939.7777
940.6018
940.6018
938.5726
939.1233
939.7709
940.4106
941.0384
941.6530
942.2539
942.8409
943.4142
943.9736
944.5192
945.0514
945.0514
942.4630
942.6691
943.0090
943.3586
943.7110
944.0695
944.4303
944.7909
945.1591
945.4219
945.6873
945.9549
945.9549
943.0454
943.0691
943.2218
943.3852
943.5557
943.7289
943.9079
944.0927
944.2825
944.4769
944.6616
944.8428
944.8428
941.8941
941.8263
941.8906
941.9751
942.0736
942.1845
942.3070
942.2795
942.2665
942.2666
942.2802
942.3065
942.3065
939.0557
938.8518
938.7766
938.7040
938.6311
938.5654
938.6741
938.7886
938.9085
939.0328
939.1608
939.2917
939.2917
936.1990
936.0983
936.1200
936.1556
936.1997
936.3580
936.5208
936.6873
936.8568
937.0293
937.2049
937.3840
937.3840
934.4360
934.3896
934.4604
934.5427
934.6313
934.7248
934.8226
934.9240
935.0288
935.1368
935.2477
935.5204
935.5204
932.5708
932.4588
932.4551
932.6136
932.7759
932.9428
933.1145
933.2910
933.4722
933.6581
933.8486
934.0436
934.0436
931.0513
931.0600
931.3788
931.7083
932.0463
932.3933
932.7509
933.1185
933.4955
933.8814
934.2760
934.6788
934.6788
932.0187
932.2422
932.5620
932.8972
933.2471
933.6101
933.9853
934.3720
934.7696
935.1776
935.5958
936.0245
936.0245
933.3805
933.6401
933.9991
934.3739
934.7619
935.1631
935.5770
936.0032
936.4413
936.8908
937.3512
937.8223
937.8223
935.2056
935.5069
935.9099
936.3286
936.7606
937.2057
937.6635
938.1338
938.6161
939.1099
939.6147
940.1301
940.1301
937.5531
937.8975
938.3455
938.8092
939.2897
939.7858
940.2962
940.8202
941.3573
941.9068
942.4684
943.0416
943.0416
940.5242
940.9154
941.4181
941.9424
942.4839
943.0413
943.6133
944.1994
944.7989
945.4111
946.0356
946.6720
946.6720
944.2275
944.6786
945.2465
945.8364
946.4438
947.0655
947.6977
948.3384
948.9068
949.4873
950.0794
950.6824
950.6824
948.3147
948.7281
949.2619
949.8161
950.3868
950.9725
951.5720
952.1846
952.8095
953.4460
954.0934
954.7510
954.7510
952.4478
952.9179
953.5050
954.1103
954.7305
955.3636
956.0076
956.6623
957.3278
958.0044
958.6919
959.3903
959.3903
957.1964
957.7044
958.3328
958.9829
959.6510
960.3358
961.0366
961.7527
962.4836
963.2290
963.9883
964.7614
964.7614
962.7915
963.3828
964.0897
957.5725
954.6452
952.1287
949.7542
947.4916
945.3241
943.2433
941.2420
939.3144
939.3144
934.5156
932.4580
924.3661
916.9805
909.9692
903.2926
896.9281
890.8435
885.0235
879.4419
874.0896
868.9555
864.0285
859.2980
844.9226
834.8881
825.7868
817.2628
818.3575
820.0228
838.0221
853.5331
867.2896
897.0624
940.8949
978.8978
1012.1349
1041.6889
1068.2888
1092.4009
1114.3969
1134.5906
1153.2136
1170.5160
1186.6833
1201.7339
1198.3817
1179.8382
1162.9062
1149.2896
1157.6178
1183.5485
1206.0404
1225.6513
1242.9546
1258.3175
1271.9748
1284.2370
1295.2931
1287.7927
1246.6090
1229.9724
1216.4090
1222.8783
1228.7907
1234.4558
1221.1508
1196.5949
1178.3606
1163.9333
1152.3976
1143.1586
1135.7799
1129.9266
1125.3301
1121.7312
1150.6829
1191.8530
1241.5308
1280.3481
1308.1469
1332.0880
1317.8278
1291.5933
1271.5628
1254.0486
1237.9759
1222.8414
1208.1923
1194.2513
1180.9625
1168.2560
1156.4202
1165.6967
1188.0035
1223.5890
1253.0421
1277.7927
1299.0296
1317.4223
1333.6048
1348.1375
1361.2356
1373.1213
1383.9803
1393.9677
1403.2131
1411.8251
1371.6234
1343.1274
1319.9751
1300.8308
1284.8581
1271.4615
1260.1981
1250.7203
1242.7511
1236.0677
1230.4881
1254.6337
1306.3048
1346.4890
1376.6513
1402.0386
1406.1746
1375.3871
1352.2544
1384.8592
1465.0554
1479.5414
1474.9554
1489.4147
1502.4215
1514.2487
1489.4779
1452.6233
1440.9612
1467.6383
1490.7096
1510.5315
1527.9290
1525.8099
1524.8752
1507.1706
1492.7179
1463.3006
1436.6920
1414.6703
1394.0074
1375.7090
1358.5327
1342.4254
1327.5129
1313.4724
1299.3807
1285.8952
1272.9853
1260.5904
1248.4937
1236.7292
1225.3773
1214.4807
1204.2179
1193.6793
1183.5064
1173.7749
1164.4531
1155.5031
1146.8895
1138.5812
1130.5519
1123.0708
1116.0177
1109.1046
1102.3484
1095.6760
1088.6236
1081.7657
1075.5660
1069.3236
1063.0789
1056.8617
1050.6842
1044.0712
1037.5693
1031.1913
1024.9290
1018.7738
1013.3132
1007.9403
1002.6088
997.3187
995.0381
991.3117
987.7061
983.5890
979.4050
975.1862
970.9792
966.7847
962.6086
958.4569
954.3337
950.2199
950.2199
950.2199
950.2199
954.1972
958.0191
961.6598
965.2225
968.7284
972.1906
975.6191
979.0124
982.2827
985.3780
988.4960
991.5598
991.5598
991.9534
994.6659
997.3696
1000.0221
1002.6499
1005.2430
1007.7036
1010.1059
998.4662
987.0666
975.8274
964.7143
964.7143
952.6678
941.0099
929.6829
918.6517
907.8929
897.3906
887.1333
877.1131
867.3228
857.7564
848.4083
839.2735
839.2735
829.5164
820.1752
811.1921
802.5250
794.1413
786.0153
778.1260
770.4563
762.9921
755.7213
748.6340
741.7212
741.7212
734.3301
727.2638
720.4755
713.9305
707.6026
701.4706
695.5176
689.7300
684.0964
678.6074
673.2551
668.0328
668.0328
662.4290
657.0730
651.9284
646.9687
642.1732
637.5259
633.0137
628.6261
624.3546
620.1918
616.1320
612.1699
612.1699
607.9011
603.8237
599.9091
596.1366
592.4901
588.9571
585.5276
582.1932
578.9474
575.7847
572.7004
569.6906
569.6906
566.4328
563.3241
560.9418
558.9558
557.2891
555.8804
554.6805
553.6499
552.7569
551.9758
551.2859
550.6704
550.1155
549.6103
548.0279
549.6371
557.4810
565.6217
575.5047
585.1242
594.8030
618.1382
679.3765
758.6795
836.5259
913.0157
988.2068
1062.1876
1135.0095
1206.7282
1277.3903
1346.8362
1415.1331
1482.3470
1548.5113
1613.6284
1677.7652
1664.7611
1690.6731
1754.4926
1817.2138
1878.8887
1939.5572
1999.2474
2057.9792
2115.7695
2172.5917
2228.5142
2283.5553
2318.7083
2315.3444
2331.3979
2366.3541
2400.7398
2453.6828
2505.7589
2537.9717
2512.9094
2489.0744
2466.4176
2444.9036
2424.4990
2405.1716
2386.8895
2369.6843
2353.5354
2357.1921
2380.2666
2403.2156
2464.0669
2523.8015
2582.4631
2640.0766
2658.5456
2676.8545
2656.9280
2637.6856
2618.9989
2600.8029
2583.0781
2565.8123
2548.9940
2532.6185
2535.7017
2557.7782
2579.3947
2600.6494
2640.6227
2698.9285
2756.1398
2812.3231
2867.5130
2921.7354
2974.9448
3027.2031
3078.5459
3128.9956
3178.5730
3170.3485
3143.9059
3118.6823
3094.6391
3071.8630
3050.3402
3030.0319
3010.9373
2992.9850
2976.1557
2959.9985
2982.1429
3022.6405
3081.6661
3139.4891
3195.9507
3251.3010
3324.6157
3377.3886
3353.2123
3387.1635
3458.4451
3490.1549
3502.0514
3494.8705
3507.2485
3519.7166
3551.2934
3582.4420
3632.2231
3681.1133
3727.8440
3771.9193
3814.2539
3840.3328
3865.5094
3853.8643
3843.0931
3832.8863
3823.0297
3794.5119
3766.7499
3739.6888
3713.2923
3687.5572
3662.4781
3638.0292
3614.1777
3590.8862
3568.1288
3545.8818
3524.1059
3502.8077
3482.0129
3461.8049
3442.0940
3422.8849
3404.1809
3385.9688
3368.2360
3350.9685
3334.1544
3317.7821
3301.8401
3286.3047
3271.1591
3256.3880
3241.9635
3227.8777
3214.1761
3200.8104
3187.7483
3174.9586
3162.4327
3150.1820
3138.1884
3126.4134
3114.8755
3103.5694
3092.4756
3081.6104
3070.9742
3060.5645
3050.3872
3040.4422
3030.6746
3021.0878
3011.7125
3002.6205
2993.7694
2985.1476
2976.7499
2968.5714
2960.6071
2952.8519
2945.2974
2852.4084
2768.0806
2691.0768
2620.4287
2555.2157
2494.6814
2438.1977
2385.2244
2335.3123
2288.1099
2243.2966
2200.6346
2200.6346
2157.1035
2115.8654
2076.6156
2039.1171
2003.1799
1968.6486
1935.3933
1903.3045
1872.2893
1842.1255
1812.7025
1783.8263
1783.8263
1752.6783
1722.6202
1693.5127
1665.2603
1637.7917
1611.0515
1584.9952
1559.5865
1534.7948
1510.5942
1486.9640
1463.8838
1463.8838
1439.3189
1415.7861
1393.1397
1371.2745
1350.1094
1329.5804
1309.6357
1290.2332
1271.3380
1252.9211
1234.9576
1217.4266
1217.4266
1198.7625
1180.8921
1163.7016
1147.1083
1131.0488
1115.4728
1100.3402
1085.6180
1071.2793
1057.3016
1043.6660
1030.3565
1030.3565
1016.1664
1002.5809
989.5130
976.8992
964.6911
952.8502
941.3457
930.1525
919.2501
908.6213
898.2518
888.1294
888.1294
877.3199
866.9733
857.0226
847.4191
838.1254
829.1118
820.3547
811.8353
803.5381
795.4502
787.5607
779.8605
779.8605
771.6252
763.7469
756.1737
748.8678
741.8001
737.6364
734.2275
731.4127
729.0662
727.0896
725.4051
723.9516
722.6808
721.5546
720.5428
719.6214
718.7716
714.6068
719.7781
726.7179
734.1303
742.1946
765.7221
788.9649
812.0192
834.9392
876.7956
956.2127
1034.1765
1110.7429
1185.9868
1259.9416
1332.6333
1404.0873
1474.3288
1543.3824
1611.2722
1678.0220
1724.6317
1751.6043
1778.4346
1843.0823
1887.4506
1931.0977
1974.0054
2035.2581
2095.3910
2154.4815
2212.5777
2269.6728
2325.8216
2362.0526
2379.0592
2358.1629
2357.1728
2394.6844
2450.4890
2505.0389
2558.5922
2573.4440
2550.8012
2529.2843
2508.8823
2489.5338
2471.1941
2453.9120
2437.6939
2422.5227
2408.3128
2394.8345
2381.9722
2407.8643
2433.4406
2496.8307
2559.0130
2620.0455
2679.8887
2741.0866
2763.1812
2746.8714
2731.0393
2715.6175
2700.5692
2685.8732
2671.5208
2657.5043
2643.8315
2630.5102
2617.4613
2623.7120
2667.7801
2711.0078
2772.5020
2832.8858
2892.1932
2950.4561
3007.6973
3063.9367
3119.1932
3173.4787
3207.8731
3222.9472
3200.0325
3178.0642
3157.1412
3137.4244
3118.9205
3101.5947
3085.4835
3070.5186
3056.6632
3043.7748
3049.9190
3093.3553
3155.2811
3216.0049
3275.2969
3333.4781
3390.6073
3408.5470
3407.1037
3463.1178
3515.9541
3549.7319
3581.2724
3611.5708
3623.2413
3648.9900
3673.7335
3697.3749
3734.6789
3770.1510
3804.1098
3836.6314
3867.4945
3866.8272
3866.8108
3851.8385
3840.2091
3829.5904
3802.8257
3776.4625
3751.3313
3726.5995
3702.3183
3678.2501
3654.4093
3631.4726
3608.9842
3583.4665
3559.3924
3536.0446
3512.4207
3489.9528
3468.0063
3446.4416
3425.3846
3404.8597
3384.8709
3365.3485
3346.2577
3327.6392
3310.3485
3293.5295
3277.1744
3261.2662
3245.7798
3230.7006
3216.0061
3201.7341
3187.7993
3174.1416
3160.6792
3147.6925
3134.7462
3122.0618
3109.6380
3097.3735
3085.3284
3073.5258
3061.9439
3050.5403
3039.3382
3028.3598
3017.6017
3007.0635
2997.8033
2988.8047
2980.0581
2971.5450
2963.2171
2955.0083
2946.9958
2939.1816
2931.5629
2924.1367
2916.8600
2827.7063
2746.7842
2672.7712
2604.6887
2541.6687
2483.0052
2428.1156
2376.5153
2327.7645
2281.5505
2237.5541
2195.4849
2195.4849
2152.1943
2111.2106
2072.2151
2034.9648
1999.2658
1964.9597
1931.9149
1900.0212
1869.1850
1839.2325
1810.0069
1810.7836
1810.7836
1800.2197
1793.3552
1786.5510
1779.5720
1772.4217
1765.1151
1757.6676
1750.0934
1742.4065
1734.6194
1726.7437
1718.7909
1718.7909
1706.2965
1697.5443
1689.0386
1680.5488
1672.0627
1663.5820
1655.1106
1646.6534
1638.2149
1629.8006
1621.4149
1613.0639
1613.0639
1600.3844
1591.5430
1583.0106
1574.5728
1566.2146
1557.9341
1549.7303
1541.6037
1533.5554
1525.5865
1517.6982
1509.8916
1509.8916
1498.0329
1489.9068
1482.0953
1474.4114
1466.8376
1459.3694
1452.0048
1444.7424
1437.5815
1430.5212
1423.5611
1416.7007
1416.7007
1406.0307
1398.9397
1392.1596
1385.5132
1378.9836
1372.5657
1351.6233
1334.7244
1320.4474
1306.9453
1294.0335
1281.6492
1281.6492
1261.2666
1248.2105
1237.0573
1226.4387
1216.2312
1194.9251
1178.8961
1164.6178
1151.6592
1139.7676
1128.8745
1118.8536
1109.5769
1100.9791
1093.0119
1085.6129
1078.7283
1056.4426
1039.3911
1024.0114
1009.8449
998.0499
987.2879
988.6916
989.5426
1007.9192
1041.4041
1087.6256
1127.1676
1161.3685
1191.3115
1217.7330
1241.1871
1262.2464
1281.2756
1298.5773
1314.4148
1328.9886
1342.4793
1337.4246
1316.8996
1283.5694
1274.7404
1303.4822
1328.3868
1350.2458
1369.5470
1386.6949
1402.0282
1415.5312
1427.6973
1438.8228
1431.3534
1407.8620
1370.6007
1339.5935
1348.8153
1374.4066
1396.3156
1362.4723
1326.0627
1300.8828
1281.0493
1265.0576
1252.0736
1241.5366
1233.0137
1226.1337
1233.7878
1240.9227
1247.4806
1287.2458
1336.5272
1375.7127
1408.8911
1437.1535
1443.7056
1407.6557
1382.0654
1359.7038
1338.4166
1318.3869
1299.5480
1281.7709
1265.0248
1249.4544
1240.0965
1265.9599
1286.5015
1320.4106
1348.1083
1371.4738
1391.4390
1408.9130
1424.4705
1438.4589
1451.1602
1462.7540
1473.3922
1483.2034
1474.7974
1428.4576
1396.1465
1369.7630
1347.8858
1329.6128
1314.3195
1301.4910
1290.7253
1281.5779
1273.9649
1267.5436
1309.7395
1361.5688
1403.0022
1435.5747
1462.9731
1486.4567
1489.0961
1509.4327
1491.8993
1512.9273
1530.9109
1528.9627
1510.6021
1496.0473
1484.5854
1475.6018
1469.0814
1499.7059
1526.0065
1548.8289
1568.8569
1586.5795
1602.3282
1615.9356
1627.3837
1619.2062
1611.8336
1569.3629
1528.1682
1496.0309
1467.9625
1442.3891
1418.9555
1397.4394
1377.4600
1358.2993
1340.2758
1323.1429
1306.5139
1290.8071
1275.7662
1261.4505
1247.8161
1235.0961
1222.2198
1209.9509
1198.3296
1187.2956
1176.7904
1166.7628
1157.1616
1147.9501
1139.0987
1130.8512
1123.1941
1115.6827
1107.3881
1099.3053
1091.4819
1084.3004
1077.0050
1069.7196
1062.5171
1054.6728
1046.8736
1039.2303
1031.7450
1024.4106
1017.5567
1010.8089
1004.4656
998.4407
992.5503
986.7892
981.5180
975.9162
970.4699
965.1862
960.0532
955.0596
950.1954
945.4518
940.8208
936.2955
931.8698
931.8698
931.8698
936.1566
940.5212
944.5235
948.0944
951.4066
954.6741
958.0916
961.3095
964.4729
967.5515
970.5640
973.3139
973.3139
973.3941
975.9171
978.5078
981.0940
983.6725
986.2403
988.6403
990.9679
992.9878
995.2515
997.6938
1000.0280
1000.0280
998.9260
1000.7869
1002.6792
1004.4989
1006.2466
1007.9251
1009.5373
1011.0863
1012.5749
1014.0059
1015.3818
1016.7049
1016.7049
1014.5587
1015.5286
1016.5762
1017.5920
1018.5743
1019.5237
1020.4411
1021.3276
1022.1842
1023.0121
1023.8124
1024.5860
1024.5860
1021.9313
1022.4095
1022.9876
1023.5554
1024.1105
1024.6526
1025.1818
1025.6984
1026.2028
1026.6955
1027.1769
1027.6474
1027.6474
1024.7393
1024.9517
1025.2746
1025.6001
1025.9255
1026.2500
1026.5733
1026.8954
1027.2162
1027.5357
1027.8539
1028.1707
1028.1707
1025.1700
1025.2528
1025.4511
1025.6603
1018.6269
1014.8748
1011.5305
1008.3280
1005.2356
1002.2381
999.3250
996.4886
996.4886
990.6073
987.5964
984.8189
975.6338
967.9381
960.6557
953.7191
947.1037
940.7815
934.7216
928.9107
923.3392
917.9949
912.8662
907.9423
891.5380
880.0084
869.5798
859.8422
851.6540
854.1531
872.2817
887.6097
918.3012
962.3970
1000.3490
1033.4363
1062.7254
1089.0134
1112.8592
1134.6190
1154.5916
1173.0284
1190.1427
1206.1129
1221.0349
1235.0486
1248.0216
1242.6974
1240.0561
1204.1041
1176.3346
1207.1903
1234.2026
1258.0234
1279.1814
1298.0950
1314.7716
1329.8224
1343.6085
1356.2156
1332.2112
1295.0950
1264.3186
1256.2408
1284.9816
1309.5663
1312.4143
1280.8307
1258.5974
1240.4147
1225.1998
1212.4065
1201.6434
1192.6536
1185.0876
1178.8111
1185.4194
1207.2881
1240.7931
1283.6570
1320.0024
1351.0374
1360.1260
1350.6387
1326.5952
1306.6771
1288.7570
1270.2731
1253.2906
1237.3224
1222.1898
1207.8682
1194.1810
1181.5783
1174.9854
1184.1032
1191.2633
1197.2283
1220.1978
1240.2597
1275.5535
1306.0136
1332.4938
1355.6444
1376.0054
1394.0251
1410.0741
1424.4397
1402.3863
1369.9640
1345.9694
1325.8870
1308.7265
1293.9630
1281.2160
1270.1896
1260.6457
1252.3907
1245.2153
1250.2519
1268.8726
1301.1908
1343.9862
1379.8961
1392.9009
1404.6253
1484.9840
1516.7824
1473.7018
1473.9455
1474.9427
1476.5124
1460.9672
1466.2695
1488.7157
1473.0403
1461.1420
1487.1747
1509.7428
1529.6890
1547.4304
1563.2752
1524.6573
1493.3309
1467.6639
1446.2930
1426.8189
1409.0418
1389.9223
1372.9319
1357.0626
1341.7604
1327.1954
1313.5240
1299.8386
1286.6603
1263.8682
1243.4256
1224.8160
1207.6136
1191.7229
1177.1726
1163.8116
1151.6492
1140.4796
1130.2042
1120.6695
1111.7509
1103.3477
1095.3781
1087.7756
1080.4868
1073.4193
1066.4903
1059.6217
1052.7913
1046.0303
1039.3800
1032.8305
1026.3343
1019.8262
1013.2620
1006.6719
1000.0542
993.4028
986.7489
980.1172
973.5265
966.9915
960.5628
954.3267
948.2771
942.4278
936.7943
931.3448
926.0839
921.0223
916.1713
911.5028
906.9932
902.6236
898.3782
894.2440
890.2106
886.2574
881.8801
877.2156
872.4044
867.4966
862.5310
857.5378
852.5405
847.5583
842.5853
837.6419
832.5920
832.5920
827.2545
821.9112
816.6295
811.4226
806.3018
801.2755
796.3501
791.5297
786.8165
782.1282
777.3444
772.1993
772.1993
766.0208
759.7860
753.5196
747.2456
740.9855
734.7581
728.5797
722.4637
716.4212
710.4613
704.5911
698.8161
698.8161
692.5789
686.5842
680.8014
675.2073
669.7835
664.5156
659.3918
654.4025
649.5398
644.7971
640.1689
635.6503
635.6503
630.7950
626.1518
621.6917
617.3925
613.2364
609.2094
605.3002
601.4996
597.7999
594.1948
590.6791
587.2485
587.2485
583.5473
580.0119
576.6191
573.3511
570.1937
567.1356
564.1679
561.2835
558.4763
555.7414
553.0748
550.4729
550.4729
547.6495
544.9561
542.3741
539.8890
537.4897
535.1671
532.9142
530.7253
528.5955
526.5211
524.4987
522.5258
522.5258
520.3692
518.3155
516.3494
514.4593
512.6361
510.8830
509.3975
508.1323
507.0488
506.1155
505.3065
504.6005
503.9799
503.4303
502.9397
502.4982
502.0976
501.2513
500.4077
499.5699
498.7400
497.9196
497.1095
496.3105
495.5229
494.7471
493.9829
493.2306
492.4899
491.7609
491.0433
490.3371
489.6420
488.9580
488.2849
487.6225
486.9707
486.3292
485.6980
485.0768
484.4656
483.8641
483.2722
482.6898
482.1167
481.5527
480.9977
480.4516
479.9142
479.3854
478.8650
478.3530
477.8492
477.3534
476.8655
476.3854
475.9130
475.4482
474.9907
474.5406
474.0977
473.6619
473.2331
472.8111
472.3958
471.9872
471.5851
471.1893
470.7999
470.4167
470.0396
469.6685
469.3033
468.9439
468.5903
468.2423
467.8998
467.5628
467.2312
466.9050
466.5839
466.2680
465.9571
465.6512
465.3502
465.0540
464.7625
464.4757
464.1935
463.9158
463.6425
463.3736
463.1089
462.8485
462.5922
462.3400
462.0918
461.8476
461.6073
461.3708
461.1381
460.9091
460.6838
460.4621
460.2439
460.0292
459.8179
459.6100
459.4054
459.2040
459.0058
458.8108
458.6188
458.4299
458.2440
458.0611
457.8810
457.7038
457.5294
457.3577
457.1887
457.0225
456.8588
456.6978
456.5393
456.3832
456.2297
456.0786
455.9299
455.7835
455.6394
455.4976
455.3581
455.2208
455.0856
454.9526
454.8216
454.0161
453.2722
452.5906
451.9693
451.4053
450.8944
450.4323
450.0144
449.6363
449.2938
448.9831
448.7004
448.7004
448.5462
448.3646
448.1622
447.9441
447.7147
447.4774
447.2350
446.9896
446.7430
446.4965
446.2512
446.0080
446.0080
445.6791
445.3754
445.0923
444.8262
444.5742
444.3342
444.1045
443.8836
443.6706
443.4646
443.2649
443.0709
443.0709
442.7995
442.5537
442.3284
442.1199
441.9250
441.7415
441.5674
441.4014
441.2423
441.0892
440.9414
440.7983
440.7983
440.5809
440.3870
440.2119
440.0518
439.9037
439.7657
439.6358
439.5127
439.3955
439.2831
439.1751
439.0707
439.0707
438.8944
438.7398
438.6025
438.4788
438.3661
438.2623
438.1656
438.0749
437.9891
437.9074
437.8292
437.7540
437.7540
437.6085
437.4836
437.3748
437.2788
437.1929
437.1151
437.0438
436.9777
436.9160
436.8578
436.8026
436.7498
436.7498
436.6281
436.5260
436.4392
436.3644
436.2990
436.2412
436.1892
436.1420
436.0987
436.0584
436.0206
435.9849
435.9849
435.8811
435.7962
435.7260
435.6672
435.6174
435.5745
435.5372
435.5042
435.4747
435.4480
435.4235
435.4008
435.4008
435.3108
435.2392
435.1819
435.1356
435.0979
435.0669
435.0412
435.0195
435.0010
434.9850
434.9709
434.9584
434.9584
434.8792
434.8180
434.7706
434.7340
434.7055
434.6835
434.6665
434.6533
434.6430
434.6351
434.6288
434.6240
434.6240
434.5529
434.4994
434.4595
434.4300
434.4086
434.3935
434.3831
434.3763
434.3725
434.3707
434.3706
434.3718
434.3718
434.3071
434.2599
434.2259
434.2023
434.1865
434.1767
434.1715
434.1699
434.1709
434.1740
434.1785
434.1841
434.1841
434.1243
434.0816
434.0520
434.0326
434.0208
434.0150
434.0137
434.0159
434.0206
434.0273
434.0354
434.0446
434.0446
433.9886
433.9496
433.9237
433.9078
433.8995
433.8970
433.8990
433.9044
433.9123
433.9222
433.9334
433.9456
433.9456
433.8929
433.8571
433.8342
433.8211
433.8156
433.8158
433.8204
433.8282
433.8385
433.8506
433.8640
433.8783
433.8783
433.8281
433.7946
433.7738
433.7628
433.7593
433.7615
433.7679
433.7776
433.7897
433.8036
433.8188
433.8348
433.8348
433.7865
433.7548
433.7357
433.7263
433.7244
433.7280
433.7359
433.7470
433.7605
433.7756
433.7920
433.8092
433.8092
433.7620
433.7313
433.7133
433.7049
433.7038
433.7082
433.7168
433.7286
433.7426
433.7584
433.7753
433.7931
433.7931
433.7465
433.7164
433.6989
433.6911
433.6905
433.6956
433.7047
433.7170
433.7315
433.7477
433.7650
433.7830
433.7830
433.7366
433.7066
433.6892
433.6813
433.6806
433.6854
433.6944
433.7064
433.7206
433.7365
433.7534
433.7712
433.7712
433.7243
433.6938
433.6760
433.6678
433.6668
433.6714
433.6801
433.6918
433.7058
433.7214
433.7382
433.7557
433.7557
433.7084
433.6776
433.6595
433.6509
433.6496
433.6539
433.6623
433.6737
433.6874
433.7027
433.7192
433.7364
433.7364
433.6887
433.6576
433.6392
433.6303
433.6288
433.6328
433.6409
433.6521
433.6656
433.6808
433.6971
433.7141
433.7141
433.6662
433.6350
433.6163
433.6073
433.6057
433.6095
433.6175
433.6286
433.6420
433.6570
433.6731
433.6900
433.6900
433.6419
433.6104
433.5916
433.5824
433.5806
433.5843
433.5923
433.6033
433.6166
433.6316
433.6477
433.6646
433.6646
433.6166
433.5853
433.5666
433.5576
433.5560
433.5599
433.5680
433.5793
433.5929
433.6082
433.6246
433.6419
433.6419
433.5943
433.5633
433.5450
433.5364
433.5351
433.5394
433.5479
433.5595
433.5734
433.5889
433.6057
433.6232
433.6232
433.5759
433.5452
433.5272
433.5188
433.5178
433.5223
433.5311
433.5429
433.5571
433.5729
433.5899
433.6077
433.6077
433.5607
433.5304
433.5127
433.5047
433.5040
433.5090
433.5182
433.5304
433.5451
433.5613
433.5788
433.5970
433.5970
433.5504
433.5203
433.5030
433.4953
433.4949
433.5001
433.5095
433.5220
433.5367
433.5531
433.5707
433.5890
433.5890
433.5424
433.5124
433.4951
433.4874
433.4870
433.4921
433.5015
433.5139
433.5286
433.5450
433.5625
433.5807
433.5807
433.5340
433.5039
433.4865
433.4788
433.4783
433.4835
433.4927
433.5051
433.5198
433.5361
433.5536
433.5718
433.5718
433.5250
433.4948
433.4773
439.0090
444.5566
450.1166
455.6855
461.2603
466.4112
471.3620
476.1939
480.9839
480.9839
483.9010
488.4969
486.4211
484.8545
483.3642
481.9120
480.4935
479.1128
477.7714
476.4712
475.2136
473.9991
472.8272
471.6974
471.2807
470.9198
470.7295
470.8004
488.8313
504.7468
536.7361
582.1754
622.1937
658.1265
706.1597
748.5742
786.2895
818.7507
848.3964
875.6748
900.9773
924.5782
946.6869
967.3745
986.8256
1004.8668
978.8279
962.4841
962.1890
992.4009
1019.4675
1043.8432
1066.1683
1086.7431
1105.7862
1123.3234
1139.5920
1154.9111
1151.7420
1151.7729
1139.5170
1143.4432
1119.4044
1113.4267
1123.3527
1149.4415
1153.4196
1133.9389
1118.1739
1104.9817
1093.8480
1084.4229
1076.4462
1069.7123
1064.0432
1059.1628
1055.0373
1063.1786
1084.8164
1135.6155
1176.7002
1212.0040
1242.5015
1268.6475
1259.6018
1238.8011
1220.4719
1204.0177
1188.9009
1174.6500
1161.1160
1148.1954
1135.8842
1124.1033
1113.2225
1105.9633
1099.1047
1093.3631
1104.7867
1130.7142
1153.6106
1190.7931
1223.1444
1251.4536
1276.3759
1298.4547
1318.1414
1335.6696
1303.3463
1282.6095
1265.5239
1250.9707
1238.4518
1227.6380
1218.2801
1210.1835
1203.1902
1197.1631
1203.1453
1207.9759
1242.6916
1288.1031
1324.1285
1354.6931
1363.4371
1371.9122
1414.9801
1433.8219
1432.7601
1432.7493
1416.9077
1405.5881
1382.9360
1394.8321
1422.7575
1429.3243
1435.8100
1442.3311
1466.3974
1487.4772
1506.2579
1523.0872
1537.8966
1550.7614
1544.0699
1521.1309
1501.6795
1475.4155
1452.0752
1430.8128
1410.7382
1391.8958
1373.8748
1357.1286
1340.7283
1324.8385
1309.4492
1294.2564
1279.6905
1265.9667
1252.8118
1240.1351
1228.0075
1215.7857
1204.0788
1192.8836
1182.1599
1171.8691
1161.9786
1152.4543
1143.2725
1134.8674
1126.8186
1119.0487
1111.4410
1103.2232
1095.2040
1087.4085
1080.1990
1072.9636
1065.6497
1058.3818
1051.1957
1043.5726
1036.0704
1028.7216
1021.5096
1014.7446
1008.0984
1001.9707
995.9650
990.1520
984.4323
978.8440
973.4015
968.1001
962.6336
957.3104
952.1579
947.1736
942.3418
937.6581
933.1158
928.7109
928.7109
928.7109
928.7109
932.3131
936.1778
940.0718
943.9922
947.9437
951.7296
955.3727
958.9707
962.3590
965.5144
968.7640
971.9332
971.9332
972.5250
975.3199
978.1852
981.0442
983.8799
986.6624
