12.8023
12.8391
12.8048
12.7999
12.8000
22.8712
13.3150
12.8365
12.8011
12.8003
12.8003
12.8003
12.8003
12.8003
12.8003
12.8003
12.8003
12.8003
22.6323
13.3139
12.8375
12.8013
12.8004
12.8004
12.8004
12.8004
12.8004
12.8004
12.8004
12.8004
12.8004
22.4783
13.3218
12.8307
12.8013
12.8005
12.8004
12.8004
12.8004
12.8004
12.8004
12.8004
12.8004
12.8004
22.3551
13.3255
12.8284
12.8013
12.8005
12.8005
12.8004
12.8004
12.8004
12.8004
12.8004
12.8004
12.8004
22.2513
13.3279
12.8276
12.8013
12.7560
12.7594
12.8098
12.8025
12.8019
12.8016
12.8014
12.8013
12.8012
22.1547
13.2728
12.8154
12.8198
12.7555
12.7961
12.7986
12.7990
12.8052
12.8033
12.8019
12.8018
12.8022
12.8025
12.8020
13.0015
12.7537
12.7924
12.7952
12.8834
12.8519
12.8584
12.8134
12.8175
12.8144
12.8182
12.8049
12.8106
12.8065
12.8050
12.8039
12.8027
12.8026
12.8025
12.8024
12.8023
12.8022
12.7927
12.7943
12.8133
12.8016
12.8102
12.8017
12.8227
12.8005
12.8019
12.7967
12.8071
12.8017
12.8018
12.7838
12.7886
12.7965
12.8019
12.8195
12.8087
12.8071
12.8004
12.7168
12.7956
12.7970
12.7966
12.7979
12.7981
12.7982
12.7973
12.8326
12.8103
12.8068
12.8232
12.8064
12.7835
12.8008
12.7918
12.7848
12.7864
12.7869
12.7845
12.6699
12.7973
12.7962
12.7976
12.8229
12.8199
12.8731
12.8068
12.8159
12.8174
12.8291
12.8078
12.8122
12.8048
12.8035
12.8032
12.8018
12.8016
12.8014
12.8013
12.8001
12.8070
12.7175
12.7919
12.7950
12.7971
12.7984
12.7979
12.7981
12.7982
12.7982
12.8327
12.8589
12.8085
12.8009
12.7801
12.8046
12.7980
12.7911
12.7909
12.8024
12.8041
12.8031
12.8028
12.7844
12.8045
12.7908
12.8234
12.7936
12.8109
12.7993
12.8080
12.8000
12.7971
12.7896
12.7929
12.7916
12.7809
12.7684
12.7620
12.7441
12.7585
12.7946
12.7544
12.8600
12.7939
12.7644
12.7964
12.7762
12.7931
12.7823
12.7507
12.8281
12.8446
12.7967
12.8582
12.6912
12.7989
12.7971
12.7977
12.7981
12.7988
12.7992
12.7983
12.8193
12.8054
12.8806
12.7810
12.7545
12.7988
12.7985
12.7636
12.7983
12.7913
12.7768
12.7973
12.7990
12.7793
12.7989
12.7991
12.7998
12.8607
12.8089
12.8104
12.8072
12.8193
12.7964
12.8017
12.8024
12.8002
12.7690
12.7999
12.7996
12.7997
12.7998
12.7998
12.7998
23.0397
23.5938
23.8945
13.3416
12.8114
12.7995
12.7991
12.7993
12.7994
12.7995
12.8014
12.8015
12.8072
12.8015
12.7913
22.9245
13.2674
12.8504
12.8013
12.7986
12.7986
12.8004
12.7988
12.8021
12.8374
12.8048
12.7998
12.7999
22.8194
13.3288
12.8268
12.8009
12.8003
12.8002
12.8002
12.8003
12.8003
12.8003
12.8003
12.8003
12.8003
22.6902
13.3274
12.8276
12.8012
12.8005
12.8004
12.8004
12.8004
12.8004
12.8004
12.8004
12.8004
12.8004
22.6060
13.3284
12.8272
12.8012
12.8005
12.8004
12.8004
12.8004
12.8004
12.8004
12.8004
12.8004
12.8004
22.5690
13.3293
12.8267
12.8012
12.8005
12.8004
12.8004
12.8004
12.8004
12.8004
12.8004
12.8004
12.8004
22.5298
13.3303
12.8263
12.8012
12.8094
12.7219
12.7956
12.7991
12.7993
12.7995
12.7996
12.7996
12.7997
22.5302
13.3285
12.7516
12.8829
12.7560
12.7963
12.7988
12.7992
12.7994
12.7995
12.7996
12.7997
12.7997
12.7997
12.7998
12.9067
12.7614
12.7932
12.7955
12.8458
12.8984
12.8482
12.8232
12.8164
12.8191
12.8136
12.8074
12.8134
12.8107
12.8078
12.8068
12.8067
12.8066
12.8055
12.8050
12.8048
12.7998
12.8024
12.7944
12.8051
12.8049
12.8171
12.8093
12.8018
12.8036
12.8024
12.7959
12.8072
12.8023
12.8012
12.7785
12.7676
12.8144
12.8041
12.8165
12.8072
12.8111
12.7998
12.6968
12.7944
12.7979
12.7987
12.7991
12.7982
12.7982
12.7972
12.8742
12.8217
12.8307
12.7984
12.8049
12.7823
12.7996
12.7926
12.7918
12.7838
12.7779
12.7713
12.7312
12.7767
12.7966
12.7976
12.7985
12.8295
12.8208
12.8683
12.8056
12.7766
12.7662
12.8087
12.8056
12.8153
12.8051
12.8018
12.8013
12.8015
12.8015
12.8015
12.7894
12.7840
12.6983
12.7944
12.7969
12.7980
12.7984
12.7989
12.8024
12.7999
12.7998
12.8552
12.8334
12.8338
12.8104
12.8040
12.8034
12.7997
12.8059
12.7988
12.7725
12.8052
12.8090
12.8127
12.7970
12.7851
12.8045
12.7967
12.8104
12.8035
12.8279
12.8007
12.7991
12.7977
12.7976
12.7976
12.7973
12.9204
12.7552
12.7804
12.7878
12.6816
12.8136
12.7435
12.8060
12.8180
12.7967
12.7635
12.7905
12.7950
12.7863
12.7277
12.8171
12.8445
12.7978
12.8326
12.7208
12.7943
12.7955
12.7961
12.7965
12.7968
12.7970
12.7972
12.8157
12.8827
12.8056
12.8003
12.7349
12.7977
12.7977
12.8103
12.7988
12.7920
12.7509
12.7976
12.7563
12.7967
12.7975
12.7978
12.7980
12.8178
12.8659
12.8200
12.8007
12.7687
12.8067
12.7987
12.7989
12.7999
12.7988
12.7984
12.7988
12.7989
12.7989
12.7989
12.7989
23.4400
24.0226
24.3407
13.3295
12.8174
12.7993
12.7959
12.7976
12.7981
12.7940
12.8005
12.8031
12.8104
12.7881
12.7984
23.3388
13.2488
12.8534
12.8021
12.7990
12.7990
12.8002
12.8054
12.7981
12.8365
12.8042
12.7996
12.7997
23.2950
13.2861
12.8538
12.8021
12.8003
12.8002
12.8002
12.8002
12.8002
12.8003
12.8003
12.8003
12.8003
23.2337
13.2836
12.8551
12.8025
12.8005
12.8004
12.8004
12.8004
12.8004
12.8004
12.8004
12.8004
12.8004
23.1676
13.2847
12.8548
12.8025
12.8006
12.8005
12.8004
12.8004
12.8004
12.8004
12.8004
12.8004
12.8004
23.0470
13.2865
12.8542
12.8025
12.8006
12.8005
12.8005
12.8005
12.8005
12.8005
12.8005
12.8005
12.8005
22.9247
13.2888
12.8535
12.8025
12.7859
12.7206
12.8027
12.8031
12.8021
12.8018
12.8016
12.8014
12.8013
22.8461
13.2860
12.7755
12.8628
12.7584
12.7956
12.7984
12.7989
12.7991
12.7761
12.7996
12.7994
12.7995
12.7995
12.7996
12.9769
12.7462
12.7956
12.7988
12.9313
12.8516
12.8110
12.8166
12.8233
12.8157
12.8075
12.8055
12.8080
12.8034
12.8035
12.8044
12.8031
12.8031
12.8037
12.8039
12.8044
12.8032
12.7846
12.7840
12.8220
12.8120
12.8192
12.8055
12.7997
12.8032
12.8009
12.7937
12.8067
12.7996
12.7991
12.7841
12.7798
12.7990
12.7999
12.8102
12.8071
12.8058
12.8085
12.7134
12.7975
12.7984
12.8003
12.7997
12.8000
12.7992
12.8004
12.8405
12.8621
12.8089
12.8046
12.7994
12.7814
12.8011
12.7967
12.7914
12.7819
12.7842
12.7861
12.6982
12.7968
12.7971
12.7983
12.8051
12.7995
12.8484
12.8252
12.8050
12.8416
12.8159
12.8039
12.8172
12.8037
12.8038
12.8017
12.8016
12.8015
12.8015
12.8013
12.7995
12.8106
12.7188
12.7969
12.7977
12.7985
12.7988
12.7991
12.7993
12.7995
12.7995
12.8067
12.8725
12.9266
12.7816
12.8009
12.8001
12.7980
12.7953
12.7995
12.7964
12.7937
12.8081
12.8003
12.8026
12.7858
12.7969
12.8020
12.8078
12.8231
12.8017
12.8077
12.8003
12.7988
12.7904
12.7915
12.7942
12.7863
12.7888
12.7908
12.7456
12.7481
12.7872
12.7913
12.7994
12.7931
12.7935
12.7620
12.7909
12.7938
12.7211
12.7811
12.8473
12.8165
12.7931
12.8547
12.6997
12.7935
12.7946
12.7953
12.7956
12.7960
12.7956
12.7954
12.8154
12.8456
12.8174
12.7995
12.7549
12.7982
12.7971
12.7964
12.8286
12.7689
12.7999
12.7510
12.7625
12.7957
12.7971
12.7976
12.7979
12.7971
12.8821
12.8222
12.8020
12.8021
12.7738
12.7996
12.7984
12.7985
12.7986
12.7986
12.7986
12.7987
12.7987
12.7987
12.7987
23.8260
24.4452
24.7823
13.2997
12.8334
12.7978
12.7966
12.7938
12.8067
12.7972
12.7992
12.8029
12.8125
12.7846
12.7834
23.7531
13.2603
12.8347
12.8028
12.7984
12.7947
12.7962
12.8038
12.8245
12.8211
12.8040
12.7995
12.7996
23.6284
13.2764
12.8576
12.8022
12.8002
12.8001
12.8001
12.8002
12.8002
12.8002
12.8002
12.8003
12.8003
23.4993
13.2736
12.8592
12.8026
12.8005
12.8004
12.8004
12.8004
12.8004
12.8004
12.8004
12.8004
12.8004
23.3198
13.2752
12.8585
12.8027
12.8006
12.8005
12.8004
12.8004
12.8004
12.8004
12.8004
12.8004
12.8004
23.0813
13.2777
12.8576
12.8027
12.8006
12.8005
12.8005
12.8005
12.8005
12.8005
12.8005
12.8005
12.8005
22.8274
13.2811
12.8564
12.8027
12.7936
12.7221
12.7914
12.8027
12.8024
12.8020
12.8018
12.8016
12.8014
22.7219
13.2891
12.7668
12.8738
12.7570
12.7953
12.7982
12.7987
12.7989
12.7991
12.8019
12.8043
12.8032
12.8033
12.8031
13.0404
12.7280
12.7968
12.8023
12.9432
12.8317
12.8594
12.8116
12.8166
12.8082
12.8135
12.8089
12.8084
12.8040
12.8029
12.8028
12.8026
12.8025
12.8017
12.8012
12.8010
12.8005
12.8007
12.7950
12.7656
12.8113
12.8163
12.8107
12.8056
12.7968
12.7991
12.7950
12.8065
12.8019
12.7989
12.7945
12.7794
12.7794
12.8096
12.8202
12.8145
12.8071
12.8060
12.6992
12.7964
12.7967
12.7978
12.7983
12.7980
12.7981
12.7982
12.8031
12.8476
12.8562
12.8119
12.8029
12.7829
12.7993
12.7874
12.7941
12.7842
12.7882
12.7850
12.7219
12.7257
12.7948
12.7957
12.8445
12.8883
12.8131
12.8090
12.8200
12.8122
12.8085
12.8113
12.8034
12.8077
12.8014
12.8017
12.8018
12.8018
12.8016
12.8016
12.7959
12.7986
12.7322
12.7968
12.7980
12.7990
12.7991
12.7992
12.7993
12.7994
12.7996
12.8220
12.8730
12.8006
12.8132
12.7829
12.8006
12.7988
12.7943
12.7904
12.7920
12.8117
12.8072
12.7957
12.7962
12.7878
12.8024
12.8198
12.7919
12.7996
12.8146
12.8052
12.7987
12.7976
12.7945
12.7874
12.7943
12.7911
12.7795
12.7925
12.7853
12.6855
12.8106
12.7956
12.7849
12.7616
12.8354
12.7652
12.7843
12.7675
12.7948
12.8239
12.7969
12.7960
12.7731
12.8604
12.7183
12.7929
12.7951
12.7958
12.7961
12.7956
12.7954
12.7962
12.7968
12.8153
12.8374
12.8431
12.7822
12.7586
12.7974
12.7945
12.7758
12.7979
12.7738
12.7989
12.7649
12.7953
12.7979
12.7982
12.8654
12.8004
12.8002
12.8194
12.7985
12.8091
12.7978
12.8182
12.8028
12.8001
12.7668
12.7985
12.7984
12.7985
12.7986
12.7987
12.7987
23.6559
24.2525
24.5782
13.3220
12.8227
12.7979
12.7932
12.7939
12.7983
12.7973
12.8011
12.8046
12.8044
12.7779
12.7936
23.5879
13.2665
12.8239
12.8011
12.7975
12.7977
12.8008
12.8011
12.8226
12.8237
12.8042
12.7996
12.7997
23.5148
13.2742
12.8589
12.8023
12.8002
12.8002
12.8002
12.8002
12.8002
12.8002
12.8003
12.8003
12.8003
23.4242
13.2729
12.8597
12.8027
12.8005
12.8004
12.8004
12.8004
12.8004
12.8004
12.8004
12.8004
12.8004
23.3322
13.2753
12.8586
12.8028
12.8006
12.8004
12.8004
12.8004
12.8004
12.8004
12.8004
12.8004
12.8004
23.2650
13.2780
12.8575
12.8027
12.8006
12.8005
12.8004
12.8004
12.8004
12.8004
12.8004
12.8004
12.8004
23.2083
13.2811
12.8564
12.8027
12.7944
12.7224
12.7913
12.8008
12.8022
12.8019
12.8017
12.8015
12.8013
23.2158
13.2904
12.7640
12.9048
12.7595
12.7982
12.7955
12.7949
12.7943
12.7979
12.7980
12.7981
12.7984
12.7987
12.7989
13.0655
12.7050
12.7898
12.7968
12.7979
12.7984
12.7989
12.7992
12.7995
12.7997
12.7999
12.8000
12.8015
12.8009
12.8003
12.8005
12.7999
12.8003
12.8001
12.8001
12.8003
12.8005
12.8005
12.8014
12.8013
12.8010
12.8006
12.8001
12.8010
12.8011
12.8013
12.8014
12.8024
12.8017
12.8016
12.8015
12.8012
12.8012
12.8008
12.8007
12.8009
12.8007
12.7999
12.7999
12.7997
12.7995
12.7995
12.7995
12.7989
12.8002
12.7988
12.7989
12.7989
12.7989
12.7996
12.7998
12.7983
12.7991
12.7995
12.7995
12.7971
12.7976
12.7987
12.7992
12.7994
12.7996
12.7996
12.7996
12.7998
12.7999
12.7999
12.8000
12.8002
12.7999
12.8002
12.8005
12.8005
12.8005
12.8009
12.8011
12.8012
12.8013
12.8013
12.8016
12.8014
12.7993
12.8013
12.8012
12.8011
12.8011
12.8005
12.8002
12.8001
12.8000
12.8000
12.7998
12.7994
12.7985
12.7994
12.7990
12.7990
12.7991
12.7999
12.8001
12.8002
12.8002
12.8002
12.8003
12.8002
12.8009
12.8002
12.8001
12.8000
12.7999
12.7990
12.7987
12.7985
12.7984
12.7983
12.7984
12.6962
12.8002
12.8002
12.8002
12.8002
12.8002
12.8001
12.8001
12.8001
12.8001
12.8001
12.8001
25.9336
13.3363
12.8192
12.7996
12.7991
12.7992
12.7993
12.7994
12.7995
12.7995
12.7995
12.7994
12.7996
24.9368
13.3099
12.8419
12.8008
12.7999
12.7999
12.7999
12.7991
12.7996
12.7996
12.7997
12.7997
12.7998
24.3146
13.2914
12.8521
12.8019
12.8001
12.8000
12.8000
12.8000
12.8000
12.8000
12.8000
12.8000
12.8000
24.0591
13.2853
12.8544
12.8022
12.8003
12.8002
12.8001
12.8001
12.8001
12.8001
12.8001
12.8002
12.8002
23.9020
13.2822
12.8555
12.8023
12.8004
12.8002
12.8002
12.8002
12.8002
12.8002
12.8002
12.8002
12.8002
23.8107
13.2806
12.8561
12.8024
12.8004
12.8003
12.8003
12.8003
12.8003
12.8003
12.8003
12.8003
12.8003
23.6803
13.2802
12.8562
12.8025
12.8005
12.8004
12.8003
12.8003
12.8003
12.8003
12.8003
12.8003
12.8004
23.5567
13.2809
12.8560
12.8026
12.8005
12.8004
12.8004
12.8004
12.8004
12.8004
12.8004
12.8004
12.8004
23.4237
13.2824
12.8555
12.8026
12.8006
12.8005
12.8005
12.8004
12.8004
12.8004
12.8005
12.8005
12.8005
23.2924
13.2848
12.8547
12.8026
12.8006
12.8005
12.8005
12.8005
12.8005
12.8005
12.8005
12.8005
12.8005
23.1645
13.2877
12.8538
12.8026
12.8007
12.8006
12.8005
12.8005
12.8005
12.8005
12.8005
12.8005
12.8005
23.4883
13.2906
12.8487
12.8020
12.8002
12.8000
12.8000
12.8000
12.8000
12.8000
12.8000
12.8000
12.8001
24.1695
13.2802
12.8552
12.8023
12.8002
12.8001
12.8000
12.8000
12.8000
12.8000
12.8000
12.8000
12.8000
24.5569
13.2732
12.8583
12.8023
12.8001
12.8000
12.7999
12.7999
12.7999
12.7999
12.7999
12.7999
12.7999
25.0127
13.2561
12.8692
12.8023
12.7994
12.7993
12.7992
12.7992
12.7992
12.7992
12.7992
12.7992
12.7993
25.4564
13.2622
12.8455
12.8046
12.7998
12.7996
12.7999
12.7997
12.7996
12.8001
12.7982
12.7998
12.8001
25.9962
13.2704
12.8310
12.8044
12.8003
12.8002
12.7997
12.7999
12.8000
12.8000
12.8000
12.7992
12.7995
26.2896
13.2679
12.8293
12.8044
12.8004
12.8002
12.8002
12.8002
12.7980
12.8004
12.8004
12.8005
12.8005
26.2078
13.2696
12.8271
12.8037
12.8000
12.7999
12.8000
12.8024
12.8000
12.8000
12.8000
12.8000
12.8000
26.1349
13.2696
12.8273
12.8037
12.8002
12.8000
12.8015
12.8000
12.8000
12.7999
12.8000
12.8000
12.8001
26.3346
13.2689
12.8277
12.8037
12.8001
12.7999
12.7999
12.7999
12.8000
12.8000
12.8000
12.8000
12.8001
25.8860
13.2679
12.8268
12.8034
12.8003
12.8002
12.8002
12.8002
12.8002
12.8002
12.8002
12.8002
12.8003
25.2435
13.2679
12.8271
12.8068
12.8005
12.8004
12.8004
12.8004
12.8004
12.8004
12.8004
12.8004
12.8004
24.5876
13.2639
12.8367
12.8038
12.8006
12.8005
12.8004
12.8004
12.8004
12.8004
12.8004
12.8005
12.8005
24.0680
13.2618
12.8418
12.8039
12.8006
12.8005
12.8005
12.8005
12.8005
12.8005
12.8005
12.8005
12.8005
23.7894
13.2589
12.8478
12.8039
12.8007
12.8005
12.8005
12.8005
12.8005
12.8005
12.8005
12.8005
12.8005
23.5733
13.2559
12.8544
12.8039
12.8007
12.8006
12.8006
12.8005
12.8006
12.8006
12.8005
12.8006
12.8006
23.4028
13.2527
12.8614
12.8039
12.8007
12.8006
12.8006
12.8006
12.8006
12.8006
12.8006
12.8006
12.8006
23.1899
13.2492
12.8690
12.8039
12.8008
12.8007
12.8006
12.8005
12.8005
12.8005
12.8005
12.8005
12.8005
22.9634
13.2488
12.8736
12.8033
12.8007
12.8006
12.8006
12.8006
12.8006
12.8006
12.8006
12.8006
12.8006
22.7447
13.2578
12.8681
12.8032
12.8007
12.8006
12.8006
12.8006
12.8006
12.8006
12.8006
12.8006
12.8006
22.5206
13.2679
12.8616
12.8032
12.8008
12.8007
12.8007
12.8007
12.8007
12.8007
12.8007
12.8007
12.8007
22.3034
13.2757
12.8586
12.8031
12.7968
12.7253
12.7911
12.7981
12.7987
12.8023
12.8020
12.8019
12.8017
22.2774
13.2917
12.7609
12.8800
12.7558
12.7951
12.7980
12.8049
12.8042
12.8024
12.8031
12.8024
12.8022
12.8022
12.8022
13.0397
12.7273
12.7942
12.7999
12.8872
12.9014
12.8299
12.8117
12.8127
12.8120
12.8060
12.8050
12.8079
12.8054
12.8019
12.8021
12.8017
12.8018
12.8021
12.8021
12.8016
12.7991
12.8000
12.7989
12.5917
12.7507
12.8095
12.8036
12.7992
12.7986
12.7992
12.8002
12.8001
12.8001
12.7988
12.7950
12.7858
12.8069
12.8036
12.8055
12.8044
12.7924
12.8215
12.7398
12.7959
12.7980
12.7986
12.7990
12.7991
12.7998
12.7995
12.8261
12.8101
12.8400
12.8011
12.7941
12.7883
12.7997
12.7897
12.7918
12.7828
12.7946
12.7952
12.7917
12.7796
12.7988
12.7992
12.7989
12.8188
12.8092
12.8116
12.8077
12.8009
12.8193
12.8008
12.8041
12.8017
12.7996
12.8007
12.8008
12.8008
12.8009
12.8009
12.8009
12.8228
12.7341
12.7949
12.7978
12.7986
12.7990
12.7987
12.7987
12.7987
12.7988
12.7988
12.8687
12.8144
12.7920
12.7827
12.7987
12.7987
12.8002
12.7845
12.7990
12.7919
12.8126
12.8066
12.7928
12.7989
12.7929
12.8178
12.8009
12.8130
12.7999
12.7996
12.8063
12.7997
12.7995
12.7994
12.7929
12.7992
12.7924
12.7887
12.7878
12.7648
12.8304
12.7801
12.7978
12.8204
12.7969
12.7647
12.7901
12.7977
12.8042
12.7953
12.7988
12.8010
12.7979
12.8116
12.7728
12.7933
12.7980
12.7985
12.7987
12.7987
12.7987
12.7988
12.8167
12.8252
12.7996
12.7998
12.7987
12.7817
12.7989
12.8309
12.7875
12.7945
12.7988
12.8007
12.7750
12.7987
12.7992
12.7994
12.7995
12.8380
12.8001
12.7990
12.7999
13.0975
12.6268
12.8143
12.7624
12.7940
12.7949
12.8025
12.7963
12.7967
12.7974
12.7977
12.7968
23.7925
24.3770
24.6870
13.2941
12.8295
12.7967
12.7968
12.7974
12.7978
12.7982
12.7978
12.7955
12.8038
12.8110
12.8045
23.6090
13.2751
12.8066
12.7981
12.7963
12.7982
12.7999
12.8179
12.8088
13.4618
12.8005
12.7999
12.7999
20.4936
13.9620
12.8005
12.7998
12.7998
12.7998
12.7997
12.7997
12.7997
12.7997
12.7997
12.7997
12.7997
19.8118
13.9629
12.8002
12.7997
12.7997
12.7997
12.7997
12.7997
12.7997
12.7997
12.7997
12.7997
12.7997
19.4374
13.9631
12.8002
12.7997
12.7997
12.7998
12.7998
12.7998
12.7998
12.7998
12.7998
12.7998
12.7998
19.1636
13.9632
12.8003
12.7998
12.7998
12.7998
12.7998
12.7998
12.7998
12.7998
12.7998
12.7998
12.7998
18.9275
13.9632
12.8003
12.7998
12.7998
12.7998
12.7998
12.7998
12.7998
12.7998
12.7998
12.7998
12.7998
18.8380
13.9632
12.8003
12.8002
12.7999
12.7999
12.7998
12.7996
12.7993
12.7999
12.7999
12.7998
12.7997
12.7997
12.7996
12.7667
12.6001
12.5609
12.6731
12.7069
12.7838
12.8027
12.8225
12.8161
12.8166
12.8067
12.8060
12.8058
12.8056
12.8054
12.8053
12.8051
12.7972
12.7996
12.8013
12.8016
12.8011
12.8034
12.8007
12.8018
12.8002
12.8002
12.8002
12.8002
12.8002
12.8002
12.8002
12.8002
12.8002
12.8002
12.8002
12.8002
12.8002
12.8002
12.8002
12.8002
12.8002
12.8002
12.8002
12.8002
12.8002
12.8002
12.8002
12.8001
12.8001
12.7971
12.7983
12.8050
12.8002
12.8002
12.8002
12.8002
12.8002
12.8002
12.8002
12.8002
12.8002
12.8002
12.8002
12.8002
12.8002
12.8002
12.8002
12.8002
12.8002
12.8002
12.8002
12.8002
12.8002
12.8002
12.8002
12.8002
12.8002
12.8002
12.7978
12.7991
12.7996
12.7997
12.7998
12.8028
12.8024
12.8002
12.7928
12.7940
12.7978
12.7985
12.7977
12.7980
12.7987
12.8057
12.8082
12.8017
12.8070
12.7989
12.7924
12.7986
12.7996
12.7997
12.8018
12.8040
12.7969
12.7998
12.7901
12.7952
12.7995
12.7987
12.7998
12.8002
12.8013
12.7988
12.7977
12.7986
12.8008
12.8035
12.8039
12.8046
12.8084
12.8049
12.8010
12.8019
12.7999
12.8020
12.8021
12.7989
12.7978
12.7998
12.8010
12.8010
12.7989
12.8010
12.7980
12.7979
12.7983
12.8078
12.8025
12.8002
12.8002
12.8002
12.8002
12.8002
12.8002
12.8003
12.8003
12.8003
12.8003
12.8003
12.8003
12.8003
12.7957
12.7999
12.8007
12.8020
12.8010
12.8000
12.8000
12.8028
12.8003
12.8003
12.7967
12.7981
12.7992
12.8004
12.7995
12.8006
12.7990
12.7981
12.8044
12.7943
12.7980
12.7993
12.7995
12.7996
12.7997
12.7997
12.8018
15.0029
13.7777
12.8653
12.8000
12.7995
12.8001
12.8000
12.7999
12.7998
12.7998
12.7997
12.7997
20.9717
13.9617
12.8003
12.7996
12.7995
12.7995
12.7995
12.7995
12.7995
12.7995
12.7995
12.7995
12.7995
20.4158
13.9621
12.8001
12.7995
12.7996
12.7996
12.7996
12.7996
12.7996
12.7996
12.7996
12.7996
12.7996
20.0393
13.9626
12.8001
12.7996
12.7996
12.7996
12.7996
12.7996
12.7996
12.7997
12.7997
12.7997
12.7997
19.6959
13.9628
12.8002
12.7997
12.7997
12.7997
12.7997
12.7997
12.7997
12.7997
12.7997
12.7997
12.7997
19.3871
13.9629
12.8002
12.7997
12.7997
12.7997
12.7998
12.7998
12.7998
12.7998
12.7998
12.7998
12.7998
19.1097
13.9630
12.8003
12.7998
12.7998
12.7998
12.7998
12.7998
12.7998
12.7998
12.7998
12.7998
12.7998
18.9612
13.9631
12.8003
12.7998
12.7998
12.7998
12.8002
12.7998
12.7997
12.7993
12.7999
12.7998
12.7997
12.7996
12.7995
12.7994
12.7993
12.7992
12.7570
12.5002
12.5021
12.7322
12.8510
12.8209
12.8071
12.8095
12.8079
12.8026
12.8043
12.8002
12.8002
12.8002
12.8002
12.8002
12.8002
12.8002
12.8002
12.8002
12.8002
12.8002
12.8002
12.8002
12.7985
12.7966
12.7968
12.7948
12.7962
12.7972
12.7989
12.7998
12.8001
12.8003
12.8005
12.8050
12.8017
12.8009
12.8040
12.7995
12.7961
12.7997
12.8059
12.8101
12.8002
12.8001
12.8001
12.7958
12.7969
12.7982
12.7985
12.8008
12.8052
12.8054
12.7986
12.7962
12.7990
12.7993
12.8004
12.8006
12.8719
12.8062
12.8003
12.8003
12.8003
12.8003
12.8003
12.8004
12.8004
12.8004
12.8004
12.7964
12.7946
12.7903
12.7981
12.7982
12.7995
12.7996
12.7996
12.7997
12.7997
12.7997
12.7995
12.8021
12.8050
12.7999
12.7965
12.7803
12.7961
12.7966
12.7980
12.7962
12.7986
12.7989
12.8044
12.8124
12.8112
12.8065
12.8001
12.7915
12.7997
12.8010
12.7983
12.7891
12.7990
12.8038
12.7985
12.7863
12.8003
12.7943
12.7954
12.7978
12.8006
12.7962
12.7994
12.7980
12.7990
12.8002
12.7994
12.8024
12.8076
12.8192
12.8110
12.8031
12.7986
12.8030
12.7951
12.8026
12.7925
12.8018
12.8126
12.8005
12.7377
12.8061
12.8055
12.7944
12.8008
12.7999
12.8018
12.8101
12.8003
12.8003
12.8000
12.7999
12.8002
12.8046
12.8004
12.8004
12.8004
12.8004
12.8004
12.8004
12.7941
12.7965
12.7981
12.7956
12.8076
12.7997
12.8021
12.8001
12.8068
12.7893
12.7987
12.7991
12.7991
12.8004
12.8017
12.7999
12.8019
12.8070
12.7947
12.7957
12.7984
12.8104
12.7936
12.7990
12.7994
12.7995
12.7996
12.8005
15.2474
14.0177
13.1158
12.8004
12.7998
12.7994
12.8000
12.8000
12.7999
12.7999
12.7998
12.7998
20.8653
13.9616
12.8004
12.7996
12.7996
12.7996
12.7996
12.7996
12.7996
12.7996
12.7996
12.7996
12.1876
21.8431
13.3026
12.7567
12.7971
12.7992
12.7994
12.7994
12.7995
12.7995
12.7996
12.7996
12.7996
12.7997
23.4721
13.3053
12.7485
12.7972
12.7994
12.7996
12.7997
12.7997
12.7997
12.7997
12.7997
12.7997
12.7997
23.5913
13.2973
12.7524
12.7974
12.8000
12.8009
12.8008
12.8008
12.8008
12.8008
12.8008
12.8008
12.8008
23.3794
13.2913
12.7578
12.8046
12.8013
12.8010
12.8009
12.8009
12.8009
12.8009
12.8009
12.8009
12.8009
23.0922
13.2850
12.7735
12.8047
12.8013
12.8011
12.8010
12.9184
12.7700
12.7726
12.7940
12.7962
12.7967
22.9144
13.3820
12.7418
12.7834
12.7965
12.7976
12.9109
12.7701
12.7941
12.7973
12.7982
12.7999
12.8007
12.8022
12.8019
12.8005
12.8006
12.8006
13.0765
12.6904
12.7873
12.7975
12.9264
12.8641
12.8235
12.8141
12.8177
12.8106
12.8093
12.8052
12.8027
12.8024
12.8022
12.8012
12.8016
12.8018
12.8013
12.8021
12.8010
12.8009
12.7948
12.7837
12.8032
12.8002
12.8163
12.8054
12.8006
12.8006
12.8002
12.8000
12.7997
12.7994
12.7973
12.7872
12.8019
12.8016
12.7896
12.8034
12.8059
12.8056
12.8151
12.7378
12.7858
12.7960
12.7974
12.7980
12.7974
12.7977
12.7979
12.8445
12.8314
12.8070
12.8085
12.8029
12.7806
12.7986
12.7989
12.7980
12.7929
12.7814
12.7861
12.7130
12.7911
12.7936
12.7975
12.8035
12.8173
12.8299
12.8479
12.8061
12.8016
12.8047
12.8072
12.8095
12.8066
12.8013
12.8016
12.8002
12.8000
12.7999
12.7997
12.7921
12.8185
12.7128
12.7841
12.7945
12.7960
12.7965
12.7978
12.7984
12.8211
12.8000
12.8500
12.8547
12.8035
12.7975
12.7830
12.8006
12.8007
12.7893
12.7931
12.7970
12.8145
12.8075
12.8011
12.7841
12.7931
12.8153
12.8244
12.8063
12.8012
12.8041
12.8004
12.7989
12.7987
12.7944
12.7865
12.7957
12.7889
12.7919
12.7948
12.7841
12.7154
12.8232
12.7688
12.7775
12.8161
12.7944
12.7629
12.7918
12.7844
12.7522
12.8300
12.7932
12.8002
12.7923
12.8263
12.7314
12.7928
12.7936
12.7943
12.7947
12.7951
12.7943
12.7954
12.8007
12.8327
12.8585
12.7999
12.7346
12.7966
12.7963
12.8272
12.7515
12.7910
12.7962
12.7474
12.7910
12.7959
12.7967
12.7970
12.8166
12.7982
12.8454
12.8181
12.8051
12.8018
12.8395
12.7687
12.7991
12.7991
12.7991
12.7991
12.7991
12.7991
12.7991
12.7990
12.7990
23.8695
24.4685
13.3391
12.8048
12.7920
12.7910
12.7898
12.7969
12.7980
12.7982
12.8013
12.7943
12.8035
12.7952
23.6885
13.2811
12.7959
12.8028
12.7991
12.7990
12.7992
12.7964
12.7987
12.8211
12.8275
12.8042
12.7999
23.5322
13.2480
12.8717
12.8029
12.8003
12.8002
12.8002
12.8002
12.8003
12.8003
12.8003
12.8003
12.8003
23.3720
13.2483
12.8717
12.8032
12.8005
12.8004
12.8004
12.8004
12.8004
12.8004
12.8004
12.8004
12.8004
23.2035
13.2474
12.8744
12.8032
12.8005
12.8004
12.8004
12.8004
12.8004
12.8004
12.8004
12.8004
12.8004
23.0624
13.2535
12.8704
12.8031
12.8006
12.8005
12.8005
12.8004
12.8004
12.8004
12.8005
12.8005
12.8005
22.9294
13.2600
12.8663
12.8031
12.8006
12.8079
12.7302
12.7902
12.7979
12.7986
12.7988
12.7990
12.7991
22.9264
13.3013
12.7503
12.7970
12.8973
12.7545
12.7947
12.7978
12.7983
12.8033
12.8038
12.8020
12.8014
12.8013
12.8011
12.8011
13.0667
12.7079
12.7919
12.7987
12.9293
12.8733
12.8318
12.8138
12.8173
12.8120
12.8108
12.8089
12.8102
12.8035
12.8019
12.8018
12.8017
12.8016
12.8013
12.8011
12.8010
12.8008
12.7931
12.7889
12.8075
12.8035
12.8029
12.8097
12.7995
12.8015
12.8005
12.8002
12.7999
12.8010
12.8010
12.7901
12.7923
12.7945
12.8040
12.8073
12.8132
12.8046
12.8186
12.7266
12.7948
12.7955
12.7903
12.7973
12.7971
12.7749
12.7967
12.8176
12.8654
12.8145
12.8216
12.7791
12.8014
12.7986
12.7947
12.7965
12.7884
12.7542
12.7968
12.7138
12.7960
12.7964
12.7976
12.8033
12.7990
12.8697
12.8382
12.8061
12.8072
12.8191
12.8028
12.8047
12.8092
12.8016
12.8016
12.8014
12.8014
12.8015
12.8015
12.7996
12.8191
12.7141
12.7954
12.7976
12.7989
12.7995
12.7994
12.7994
12.7998
12.7997
12.8428
12.8551
12.8104
12.7996
12.7833
12.8000
12.7990
12.8000
12.7984
12.7787
12.7987
12.8121
12.8064
12.7909
12.7840
12.7994
12.8064
12.8095
12.8032
12.8204
12.8057
12.7977
12.7978
12.7918
12.7967
12.7911
12.7893
12.7908
12.7624
12.7668
12.7338
12.8244
12.7913
12.7695
12.7985
12.8158
12.7601
12.7935
13.1104
12.7994
12.7991
12.7998
12.7998
12.7997
12.7997
12.7997
12.7997
12.7997
12.7997
12.7997
12.7997
12.7997
12.7997
12.7997
12.7997
12.7997
12.7997
12.7997
12.7997
12.7997
12.7997
12.7997
12.7997
12.7997
12.7997
12.7997
12.7996
12.7996
12.7996
12.7996
12.7996
12.7996
12.7996
12.7997
12.7997
12.7997
12.7997
12.7997
12.7997
12.7997
12.7997
12.7997
12.7997
12.7997
12.7997
12.7997
12.7997
12.7997
12.7997
12.7998
12.7990
12.7991
12.7992
12.7992
12.7992
12.7993
12.7993
12.7993
24.0026
13.9627
12.8001
12.7995
12.7994
12.7994
12.7994
12.7994
12.7994
12.7993
12.7993
12.7993
12.7993
24.0027
13.9629
12.8000
12.7994
12.7993
12.7993
12.7992
12.7992
12.7992
12.7991
12.7991
12.7991
12.7991
24.0027
13.9630
12.7998
12.7992
12.7992
12.7991
12.7991
12.7990
12.7990
12.7998
12.7998
12.7998
12.7998
24.0026
13.9630
12.7997
12.7991
12.7991
12.7991
12.7990
12.7990
12.7990
12.7998
12.7998
12.7998
12.7998
24.0027
13.9630
12.7998
12.7992
12.7992
12.7991
12.7991
12.7991
12.7991
12.7991
12.7991
12.7991
12.7991
24.0028
13.9630
12.7999
12.7993
12.7993
12.7992
12.7992
12.7992
12.7991
12.7991
12.7991
12.7991
12.7991
24.0029
13.9630
12.7998
12.7992
12.7992
12.7991
12.7996
12.7992
12.7998
12.7997
12.7997
12.7996
12.7996
12.7995
12.7995
12.7995
12.7995
12.7994
12.7988
12.7992
12.7992
12.7993
12.7993
12.7993
12.7993
12.7993
12.7993
12.7994
12.7994
12.7994
12.7994
12.7994
12.7994
12.7994
12.7994
12.7994
12.7994
12.7994
12.7994
12.7994
12.7994
12.7994
12.7994
12.7994
12.7994
12.7994
12.7994
12.7994
12.7994
12.7994
12.7994
12.7994
12.7994
12.7994
12.7994
12.7994
12.7994
12.7994
12.7994
12.7994
12.7994
12.7994
12.7994
12.7994
12.7994
12.7994
12.7994
12.7994
12.7994
12.7994
12.7994
12.7994
12.7994
12.7994
12.7994
12.7994
12.7994
12.7994
12.7993
12.7993
12.7993
12.7993
12.7993
12.7993
12.7993
12.7993
12.7993
12.7993
12.7993
12.7993
12.7993
12.7992
12.7992
12.7992
12.7992
12.7992
12.7992
12.7992
12.7992
12.7992
12.7992
12.7992
12.7992
12.7992
12.7992
12.7992
12.7992
12.7992
12.7993
12.7993
12.7993
12.7993
12.7993
12.7993
12.7993
12.7993
12.7993
12.7993
12.7993
12.7994
12.7994
12.7994
12.7994
12.7994
12.7994
12.7994
12.7994
12.7994
12.7994
12.7994
12.7994
12.7994
12.7994
12.7994
12.7995
12.7995
12.7995
12.7995
12.8000
12.7997
12.7996
12.7996
12.7996
12.7995
12.7995
12.7995
12.7995
12.7995
12.7994
12.7994
24.0006
13.9631
12.7999
12.7995
12.7995
12.7996
12.7996
12.7996
12.7997
12.7997
12.7997
12.7997
12.7997
24.0022
13.9627
12.8004
12.7998
12.7998
12.7998
12.7998
12.7998
12.7998
12.7998
12.7998
12.7998
12.7998
24.0025
13.9628
12.7997
12.7991
12.7991
12.7991
12.7991
12.7990
12.7990
12.7998
12.7998
12.7998
12.7998
24.0026
13.9629
12.7998
12.7992
12.7991
12.7991
12.7991
12.7990
12.7990
12.7998
12.7998
12.7998
12.7998
24.0026
13.9629
12.7998
12.7992
12.7991
12.7991
12.7991
12.7991
12.7990
12.7990
12.7990
12.7990
12.7990
24.0027
13.9630
12.7999
12.7993
12.7993
12.7992
12.7992
12.7992
12.7992
12.7992
12.7992
12.7992
12.7992
24.0029
13.9630
12.8000
12.7995
12.7994
12.7994
12.7994
12.7994
12.7994
12.7994
12.7994
12.7994
12.7994
24.0032
13.9624
12.8002
12.7996
12.7995
12.7995
12.7995
12.7995
12.7995
12.7995
12.7994
12.7994
12.7994
24.0034
13.9624
12.8002
12.7996
12.7995
12.7995
12.7995
12.7994
12.7994
12.7994
12.7994
12.7994
12.7994
24.0033
13.9623
12.8001
12.7995
12.7995
12.7995
12.7994
12.7994
12.7994
12.7994
12.7994
12.7993
12.7993
24.0033
13.9623
12.8001
12.7995
12.7994
12.7994
12.7993
12.7993
12.7993
12.7993
12.7993
12.7992
12.7992
24.0030
13.9629
12.8000
12.7994
12.7993
12.7993
12.7993
12.7992
12.7992
12.7992
12.7992
12.7991
12.7991
24.0025
13.9628
12.7999
12.7993
12.7992
12.7992
12.7991
12.7991
12.7991
12.7991
12.7991
12.7990
12.7990
24.0023
13.9627
12.7998
12.7991
12.7991
12.7990
12.7998
12.7998
12.7998
12.7997
12.7997
12.7997
12.7997
24.0020
13.9624
12.8004
12.7998
12.7997
12.7997
12.7997
12.7997
12.7997
12.7996
12.7996
12.7996
12.7996
24.0017
13.9628
12.8003
12.7996
12.7996
12.7996
12.7996
12.7995
12.7995
12.7995
12.7995
12.7995
12.7995
24.0015
13.9628
12.8002
12.7996
12.7996
12.7996
12.7996
12.7996
12.7996
12.7995
12.7995
12.7995
12.7995
24.0015
13.9628
12.8003
12.7996
12.7996
12.7996
12.7996
12.7996
12.7996
12.7996
12.7996
12.7996
12.7996
24.0013
13.9627
12.8003
12.7997
12.7997
12.7996
12.7996
12.7996
12.7996
12.7997
12.7997
12.7997
12.7997
24.0012
13.9621
12.8004
12.7998
12.7998
12.7998
12.7998
12.7997
12.7997
12.7997
12.7997
12.7997
12.7997
24.0011
13.9623
12.7997
12.7991
12.7991
12.7991
12.7990
12.7990
12.7990
12.7990
12.7990
12.7990
12.7990
24.0018
13.9626
12.7999
12.7993
12.7993
12.7992
12.7992
12.7992
12.7992
12.7992
12.7992
12.7992
12.7992
24.0022
13.9627
12.8000
12.7994
12.7994
12.7993
12.7993
12.7993
12.7993
12.7993
12.7993
12.7993
12.7993
24.0026
13.9628
12.8001
12.7995
12.7995
12.7994
12.7994
12.7994
12.7994
12.7994
12.7994
12.7994
12.7994
24.0029
13.9629
12.8001
12.7995
12.7995
12.7994
12.7994
12.7994
12.7993
12.7993
12.7993
12.7993
12.7993
24.0029
13.9630
12.8000
12.7994
12.7994
12.7993
12.7993
12.7993
12.7992
12.7992
12.7992
12.7992
12.7992
24.0029
13.9630
12.7999
12.7993
12.7993
12.7992
12.7992
12.7991
12.7991
12.7991
12.7991
12.7990
12.7990
24.0028
13.9630
12.7998
12.7993
12.7992
12.7992
12.7992
12.7992
12.7992
12.7991
12.7991
12.7991
12.7991
24.0029
13.9630
12.7999
12.7993
12.7993
12.7993
12.7992
12.7992
12.7992
12.7992
12.7992
12.7992
12.7992
24.0030
13.9630
12.8000
12.7994
12.7994
12.7994
12.7993
12.7993
12.7993
12.7993
12.7993
12.7993
12.7993
24.0032
13.9623
12.8001
12.7995
12.7995
12.7995
12.7994
12.7994
12.7994
12.7994
12.7994
12.7994
12.7994
24.0034
13.9624
12.8002
12.7996
12.7995
12.7995
12.7995
12.7995
12.7995
12.7995
12.7995
12.7995
12.7995
24.0035
13.9625
12.8003
12.7996
12.1954
12.8000
12.8002
12.8002
12.8002
12.7875
12.7927
12.7921
12.7987
22.8208
13.2622
12.8609
12.7868
12.7450
12.7997
12.7988
12.7981
12.7988
12.7989
12.7994
12.8005
12.8000
12.7998
12.8006
12.9963
12.7557
12.7814
12.7920
12.9159
12.8528
12.8286
12.8371
12.8204
12.8055
12.8083
12.8059
12.8107
12.8133
12.8040
12.8043
12.8031
12.8035
12.8051
12.8053
12.8050
12.8043
12.7932
12.7982
12.8113
12.8057
12.8202
12.8006
12.8035
12.8035
12.8032
12.7964
12.8058
12.8021
12.8011
12.7843
12.7917
12.7966
12.7981
12.8136
12.8105
12.8061
12.7914
12.7346
12.7953
12.7998
12.8007
12.8010
12.8005
12.7995
12.8006
12.8780
12.8075
12.8059
12.8138
12.7999
12.7811
12.8012
12.7927
12.7960
12.7822
12.7823
12.7688
12.7145
12.7982
12.7983
12.7986
12.7995
12.8256
12.7992
12.8684
12.8125
12.8211
12.8239
12.8070
12.8109
12.8052
12.8034
12.8028
12.8026
12.8025
12.8024
12.8023
12.8011
12.8080
12.7172
12.7972
12.7971
12.7984
12.7987
12.7994
12.7997
12.7998
12.8010
12.8356
12.8609
12.8103
12.8031
12.7823
12.8011
12.8021
12.7954
12.7844
12.8106
12.8097
12.8034
12.7989
12.7851
12.7989
12.8029
12.8209
12.8008
12.8096
12.8009
12.8057
12.7982
12.7974
12.7941
12.7929
12.7852
12.7934
12.7932
12.7914
12.7466
12.7123
12.8103
12.7699
12.8062
12.7542
12.8435
12.7602
12.7690
12.7892
12.7708
12.8168
12.8248
12.7942
12.7950
12.7973
12.7519
12.7968
12.7958
12.7962
12.7962
12.7966
12.7960
12.7956
12.8328
12.8435
12.8205
12.8043
12.7343
12.7979
12.7975
12.8267
12.7821
12.7513
12.7897
12.7966
12.7556
12.7987
12.7979
12.7984
12.8177
12.7997
12.8645
12.8016
12.8228
12.8018
12.8092
12.8002
12.8002
12.7689
12.7993
12.7989
12.7990
12.7992
12.7992
12.7992
12.8003
23.9453
24.5766
24.9381
13.3102
12.8275
12.7981
12.7973
12.7977
12.7949
12.7955
12.7974
12.8030
12.7981
12.8119
12.7842
23.9411
13.2854
12.7955
12.8036
12.7988
12.7975
12.8037
12.8152
