0.2000
0.2000
0.2000
0.2000
0.2000
0.0000
0.2000
0.2000
0.2000
0.2000
0.2000
0.2000
0.2000
0.2000
0.2000
0.2000
0.2000
0.2000
0.0000
0.2000
0.2000
0.2000
0.2000
0.2000
0.2000
0.2000
0.2000
0.2000
0.2000
0.2000
0.2000
0.0000
0.2000
0.2000
0.2000
0.2000
0.2000
0.2000
0.2000
0.2000
0.2000
0.2000
0.2000
0.2000
0.0000
0.2000
0.2000
0.2000
0.2000
0.2000
0.2000
0.2000
0.2000
0.2000
0.2000
0.2000
0.2000
0.0000
0.2000
0.2000
0.2000
0.2000
0.2000
0.2000
0.2000
0.2000
0.2000
0.2000
0.2000
0.2000
0.0000
0.2000
0.2000
0.2000
0.2000
0.2000
0.2000
0.2000
0.2000
0.2000
0.2000
0.2000
0.2000
0.2000
0.2000
0.3565
0.2591
0.2522
0.2490
0.7048
0.7410
0.7662
0.7704
0.8208
0.8409
0.8457
0.8482
0.8516
0.8538
0.8559
0.8578
0.8595
0.8612
0.8627
0.8641
0.8654
0.8518
0.9709
1.0000
1.0000
1.0000
1.0000
0.9383
0.8944
0.8868
0.8858
0.8852
0.8861
0.8859
0.8863
0.8557
0.8558
0.7971
0.7963
0.8420
0.8871
0.8590
0.8142
0.3373
0.3149
0.3033
0.2948
0.2881
0.2826
0.2779
0.2739
0.2712
0.7387
0.7766
0.7878
0.8086
0.8575
0.8647
0.8536
0.8268
0.8442
0.8471
0.8197
0.7835
0.8082
0.8097
0.8112
0.8144
0.8304
0.8360
0.8325
0.8346
0.8660
0.8541
0.8687
0.9006
0.8874
0.9036
0.9054
0.9068
0.9082
0.9096
0.9109
0.8971
0.8388
0.3603
0.3377
0.3261
0.3176
0.3109
0.3054
0.3007
0.2967
0.2932
0.7490
0.7890
0.8251
0.8771
0.8824
0.8896
0.8934
0.9412
1.0000
1.0000
0.9756
0.8984
0.9876
1.0000
1.0000
1.0000
1.0000
1.0000
1.0000
1.0000
0.9935
0.9501
0.9433
0.9112
0.8950
0.8787
0.8768
0.8604
0.8442
0.8420
0.3838
0.8626
0.9193
0.9025
0.8391
0.3778
0.3540
0.3415
0.3333
0.3259
0.3190
0.3161
0.3119
0.3065
0.3045
0.2967
0.2965
0.2936
0.2909
0.2884
0.2860
0.2837
0.2815
0.2800
0.2777
0.2776
0.2734
0.2711
0.2705
0.2689
0.7062
0.7619
0.7723
0.8233
0.8319
0.8372
0.8548
0.8603
0.8635
0.8662
0.8587
0.8413
0.8276
0.8282
0.7853
0.7834
0.7840
0.7844
0.7845
0.3391
0.3164
0.3050
0.2966
0.2898
0.2841
0.2791
0.0000
0.0000
0.0000
0.2000
0.2000
0.2000
0.2000
0.2000
0.2000
0.2000
0.2000
0.2000
0.2000
0.2000
0.2000
0.0000
0.2000
0.2000
0.2000
0.2000
0.2000
0.2000
0.2000
0.2000
0.2000
0.2000
0.2000
0.2000
0.0000
0.2000
0.2000
0.2000
0.2000
0.2000
0.2000
0.2000
0.2000
0.2000
0.2000
0.2000
0.2000
0.0000
0.2000
0.2000
0.2000
0.2000
0.2000
0.2000
0.2000
0.2000
0.2000
0.2000
0.2000
0.2000
0.0000
0.2000
0.2000
0.2000
0.2000
0.2000
0.2000
0.2000
0.2000
0.2000
0.2000
0.2000
0.2000
0.0000
0.2000
0.2000
0.2000
0.2000
0.2000
0.2000
0.2000
0.2000
0.2000
0.2000
0.2000
0.2000
0.0000
0.2000
0.2000
0.2000
0.2000
0.2000
0.2000
0.2000
0.2000
0.2000
0.2000
0.2000
0.2000
0.0000
0.2000
0.2000
0.2000
0.2000
0.2000
0.2000
0.2000
0.2000
0.2000
0.2000
0.2000
0.2000
0.2000
0.2000
0.3516
0.2594
0.2528
0.2500
0.2487
0.6892
0.7541
0.7782
0.7708
0.8062
0.8409
0.8455
0.8498
0.8528
0.8555
0.8579
0.8602
0.8623
0.8641
0.8658
0.8675
0.8687
1.0000
1.0000
1.0000
1.0000
1.0000
0.9234
0.8938
0.8903
0.8897
0.8893
0.8905
0.8907
0.8913
0.8754
0.8601
0.8341
0.8331
0.8492
0.8643
0.8806
0.8513
0.3447
0.3226
0.3111
0.3027
0.2961
0.2907
0.2861
0.2822
0.7249
0.7589
0.7840
0.8336
0.8557
0.8743
0.8805
0.8989
0.8580
0.8447
0.8016
0.8170
0.8159
0.8209
0.8239
0.8254
0.8269
0.8155
0.8158
0.8504
0.8626
0.8475
0.8629
0.8680
0.8993
0.9174
0.9189
0.9206
0.9224
0.9241
0.9258
0.9273
0.9130
0.8392
0.3762
0.3546
0.3432
0.3350
0.3286
0.3233
0.3191
0.3153
0.3121
0.7703
0.8076
0.8480
0.8843
0.9058
0.9117
0.9163
0.9956
1.0000
0.9794
0.9799
0.9378
0.9844
1.0000
1.0000
1.0000
1.0000
1.0000
1.0000
1.0000
1.0000
0.9971
0.9786
0.9756
0.9748
0.9746
0.9555
0.9409
0.9133
0.8835
0.4182
0.8568
0.9252
0.9499
0.9537
0.8642
0.4160
0.3917
0.3799
0.3708
0.3619
0.3589
0.3546
0.3486
0.3457
0.3387
0.3376
0.3346
0.3318
0.3291
0.3266
0.3243
0.3220
0.3204
0.3203
0.3161
0.3142
0.3106
0.3107
0.3091
0.7508
0.8040
0.8146
0.8343
0.8739
0.8912
0.8991
0.9030
0.9061
0.8939
0.8975
0.9031
0.8861
0.8559
0.3800
0.3564
0.3447
0.3363
0.3296
0.3239
0.3191
0.3149
0.3111
0.3076
0.3045
0.3016
0.0000
0.0000
0.0000
0.2000
0.2000
0.2000
0.2000
0.2000
0.2000
0.2000
0.2000
0.2000
0.2000
0.2000
0.2000
0.0000
0.2000
0.2000
0.2000
0.2000
0.2000
0.2000
0.2000
0.2000
0.2000
0.2000
0.2000
0.2000
0.0000
0.2000
0.2000
0.2000
0.2000
0.2000
0.2000
0.2000
0.2000
0.2000
0.2000
0.2000
0.2000
0.0000
0.2000
0.2000
0.2000
0.2000
0.2000
0.2000
0.2000
0.2000
0.2000
0.2000
0.2000
0.2000
0.0000
0.2000
0.2000
0.2000
0.2000
0.2000
0.2000
0.2000
0.2000
0.2000
0.2000
0.2000
0.2000
0.0000
0.2000
0.2000
0.2000
0.2000
0.2000
0.2000
0.2000
0.2000
0.2000
0.2000
0.2000
0.2000
0.0000
0.2000
0.2000
0.2000
0.2000
0.2000
0.2000
0.2000
0.2000
0.2000
0.2000
0.2000
0.2000
0.0000
0.2000
0.2000
0.2000
0.2000
0.2000
0.2000
0.2000
0.2000
0.2000
0.2000
0.2000
0.2000
0.2000
0.2000
0.5132
0.3347
0.3189
0.3131
0.7580
0.7897
0.8106
0.8174
0.8373
0.8704
0.9033
0.9066
0.9094
0.9110
0.9127
0.9142
0.9153
0.9164
0.9174
0.9183
0.9191
0.9198
1.0000
1.0000
1.0000
1.0000
1.0000
0.9818
0.9443
0.9388
0.9370
0.9356
0.9362
0.9354
0.9354
0.8598
0.8428
0.8431
0.9022
0.9043
0.9344
0.9206
0.8764
0.3822
0.3590
0.3468
0.3378
0.3306
0.3247
0.3196
0.3152
0.7566
0.7955
0.8011
0.8371
0.8873
0.8915
0.9122
0.9009
0.8586
0.8296
0.8308
0.8473
0.8425
0.8514
0.8528
0.8541
0.8558
0.8565
0.8613
0.8756
0.8904
0.9099
0.9694
0.9566
0.9594
0.9451
0.9463
0.9474
0.9487
0.9500
0.9512
0.9523
0.9534
0.8658
0.4001
0.3773
0.3655
0.3568
0.3501
0.3445
0.3399
0.3359
0.3324
0.3296
0.8497
0.8805
0.9092
0.9194
0.9258
0.9161
0.9200
0.9539
1.0000
1.0000
1.0000
1.0000
1.0000
1.0000
1.0000
1.0000
1.0000
1.0000
1.0000
1.0000
1.0000
1.0000
0.9827
0.9468
0.9149
0.9126
0.8821
0.8809
0.8767
0.4318
0.9268
0.9435
0.9331
0.9196
0.8908
0.4283
0.4039
0.3921
0.3809
0.3759
0.3721
0.3659
0.3606
0.3586
0.3502
0.3499
0.3470
0.3442
0.3416
0.3391
0.3368
0.3346
0.3330
0.3319
0.3291
0.3268
0.3238
0.3234
0.3217
0.3201
0.7936
0.8145
0.8573
0.8770
0.8994
0.9077
0.9122
0.9159
0.9190
0.9066
0.8705
0.8664
0.8660
0.8522
0.3910
0.3673
0.3559
0.3476
0.3409
0.3353
0.3305
0.3263
0.3225
0.3191
0.3159
0.0000
0.0000
0.0000
0.2000
0.2000
0.2000
0.2000
0.2000
0.2000
0.2000
0.2000
0.2000
0.2000
0.2000
0.2000
0.0000
0.2000
0.2000
0.2000
0.2000
0.2000
0.2000
0.2000
0.2000
0.2000
0.2000
0.2000
0.2000
0.0000
0.2000
0.2000
0.2000
0.2000
0.2000
0.2000
0.2000
0.2000
0.2000
0.2000
0.2000
0.2000
0.0000
0.2000
0.2000
0.2000
0.2000
0.2000
0.2000
0.2000
0.2000
0.2000
0.2000
0.2000
0.2000
0.0000
0.2000
0.2000
0.2000
0.2000
0.2000
0.2000
0.2000
0.2000
0.2000
0.2000
0.2000
0.2000
0.0000
0.2000
0.2000
0.2000
0.2000
0.2000
0.2000
0.2000
0.2000
0.2000
0.2000
0.2000
0.2000
0.0000
0.2000
0.2000
0.2000
0.2000
0.2000
0.2000
0.2000
0.2000
0.2000
0.2000
0.2000
0.2000
0.0000
0.2000
0.2000
0.2000
0.2000
0.2000
0.2000
0.2000
0.2000
0.2000
0.2000
0.2000
0.2000
0.2000
0.2000
0.5637
0.3589
0.3402
0.3334
0.7793
0.8233
0.8493
0.8669
0.8870
0.9053
0.9241
0.9267
0.9290
0.9305
0.9320
0.9334
0.9346
0.9356
0.9366
0.9375
0.9383
0.9391
1.0000
1.0000
1.0000
1.0000
1.0000
1.0000
1.0000
0.9711
0.9623
0.9597
0.9596
0.9585
0.9430
0.9123
0.9101
0.9097
0.8821
0.8970
0.9265
0.9567
0.8833
0.4023
0.3797
0.3674
0.3583
0.3512
0.3452
0.3402
0.3359
0.3322
0.3301
0.7727
0.8229
0.8924
0.9146
0.9228
0.9272
0.9024
0.8748
0.8922
0.8947
0.8772
0.8645
0.8711
0.8725
0.8776
0.8823
0.8926
0.8940
0.8964
0.9122
0.8987
0.9299
0.9462
0.9635
0.9650
0.9667
0.9682
0.9696
0.9709
0.9722
0.9729
0.9295
0.4208
0.3968
0.3847
0.3758
0.3689
0.3632
0.3584
0.3543
0.3508
0.3483
0.7937
0.9169
0.9307
0.9366
0.9446
0.9349
0.9536
0.9872
1.0000
1.0000
1.0000
1.0000
1.0000
1.0000
1.0000
1.0000
1.0000
1.0000
1.0000
1.0000
1.0000
1.0000
1.0000
0.9782
0.9503
0.9470
0.9300
0.9299
0.9137
0.4474
0.9017
0.9452
0.9780
0.9937
0.9123
0.4450
0.4196
0.4067
0.3986
0.3923
0.3852
0.3799
0.3745
0.3732
0.3648
0.3638
0.3607
0.3578
0.3550
0.3524
0.3499
0.3476
0.3453
0.3437
0.3423
0.3405
0.3368
0.3343
0.3337
0.3319
0.7722
0.8130
0.8220
0.8613
0.8947
0.9179
0.9229
0.9266
0.9357
0.9327
0.9350
0.9386
0.9237
0.9257
0.8960
0.8979
0.8674
0.8669
0.4046
0.3804
0.3684
0.3595
0.3523
0.3462
0.3409
0.0000
0.0000
0.0000
0.2000
0.2000
0.2000
0.2000
0.2000
0.2000
0.2000
0.2000
0.2000
0.2000
0.2000
0.2000
0.0000
0.2000
0.2000
0.2000
0.2000
0.2000
0.2000
0.2000
0.2000
0.2000
0.2000
0.2000
0.2000
0.0000
0.2000
0.2000
0.2000
0.2000
0.2000
0.2000
0.2000
0.2000
0.2000
0.2000
0.2000
0.2000
0.0000
0.2000
0.2000
0.2000
0.2000
0.2000
0.2000
0.2000
0.2000
0.2000
0.2000
0.2000
0.2000
0.0000
0.2000
0.2000
0.2000
0.2000
0.2000
0.2000
0.2000
0.2000
0.2000
0.2000
0.2000
0.2000
0.0000
0.2000
0.2000
0.2000
0.2000
0.2000
0.2000
0.2000
0.2000
0.2000
0.2000
0.2000
0.2000
0.0000
0.2000
0.2000
0.2000
0.2000
0.2000
0.2000
0.2000
0.2000
0.2000
0.2000
0.2000
0.2000
0.0000
0.2000
0.2000
0.2000
0.2000
0.2000
0.2000
0.2000
0.2000
0.2000
0.2000
0.2000
0.2000
0.2000
0.2000
0.5610
0.3563
0.3385
0.3320
0.3269
0.3224
0.3183
0.3145
0.3110
0.3076
0.3045
0.3014
0.2986
0.2959
0.2932
0.2907
0.2884
0.2861
0.2840
0.2819
0.2800
0.2781
0.2764
0.2747
0.2731
0.2716
0.2702
0.2688
0.2676
0.2664
0.2653
0.2642
0.2632
0.2623
0.2614
0.2606
0.2598
0.2591
0.2584
0.2577
0.2571
0.2566
0.2560
0.2555
0.2550
0.2546
0.2542
0.2538
0.2534
0.2531
0.2528
0.2525
0.2522
0.2520
0.2517
0.2515
0.2513
0.2511
0.2510
0.2508
0.2506
0.2504
0.2503
0.2502
0.2501
0.2500
0.2499
0.2497
0.2496
0.2496
0.2495
0.2494
0.2493
0.2492
0.2492
0.2491
0.2491
0.2490
0.2490
0.2489
0.2489
0.2488
0.2488
0.2488
0.2488
0.2487
0.2487
0.2487
0.2487
0.2488
0.2488
0.2488
0.2488
0.2488
0.2489
0.2489
0.2489
0.2490
0.2490
0.2491
0.2491
0.2492
0.2493
0.2494
0.2494
0.2495
0.2496
0.2496
0.2497
0.2498
0.2499
0.2500
0.2500
0.2501
0.2502
0.2503
0.2504
0.2505
0.2506
0.2506
0.2000
0.2000
0.2000
0.2000
0.2000
0.2000
0.2000
0.2000
0.2000
0.2000
0.2000
0.2000
0.0000
0.2000
0.2000
0.2000
0.2000
0.2000
0.2000
0.2000
0.2000
0.2000
0.2000
0.2000
0.2000
0.0000
0.2000
0.2000
0.2000
0.2000
0.2000
0.2000
0.2000
0.2000
0.2000
0.2000
0.2000
0.2000
0.0000
0.2000
0.2000
0.2000
0.2000
0.2000
0.2000
0.2000
0.2000
0.2000
0.2000
0.2000
0.2000
0.0000
0.2000
0.2000
0.2000
0.2000
0.2000
0.2000
0.2000
0.2000
0.2000
0.2000
0.2000
0.2000
0.0000
0.2000
0.2000
0.2000
0.2000
0.2000
0.2000
0.2000
0.2000
0.2000
0.2000
0.2000
0.2000
0.0000
0.2000
0.2000
0.2000
0.2000
0.2000
0.2000
0.2000
0.2000
0.2000
0.2000
0.2000
0.2000
0.0000
0.2000
0.2000
0.2000
0.2000
0.2000
0.2000
0.2000
0.2000
0.2000
0.2000
0.2000
0.2000
0.0000
0.2000
0.2000
0.2000
0.2000
0.2000
0.2000
0.2000
0.2000
0.2000
0.2000
0.2000
0.2000
0.0000
0.2000
0.2000
0.2000
0.2000
0.2000
0.2000
0.2000
0.2000
0.2000
0.2000
0.2000
0.2000
0.0000
0.2000
0.2000
0.2000
0.2000
0.2000
0.2000
0.2000
0.2000
0.2000
0.2000
0.2000
0.2000
0.0000
0.2000
0.2000
0.2000
0.2000
0.2000
0.2000
0.2000
0.2000
0.2000
0.2000
0.2000
0.2000
0.0000
0.2000
0.2000
0.2000
0.2000
0.2000
0.2000
0.2000
0.2000
0.2000
0.2000
0.2000
0.2000
0.0000
0.2000
0.2000
0.2000
0.2000
0.2000
0.2000
0.2000
0.2000
0.2000
0.2000
0.2000
0.2000
0.0000
0.2000
0.2000
0.2000
0.2000
0.2000
0.2000
0.2000
0.2000
0.2000
0.2000
0.2000
0.2000
0.0000
0.2000
0.2000
0.2000
0.2000
0.2000
0.2000
0.2000
0.2000
0.2000
0.2000
0.2000
0.2000
0.0000
0.2000
0.2000
0.2000
0.2000
0.2000
0.2000
0.2000
0.2000
0.2000
0.2000
0.2000
0.2000
0.0000
0.2000
0.2000
0.2000
0.2000
0.2000
0.2000
0.2000
0.2000
0.2000
0.2000
0.2000
0.2000
0.0000
0.2000
0.2000
0.2000
0.2000
0.2000
0.2000
0.2000
0.2000
0.2000
0.2000
0.2000
0.2000
0.0000
0.2000
0.2000
0.2000
0.2000
0.2000
0.2000
0.2000
0.2000
0.2000
0.2000
0.2000
0.2000
0.0000
0.2000
0.2000
0.2000
0.2000
0.2000
0.2000
0.2000
0.2000
0.2000
0.2000
0.2000
0.2000
0.0000
0.2000
0.2000
0.2000
0.2000
0.2000
0.2000
0.2000
0.2000
0.2000
0.2000
0.2000
0.2000
0.0000
0.2000
0.2000
0.2000
0.2000
0.2000
0.2000
0.2000
0.2000
0.2000
0.2000
0.2000
0.2000
0.0000
0.2000
0.2000
0.2000
0.2000
0.2000
0.2000
0.2000
0.2000
0.2000
0.2000
0.2000
0.2000
0.0000
0.2000
0.2000
0.2000
0.2000
0.2000
0.2000
0.2000
0.2000
0.2000
0.2000
0.2000
0.2000
0.0000
0.2000
0.2000
0.2000
0.2000
0.2000
0.2000
0.2000
0.2000
0.2000
0.2000
0.2000
0.2000
0.0000
0.2000
0.2000
0.2000
0.2000
0.2000
0.2000
0.2000
0.2000
0.2000
0.2000
0.2000
0.2000
0.0000
0.2000
0.2000
0.2000
0.2000
0.2000
0.2000
0.2000
0.2000
0.2000
0.2000
0.2000
0.2000
0.0000
0.2000
0.2000
0.2000
0.2000
0.2000
0.2000
0.2000
0.2000
0.2000
0.2000
0.2000
0.2000
0.0000
0.2000
0.2000
0.2000
0.2000
0.2000
0.2000
0.2000
0.2000
0.2000
0.2000
0.2000
0.2000
0.0000
0.2000
0.2000
0.2000
0.2000
0.2000
0.2000
0.2000
0.2000
0.2000
0.2000
0.2000
0.2000
0.0000
0.2000
0.2000
0.2000
0.2000
0.2000
0.2000
0.2000
0.2000
0.2000
0.2000
0.2000
0.2000
0.0000
0.2000
0.2000
0.2000
0.2000
0.2000
0.2000
0.2000
0.2000
0.2000
0.2000
0.2000
0.2000
0.0000
0.2000
0.2000
0.2000
0.2000
0.2000
0.2000
0.2000
0.2000
0.2000
0.2000
0.2000
0.2000
0.0000
0.2000
0.2000
0.2000
0.2000
0.2000
0.2000
0.2000
0.2000
0.2000
0.2000
0.2000
0.2000
0.2000
0.2000
0.5767
0.3653
0.3450
0.3375
0.3343
0.7893
0.8515
0.9043
0.8969
0.9163
0.9198
0.9227
0.9253
0.9271
0.9284
0.9297
0.9308
0.9318
0.9327
0.9335
0.9341
0.9346
1.0000
1.0000
1.0000
1.0000
1.0000
1.0000
0.9846
0.9591
0.9549
0.9538
0.9532
0.9530
0.9529
0.9379
0.9072
0.9083
0.8782
0.9075
0.9529
0.9535
0.9421
0.4036
0.3789
0.3667
0.3578
0.3509
0.3452
0.3405
0.3364
0.3337
0.3302
0.7878
0.8242
0.8641
0.9317
0.9407
0.9459
0.9661
0.9403
0.9148
0.8875
0.8742
0.8750
0.8784
0.8801
0.8818
0.8849
0.9007
0.9178
0.9047
0.8907
0.9234
0.9241
0.9711
0.9888
0.9763
0.9783
0.9802
0.9820
0.9837
0.9854
0.9870
0.9157
0.4347
0.4112
0.3995
0.3911
0.3846
0.3793
0.3748
0.3711
0.3679
0.3651
0.8715
0.9084
0.9480
0.9564
0.9648
0.9706
1.0000
1.0000
1.0000
1.0000
1.0000
1.0000
1.0000
1.0000
1.0000
1.0000
1.0000
1.0000
1.0000
1.0000
1.0000
1.0000
1.0000
1.0000
1.0000
1.0000
1.0000
0.9908
0.9527
0.4873
0.9243
0.9345
1.0000
1.0000
0.9537
0.4810
0.4543
0.4420
0.4329
0.4252
0.4191
0.4138
0.4091
0.4054
0.4004
0.3978
0.3948
0.3919
0.3893
0.3867
0.3843
0.3820
0.3804
0.3786
0.3758
0.3740
0.3723
0.3700
0.3689
0.8138
0.8356
0.8468
0.8847
0.9214
0.9549
0.9622
0.9662
0.9695
0.9722
0.9779
0.9766
0.9634
0.9497
0.9456
0.8918
0.9069
0.4426
0.4178
0.4055
0.3965
0.3888
0.3826
0.3771
0.3723
0.3679
0.0000
0.0000
0.0000
0.2000
0.2000
0.2000
0.2000
0.2000
0.2000
0.2000
0.2000
0.2000
0.2000
0.2000
0.2000
0.0000
0.2000
0.2000
0.2000
0.2000
0.2000
0.2000
0.2000
0.2000
1.0000
1.0000
1.0000
1.0000
0.0000
1.0000
1.0000
1.0000
1.0000
1.0000
1.0000
1.0000
1.0000
1.0000
1.0000
1.0000
1.0000
0.0000
1.0000
1.0000
1.0000
1.0000
1.0000
1.0000
1.0000
1.0000
1.0000
1.0000
1.0000
1.0000
0.0000
1.0000
1.0000
1.0000
1.0000
1.0000
1.0000
1.0000
1.0000
1.0000
1.0000
1.0000
1.0000
0.0000
1.0000
1.0000
1.0000
1.0000
1.0000
1.0000
1.0000
1.0000
1.0000
1.0000
1.0000
1.0000
0.0000
1.0000
1.0000
1.0000
1.0000
1.0000
1.0000
1.0000
1.0000
1.0000
1.0000
1.0000
1.0000
0.0000
1.0000
1.0000
1.0000
1.0000
1.0000
1.0000
1.0000
1.0000
1.0000
1.0000
1.0000
1.0000
1.0000
1.0000
0.2000
0.2000
0.2000
0.2000
0.2000
0.2000
0.2000
0.2000
0.2000
0.2000
0.2000
0.2000
0.2000
0.2000
0.2000
0.2000
0.2000
0.2000
0.2000
0.2000
0.2000
0.2000
0.2000
0.2000
0.2000
0.2000
0.2000
0.2000
0.2000
0.2000
0.2000
0.2000
0.2000
0.2000
0.2000
0.2000
0.2000
0.2000
0.2000
0.2000
0.2000
0.2000
0.2000
0.2000
0.2000
0.2000
0.2000
0.2000
0.2000
0.2000
0.2000
0.2000
0.2000
0.2000
0.2000
0.2000
0.2000
0.2000
0.2000
0.2000
0.2000
0.2000
0.2000
0.2000
0.2000
0.2000
0.2000
0.2000
0.2000
0.2000
0.2000
0.2000
0.2000
0.2000
0.2000
0.2000
0.2000
0.2000
0.2000
0.2000
0.2000
0.2000
0.2000
0.2000
0.2000
0.2000
0.2000
0.2000
0.2000
0.2000
0.2000
0.2000
0.2000
0.2000
0.2000
0.2000
0.2000
0.2000
0.2000
0.2000
0.2000
0.2000
0.2000
0.2000
0.2000
0.2000
0.2000
0.2517
0.2610
0.2519
0.2734
0.2789
0.2515
0.2120
0.2145
0.2178
0.2211
0.2190
0.2221
0.2197
0.2118
0.2143
0.2008
0.2000
0.2000
0.2000
0.2000
0.2000
0.2000
0.2000
0.2000
0.2000
0.2000
0.2000
0.2000
0.2000
0.2000
0.2000
0.2000
0.2000
0.2000
0.2000
0.2000
0.2000
0.2000
0.2000
0.2000
0.2000
0.2000
0.2000
0.2000
0.2000
0.2000
0.2000
0.2000
0.2000
0.2000
0.2000
0.2000
0.2000
0.2000
0.2000
0.2000
0.2177
0.2286
0.2341
0.2334
0.2374
0.2356
0.2280
0.2253
0.2000
0.2000
0.2000
0.2000
0.2000
0.2000
0.2000
0.2000
0.2000
1.0000
1.0000
1.0000
1.0000
1.0000
1.0000
1.0000
1.0000
1.0000
1.0000
1.0000
1.0000
0.0000
1.0000
1.0000
1.0000
1.0000
1.0000
1.0000
1.0000
1.0000
1.0000
1.0000
1.0000
1.0000
0.0000
1.0000
1.0000
1.0000
1.0000
1.0000
1.0000
1.0000
1.0000
1.0000
1.0000
1.0000
1.0000
0.0000
1.0000
1.0000
1.0000
1.0000
1.0000
1.0000
1.0000
1.0000
1.0000
1.0000
1.0000
1.0000
0.0000
1.0000
1.0000
1.0000
1.0000
1.0000
1.0000
1.0000
1.0000
1.0000
1.0000
1.0000
1.0000
0.0000
1.0000
1.0000
1.0000
1.0000
1.0000
1.0000
1.0000
1.0000
1.0000
1.0000
1.0000
1.0000
0.0000
1.0000
1.0000
1.0000
1.0000
1.0000
1.0000
1.0000
1.0000
1.0000
1.0000
1.0000
1.0000
0.0000
1.0000
1.0000
1.0000
1.0000
1.0000
1.0000
1.0000
1.0000
1.0000
1.0000
1.0000
1.0000
1.0000
1.0000
1.0000
1.0000
1.0000
0.2000
0.2000
0.2000
0.2000
0.2000
0.2000
0.2000
0.2000
0.2000
0.2000
0.2000
0.2000
0.2000
0.2000
0.2000
0.2000
0.2000
0.2000
0.2000
0.2000
0.2000
0.2000
0.2000
0.2000
0.2000
0.2000
0.2000
0.2000
0.2000
0.2000
0.2000
0.2000
0.2000
0.2000
0.2000
0.2000
0.2000
0.2000
0.2000
0.2000
0.2000
0.2000
0.2000
0.2000
0.2000
0.2000
0.2000
0.2000
0.2000
0.2000
0.2000
0.2000
0.2000
0.2000
0.2000
0.2000
0.2000
0.2000
0.2000
0.2000
0.2000
0.2000
0.2000
0.2000
0.2000
0.2000
0.2000
0.2000
0.2000
0.2000
0.2000
0.2000
0.2000
0.2000
0.2000
0.2000
0.2000
0.2000
0.2000
0.2000
0.2000
0.2000
0.2000
0.2000
0.2000
0.2000
0.2000
0.2000
0.2000
0.2000
0.2000
0.2000
0.2000
0.2000
0.2000
0.2000
0.2000
0.2000
0.2000
0.2000
0.2000
0.2000
0.2256
0.2543
0.2512
0.2299
0.2665
0.3306
0.3527
0.3360
0.3075
0.3316
0.2978
0.2839
0.2702
0.2721
0.2744
0.2661
0.2627
0.2647
0.2614
0.2528
0.2543
0.2506
0.2521
0.2591
0.2874
0.2630
0.2906
0.2714
0.2000
0.2000
0.2000
0.2000
0.2000
0.2000
0.2000
0.2000
0.2000
0.2000
0.2000
0.2000
0.2000
0.2000
0.2000
0.2000
0.2000
0.2000
0.2000
0.2000
0.2000
0.2000
0.2000
0.2000
0.2000
0.2000
0.2000
0.2000
0.2000
0.2000
0.2011
0.2590
0.2675
0.2731
0.2776
0.2761
0.2686
0.2712
0.2630
0.2598
0.2615
0.2634
0.2651
0.2000
0.2000
0.2000
0.2000
0.2000
0.2000
0.2000
1.0000
1.0000
1.0000
1.0000
1.0000
1.0000
1.0000
1.0000
1.0000
1.0000
1.0000
1.0000
0.0000
1.0000
1.0000
1.0000
1.0000
1.0000
1.0000
1.0000
1.0000
1.0000
1.0000
1.0000
0.2000
0.0000
0.2000
0.2000
0.2000
0.2000
0.2000
0.2000
0.2000
0.2000
0.2000
0.2000
0.2000
0.2000
0.0000
0.2000
0.2000
0.2000
0.2000
0.2000
0.2000
0.2000
0.2000
0.2000
0.2000
0.2000
0.2000
0.0000
0.2000
0.2000
0.2000
0.2000
0.2000
0.2000
0.2000
0.2000
0.2000
0.2000
0.2000
0.2000
0.0000
0.2000
0.2000
0.2000
0.2000
0.2000
0.2000
0.2000
0.2000
0.2000
0.2000
0.2000
0.2000
0.0000
0.2000
0.2000
0.2000
0.2000
0.2000
0.2000
0.3475
0.2550
0.2466
0.2431
0.2397
0.2364
0.0000
0.3777
0.2358
0.2268
0.2235
0.2204
0.5340
0.3627
0.3437
0.3361
0.3298
0.3243
0.3192
0.3144
0.3099
0.3056
0.3015
0.2976
0.8699
0.5893
0.5515
0.5368
0.9998
1.0000
1.0000
1.0000
1.0000
1.0000
1.0000
1.0000
1.0000
1.0000
1.0000
1.0000
1.0000
1.0000
1.0000
1.0000
1.0000
1.0000
1.0000
1.0000
1.0000
1.0000
1.0000
1.0000
1.0000
1.0000
1.0000
1.0000
1.0000
1.0000
1.0000
1.0000
1.0000
1.0000
1.0000
1.0000
1.0000
1.0000
1.0000
0.6396
0.5434
0.5207
0.5071
0.4965
0.4875
0.4799
0.4732
0.4692
0.9114
0.9921
1.0000
1.0000
1.0000
1.0000
1.0000
1.0000
1.0000
1.0000
1.0000
1.0000
1.0000
1.0000
1.0000
1.0000
1.0000
1.0000
1.0000
1.0000
1.0000
1.0000
1.0000
1.0000
1.0000
1.0000
1.0000
1.0000
1.0000
1.0000
1.0000
1.0000
1.0000
0.6072
0.5189
0.4985
0.4864
0.4770
0.4693
0.4628
0.4580
0.4520
0.4496
0.8943
0.9590
1.0000
1.0000
1.0000
1.0000
1.0000
1.0000
1.0000
1.0000
1.0000
1.0000
1.0000
1.0000
1.0000
1.0000
1.0000
1.0000
1.0000
1.0000
1.0000
1.0000
1.0000
1.0000
1.0000
1.0000
1.0000
1.0000
1.0000
0.5594
1.0000
1.0000
1.0000
1.0000
1.0000
0.5404
0.5087
0.4942
0.4823
0.4771
0.4683
0.4624
0.4565
0.4529
0.4446
0.4429
0.4390
0.4354
0.4320
0.4288
0.4256
0.4227
0.4201
0.4186
0.4169
0.4122
0.4075
0.4074
0.4051
0.8508
0.8995
0.9286
0.9518
0.9836
0.9928
0.9972
1.0000
1.0000
0.9929
0.9915
0.9968
0.9953
0.9801
0.9651
0.9383
0.4704
0.4449
0.4322
0.4226
0.4148
0.4082
0.4024
0.3973
0.3926
0.3883
0.0000
0.0000
0.2000
0.2000
0.2000
0.2000
0.2000
0.2000
0.2000
0.2000
0.2000
0.2000
0.2000
0.2000
0.0000
0.2000
0.2000
0.2000
0.2000
0.2000
0.2000
0.2000
0.2000
0.2000
0.2000
0.2000
0.2000
0.0000
0.2000
0.2000
0.2000
0.2000
0.2000
0.2000
0.2000
0.2000
0.2000
0.2000
0.2000
0.2000
0.0000
0.2000
0.2000
0.2000
0.2000
0.2000
0.2000
0.2000
0.2000
0.2000
0.2000
0.2000
0.2000
0.0000
0.2000
0.2000
0.2000
0.2000
0.2000
0.2000
0.2000
0.2000
0.2000
0.2000
0.2000
0.2000
0.0000
0.2000
0.2000
0.2000
0.2000
0.2000
0.2000
0.2000
0.2000
0.2000
0.2000
0.2000
0.2000
0.0000
0.2000
0.2000
0.2000
0.2000
0.2000
0.2000
0.2000
0.2000
0.2000
0.2000
0.2000
0.2000
0.0000
0.2000
0.2000
0.2000
0.2000
0.2000
0.2000
0.2000
0.2000
0.2000
0.2000
0.2000
0.2000
0.2000
0.2000
0.2000
0.6527
0.4058
0.3808
0.3721
0.8176
0.8348
0.8689
0.8731
0.9218
0.9403
0.9581
0.9606
0.9626
0.9635
0.9646
0.9656
0.9665
0.9672
0.9679
0.9685
0.9691
0.9696
1.0000
1.0000
1.0000
1.0000
1.0000
1.0000
1.0000
1.0000
1.0000
0.9976
0.9913
0.9897
0.9888
0.9574
0.9117
0.8952
0.8946
0.9538
0.9853
0.9858
0.9279
0.4311
0.4068
0.3941
0.3846
0.3775
0.3714
0.3655
0.3617
0.3584
0.8031
0.8676
0.9237
0.9435
0.9520
0.9569
0.9608
0.9646
0.9373
0.8770
0.8958
0.8909
0.8989
0.9003
0.9017
0.8884
0.8889
0.8954
0.9389
0.9534
0.9405
0.9578
0.9581
0.9747
0.9918
0.9930
0.9946
0.9960
0.9974
0.9987
0.9999
1.0000
0.9592
0.4469
0.4232
0.4110
0.4021
0.3951
0.3893
0.3845
0.3803
0.3767
0.3749
0.8492
0.9007
0.9410
0.9632
0.9716
0.9621
0.9814
1.0000
1.0000
1.0000
1.0000
1.0000
1.0000
1.0000
1.0000
1.0000
1.0000
1.0000
1.0000
1.0000
1.0000
1.0000
1.0000
1.0000
1.0000
0.9811
0.9372
0.4847
0.4568
0.4419
0.8971
0.9588
0.9788
1.0000
0.9611
0.4666
0.4420
1.0000
1.0000
1.0000
1.0000
1.0000
1.0000
1.0000
1.0000
1.0000
1.0000
1.0000
1.0000
1.0000
1.0000
1.0000
1.0000
1.0000
1.0000
1.0000
1.0000
1.0000
1.0000
1.0000
1.0000
1.0000
1.0000
1.0000
1.0000
1.0000
1.0000
1.0000
1.0000
1.0000
1.0000
1.0000
1.0000
1.0000
1.0000
1.0000
1.0000
1.0000
1.0000
1.0000
1.0000
1.0000
1.0000
1.0000
1.0000
1.0000
1.0000
1.0000
1.0000
1.0000
1.0000
1.0000
1.0000
1.0000
1.0000
1.0000
1.0000
0.0000
1.0000
1.0000
1.0000
1.0000
1.0000
1.0000
1.0000
1.0000
1.0000
1.0000
1.0000
1.0000
0.0000
1.0000
1.0000
1.0000
1.0000
1.0000
1.0000
1.0000
1.0000
1.0000
1.0000
1.0000
1.0000
0.0000
1.0000
1.0000
1.0000
1.0000
1.0000
1.0000
1.0000
1.0000
1.0000
1.0000
1.0000
1.0000
0.0000
1.0000
1.0000
1.0000
1.0000
1.0000
1.0000
1.0000
1.0000
1.0000
1.0000
1.0000
1.0000
0.0000
1.0000
1.0000
1.0000
1.0000
1.0000
1.0000
1.0000
1.0000
1.0000
1.0000
1.0000
1.0000
0.0000
1.0000
1.0000
1.0000
1.0000
1.0000
1.0000
1.0000
1.0000
1.0000
1.0000
1.0000
1.0000
0.0000
1.0000
1.0000
1.0000
1.0000
1.0000
1.0000
1.0000
1.0000
1.0000
1.0000
1.0000
1.0000
1.0000
1.0000
1.0000
1.0000
1.0000
1.0000
1.0000
1.0000
1.0000
1.0000
1.0000
1.0000
1.0000
1.0000
1.0000
1.0000
1.0000
1.0000
1.0000
1.0000
1.0000
1.0000
1.0000
1.0000
1.0000
1.0000
1.0000
1.0000
1.0000
1.0000
1.0000
1.0000
1.0000
1.0000
1.0000
1.0000
1.0000
1.0000
1.0000
1.0000
1.0000
1.0000
1.0000
1.0000
1.0000
1.0000
1.0000
1.0000
1.0000
1.0000
1.0000
1.0000
1.0000
1.0000
1.0000
1.0000
1.0000
1.0000
1.0000
1.0000
1.0000
1.0000
1.0000
1.0000
1.0000
1.0000
1.0000
1.0000
1.0000
1.0000
1.0000
1.0000
1.0000
1.0000
1.0000
1.0000
1.0000
1.0000
1.0000
1.0000
1.0000
1.0000
1.0000
1.0000
1.0000
1.0000
1.0000
1.0000
1.0000
1.0000
1.0000
1.0000
1.0000
1.0000
1.0000
1.0000
1.0000
1.0000
1.0000
1.0000
1.0000
1.0000
1.0000
1.0000
1.0000
1.0000
1.0000
1.0000
1.0000
1.0000
1.0000
1.0000
1.0000
1.0000
1.0000
1.0000
1.0000
1.0000
1.0000
1.0000
1.0000
1.0000
1.0000
1.0000
1.0000
1.0000
1.0000
1.0000
1.0000
1.0000
1.0000
1.0000
1.0000
1.0000
1.0000
1.0000
1.0000
0.0000
1.0000
1.0000
1.0000
1.0000
1.0000
1.0000
1.0000
1.0000
1.0000
1.0000
1.0000
1.0000
0.0000
1.0000
1.0000
1.0000
1.0000
1.0000
1.0000
1.0000
1.0000
1.0000
1.0000
1.0000
1.0000
0.0000
1.0000
1.0000
1.0000
1.0000
1.0000
1.0000
1.0000
1.0000
1.0000
1.0000
1.0000
1.0000
0.0000
1.0000
1.0000
1.0000
1.0000
1.0000
1.0000
1.0000
1.0000
1.0000
1.0000
1.0000
1.0000
0.0000
1.0000
1.0000
1.0000
1.0000
1.0000
1.0000
1.0000
1.0000
1.0000
1.0000
1.0000
1.0000
0.0000
1.0000
1.0000
1.0000
1.0000
1.0000
1.0000
1.0000
1.0000
1.0000
1.0000
1.0000
1.0000
0.0000
1.0000
1.0000
1.0000
1.0000
1.0000
1.0000
1.0000
1.0000
1.0000
1.0000
1.0000
1.0000
0.0000
1.0000
1.0000
1.0000
1.0000
1.0000
1.0000
1.0000
1.0000
1.0000
1.0000
1.0000
1.0000
0.0000
1.0000
1.0000
1.0000
1.0000
1.0000
1.0000
1.0000
1.0000
1.0000
1.0000
1.0000
1.0000
0.0000
1.0000
1.0000
1.0000
1.0000
1.0000
1.0000
1.0000
1.0000
1.0000
1.0000
1.0000
1.0000
0.0000
1.0000
1.0000
1.0000
1.0000
1.0000
1.0000
1.0000
1.0000
1.0000
1.0000
1.0000
1.0000
0.0000
1.0000
1.0000
1.0000
1.0000
1.0000
1.0000
1.0000
1.0000
1.0000
1.0000
1.0000
1.0000
0.0000
1.0000
1.0000
1.0000
1.0000
1.0000
1.0000
1.0000
1.0000
1.0000
1.0000
1.0000
1.0000
0.0000
1.0000
1.0000
1.0000
1.0000
1.0000
1.0000
1.0000
1.0000
1.0000
1.0000
1.0000
1.0000
0.0000
1.0000
1.0000
1.0000
1.0000
1.0000
1.0000
1.0000
1.0000
1.0000
1.0000
1.0000
1.0000
0.0000
1.0000
1.0000
1.0000
1.0000
1.0000
1.0000
1.0000
1.0000
1.0000
1.0000
1.0000
1.0000
0.0000
1.0000
1.0000
1.0000
1.0000
1.0000
1.0000
1.0000
1.0000
1.0000
1.0000
1.0000
1.0000
0.0000
1.0000
1.0000
1.0000
1.0000
1.0000
1.0000
1.0000
1.0000
1.0000
1.0000
1.0000
1.0000
0.0000
1.0000
1.0000
1.0000
1.0000
1.0000
1.0000
1.0000
1.0000
1.0000
1.0000
1.0000
1.0000
0.0000
1.0000
1.0000
1.0000
1.0000
1.0000
1.0000
1.0000
1.0000
1.0000
1.0000
1.0000
1.0000
0.0000
1.0000
1.0000
1.0000
1.0000
1.0000
1.0000
1.0000
1.0000
1.0000
1.0000
1.0000
1.0000
0.0000
1.0000
1.0000
1.0000
1.0000
1.0000
1.0000
1.0000
1.0000
1.0000
1.0000
1.0000
1.0000
0.0000
1.0000
1.0000
1.0000
1.0000
1.0000
1.0000
1.0000
1.0000
1.0000
1.0000
1.0000
1.0000
0.0000
1.0000
1.0000
1.0000
1.0000
1.0000
1.0000
1.0000
1.0000
1.0000
1.0000
1.0000
1.0000
0.0000
1.0000
1.0000
1.0000
1.0000
1.0000
1.0000
1.0000
1.0000
1.0000
1.0000
1.0000
1.0000
0.0000
1.0000
1.0000
1.0000
1.0000
1.0000
1.0000
1.0000
1.0000
1.0000
1.0000
1.0000
1.0000
0.0000
1.0000
1.0000
1.0000
1.0000
1.0000
1.0000
1.0000
1.0000
1.0000
1.0000
1.0000
1.0000
0.0000
1.0000
1.0000
1.0000
1.0000
1.0000
1.0000
1.0000
1.0000
1.0000
1.0000
1.0000
1.0000
0.0000
1.0000
1.0000
1.0000
1.0000
1.0000
1.0000
1.0000
1.0000
1.0000
1.0000
1.0000
1.0000
0.0000
1.0000
1.0000
1.0000
1.0000
1.0000
1.0000
1.0000
1.0000
1.0000
1.0000
1.0000
1.0000
0.0000
1.0000
1.0000
1.0000
1.0000
1.0000
1.0000
1.0000
1.0000
1.0000
1.0000
1.0000
1.0000
0.0000
1.0000
1.0000
1.0000
1.0000
1.0000
1.0000
1.0000
1.0000
1.0000
1.0000
1.0000
1.0000
0.0000
1.0000
1.0000
1.0000
0.2000
0.2000
0.2000
0.2000
0.2000
0.2000
0.2000
0.2000
0.2000
0.0000
0.2000
0.2000
0.2000
0.2000
0.2000
0.2000
0.2000
0.2000
0.2000
0.2000
0.2000
0.2000
0.2000
0.2000
0.2000
0.2000
0.2000
0.2000
0.6409
0.7020
0.7284
0.7831
0.7905
0.7963
0.8022
0.8070
0.8118
0.8159
0.8189
0.8222
0.8252
0.8281
0.8310
0.8335
0.8359
0.8381
0.9584
1.0000
1.0000
1.0000
0.9754
0.8676
0.8617
0.8614
0.8620
0.8625
0.8643
0.8652
0.8366
0.8062
0.7772
0.7924
0.8380
0.8709
0.8729
0.8595
0.8150
0.3256
0.3032
0.2922
0.2842
0.2781
0.2730
0.2689
0.2654
0.7078
0.7706
0.8108
0.8345
0.8549
0.8592
0.8655
0.8838
0.8584
0.8600
0.8183
0.8188
0.7873
0.8092
0.8110
0.8127
0.8144
0.8478
0.8183
0.8395
0.8372
0.8694
0.8869
0.8880
0.9053
0.9072
0.9090
0.9109
0.9127
0.9144
0.9161
0.9177
0.9043
0.8463
0.3680
0.3457
0.3343
0.3262
0.3198
0.3146
0.3103
0.3066
0.3035
0.3016
0.7593
0.8396
0.8657
0.8876
0.8962
0.9020
0.9063
0.9097
0.9901
1.0000
0.9981
1.0000
1.0000
1.0000
1.0000
1.0000
1.0000
1.0000
1.0000
0.9851
0.9642
0.9614
0.9607
0.9459
0.9453
0.9165
0.9014
0.8862
0.8825
0.4078
0.8454
0.9315
0.9099
0.9376
0.8876
0.4069
0.3820
0.3711
0.3619
0.3566
0.3512
0.3454
0.3412
0.3375
0.3329
0.3312
0.3284
0.3258
0.3235
0.3212
0.3191
0.3171
0.3163
0.3148
0.3125
0.3105
0.3071
0.3074
0.3060
0.7491
0.7854
0.8090
0.8498
0.8573
0.8744
0.8974
0.9016
0.8902
0.8944
0.8953
0.8726
0.8689
0.8570
0.8415
0.8427
0.8280
0.8284
0.3823
0.3592
0.3479
0.3395
0.3328
0.3272
0.3224
0.3182
0.0000
0.0000
0.0000
0.2000
0.2000
0.2000
0.2000
0.2000
0.2000
0.2000
0.2000
0.2000
0.2000
0.2000
0.2000
0.0000
0.2000
0.2000
0.2000
0.2000
0.2000
0.2000
0.2000
