3071.4703
2872.1768
2839.2640
2825.7312
2815.0193
0.0000
2885.8319
2812.9837
2802.6827
2792.5486
2784.8054
2778.3888
2772.6788
2771.8705
2771.4408
2771.2307
2771.1604
2771.1729
0.0000
2861.5733
2789.0886
2784.2351
2779.0980
2776.2227
2774.6152
2773.5951
2772.9595
2772.5083
2772.1739
2771.9155
2771.7119
0.0000
2826.9696
2790.7825
2784.2736
2778.7880
2775.5930
2773.6790
2772.4738
2771.6694
2771.0825
2770.6377
2770.2738
2769.9435
0.0000
2812.9963
2789.2418
2782.2993
2776.6903
2773.3745
2771.3345
2769.9925
2769.0416
2768.3143
2767.7141
2767.2108
2766.7536
0.0000
2804.4930
2785.6494
2778.5755
4040.6321
3185.2525
3115.2389
3101.9977
3091.4176
3082.6689
3075.1344
3068.6649
3062.7504
0.0000
3492.3033
3094.0855
3759.5677
3365.0420
3311.5721
3292.2603
3276.8777
3319.0945
3340.9591
3348.1285
3353.1210
3361.9011
3372.6749
3379.0862
5033.0121
4595.5359
4511.4657
4470.1445
5271.0984
6154.4210
7188.3874
7516.5155
7850.0959
8149.1998
8519.7927
8673.6234
8899.0472
9068.1040
9198.7525
9308.0543
9396.3811
9480.9004
9562.4466
9641.0184
9717.5120
9788.1658
9672.6225
9550.0428
9838.6528
9943.1423
10186.1913
10259.5990
10761.8028
10820.7250
10882.6144
10843.7630
11018.1276
11106.4341
11189.1027
10883.9607
10611.3509
10510.0204
10528.8080
10934.9409
11161.6243
11345.5028
11359.5001
9696.7749
9554.8360
9574.6999
9571.4533
9582.1229
9592.1589
9599.8781
9585.5654
10251.9393
10607.7697
10721.8325
11183.7390
11326.4694
10952.2798
10975.5065
10843.4659
10558.6498
10266.7448
9976.3850
9636.4773
7271.5893
7080.5391
7016.5750
6973.9390
7343.3340
7712.7633
9004.9673
9230.8526
9538.9537
9922.5588
10543.1247
10791.3845
11101.6010
11270.1156
11396.2792
11516.0042
11600.6529
11674.6285
11740.9674
11800.3904
11827.5070
11966.0698
10230.0512
9961.4445
9909.0680
9883.4388
9875.4708
9851.8436
9826.5183
9798.5353
9766.5697
10398.6269
11647.9810
11788.3368
11717.5343
11210.7443
11270.4894
11251.0319
11073.7450
10862.8414
10885.3116
10954.1069
11008.4925
11072.2540
10743.5281
10787.5854
10572.2327
10996.1536
10881.9619
11061.3546
11033.7456
11165.5354
11136.2759
11045.9515
10791.9108
10582.5008
10343.5101
9924.6284
9250.3688
8477.5705
7461.2464
6710.6530
6570.9921
5850.1866
6706.3502
6666.3600
6110.4008
6013.6827
5663.5727
5528.5416
5250.5469
4725.4804
4857.8729
5448.0107
5424.7582
6203.2873
4776.9031
4714.3457
4677.3018
4641.8708
4607.5445
4592.4042
4580.9140
4569.9932
4679.3695
4716.9521
5710.9471
5504.0396
4879.9971
4832.3681
4815.4194
4576.5779
4553.2505
4499.9632
4354.9773
4329.7882
4320.9449
4188.0216
4173.2600
4165.7486
4162.9466
4532.7341
4604.0291
4666.2935
4716.7757
4910.8019
4890.6166
4924.7738
4973.3295
4994.1080
4695.7455
4688.2140
4689.4685
4691.2572
4693.2128
4695.1733
4696.6462
0.0000
0.0000
0.0000
2785.6357
2834.9994
2832.8388
2835.6481
2840.8856
2847.2362
2853.9826
2851.9376
2854.1529
2836.4375
2853.4665
2898.6716
0.0000
3238.8173
3066.6245
3069.0423
3077.3661
3087.1992
3089.0543
3099.5044
3092.6950
2907.6677
2880.7307
2874.5118
2870.9580
0.0000
2907.7981
2892.9344
2888.6504
2886.1335
2886.1274
2887.5435
2889.7506
2892.7599
2896.0903
2899.6149
2903.2574
2906.9733
0.0000
2954.9520
2937.7951
2935.0234
2933.5494
2934.3669
2936.4846
2939.7813
2943.5432
2947.6054
2951.8669
2956.2730
2960.7783
0.0000
3010.0589
2994.4153
2992.7186
2992.3292
2994.2523
2997.7450
3001.9860
3006.6610
3011.5992
3016.7014
3021.9132
3027.2039
0.0000
3076.4702
3062.9970
3061.9575
3062.0732
3060.8016
3060.7658
3061.3956
3062.3914
3063.5885
3064.9094
3066.2884
3067.6895
0.0000
3109.1910
3092.0963
3086.8272
5173.7651
4163.8729
4076.2529
4053.5591
4037.0507
4023.5905
4012.3236
4002.7681
3994.5900
0.0000
4366.1391
4029.1605
4367.9177
4007.2130
3931.8305
3893.5338
3862.0961
3834.7005
3810.4991
3788.5336
3768.4172
3749.8605
3732.6714
3716.6069
4921.7931
4550.6216
4465.4514
4417.3676
4732.6979
6272.3293
7148.7923
7564.1342
7832.0314
8159.6822
8403.1183
8535.0856
8823.5956
9058.3405
9233.0298
9386.6690
9539.7463
9693.8817
9828.9180
9954.7568
10077.9367
10096.4549
10166.3422
10083.9189
10206.2621
10338.2748
10752.2805
10993.0728
11076.8137
11193.2398
11287.7097
11239.0624
11420.8925
11525.4450
11598.8575
11178.3543
10496.7649
10731.4411
10865.9531
11256.0435
11489.8804
11807.2012
11847.6450
9736.8594
9594.3541
9676.0596
9758.2855
9836.9780
9838.8686
9831.3878
9798.2427
11310.9761
11898.9736
12489.7951
12424.4461
12492.1272
12046.8150
12015.8024
11864.7160
11665.5122
11283.9565
10755.3642
10110.5538
8732.6233
8203.5386
8108.3207
8058.3799
8026.0682
8546.1793
8955.2429
10282.8500
10495.3074
10040.3270
9444.1075
9595.1242
9755.6671
10111.5510
10282.0631
10364.8551
10427.1162
10486.2815
10542.3036
10594.5912
10395.9491
10057.2734
8083.3716
7882.3291
7845.4729
7830.3888
7823.2624
7824.6965
7927.0269
7969.5336
8003.6939
8993.6884
9654.7427
10386.7984
10664.3662
10758.8908
10831.5886
10841.7442
10973.6944
10955.8181
10383.7827
10442.5823
10627.1015
10909.9967
10860.8444
10541.7378
10608.8265
10543.9178
10745.7944
10816.7852
11379.9723
11436.0268
11406.8127
11344.8618
11280.3403
11194.0574
11098.4294
15116.5685
13445.2575
12497.7217
11936.0833
9247.2050
9224.9099
8158.2155
8160.3797
8463.5137
8402.4015
7732.8934
7504.7854
7385.0974
7129.3734
5986.2410
6145.3793
6821.8775
6817.7364
7341.0950
6111.7005
5950.2487
5875.5350
5809.6835
5747.9842
5690.3992
5634.5831
5581.0080
5795.5100
7040.9857
7200.0167
7182.4847
6126.7173
6013.4696
5963.1735
6088.6147
6060.1042
5935.8649
5237.8580
5167.0611
4684.2472
4650.7176
4636.1472
4623.5692
4611.6885
4718.9607
5556.5491
5900.7289
5927.7775
5480.8352
5560.1327
5557.0679
5548.7007
5555.4303
5547.4196
5532.0590
5521.3458
5512.1749
5503.5030
5494.1652
5484.4331
0.0000
0.0000
0.0000
3027.7252
3051.4718
3057.3025
3081.6223
3099.8065
3117.8620
3156.4498
3160.9485
3157.0822
3127.8901
3212.4927
3226.4017
0.0000
3635.3008
3385.4835
3384.6615
3392.2781
3401.5006
3403.8552
3376.1600
3376.7957
3170.8090
3153.9863
3155.4370
3157.1491
0.0000
3367.8854
3185.4940
3182.0606
3179.6167
3179.3266
3180.2204
3181.6826
3182.4799
3183.3402
3184.1736
3184.9306
3185.5889
0.0000
3405.1770
3207.3865
3200.9680
3195.7560
3192.7811
3192.2541
3189.8561
3188.9434
3188.1680
3187.4627
3186.7718
3186.0831
0.0000
3405.4895
3204.7882
3197.2284
3191.0254
3187.1059
3183.7498
3181.1027
3178.8132
3176.7491
3174.7667
3172.8174
3170.8577
0.0000
3387.1325
3185.9026
3176.9686
3169.5305
3165.1462
3162.0978
3159.7777
3157.8458
3156.1315
3154.5490
3153.0259
3151.5228
0.0000
3365.6144
3168.0559
3159.8328
4637.8543
3752.5254
3628.1387
3604.6903
3588.4094
3574.7392
3562.8682
3552.3910
3543.0325
0.0000
3988.1218
3584.5049
4074.4682
3714.8771
3650.4067
3620.1038
3593.7239
3569.0774
3350.7453
3326.5275
3307.5331
3289.6474
3272.7314
3256.7392
4964.5016
4482.5126
4411.3192
4386.7102
5926.3510
6845.7250
7019.7770
7259.6144
7633.9443
7898.1128
8027.8100
8119.2634
8274.7517
8358.1961
8439.2424
8541.7301
8607.6302
8672.5440
8749.7668
8832.0913
8923.7268
8992.0415
8710.4127
8433.7224
8823.1245
9113.7770
9513.9409
9648.9341
9650.9646
9725.4599
9761.1188
9652.0654
9790.3847
9812.7070
9815.3328
9524.0078
9120.0282
9070.8042
9063.8559
9266.7572
9432.9920
9585.0025
9754.1564
8214.7169
8151.3778
8223.1229
8313.4194
8384.8830
8453.3484
8499.8367
8561.1591
9335.8632
10612.2463
10840.5037
10879.9932
10841.2618
10419.8572
10444.7490
10413.6967
10259.2793
9902.7475
9574.1729
9276.3634
7431.5340
7274.2320
7239.8738
7227.4896
7331.7755
7349.8138
8200.8906
8733.6496
8876.0158
9673.4474
10075.1534
10215.9023
10620.4290
10778.8210
10916.1686
11011.4701
11097.1860
11177.8867
11254.3029
11324.9912
11355.0391
11587.1296
9903.6720
9768.8756
9782.0891
9796.9333
9808.9415
9819.8722
9827.9129
9834.8570
9839.4020
9981.8704
11422.3914
18421.4969
16422.6157
15533.1060
15059.4528
14731.2987
14420.3822
14269.5175
14079.3806
13834.5708
13934.6862
13921.5606
13945.1975
13598.9399
13474.9922
13506.3346
13686.3089
14227.0934
14324.4398
14530.9613
14569.2441
14545.3512
14308.2118
14039.5915
13856.3592
13452.3774
13108.2726
12770.6598
11467.5386
10227.0167
9834.9449
9596.7174
9528.8397
9358.9598
9187.2091
8453.2124
8212.2623
8055.1333
6730.9729
6326.9585
7011.9507
7305.8990
7190.6144
8046.1855
6454.2722
6234.5738
6128.8829
6034.0081
5944.5151
5865.2496
5780.3619
5705.0706
5900.1050
6562.8733
6845.8779
6827.0989
6098.6695
6005.5055
5939.8939
5862.8975
6239.9322
5815.8183
5788.1145
5121.9772
4721.9590
4685.5164
4668.9283
4655.7518
4644.5153
4627.8692
5471.2185
5859.0244
5911.4672
5943.9464
5592.8591
5583.2794
5580.9912
5578.4898
5575.8084
5572.7684
5569.3650
5565.6264
5561.5946
5557.3123
5552.8198
0.0000
0.0000
0.0000
3198.9257
3138.3547
3156.2072
3177.2105
3213.5678
3187.9239
3215.3190
3230.2422
3222.2355
3173.6036
3256.2873
3347.0418
0.0000
3733.0570
3419.5853
3408.7424
3417.6246
3447.5976
3466.9943
3449.6275
3315.2498
3201.8175
3176.0889
3172.0307
3169.3670
0.0000
3389.7130
3187.3705
3181.3159
3176.5815
3173.9696
3172.5805
3171.7987
3170.4102
3169.1166
3167.8355
3166.5137
3165.1334
0.0000
3399.0761
3179.8990
3171.7807
3164.9176
3160.2128
3156.7558
3153.6469
3151.9542
3150.3982
3148.9182
3147.4578
3145.9832
0.0000
3382.9018
3161.2986
3152.7373
3145.9016
3141.2205
3137.8964
3135.2473
3132.9465
3130.8080
3128.7384
3126.6970
3124.6477
0.0000
3361.2387
3138.6469
3129.4865
3121.9852
3116.6206
3112.5464
3109.2632
3106.3466
3103.5992
3100.9233
3098.2660
3095.5968
0.0000
3327.5890
3107.5928
3097.9675
4581.9104
3726.9477
3597.9958
3572.3234
3556.7518
3544.0832
3533.3852
3524.3164
3516.4085
0.0000
3959.4638
3564.6658
4079.8885
3714.3956
3648.3575
3619.4151
3596.1315
3575.6100
3557.0282
3564.3603
3593.2303
3610.3994
3627.2638
3641.3280
6710.1567
5488.8764
5302.7236
5292.9212
7629.7143
8351.8550
9512.9136
9751.1763
10035.7367
10174.9603
10432.7211
10632.2949
10829.2112
10942.2429
11027.3163
11110.0607
11192.3721
11274.5493
11340.1954
11393.5635
11441.9349
11477.0895
11514.3917
11433.0478
10731.6992
10945.5206
11349.7330
11642.7401
11803.8411
11776.0197
11789.0768
11718.0906
11884.4243
11981.3956
12008.2017
11931.1706
11467.7428
11022.9483
11196.4000
11667.6624
12063.2036
12309.5872
12504.3035
10397.0874
10250.5453
10292.9859
10339.4549
10383.0397
10389.7265
10390.9544
10384.9366
10475.4816
11475.1242
12783.0153
13052.7257
13085.0977
12652.9979
12642.5404
12396.1084
12258.3565
11892.9427
11588.9061
11200.3050
9549.3392
8089.1192
7914.7071
7845.6186
8616.8857
10330.5861
10728.1784
10931.5687
11346.8176
11640.8119
11853.7900
12150.7907
12300.2966
12536.0279
12642.5839
12737.3284
12828.8978
12915.3827
12995.3481
13071.8967
13012.1445
12957.0665
11450.4632
11323.3589
11340.6653
11363.0844
11379.0463
11388.1607
11391.9163
11394.1936
11395.1622
11862.3902
13507.3551
13506.0333
13731.7490
13258.6458
13223.6407
13215.1300
13091.4524
12859.0482
12644.8485
12894.4093
13087.6992
13002.7256
12901.0423
12616.7207
12652.0878
13089.1265
12947.0435
12919.1019
13253.7606
13412.6649
13398.5522
13346.2590
13216.0799
12894.3351
12702.3228
12453.0686
11937.3285
11630.3581
11218.1130
8892.0271
8856.3195
8737.6331
8411.7444
7705.5576
8219.5397
7653.4148
7330.5901
6770.8273
6625.2262
6961.7684
6913.4398
6824.9664
6386.0147
7267.3360
6053.7369
5851.6275
5758.5276
5677.2064
5600.6604
5527.9853
5450.0639
5380.6220
5318.1107
5514.1867
6019.7833
6660.0475
6394.4519
5743.0763
5644.7054
5541.4634
5184.6592
5141.4656
4798.8303
4771.1132
4561.5470
4521.0353
4506.7239
4495.2467
5004.7863
5067.7577
5075.0458
5342.1994
5352.8123
5477.6819
5456.1514
5702.3409
5761.6266
5765.9333
5318.4548
5282.9392
5271.9621
5262.2119
5252.9261
5243.7783
5233.0451
0.0000
0.0000
0.0000
2935.2370
2926.5222
2936.2150
2966.8467
2996.6365
3008.4115
3027.0221
3032.2812
3019.4448
3015.2596
3135.7028
3167.4476
0.0000
3593.0469
3263.9976
3261.3795
3275.9195
3290.7323
3290.0159
3288.1067
3174.1126
3054.2285
3027.7585
3023.0383
3020.4783
0.0000
3239.1905
3039.6314
3034.5927
3030.7848
3029.0618
3028.5970
3028.7732
3030.0792
3031.5571
3033.1136
3034.6868
3036.2508
0.0000
3267.3348
3059.8633
3055.1349
3051.4717
3049.9714
3049.7346
3048.6326
3047.8665
3047.2645
3046.7322
3046.2181
3045.6904
0.0000
3270.5882
3063.9541
3056.5506
3050.7333
3047.0682
3045.3874
3044.3799
3043.7320
3043.2742
3042.9159
3042.6047
3042.3070
0.0000
3263.6385
3061.8216
3054.7526
3049.2258
3045.2101
3042.4923
3040.4710
3038.8288
3037.3823
3036.0365
3034.7376
3033.4550
0.0000
3246.8612
3050.4628
3042.3454
4401.4243
3627.7578
3515.6501
3498.4095
3490.2098
3485.0147
3481.6494
3479.6964
3478.8911
0.0000
3901.1867
3554.6476
4283.8658
3980.1168
3942.0222
3890.5305
3834.2783
3774.1782
3745.5352
3719.3554
3694.4397
3672.7371
3653.8499
3637.2879
6885.1922
5395.2672
5143.3231
5084.5486
5052.2372
5030.6938
5017.4694
5010.2569
5007.9605
5009.5569
5014.4742
5022.3665
5047.7499
5067.2462
5077.4048
5091.0123
5096.1257
5106.9124
5115.9121
5124.6069
5135.8080
5150.0082
5163.7305
5177.7080
5196.5834
5216.7531
5237.7947
5259.5929
5281.6123
5304.4565
5330.1769
5358.1839
5399.5734
5432.5714
5462.9197
5492.4580
5517.5687
5541.4320
5560.7146
5577.8315
5598.8937
5617.3873
5624.2662
5631.0831
5634.4216
5635.3656
5635.4347
5635.0441
5622.7551
5629.5515
5616.6692
5603.3673
5590.2490
5577.3689
5575.3751
5577.5481
5558.4558
5549.0494
5546.0533
5544.2231
5506.8481
5475.3391
5460.6335
5453.4669
5449.9845
5449.9818
5450.2623
5450.8928
5453.1071
5457.0659
5462.5256
5469.1833
5479.2606
5484.9469
5495.3425
5509.7139
5524.6772
5539.4637
5560.7968
5585.9317
5612.7219
5640.8393
5670.2664
5703.7325
5722.7346
5711.3600
5728.9122
5746.5465
5763.7514
5780.4719
5788.3566
5791.4636
5792.3659
5791.8746
5791.2070
5787.2254
5783.4747
5765.0881
5760.9163
5750.6706
5740.8123
5731.0746
5733.5734
5740.5219
5748.1015
5755.9362
5765.1016
5775.1324
5778.1328
5791.6499
5794.8224
5795.5608
5795.3762
5794.3137
5779.6514
5758.2789
5734.4635
5708.6611
5681.1196
5654.3595
2991.8023
3020.7042
3038.5996
3042.1602
3038.4958
3030.8172
3020.6806
3008.6730
2995.3944
2981.2899
2966.6363
2951.6194
0.0000
3200.0974
3220.7828
3210.3743
3200.9664
3192.8187
3185.0196
3177.5574
3170.2287
3162.8097
3155.5284
3148.2753
3142.0240
0.0000
3203.4429
3109.0842
3097.8764
3085.0466
3074.1775
3064.3232
3058.3842
3050.6138
3042.6607
3034.5005
3040.5010
3046.5026
0.0000
3230.0183
3082.5899
3082.2581
3082.4850
3084.8159
3088.3061
3092.3678
3096.6884
3101.1010
3104.6420
3108.1031
3111.4583
0.0000
3312.1755
3140.3255
3137.0539
3134.6158
3134.2993
3135.1938
3136.7075
3138.5200
3141.3488
3144.2667
3147.2281
3150.1952
0.0000
3364.6956
3179.1032
3175.5289
3173.1047
3172.9015
3173.9931
3175.7756
3176.1784
3176.7227
3177.3210
3177.9349
3178.5447
0.0000
3398.2111
3200.6999
3194.5417
3189.7574
3187.2047
3185.9579
3186.4412
3187.3044
3188.3698
3189.5355
3190.7448
3191.9779
0.0000
3419.3094
3216.2764
3210.6182
3206.4933
3204.6134
3203.0049
3202.0923
3201.5520
3201.2101
3200.9715
3200.7814
3200.6107
0.0000
3428.6247
3220.9552
3213.8044
3208.2739
3204.0351
3202.2712
3201.1791
3200.4287
3199.8423
3199.3253
3198.8239
3198.3095
0.0000
3426.7272
3217.8535
3210.1319
3203.2760
3198.6781
3195.3818
3192.7668
3190.5002
3188.4029
3186.3780
3184.3903
3182.4157
0.0000
3405.7308
3197.8693
3189.3468
3182.5836
3178.1903
3175.1292
3172.7876
3170.8308
3169.0786
3167.4327
3165.8360
3164.2595
0.0000
3383.3665
3185.3497
3181.2423
3178.7498
3178.6678
3179.9826
3182.0662
3184.5760
3187.3250
3190.2095
3193.1703
3196.2420
0.0000
3457.8896
3298.5390
3303.5399
3309.4710
3315.6996
3321.8350
3328.0677
3335.1922
3342.4406
3349.7128
3357.1495
3364.8387
0.0000
3632.4183
3420.8638
3424.4287
3430.6431
3439.4329
3449.7411
3460.6194
3471.7470
3483.0751
3494.5031
3505.7299
3517.9021
0.0000
3816.2646
3577.9802
3582.6664
3589.6589
3599.0702
3609.8967
3621.4823
3633.6464
3646.0283
3658.4817
3672.8035
3687.1298
0.0000
4080.5504
3758.2876
3767.4676
3780.6654
3795.9011
3812.4819
3829.7570
3847.3823
3865.1619
3881.2155
3897.2670
3913.2280
0.0000
4500.6288
4014.5971
4002.1785
4011.7702
4023.4205
4033.8910
4046.3350
4059.6859
4057.4465
4066.1222
4064.6927
4062.0745
0.0000
4646.5208
4097.0555
4068.5029
4060.9948
4055.2398
4052.9138
4050.3133
4048.7966
4047.3610
4045.9582
4049.5426
4051.3979
0.0000
4576.2269
4093.1693
4063.9058
4056.2000
4050.5262
4045.8132
4040.5845
4048.5715
4041.5234
4035.1928
4028.4787
4022.0046
0.0000
4542.2158
4048.2014
4021.1706
4014.2652
4009.3521
4002.8656
3983.1318
3978.5977
3973.7148
3968.9739
3964.3176
3959.7066
0.0000
4473.0611
3982.9234
3954.4898
3945.1848
3939.0749
3925.3479
3921.8758
3918.4320
3915.2217
3911.9403
3908.7257
3904.7427
0.0000
4402.3795
3928.1635
3900.0279
3890.0892
3882.0820
3875.1243
3868.6321
3862.2954
3855.9282
3849.4502
3842.9644
3836.4559
0.0000
4300.1904
3853.2855
3817.2149
3798.0371
3780.8585
3764.9070
3749.5950
3734.6098
3719.7742
3705.0620
3690.4269
3675.8245
0.0000
4120.5193
3667.4758
3613.1843
3594.5763
3577.4646
3561.6004
3546.3840
3531.5057
3516.9021
3502.4660
3488.1250
3473.8438
0.0000
3918.0557
3482.0940
3458.5324
3449.5094
3442.6308
3436.9948
3432.0202
3427.3898
3422.8904
3418.4511
3414.0263
3409.5930
0.0000
3875.1859
3429.7716
3407.6926
3399.2544
3392.9170
3387.7698
3383.2603
3379.0856
3375.1168
3371.1195
3367.0800
3363.7578
0.0000
3817.3821
3382.6637
3362.1796
3353.6053
3347.1595
3341.9642
3337.4273
3333.2349
3329.2180
3325.2809
3320.6151
3315.9729
0.0000
3751.6245
3329.3847
3309.8712
3300.0946
3292.4435
3286.0618
3280.3535
3274.9914
3269.8100
3265.9648
3262.1613
3258.4043
0.0000
3679.9773
3273.1537
3256.7316
3248.2086
3241.8342
3236.7746
3232.4355
3228.4911
3224.8662
3221.3478
3217.8914
3214.3995
0.0000
3620.5618
3227.4068
3213.3318
3204.6308
3198.1374
3193.3809
3189.7645
3186.5167
3183.4740
3180.5846
3177.7621
3174.9997
0.0000
3553.1974
3184.9014
3176.2613
3168.6785
3163.2044
3159.0242
3154.9713
3151.2421
3147.6513
3144.1461
3140.6659
3137.1816
0.0000
3472.7303
3145.1199
3134.9968
3126.3241
3119.7565
3114.5389
3110.0916
3105.9668
3101.9692
3097.9774
3094.0125
3090.0045
0.0000
3377.2270
3098.8304
3086.7404
3077.3371
3070.2802
3064.5322
3059.4760
3054.7833
3050.2761
3045.8567
3041.4740
3037.0978
0.0000
3297.8538
3045.3500
3033.2133
4614.4988
3729.6440
3591.2590
3561.1187
3541.3621
3525.6517
3513.1521
3502.4304
3493.1399
0.0000
3961.5753
3544.2588
4143.2241
3757.5710
3690.3290
3660.3724
3695.8727
3723.1417
3730.1563
3742.5504
3747.4077
3750.3055
3752.6968
3754.5369
6845.4661
5570.7669
5363.4223
5329.4980
6732.0894
8664.2302
9343.0389
9562.6692
9794.0396
10036.9615
10168.0920
10274.4770
10430.3592
10548.4084
10596.8020
10644.8329
10686.9063
10733.2070
10785.8169
10841.7999
10887.2460
10877.3081
10885.7291
10878.5791
7009.1520
6244.7837
6443.7439
6572.9978
6610.2808
6635.1207
6670.2934
6719.5875
6762.3141
6805.6104
6828.3081
6786.1482
6566.1324
6655.1205
6745.7352
6856.6134
6961.4134
6878.7844
7233.5413
6318.5965
6277.2806
6321.7987
6364.1478
6402.9143
6420.8249
6434.7182
6445.8873
6878.9728
7075.7062
7751.4255
7752.9437
7601.0828
7327.2584
7331.3939
7179.2859
7033.5491
6736.8262
6627.4836
6545.0828
6397.9644
6012.1182
5928.5819
5879.2845
5834.1882
6119.2923
6297.3048
6493.3461
6634.5548
6683.3517
7017.1613
7084.3830
7180.1059
7241.6991
7270.4025
7311.3126
7352.2890
7392.2153
7431.2974
7469.7776
7507.8268
7895.5727
6791.6139
6698.9562
6712.0864
6726.5252
6738.9211
6740.3984
6733.6252
6721.7172
6705.7810
6686.5994
7810.3496
8031.1164
7819.3966
7443.5105
7393.3486
7367.7662
7368.5160
7106.6355
7071.7433
6941.1463
7142.9405
7262.4608
7137.7951
7119.0534
7006.0250
7281.6168
7316.0325
7541.2289
7555.3736
7541.8091
7639.8370
7637.8960
7625.1359
7602.6322
7463.6988
7415.5448
7263.2530
7017.3438
6762.9659
6164.0104
6538.9201
6214.1793
6123.5712
6383.5152
6323.4027
5770.2854
5582.7827
5522.8191
5560.6769
5470.8620
5439.8379
5437.0600
5403.3261
5548.4906
5161.0481
5016.3089
4968.1813
4932.9003
4906.2430
4879.9721
4850.1139
4831.7370
5031.8784
5379.2104
5384.6580
5358.3166
5321.7891
5054.7677
5016.9591
5423.4580
5262.1950
5176.5253
5159.6153
5162.4013
4817.2702
4774.1472
4764.0493
4757.9112
4752.2189
5216.8721
5246.0204
5228.9228
5224.3668
11192.1275
7275.9916
7243.3180
6629.4433
6475.8312
6374.8936
6396.1336
6329.3519
6264.3429
6211.6392
6164.9327
6105.7645
0.0000
0.0000
0.0000
3132.3016
3078.2142
3095.8151
3111.9824
3128.5716
3144.6745
3159.8911
3177.4984
3205.0101
3187.4568
3139.9999
3140.7205
0.0000
3742.7903
3373.4539
3385.1940
3403.7990
3413.4058
3415.0620
3316.3749
3271.3985
18577.2055
17312.8553
15440.0024
14364.8386
0.0000
12499.6935
14175.4134
13225.8211
12688.4856
12323.6333
12048.6787
11828.0888
11642.1420
11482.8399
11344.1802
11222.0301
11113.3782
0.0000
10109.6758
11883.3073
11324.2479
11056.5911
10896.2597
10783.5341
10696.8672
10624.7975
10562.2797
10506.6206
10456.2442
10410.1283
0.0000
9472.4489
11253.4233
10760.7110
10539.5805
10417.1867
10335.4047
10273.3277
10221.7970
10176.6097
10135.6579
10097.7793
10062.2697
0.0000
9116.1984
10900.2799
10425.4659
10213.1621
10098.2633
10024.9409
9971.4698
9928.5764
9891.9751
9859.5103
9829.9970
9802.7303
0.0000
8848.9443
10646.5171
10188.4563
9994.1285
9896.0686
9839.5733
9802.7188
9776.2385
9755.8529
9739.4267
9725.7977
9714.5894
0.0000
8772.5428
10688.5666
9509.1099
9214.6157
9049.9863
8942.6810
8866.7632
8808.8375
8761.3456
8724.1666
8693.8326
8679.9231
8680.1659
8684.3309
9001.1963
8879.9802
5767.0235
4482.5256
3818.5406
3689.0797
3560.3851
3476.0289
3429.3555
3384.5521
3385.5597
3388.4449
3391.8218
3397.0210
3402.8165
3409.3946
3416.4794
3462.2988
3492.2767
3513.4068
3532.6387
3553.6632
3560.9851
3583.3810
3598.8745
3622.6345
3646.2085
3671.8647
3697.5364
3722.9149
3747.8444
3772.5134
3795.6978
3820.7583
3845.6182
3870.2077
3887.7437
3903.4472
3920.3912
3938.2367
3960.1282
3984.1791
4005.9777
4029.2865
4039.2399
4055.2050
4076.2365
4098.6723
4102.2047
4105.6136
4130.7277
4146.8925
4116.8483
4125.8104
4132.2642
4136.2573
4135.2860
4134.5902
4135.5225
4133.5067
4131.5904
4124.5474
4116.4727
4101.7213
4084.3917
4063.3565
4046.1599
4032.8223
4021.7721
4014.0850
4013.8639
4020.0685
4023.7798
4026.7748
4032.4288
4038.0896
4044.3680
4048.8995
4052.2292
4070.2906
4078.5917
4083.2582
4087.0858
4089.7160
4077.9901
4067.2758
4063.2090
4114.9505
4161.6199
4182.2068
4200.3105
4227.1422
4251.9165
4270.9980
4227.6496
4170.8192
4164.9214
4130.5657
4150.2289
4210.1419
4224.7234
4233.5386
4238.8974
4227.5575
4201.8842
4227.8459
4233.0861
4308.3213
4344.4477
4346.1923
4360.7798
4368.9340
4369.6158
4363.3496
4377.1461
4402.8611
4421.6056
4421.9390
4396.8716
4368.7183
4320.5255
4245.0249
4194.9250
4170.8519
4128.8355
4095.5609
4048.3535
4006.8091
3989.9814
3992.6510
3978.7623
3952.3292
3925.6813
3908.7855
3876.6313
3875.5078
3875.6415
3872.0111
3801.8022
3777.4077
3750.3918
3726.8108
3706.9036
3689.8495
3674.6536
3659.8633
3645.7419
3632.1991
3622.5608
3611.4307
3599.5341
3588.5632
3577.3742
3590.0033
3572.4844
3553.5826
3541.3216
3537.5997
3540.8194
3537.7827
3511.5608
3504.1701
3498.4217
3518.9867
3534.4432
3542.3146
3541.7218
3550.4180
3550.1336
3559.2621
3578.1790
3553.4337
3593.6772
3606.0578
3610.3888
3614.3010
3617.8938
3620.9392
3624.3138
3613.5120
26810.8086
26092.5394
25557.1624
22671.0496
20603.3548
19135.8717
18036.7654
17288.1265
16542.5840
16021.3595
15516.0143
15213.0922
0.0000
14271.3320
16111.9931
15123.6180
14599.2664
14260.2610
14010.6234
13811.0645
13643.5910
13498.8999
13358.5876
13230.7962
13008.1891
0.0000
11775.2466
13550.7037
12880.4826
12550.7019
12347.3469
12200.9710
12084.1468
11984.9103
11897.4581
11818.6472
11746.5021
11679.4941
0.0000
10761.2866
12578.2608
12018.5017
11759.9503
11610.3069
11507.6533
11427.8140
11360.5201
11300.9863
11245.2404
11193.3220
11144.4546
0.0000
10223.8708
12041.6067
11512.7809
11271.9992
11135.3500
11043.2828
10972.4916
10913.0791
10860.2973
10812.0458
10766.9846
10724.3315
0.0000
9789.4700
11606.2224
11095.8456
10864.1571
10733.7178
10646.4753
10579.7980
10524.1916
10474.8865
10429.8360
10387.8202
10348.0931
0.0000
9397.8745
11209.9846
10716.1135
10491.4367
10365.5678
10282.0228
10240.6419
10215.6984
10200.1716
10190.6138
10185.2233
10182.9529
0.0000
9280.2668
11146.6299
10698.8643
10517.0776
10520.5662
9687.6760
9530.8998
9426.8820
9349.4734
9289.9751
9244.9304
9209.2173
9177.9979
9179.8426
9192.0374
9208.2482
9228.3077
9507.5846
7565.4131
4319.8614
3782.2699
3429.7581
3380.6025
3393.1294
3392.0898
3399.4409
3430.9870
3454.6247
3496.9774
3522.3564
3548.0896
3573.0458
3597.1776
3620.4906
3643.2409
3665.5408
3687.7346
3710.0213
3732.1768
3753.9582
3773.4180
3800.7749
3840.4793
3878.0521
3927.3192
3968.3832
4003.7807
4029.0875
4049.2688
4066.4422
4083.3172
4099.4625
4087.5952
4093.8824
4100.9309
4088.5905
4106.2659
4146.2663
4165.3696
4147.2945
4104.4412
4109.7902
4119.8919
4131.6537
4175.1272
4208.7170
4234.5452
4258.2724
4264.7368
4238.0495
4212.4387
4238.2792
4282.5424
4304.4230
4319.4835
4326.1767
4330.3812
3926.5327
3914.6996
3918.9508
3913.1244
3910.3453
3899.5972
3892.6466
3888.7377
3887.0822
3895.1185
3909.1248
3945.9198
3990.3510
4059.9680
4084.3472
4110.2801
4128.2919
4144.9331
4160.5036
4175.1456
4189.1582
4202.7445
4217.5376
4215.1521
4179.7762
4180.4524
4187.8850
4315.5425
4332.0648
4351.3883
4361.7014
4388.8761
4397.3217
4403.4498
4365.5274
4260.1431
4161.3688
4119.4877
4120.3649
4173.6134
4169.2059
4156.1273
4159.8828
4226.2192
4218.5126
4179.8177
4182.4628
4266.9660
4252.6482
4285.1517
4308.4092
4314.1889
4295.7055
4313.8938
4309.9728
4316.8901
4315.9886
4305.6160
4297.1508
4268.3059
4193.6774
4044.2604
3957.8462
3921.5842
3904.0602
3857.8521
3869.1403
3829.4064
3862.8959
3830.8479
3730.3589
3710.9221
4167.2569
4066.0193
3998.1568
4005.4608
3968.6536
3948.9655
3910.7377
3823.2737
3795.2196
3771.2015
3759.1807
3750.3321
3741.9895
3705.6309
3698.6871
3690.8026
3682.7436
3677.0790
3677.0015
3671.4996
3711.1270
3726.8440
3730.9230
3754.2381
3701.9392
3703.3801
3679.9508
3674.4925
3615.1987
3683.0361
3681.6643
3681.0030
3682.2622
3675.9120
3660.9353
3662.1770
3649.4611
3606.4875
3651.5105
3684.3108
3701.4066
3631.7252
3677.8306
3682.5646
3686.2837
3689.3894
3692.0253
3687.9898
26979.0412
26252.2813
25718.0644
23754.3353
21464.0617
19863.3100
18665.7746
17739.1975
16996.3621
16432.3767
15970.5590
15566.1849
0.0000
14583.9845
16518.1028
15521.6894
14997.1580
14659.8648
14414.0353
14219.7104
14058.6665
13921.3383
13793.2930
13593.1268
2844.0085
0.0000
3791.7770
3556.9880
3535.6797
3542.9407
3550.3063
3556.9240
3562.9631
3568.5602
3573.8239
3578.8213
3584.4612
3589.8798
0.0000
4031.3179
3672.9842
3629.2605
3625.5876
3626.1061
3628.0392
3630.5915
3633.3936
3636.2550
3633.3519
3630.0078
3626.1427
0.0000
4036.9577
3680.5784
3628.4524
3615.1716
3606.0868
3598.5455
3591.6314
3584.9432
3579.0919
3573.2133
3567.2552
3561.1843
0.0000
3974.7214
3605.9226
3554.1134
3540.8354
3530.5701
3521.7027
3513.5205
3504.8575
3496.3281
3487.8336
3479.3211
3470.7666
0.0000
3884.2845
3503.3831
3453.5822
3438.3089
3425.9829
3415.0870
4849.7191
4566.7396
4301.8734
4235.9787
4197.9062
4166.6811
0.0000
4627.2276
4301.3063
4126.4153
4088.3077
4070.0353
4614.2535
4385.1265
4313.5984
4278.6105
4255.2772
4246.1593
4244.3815
4253.0968
4258.9480
4253.3157
4247.4205
4241.4398
8700.5189
6745.9006
6409.4202
6366.8386
8503.9833
9942.0348
10500.2221
10817.1913
11228.9870
11522.6143
11781.0864
11964.7949
12084.2586
12205.7100
12320.2779
12408.9762
12509.8408
12612.3448
12704.1756
12812.2209
12893.4695
12971.6250
12903.3635
12576.4561
12673.1190
12745.8919
13169.3823
13386.7773
13467.6870
13538.7454
13602.2522
13661.1803
13687.8884
13730.6567
13733.3889
13482.8841
13511.6401
13538.0699
13309.7205
13385.7801
13612.1970
13858.3591
14289.7286
12884.0929
12535.4842
12554.5096
12608.6286
12660.2684
12646.0366
12626.6199
12601.6782
13627.5503
14466.5671
14687.7636
14788.3545
14786.1293
14241.6289
14187.0444
14177.4212
14129.9045
13908.5798
13407.9350
12978.7838
10965.7539
10580.0814
10407.2028
10321.8182
10366.6964
10703.5685
11335.9134
12407.3378
12640.5876
12691.1147
12817.4342
13055.9245
13346.3547
13585.2325
13689.2322
13778.5373
13827.2618
13860.2676
13883.0686
13897.3096
13726.9598
14140.8751
12143.8930
11672.9395
11605.7776
11572.5960
11544.0909
11531.6004
11528.3315
11999.5238
12065.2544
13192.3721
14558.4078
14654.2852
14479.7471
13981.9602
13968.0862
14028.5113
13804.0440
13646.8435
13591.0781
13924.6505
14149.3114
14209.3778
13851.8005
13672.4657
14038.5477
14661.7026
14901.7766
14976.4574
15114.7954
15163.0580
15169.0264
15165.0539
15047.0940
14693.3327
14540.0412
14185.2820
13869.0701
13583.6361
13077.4715
11109.8912
11367.8780
10710.7151
10160.4421
10391.4022
10260.5330
9496.9436
9253.6551
8918.9523
8013.2636
8430.7725
8323.5030
8295.0993
8141.9772
8549.4970
7392.7898
7184.8799
7065.9164
6958.2377
6856.5354
6759.7906
6650.9332
6557.0922
6545.1387
7025.0764
7976.8474
8013.7991
6905.6486
6761.2853
6682.9896
7071.8895
6334.5584
6149.5545
6085.0552
5341.3838
5174.8168
5117.6411
5074.3213
5035.0618
5256.3476
5247.7719
5873.4279
6171.1986
6264.8381
6296.2612
6896.5313
6456.6193
6412.8071
6400.3260
6387.2889
6373.5403
6359.1073
6344.0934
6328.5991
6312.7125
6296.5075
0.0000
0.0000
2945.2406
3035.5096
3071.4730
3113.7887
3166.8506
3185.5970
3200.9514
3215.8762
3214.3638
3250.5387
3236.4103
3267.7783
0.0000
3830.8832
3435.3330
3417.3552
3425.3605
3434.4174
3443.4968
3472.4978
3482.1347
3363.8163
3207.1423
3182.9465
3179.3997
0.0000
3491.9590
3192.9340
3187.3946
3183.0378
3180.7190
3179.6417
3179.1970
3179.0644
3179.1878
3179.3532
3179.5058
3179.6186
0.0000
3535.1263
3195.9776
3189.9696
3185.1418
3182.2076
3180.4792
3179.3808
3177.7333
3176.2372
3174.8079
3173.3953
3171.9751
0.0000
3517.9207
3183.4855
3176.6585
3170.3454
3165.8893
3162.5998
3160.7430
3159.2243
3157.8762
3156.6102
3155.3763
3154.1496
0.0000
3479.6150
3167.9419
3160.6854
3154.5010
3150.3272
3146.5896
3143.5019
3140.7568
3138.1889
3135.7065
3133.2612
3130.8512
0.0000
3429.6036
3142.4061
3133.2934
3125.7565
4541.3606
3812.5068
3681.3529
3654.4699
3637.8238
3624.6541
3613.8513
3604.8577
0.0000
4036.3654
3656.1833
3608.8780
4162.1352
3807.3968
3751.9023
3734.1638
3721.9704
3753.5007
3789.0810
3806.6650
3817.7178
3826.9132
3834.9719
3842.2053
7548.1224
5960.3290
5714.0236
5677.8774
7824.2668
9370.0857
10085.2523
10370.9034
10719.0057
10989.0659
11240.0908
11458.9126
11716.6755
11836.3532
11920.7317
12003.5013
12086.4985
12169.5771
12246.0387
12315.9200
12378.2786
12437.6364
12315.3403
12100.3559
12286.5107
12412.6745
12536.8484
12820.2865
12866.4296
12942.2806
13000.9283
13055.5380
13078.6003
13135.0830
13201.0582
13007.4874
12797.4654
12649.9813
12712.1586
12882.6975
13236.6360
13430.8358
13921.6995
12281.5428
12087.6728
12100.3377
11982.7954
12000.5950
11987.4292
11492.8484
11412.4826
11818.3371
13308.5151
13730.9983
14155.1760
13605.4715
13629.3473
13634.6333
13538.6532
13442.9176
13148.8060
12050.2024
11835.7077
10008.8569
9774.1882
9684.7776
9621.8029
9674.6323
9653.2796
11016.8847
11942.7071
12163.8486
12355.1064
12832.0578
13013.2541
13196.8968
13487.9621
13613.7957
13715.0135
13805.0565
13890.1253
13971.8439
14049.2849
14079.7846
14545.2937
12510.9962
12264.6785
12272.1156
12292.5325
12316.3365
12329.3742
12336.3217
12345.9546
12351.5187
13304.5484
14673.5420
14890.0586
14839.6453
14325.6284
14281.3805
14278.4406
14297.4481
14254.0000
13745.4788
13677.1236
13965.0947
14148.8564
13940.1269
13544.2849
13499.2277
13647.3199
13893.0850
14001.8858
14495.2436
14692.5850
14663.2735
14612.7895
14412.4711
14294.8428
14032.3147
13691.8664
13380.5098
12406.4744
11536.1481
10065.3464
10376.4273
10191.5901
9531.9462
9418.7451
9683.2142
8927.7224
8729.9629
15166.6837
15866.3871
15692.4454
15521.2094
15394.5943
15291.6927
15204.4239
15110.9868
15037.8217
14967.7004
14901.0924
14836.8512
14779.2367
14723.3643
14669.0271
14616.0543
14564.1245
14511.7599
14458.7876
14404.7627
14354.5106
14305.2870
14258.2243
14208.1518
14187.8569
14158.1701
14140.0218
14123.3320
14107.1711
14092.8542
14080.0783
14068.5756
14058.1296
14050.1648
14046.1605
14042.5542
14037.3791
14033.1511
14030.3964
14027.7535
14025.6002
14023.9347
14021.2158
14017.6531
14013.3957
14008.5716
14003.2739
13997.5851
13993.2657
14075.9558
14135.4394
14189.8544
14235.4863
14270.1722
14297.7286
14319.5690
14336.8228
14349.5135
14359.5292
14363.3780
0.0000
12810.6947
14835.2351
14608.2721
14515.3860
14461.5612
14419.7778
14384.5845
14353.7121
14325.8748
14296.7738
14262.5738
14216.2826
0.0000
12166.4440
14478.2668
14319.9844
14239.5819
14182.4812
14135.8826
14096.2476
14063.0375
14033.7142
14007.3292
13978.3975
13951.1960
0.0000
11875.9102
14198.1997
14053.9220
13982.3160
13929.2180
13887.7214
13851.0117
13817.8223
13785.4645
13771.9863
13761.6431
13753.8494
0.0000
11694.0671
14040.9331
13927.1530
13879.2419
13853.9177
13835.6088
13821.7610
13811.3469
13802.2033
13797.2518
13794.0899
13792.3821
0.0000
11705.7428
14085.9602
13979.3702
13937.6436
13915.3538
13899.3177
13887.5268
13878.5399
13872.0945
13867.6723
13864.8766
13863.3993
0.0000
11742.4453
14153.0306
14048.6813
14009.3238
13986.3541
13969.5591
13976.0700
13985.3413
13996.7736
14009.9253
14024.4482
14040.0684
0.0000
11918.6118
14381.3540
14293.6006
14272.7047
14265.5126
13261.9909
13110.6110
13000.8991
12916.6209
12850.9183
12799.7894
12760.2166
12729.8862
12707.0164
12690.2142
12678.3820
12670.6468
13505.5340
13587.4057
13659.4927
13722.8585
13779.1729
13829.7643
13875.6958
13917.7994
13956.7365
13993.0455
14027.1550
14059.4091
14101.1221
14142.3294
14183.1075
14223.5218
14263.6254
14303.4656
14343.0845
14382.5201
14421.8040
14460.9652
14500.0306
14539.0183
14580.0216
14620.8303
14661.4814
14702.0038
14742.4239
14782.7669
14823.0484
14863.2849
14903.4908
14943.6744
14983.8474
15024.0186
15062.2103
15100.5868
15139.1344
15177.8279
15216.6614
15255.6216
15294.7014
15333.8961
15373.1978
15412.6062
15452.1150
15491.7241
15517.5356
15542.7424
15567.4430
15591.7272
15615.6535
15639.2854
15662.6660
15685.8289
15708.8065
15731.6261
15754.3073
15776.8678
15800.6168
15824.0296
15847.1498
15870.0199
15892.6663
15915.1212
15937.4003
15959.5239
15981.5052
16003.3553
16025.0890
16046.7064
16067.0730
16087.5990
16108.2552
16129.0221
16149.8624
16170.7723
16191.7289
16212.7256
16233.7475
16254.7945
16275.8527
16296.9201
16270.3539
16243.6894
16216.9237
16190.0673
16163.1229
16136.0991
16108.9987
16081.8264
16054.5879
16027.2834
15999.9137
15972.4859
15939.4687
15906.2468
15872.8517
15839.3123
15805.6436
15771.8682
15737.9984
15704.0413
15670.0133
15635.9161
15601.7654
15567.5659
15538.7464
15510.0313
15481.3943
15452.8198
15424.2907
15395.7925
15367.3211
15338.8639
15310.4157
15281.9724
15253.5300
15225.0843
14007.8237
13911.5663
13814.9777
13730.3985
13655.4779
13588.3963
13527.7386
13472.3979
13421.4948
13374.3244
13330.3141
13289.0007
0.0000
12392.5272
14730.5837
14681.4699
14698.8344
14720.6822
14733.2067
14737.0895
14733.7929
14724.5796
14710.4782
14692.3319
14675.5056
0.0000
12579.5377
14936.1093
14777.8619
14701.9757
14647.3293
14598.3453
14552.8148
14509.8127
14468.7239
14429.0978
14413.6559
14399.7587
0.0000
12298.9417
14684.2347
14549.6457
14493.0527
14456.4079
14426.5052
14401.1194
14379.1811
14357.9773
14338.2008
14319.6195
14302.0015
0.0000
12174.4443
14564.4579
14430.1872
14371.1156
14329.5367
14294.4345
14263.7614
14236.4742
14212.0833
14192.2911
14174.5361
14158.4273
0.0000
12021.9550
14416.6094
14291.2962
14238.7415
14201.5092
14170.6496
14144.2375
14117.5128
14094.0669
14073.2287
14054.4802
14037.4188
0.0000
11879.6536
14282.4579
14161.3480
14110.4905
14072.7125
14041.1302
14021.0302
14004.9879
13992.1512
13981.8631
13978.7156
13981.3592
0.0000
11829.8753
14284.6081
14188.4076
14157.6791
14139.2892
14122.6840
14109.9467
14100.1724
14092.7141
14087.0795
14082.8991
14079.8801
0.0000
11871.7742
14366.3552
14267.1872
14227.8546
14200.4301
14178.3808
14160.1599
14144.8639
14131.8384
14120.5946
14110.7679
14102.0643
0.0000
11864.9008
14369.0046
14268.3338
14225.1741
14194.1615
14169.9029
14150.5988
14135.1263
14122.6634
14112.5877
14104.4198
14097.7917
0.0000
11856.5265
14367.0175
14270.9040
14226.5803
14193.4404
14166.4430
14143.9269
14124.8573
14108.4895
14094.2543
14081.7236
14070.5546
0.0000
11823.1364
14349.8626
14282.3088
14264.9990
14259.5615
14260.9676
14267.4502
14277.9019
14291.4906
14307.5942
14325.7272
14345.5130
0.0000
12336.1996
14707.7976
14605.7382
14577.3192
14563.0399
14555.2822
14552.0457
14552.2568
14555.1521
14560.1685
14566.8662
14574.9073
0.0000
12577.2073
14957.3222
14854.6562
14833.9007
14828.7667
14830.8584
14838.0063
14849.0395
14863.1373
14879.6831
14898.1953
14935.6628
0.0000
13062.3360
15412.2772
15301.4819
15294.5652
15305.4337
15321.4155
15344.3758
15370.9862
15400.4290
15432.0949
15464.9978
15499.2481
0.0000
13671.3473
16004.2449
15866.1946
15850.6352
15856.6570
15871.1095
15890.8617
15914.4817
15941.0389
15970.3992
16001.5695
16034.1550
0.0000
14215.0908
16556.3844
16399.8352
16380.3480
16383.7189
16395.5620
16412.6367
16433.5543
16431.2282
16432.9827
16438.6633
16447.6682
0.0000
14542.9319
16904.7116
16726.0456
16686.8874
16673.6718
16669.1151
16670.0904
16664.9189
16661.9880
16660.8458
16661.1316
16662.5730
0.0000
14691.9033
17092.2106
16905.1254
16851.9588
16824.5073
16805.4236
16801.5881
16802.7783
16807.9360
16816.2518
16827.1120
16840.0328
0.0000
14957.5040
17334.5261
17146.0514
17101.9530
17087.5786
17030.1392
16977.7397
16929.0479
16883.2088
16839.5825
16797.6903
16757.1592
0.0000
14806.8994
17097.4758
16851.6153
16747.6176
16672.2590
16605.5821
16544.1549
16486.6212
16432.0938
16379.9277
16329.6287
16280.8247
0.0000
14366.7863
16595.5283
16345.7468
16236.0752
16160.2362
16094.2558
16034.4195
15979.1699
15927.4907
15878.6112
15831.9486
15787.0575
0.0000
13743.7695
16074.2640
15859.8653
15758.3703
15686.6699
15623.6219
15566.0594
15512.6202
15462.3941
15414.7028
15369.0343
15324.9830
0.0000
13222.3136
15592.7743
15400.5989
15307.9698
15242.2901
15185.1025
15133.4735
15086.0558
15041.9317
15000.4080
14960.9581
14923.1750
0.0000
12763.5538
15165.9002
14986.5456
14893.7112
14823.6637
14761.4142
14704.3996
14651.3686
14601.4510
14554.0044
14508.5221
14464.6303
0.0000
12331.3773
14756.9847
14616.2557
14553.5031
14509.7632
14473.2003
14441.5590
14413.6745
14388.7330
14366.1262
14345.3733
14329.3065
0.0000
12181.0738
14608.9208
14479.3186
14424.8033
14386.8186
14355.8603
14329.8475
14307.6389
14288.4196
14271.5852
14253.9871
14237.4332
0.0000
12070.9572
14496.4052
14369.4320
14314.9669
14274.3148
14240.0891
14210.4217
14184.2611
14160.8485
14140.2395
14122.8659
14108.1093
0.0000
11935.1385
14363.3079
14249.0473
14203.4355
14170.6078
14144.2335
14122.5153
14104.4042
14092.0014
14081.6623
14072.9883
14065.6718
0.0000
11884.2470
14333.5110
14228.5181
14187.0692
14157.7081
14134.5148
14115.7666
14097.5757
14082.2844
14069.3034
14058.1663
14048.5197
0.0000
11843.5143
14307.3082
14204.5298
14160.9869
14129.2928
14103.8307
14083.6374
14071.1132
14061.4302
14054.0014
14048.3723
14044.1923
0.0000
11823.8257
14317.8989
14224.8691
14186.3594
14159.3888
14138.1482
14121.2444
14107.6816
14096.7355
14087.8608
14080.6387
14074.7438
0.0000
11819.4230
14341.7424
14251.1395
14210.2696
14181.1497
14158.6156
14140.9380
14127.0109
14116.0271
14107.3699
14100.5707
14095.2625
0.0000
11808.2729
14363.1893
14277.7104
2902.5033
2763.0363
2767.9773
2776.1058
2785.9438
2848.6305
2888.3282
2933.5739
2948.0166
0.0000
3192.0978
3022.1997
3669.6773
3215.6722
3188.2391
3165.5106
3137.0127
3115.0841
3095.5775
3080.6819
3070.3028
3063.5807
3059.5210
3058.5633
4692.4330
4436.1468
4305.0956
4258.7691
5190.9107
6077.1327
6598.5345
7244.7569
7681.8259
7867.5559
8086.6652
8255.4287
8523.2229
8852.8901
9001.4695
9138.7877
9252.4259
9370.7064
9519.6714
9673.2651
9819.1453
9944.1824
9837.4053
9816.0580
10088.6558
10261.9795
10726.7632
10797.9984
10912.7495
11034.4132
11149.1342
11111.0691
11262.2028
11358.7480
11422.1439
11123.4618
10942.1816
10874.4573
10836.4056
11127.9950
11406.7516
11606.7519
11442.0561
10108.7648
10009.4845
10110.4600
10218.2876
10322.3199
10386.7015
10421.0981
10469.8326
12137.2920
12461.2304
12536.5006
12759.2239
12787.2575
12323.6928
12354.5805
12236.3278
12161.5018
11784.8237
11370.6149
10668.6292
8904.9614
8751.1207
8720.0713
8697.5303
8692.4022
9166.1896
9196.3213
10541.4718
10926.8458
11401.7511
11987.8349
12254.4725
12587.9082
12785.2632
12924.5541
13046.2637
13155.4666
13257.3954
13352.9186
13443.4091
13498.8827
13661.7711
11770.6547
11599.9988
11593.2619
11598.4678
11601.2081
11610.1765
11620.4704
11629.3071
11658.2650
12447.3301
13863.4983
14070.5882
14084.0119
13546.1649
13512.4877
13560.0024
13464.0339
13109.4886
13310.4957
13545.0637
13622.8950
13580.9954
13209.2124
13156.1926
13220.5264
13707.1248
13772.6658
13990.3963
14025.8480
14161.2221
14127.9493
14067.8079
13921.3512
13719.1783
13349.4419
13127.1791
12919.5640
12637.7793
11369.2812
9461.4891
9488.0519
8906.7813
8947.1070
8138.6508
8827.2073
8173.0222
7590.0920
7358.6231
6853.5824
7068.2386
7472.7912
7395.2070
7294.2136
7230.3417
6449.1146
6342.5686
6266.8333
6195.0339
6123.1630
6061.9181
5991.7379
5930.0427
6396.0532
7090.3032
7457.6935
7535.6807
6456.9721
6347.1839
6296.1541
6679.2453
6417.3129
5695.5246
5512.8332
5463.4165
4888.2742
4865.4321
4851.6529
4839.4149
4980.1549
4982.0124
5877.6550
5959.8531
6299.7244
6346.4985
6489.3764
6502.6583
6505.8727
6040.4492
6003.4106
5990.8559
5979.1394
5969.3619
5959.5339
5949.8947
5955.9441
0.0000
0.0000
0.0000
3288.5220
3266.5895
3285.2378
3302.1958
3319.5172
3355.5377
3387.8547
3411.1203
3404.5081
3424.9434
3368.7586
3456.9173
0.0000
4134.2823
3645.3603
3619.8696
3627.5497
3642.9468
3623.1829
3538.0515
