226.9068
225.5700
217.9004
209.1560
201.7164
195.3780
195.5304
205.0784
199.0296
193.3827
188.4653
184.1934
180.4792
177.2430
174.4169
171.9405
169.7619
167.8383
166.1321
166.3064
179.6442
176.7601
173.7778
171.1040
168.7223
166.6014
164.7093
163.0163
161.4927
160.1153
158.8649
157.7254
157.9059
171.0139
168.5917
166.0329
163.7184
161.6421
159.7811
158.1099
156.6044
155.2417
154.0038
152.8739
151.8362
152.0211
164.5694
162.2874
159.8727
157.6821
155.7111
153.9392
152.3432
150.9009
149.5923
148.3993
147.3083
146.3054
146.4943
158.4715
156.2715
153.9484
225.9907
237.3472
244.0122
248.9620
252.6647
255.3835
257.3131
258.6070
259.3870
259.4915
287.6929
284.6917
337.2493
374.2478
407.4856
437.9679
466.0278
491.9299
515.8336
537.9305
558.3791
577.3088
594.8329
611.0716
624.1317
633.5548
640.8004
646.2480
653.0824
659.2269
664.6600
669.7390
673.4880
676.7275
680.0415
683.6031
687.6052
695.9547
704.5901
713.4856
722.6011
731.8686
741.2259
750.6236
760.0161
771.3714
786.4506
798.0789
804.8605
811.8764
819.0282
826.1156
833.0000
839.9369
846.9123
853.7249
860.5028
867.2710
876.1060
884.1967
889.2581
897.7630
907.1614
913.3557
919.1339
924.7573
925.5359
928.8253
929.0199
930.7260
933.5553
937.2019
941.4436
946.1093
951.0520
956.5201
962.2314
966.7978
970.2950
974.8071
975.4857
976.7613
990.9771
995.1311
1002.8359
1002.7676
1003.8986
1004.8905
996.1459
987.3498
978.5735
970.3618
963.0489
956.9840
951.0629
947.6157
948.9637
944.3285
940.9951
938.9482
938.0412
940.2630
941.0640
942.6912
944.9988
947.8625
951.1771
956.8618
960.5781
966.7588
969.0206
972.2654
976.2105
980.6625
985.4837
990.5453
995.7484
1001.0200
1006.4436
1012.0149
1015.4643
1017.5994
1022.3412
1024.8817
1025.6770
1029.1662
1034.7769
1038.0069
1043.3207
1048.2597
1051.0362
1053.7818
1056.7351
1059.7664
1062.9048
1068.3350
1071.6628
1075.3716
1079.4360
1083.6264
1088.1329
1094.8226
1101.0975
1110.9680
1123.5667
1127.2040
1129.0126
1126.6861
1124.3066
1117.1248
1107.3072
1100.4682
1093.4362
1085.0137
1076.6280
1067.5928
1060.6003
1050.9859
1040.0602
1032.6305
1024.4621
1016.5168
1010.2753
1000.6788
991.7620
983.4086
975.5561
968.1414
961.1182
954.4448
948.0760
942.4368
937.0489
933.8104
929.0812
923.1313
917.3906
911.8268
906.0007
900.3523
894.5863
888.3261
882.1647
876.0854
868.6398
861.4843
854.3823
852.4535
847.8856
842.0569
836.1337
833.8009
828.0622
816.1931
805.3920
795.6224
786.8059
777.6432
769.5645
762.1435
755.2948
748.9394
743.0100
737.4312
739.4279
741.4225
743.4151
663.6082
594.4568
534.6763
483.0055
438.3485
399.7589
366.4191
337.5849
312.6391
290.9325
274.2400
257.8368
260.1900
259.1232
246.7819
236.1251
227.2578
219.9468
213.9357
212.0754
210.7776
203.2693
194.6634
187.3752
181.1961
181.3585
189.4327
183.7351
178.4844
173.9304
169.9920
166.5843
163.6305
161.0632
158.8245
156.8653
155.1436
153.6239
153.8064
165.8398
163.2786
160.6558
158.3048
156.2136
154.3564
152.7053
151.2340
149.9192
148.7401
147.6793
146.7208
146.9082
159.0481
156.9286
154.7031
152.6974
150.9078
149.3158
147.8995
146.6373
145.5100
144.4999
143.5918
142.7722
142.9623
154.9071
152.9429
150.8712
149.0051
147.3417
145.8642
144.5520
143.3844
142.3427
141.4116
140.5764
139.8239
140.0161
151.7469
149.8676
147.8821
227.4791
241.3013
249.9607
256.5966
261.7101
265.6172
268.5553
270.7119
272.2374
272.3316
302.6419
299.7753
354.9765
393.2746
427.3593
458.3754
486.7406
512.7647
536.6981
558.7489
579.0972
597.8976
615.2862
631.3821
643.0080
650.8557
656.6575
660.8174
664.3112
670.9070
675.6323
680.1201
683.3755
686.2754
689.3115
692.6370
696.4436
704.5372
712.9464
721.6134
730.4611
739.4246
748.4412
757.4631
766.4538
775.2888
783.9869
798.7145
806.0016
812.8284
820.2385
827.5783
834.9166
842.2922
849.6359
856.8026
865.9328
872.6320
881.3864
887.3456
898.6065
905.8264
916.2697
917.1391
920.4281
923.8848
926.9712
925.1510
925.2748
927.0347
930.0123
933.8787
938.3731
943.3035
948.5095
954.2556
959.9183
963.6614
966.2494
968.4665
969.5776
971.2436
975.3910
981.3155
986.3163
991.8082
991.4568
991.1904
984.8362
978.1863
971.3394
964.3680
957.9233
954.3188
949.4241
944.8423
945.3159
940.2775
938.4717
935.4199
933.5167
932.7873
933.0706
934.1940
936.0135
938.4055
941.2653
946.5080
953.4014
952.0117
950.5848
949.2079
947.9738
946.9411
948.2472
948.1375
948.7004
949.8619
951.5993
953.4879
956.1015
959.4625
969.7170
975.4377
979.4579
984.1276
989.2277
998.5273
1005.4377
1011.9638
1018.5368
1025.0135
1031.3726
1039.7465
1045.6977
1053.6440
1059.2852
1064.8041
1070.5541
1076.5224
1082.5963
1095.0334
1102.2468
1113.1670
1125.5360
1142.6911
1146.1174
1148.0308
1148.3740
1143.9142
1137.5483
1131.1847
1125.0280
1118.5327
1110.6818
1102.6153
1094.4510
1088.0688
1077.4355
1069.7144
1063.0434
1054.1930
1046.7688
1037.2003
1028.1621
1019.6021
1011.4692
1003.7110
996.2835
989.1496
982.2754
976.4020
974.2609
969.5236
964.6602
957.6880
950.9572
944.4530
938.6933
932.9716
927.1226
920.3798
913.6977
905.5032
897.6253
890.0545
882.7695
875.7182
869.4015
864.9168
861.0848
857.1441
851.9033
846.9658
842.2168
837.6399
833.2599
828.9771
824.0431
818.9763
813.9510
809.0275
804.1422
799.2637
801.2157
803.1656
805.1135
717.2350
641.0327
575.1483
518.2236
469.0323
426.5273
392.0103
365.8303
340.7138
319.2549
301.2254
285.9902
288.3221
293.7069
281.7918
271.2467
262.4169
255.0930
254.9550
249.0319
244.1092
236.2587
227.4160
219.8938
213.4875
213.6252
225.8100
219.4659
213.4667
208.2633
203.7661
199.8810
196.5231
193.6181
191.1014
188.9174
187.0181
185.3626
185.5210
202.0463
198.9731
195.7325
192.8652
190.3485
188.1432
186.2100
184.5133
183.0218
181.7078
180.5472
179.5189
179.6816
196.5464
193.9291
191.0835
188.5528
186.3208
184.3565
182.6277
181.1043
179.7593
178.5682
177.5105
176.5678
176.7329
193.3624
190.8368
188.0790
185.6211
183.4495
181.5343
179.8447
178.3520
177.0302
175.8575
174.8136
173.8806
174.0478
190.3235
187.8383
185.1234
255.6054
269.0252
277.2459
283.4168
288.0765
291.5450
294.0579
295.8006
296.9216
296.9977
324.0902
321.7179
373.3862
410.6448
443.8295
473.9929
501.5149
526.6800
549.6318
570.7339
590.1133
607.9229
624.2977
639.3602
647.5701
651.8794
654.7222
656.4640
659.5977
662.8551
665.5662
667.9463
670.4799
673.4523
677.0588
681.2933
686.1639
691.7192
697.8680
704.5434
711.6849
719.1864
726.9618
734.9330
743.0085
751.0841
761.0147
770.2461
776.8628
786.0242
793.0508
800.1293
807.1051
814.0467
820.8857
831.6662
837.5993
843.5400
851.5497
860.9912
864.9346
876.6893
882.3864
889.8049
902.9111
904.3637
905.4341
907.1696
906.2800
907.3269
909.8489
913.4833
917.9317
922.9484
928.3328
934.1544
939.8931
944.6122
947.8466
950.2163
951.1801
952.6590
958.7420
972.7384
976.4252
985.4387
985.8540
982.6556
974.4770
966.2145
957.9430
949.9991
942.1222
935.1769
929.1719
923.4349
922.6216
922.0744
917.8237
914.9299
913.1392
912.3879
912.5815
913.5588
915.1824
917.3347
919.9140
922.8018
930.3084
931.4008
933.7635
937.2698
941.6133
946.5491
951.8884
957.4861
963.2325
969.0443
974.9536
980.3503
993.6875
1002.2551
1011.1324
1016.4566
1023.2505
1027.2009
1030.9083
1036.3529
1045.4712
1049.3535
1053.0776
1056.6470
1060.1168
1067.6136
1070.2924
1073.0536
1075.7594
1078.6578
1081.8803
1085.5164
1089.5019
1099.9804
1105.1995
1112.0205
1113.7718
1123.4561
1126.8678
1126.2834
1123.5494
1117.9447
1111.7531
1105.2489
1098.4532
1091.4407
1083.3160
1075.0727
1066.7935
1058.9762
1050.6701
1045.5708
1036.3568
1027.4006
1019.9991
1010.3054
1001.1917
992.6248
984.5475
976.9005
969.6329
962.6910
956.0425
950.3530
945.3885
940.7446
936.0247
929.5904
923.3994
917.4192
911.5901
908.9419
905.3912
899.5547
892.9885
885.1054
877.5056
870.2146
863.2111
856.4729
849.9215
845.5598
841.6689
837.7411
833.7957
828.9468
824.3331
819.9696
815.8208
811.8575
808.0544
804.3902
800.8471
797.4100
794.0665
790.8064
792.7648
794.7211
796.6754
710.0203
634.6789
569.5701
513.2342
466.2569
427.3642
394.4718
366.6597
343.1199
325.8777
308.7318
294.5119
296.8374
305.1670
293.5017
283.1235
274.4459
267.1282
275.8873
271.7868
271.0171
260.9967
250.2634
241.0868
233.2348
233.3580
246.2337
238.5220
231.2601
224.9671
219.5266
214.8231
210.7540
207.2302
204.1747
201.5210
199.2122
197.1991
197.3489
215.5533
211.9371
208.1662
204.8458
201.9390
199.3954
197.1669
195.2108
193.4907
191.9754
190.6371
189.4512
189.6069
208.1183
205.1577
201.9349
199.0832
196.5743
194.3687
192.4282
190.7183
189.2079
187.8697
186.6807
185.6205
185.7792
203.9218
201.0943
198.0089
195.2706
192.8564
190.7285
188.8512
187.1910
185.7187
184.4084
183.2377
182.1869
182.3485
199.8744
197.1073
194.0895
262.2953
276.4271
285.1245
291.6753
296.6040
300.2499
302.8688
304.6614
305.7849
305.8546
332.5705
330.4384
381.0289
417.5986
450.0795
479.5133
506.2922
530.7120
553.0177
573.4190
592.0696
609.1206
624.7159
638.9923
646.1847
650.1109
652.7561
654.4369
657.8254
660.7029
663.2867
669.8892
671.8816
674.3173
677.4195
681.3321
686.0449
691.5780
697.8119
704.6100
711.8554
719.4487
727.3015
735.3417
743.5095
753.8301
761.7890
771.7558
778.9752
786.2863
793.6765
801.2145
808.7763
816.3064
823.8153
833.2784
844.3868
850.7074
857.0652
863.3162
872.7287
895.6706
903.0352
905.2973
915.9983
915.4649
921.5528
921.1234
920.1979
921.0020
923.1359
926.2354
930.0521
936.4898
940.8866
945.6047
950.5507
955.3684
958.3784
960.4418
961.3311
962.8201
975.2253
977.9661
978.2271
988.6157
996.5964
992.2849
984.1733
975.9909
967.7817
960.6129
954.8311
951.1188
945.3662
939.8900
941.2518
946.4968
940.9228
936.6779
933.7921
932.1791
931.6597
932.0711
933.2575
935.0842
937.4391
946.4280
950.4347
951.3006
953.3282
956.3560
960.1254
964.4289
969.1053
974.0305
979.1106
984.2739
989.3349
994.5666
997.7802
1000.2828
1003.5964
1004.8529
1008.7107
1012.6844
1016.6151
1022.3244
1025.7365
1029.2467
1032.8415
1036.3784
1039.7755
1043.2221
1048.7021
1053.9875
1057.0292
1060.3522
1064.0277
1068.0811
1072.4897
1081.3349
1087.4127
1095.0382
1097.6180
1114.4231
1115.7138
1113.8316
1111.4526
1106.5133
1101.0062
1094.7646
1087.5831
1081.0360
1073.2997
1065.2790
1056.5029
1047.6023
1039.2762
1030.9866
1024.9238
1016.1412
1009.0680
1000.1390
991.6704
983.6895
976.1456
968.9840
962.1573
955.6163
949.3327
943.2790
938.0760
933.6543
929.6181
924.5660
918.5192
912.6747
906.9058
901.2998
895.7424
889.5758
885.5516
877.7675
870.2637
863.0998
856.2485
851.4732
846.7525
842.0874
838.0025
833.9264
830.0385
826.1656
824.7064
820.9084
817.2060
812.5834
808.2121
804.0638
800.1126
796.3338
792.7058
789.1411
791.0996
793.0559
795.0102
708.2441
632.9404
567.8642
513.4420
468.2878
430.0805
397.6732
370.1397
349.5752
331.9863
317.4805
302.5221
304.8419
313.0033
300.5335
289.4916
280.2148
272.4770
266.0241
260.5982
261.7198
253.2697
243.8317
235.7540
228.8317
228.9585
243.1051
235.9530
229.1652
223.2804
218.1864
213.7771
209.9574
206.6442
203.7657
201.2603
199.0744
197.1624
197.3126
215.7542
212.1686
208.4224
205.1175
202.2186
199.6756
197.4424
195.4778
193.7455
192.2140
190.8557
189.6469
189.8025
208.2642
205.2829
202.0322
199.1500
196.6107
194.3749
192.4045
190.6650
189.1257
187.7598
186.5440
185.4574
185.6162
203.6238
200.7914
197.6945
194.9414
192.5125
190.3712
188.4814
186.8104
185.3289
184.0113
182.8352
181.7813
181.9429
199.3611
196.6252
193.6306
262.0734
276.1918
284.8784
291.6876
296.8441
300.6867
303.4770
305.4204
306.6805
306.7494
333.3366
331.1731
381.8442
418.3405
450.7340
480.0896
506.8202
531.2254
553.5316
573.9369
592.6190
609.7334
625.4182
639.7973
646.7306
650.4443
652.8825
654.3579
655.0268
655.0149
654.4295
653.3619
651.8900
650.0805
647.9907
645.6694
643.1713
640.5232
637.7436
634.8636
631.8947
628.8631
625.7851
622.6763
619.5505
616.4198
613.2923
610.1754
607.0777
604.0032
600.9567
597.9413
594.9599
592.0144
589.1074
586.2416
583.4249
580.6498
577.9150
575.2200
572.5621
569.9410
567.0966
563.9773
560.9301
558.0849
555.3160
552.5264
549.7083
546.8734
544.0346
541.2023
538.3771
536.8892
535.3231
533.6939
532.0141
530.2946
528.5498
526.7885
525.0056
523.2137
521.4207
519.6309
517.8306
515.3146
512.5885
509.9273
507.3487
505.0567
502.9982
501.0015
499.0165
497.0386
495.0707
493.1167
491.1811
488.9149
486.9452
485.1600
483.4123
481.6761
479.9533
478.2440
476.5488
474.8694
473.2353
471.8308
470.5602
467.6732
465.0393
462.6093
460.3572
458.2599
456.2924
454.4389
452.6860
451.0677
449.6813
448.4353
447.2253
445.2481
443.4244
441.7234
440.1326
438.6381
437.2355
435.9119
434.6572
433.4638
432.3971
431.4975
430.6789
430.2695
429.7987
429.2796
428.7220
428.1338
427.5141
426.8710
426.2107
425.5379
424.8582
424.3113
426.8079
429.2334
431.5885
433.8746
436.0932
438.2457
440.3337
442.3588
444.3227
446.2268
448.0729
449.8625
449.8255
407.7013
365.7879
329.7583
298.9383
272.6102
250.1386
230.9798
214.6677
200.8024
189.0671
179.1904
170.8839
171.0529
171.7850
163.3755
155.9733
149.7109
144.4466
140.0461
136.3904
133.3747
130.9076
128.9104
127.3162
126.0666
126.2688
136.8426
135.0739
133.2977
131.8432
130.6826
129.7795
129.0990
128.6096
128.2837
128.0967
128.0277
128.0582
128.2588
141.1169
140.0727
138.8485
137.8383
137.0304
136.4016
135.9288
135.5903
135.3670
135.2419
135.2002
135.2290
135.4243
149.1316
147.9301
146.5174
145.3224
144.3339
143.5291
142.8848
142.3791
141.9927
141.7085
141.5117
141.3891
141.5799
155.7812
154.3549
152.7096
151.2967
150.1036
149.1059
148.2791
147.6005
147.0496
146.6086
146.2615
145.9952
146.1826
160.6838
159.0696
157.2350
155.6451
154.2865
153.1334
152.1601
151.3428
150.6601
150.0932
149.6255
149.2427
149.4277
164.0805
162.3232
160.3451
158.6184
157.1293
155.8518
154.7598
153.8287
153.0366
152.3643
151.7948
151.3134
151.4969
166.1566
164.2922
162.2085
160.3785
158.7896
157.4157
156.2304
155.2090
154.3292
153.5716
152.9189
152.3562
152.5391
167.0953
165.1601
163.0063
161.1037
159.4415
157.9949
156.7378
155.6458
154.6966
153.8708
153.1510
152.5224
152.7053
167.0671
165.0842
162.8853
160.9339
159.2224
157.7267
156.4218
155.2838
154.2908
153.4234
152.6647
152.0020
152.1849
166.4263
165.9841
165.2752
164.6962
164.2574
163.9461
163.7443
163.6335
163.5975
163.6220
163.6945
163.8048
163.9789
180.8380
179.3051
177.5580
176.0487
174.7745
173.7140
172.8444
172.1437
171.5900
171.1648
170.8525
170.6388
170.8075
188.0949
186.2568
184.2475
182.5236
181.0746
179.8721
178.8865
178.0905
177.4597
176.9722
176.5020
176.1487
176.3130
194.6167
192.6503
190.3823
188.4391
186.8030
185.4406
184.3191
183.4086
182.6821
182.1157
181.6886
181.3824
181.5424
201.4785
199.3162
196.9084
194.8520
193.1252
191.6869
190.5013
189.5369
188.7606
188.8954
189.0642
189.2649
189.4190
211.7516
209.6852
207.3327
205.3802
203.7781
202.4475
201.3464
200.4433
199.7109
199.1262
198.6744
198.3363
198.4839
221.3826
218.7956
215.9350
213.4709
211.3769
209.6079
208.1210
208.0205
207.9620
207.9414
207.9517
207.9873
208.1280
233.1754
230.6010
227.6534
225.1876
223.1490
221.4201
218.7789
216.5304
214.6198
213.0034
211.6432
210.5061
210.6451
234.4790
231.0810
227.4728
224.3590
221.7030
218.6916
216.1421
213.9913
212.1864
210.6813
209.4358
208.4136
208.5542
232.0126
228.7870
225.3675
222.4238
219.9203
217.8021
216.0182
214.5233
213.2769
212.2436
211.3928
210.8398
210.9788
234.8557
231.8207
228.5765
225.9227
223.6489
221.7059
220.0501
218.6420
217.4468
216.4339
215.5766
214.8520
214.9884
238.8099
235.7276
230.7975
226.5055
222.7938
219.5900
216.8284
214.4486
212.3982
210.6311
209.1073
207.7921
207.9340
229.9056
226.4739
222.8129
219.5994
216.8039
214.3747
212.2638
210.4279
208.8292
207.4342
206.2143
205.1453
205.2896
227.3156
224.0565
220.5311
217.4230
214.7054
212.3318
210.2585
208.4457
206.8586
205.4659
204.2407
203.1598
203.3056
225.1067
221.8379
218.2932
215.1611
212.4146
210.0079
207.8978
206.0454
204.4161
202.9794
201.7090
200.5822
200.7301
222.2548
218.9604
215.3862
212.2239
209.4480
207.0118
204.8717
202.9884
201.3276
199.8582
198.5538
197.3918
197.5421
218.6942
215.3855
211.8020
208.6336
205.8480
203.3987
201.2424
199.3404
197.6587
196.1675
194.8408
193.6551
193.8083
214.5196
211.2279
207.6639
204.5108
201.7358
199.2931
197.1397
195.2362
193.4857
191.9317
190.5484
189.3139
189.4706
209.7023
206.4038
202.8569
199.7243
196.9698
194.5476
192.4161
190.5378
188.8786
187.4108
186.1095
184.9532
185.1132
204.9208
201.7325
198.3094
195.3005
192.6653
190.3614
188.3522
186.5960
185.0540
183.6906
182.4802
181.3987
181.5616
200.3680
197.3935
194.1354
191.2476
188.6964
186.4400
184.4397
182.6608
181.0726
179.6485
178.3650
177.2020
177.3681
194.7335
191.8184
188.6485
250.8988
265.5029
274.6550
281.5168
286.6591
290.4510
293.1475
294.9596
296.0569
296.1341
321.8169
319.4566
365.5716
398.9168
428.4441
455.1248
479.3533
501.3685
521.4100
539.6625
556.3100
571.5093
585.3967
598.0935
604.0713
607.3856
609.6095
611.0058
612.2034
614.3607
616.6382
621.1816
625.8055
630.8465
634.3273
640.7118
645.4556
651.0302
657.3688
664.3337
671.7960
679.6503
687.7878
696.1528
704.6820
713.2260
721.7884
732.4294
737.6426
744.1915
749.1999
754.6038
760.0298
765.4379
770.8783
778.4237
785.6273
790.4467
797.3437
801.7792
805.5128
810.7646
817.5399
821.4530
829.4525
832.6698
833.1948
832.2782
834.1039
838.1964
843.8851
850.6552
858.1203
865.9936
874.0493
882.2585
890.4026
898.0473
903.4903
908.8477
908.5301
908.9359
922.4535
930.1080
932.0690
937.6377
937.6843
934.6505
928.3461
922.0269
917.8156
913.3464
907.3585
901.8887
896.8653
894.4473
892.4370
889.0578
886.6955
885.2732
886.8331
886.8868
887.6894
889.1214
891.0809
893.4810
896.2475
899.3169
904.7870
908.5199
911.7455
916.5759
922.5007
929.1283
936.1718
943.4197
950.7175
957.9550
965.0558
972.0131
976.3527
978.4740
980.3341
984.3870
984.1775
986.6267
991.1514
995.5673
997.7886
1000.4310
1005.5068
1008.2397
1013.4214
1016.4959
1021.7146
1024.8416
1028.4440
1032.4201
1036.5965
1040.8064
1045.1644
1051.7263
1060.0373
1071.7470
1073.5939
1081.4172
1085.1467
1089.5526
1086.9929
1083.0431
1078.2241
1073.0966
1068.2580
1063.1798
1056.5061
1049.6699
1042.7910
1038.0389
1030.6157
1025.2170
1017.5666
1010.1535
1003.4115
995.5926
988.0144
980.8327
974.0066
967.4887
961.2355
955.2096
949.3834
944.3619
939.9671
935.4860
931.0004
926.4075
920.8566
915.4965
911.3139
906.7354
901.9699
899.2133
894.0398
889.9717
883.7319
877.7209
871.9120
866.2794
862.1051
857.9344
853.7228
849.4895
851.4681
849.7680
848.1996
845.3539
842.2614
838.9851
835.6614
832.2633
828.8181
825.3474
821.8660
818.3402
820.2770
822.2116
824.1441
733.8164
658.9662
595.9945
542.4306
496.8348
458.0157
424.9705
396.8582
372.9259
355.3795
337.2618
321.6918
323.9975
335.5229
322.3102
310.4780
300.4907
292.1077
285.0608
281.7207
281.8064
354.7899
416.7815
469.2919
513.5998
513.5156
550.1283
580.6852
606.0271
626.8714
643.8379
657.4637
668.2154
676.4969
682.6598
687.0087
689.8075
691.2846
691.0686
690.9099
689.9019
688.1733
685.8354
682.9852
679.7068
676.0737
672.1491
667.9882
663.6383
659.1405
654.5301
654.3414
649.2437
644.1770
639.1448
634.1521
629.2041
624.3064
619.4636
614.6803
609.9603
605.3068
600.7227
596.2101
596.0646
591.3059
586.6915
582.2071
577.8421
573.5883
569.4394
565.3899
561.4352
557.5717
553.7960
550.1050
546.4961
546.3876
542.6046
538.9543
535.4226
531.9986
528.6738
525.4412
522.2951
519.2306
516.2435
513.3300
510.4871
507.7120
507.6324
504.7189
501.9124
507.5689
512.5380
516.8967
520.7141
524.0520
526.9655
529.5037
531.7100
533.6233
535.2779
536.7040
537.9285
529.7723
500.9523
446.6035
399.4391
358.4100
322.9168
294.3141
275.9179
251.7359
230.9899
213.2905
202.4533
189.1868
178.0233
168.6869
160.9427
154.5830
149.4738
145.4244
142.2784
139.9097
140.3064
138.8698
140.0366
139.2365
138.8564
138.8397
139.1520
139.7576
140.6193
141.7008
149.2531
149.8141
150.6284
151.6597
152.8722
158.3576
167.4842
181.8514
186.1142
185.8707
188.0477
186.0353
186.7073
185.5208
184.8359
184.5830
184.7023
185.1416
185.8559
186.9630
188.3676
189.6274
191.0214
192.5115
194.0744
195.6928
197.3675
203.2774
208.6129
209.2303
218.2742
222.0023
223.1674
222.0923
221.1674
220.3728
219.6911
219.1112
220.7290
220.0793
219.5880
229.7486
228.2241
231.2972
230.0122
229.1650
228.7015
228.5706
228.8015
229.3081
230.0363
230.9522
234.1213
234.9353
235.8298
236.8985
240.5977
242.3991
244.4663
246.7326
249.2282
251.8828
254.6423
256.8935
258.3713
259.5339
260.5368
263.7626
267.0464
268.0975
269.2700
274.7257
275.4145
280.2627
282.6764
291.2589
293.0102
294.9568
296.8870
298.8892
300.8968
302.8758
304.7907
308.8784
310.7474
312.7519
314.7476
318.6234
326.2138
330.8833
336.5052
343.3258
340.8508
338.6121
336.6715
334.8477
333.1180
331.6810
330.5756
329.6250
328.7326
329.9687
328.9805
330.1246
329.0906
328.2852
327.6660
326.7181
325.7554
324.9202
324.2053
323.5946
323.0743
322.6319
322.2578
321.9427
321.6786
321.4509
321.2508
321.0717
320.8996
320.7342
320.8546
323.0622
322.8315
326.6939
325.7747
324.9684
324.2524
323.4454
322.7097
322.0363
321.5920
321.2865
321.0498
320.8111
320.6242
320.4285
320.2783
320.2160
319.9340
320.0141
320.2005
320.4081
320.6268
320.8505
321.0752
321.2984
321.4166
565.6484
771.3779
944.2845
1089.1690
1209.9792
1310.0892
1392.4032
1459.4169
1513.2890
1555.9018
1588.8656
1613.5932
1614.9381
1630.6846
1640.6854
1645.8139
1646.8097
1644.3093
1638.8617
1630.9406
1620.9541
1611.3477
1597.8610
1585.2269
1567.0079
1566.1398
1545.5767
1524.8341
1503.9753
1483.0634
1462.1578
1441.3119
1420.5731
1399.9827
1379.5764
1359.3844
1339.4336
1319.7450
1319.0616
1298.3913
1278.2928
1258.7142
1239.6189
1220.9789
1202.7724
1184.9812
1167.5900
1150.5857
1133.9565
1117.6918
1101.7820
1101.2603
1084.7269
1068.7452
1053.2588
1038.2251
1023.6108
1009.3884
995.5354
982.0322
968.8623
956.0111
943.4657
931.2146
930.8194
918.1037
905.8278
893.9455
882.4221
871.2300
860.3465
849.7529
839.4329
829.3728
819.5606
809.9855
800.6383
800.3399
790.6313
781.2621
772.1966
763.4075
754.8733
746.5764
738.5020
730.6380
722.9737
715.4999
708.2084
701.0920
700.8685
693.4695
686.3323
679.4293
672.7393
666.2454
672.3599
677.7623
682.5182
686.6902
690.3368
693.5121
696.2656
698.6425
700.6834
702.4252
703.9009
705.1401
692.8179
618.8320
551.5110
492.7906
441.5659
397.1617
358.7846
327.7367
298.8941
278.3329
258.6758
239.8524
223.8603
210.3395
198.9676
189.4588
181.5648
175.0693
169.7849
165.5485
162.2187
159.6728
159.8980
158.3205
157.2727
156.7037
156.5623
156.8385
157.4677
158.3925
159.5477
160.8861
166.5441
167.5757
170.8857
173.9994
176.9419
181.7756
196.5572
199.0694
205.7161
205.4644
207.5225
205.2074
203.5083
202.3613
201.6903
201.6004
202.0101
202.8197
203.9664
205.2767
206.4292
207.3824
208.5137
209.8730
211.3578
212.9354
222.9370
225.5287
226.2146
237.2547
236.4349
242.0449
238.5373
235.5008
232.8727
232.6918
230.4425
228.5060
226.8501
227.6639
232.7984
231.3593
230.3590
229.7619
229.5131
229.5677
229.8864
230.4316
231.1698
232.0725
233.1239
234.2122
235.2194
240.5223
241.3373
243.3998
245.8032
248.4965
251.3633
254.5180
257.7744
261.0941
264.1210
265.9387
266.5917
267.1545
272.0332
274.6819
275.1292
275.7058
280.6674
285.6532
290.2469
292.1950
294.1960
301.0498
305.3381
318.6715
334.7788
346.3348
357.1352
368.4287
379.5500
389.9786
399.8007
409.9891
429.8883
441.0117
453.7484
454.8644
446.5169
449.3222
452.2044
445.2090
439.7672
435.7012
433.4896
435.2201
432.9995
431.2179
435.1814
431.7443
429.2576
437.7447
435.5871
433.7547
431.9174
429.5644
427.4188
425.4669
423.9811
423.0164
422.2032
416.7202
411.8152
407.3853
403.3482
399.6300
396.1846
392.9793
390.4864
388.7807
387.5052
386.4790
385.1675
385.3683
385.2828
385.0769
384.3239
384.1312
383.9524
383.8752
384.1196
384.3961
384.4144
384.2668
383.8683
376.6219
370.6207
365.6614
361.4806
357.3849
354.1153
351.4062
349.1532
347.2843
345.7369
344.5577
585.1152
787.8465
958.2421
1100.9631
1219.9136
1318.4266
1399.3699
1465.2190
1518.0890
1559.8447
1592.0601
1618.1761
1621.7596
1636.1537
1645.0221
1649.2001
1649.3984
1646.2291
1640.2209
1631.8300
1621.4500
1611.5138
1599.8764
1588.8584
1410.2498
1409.4953
1362.6543
1272.4415
1190.2604
1117.6229
1053.4338
996.6234
946.2520
901.5021
861.6602
826.1093
794.3064
765.7804
765.5085
787.9364
760.8916
734.0962
709.7411
687.6953
667.7164
649.5677
633.0343
617.9245
604.0720
591.3263
579.5425
579.4092
610.3939
596.7149
582.0987
568.5332
556.0279
544.4874
533.8170
523.9210
514.7118
506.1108
498.0482
490.4629
490.3956
520.4929
510.4638
499.4788
489.1948
479.6683
470.8397
462.6387
454.9969
447.8523
441.1492
434.8379
428.8748
428.8533
456.6376
448.2583
439.0187
430.3851
422.3984
415.0061
482.9950
535.8903
561.6239
579.4351
591.9761
600.4094
600.2602
635.4001
645.0713
641.3246
635.5225
628.7707
673.6262
710.9970
743.6506
772.3413
797.4300
819.2333
838.0011
854.2483
868.3493
880.6266
891.3232
900.6448
890.0090
877.9356
866.2318
855.1170
846.6784
838.9706
834.1265
829.7587
824.0260
821.7319
818.4267
816.5599
816.0403
816.7819
818.6072
821.3249
824.8495
829.0353
833.7559
841.0094
846.2261
853.8389
863.4000
870.2885
874.8698
881.6740
886.1986
890.9700
896.0145
901.2602
906.6472
914.2227
923.4706
927.9942
934.7425
939.0306
953.3172
961.2177
969.9059
971.0002
970.2143
970.1184
974.6620
976.0818
976.3025
977.7879
980.2483
983.4023
987.0663
993.1928
997.1631
1001.4137
1005.7279
1009.9374
1013.1639
1015.3219
1016.2233
1017.6143
1019.4502
1023.6500
1029.3639
1042.2754
1044.1893
1041.2446
1035.2023
1028.6127
1021.6411
1014.5200
1007.6918
1001.2092
995.3135
989.7200
995.0171
993.1971
989.9275
987.6137
984.2308
982.0909
981.0345
980.9160
981.5778
982.8857
984.7263
986.9700
989.4914
990.9276
993.0764
998.2027
1001.6034
1005.5295
1009.8114
1014.3186
1018.8911
1023.5590
1028.3033
1033.0698
1036.9289
1039.4495
1044.7633
1047.6690
1050.8123
1054.0405
1057.2644
1064.7122
1067.3319
1072.1761
1074.7768
1077.4678
1080.1491
1082.8632
1085.5838
1088.5417
1091.7799
1095.3388
1099.2166
1103.4110
1107.8746
1116.6977
1124.7417
1133.9668
1139.7531
1144.3070
1143.0903
1140.7654
1138.4834
1133.7565
1128.0055
1123.8244
1117.1944
1110.2363
1102.2740
1094.2133
1087.9511
1078.5336
1069.6389
1060.6494
1053.9590
1045.0685
1036.9795
1027.7019
1018.8951
1010.5522
1002.6243
995.0604
987.8166
980.8424
974.1162
969.7443
963.8014
958.7226
953.5172
946.6100
939.9440
933.5183
930.1547
925.8854
919.1876
914.6771
906.4642
898.4216
890.6922
883.2591
876.0945
869.8372
863.6975
858.4641
853.7009
849.0472
844.4906
840.7969
836.2355
831.8554
827.6403
823.5700
819.6267
815.7951
812.0628
808.4193
804.8561
801.3661
803.3162
805.2641
716.8598
640.3749
577.7945
527.9237
485.4134
449.2398
418.5929
392.3856
370.0212
351.0526
334.8210
323.9207
326.2246
340.3318
327.7283
316.3484
306.6931
298.5526
291.7106
288.9384
286.6960
293.3009
283.5397
272.9169
263.7739
263.8748
279.9958
270.7276
261.9237
254.2634
247.6077
241.8194
236.7784
232.3804
228.5351
225.1654
222.2049
219.5968
219.7304
241.6043
236.9810
232.1590
227.9094
224.1756
220.8939
218.0059
215.4596
213.2098
211.2168
209.4465
207.8694
208.0117
230.1761
226.3883
222.3119
218.7134
215.5479
212.7626
210.3093
208.1442
206.2295
204.5318
203.0223
201.6761
201.8231
223.4756
219.9402
216.1211
212.7527
209.7926
207.1899
204.8988
202.8784
201.0928
199.5108
198.1051
196.8533
197.0040
217.9771
214.6000
210.9519
207.7340
272.2415
290.0969
301.6506
310.4440
317.1514
322.1987
325.9100
328.5409
328.5938
358.3387
356.8517
353.8310
402.8984
438.5769
470.0403
498.3397
523.8990
547.0343
567.9743
586.9529
604.1850
619.8469
634.0925
647.0574
651.3017
652.6828
653.1175
652.8870
654.2370
655.3628
656.5077
657.8463
661.6083
663.6621
666.5446
670.2716
674.8757
680.3132
686.4894
693.2569
700.4910
708.0872
715.9581
724.0302
732.2066
740.4428
748.5166
756.4698
766.6329
776.2559
783.4078
790.7698
798.2232
805.7393
813.2828
820.8148
832.2693
838.8867
845.5502
852.1325
860.3057
871.6546
881.3462
889.6321
895.0206
900.3211
905.0318
906.3549
906.7230
908.4590
911.2231
914.8142
919.0252
923.6825
928.6318
933.9299
939.2525
943.9668
947.0516
948.1872
949.8750
952.0738
958.8438
960.8606
970.9717
985.1020
983.8134
982.3105
975.6490
968.7055
961.5717
954.4815
947.3048
941.2571
935.7718
930.8138
926.4696
922.9452
922.6610
921.0956
920.6097
921.1273
922.5140
924.6186
927.3137
930.4913
934.0583
937.9175
942.0437
944.6464
947.9154
951.8578
956.2779
961.0166
965.9517
970.9919
976.0691
981.1325
986.2296
991.3674
994.7197
997.5525
1003.2821
1008.7019
1009.8338
1017.7768
1018.8670
1020.2014
1023.9101
1027.6283
1033.4983
1039.0625
1042.1799
1045.2812
1048.3832
1051.6551
1057.2577
1060.6316
1064.3374
1068.4591
1072.9089
1088.0454
1093.3078
1102.3290
1106.0044
1109.0048
1110.2487
1110.0675
1108.0540
1103.7127
1100.8214
1094.5122
1087.9191
1081.4990
1073.8043
1066.0359
1064.1133
1061.3377
1055.6597
1053.6819
1046.6341
1039.5540
1032.5024
1025.6211
1018.8909
1012.3425
1005.9541
999.7083
993.5918
987.5951
981.7084
975.9241
972.2986
966.3258
960.3769
954.4408
948.5410
942.7081
936.9394
933.3021
927.2851
921.2683
915.2654
909.2703
903.2748
897.2959
891.3472
885.4400
879.5832
873.8103
868.1800
862.6917
857.3577
852.1938
847.1806
842.3221
837.6266
833.1030
828.7344
824.5057
820.4042
816.4189
812.5403
808.7601
804.8543
800.7267
796.4479
792.0974
787.7008
783.2785
778.8471
774.4204
770.0096
765.6106
765.4271
762.5268
764.5065
758.8381
753.3039
747.9262
742.6985
737.6158
732.6744
727.8704
723.1999
720.7541
718.1002
713.0938
705.8607
705.6346
698.0963
690.8094
683.7468
676.8889
670.2202
663.7294
657.4074
651.2463
645.2393
639.3805
633.6645
628.0865
627.9179
622.1156
616.5230
611.1174
605.8807
600.8002
595.8654
591.0672
586.3980
581.8512
577.4207
573.1016
568.8891
568.7642
564.3726
560.1429
556.0563
552.0991
548.2610
544.5335
540.9097
537.3833
533.9488
530.6018
527.3381
524.1543
524.0626
520.7307
517.5230
514.4241
511.4238
508.5142
505.6886
502.9415
500.2685
497.6653
495.1285
492.6550
490.2420
490.1753
487.6390
485.1992
482.8432
480.5634
478.3533
476.2079
474.1228
472.0944
470.1195
468.1952
466.3192
464.4893
464.4417
462.5080
460.6495
458.8566
457.1230
455.4436
461.0368
465.9387
470.2311
473.9863
477.2683
480.1335
482.6318
484.8072
486.6982
488.3392
489.7600
490.9872
484.0619
477.9561
472.5637
467.7924
463.5618
459.8022
456.4529
453.4610
450.7809
448.3726
446.2016
444.2378
442.4549
440.8303
439.3443
437.9798
436.7219
435.5579
434.4764
433.4677
432.5233
431.6358
430.7987
430.0066
429.2544
428.5379
427.8534
427.1977
426.5679
425.9616
425.3767
424.8113
424.2637
423.7325
423.2165
422.7144
422.2254
421.7485
421.2831
420.8284
420.3837
419.9487
419.5228
419.1055
418.6965
418.2955
417.9021
417.5160
417.1370
416.7648
416.3991
416.0399
415.6869
415.3400
414.9989
414.6637
414.3341
414.0100
413.6912
413.3778
413.0695
412.7664
412.4682
412.1750
411.8865
411.6027
411.3236
411.0489
410.7788
410.5130
410.2515
409.9942
409.7410
409.4919
409.2468
409.0056
408.7682
408.5347
408.3049
408.0788
407.8563
407.6374
407.4219
407.2099
407.0013
406.7961
406.5941
406.3954
406.1999
406.0075
405.8181
405.6318
405.4484
405.2680
405.0904
404.9156
404.7436
404.5743
404.4078
404.2438
404.0825
403.9237
403.7674
403.6136
403.4622
403.3132
403.1666
403.0223
402.8802
402.7404
402.6029
402.4674
402.3342
402.2030
402.0739
401.9468
401.8218
401.6987
401.5776
401.4584
407.2577
412.3127
416.7196
420.5617
423.9111
426.8307
429.3749
431.5912
433.5208
435.1999
436.6597
437.9278
437.9000
432.1973
427.2240
422.8789
419.0778
415.7494
412.8316
410.2706
408.0198
406.0387
404.2923
402.7500
401.3856
401.3845
400.1152
398.9945
398.0011
397.1179
396.3305
395.6262
394.9943
394.4255
393.9117
393.4458
393.0220
392.6350
392.6404
392.2297
391.8592
391.5229
391.2161
390.9347
390.6754
390.4354
390.2123
390.0041
389.8089
389.6253
389.4520
389.4598
389.2424
389.0443
388.8622
388.6939
388.5373
388.3908
388.2531
388.1230
387.9997
387.8824
387.7704
387.6631
387.6722
387.5180
387.3783
387.2506
387.1329
387.0236
386.9216
386.8257
386.7353
386.6495
386.5678
386.4898
386.4150
386.4251
386.3035
386.1948
386.0967
386.0074
385.9254
385.8496
385.7792
385.7132
385.6512
385.5925
385.5369
385.4838
385.4945
385.3952
385.3080
385.2305
385.1612
385.0986
385.0417
384.9895
384.9413
384.8965
384.8547
384.8154
384.7782
384.7895
384.7065
384.6351
384.5729
384.5184
384.4702
384.4272
384.3885
384.3536
384.3217
384.2924
384.2654
384.2403
384.2520
384.1815
384.1221
384.0716
384.0285
383.9914
383.9592
383.9312
383.9066
383.8848
383.8654
383.8481
383.8324
383.8443
383.7835
383.7335
383.6921
383.6578
383.6293
383.6054
383.5855
383.5687
383.5546
383.5426
383.5325
383.5239
383.5361
383.4826
383.4396
383.4051
383.3774
383.3553
383.3377
383.3239
383.3131
383.3048
383.2986
383.2941
383.2911
383.3034
383.2556
383.2182
383.1891
383.1667
383.1497
383.1371
383.1281
383.1220
383.1183
383.1165
383.1163
383.1174
383.1299
383.0864
383.0532
383.0281
383.0095
382.9963
382.9874
382.9819
382.9793
382.9791
382.9807
382.9838
382.9881
383.0006
382.9606
382.9307
382.9088
382.8935
382.8833
382.8775
382.8750
382.8754
382.8780
382.8824
382.8883
382.8954
382.9079
382.8709
382.8438
382.8246
382.8119
382.8043
382.8009
382.8008
382.8034
382.8082
382.8148
382.8228
382.8318
382.8443
382.8095
382.7845
382.7673
382.7565
382.7508
382.7491
382.7508
382.7552
382.7617
382.7699
382.7795
382.7901
382.8026
382.7694
382.7460
382.7304
382.7211
382.7168
382.7166
382.7196
382.7253
382.7330
382.7424
382.7532
382.7650
382.7775
382.7454
382.7230
382.7084
382.7000
382.6965
382.6971
382.7009
382.7072
382.7156
382.7257
382.7370
382.7493
382.7619
382.7303
382.7085
382.6945
382.6866
382.6837
382.6848
382.6891
382.6959
382.7048
382.7152
382.7270
382.7396
382.7522
382.7209
382.6993
382.6853
382.6775
382.6746
382.6757
382.6799
382.6866
382.6953
382.7055
382.7171
382.7295
382.7421
382.7105
382.6885
382.6743
382.6663
382.6631
382.6639
382.6679
382.6744
382.6829
382.6930
382.7043
382.7165
382.7291
382.6972
382.6750
382.6605
382.6522
382.6488
382.6493
382.6530
382.6592
382.6675
382.6773
382.6883
382.7003
382.7130
382.6808
382.6583
382.6435
382.6349
382.6312
382.6315
382.6350
382.6410
382.6491
382.6587
382.6695
382.6814
382.6941
382.6617
382.6390
382.6241
382.6153
382.6115
382.6117
382.6151
382.6209
382.6288
382.6383
382.6491
382.6608
382.6735
382.6409
382.6181
382.6030
382.5940
382.5901
382.5902
382.5934
382.5992
382.6070
382.6165
382.6271
382.6388
382.6516
382.6191
382.5963
382.5812
382.5724
382.5686
382.5688
382.5722
382.5781
382.5862
382.5958
382.6067
382.6186
382.6315
382.5992
382.5767
382.5620
382.5534
382.5499
382.5504
382.5540
382.5603
382.5686
382.5785
382.5897
382.6018
382.6147
382.5826
382.5604
382.5459
382.5376
382.5343
382.5350
382.5389
382.5454
382.5539
382.5640
382.5754
382.5879
382.6007
382.5689
382.5469
382.5327
382.5247
382.5217
382.5228
382.5270
382.5338
382.5427
382.5532
382.5650
382.5778
382.5906
382.5592
382.5375
382.5236
382.5159
382.5131
382.5144
382.5189
382.5259
382.5350
382.5456
382.5575
382.5704
382.5833
382.5519
382.5303
382.5164
382.5088
382.5061
382.5073
382.5118
382.5188
382.5278
382.5385
382.5503
382.5632
382.5761
382.5447
382.5230
382.5091
382.5014
382.4986
382.4998
382.5043
382.5112
382.5202
382.5308
382.5427
382.5555
382.5684
382.5369
382.5152
382.5012
341.8351
306.6535
276.2348
249.9463
227.2378
210.9254
198.1523
187.4035
178.3541
178.5177
183.2666
175.7431
197.9838
212.5209
225.9476
238.5514
250.4008
261.5556
272.0619
281.9624
291.2956
300.0946
308.3914
316.2150
327.4577
337.0775
343.5502
346.2678
348.9010
353.8388
358.4814
360.2959
362.7430
366.0990
370.4603
375.8002
382.0911
395.9044
410.0590
424.4462
438.7223
452.8359
466.8080
481.0848
495.5226
512.3332
532.2051
546.4439
560.4399
571.7510
583.0524
594.2302
605.4191
616.5776
627.6501
640.5642
652.9864
662.9395
674.7991
686.0665
694.4120
716.7151
723.5993
731.9809
737.8632
745.9767
755.0757
755.5188
757.9796
762.1673
767.6430
774.0623
781.1575
788.7153
796.5506
804.5153
812.3331
819.1017
823.7252
828.2091
831.5375
835.3924
850.1310
857.2918
865.9985
879.7347
880.4823
882.4996
876.9821
871.2607
865.4396
859.5706
853.9935
848.4409
844.2403
840.4088
839.2976
836.6676
843.5834
844.2697
845.9972
846.5386
848.1632
850.6850
853.9466
857.8135
862.1720
871.0192
879.4533
881.9150
885.4687
890.0085
895.2702
901.0457
907.1728
913.5259
920.0091
926.5398
933.3861
939.5311
943.7390
947.2783
951.4883
962.0262
963.5003
967.7061
972.0434
976.4265
982.9583
987.1059
993.3956
997.1871
1000.9945
1004.7643
1010.6083
1014.2960
1018.2330
1022.4322
1026.8880
1031.5927
1036.6149
1046.0530
1054.8495
1064.9759
1071.7758
1079.7782
1082.1180
1091.0498
1085.8225
1080.8090
1074.7358
1068.5314
1061.3796
1055.1227
1047.5484
1039.4443
1031.0990
1024.0158
1019.2438
1010.6242
1002.2682
994.1425
986.4361
977.6611
969.4942
961.8321
954.6142
947.7783
941.2794
935.0623
929.0997
924.5026
920.3834
916.4027
912.2922
906.1947
900.3469
894.6995
890.1505
887.2098
881.1962
875.1481
871.2477
863.6244
856.3571
849.4143
842.7454
837.1397
831.6560
827.6320
823.5787
821.9589
817.9258
814.0537
810.3079
806.6896
802.3782
798.2980
794.1769
789.9528
785.7506
781.5341
777.3125
773.1256
775.0980
777.0684
779.0367
694.1673
620.5117
556.8566
501.8587
454.3444
414.9131
382.2973
354.7811
334.3468
317.0536
299.4412
284.8341
287.1665
294.1511
282.4759
272.2275
263.6557
256.5729
250.6281
