0.2000
0.2000
0.2000
0.2000
0.2000
0.0000
0.2000
0.2000
0.2000
0.2000
0.2000
0.2000
0.2000
0.2000
0.2000
0.2000
0.2000
0.2000
0.0000
0.2000
0.2000
0.2000
0.2000
0.2000
0.2000
0.2000
0.2000
0.2000
0.2000
0.2000
0.2000
0.0000
0.2000
0.2000
0.2000
0.2000
0.2000
0.2000
0.2000
0.2000
0.2000
0.2000
0.2000
0.2000
0.0000
0.2000
0.2000
0.2000
0.2000
0.2000
0.2000
0.2000
0.2000
0.2000
0.2000
0.2000
0.2000
0.0000
0.2000
0.2000
0.2000
0.2000
0.2000
0.2000
0.2000
0.2000
0.2000
0.2000
0.2000
0.2000
0.0000
0.2000
0.2000
0.2000
0.2000
0.2000
0.2000
0.2000
0.2000
0.2000
0.2000
0.2000
0.2174
0.2586
0.2814
0.7617
0.6158
0.6111
0.6240
0.6440
0.6574
0.6739
0.6875
0.7043
0.7188
0.7345
0.7494
0.7640
0.7774
0.7904
0.8030
0.8152
0.8269
0.8352
0.8417
0.8474
0.8523
0.8559
0.8597
0.8642
0.8658
0.8683
0.8691
0.8716
0.8703
0.8736
0.8772
0.8818
0.8849
0.8881
0.8895
0.8910
0.8919
0.8920
0.8924
0.8899
0.8875
0.8820
0.8693
0.8685
0.8609
0.8525
0.8437
0.8340
0.8240
0.8134
0.8053
0.7930
0.7821
0.7733
0.7623
0.7515
0.7435
0.7345
0.7258
0.7170
0.7083
0.7002
0.6860
0.6878
0.6831
0.6800
0.6791
0.6769
0.6784
0.6729
0.6724
0.6717
0.6719
0.6714
0.6725
0.6729
0.6738
0.6731
0.6713
0.6693
0.6669
0.6643
0.6615
0.6571
0.6467
0.6441
0.6376
0.6313
0.6247
0.6194
0.6149
0.6105
0.6077
0.6061
0.6039
0.5999
0.5982
0.5959
0.5981
0.5980
0.5978
0.5970
0.5961
0.5944
0.5924
0.5903
0.5872
0.5817
0.5741
0.5682
0.5592
0.5523
0.5438
0.5336
0.9114
0.9193
0.9155
0.9094
0.9014
0.8934
0.8845
0.8755
0.8649
0.8561
0.4595
0.8172
0.8281
0.8182
0.8104
0.8067
0.7991
0.7927
0.3967
0.3692
0.7421
0.7476
0.7401
0.7392
0.3405
0.3209
0.3076
0.2960
0.2855
0.2768
0.2688
0.2615
0.2552
0.6329
0.6497
0.6473
0.6470
0.6499
0.6494
0.6462
0.6467
0.2586
0.2378
0.2265
0.2167
0.2076
0.2000
0.2000
0.2000
0.2000
0.5418
0.5649
0.5681
0.5711
0.5716
0.5731
0.5740
0.5744
0.5732
0.5750
0.5750
0.5750
0.5749
0.5747
0.5744
0.0000
0.0000
0.0000
0.2000
0.2000
0.2000
0.2000
0.2000
0.2000
0.2000
0.2000
0.2000
0.2000
0.2000
0.2000
0.0000
0.2000
0.2000
0.2000
0.2000
0.2000
0.2000
0.2000
0.2000
0.2000
0.2000
0.2000
0.2000
0.0000
0.2000
0.2000
0.2000
0.2000
0.2000
0.2000
0.2000
0.2000
0.2000
0.2000
0.2000
0.2000
0.0000
0.2000
0.2000
0.2000
0.2000
0.2000
0.2000
0.2000
0.2000
0.2000
0.2000
0.2000
0.2000
0.0000
0.2000
0.2000
0.2000
0.2000
0.2000
0.2000
0.2000
0.2000
0.2000
0.2000
0.2000
0.2000
0.0000
0.2000
0.2000
0.2000
0.2000
0.2000
0.2000
0.2000
0.2000
0.2000
0.2000
0.2000
0.2000
0.0000
0.2000
0.2000
0.2000
0.2000
0.2000
0.2000
0.2000
0.2000
0.2000
0.2000
0.2000
0.2000
0.0000
0.2000
0.2000
0.2000
0.2000
0.2000
0.2000
0.2000
0.2000
0.2000
0.2000
0.2000
0.2000
0.2000
0.2000
0.4249
0.3253
0.3176
0.3168
0.3185
0.3205
0.3290
0.3430
0.3595
0.3777
0.3969
0.4169
0.4460
0.4726
0.4981
0.5238
0.5500
0.5761
0.5985
0.6189
0.6387
0.6629
0.6843
0.7031
0.7225
0.7406
0.7588
0.7751
0.7907
0.8062
0.8150
0.8216
0.8274
0.8303
0.8324
0.8319
0.8313
0.8340
0.8317
0.8304
0.8267
0.8235
0.8206
0.8116
0.8171
0.8153
0.8131
0.8106
0.8037
0.7956
0.7870
0.7833
0.7702
0.7613
0.7473
0.7355
0.7218
0.7109
0.6988
0.6875
0.6831
0.6766
0.6687
0.6591
0.6546
0.6494
0.6458
0.6435
0.6436
0.6418
0.6437
0.6397
0.6380
0.6439
0.6499
0.6521
0.6550
0.6570
0.6576
0.6521
0.6496
0.6480
0.6464
0.6440
0.6406
0.6325
0.6343
0.6304
0.6236
0.6178
0.6146
0.6142
0.6129
0.6109
0.6125
0.6096
0.6089
0.6072
0.6066
0.6072
0.6075
0.6080
0.6062
0.6021
0.6013
0.5981
0.5949
0.5903
0.5852
0.5815
0.5761
0.9617
0.9768
0.9834
0.9821
0.9813
0.9791
0.9761
0.9724
0.9679
0.9726
0.9513
0.9461
0.9388
0.9216
0.9233
0.9089
0.5153
0.4872
0.8555
0.8568
0.8534
0.8465
0.4500
0.4206
0.7938
0.7998
0.7915
0.4003
0.3729
0.3613
0.3495
0.3392
0.3299
0.3213
0.3135
0.3062
0.3000
0.2954
0.6709
0.6832
0.6826
0.6875
0.6874
0.6872
0.6848
0.2987
0.2787
0.2702
0.2615
0.2560
0.2502
0.2450
0.2401
0.2361
0.2328
0.2279
0.2239
0.2200
0.6011
0.6162
0.6222
0.6264
0.6293
0.6314
0.6330
0.6342
0.6350
0.6355
0.6359
0.0000
0.0000
0.0000
0.2000
0.2000
0.2000
0.2000
0.2000
0.2000
0.2000
0.2000
0.2000
0.2000
0.2000
0.2000
0.0000
0.2000
0.2000
0.2000
0.2000
0.2000
0.2000
0.2000
0.2000
0.2000
0.2000
0.2000
0.2000
0.0000
0.2000
0.2000
0.2000
0.2000
0.2000
0.2000
0.2000
0.2000
0.2000
0.2000
0.2000
0.2000
0.0000
0.2000
0.2000
0.2000
0.2000
0.2000
0.2000
0.2000
0.2000
0.2000
0.2000
0.2000
0.2000
0.0000
0.2000
0.2000
0.2000
0.2000
0.2000
0.2000
0.2000
0.2000
0.2000
0.2000
0.2000
0.2000
0.0000
0.2000
0.2000
0.2000
0.2000
0.2000
0.2000
0.2000
0.2000
0.2000
0.2000
0.2000
0.2000
0.0000
0.2000
0.2000
0.2000
0.2000
0.2000
0.2000
0.2000
0.2000
0.2000
0.2000
0.2000
0.2000
0.0000
0.2000
0.2000
0.2000
0.2000
0.2000
0.2000
0.2000
0.2000
0.2000
0.2000
0.2000
0.2000
0.2000
0.2000
0.4035
0.3139
0.3113
0.3141
0.3218
0.3240
0.3289
0.3361
0.3440
0.3521
0.3606
0.3692
0.3794
0.3894
0.3996
0.4100
0.4205
0.4312
0.4465
0.4695
0.4902
0.5097
0.5283
0.5535
0.5771
0.5966
0.6164
0.6347
0.6530
0.6714
0.6752
0.6724
0.6688
0.6624
0.6553
0.6465
0.6378
0.6298
0.6205
0.6114
0.6014
0.5912
0.5912
0.5904
0.6002
0.6063
0.6128
0.6192
0.6258
0.6322
0.6386
0.6471
0.6544
0.6572
0.6557
0.6538
0.6514
0.6502
0.6473
0.6375
0.6304
0.6260
0.6219
0.6135
0.6153
0.6137
0.6141
0.6157
0.6170
0.6215
0.6222
0.6224
0.6265
0.6278
0.6300
0.6339
0.6363
0.6396
0.6432
0.6471
0.6512
0.6553
0.6595
0.6637
0.6653
0.6597
0.6643
0.6633
0.6626
0.6614
0.6601
0.6583
0.6565
0.6545
0.6528
0.6543
0.6563
0.6457
0.6449
0.6430
0.6410
0.6389
0.6361
0.6331
0.6293
0.6267
0.6224
0.6188
0.6131
0.6089
0.6042
0.5994
0.5949
0.5884
0.9729
0.9870
0.9880
0.9869
0.9859
0.9840
0.9785
0.9728
0.9665
0.9545
0.9469
0.5524
0.5247
0.8961
0.9005
0.8957
0.8868
0.8819
0.8739
0.4731
0.4476
0.8214
0.8228
0.8156
0.4239
0.3934
0.3815
0.3686
0.3571
0.3465
0.3370
0.3279
0.3196
0.3123
0.6921
0.7020
0.7030
0.7003
0.7020
0.7003
0.6982
0.6974
0.3082
0.2902
0.2795
0.2723
0.2669
0.2615
0.2567
0.2523
0.2484
0.2466
0.2420
0.2385
0.2358
0.6152
0.6325
0.6389
0.6435
0.6470
0.6497
0.6519
0.6536
0.6550
0.6561
0.6569
0.0000
0.0000
0.0000
0.2000
0.2000
0.2000
0.2000
0.2000
0.2000
0.2000
0.2000
0.2000
0.2000
0.2000
0.2000
0.0000
0.2000
0.2000
0.2000
0.2000
0.2000
0.2000
0.2000
0.2000
0.2000
0.2000
0.2000
0.2000
0.0000
0.2000
0.2000
0.2000
0.2000
0.2000
0.2000
0.2000
0.2000
0.2000
0.2000
0.2000
0.2000
0.0000
0.2000
0.2000
0.2000
0.2000
0.2000
0.2000
0.2000
0.2000
0.2000
0.2000
0.2000
0.2000
0.0000
0.2000
0.2000
0.2000
0.2000
0.2000
0.2000
0.2000
0.2000
0.2000
0.2000
0.2000
0.2000
0.0000
0.2000
0.2000
0.2000
0.2000
0.2000
0.2000
0.2000
0.2000
0.2000
0.2000
0.2000
0.2000
0.0000
0.2000
0.2000
0.2000
0.2000
0.2000
0.2000
0.2000
0.2000
0.2000
0.2000
0.2000
0.2000
0.0000
0.2000
0.2000
0.2000
0.2000
0.2000
0.2000
0.2000
0.2000
0.2000
0.2000
0.2000
0.2343
0.2783
0.3093
0.8032
0.6669
0.6744
0.6986
0.7341
0.7552
0.7791
0.7949
0.8136
0.8307
0.8480
0.8640
0.8811
0.8976
0.9138
0.9296
0.9448
0.9594
0.9608
0.9564
0.9500
0.9419
0.9327
0.9220
0.9053
0.8959
0.8835
0.8699
0.8562
0.8420
0.8392
0.8406
0.8441
0.8472
0.8507
0.8545
0.8575
0.8616
0.8681
0.8728
0.8761
0.8792
0.8822
0.8765
0.8862
0.8857
0.8853
0.8846
0.8805
0.8753
0.8694
0.8631
0.8590
0.8517
0.8393
0.8294
0.8187
0.8109
0.8012
0.7931
0.7839
0.7760
0.7681
0.7567
0.7505
0.7499
0.7462
0.7465
0.7467
0.7393
0.7369
0.7356
0.7335
0.7319
0.7308
0.7295
0.7290
0.7275
0.7278
0.7279
0.7287
0.7301
0.7318
0.7333
0.7339
0.7292
0.7331
0.7327
0.7347
0.7354
0.7328
0.7273
0.7224
0.7175
0.7137
0.7114
0.7010
0.6958
0.6877
0.6823
0.6754
0.6704
0.6651
0.6576
0.6523
0.6462
0.6399
0.6377
0.6323
0.6278
0.6234
0.6165
0.6106
0.6056
0.9889
1.0000
1.0000
1.0000
1.0000
1.0000
0.9916
0.9833
0.9762
0.9673
0.9505
0.5609
0.5315
0.9018
0.9048
0.9058
0.8935
0.4979
0.4694
0.4524
0.8271
0.8306
0.8261
0.8182
0.8186
0.4165
0.3941
0.3789
0.3661
0.3548
0.3447
0.3351
0.3267
0.3189
0.3117
0.3047
0.2974
0.2886
0.6656
0.6805
0.6828
0.2958
0.2793
0.2709
0.2655
0.2596
0.2559
0.2520
0.2483
0.2464
0.2417
0.2387
0.2363
0.2332
0.6160
0.6315
0.6390
0.6423
0.6453
0.6457
0.6493
0.6506
0.6517
0.6524
0.6530
0.6534
0.0000
0.0000
0.0000
0.2000
0.2000
0.2000
0.2000
0.2000
0.2000
0.2000
0.2000
0.2000
0.2000
0.2000
0.2000
0.0000
0.2000
0.2000
0.2000
0.2000
0.2000
0.2000
0.2000
0.2000
0.2000
0.2000
0.2000
0.2000
0.0000
0.2000
0.2000
0.2000
0.2000
0.2000
0.2000
0.2000
0.2000
0.2000
0.2000
0.2000
0.2000
0.0000
0.2000
0.2000
0.2000
0.2000
0.2000
0.2000
0.2000
0.2000
0.2000
0.2000
0.2000
0.2000
0.0000
0.2000
0.2000
0.2000
0.2000
0.2000
0.2000
0.2000
0.2000
0.2000
0.2000
0.2000
0.2000
0.0000
0.2000
0.2000
0.2000
0.2000
0.2000
0.2000
0.2000
0.2000
0.2000
0.2000
0.2000
0.2000
0.0000
0.2000
0.2000
0.2000
0.2000
0.2000
0.2000
0.2000
0.2000
0.2000
0.2000
0.2000
0.2000
0.0000
0.2000
0.2000
0.3182
0.3362
0.3536
0.3491
0.3390
0.3244
0.3241
0.3229
0.3213
0.3206
0.3206
0.3212
0.7928
0.6214
0.5966
0.5883
0.5837
0.5807
0.5799
0.5809
0.5830
0.5859
0.5896
0.5940
0.6052
0.6143
0.6225
0.6307
0.6392
0.6478
0.6544
0.6602
0.6659
0.6715
0.6770
0.6825
0.6886
0.6948
0.7010
0.7071
0.7133
0.7194
0.7273
0.7357
0.7480
0.7578
0.7663
0.7742
0.7810
0.7872
0.7930
0.7982
0.8029
0.8087
0.8084
0.8046
0.8006
0.7967
0.7923
0.7878
0.7813
0.7745
0.7673
0.7602
0.7530
0.7458
0.7427
0.7407
0.7344
0.7295
0.7251
0.7205
0.7076
0.6987
0.6917
0.6855
0.6802
0.6756
0.6716
0.6679
0.6644
0.6609
0.6574
0.6539
0.6506
0.6473
0.6435
0.6403
0.6373
0.6342
0.6320
0.6303
0.6286
0.6270
0.6253
0.6236
0.6213
0.6187
0.6161
0.6133
0.6102
0.6070
0.6042
0.6017
0.5994
0.5971
0.5949
0.5927
0.5881
0.5852
0.5830
0.5790
0.5761
0.5740
0.5712
0.5679
0.5644
0.5607
0.5568
0.5528
0.5485
0.5460
0.5424
0.5379
0.5331
0.5280
0.5235
0.5190
0.5146
0.5101
0.5056
0.5012
0.2000
0.2000
0.2000
0.2000
0.2000
0.2000
0.2000
0.2000
0.2000
0.2000
0.2000
0.2000
0.0000
0.2000
0.2000
0.2000
0.2000
0.2000
0.2000
0.2000
0.2000
0.2000
0.2000
0.2000
0.2000
0.0000
0.2000
0.2000
0.2000
0.2000
0.2000
0.2000
0.2000
0.2000
0.2000
0.2000
0.2000
0.2000
0.0000
0.2000
0.2000
0.2000
0.2000
0.2000
0.2000
0.2000
0.2000
0.2000
0.2000
0.2000
0.2000
0.0000
0.2000
0.2000
0.2000
0.2000
0.2000
0.2000
0.2000
0.2000
0.2000
0.2000
0.2000
0.2000
0.0000
0.2000
0.2000
0.2000
0.2000
0.2000
0.2000
0.2000
0.2000
0.2000
0.2000
0.2000
0.2000
0.0000
0.2000
0.2000
0.2000
0.2000
0.2000
0.2000
0.2000
0.2000
0.2000
0.2000
0.2000
0.2000
0.0000
0.2000
0.2000
0.2000
0.2000
0.2000
0.2000
0.2000
0.2000
0.2000
0.2000
0.2000
0.2000
0.0000
0.2000
0.2000
0.2000
0.2000
0.2000
0.2000
0.2000
0.2000
0.2000
0.2000
0.2000
0.2000
0.0000
0.2000
0.2000
0.2000
0.2000
0.2000
0.2000
0.2000
0.2000
0.2000
0.2000
0.2000
0.2000
0.0000
0.2000
0.2000
0.2000
0.2000
0.2000
0.2000
0.2000
0.2000
0.2000
0.2000
0.2000
0.2000
0.0000
0.2000
0.2000
0.2000
0.2000
0.2000
0.2000
0.2000
0.2000
0.2000
0.2000
0.2000
0.2000
0.0000
0.2000
0.2000
0.2000
0.2000
0.2000
0.2000
0.2000
0.2000
0.2000
0.2000
0.2000
0.2000
0.0000
0.2000
0.2000
0.2000
0.2000
0.2000
0.2000
0.2000
0.2000
0.2000
0.2000
0.2000
0.2000
0.0000
0.2000
0.2000
0.2000
0.2000
0.2000
0.2000
0.2000
0.2000
0.2000
0.2000
0.2000
0.2000
0.0000
0.2869
0.2142
0.2176
0.2257
0.2337
0.2417
0.2497
0.2575
0.2652
0.2730
0.2808
0.2883
0.0000
0.4355
0.3267
0.3206
0.3235
0.3269
0.3312
0.3352
0.3389
0.3395
0.3394
0.3391
0.3385
0.0000
0.4819
0.3530
0.3360
0.3297
0.3244
0.3252
0.3234
0.3211
0.3187
0.3163
0.3240
0.3270
0.0000
0.4678
0.3409
0.3247
0.3184
0.3128
0.3070
0.3009
0.2937
0.2852
0.2771
0.2689
0.2597
0.0000
0.3714
0.2609
0.2511
0.2482
0.2461
0.2444
0.2430
0.2418
0.2408
0.2399
0.2391
0.2384
0.0000
0.3494
0.2441
0.2353
0.2335
0.2318
0.2303
0.2288
0.2274
0.2260
0.2237
0.2206
0.2162
0.0000
0.3147
0.2097
0.2000
0.2000
0.2000
0.2000
0.2000
0.2000
0.2000
0.2000
0.2000
0.2000
0.0000
0.2000
0.2000
0.2000
0.2000
0.2000
0.2000
0.2000
0.2000
0.2000
0.2000
0.2000
0.2000
0.0000
0.2000
0.2000
0.2000
0.2000
0.2000
0.2000
0.2000
0.2000
0.2000
0.2000
0.2000
0.2000
0.0000
0.2000
0.2000
0.2000
0.2000
0.2000
0.2000
0.2000
0.2000
0.2000
0.2000
0.2000
0.2000
0.0000
0.2000
0.2000
0.2000
0.2000
0.2000
0.2000
0.2000
0.2000
0.2000
0.2000
0.2000
0.2000
0.0000
0.2000
0.2000
0.2000
0.2000
0.2000
0.2000
0.2000
0.2000
0.2000
0.2000
0.2000
0.2000
0.0000
0.2000
0.2000
0.2000
0.2000
0.2000
0.2000
0.2000
0.2000
0.2000
0.2000
0.2000
0.2000
0.0000
0.2000
0.2000
0.2000
0.2000
0.2000
0.2000
0.2000
0.2000
0.2000
0.2000
0.2000
0.2000
0.0000
0.2000
0.2000
0.2000
0.2000
0.2000
0.2000
0.2000
0.2000
0.2000
0.2000
0.2000
0.2000
0.0000
0.2000
0.2000
0.2000
0.2000
0.2000
0.2000
0.2000
0.2000
0.2000
0.2000
0.2000
0.2000
0.0000
0.2000
0.2000
0.2000
0.2000
0.2000
0.2000
0.2000
0.2000
0.2000
0.2000
0.2000
0.2000
0.0000
0.2000
0.2000
0.2000
0.2000
0.2000
0.2000
0.2000
0.2000
0.2000
0.2000
0.2000
0.2000
0.0000
0.2000
0.2000
0.2000
0.2000
0.2000
0.2000
0.2000
0.2000
0.2000
0.2000
0.2000
0.2000
0.0000
0.2000
0.2000
0.2000
0.2000
0.2000
0.2000
0.2000
0.2000
0.2000
0.2554
0.2895
0.3160
0.3413
0.3658
0.8585
0.7191
0.7165
0.7306
0.7529
0.7712
0.7814
0.7943
0.8083
0.8219
0.8347
0.8475
0.8582
0.8678
0.8767
0.8853
0.8953
0.9035
0.9074
0.9089
0.9096
0.9095
0.9088
0.9072
0.8892
0.8997
0.9017
0.8983
0.8922
0.8885
0.8859
0.8835
0.8809
0.8783
0.8754
0.8721
0.8678
0.8655
0.8610
0.8567
0.8518
0.8460
0.8492
0.8465
0.8546
0.8586
0.8623
0.8657
0.8664
0.8665
0.8658
0.8666
0.8636
0.8635
0.8548
0.8472
0.8391
0.8323
0.8237
0.8161
0.8077
0.8010
0.7938
0.7867
0.7796
0.7754
0.7714
0.7591
0.7536
0.7484
0.7446
0.7408
0.7373
0.7360
0.7325
0.7309
0.7291
0.7276
0.7281
0.7296
0.7317
0.7342
0.7371
0.7402
0.7439
0.7400
0.7459
0.7480
0.7497
0.7513
0.7482
0.7430
0.7369
0.7299
0.7225
0.7199
0.7081
0.6979
0.6883
0.6801
0.6708
0.6615
0.6536
0.6483
0.6420
0.6374
0.6314
0.6251
0.6201
0.6145
0.6107
0.6045
0.6000
0.5942
0.5879
0.9722
0.9860
0.9887
0.9886
0.9868
0.9840
0.9788
0.9729
0.9665
0.9575
0.9562
0.5556
0.5295
0.9037
0.9083
0.9016
0.5089
0.4835
0.8566
0.8629
0.8605
0.8565
0.8512
0.4588
0.4335
0.4207
0.4098
0.4004
0.3918
0.3834
0.3750
0.3673
0.3607
0.7415
0.7531
0.7564
0.7574
0.7562
0.7563
0.7567
0.7515
0.7510
0.7502
0.7493
0.3595
0.3396
0.3289
0.3203
0.3129
0.3075
0.3007
0.2955
0.2907
0.2940
0.2777
0.2785
0.2735
0.2705
0.2667
0.6487
0.6638
0.6692
0.6724
0.6743
0.6752
0.0000
0.0000
0.0000
0.2000
0.2000
0.2000
0.2000
0.2000
0.2000
0.2000
0.2000
0.2000
0.2000
0.2000
0.2000
0.0000
0.2000
0.2000
0.2000
0.2000
0.2000
0.2000
0.2000
0.2000
1.0000
1.0000
1.0000
1.0000
0.0000
1.0000
1.0000
1.0000
1.0000
1.0000
1.0000
1.0000
1.0000
1.0000
1.0000
1.0000
1.0000
0.0000
1.0000
1.0000
1.0000
1.0000
1.0000
1.0000
1.0000
1.0000
1.0000
1.0000
1.0000
1.0000
0.0000
1.0000
1.0000
1.0000
1.0000
1.0000
1.0000
1.0000
1.0000
1.0000
1.0000
1.0000
1.0000
0.0000
1.0000
1.0000
1.0000
1.0000
1.0000
1.0000
1.0000
1.0000
1.0000
1.0000
1.0000
1.0000
0.0000
1.0000
1.0000
1.0000
1.0000
1.0000
1.0000
1.0000
1.0000
1.0000
1.0000
1.0000
1.0000
0.0000
1.0000
1.0000
1.0000
1.0000
1.0000
1.0000
1.0000
1.0000
1.0000
1.0000
1.0000
1.0000
1.0000
1.0000
0.2000
0.2000
0.2000
0.2000
0.2000
0.2000
0.2000
0.2000
0.2000
0.2000
0.2000
0.2000
0.2000
0.2000
0.2000
0.2000
0.2000
0.2000
0.2000
0.2000
0.2000
0.2000
0.2000
0.2000
0.2000
0.2000
0.2000
0.2000
0.2000
0.2000
0.2000
0.2000
0.2000
0.2000
0.2000
0.2000
0.2000
0.2000
0.2000
0.2000
0.2000
0.2000
0.2000
0.2000
0.2000
0.2000
0.2000
0.2000
0.2000
0.2000
0.2000
0.2000
0.2000
0.2000
0.2000
0.2000
0.2000
0.2000
0.2000
0.2000
0.2000
0.2000
0.2000
0.2000
0.2000
0.2000
0.2000
0.2000
0.2000
0.2000
0.2000
0.2000
0.2000
0.2000
0.2000
0.2000
0.2000
0.2000
0.2000
0.2000
0.2000
0.2000
0.2000
0.2000
0.2000
0.2000
0.2000
0.2000
0.2000
0.2000
0.2000
0.2000
0.2000
0.2000
0.2000
0.2000
0.2000
0.2000
0.2000
0.2000
0.2000
0.2000
0.2000
0.2000
0.2000
0.2000
0.2000
0.2000
0.2000
0.2000
0.2000
0.2000
0.2000
0.2000
0.2000
0.2000
0.2000
0.2000
0.2000
0.2000
0.2000
0.2000
0.2000
0.2000
0.2000
0.2000
0.2000
0.2000
0.2000
0.2000
0.2000
0.2000
0.2000
0.2000
0.2000
0.2000
0.2000
0.2000
0.2000
0.2000
0.2000
0.2000
0.2000
0.2000
0.2000
0.2000
0.2000
0.2000
0.2000
0.2000
0.2000
0.2000
0.2000
0.2000
0.2000
0.2000
0.2000
0.2000
0.2000
0.2000
0.2000
0.2000
0.2000
0.2000
0.2000
0.2000
0.2000
0.2000
0.2000
0.2000
0.2000
0.2000
0.2000
0.2000
0.2000
0.2000
0.2000
0.2000
0.2000
0.2000
1.0000
1.0000
1.0000
1.0000
1.0000
1.0000
1.0000
1.0000
1.0000
1.0000
1.0000
1.0000
0.0000
1.0000
1.0000
1.0000
1.0000
1.0000
1.0000
1.0000
1.0000
1.0000
1.0000
1.0000
1.0000
0.0000
1.0000
1.0000
1.0000
1.0000
1.0000
1.0000
1.0000
1.0000
1.0000
1.0000
1.0000
1.0000
0.0000
1.0000
1.0000
1.0000
1.0000
1.0000
1.0000
1.0000
1.0000
1.0000
1.0000
1.0000
1.0000
0.0000
1.0000
1.0000
1.0000
1.0000
1.0000
1.0000
1.0000
1.0000
1.0000
1.0000
1.0000
1.0000
0.0000
1.0000
1.0000
1.0000
1.0000
1.0000
1.0000
1.0000
1.0000
1.0000
1.0000
1.0000
1.0000
0.0000
1.0000
1.0000
1.0000
1.0000
1.0000
1.0000
1.0000
1.0000
1.0000
1.0000
1.0000
1.0000
0.0000
1.0000
1.0000
1.0000
1.0000
1.0000
1.0000
1.0000
1.0000
1.0000
1.0000
1.0000
1.0000
1.0000
1.0000
1.0000
1.0000
1.0000
0.2000
0.2000
0.2000
0.2000
0.2000
0.2000
0.2000
0.2000
0.2000
0.2000
0.2000
0.2000
0.2000
0.2000
0.2000
0.2000
0.2000
0.2000
0.2000
0.2000
0.2000
0.2000
0.2000
0.2000
0.2000
0.2000
0.2000
0.2000
0.2000
0.2000
0.2000
0.2000
0.2000
0.2000
0.2000
0.2000
0.2000
0.2000
0.2000
0.2000
0.2000
0.2000
0.2000
0.2000
0.2000
0.2000
0.2000
0.2000
0.2000
0.2000
0.2000
0.2000
0.2000
0.2000
0.2000
0.2000
0.2000
0.2000
0.2000
0.2000
0.2000
0.2000
0.2000
0.2000
0.2000
0.2000
0.2000
0.2000
0.2000
0.2000
0.2000
0.2000
0.2000
0.2000
0.2000
0.2000
0.2000
0.2000
0.2000
0.2000
0.2000
0.2000
0.2000
0.2000
0.2000
0.2000
0.2000
0.2000
0.2000
0.2000
0.2000
0.2000
0.2000
0.2000
0.2000
0.2000
0.2000
0.2000
0.2000
0.2000
0.2000
0.2000
0.2000
0.2000
0.2000
0.2000
0.2000
0.2000
0.2000
0.2000
0.2000
0.2000
0.2000
0.2000
0.2000
0.2000
0.2000
0.2000
0.2000
0.2000
0.2000
0.2000
0.2000
0.2000
0.2000
0.2000
0.2000
0.2000
0.2000
0.2000
0.2000
0.2000
0.2000
0.2000
0.2000
0.2000
0.2000
0.2000
0.2000
0.2000
0.2000
0.2000
0.2000
0.2000
0.2000
0.2000
0.2000
0.2000
0.2000
0.2000
0.2000
0.2000
0.2000
0.2000
0.2000
0.2000
0.2000
0.2000
0.2000
0.2000
0.2000
0.2000
0.2000
0.2000
0.2000
0.2000
0.2000
0.2000
0.2000
0.2000
0.2000
0.2000
0.2000
0.2000
0.2000
0.2000
0.2000
0.2000
0.2000
0.2000
1.0000
1.0000
1.0000
1.0000
1.0000
1.0000
1.0000
1.0000
1.0000
1.0000
1.0000
1.0000
0.0000
1.0000
1.0000
1.0000
1.0000
1.0000
1.0000
1.0000
1.0000
1.0000
1.0000
1.0000
0.2000
0.0000
0.2000
0.2000
0.2000
0.2000
0.2000
0.2000
0.2000
0.2000
0.2000
0.2000
0.2000
0.2000
0.0000
0.2000
0.2000
0.2000
0.2000
0.2000
0.2000
0.2000
0.2000
0.2000
0.2000
0.2000
0.2000
0.0000
0.2000
0.2000
0.2000
0.2000
0.2000
0.2000
0.2000
0.2000
0.2000
0.2000
0.2000
0.2000
0.0000
0.2000
0.2000
0.2000
0.2000
0.2000
0.2000
0.2000
0.2000
0.2000
0.2000
0.2000
0.2000
0.0000
0.2000
0.2000
0.2000
0.2000
0.2000
0.2000
0.2000
0.2000
0.2000
0.2000
0.2000
0.2000
0.0000
0.2000
0.2000
0.2000
0.2000
0.2000
0.2000
0.2000
0.2000
0.2000
0.2000
0.2000
0.2232
0.2706
0.2949
0.3167
0.3380
0.3583
0.8502
0.7012
0.6965
0.7070
0.7283
0.7384
0.7485
0.7594
0.7719
0.7837
0.7960
0.8079
0.8192
0.8304
0.8413
0.8455
0.8528
0.8617
0.8683
0.8737
0.8786
0.8831
0.8868
0.8898
0.8948
0.8977
0.9020
0.9038
0.9061
0.9085
0.9089
0.9082
0.9073
0.9060
0.9044
0.9021
0.9020
0.9006
0.8984
0.8982
0.8971
0.8959
0.8993
0.8975
0.9059
0.9114
0.9162
0.9207
0.9189
0.9167
0.9144
0.9155
0.9114
0.9061
0.9018
0.8965
0.8897
0.8858
0.8804
0.8747
0.8685
0.8616
0.8561
0.8448
0.8452
0.8320
0.8310
0.8313
0.8311
0.8309
0.8314
0.8278
0.8276
0.8285
0.8297
0.8313
0.8327
0.8342
0.8328
0.8292
0.8247
0.8198
0.8142
0.8036
0.7970
0.7819
0.7789
0.7711
0.7622
0.7528
0.7472
0.7432
0.7411
0.7365
0.7369
0.7346
0.7291
0.7270
0.7246
0.7243
0.7231
0.7215
0.7199
0.7177
0.7160
0.7125
0.7088
0.7042
0.7006
1.0000
1.0000
1.0000
1.0000
1.0000
1.0000
1.0000
1.0000
1.0000
1.0000
1.0000
1.0000
1.0000
1.0000
1.0000
0.7317
0.6661
1.0000
1.0000
1.0000
1.0000
1.0000
0.9886
0.9756
0.9613
0.5645
0.5312
0.9003
0.9020
0.5078
0.4770
0.4630
0.4486
0.4355
0.4234
0.4123
0.4015
0.3916
0.7694
0.7822
0.7846
0.7791
0.7722
0.7736
0.7703
0.7688
0.7594
0.3726
0.3514
0.3383
0.3303
0.3226
0.3154
0.3089
0.3034
0.2972
0.2931
0.2873
0.6676
0.6819
0.6888
0.6871
0.6903
0.6909
0.6910
0.6907
0.6900
0.6892
0.6881
0.6869
0.6855
0.0000
0.0000
0.2000
0.2000
0.2000
0.2000
0.2000
0.2000
0.2000
0.2000
0.2000
0.2000
0.2000
0.2000
0.0000
0.2000
0.2000
0.2000
0.2000
0.2000
0.2000
0.2000
0.2000
0.2000
0.2000
0.2000
0.2000
0.0000
0.2000
0.2000
0.2000
0.2000
0.2000
0.2000
0.2000
0.2000
0.2000
0.2000
0.2000
0.2000
0.0000
0.2000
0.2000
0.2000
0.2000
0.2000
0.2000
0.2000
0.2000
0.2000
0.2000
0.2000
0.2000
0.0000
0.2000
0.2000
0.2000
0.2000
0.2000
0.2000
0.2000
0.2000
0.2000
0.2000
0.2000
0.2000
0.0000
0.2000
0.2000
0.2000
0.2000
0.2000
0.2000
0.2000
0.2000
0.2000
0.2000
0.2000
0.2000
0.0000
0.2000
0.2000
0.2000
0.2000
0.2000
0.2000
0.2000
0.2000
0.2000
0.2000
0.2000
0.2000
0.0000
0.2000
0.2000
0.2000
0.2000
0.2000
0.2000
0.2000
0.2000
0.2000
0.2295
0.2711
0.2934
0.3129
0.3310
0.3477
0.8307
0.6813
0.6715
0.6770
0.6927
0.6975
0.7116
0.7308
0.7525
0.7743
0.7968
0.8197
0.8471
0.8719
0.8961
0.9202
0.9439
0.9673
0.9813
0.9910
0.9992
1.0000
1.0000
1.0000
1.0000
1.0000
1.0000
1.0000
1.0000
1.0000
1.0000
1.0000
1.0000
1.0000
1.0000
1.0000
1.0000
1.0000
1.0000
1.0000
1.0000
1.0000
1.0000
1.0000
1.0000
1.0000
1.0000
1.0000
1.0000
1.0000
0.9894
0.9758
0.9659
0.9505
0.9384
0.9215
0.9103
0.8975
0.8851
0.8737
0.8627
0.8502
0.8440
0.8292
0.8274
0.8207
0.8157
0.8124
0.8090
0.8115
0.8070
0.8028
0.8016
0.8016
0.8000
0.8000
0.8004
0.8002
0.8004
0.8005
0.8006
0.8006
0.8016
0.8074
0.8026
0.7921
0.7948
0.7926
0.7898
0.7864
0.7832
0.7801
0.7754
0.7716
0.7713
0.7689
0.7627
0.7591
0.7528
0.7501
0.7469
0.7440
0.7391
0.7321
0.7274
0.7218
0.7146
0.7066
0.6990
0.6925
0.6852
0.6775
0.6712
0.6649
1.0000
1.0000
1.0000
1.0000
1.0000
1.0000
1.0000
1.0000
1.0000
1.0000
1.0000
1.0000
0.6359
0.5932
0.9640
0.9696
0.9592
0.9549
1.0000
1.0000
1.0000
1.0000
1.0000
1.0000
1.0000
1.0000
1.0000
1.0000
1.0000
1.0000
1.0000
1.0000
1.0000
1.0000
1.0000
1.0000
1.0000
1.0000
1.0000
1.0000
1.0000
1.0000
1.0000
1.0000
1.0000
1.0000
1.0000
1.0000
1.0000
1.0000
1.0000
1.0000
1.0000
1.0000
1.0000
1.0000
1.0000
1.0000
1.0000
1.0000
1.0000
1.0000
1.0000
1.0000
1.0000
1.0000
1.0000
1.0000
1.0000
1.0000
1.0000
1.0000
1.0000
1.0000
1.0000
1.0000
1.0000
1.0000
0.0000
1.0000
1.0000
1.0000
1.0000
1.0000
1.0000
1.0000
1.0000
1.0000
1.0000
1.0000
1.0000
0.0000
1.0000
1.0000
1.0000
1.0000
1.0000
1.0000
1.0000
1.0000
1.0000
1.0000
1.0000
1.0000
0.0000
1.0000
1.0000
1.0000
1.0000
1.0000
1.0000
1.0000
1.0000
1.0000
1.0000
1.0000
1.0000
0.0000
1.0000
1.0000
1.0000
1.0000
1.0000
1.0000
1.0000
1.0000
1.0000
1.0000
1.0000
1.0000
0.0000
1.0000
1.0000
1.0000
1.0000
1.0000
1.0000
1.0000
1.0000
1.0000
1.0000
1.0000
1.0000
0.0000
1.0000
1.0000
1.0000
1.0000
1.0000
1.0000
1.0000
1.0000
1.0000
1.0000
1.0000
1.0000
0.0000
1.0000
1.0000
1.0000
1.0000
1.0000
1.0000
1.0000
1.0000
1.0000
1.0000
1.0000
1.0000
1.0000
1.0000
1.0000
1.0000
1.0000
1.0000
1.0000
1.0000
1.0000
1.0000
1.0000
1.0000
1.0000
1.0000
1.0000
1.0000
1.0000
1.0000
1.0000
1.0000
1.0000
1.0000
1.0000
1.0000
1.0000
1.0000
1.0000
1.0000
1.0000
1.0000
1.0000
1.0000
1.0000
1.0000
1.0000
1.0000
1.0000
1.0000
1.0000
1.0000
1.0000
1.0000
1.0000
1.0000
1.0000
1.0000
1.0000
1.0000
1.0000
1.0000
1.0000
1.0000
1.0000
1.0000
1.0000
1.0000
1.0000
1.0000
1.0000
1.0000
1.0000
1.0000
1.0000
1.0000
1.0000
1.0000
1.0000
1.0000
1.0000
1.0000
1.0000
1.0000
1.0000
1.0000
1.0000
1.0000
1.0000
1.0000
1.0000
1.0000
1.0000
1.0000
1.0000
1.0000
1.0000
1.0000
1.0000
1.0000
1.0000
1.0000
1.0000
1.0000
1.0000
1.0000
1.0000
1.0000
1.0000
1.0000
1.0000
1.0000
1.0000
1.0000
1.0000
1.0000
1.0000
1.0000
1.0000
1.0000
1.0000
1.0000
1.0000
1.0000
1.0000
1.0000
1.0000
1.0000
1.0000
1.0000
1.0000
1.0000
1.0000
1.0000
1.0000
1.0000
1.0000
1.0000
1.0000
1.0000
1.0000
1.0000
1.0000
1.0000
1.0000
1.0000
1.0000
1.0000
1.0000
0.0000
1.0000
1.0000
1.0000
1.0000
1.0000
1.0000
1.0000
1.0000
1.0000
1.0000
1.0000
1.0000
0.0000
1.0000
1.0000
1.0000
1.0000
1.0000
1.0000
1.0000
1.0000
1.0000
1.0000
1.0000
1.0000
0.0000
1.0000
1.0000
1.0000
1.0000
1.0000
1.0000
1.0000
1.0000
1.0000
1.0000
1.0000
1.0000
0.0000
1.0000
1.0000
1.0000
1.0000
1.0000
1.0000
1.0000
1.0000
1.0000
1.0000
1.0000
1.0000
0.0000
1.0000
1.0000
1.0000
1.0000
1.0000
1.0000
1.0000
1.0000
1.0000
1.0000
1.0000
1.0000
0.0000
1.0000
1.0000
1.0000
1.0000
1.0000
1.0000
1.0000
1.0000
1.0000
1.0000
1.0000
1.0000
0.0000
1.0000
1.0000
1.0000
1.0000
1.0000
1.0000
1.0000
1.0000
1.0000
1.0000
1.0000
1.0000
0.0000
1.0000
1.0000
1.0000
1.0000
1.0000
1.0000
1.0000
1.0000
1.0000
1.0000
1.0000
1.0000
0.0000
1.0000
1.0000
1.0000
1.0000
1.0000
1.0000
1.0000
1.0000
1.0000
1.0000
1.0000
1.0000
0.0000
1.0000
1.0000
1.0000
1.0000
1.0000
1.0000
1.0000
1.0000
1.0000
1.0000
1.0000
1.0000
0.0000
1.0000
1.0000
1.0000
1.0000
1.0000
1.0000
1.0000
1.0000
1.0000
1.0000
1.0000
1.0000
0.0000
1.0000
1.0000
1.0000
1.0000
1.0000
1.0000
1.0000
1.0000
1.0000
1.0000
1.0000
1.0000
0.0000
1.0000
1.0000
1.0000
1.0000
1.0000
1.0000
1.0000
1.0000
1.0000
1.0000
1.0000
1.0000
0.0000
1.0000
1.0000
1.0000
1.0000
1.0000
1.0000
1.0000
1.0000
1.0000
1.0000
1.0000
1.0000
0.0000
1.0000
1.0000
1.0000
1.0000
1.0000
1.0000
1.0000
1.0000
1.0000
1.0000
1.0000
1.0000
0.0000
1.0000
1.0000
1.0000
1.0000
1.0000
1.0000
1.0000
1.0000
1.0000
1.0000
1.0000
1.0000
0.0000
1.0000
1.0000
1.0000
1.0000
1.0000
1.0000
1.0000
1.0000
1.0000
1.0000
1.0000
1.0000
0.0000
1.0000
1.0000
1.0000
1.0000
1.0000
1.0000
1.0000
1.0000
1.0000
1.0000
1.0000
1.0000
0.0000
1.0000
1.0000
1.0000
1.0000
1.0000
1.0000
1.0000
1.0000
1.0000
1.0000
1.0000
1.0000
0.0000
1.0000
1.0000
1.0000
1.0000
1.0000
1.0000
1.0000
1.0000
1.0000
1.0000
1.0000
1.0000
0.0000
1.0000
1.0000
1.0000
1.0000
1.0000
1.0000
1.0000
1.0000
1.0000
1.0000
1.0000
1.0000
0.0000
1.0000
1.0000
1.0000
1.0000
1.0000
1.0000
1.0000
1.0000
1.0000
1.0000
1.0000
1.0000
0.0000
1.0000
1.0000
1.0000
1.0000
1.0000
1.0000
1.0000
1.0000
1.0000
1.0000
1.0000
1.0000
0.0000
1.0000
1.0000
1.0000
1.0000
1.0000
1.0000
1.0000
1.0000
1.0000
1.0000
1.0000
1.0000
0.0000
1.0000
1.0000
1.0000
1.0000
1.0000
1.0000
1.0000
1.0000
1.0000
1.0000
1.0000
1.0000
0.0000
1.0000
1.0000
1.0000
1.0000
1.0000
1.0000
1.0000
1.0000
1.0000
1.0000
1.0000
1.0000
0.0000
1.0000
1.0000
1.0000
1.0000
1.0000
1.0000
1.0000
1.0000
1.0000
1.0000
1.0000
1.0000
0.0000
1.0000
1.0000
1.0000
1.0000
1.0000
1.0000
1.0000
1.0000
1.0000
1.0000
1.0000
1.0000
0.0000
1.0000
1.0000
1.0000
1.0000
1.0000
1.0000
1.0000
1.0000
1.0000
1.0000
1.0000
1.0000
0.0000
1.0000
1.0000
1.0000
1.0000
1.0000
1.0000
1.0000
1.0000
1.0000
1.0000
1.0000
1.0000
0.0000
1.0000
1.0000
1.0000
1.0000
1.0000
1.0000
1.0000
1.0000
1.0000
1.0000
1.0000
1.0000
0.0000
1.0000
1.0000
1.0000
1.0000
1.0000
1.0000
1.0000
1.0000
1.0000
1.0000
1.0000
1.0000
0.0000
1.0000
1.0000
1.0000
0.2000
0.2000
0.2000
0.2000
0.2000
0.2000
0.2000
0.2000
0.2000
0.0000
0.2000
0.2000
0.2000
0.2145
0.2522
0.2546
0.2494
0.2469
0.2445
0.2440
0.2457
0.2491
0.2541
0.2602
0.7286
0.5636
0.5463
0.5491
0.5613
0.5654
0.5679
0.5708
0.5728
0.5698
0.5702
0.5719
0.5764
0.5813
0.5858
0.5910
0.5917
0.5950
0.6113
0.6287
0.6457
0.6630
0.6858
0.7066
0.7265
0.7447
0.7689
0.7881
0.8070
0.8250
0.8310
0.8315
0.8318
0.8301
0.8275
0.8235
0.8205
0.8171
0.8106
0.8062
0.8015
0.7968
0.8002
0.8040
0.8175
0.8260
0.8337
0.8409
0.8447
0.8474
0.8491
0.8513
0.8433
0.8412
0.8345
0.8242
0.8132
0.8120
0.8053
0.7981
0.7901
0.7834
0.7763
0.7667
0.7670
0.7618
0.7591
0.7583
0.7595
0.7498
0.7505
0.7462
0.7464
0.7466
0.7458
0.7472
0.7474
0.7481
0.7488
0.7498
0.7507
0.7519
0.7529
0.7542
0.7531
0.7433
0.7452
0.7420
0.7388
0.7353
0.7321
0.7288
0.7255
0.7222
0.7210
0.7191
0.7120
0.7078
0.7028
0.7003
0.6966
0.6924
0.6871
0.6835
0.6779
0.6718
0.6655
0.6585
0.6531
0.6469
1.0000
1.0000
1.0000
1.0000
1.0000
1.0000
1.0000
1.0000
1.0000
1.0000
1.0000
1.0000
1.0000
1.0000
0.9861
0.9842
0.9715
0.5751
0.5440
0.9204
0.9182
0.9142
0.9090
0.5111
0.4854
0.8568
0.8590
0.8541
0.8490
0.4533
0.4306
0.4158
0.4034
0.3924
0.3828
0.3737
0.3655
0.3589
0.3519
0.3443
0.7230
0.7316
0.7387
0.7396
0.7412
0.7371
0.7354
0.3522
0.3340
0.3237
0.3180
0.3121
0.3071
0.3032
0.2986
0.2966
0.2915
0.2890
0.2854
0.6673
0.6830
0.6894
0.6920
0.6972
0.6997
0.7017
0.7032
0.7043
0.7052
0.7059
0.0000
0.0000
0.0000
0.2000
0.2000
0.2000
0.2000
0.2000
0.2000
0.2000
0.2000
0.2000
0.2000
0.2000
0.2000
0.0000
0.2366
0.2000
0.2000
0.2045
0.2083
0.2113
0.2000
