0.9086
0.8443
0.8374
0.8379
0.8383
0.0000
0.9003
0.8413
0.8400
0.8399
0.8399
0.8399
0.8399
0.8398
0.8398
0.8397
0.8396
0.8395
0.0000
0.9021
0.8413
0.8397
0.8394
0.8392
0.8390
0.8388
0.8387
0.8385
0.8383
0.8381
0.8379
0.0000
0.8883
0.8395
0.8379
0.8376
0.8373
0.8371
0.8369
0.8367
0.8365
0.8363
0.8361
0.8358
0.0000
0.8819
0.8373
0.8358
0.8354
0.8351
0.8349
0.8347
0.8344
0.8342
0.8340
0.8338
0.8336
0.0000
0.8778
0.8349
0.8334
1.3027
0.9832
0.9635
0.9587
0.9554
0.9526
0.9501
0.9480
0.9460
0.0000
1.1433
0.9494
1.2831
1.1016
1.0854
1.0795
1.0752
1.0960
1.1090
1.1164
1.1233
1.1321
1.1420
1.1500
1.9843
1.7900
1.7582
1.7383
2.0890
2.3094
2.5624
2.6235
2.6998
2.7631
2.8432
2.8652
2.9128
2.9423
2.9652
2.9833
2.9963
3.0089
3.0210
3.0327
3.0441
3.0551
3.0239
2.9997
3.0602
3.0689
3.1162
3.1254
3.2289
3.2331
3.2435
3.2306
3.2648
3.2745
3.2850
3.2141
3.1647
3.1508
3.1609
3.2524
3.2924
3.3254
3.3283
2.9579
2.9400
2.9280
2.9140
2.9061
2.8988
2.8921
2.8812
3.0267
3.0742
3.1061
3.2142
3.2435
3.1702
3.1744
3.1385
3.0741
3.0159
2.9593
2.8922
2.3299
2.3202
2.3055
2.2964
2.3966
2.4854
2.8038
2.8345
2.9063
2.9870
3.1174
3.1533
3.2094
3.2324
3.2493
3.2647
3.2739
3.2822
3.2897
3.2964
3.2977
3.3303
2.9632
2.9291
2.9085
2.8970
2.8912
2.8830
2.8759
2.8692
2.8623
3.0081
3.2738
3.3155
3.3201
3.2342
3.2591
3.2543
3.2176
3.1789
3.1923
3.2133
3.2301
3.2459
3.1780
3.2007
3.1615
3.2695
3.2428
3.2946
3.2938
3.3327
3.3350
3.3241
3.2794
3.2496
3.2135
3.1295
2.9899
2.8231
2.5831
2.4058
2.3837
2.1899
2.4477
2.4226
2.2710
2.2561
2.1555
2.1302
2.0565
1.8462
1.9640
2.1557
2.1453
2.3937
1.9322
1.9257
1.9112
1.8988
1.8873
1.8784
1.8710
1.8638
1.9428
1.9645
2.3055
2.2246
2.0325
2.0278
2.0217
1.8690
1.8620
1.8255
1.7286
1.7173
1.7131
1.6274
1.6230
1.6191
1.6183
1.8708
1.9042
1.9455
1.9748
2.0561
2.0409
2.0485
2.0592
2.0603
1.9282
1.9258
1.9221
1.9191
1.9162
1.9134
1.9107
0.0000
0.0000
0.0000
0.8567
0.8394
0.8405
0.8422
0.8436
0.8449
0.8460
0.8441
0.8421
0.8315
0.8296
0.8431
0.0000
0.9917
0.8957
0.8938
0.8965
0.8991
0.8988
0.9012
0.8979
0.8375
0.8306
0.8312
0.8317
0.0000
0.8763
0.8347
0.8337
0.8337
0.8337
0.8338
0.8338
0.8338
0.8337
0.8337
0.8336
0.8336
0.0000
0.8783
0.8353
0.8339
0.8337
0.8335
0.8334
0.8332
0.8331
0.8329
0.8328
0.8327
0.8326
0.0000
0.8763
0.8341
0.8328
0.8325
0.8324
0.8322
0.8321
0.8319
0.8318
0.8317
0.8316
0.8314
0.0000
0.8744
0.8330
0.8318
0.8315
0.8313
0.8312
0.8310
0.8309
0.8308
0.8307
0.8306
0.8305
0.0000
0.8726
0.8320
0.8308
1.5240
1.2039
1.1857
1.1817
1.1789
1.1765
1.1745
1.1728
1.1713
0.0000
1.3732
1.1748
1.5114
1.3303
1.3148
1.3098
1.3062
1.3034
1.3011
1.2992
1.2975
1.2961
1.2948
1.2937
1.7364
1.5761
1.5479
1.5294
1.7167
2.1277
2.3325
2.4326
2.5042
2.5886
2.6500
2.6849
2.7471
2.7941
2.8287
2.8590
2.8889
2.9185
2.9434
2.9661
2.9878
2.9875
2.9987
2.9747
2.9982
3.0208
3.0980
3.1408
3.1501
3.1675
3.1796
3.1624
3.1960
3.2076
3.2145
3.1196
2.9767
3.0418
3.0612
3.1362
3.1698
3.2214
3.2224
2.7660
2.7425
2.7340
2.7289
2.7257
2.7185
2.7113
2.6998
3.0271
3.1250
3.2643
3.2587
3.2827
3.2048
3.2047
3.1732
3.1382
3.0672
2.9704
2.8448
2.5491
2.4516
2.4395
2.4318
2.4278
2.5587
2.6494
2.9493
2.9752
2.8728
2.7253
2.7640
2.7894
2.8575
2.8809
2.8896
2.8965
2.9041
2.9118
2.9194
2.8737
2.8042
2.3661
2.3440
2.3322
2.3250
2.3195
2.3161
2.3279
2.3288
2.3295
2.5704
2.7158
2.8645
2.9110
2.9298
2.9457
2.9451
2.9721
2.9677
2.8471
2.8705
2.9108
2.9677
2.9553
2.8904
2.9110
2.8972
2.9441
2.9604
3.0852
3.0896
3.0867
3.0777
3.0681
3.0583
3.0473
3.5944
3.3914
3.3044
3.2510
2.7271
2.7870
2.5441
2.5732
2.6555
2.6454
2.4898
2.4510
2.4310
2.3736
2.0696
2.1420
2.3318
2.3231
2.4645
2.1270
2.1066
2.0904
2.0765
2.0636
2.0516
2.0401
2.0292
2.0979
2.4511
2.4767
2.4797
2.2018
2.1925
2.1831
2.2270
2.2219
2.1883
1.9816
1.9720
1.7861
1.7721
1.7618
1.7528
1.7445
1.8169
2.0949
2.1794
2.1824
2.0513
2.0814
2.0773
2.0740
2.0751
2.0715
2.0660
2.0620
2.0583
2.0548
2.0511
2.0474
0.0000
0.0000
0.0000
0.8754
0.8480
0.8494
0.8562
0.8602
0.8635
0.8736
0.8730
0.8683
0.8521
0.8715
0.8745
0.0000
1.0464
0.9224
0.9188
0.9209
0.9230
0.9229
0.9133
0.9171
0.8557
0.8496
0.8507
0.8516
0.0000
0.9524
0.8581
0.8552
0.8552
0.8553
0.8554
0.8555
0.8555
0.8555
0.8555
0.8554
0.8554
0.0000
0.9571
0.8598
0.8562
0.8558
0.8556
0.8554
0.8552
0.8550
0.8549
0.8547
0.8545
0.8543
0.0000
0.9548
0.8584
0.8549
0.8544
0.8541
0.8539
0.8536
0.8534
0.8532
0.8530
0.8528
0.8525
0.0000
0.9513
0.8565
0.8530
0.8524
0.8521
0.8518
0.8515
0.8513
0.8510
0.8507
0.8505
0.8502
0.0000
0.9467
0.8540
0.8505
1.3786
1.0540
1.0216
1.0150
1.0105
1.0069
1.0037
1.0010
0.9985
0.0000
1.1990
1.0031
1.3515
1.1814
1.1631
1.1564
1.1514
1.1473
1.0496
1.0475
1.0448
1.0423
1.0400
1.0379
1.7668
1.5433
1.5250
1.5200
2.0658
2.2840
2.3309
2.4028
2.5042
2.5738
2.6088
2.6354
2.6732
2.6917
2.7105
2.7338
2.7477
2.7616
2.7782
2.7957
2.8153
2.8297
2.7626
2.6972
2.7935
2.8466
2.9319
2.9567
2.9563
2.9713
2.9760
2.9488
2.9793
2.9784
2.9752
2.9057
2.8176
2.8139
2.8139
2.8595
2.8916
2.9181
2.9563
2.5811
2.5739
2.5705
2.5755
2.5778
2.5816
2.5817
2.5871
2.7640
3.0387
3.0793
3.1011
3.0997
3.0180
3.0244
3.0109
2.9740
2.8950
2.8263
2.7661
2.3278
2.3154
2.3042
2.2983
2.3216
2.3209
2.5325
2.6419
2.6640
2.8464
2.9177
2.9359
3.0133
3.0314
3.0501
3.0592
3.0682
3.0770
3.0855
3.0933
3.0932
3.1424
2.7844
2.7719
2.7628
2.7571
2.7528
2.7498
2.7475
2.7459
2.7445
2.7745
3.0960
3.6747
3.5914
3.5979
3.6010
3.5948
3.5764
3.5778
3.5654
3.5371
3.5751
3.5774
3.5905
3.5263
3.5130
3.5228
3.5592
3.6665
3.6756
3.7128
3.7155
3.7115
3.6684
3.6301
3.6045
3.5421
3.4950
3.4567
3.2131
2.9830
2.9274
2.8902
2.8887
2.8594
2.8314
2.6658
2.6266
2.5999
2.2619
2.1822
2.3852
2.4582
2.4306
2.6673
2.2369
2.2100
2.1874
2.1677
2.1494
2.1328
2.1144
2.0988
2.1641
2.3587
2.4347
2.4341
2.2419
2.2344
2.2224
2.2073
2.3294
2.1974
2.1971
1.9911
1.8312
1.8134
1.8013
1.7914
1.7828
1.7706
2.1175
2.2113
2.2202
2.2291
2.1219
2.1240
2.1209
2.1183
2.1158
2.1133
2.1108
2.1083
2.1059
2.1034
2.1010
0.0000
0.0000
0.0000
0.9281
0.8704
0.8743
0.8801
0.8908
0.8796
0.8845
0.8862
0.8816
0.8615
0.8871
0.9165
0.0000
1.0922
0.9364
0.9313
0.9346
0.9448
0.9524
0.9452
0.9006
0.8654
0.8593
0.8604
0.8613
0.0000
0.9723
0.8680
0.8648
0.8648
0.8650
0.8651
0.8652
0.8653
0.8653
0.8653
0.8652
0.8651
0.0000
0.9777
0.8697
0.8658
0.8654
0.8652
0.8650
0.8648
0.8646
0.8644
0.8642
0.8640
0.8638
0.0000
0.9742
0.8681
0.8640
0.8635
0.8632
0.8629
0.8627
0.8624
0.8621
0.8619
0.8616
0.8613
0.0000
0.9689
0.8653
0.8613
0.8608
0.8604
0.8600
0.8597
0.8594
0.8590
0.8587
0.8583
0.8580
0.0000
0.9619
0.8616
0.8577
1.3911
1.0730
1.0378
1.0305
1.0254
1.0211
1.0174
1.0142
1.0113
0.0000
1.2116
1.0155
1.3732
1.1975
1.1780
1.1704
1.1647
1.1600
1.1561
1.1636
1.1810
1.1938
1.2071
1.2195
2.2212
1.9171
1.8999
1.9066
2.5156
2.6553
2.9156
2.9671
3.0414
3.0786
3.1395
3.1803
3.2192
3.2384
3.2528
3.2666
3.2800
3.2929
3.3020
3.3092
3.3157
3.3196
3.3247
3.3042
3.1509
3.2032
3.2784
3.3286
3.3559
3.3437
3.3417
3.3209
3.3526
3.3635
3.3607
3.3381
3.2472
3.1568
3.2014
3.2944
3.3624
3.3973
3.4273
2.9767
2.9623
2.9490
2.9405
2.9344
2.9268
2.9196
2.9128
2.9278
3.1407
3.3961
3.4530
3.4696
3.3951
3.3957
3.3414
3.3173
3.2484
3.1974
3.1324
2.7880
2.4692
2.4502
2.4350
2.6273
3.0159
3.0758
3.1184
3.2086
3.2642
3.3039
3.3569
3.3742
3.4112
3.4197
3.4297
3.4398
3.4499
3.4595
3.4691
3.4524
3.4480
3.1462
3.1351
3.1288
3.1265
3.1248
3.1234
3.1222
3.1218
3.1219
3.2228
3.5550
3.5589
3.6215
3.5449
3.5494
3.5456
3.5214
3.4789
3.4438
3.4984
3.5329
3.5147
3.4989
3.4442
3.4562
3.5479
3.5123
3.5115
3.5797
3.6049
3.6003
3.5903
3.5659
3.5090
3.4835
3.4471
3.3567
3.3253
3.2610
2.7543
2.8014
2.7825
2.7170
2.5542
2.7084
2.5609
2.4962
2.3582
2.3368
2.4411
2.4296
2.4142
2.2998
2.5622
2.2127
2.1830
2.1626
2.1451
2.1289
2.1137
2.0972
2.0834
2.0717
2.1404
2.2995
2.4858
2.4102
2.2339
2.2232
2.1998
2.0993
2.0916
1.9814
1.9769
1.8298
1.8102
1.8012
1.7938
2.0684
2.0707
2.0723
2.1577
2.1551
2.1936
2.1843
2.2618
2.2741
2.2746
2.1366
2.1328
2.1283
2.1245
2.1209
2.1174
2.1140
0.0000
0.0000
0.0000
0.8891
0.8525
0.8560
0.8671
0.8773
0.8802
0.8849
0.8834
0.8759
0.8690
0.9068
0.9185
0.0000
1.1164
0.9456
0.9438
0.9488
0.9535
0.9522
0.9502
0.9085
0.8685
0.8621
0.8630
0.8637
0.0000
0.9773
0.8699
0.8665
0.8664
0.8665
0.8666
0.8666
0.8666
0.8665
0.8665
0.8664
0.8662
0.0000
0.9798
0.8707
0.8667
0.8662
0.8660
0.8657
0.8655
0.8652
0.8650
0.8647
0.8645
0.8642
0.0000
0.9748
0.8685
0.8644
0.8639
0.8635
0.8632
0.8630
0.8627
0.8624
0.8621
0.8619
0.8616
0.0000
0.9692
0.8657
0.8617
0.8611
0.8608
0.8605
0.8602
0.8599
0.8596
0.8593
0.8590
0.8586
0.0000
0.9630
0.8626
0.8587
1.3931
1.0759
1.0405
1.0334
1.0284
1.0243
1.0208
1.0176
1.0149
0.0000
1.2154
1.0196
1.4941
1.3275
1.3198
1.3012
1.2801
1.2566
1.2480
1.2398
1.2319
1.2253
1.2198
1.2152
2.3243
1.9222
1.8793
1.8655
1.8564
1.8495
1.8445
1.8409
1.8384
1.8369
1.8361
1.8360
1.8417
1.8453
1.8461
1.8480
1.8472
1.8482
1.8485
1.8488
1.8499
1.8519
1.8537
1.8558
1.8589
1.8623
1.8660
1.8699
1.8743
1.8787
1.8840
1.8900
1.9000
1.9074
1.9142
1.9209
1.9265
1.9318
1.9359
1.9393
1.9438
1.9475
1.9479
1.9485
1.9481
1.9470
1.9456
1.9442
1.9403
1.9420
1.9379
1.9339
1.9297
1.9256
1.9244
1.9243
1.9178
1.9144
1.9126
1.9110
1.8991
1.8894
1.8842
1.8808
1.8783
1.8768
1.8753
1.8739
1.8730
1.8725
1.8724
1.8726
1.8735
1.8731
1.8740
1.8761
1.8783
1.8805
1.8845
1.8896
1.8950
1.9008
1.9070
1.9143
1.9207
1.9186
1.9247
1.9305
1.9363
1.9419
1.9452
1.9472
1.9487
1.9499
1.9511
1.9514
1.9504
1.9451
1.9439
1.9407
1.9377
1.9347
1.9352
1.9368
1.9385
1.9403
1.9424
1.9449
1.9469
1.9520
1.9542
1.9558
1.9573
1.9585
1.9559
1.9515
1.9465
1.9410
1.9349
1.9290
0.8296
0.8296
0.8296
0.8296
0.8296
0.8296
0.8296
0.8296
0.8296
0.8296
0.8296
0.8296
0.0000
0.8656
0.8360
0.8367
0.8382
0.8396
0.8408
0.8420
0.8430
0.8440
0.8450
0.8461
0.8470
0.0000
0.9096
0.8411
0.8401
0.8406
0.8410
0.8415
0.8431
0.8441
0.8449
0.8457
0.8465
0.8471
0.0000
0.9433
0.8534
0.8508
0.8510
0.8514
0.8517
0.8521
0.8525
0.8528
0.8531
0.8534
0.8537
0.0000
0.9547
0.8591
0.8560
0.8560
0.8561
0.8562
0.8564
0.8565
0.8566
0.8568
0.8569
0.8570
0.0000
0.9606
0.8620
0.8587
0.8585
0.8584
0.8585
0.8585
0.8586
0.8586
0.8586
0.8586
0.8586
0.0000
0.9635
0.8635
0.8600
0.8597
0.8596
0.8595
0.8594
0.8594
0.8593
0.8593
0.8592
0.8591
0.0000
0.9641
0.8637
0.8601
0.8597
0.8595
0.8593
0.8592
0.8591
0.8589
0.8588
0.8586
0.8585
0.0000
0.9626
0.8629
0.8592
0.8587
0.8584
0.8582
0.8580
0.8578
0.8576
0.8574
0.8572
0.8569
0.0000
0.9594
0.8611
0.8574
0.8568
0.8565
0.8562
0.8560
0.8557
0.8554
0.8552
0.8549
0.8546
0.0000
0.9547
0.8585
0.8548
0.8543
0.8539
0.8535
0.8532
0.8529
0.8526
0.8523
0.8519
0.8516
0.0000
0.9488
0.8553
0.8517
0.8510
0.8506
0.8502
0.8499
0.8495
0.8492
0.8489
0.8485
0.8482
0.0000
0.9432
0.8587
0.8559
0.8560
0.8564
0.8568
0.8573
0.8577
0.8581
0.8584
0.8588
0.8591
0.0000
0.9637
0.8650
0.8618
0.8618
0.8620
0.8623
0.8627
0.8631
0.8634
0.8638
0.8643
0.8647
0.0000
0.9779
0.8713
0.8679
0.8681
0.8685
0.8689
0.8694
0.8699
0.8704
0.8709
0.8714
0.8719
0.0000
1.0145
0.8815
0.8780
0.8793
0.8809
0.8825
0.8841
0.8857
0.8873
0.8889
0.8904
0.8920
0.0000
1.1023
0.9120
0.9041
0.9047
0.9057
0.9061
0.9069
0.9078
0.9079
0.9113
0.9119
0.9120
0.0000
1.1361
0.9234
0.9156
0.9152
0.9151
0.9158
0.9161
0.9164
0.9167
0.9169
0.9187
0.9197
0.0000
1.1255
0.9314
0.9235
0.9229
0.9226
0.9224
0.9222
0.9260
0.9254
0.9248
0.9240
0.9234
0.0000
1.1324
0.9322
0.9256
0.9257
0.9261
0.9262
0.9221
0.9222
0.9224
0.9226
0.9228
0.9230
0.0000
1.1321
0.9320
0.9254
0.9252
0.9254
0.9228
0.9231
0.9234
0.9237
0.9240
0.9242
0.9242
0.0000
1.1291
0.9328
0.9262
0.9262
0.9265
0.9269
0.9272
0.9275
0.9278
0.9280
0.9281
0.9283
0.0000
1.1247
0.9364
0.9302
0.9299
0.9298
0.9297
0.9296
0.9295
0.9293
0.9291
0.9289
0.9286
0.0000
1.1250
0.9355
0.9231
0.9223
0.9219
0.9215
0.9211
0.9207
0.9202
0.9198
0.9193
0.9188
0.0000
1.1091
0.9250
0.9182
0.9174
0.9169
0.9163
0.9159
0.9154
0.9149
0.9144
0.9139
0.9134
0.0000
1.1006
0.9194
0.9128
0.9120
0.9114
0.9109
0.9104
0.9099
0.9095
0.9090
0.9085
0.9079
0.0000
1.0889
0.9137
0.9071
0.9063
0.9057
0.9051
0.9046
0.9040
0.9035
0.9029
0.9024
0.9018
0.0000
1.0764
0.9074
0.9009
0.9000
0.8994
0.8988
0.8982
0.8977
0.8971
0.8965
0.8959
0.8953
0.0000
1.0635
0.9007
0.8944
0.8935
0.8928
0.8922
0.8916
0.8910
0.8904
0.8898
0.8892
0.8886
0.0000
1.0491
0.8936
0.8873
0.8863
0.8856
0.8850
0.8845
0.8841
0.8836
0.8831
0.8827
0.8822
0.0000
1.0310
0.8864
0.8813
0.8806
0.8800
0.8795
0.8790
0.8785
0.8780
0.8775
0.8770
0.8765
0.0000
1.0106
0.8804
0.8755
0.8748
0.8743
0.8737
0.8733
0.8728
0.8723
0.8718
0.8712
0.8707
0.0000
0.9887
0.8743
0.8695
0.8687
0.8680
0.8673
0.8667
0.8661
0.8654
0.8648
0.8641
0.8635
0.0000
0.9725
0.8666
0.8621
1.3929
1.0876
1.0513
1.0429
1.0370
1.0321
1.0277
1.0237
1.0201
0.0000
1.2220
1.0231
1.3856
1.2047
1.1845
1.1762
1.1958
1.2128
1.2222
1.2347
1.2441
1.2530
1.2618
1.2704
2.2711
1.9611
1.9353
1.9336
2.3024
2.7437
2.8750
2.9270
2.9838
3.0379
3.0653
3.0887
3.1250
3.1505
3.1604
3.1712
3.1803
3.1898
3.2006
3.2117
3.2206
3.2181
3.2197
3.2166
2.3072
2.0989
2.1395
2.1551
2.1522
2.1468
2.1439
2.1453
2.1463
2.1473
2.1429
2.1220
2.0625
2.0919
2.1073
2.1311
2.1503
2.1188
2.2106
1.9591
1.9439
1.9367
1.9318
1.9284
1.9250
1.9223
1.9199
2.0294
2.0719
2.2423
2.2479
2.2239
2.1751
2.1744
2.1313
2.0971
2.0248
2.0024
1.9858
1.9531
1.8678
1.8625
1.8592
1.8543
1.9341
1.9755
2.0242
2.0567
2.0605
2.1428
2.1468
2.1648
2.1729
2.1719
2.1759
2.1802
2.1847
2.1893
2.1940
2.1989
2.2975
2.0187
2.0016
1.9959
1.9929
1.9915
1.9883
1.9845
1.9806
1.9766
1.9725
2.2639
2.3269
2.2944
2.2218
2.2172
2.2125
2.2142
2.1492
2.1454
2.1118
2.1658
2.1944
2.1646
2.1604
2.1309
2.2068
2.2114
2.2677
2.2684
2.2678
2.2959
2.2960
2.2953
2.2943
2.2652
2.2629
2.2313
2.1838
2.1325
1.9860
2.1142
2.0338
2.0276
2.1139
2.1007
1.9531
1.9118
1.9019
1.9197
1.9021
1.8994
1.9037
1.8968
1.9458
1.8320
1.8039
1.7954
1.7889
1.7832
1.7778
1.7715
1.7663
1.8353
1.9407
1.9394
1.9388
1.9335
1.8570
1.8521
1.9821
1.9297
1.9096
1.9073
1.9105
1.8063
1.8006
1.7965
1.7931
1.7900
1.9490
1.9498
1.9458
1.9458
3.2370
2.4765
2.5408
2.3798
2.3550
2.3339
2.3453
2.3301
2.3166
2.3061
2.2967
2.2835
0.0000
0.0000
0.0000
0.9385
0.8860
0.8918
0.8976
0.9024
0.9065
0.9100
0.9142
0.9226
0.9159
0.8967
0.8893
0.0000
1.1524
0.9622
0.9661
0.9739
0.9779
0.9783
0.9428
0.9265
4.1481
4.1481
4.1481
4.1481
0.0000
4.1481
4.1481
4.1481
4.1481
4.1481
4.1481
4.1481
4.1481
4.1481
4.1481
4.1481
4.1481
0.0000
4.1481
4.1481
4.1481
4.1481
4.1481
4.1481
4.1481
4.1481
4.1481
4.1481
4.1481
4.1481
0.0000
4.1481
4.1481
4.1481
4.1481
4.1481
4.1481
4.1481
4.1481
4.1481
4.1481
4.1481
4.1481
0.0000
4.1481
4.1481
4.1481
4.1481
4.1481
4.1481
4.1481
4.1481
4.1481
4.1481
4.1481
4.1481
0.0000
4.1481
4.1481
4.1481
4.1481
4.1481
4.1481
4.1481
4.1481
4.1481
4.1481
4.1481
4.1481
0.0000
4.1481
4.1481
4.1481
4.1481
4.1481
4.1481
4.1481
4.1481
4.1481
4.1481
4.1481
4.1481
4.1481
4.1481
3.9940
3.0835
2.0513
1.5241
1.1433
1.0774
1.0087
0.9618
0.9308
0.9011
0.8896
0.8797
0.8703
0.8615
0.8531
0.8451
0.8375
0.8420
0.8429
0.8412
0.8390
0.8376
0.8327
0.8320
0.8296
0.8296
0.8296
0.8296
0.8296
0.8296
0.8296
0.8296
0.8296
0.8296
0.8296
0.8296
0.8296
0.8296
0.8296
0.8296
0.8296
0.8296
0.8296
0.8296
0.8296
0.8296
0.8296
0.8296
0.8296
0.8296
0.8341
0.8369
0.8296
0.8296
0.8296
0.8296
0.8296
0.8296
0.8296
0.8296
0.8296
0.8296
0.8296
0.8296
0.8296
0.8296
0.8296
0.8296
0.8296
0.8296
0.8296
0.8296
0.8296
0.8296
0.8296
0.8296
0.8296
0.8296
0.8296
0.8331
0.8347
0.8356
0.8363
0.8368
0.8329
0.8296
0.8296
0.8406
0.8501
0.8537
0.8563
0.8601
0.8635
0.8657
0.8568
0.8442
0.8419
0.8315
0.8335
0.8452
0.8475
0.8484
0.8490
0.8464
0.8404
0.8454
0.8460
0.8618
0.8697
0.8706
0.8729
0.8733
0.8732
0.8712
0.8733
0.8773
0.8798
0.8786
0.8730
0.8669
0.8597
0.8467
0.8395
0.8382
0.8356
0.8360
0.8332
0.8304
0.8323
0.8359
0.8364
0.8352
0.8340
0.8359
0.8347
0.8380
0.8416
0.8444
0.8329
0.8296
0.8296
0.8296
0.8296
0.8296
0.8296
0.8296
0.8296
0.8296
0.8296
0.8296
0.8296
0.8296
0.8296
0.8365
0.8370
0.8362
0.8337
0.8326
0.8330
0.8335
0.8296
0.8296
0.8296
0.8349
0.8382
0.8398
0.8396
0.8408
0.8403
0.8421
0.8455
0.8392
0.8483
0.8517
0.8532
0.8543
0.8553
0.8562
0.8571
0.8546
4.1481
4.1481
4.1481
4.1481
4.1481
4.1481
4.1481
4.1481
4.1481
4.1481
4.1481
4.1481
0.0000
4.1481
4.1481
4.1481
4.1481
4.1481
4.1481
4.1481
4.1481
4.1481
4.1481
4.1481
4.1481
0.0000
4.1481
4.1481
4.1481
4.1481
4.1481
4.1481
4.1481
4.1481
4.1481
4.1481
4.1481
4.1481
0.0000
4.1481
4.1481
4.1481
4.1481
4.1481
4.1481
4.1481
4.1481
4.1481
4.1481
4.1481
4.1481
0.0000
4.1481
4.1481
4.1481
4.1481
4.1481
4.1481
4.1481
4.1481
4.1481
4.1481
4.1481
4.1481
0.0000
4.1481
4.1481
4.1481
4.1481
4.1481
4.1481
4.1481
4.1481
4.1481
4.1481
4.1481
4.1481
0.0000
4.1481
4.1481
4.1481
4.1481
4.1481
4.1481
4.1481
4.1481
4.1481
4.1481
4.1481
4.1481
0.0000
4.1481
4.1481
4.1481
4.1481
4.1481
4.1481
4.1481
4.1481
4.1481
4.1481
4.1481
4.1481
4.1481
4.1481
4.1481
4.1481
4.1481
3.9489
2.6013
1.3518
1.0757
0.9137
0.8778
0.8663
0.8515
0.8396
0.8359
0.8297
0.8296
0.8296
0.8296
0.8296
0.8296
0.8296
0.8296
0.8296
0.8296
0.8296
0.8296
0.8296
0.8296
0.8321
0.8374
0.8425
0.8507
0.8568
0.8615
0.8633
0.8638
0.8639
0.8636
0.8630
0.8553
0.8527
0.8516
0.8456
0.8466
0.8529
0.8536
0.8446
0.8296
0.8296
0.8296
0.8296
0.8361
0.8409
0.8439
0.8463
0.8453
0.8375
0.8296
0.8320
0.8379
0.8396
0.8409
0.8405
0.8398
0.7433
0.7364
0.7364
0.7364
0.7364
0.7364
0.7364
0.7364
0.7364
0.7364
0.7364
0.7410
0.7479
0.7601
0.7629
0.7654
0.7663
0.7672
0.7679
0.7686
0.7693
0.7699
0.7709
0.7685
0.7625
0.7629
0.7676
0.7937
0.7993
0.8042
0.8072
0.8128
0.8151
0.8168
0.8108
0.7938
0.7792
0.7712
0.7714
0.7827
0.7835
0.7824
0.7849
0.7999
0.8015
0.7966
0.7989
0.8185
0.8183
0.8268
0.8339
0.8375
0.8368
0.8428
0.8439
0.8471
0.8489
0.8488
0.8499
0.8464
0.8350
0.8073
0.7925
0.7886
0.7909
0.7872
0.7943
0.7911
0.8017
0.7996
0.7831
0.7828
0.8752
0.8654
0.8569
0.8661
0.8650
0.8654
0.8627
0.8470
0.8469
0.8468
0.8471
0.8476
0.8477
0.8410
0.8408
0.8405
0.8402
0.8399
0.8397
0.8394
0.8489
0.8548
0.8581
0.8655
0.8538
0.8546
0.8516
0.8518
0.8415
0.8587
0.8611
0.8629
0.8647
0.8644
0.8621
0.8627
0.8601
0.8494
0.8581
0.8654
0.8684
0.8521
0.8626
0.8645
0.8658
0.8669
0.8679
0.8674
4.1481
4.1481
4.1481
4.1481
4.1481
4.1481
4.1481
4.1481
4.1481
4.1481
4.1481
4.1481
0.0000
4.1481
4.1481
4.1481
4.1481
4.1481
4.1481
4.1481
4.1481
4.1481
4.1481
4.1481
0.8410
0.0000
1.2643
1.0878
1.0760
1.0726
1.0698
1.0673
1.0650
1.0629
1.0609
1.0590
1.0573
1.0556
0.0000
1.2761
1.0659
1.0543
1.0518
1.0500
1.0485
1.0470
1.0456
1.0442
1.0428
1.0415
1.0401
0.0000
1.2439
1.0496
1.0387
1.0363
1.0345
1.0328
1.0312
1.0297
1.0281
1.0265
1.0249
1.0233
0.0000
1.2200
1.0311
1.0207
1.0180
1.0160
1.0142
1.0124
1.0107
1.0089
1.0072
1.0054
1.0037
0.0000
1.1941
1.0101
1.0001
0.9975
0.9954
0.9936
1.6008
1.4766
1.3638
1.3393
1.3236
1.3102
0.0000
1.5923
1.3520
1.2840
1.2697
1.2596
1.7133
1.5887
1.5641
1.5527
1.5452
1.5447
1.5475
1.5565
1.5644
1.5665
1.5688
1.5710
2.7458
2.2729
2.2196
2.2092
2.7538
3.0366
3.1420
3.2062
3.2871
3.3367
3.3808
3.4064
3.4206
3.4338
3.4460
3.4537
3.4632
3.4736
3.4821
3.4943
3.5014
3.5082
3.4871
3.4156
3.4325
3.4358
3.5130
3.5406
3.5462
3.5518
3.5558
3.5590
3.5608
3.5609
3.5518
3.4963
3.5079
3.5182
3.4738
3.4926
3.5227
3.5523
3.6224
3.3416
3.2802
3.2648
3.2557
3.2492
3.2399
3.2319
3.2248
3.4286
3.5753
3.6112
3.6507
3.6647
3.5765
3.5712
3.5669
3.5584
3.5267
3.4459
3.3866
2.9984
2.9606
2.9334
2.9236
2.9402
3.0182
3.1535
3.3699
3.3985
3.4071
3.4298
3.4643
3.5093
3.5416
3.5493
3.5584
3.5611
3.5629
3.5641
3.5646
3.5299
3.6166
3.2236
3.1552
3.1327
3.1168
3.1033
3.0953
3.0903
3.1870
3.1892
3.4182
3.6699
3.6871
3.6774
3.6009
3.6057
3.6110
3.5636
3.5336
3.5213
3.5893
3.6256
3.6328
3.5614
3.5317
3.6038
3.7190
3.7507
3.7589
3.7808
3.7854
3.7832
3.7801
3.7567
3.6966
3.6795
3.6305
3.5954
3.5733
3.5023
3.1226
3.2304
3.0929
2.9945
3.0676
3.0444
2.8814
2.8464
2.7786
2.5709
2.7017
2.6725
2.6738
2.6407
2.7559
2.4610
2.4322
2.4064
2.3834
2.3619
2.3419
2.3185
2.2995
2.3031
2.4449
2.6982
2.6981
2.4169
2.4036
2.3888
2.5077
2.3005
2.2627
2.2468
2.0257
1.9884
1.9716
1.9580
1.9457
2.0159
2.0091
2.2007
2.2781
2.3004
2.3087
2.4794
2.3460
2.3432
2.3401
2.3370
2.3339
2.3307
2.3274
2.3240
2.3206
2.3171
0.0000
0.0000
0.8603
0.8530
0.8660
0.8811
0.8987
0.9044
0.9082
0.9118
0.9097
0.9202
0.9141
0.9230
0.0000
1.1769
0.9716
0.9660
0.9681
0.9702
0.9721
0.9796
0.9826
0.9407
0.8914
0.8845
0.8851
0.0000
1.0338
0.8917
0.8871
0.8870
0.8870
0.8870
0.8869
0.8868
0.8866
0.8865
0.8863
0.8861
0.0000
1.0444
0.8910
0.8859
0.8855
0.8851
0.8849
0.8846
0.8843
0.8840
0.8837
0.8834
0.8832
0.0000
1.0347
0.8878
0.8828
0.8823
0.8820
0.8816
0.8813
0.8810
0.8807
0.8804
0.8800
0.8797
0.0000
1.0208
0.8842
0.8793
0.8788
0.8784
0.8780
0.8777
0.8774
0.8770
0.8767
0.8763
0.8760
0.0000
1.0064
0.8803
0.8756
0.8750
1.4064
1.1209
1.0809
1.0722
1.0661
1.0611
1.0568
1.0529
0.0000
1.2607
1.0573
1.0450
1.4391
1.2525
1.2306
1.2214
1.2145
1.2276
1.2430
1.2510
1.2566
1.2616
1.2661
1.2702
2.3876
1.9959
1.9617
1.9564
2.5080
2.8269
2.9673
3.0294
3.1075
3.1624
3.2121
3.2538
3.3018
3.3196
3.3303
3.3406
3.3506
3.3603
3.3684
3.3757
3.3826
3.3887
3.3601
3.3124
3.3491
3.3677
3.3837
3.4306
3.4312
3.4412
3.4469
3.4519
3.4557
3.4610
3.4664
3.4218
3.3875
3.3632
3.3820
3.4161
3.4779
3.5007
3.5884
3.2561
3.2337
3.2177
3.1775
3.1687
3.1585
3.0488
3.0359
3.1165
3.4117
3.4788
3.5794
3.4860
3.4947
3.4907
3.4687
3.4545
3.4032
3.1973
3.1839
2.8032
2.7869
2.7722
2.7626
2.7782
2.7748
3.0829
3.2556
3.2849
3.3195
3.4087
3.4240
3.4482
3.4929
3.5033
3.5131
3.5223
3.5314
3.5408
3.5499
3.5507
3.6413
3.2512
3.2315
3.2246
3.2229
3.2236
3.2235
3.2235
3.2251
3.2265
3.4204
3.6739
3.7242
3.7248
3.6500
3.6523
3.6498
3.6521
3.6468
3.5506
3.5464
3.6037
3.6349
3.5944
3.5225
3.5209
3.5514
3.5965
3.6126
3.7085
3.7366
3.7276
3.7194
3.6830
3.6692
3.6292
3.5812
3.5401
3.3725
3.2249
2.9314
3.0411
3.0038
2.8701
2.8643
2.9351
2.7604
2.7327
4.1481
4.1481
4.1481
4.1481
4.1481
4.1481
4.1481
4.1481
4.1481
4.1481
4.1481
4.1481
4.1481
4.1481
4.1481
4.1481
4.1481
4.1481
4.1481
4.1481
4.1481
4.1481
4.1481
4.1481
4.1481
4.1481
4.1481
4.1481
4.1481
4.1481
4.1481
4.1481
4.1481
4.1481
4.1481
4.1481
4.1481
4.1481
4.1481
4.1481
4.1481
4.1481
4.1481
4.1481
4.1481
4.1481
4.1481
4.1481
4.1481
4.1481
4.1481
4.1481
4.1481
4.1481
4.1481
4.1481
4.1481
4.1481
4.1481
4.1481
0.0000
4.1481
4.1481
4.1481
4.1481
4.1481
4.1481
4.1481
4.1481
4.1481
4.1481
4.1481
4.1481
0.0000
4.1481
4.1481
4.1481
4.1481
4.1481
4.1481
4.1481
4.1481
4.1481
4.1481
4.1481
4.1481
0.0000
4.1481
4.1481
4.1481
4.1481
4.1481
4.1481
4.1481
4.1481
4.1481
4.1481
4.1481
4.1481
0.0000
4.1481
4.1481
4.1481
4.1481
4.1481
4.1481
4.1481
4.1481
4.1481
4.1481
4.1481
4.1481
0.0000
4.1481
4.1481
4.1481
4.1481
4.1481
4.1481
4.1481
4.1481
4.1481
4.1481
4.1481
4.1481
0.0000
4.1481
4.1481
4.1481
4.1481
4.1481
4.1481
4.1481
4.1481
4.1481
4.1481
4.1481
4.1481
0.0000
4.1481
4.1481
4.1481
4.1481
4.1481
4.1481
4.1481
4.1481
4.1481
4.1481
4.1481
4.1481
4.1481
4.1481
4.1481
4.1481
4.1481
4.1481
4.1481
4.1481
4.1481
4.1481
4.1481
4.1481
4.1481
4.1481
4.1481
4.1481
4.1481
4.1481
4.1481
4.1481
4.1481
4.1481
4.1481
4.1481
4.1481
4.1481
4.1481
4.1481
4.1481
4.1481
4.1481
4.1481
4.1481
4.1481
4.1481
4.1481
4.1481
4.1481
4.1481
4.1481
4.1481
4.1481
4.1481
4.1481
4.1481
4.1481
4.1481
4.1481
4.1481
4.1481
4.1481
4.1481
4.1481
4.1481
4.1481
4.1481
4.1481
4.1481
4.1481
4.1481
4.1481
4.1481
4.1481
4.1481
4.1481
4.1481
4.1481
4.1481
4.1481
4.1481
4.1481
4.1481
4.1481
4.1481
4.1481
4.1481
4.1481
4.1481
4.1481
4.1481
4.1481
4.1481
4.1481
4.1481
4.1481
4.1481
4.1481
4.1481
4.1481
4.1481
4.1481
4.1481
4.1481
4.1481
4.1481
4.1481
4.1481
4.1481
4.1481
4.1481
4.1481
4.1481
4.1481
4.1481
4.1481
4.1481
4.1481
4.1481
4.1481
4.1481
4.1481
4.1481
4.1481
4.1481
4.1481
4.1481
4.1481
4.1481
4.1481
4.1481
4.1481
4.1481
4.1481
4.1481
4.1481
4.1481
4.1481
4.1481
4.1481
4.1481
4.1481
4.1481
4.1481
4.1481
4.1481
4.1481
4.1481
0.0000
4.1481
4.1481
4.1481
4.1481
4.1481
4.1481
4.1481
4.1481
4.1481
4.1481
4.1481
4.1481
0.0000
4.1481
4.1481
4.1481
4.1481
4.1481
4.1481
4.1481
4.1481
4.1481
4.1481
4.1481
4.1481
0.0000
4.1481
4.1481
4.1481
4.1481
4.1481
4.1481
4.1481
4.1481
4.1481
4.1481
4.1481
4.1481
0.0000
4.1481
4.1481
4.1481
4.1481
4.1481
4.1481
4.1481
4.1481
4.1481
4.1481
4.1481
4.1481
0.0000
4.1481
4.1481
4.1481
4.1481
4.1481
4.1481
4.1481
4.1481
4.1481
4.1481
4.1481
4.1481
0.0000
4.1481
4.1481
4.1481
4.1481
4.1481
4.1481
4.1481
4.1481
4.1481
4.1481
4.1481
4.1481
0.0000
4.1481
4.1481
4.1481
4.1481
4.1481
4.1481
4.1481
4.1481
4.1481
4.1481
4.1481
4.1481
0.0000
4.1481
4.1481
4.1481
4.1481
4.1481
4.1481
4.1481
4.1481
4.1481
4.1481
4.1481
4.1481
0.0000
4.1481
4.1481
4.1481
4.1481
4.1481
4.1481
4.1481
4.1481
4.1481
4.1481
4.1481
4.1481
0.0000
4.1481
4.1481
4.1481
4.1481
4.1481
4.1481
4.1481
4.1481
4.1481
4.1481
4.1481
4.1481
0.0000
4.1481
4.1481
4.1481
4.1481
4.1481
4.1481
4.1481
4.1481
4.1481
4.1481
4.1481
4.1481
0.0000
4.1481
4.1481
4.1481
4.1481
4.1481
4.1481
4.1481
4.1481
4.1481
4.1481
4.1481
4.1481
0.0000
4.1481
4.1481
4.1481
4.1481
4.1481
4.1481
4.1481
4.1481
4.1481
4.1481
4.1481
4.1481
0.0000
4.1481
4.1481
4.1481
4.1481
4.1481
4.1481
4.1481
4.1481
4.1481
4.1481
4.1481
4.1481
0.0000
4.1481
4.1481
4.1481
4.1481
4.1481
4.1481
4.1481
4.1481
4.1481
4.1481
4.1481
4.1481
0.0000
4.1481
4.1481
4.1481
4.1481
4.1481
4.1481
4.1481
4.1481
4.1481
4.1481
4.1481
4.1481
0.0000
4.1481
4.1481
4.1481
4.1481
4.1481
4.1481
4.1481
4.1481
4.1481
4.1481
4.1481
4.1481
0.0000
4.1481
4.1481
4.1481
4.1481
4.1481
4.1481
4.1481
4.1481
4.1481
4.1481
4.1481
4.1481
0.0000
4.1481
4.1481
4.1481
4.1481
4.1481
4.1481
4.1481
4.1481
4.1481
4.1481
4.1481
4.1481
0.0000
4.1481
4.1481
4.1481
4.1481
4.1481
4.1481
4.1481
4.1481
4.1481
4.1481
4.1481
4.1481
0.0000
4.1481
4.1481
4.1481
4.1481
4.1481
4.1481
4.1481
4.1481
4.1481
4.1481
4.1481
4.1481
0.0000
4.1481
4.1481
4.1481
4.1481
4.1481
4.1481
4.1481
4.1481
4.1481
4.1481
4.1481
4.1481
0.0000
4.1481
4.1481
4.1481
4.1481
4.1481
4.1481
4.1481
4.1481
4.1481
4.1481
4.1481
4.1481
0.0000
4.1481
4.1481
4.1481
4.1481
4.1481
4.1481
4.1481
4.1481
4.1481
4.1481
4.1481
4.1481
0.0000
4.1481
4.1481
4.1481
4.1481
4.1481
4.1481
4.1481
4.1481
4.1481
4.1481
4.1481
4.1481
0.0000
4.1481
4.1481
4.1481
4.1481
4.1481
4.1481
4.1481
4.1481
4.1481
4.1481
4.1481
4.1481
0.0000
4.1481
4.1481
4.1481
4.1481
4.1481
4.1481
4.1481
4.1481
4.1481
4.1481
4.1481
4.1481
0.0000
4.1481
4.1481
4.1481
4.1481
4.1481
4.1481
4.1481
4.1481
4.1481
4.1481
4.1481
4.1481
0.0000
4.1481
4.1481
4.1481
4.1481
4.1481
4.1481
4.1481
4.1481
4.1481
4.1481
4.1481
4.1481
0.0000
4.1481
4.1481
4.1481
4.1481
4.1481
4.1481
4.1481
4.1481
4.1481
4.1481
4.1481
4.1481
0.0000
4.1481
4.1481
4.1481
4.1481
4.1481
4.1481
4.1481
4.1481
4.1481
4.1481
4.1481
4.1481
0.0000
4.1481
4.1481
4.1481
4.1481
4.1481
4.1481
4.1481
4.1481
4.1481
4.1481
4.1481
4.1481
0.0000
4.1481
4.1481
4.1481
0.8296
0.8296
0.8296
0.8296
0.8296
0.8489
0.8607
0.8739
0.8763
0.0000
1.0026
0.8863
1.2885
1.0646
1.0630
1.0579
1.0500
1.0447
1.0400
1.0371
1.0359
1.0361
1.0374
1.0396
1.8472
1.6624
1.5854
1.5526
2.0361
2.2593
2.3821
2.5440
2.6355
2.6634
2.7037
2.7296
2.7767
2.8358
2.8537
2.8730
2.8871
2.9031
2.9264
2.9505
2.9731
2.9928
2.9636
2.9563
3.0072
3.0336
3.1246
3.1284
3.1454
3.1624
3.1782
3.1633
3.1909
3.2020
3.2084
3.1394
3.1037
3.0900
3.0828
3.1448
3.1933
3.2224
3.1855
2.8958
2.8761
2.8761
2.8800
2.8856
2.8888
2.8874
2.8910
3.2398
3.2756
3.3044
3.3692
3.3714
3.2884
3.2964
3.2657
3.2503
3.1723
3.0948
2.9575
2.5838
2.5767
2.5696
2.5638
2.5618
2.6735
2.6703
2.9719
3.0287
3.1245
3.2341
3.2689
3.3226
3.3465
3.3625
3.3758
3.3883
3.4004
3.4121
3.4235
3.4296
3.4669
3.0960
3.0858
3.0747
3.0695
3.0657
3.0647
3.0651
3.0661
3.0723
3.2337
3.5137
3.5614
3.5766
3.4966
3.5025
3.5129
3.4928
3.4262
3.4755
3.5206
3.5372
3.5332
3.4657
3.4613
3.4754
3.5717
3.5764
3.6215
3.6270
3.6544
3.6470
3.6361
3.6097
3.5781
3.5148
3.4883
3.4607
3.4247
3.1856
2.7983
2.8443
2.7132
2.7408
2.5462
2.7357
2.5670
2.4359
2.3914
2.2675
2.3405
2.4489
2.4260
2.4065
2.3964
2.1919
2.1788
2.1615
2.1456
2.1298
2.1155
2.0987
2.0842
2.2233
2.4101
2.5007
2.5215
2.2406
2.2322
2.2219
2.3365
2.2606
2.0570
2.0148
2.0012
1.8149
1.8081
1.7972
1.7880
1.8593
1.8544
2.1252
2.1317
2.2285
2.2363
2.2761
2.2774
2.2786
2.1466
2.1437
2.1394
2.1355
2.1321
2.1288
2.1255
2.1269
0.0000
0.0000
0.0000
0.9088
0.8628
0.8661
0.8708
0.8747
0.8835
0.8913
0.8960
0.8911
0.8947
0.8749
0.9020
0.0000
1.1952
0.9635
0.9565
0.9589
0.9641
0.9569
0.9280
