22.9160
22.9006
22.8823
22.8644
22.8469
23.4559
23.1769
23.0078
22.9090
22.8473
22.8050
22.7730
22.7467
22.7258
22.7083
22.6929
22.6789
22.6659
23.2691
23.0004
22.8396
22.7485
22.6944
22.6594
22.6347
22.6157
22.5999
22.5860
22.5733
22.5615
22.5503
23.1487
22.8858
22.7269
22.6375
22.5844
22.5503
22.5264
22.5083
22.4936
22.4808
22.4693
22.4587
22.4486
23.0425
22.7845
22.6277
22.5399
22.4881
22.4550
22.4320
22.4145
22.4001
22.3877
22.3765
22.3660
22.3562
22.9449
22.6903
22.5345
22.4471
22.3929
22.3591
22.3390
22.3229
22.3096
22.2980
22.2874
22.2775
22.2681
22.8516
22.6032
22.4602
22.3935
22.3582
22.3452
22.3428
22.3469
22.3553
22.3663
22.3792
22.3935
22.4078
22.4225
22.4380
22.4681
22.4795
22.4993
22.5215
22.5505
23.3155
23.8339
23.9936
24.0010
24.0016
24.0017
24.0019
24.0020
24.0021
24.0022
24.0022
24.0022
24.0023
24.0023
24.0023
24.0024
24.0024
24.0023
24.0022
24.0022
24.0022
24.0022
24.0023
24.0023
24.0024
24.0024
24.0024
24.0024
24.0025
24.0025
24.0024
24.0022
24.0022
24.0021
24.0022
24.0022
24.0023
24.0022
24.0019
24.0017
24.0015
24.0014
24.0013
24.0012
24.0011
24.0011
24.0011
24.0011
24.0012
24.0013
24.0015
24.0016
24.0017
24.0017
24.0016
24.0016
24.0015
24.0014
24.0007
24.0006
24.0006
24.0006
24.0010
24.0011
24.0012
24.0013
24.0014
24.0015
24.0017
24.0018
24.0020
24.0021
24.0022
24.0022
24.0023
24.0023
24.0024
24.0024
24.0024
24.0023
24.0020
24.0017
24.0015
24.0014
24.0013
24.0012
24.0011
24.0011
24.0011
24.0011
24.0013
24.0016
24.0019
24.0020
24.0021
24.0021
24.0020
24.0018
24.0017
24.0019
24.0020
24.0022
24.0022
24.0021
24.0020
24.0019
24.0019
24.0019
24.0020
24.0021
24.0022
24.0022
24.0022
24.0021
24.0021
24.0019
24.0018
24.0009
24.0008
24.0007
24.0006
24.0006
24.0006
24.0006
24.0005
23.9952
23.9734
23.9444
23.9096
23.8704
23.8353
23.7986
23.7572
23.7224
23.6783
23.6464
23.6146
23.5834
23.5529
23.5242
23.4966
23.4701
23.4461
23.4216
23.4026
23.3761
23.3505
23.3297
23.3090
23.2863
23.2671
23.2467
23.2253
23.2054
23.1851
23.1634
23.1433
23.1229
23.1024
23.0855
23.0638
23.0428
23.0220
23.0044
22.9868
22.9713
22.9568
22.9429
22.9277
22.9158
22.9039
22.8921
22.8805
22.8691
22.8579
23.4762
23.8495
24.0974
23.5786
23.2689
23.0945
22.9920
22.9285
22.8864
22.8565
22.8340
22.8159
22.8012
22.7880
22.7757
23.3918
23.1235
22.9650
22.8742
22.8206
22.7868
22.7639
22.7470
22.7339
22.7242
22.7123
22.7010
22.6902
23.3008
23.0377
22.8760
22.7837
22.7283
22.6924
22.6670
22.6475
22.6325
22.6203
22.6098
22.6006
22.5921
23.1997
22.9425
22.7852
22.6972
22.6459
22.6140
22.5927
22.5775
22.5661
22.5570
22.5494
22.5428
22.5368
23.1458
22.8935
22.7391
22.6533
22.6039
22.5739
22.5546
22.5412
22.5313
22.5233
22.5168
22.5112
22.5063
23.1164
22.8680
22.7149
22.6293
22.5798
22.5494
22.5295
22.5154
22.5047
22.4960
22.4886
22.4820
22.4760
23.0820
22.8342
22.6794
22.5920
22.5434
22.5101
22.4950
22.4856
22.4794
22.4752
22.4722
22.4701
22.4685
23.0770
22.8377
22.6933
22.6268
22.5898
22.5789
22.5798
22.5872
22.5983
22.6107
22.6236
22.6367
22.6497
22.6625
22.6751
22.6949
22.7032
22.7161
22.7295
23.4490
23.9364
23.9989
24.0022
24.0025
24.0025
24.0027
24.0027
24.0028
24.0029
24.0030
24.0030
24.0030
24.0031
24.0031
24.0031
24.0031
24.0030
24.0030
24.0028
24.0026
24.0026
24.0026
24.0027
24.0028
24.0028
24.0028
24.0028
24.0028
24.0028
24.0028
24.0027
24.0025
24.0023
24.0023
24.0023
24.0024
24.0024
24.0023
24.0011
24.0009
24.0009
24.0008
24.0008
24.0008
24.0008
24.0007
24.0015
24.0017
24.0019
24.0021
24.0022
24.0023
24.0023
24.0023
24.0022
24.0021
24.0021
24.0020
24.0019
24.0018
24.0017
24.0016
24.0016
24.0016
24.0016
24.0018
24.0019
24.0019
24.0019
24.0019
24.0021
24.0022
24.0023
24.0024
24.0025
24.0026
24.0027
24.0027
24.0027
24.0026
24.0023
24.0020
24.0018
24.0017
24.0017
24.0016
24.0015
24.0015
24.0014
24.0016
24.0018
24.0020
24.0022
24.0024
24.0025
24.0026
24.0026
24.0026
24.0024
24.0023
24.0024
24.0025
24.0026
24.0025
24.0025
24.0025
24.0025
24.0023
24.0024
24.0025
24.0025
24.0026
24.0026
24.0026
24.0026
24.0024
24.0025
24.0024
24.0022
24.0012
24.0011
24.0010
24.0009
24.0009
24.0009
24.0008
24.0008
24.0008
24.0007
24.0007
24.0006
24.0007
24.0007
23.9988
23.9763
23.9550
23.9303
23.9041
23.8774
23.8506
23.8230
23.7960
23.7709
23.7501
23.7230
23.6974
23.6690
23.6470
23.6248
23.6034
23.5812
23.5601
23.5380
23.5208
23.5011
23.4852
23.4692
23.4533
23.4375
23.4232
23.4115
23.3958
23.3798
23.3629
23.3501
23.3366
23.3235
23.3106
23.2979
23.2854
23.2732
23.2611
23.2493
23.2376
23.2260
23.8698
24.2619
24.5236
23.9854
23.6659
23.4849
23.3779
23.3110
23.2668
23.2354
23.2122
23.1940
23.1800
23.1670
23.1572
23.7987
23.5233
23.3630
23.2710
23.2180
23.1859
23.1653
23.1514
23.1406
23.1342
23.1257
23.1179
23.1109
23.7519
23.4812
23.3199
23.2278
23.1745
23.1418
23.1203
23.1051
23.0938
23.0851
23.0779
23.0718
23.0664
23.7073
23.4392
23.2796
23.1899
23.1389
23.1085
23.0893
23.0748
23.0627
23.0523
23.0424
23.0332
23.0242
23.6588
23.3880
23.2250
23.1304
23.0742
23.0386
23.0140
22.9959
22.9810
22.9685
22.9572
22.9466
22.9367
23.5659
23.2965
23.1352
23.0412
22.9847
22.9486
22.9238
22.9050
22.8900
22.8771
22.8655
22.8548
22.8446
23.4700
23.2012
23.0405
22.9473
22.8920
22.8543
22.8349
22.8207
22.8098
22.8009
22.7934
22.7867
22.7806
23.4041
23.1484
22.9988
22.9248
22.8841
22.8694
22.8664
22.8695
22.8760
23.5199
23.9329
24.2221
24.4371
24.6051
24.7409
24.8536
24.9497
25.0336
25.1085
25.9508
26.6033
27.0612
27.3900
27.6627
27.9222
28.1444
28.3184
28.4626
28.6097
28.7334
28.8421
28.9405
29.0314
29.1160
29.1952
29.2701
29.3415
29.4102
29.4756
29.5185
29.5089
29.5458
29.6466
29.7253
29.7929
29.8497
29.8980
29.9399
29.9769
30.0100
30.0213
30.0201
30.0283
30.0217
30.0429
30.0604
30.0939
30.0528
30.0430
29.3345
28.8879
28.5860
28.3723
28.2167
28.1017
28.0159
28.7328
29.2366
29.5703
29.8108
30.0139
30.1561
30.2622
30.3108
30.3344
30.3629
30.3942
30.4263
30.4240
30.4344
30.4517
30.4759
30.5070
30.5448
30.6057
30.6658
30.7408
30.8285
30.9104
31.0071
31.0983
31.1885
31.2942
31.3948
31.4936
31.5925
31.6923
31.7929
31.8817
31.9228
31.9867
32.0620
32.1434
32.2283
32.3151
32.4043
32.4957
32.5886
32.6824
32.7972
32.9133
27.5662
25.7187
25.0912
24.8148
24.6460
24.5520
24.4861
24.4328
24.3122
24.3053
24.3043
24.2875
24.2632
24.2442
24.1999
24.1218
24.0856
24.1575
24.1522
24.1164
24.0757
24.0138
24.0041
24.0026
24.0024
24.0022
24.0020
24.0017
24.0015
24.0010
24.0009
24.0009
24.0008
24.0008
24.0007
24.0007
24.0007
24.0006
24.0005
24.0006
24.0006
24.0006
24.0007
24.0006
24.0005
24.0005
24.0005
24.0005
24.0005
24.0005
24.0005
24.0005
24.0006
24.0006
24.0006
24.0006
24.0006
24.0006
24.0006
24.0006
24.0006
24.0006
24.0005
24.0006
24.0006
23.9965
23.9868
23.9740
23.9596
23.9495
23.9330
23.9158
23.8993
23.8816
23.8665
23.8511
23.8359
23.8207
23.8056
23.7905
23.7755
23.7608
23.7462
23.7318
24.4095
24.8190
25.0916
24.5188
24.1851
23.9951
23.8834
23.8128
23.7657
23.7313
23.7053
23.6846
23.6672
23.6492
23.6332
24.2996
24.0034
23.8285
23.7276
23.6659
23.6262
23.5982
23.5771
23.5605
23.5458
23.5314
23.5181
23.5058
24.1677
23.8768
23.7067
23.6080
23.5484
23.5100
23.4832
23.4629
23.4460
23.4312
23.4176
23.4049
23.3926
24.0485
23.7596
23.5907
23.4923
23.4329
23.3944
23.3672
23.3452
23.3260
23.3085
23.2920
23.2761
23.2606
23.9033
23.6129
23.4414
23.3403
23.2778
23.2358
23.2048
23.1799
23.1585
23.1390
23.1207
23.1032
23.0863
23.7146
23.4274
23.2578
23.1577
23.0957
23.0537
23.0224
22.9969
22.9747
22.9545
22.9354
22.9172
22.8994
23.5139
23.2309
23.0632
22.9641
22.9068
22.8681
22.8481
22.8348
22.8249
22.8171
22.8110
22.8059
22.8016
23.4250
23.1719
23.0293
22.9703
22.9383
22.9297
22.9313
22.9382
22.9484
22.9611
22.9759
22.9923
23.0098
23.0284
23.0479
23.0824
23.0918
23.1116
23.1328
23.8684
23.9951
24.0020
24.0025
24.0026
24.0027
24.0027
24.0028
24.0028
24.0029
24.0029
24.0029
24.0029
24.0029
24.0029
24.0029
24.0029
24.0029
24.0029
24.0027
24.0025
24.0024
24.0024
24.0024
24.0025
24.0025
24.0026
24.0026
24.0026
24.0027
24.0027
24.0026
24.0026
24.0025
24.0024
24.0023
24.0023
24.0024
24.0024
24.0013
24.0011
24.0010
24.0009
24.0009
24.0008
24.0008
24.0008
24.0007
24.0008
24.0014
24.0016
24.0018
24.0020
24.0021
24.0022
24.0022
24.0022
24.0021
24.0020
24.0018
24.0016
24.0015
24.0014
24.0014
24.0015
24.0016
24.0015
24.0015
24.0015
24.0016
24.0018
24.0020
24.0021
24.0022
24.0023
24.0024
24.0024
24.0025
24.0025
24.0025
24.0024
24.0022
24.0018
24.0016
24.0015
24.0013
24.0013
24.0012
24.0012
24.0012
24.0012
24.0013
24.0015
24.0018
24.0021
24.0022
24.0023
24.0024
24.0023
24.0023
24.0021
24.0021
24.0021
24.0020
24.0019
24.0019
24.0020
24.0021
24.0020
24.0020
24.0022
24.0022
24.0023
24.0023
24.0022
24.0022
24.0022
24.0021
24.0019
24.0018
24.0011
24.0009
24.0008
24.0008
24.0007
24.0007
24.0007
24.0006
24.0006
24.0006
24.0006
24.0006
24.0006
24.0005
24.0006
24.0005
24.0005
24.0005
24.0005
24.0005
24.0005
24.0005
24.0005
24.0005
23.9935
23.9793
23.9603
23.9348
23.9079
23.8839
23.8589
23.8322
23.8103
23.7884
23.7700
23.7501
23.7335
23.7172
23.7012
23.6896
23.6724
23.6567
23.6429
23.6278
23.6140
23.5996
23.5869
23.5730
23.5594
23.5441
23.5319
23.5195
23.5071
23.4947
23.4824
23.4703
24.1310
24.5293
24.7952
24.2415
23.9173
23.7346
23.6280
23.5622
23.5187
23.4881
23.4654
23.4475
23.4326
23.4182
23.4070
24.0641
23.7788
23.6108
23.5164
23.4605
23.4252
23.4014
23.3841
23.3715
23.3608
23.3500
23.3402
23.3312
23.9848
23.7031
23.5389
23.4445
23.3885
23.3534
23.3298
23.3124
23.2988
23.2875
23.2775
23.2684
23.2599
23.9098
23.6308
23.4678
23.3736
23.3180
23.2834
23.2601
23.2434
23.2305
23.2200
23.2111
23.2031
23.1958
23.8428
23.5679
23.4061
23.3132
23.2597
23.2270
23.2053
23.1895
23.1770
23.1666
23.1574
23.1490
23.1411
23.7837
23.5100
23.3468
23.2537
23.1994
23.1662
23.1445
23.1294
23.1180
23.1089
23.1013
23.0947
23.0887
23.7299
23.4597
23.2994
23.2092
23.1586
23.1248
23.1087
23.0988
23.0917
23.0862
23.0820
23.0783
23.0754
23.7175
23.4552
23.3017
23.2270
23.1867
23.1759
23.1782
23.1880
23.2024
23.2190
23.2370
23.2559
23.2755
23.2957
23.3163
23.3534
23.3616
23.3820
23.4035
23.4254
23.4474
23.4687
23.4893
23.5093
23.5288
23.5480
23.5669
23.5867
23.6066
23.6266
23.6467
23.6669
23.6871
23.7075
23.7282
23.7491
23.7702
23.7914
23.8128
23.8351
23.8582
23.8817
23.9057
23.9300
23.9546
23.9787
24.0000
24.0008
24.0008
24.0008
24.0008
24.0008
24.0008
24.0008
24.0008
24.0008
24.0008
24.0008
24.0008
24.0008
24.0008
24.0008
24.0008
24.0008
24.0008
24.0008
24.0008
24.0007
24.0007
24.0007
24.0007
24.0007
24.0007
24.0007
24.0007
24.0006
24.0006
24.0006
24.0006
24.0006
24.0006
24.0006
24.0006
24.0006
24.0006
24.0006
24.0007
24.0007
24.0007
24.0007
24.0007
24.0007
24.0008
24.0008
24.0008
24.0008
24.0008
24.0009
24.0009
24.0009
24.0009
24.0010
24.0010
24.0010
24.0011
24.0011
24.0011
24.0011
24.0011
24.0011
24.0011
24.0011
24.0011
24.0011
24.0011
24.0011
24.0011
24.0011
24.0011
24.0012
24.0012
24.0012
24.0012
24.0012
24.0013
24.0013
24.0013
24.0013
24.0013
24.0013
24.0013
24.0013
24.0013
24.0013
24.0013
24.9291
25.3750
25.6147
25.7456
25.8157
25.8496
25.8527
25.8323
25.7950
25.7445
25.6832
25.6127
26.3404
25.9194
25.6350
25.4329
25.2701
25.1237
25.0065
24.9131
24.8346
24.7647
24.6986
24.6368
24.5794
25.2588
24.8889
24.6611
24.5189
24.4232
24.3525
24.2958
24.2474
24.2041
24.1642
24.1267
24.0947
24.0665
24.7479
24.4241
24.2345
24.1232
24.0541
24.0073
23.9729
23.9454
23.9222
23.9016
23.8826
23.8650
23.8483
24.5291
24.2225
24.0435
23.9393
23.8756
23.8338
23.8040
23.7810
23.7620
23.7460
23.7321
23.7198
23.7086
24.3839
24.0896
23.9163
23.8179
23.7607
23.7251
23.7014
23.6843
23.6696
23.6562
23.6434
23.6311
23.6191
24.2869
23.9932
23.8189
23.7184
23.6584
23.6196
23.5923
23.5716
23.5547
23.5402
23.5270
23.5149
23.5035
24.1656
23.8761
23.7043
23.6058
23.5476
23.5105
23.4844
23.4644
23.4478
23.4333
23.4201
23.4077
23.3959
24.0514
23.7648
23.5938
23.4953
23.4366
23.3989
23.3725
23.3524
23.3358
23.3213
23.3081
23.2959
23.2842
23.9335
23.6507
23.4817
23.3840
23.3258
23.2884
23.2623
23.2424
23.2260
23.2118
23.1990
23.1870
23.1756
23.8188
23.5398
23.3734
23.2763
23.2185
23.1814
23.1556
23.1359
23.1199
23.1060
23.0934
23.0816
23.0705
23.7079
23.4324
23.2697
23.1764
23.1228
23.0903
23.0694
23.0551
23.0447
23.0367
23.0303
23.0249
23.0269
23.6790
23.4272
23.2906
23.2264
23.2021
23.1989
23.2069
23.2189
23.2336
23.2502
23.2684
23.2872
23.3060
23.9859
23.7291
23.5926
23.5259
23.4981
23.4905
23.4966
23.5116
23.5321
23.5560
23.5801
23.6056
23.6341
24.3459
24.0877
23.9595
23.9054
23.8924
23.8982
23.9130
23.9313
23.9517
23.9735
23.9959
24.0190
24.0416
24.7698
24.4875
24.3436
24.2722
24.2444
24.2407
24.2502
24.2673
24.2889
24.3133
24.3400
24.3683
24.3977
25.1562
24.8721
24.7309
24.6698
24.6504
24.6526
24.6735
24.7008
24.7299
24.7559
24.7797
24.8022
24.8235
25.5981
25.2890
25.1261
25.0454
25.0060
24.9874
24.9907
24.9995
25.0092
25.0192
25.0289
25.0552
25.0811
25.8717
25.5492
25.3773
25.2887
25.2411
25.2133
25.1949
25.1789
25.1632
25.1470
25.1295
25.1106
25.0900
25.8455
25.4982
25.3082
25.2083
25.1548
25.1241
25.1082
25.1003
25.0964
25.0954
25.0962
25.0984
25.1041
25.8839
25.5649
25.4067
25.3365
25.3115
25.3096
25.3203
25.3385
25.3616
25.3882
25.4319
25.4495
25.4512
26.2359
25.8732
25.6678
25.5477
25.4695
25.4113
25.3620
25.3163
25.2713
25.2256
25.1841
25.1463
25.1102
25.8464
25.4761
25.2587
25.1258
25.0344
24.9646
24.9058
24.8525
24.8020
24.7544
24.7088
24.6645
24.6213
25.3205
24.9632
24.7427
24.6073
24.5147
24.4447
24.3866
24.3352
24.2901
24.2497
24.2126
24.1777
24.1448
24.8285
24.4921
24.2913
24.1705
24.0916
24.0347
23.9897
23.9514
23.9169
23.8848
23.8542
23.8246
23.7958
24.4596
24.1415
23.9578
23.8518
23.7869
23.7434
23.7116
23.6864
23.6650
23.6461
23.6289
23.6128
23.5971
24.2590
23.9542
23.7785
23.6773
23.6157
23.5749
23.5451
23.5214
23.5014
23.4834
23.4668
23.4517
23.4375
24.0913
23.7942
23.6238
23.5261
23.4678
23.4300
23.4032
23.3825
23.3653
23.3503
23.3355
23.3208
23.3064
23.9510
23.6569
23.4872
23.3883
23.3280
23.2879
23.2587
23.2353
23.2154
23.1974
23.1804
23.1642
23.1483
23.7810
23.4903
23.3227
23.2241
23.1636
23.1230
23.0930
23.0693
23.0490
23.0311
23.0144
22.9985
22.9833
23.6056
23.3201
23.1567
23.0603
23.0016
22.9625
22.9339
22.9106
22.8905
22.8723
22.8551
22.8385
22.8224
23.4333
23.1511
22.9884
22.8922
22.8330
22.7931
22.7636
22.7400
22.7196
22.7013
22.6842
22.6680
22.6523
23.2525
22.9763
22.8158
22.7217
22.6641
22.6251
22.5962
22.5727
22.5524
22.5340
22.5167
22.5002
22.4841
23.0733
22.8016
22.6424
22.5490
22.4974
22.4642
22.4494
22.4412
22.4367
22.4347
22.4343
22.4349
22.4365
23.0425
22.8004
22.6646
22.6118
22.5832
22.5766
22.5794
22.5877
22.5990
22.6114
22.6246
22.6393
22.6545
22.6697
22.6853
22.7159
22.7212
22.7366
22.7533
23.4811
23.9770
24.0009
24.0022
24.0024
24.0025
24.0026
24.0026
24.0026
24.0027
24.0028
24.0028
24.0028
24.0028
24.0028
24.0028
24.0028
24.0028
24.0027
24.0025
26.5619
26.6665
26.6701
26.6701
26.6701
26.6701
26.6701
26.6701
26.6700
26.6700
26.6701
26.6700
26.6701
26.6701
26.6721
26.6703
26.6701
26.7190
26.7371
26.6725
26.6702
26.6701
26.6701
26.6700
26.6700
26.6700
26.6752
26.6893
26.7341
26.8007
26.8750
26.9560
27.0141
27.0864
27.0577
27.0459
27.0433
27.0474
27.0545
27.0361
27.0006
26.9829
26.9773
26.9752
26.9820
26.9963
27.0184
27.1003
27.1938
27.3248
27.4257
27.5117
27.5895
27.6634
27.7384
27.8161
27.8971
27.9817
28.0698
28.1614
28.1365
28.1547
28.2082
28.2795
28.3621
28.4523
28.5276
28.5851
28.6279
28.6581
28.6994
28.7217
28.7902
28.8407
28.8571
28.8520
28.8296
28.7720
28.6937
28.5940
28.5724
28.5774
28.5977
28.5378
28.4992
28.4718
28.4527
28.4358
28.4447
28.4671
28.4775
28.4819
28.4820
28.4798
28.4307
28.3899
28.3682
28.3518
28.3374
28.3233
27.5708
27.1291
26.8411
26.6762
26.6706
26.6705
26.6706
26.6706
26.6707
26.6707
26.6707
26.6708
26.6708
26.6708
26.6709
26.6709
26.6709
26.6709
26.6709
26.6709
26.6709
26.6709
26.6709
26.6709
26.6709
26.6709
26.6709
26.6709
26.6709
26.6709
26.6709
26.6710
26.6709
26.6709
26.6709
26.6709
26.6709
26.6709
26.6709
26.6709
26.6709
26.6709
26.6709
26.6709
24.2655
24.0149
24.0015
24.0009
24.0008
24.0008
24.0007
24.0007
24.0007
23.9888
23.9685
23.9444
24.6075
24.9955
25.2462
24.6491
24.3035
24.1059
23.9871
23.9106
23.8570
23.8168
23.7844
23.7569
23.7321
23.7090
23.6863
24.3446
24.0335
23.8494
23.7437
23.6778
23.6328
23.5991
23.5727
23.5489
21.4442
20.6041
20.2550
20.0698
22.0214
20.8063
20.1660
19.9138
19.7816
19.6951
19.6285
19.5722
19.5218
19.4756
19.4327
19.3925
19.3544
21.2045
20.1858
19.6148
19.4040
19.3026
19.2412
19.1960
19.1587
19.1257
19.0952
19.0667
19.0395
19.0134
20.7827
19.8441
19.2959
19.0976
19.0059
18.9531
18.9152
18.8840
18.8562
18.8304
18.8060
18.7825
18.7598
20.4630
19.5797
19.0442
18.8507
18.7619
18.7118
18.6771
18.6493
18.6249
18.6024
18.5813
18.5611
18.5417
20.1887
19.3535
18.8298
18.6419
18.5611
18.5200
18.4949
18.4770
18.4630
18.4512
18.4409
18.4318
18.4237
20.0515
19.2552
18.7597
18.5577
18.4834
18.4530
18.4400
18.4346
18.4330
18.4338
18.4358
18.4388
18.4427
18.4474
18.4527
24.3847
26.4488
26.6554
26.6692
26.6719
26.6725
26.6716
26.6716
26.6718
26.6718
26.6716
26.6717
26.6717
26.6717
26.6717
26.6716
26.6716
26.6715
26.6714
26.6714
26.6713
26.6714
26.6716
26.6719
26.6713
26.6710
26.6707
26.6706
26.6705
26.6704
26.6704
26.6703
26.6702
26.6701
26.6702
26.6704
26.6706
26.6705
26.6703
26.7028
26.7376
26.7739
26.7544
26.6798
26.6776
26.6775
26.6774
26.6773
26.6772
26.6772
26.6770
26.6768
26.6703
26.6991
26.8180
26.9272
27.0054
27.0646
27.0570
27.0600
27.0419
27.0366
27.0116
27.0005
26.9974
26.9988
27.0070
27.0492
27.0874
27.1518
27.2072
27.2852
27.4042
27.4976
27.5772
27.6497
27.7188
27.7868
27.8514
27.9126
27.9712
28.0274
28.0818
28.1105
28.1236
28.0786
28.0685
28.0704
28.0817
28.0996
28.1206
28.1424
28.1640
28.1845
28.2037
28.2209
28.2731
28.3732
28.4333
28.4710
28.4958
28.5119
28.4836
28.4773
28.4610
28.5068
28.5219
28.5418
28.5649
28.6126
28.6422
28.6559
28.7008
28.7633
28.8263
28.8636
28.8846
28.8733
28.8629
28.8509
28.8118
28.7331
28.6714
27.8842
27.3962
27.0752
26.8495
26.6789
26.6717
26.6719
26.6723
26.6728
26.6732
26.6735
26.6738
26.6740
26.6742
26.6745
26.6747
26.6748
26.6750
26.6751
26.6752
26.6753
26.6754
26.6756
26.6757
26.6758
26.6759
26.6760
26.6760
26.6761
26.6762
26.6762
26.6763
26.6764
26.6764
26.6764
26.6765
26.6765
26.6765
26.6765
26.6765
26.6766
26.6766
26.6766
26.6766
26.6767
26.6767
26.6767
26.6767
26.6767
26.6767
26.6767
26.6767
26.6767
26.6767
26.6768
26.6768
26.6768
23.5137
22.2560
21.5359
21.1978
21.0025
20.8662
20.7590
20.6687
20.5899
20.5195
20.4557
20.3974
22.5080
21.2575
20.6324
20.3955
20.2758
20.1992
20.1404
20.0903
20.0450
20.0030
19.9635
19.9258
19.8904
21.8875
20.7612
20.1726
19.9571
19.8543
19.7923
19.7469
19.7090
19.6751
19.6437
19.6140
19.5849
19.5565
21.4705
20.4180
19.8464
19.6390
19.5415
19.4839
19.4422
19.4076
19.3766
19.3477
19.3201
19.2935
19.2676
21.1055
20.1155
19.5575
19.3553
19.2610
19.2061
19.1667
19.1342
19.1053
19.0786
19.0533
19.0291
19.0056
20.7743
19.8409
19.2959
19.0990
19.0082
18.9560
18.9192
18.8891
18.8622
18.8370
18.8130
18.7899
18.7675
20.4718
19.5868
19.0525
18.8590
18.7698
18.7187
18.6827
18.6609
18.6460
18.6349
18.6262
18.6194
18.6140
20.2960
19.4598
18.9492
18.7764
18.7134
18.6939
18.6534
18.6437
18.6428
18.6452
18.6495
18.6550
18.6602
18.6674
18.6758
18.6851
18.6952
18.7079
24.6256
26.4909
26.6611
26.6712
26.6721
26.6714
26.6714
26.6715
26.6714
26.6714
26.6713
26.6713
26.6711
26.6711
26.6710
26.6709
26.6708
26.6707
26.6707
26.6706
26.6705
26.6704
26.6703
26.6706
26.6712
26.6707
26.6820
26.7017
26.7276
26.7580
26.7916
26.8273
26.8644
26.9021
26.9402
26.9788
26.9339
26.9185
26.9224
26.9653
27.0326
27.0619
27.0399
26.6874
26.6765
26.6762
26.6761
26.6761
26.6760
26.6759
26.6759
26.6758
26.6758
26.8099
26.9586
27.1248
27.2454
27.3371
27.3576
27.3849
28.4111
29.2004
29.6715
29.9899
30.2156
30.3846
30.5209
30.6383
30.7445
30.8597
30.9795
31.0861
31.2005
31.3335
31.4471
31.5503
31.6474
31.7405
31.8300
31.9164
32.0001
32.0814
32.1549
32.2254
32.2689
32.2850
32.3177
32.3576
32.4003
32.4434
32.4948
32.5551
32.6222
32.7065
32.7968
32.8991
33.0079
33.1395
33.2570
33.3683
33.4770
33.5851
33.6531
33.6934
33.7111
33.7304
33.7449
33.7011
33.6495
33.6067
33.5514
33.4648
33.3714
33.2815
33.2139
33.1593
33.1148
33.0601
33.0181
32.9838
32.9535
32.9074
32.8707
32.8392
32.8118
32.0728
31.5755
31.2068
30.9184
30.6824
30.4756
30.2931
28.9490
28.1177
27.6119
27.2743
27.0279
26.8315
26.6758
26.6723
26.6729
26.6735
26.6739
26.6743
26.6746
26.6748
26.6751
26.6752
26.6754
26.6755
26.6757
26.6758
26.6759
26.6759
26.6760
26.6761
26.6761
26.6761
26.6761
26.6762
26.6762
26.6762
26.6762
26.6763
26.6763
26.6763
26.6763
26.6763
26.6763
26.6764
26.6764
26.6764
26.6765
26.6765
26.6765
26.6765
26.6765
26.6766
26.6766
26.6766
23.6662
22.4444
21.7308
21.3329
21.1169
20.9661
20.8492
20.7507
20.6642
20.5863
20.5152
20.4496
22.5700
21.3134
20.6845
20.4487
20.3313
20.2578
20.2023
20.1558
20.1145
20.0767
20.0416
20.0086
21.5376
22.8476
23.0401
23.1628
23.2604
23.3356
23.3955
23.4435
23.4826
23.5149
23.5420
23.5644
23.5840
23.6012
24.2903
24.0166
23.8618
23.7882
23.7516
23.7338
23.7255
23.7222
23.7213
23.7217
23.7180
23.7118
23.7036
24.3746
24.0725
23.8935
23.7965
23.7375
23.6976
23.6676
23.6428
23.6207
23.6006
23.5816
23.5632
23.5451
24.1953
23.8891
23.7067
23.6064
23.5435
23.5000
23.4667
23.4389
23.4142
23.3912
23.3693
23.3481
23.3272
23.9598
23.6566
23.4765
23.3756
23.3117
23.2669
23.2321
23.2172
23.1977
23.1860
23.1797
23.1755
23.1727
23.8158
23.5447
23.3821
23.3011
23.2654
23.2572
23.2800
23.2938
23.3126
23.3327
23.3534
23.3746
23.3952
23.4167
23.4390
23.4618
23.4850
23.5093
23.5511
23.5626
23.5880
23.6152
23.6508
23.9826
24.0011
24.0023
24.0024
24.0025
24.0025
24.0026
24.0026
24.0026
24.0026
24.0026
24.0026
24.0026
24.0026
24.0026
24.0027
24.0027
24.0026
24.0024
24.0024
24.0024
24.0025
24.0025
24.0026
24.0026
24.0027
24.0027
24.0027
24.0027
24.0027
24.0026
24.0024
24.0022
24.0022
24.0022
24.0023
24.0024
24.0024
24.0022
24.0019
24.0017
24.0016
24.0015
24.0014
24.0013
24.0013
24.0013
24.0014
24.0015
24.0017
24.0019
24.0020
24.0022
24.0023
24.0023
24.0023
24.0022
24.0021
24.0019
24.0017
24.0016
24.0016
24.0015
24.0015
24.0015
24.0016
24.0016
24.0015
24.0016
24.0017
24.0018
24.0019
24.0019
24.0020
24.0020
24.0021
24.0022
24.0022
24.0022
24.0022
24.0014
24.0011
24.0010
24.0009
24.0008
24.0008
24.0008
24.0011
24.0012
24.0013
24.0015
24.0018
24.0020
24.0022
24.0023
24.0024
24.0024
24.0022
24.0021
24.0021
24.0023
24.0023
24.0022
24.0021
24.0021
24.0023
24.0025
24.0025
24.0025
24.0025
24.0025
24.0025
24.0025
24.0024
24.0024
24.0022
24.0021
24.0019
24.0018
24.0015
24.0014
24.0013
24.0009
24.0008
24.0008
24.0007
24.0007
24.0007
24.0006
24.0006
24.0006
24.0006
24.0006
24.0006
24.0005
24.0005
24.0005
24.0005
24.0005
24.0005
24.0005
24.0005
24.0005
24.0005
24.0006
24.0006
24.0006
24.0006
24.0005
24.0006
24.0005
24.0005
24.0005
24.0005
24.0005
24.0005
24.0005
23.9975
23.9894
23.9765
23.9650
23.9496
23.9332
23.9164
23.9022
23.8824
23.8661
23.8495
23.8330
23.8164
23.7997
23.7831
23.7664
23.7498
23.7332
24.4016
24.7984
24.3287
24.0529
23.8975
23.8047
23.7456
23.7048
23.6736
23.6490
23.6283
23.6091
23.5926
23.5767
24.2349
23.9355
23.7591
23.6613
23.6025
23.5643
23.5372
23.5160
23.4986
23.4847
23.4718
23.4577
23.4443
24.0968
23.7999
23.6314
23.5334
23.4746
23.4366
23.4096
23.3885
23.3710
23.3554
23.3411
23.3276
23.3147
23.9601
23.6668
23.5001
23.4031
23.3451
23.3075
23.2808
23.2600
23.2429
23.2280
23.2146
23.2022
23.1904
23.8299
23.5415
23.3779
23.2832
23.2271
23.1911
23.1659
23.1466
23.1307
23.1169
23.1042
23.0924
23.0812
23.7146
23.4307
23.2685
23.1747
23.1193
23.0838
23.0588
23.0396
23.0238
23.0099
22.9974
22.9856
22.9745
23.6015
23.3215
23.1605
23.0676
23.0126
22.9818
22.9598
22.9512
22.9469
22.9448
22.9443
22.9448
22.9461
23.5873
23.3272
23.1752
23.1085
23.0808
23.0681
23.0739
23.0870
23.1044
23.1246
23.1461
23.1681
23.1906
23.2135
23.2368
23.2605
23.3005
23.3114
23.3343
23.3581
23.3902
23.9755
24.0005
24.0020
24.0022
24.0023
24.0024
24.0025
24.0026
24.0026
24.0027
24.0027
24.0027
24.0027
24.0027
24.0028
24.0028
24.0028
24.0026
24.0024
24.0023
24.0023
24.0023
24.0023
24.0023
24.0024
24.0024
24.0025
24.0025
24.0025
24.0026
24.0026
24.0025
24.0023
24.0022
24.0021
24.0022
24.0023
24.0022
24.0020
24.0017
24.0016
24.0014
24.0013
24.0012
24.0007
24.0006
24.0006
24.0011
24.0012
24.0014
24.0015
24.0016
24.0018
24.0018
24.0019
24.0019
24.0011
24.0016
24.0015
24.0014
24.0013
24.0013
24.0013
24.0013
24.0013
24.0014
24.0015
24.0016
24.0018
24.0019
24.0020
24.0022
24.0023
24.0023
24.0024
24.0025
24.0025
24.0025
24.0025
24.0025
24.0022
24.0019
24.0017
24.0015
24.0014
24.0013
24.0013
24.0013
24.0012
24.0013
24.0016
24.0020
24.0022
24.0024
24.0025
24.0025
24.0025
24.0024
24.0022
24.0020
24.0021
24.0023
24.0023
24.0021
24.0018
24.0017
24.0020
24.0022
24.0024
24.0025
24.0025
24.0025
24.0025
24.0023
24.0022
24.0022
24.0021
24.0019
24.0012
24.0010
24.0009
24.0009
24.0008
24.0008
24.0008
24.0007
24.0007
24.0010
24.0013
24.0012
24.0011
24.0010
24.0009
24.0009
24.0008
24.0008
24.0008
24.0007
24.0007
24.0007
24.0007
24.0007
24.0007
24.0007
24.0007
24.0007
24.0007
24.0007
24.0007
24.0007
24.0007
24.0007
24.0007
24.0007
24.0007
24.0007
24.0007
24.0007
24.0007
24.0007
24.0007
24.0007
24.0007
24.0007
24.0007
24.0007
24.0007
24.0007
24.0007
24.0007
24.0007
24.0007
24.0007
24.0007
24.0007
24.0007
24.0009
24.0011
24.0013
24.0014
24.0015
24.0016
24.0016
24.0016
24.0017
24.0017
24.0017
24.5457
24.0882
24.0162
24.0046
24.0026
24.0022
24.0021
24.0020
24.0019
24.0019
24.0019
24.0019
24.0019
24.4975
24.0807
24.0151
24.0044
24.0026
24.0022
24.0021
24.0020
24.0019
24.0019
24.0019
24.0019
24.0018
24.4499
24.0730
24.0138
24.0042
24.0025
24.0021
24.0020
24.0019
24.0019
24.0018
24.0018
24.0018
24.0018
24.4068
24.0661
24.0127
24.0039
24.0024
24.0021
24.0020
24.0019
24.0019
24.0018
24.0018
24.0018
24.0018
24.3756
24.0612
24.0119
24.0039
24.0025
24.0022
24.0020
24.0020
24.0019
24.0019
24.0019
24.0019
24.0019
24.3488
24.0570
24.0114
24.0039
24.0025
24.0022
24.0021
24.0021
24.0020
24.0020
24.0020
24.0019
24.0019
24.3434
24.0561
24.0113
24.0039
24.0025
24.0022
24.0030
24.0025
24.0020
24.0016
24.0013
24.0011
24.0009
24.0008
24.0007
24.0006
24.0006
24.0005
23.9998
23.9999
24.0001
24.0002
24.0004
24.0004
24.0005
24.0006
24.0006
24.0006
24.0006
24.0006
24.0006
24.0006
24.0006
24.0006
24.0006
24.0006
24.0006
24.0006
24.0006
24.0006
24.0006
24.0006
24.0006
24.0006
24.0006
24.0006
24.0006
24.0006
24.0006
24.0006
24.0006
24.0006
24.0006
24.0006
24.0006
24.0006
24.0006
24.0006
24.0006
24.0006
24.0006
24.0006
24.0006
24.0006
24.0006
24.0006
24.0006
24.0006
24.0006
24.0006
24.0006
24.0006
24.0006
24.0006
24.0006
24.0006
24.0006
24.0006
24.0006
24.0006
24.0006
24.0006
24.0006
24.0006
24.0006
24.0006
24.0006
24.0006
24.0006
24.0006
24.0006
24.0006
24.0006
24.0006
24.0006
24.0006
24.0005
24.0005
24.0005
24.0005
24.0005
24.0005
24.0005
24.0005
24.0005
24.0004
24.0004
24.0004
24.0004
24.0004
24.0004
24.0004
24.0004
24.0004
24.0004
24.0005
24.0005
24.0005
24.0005
24.0005
24.0005
24.0005
24.0005
24.0006
24.0006
24.0006
24.0006
24.0006
24.0006
24.0006
24.0006
24.0006
24.0006
24.0006
24.0006
24.0006
24.0006
24.0006
24.0012
24.0011
24.0009
24.0008
24.0007
24.0006
24.0006
24.0005
24.0005
24.0005
24.0005
24.0005
24.7957
24.1271
24.0208
24.0042
24.0017
24.0013
24.0014
24.0014
24.0015
24.0015
24.0016
24.0016
24.0016
24.6204
24.1007
24.0180
24.0047
24.0025
24.0020
24.0019
24.0019
24.0018
24.0018
24.0018
24.0018
24.0018
24.5244
24.0851
24.0157
24.0044
24.0025
24.0021
24.0020
24.0019
24.0019
24.0019
24.0019
24.0018
24.0018
24.4754
24.0773
24.0145
24.0043
24.0025
24.0022
24.0020
24.0020
24.0019
24.0019
24.0019
24.0018
24.0018
24.4304
24.0700
24.0134
24.0041
24.0025
24.0022
24.0020
24.0020
24.0019
24.0019
24.0019
24.0019
24.0019
24.3847
24.0627
24.0123
24.0040
24.0025
24.0022
24.0021
24.0021
24.0020
24.0020
24.0020
24.0020
24.0020
24.3375
24.0552
24.0112
24.0040
24.0027
24.0024
24.0023
24.0022
24.0022
24.0022
24.0021
24.0021
24.0021
24.2903
24.0477
24.0102
24.0039
24.0028
24.0025
24.0024
24.0024
24.0023
24.0023
24.0022
24.0022
24.0022
24.2663
24.0439
24.0096
24.0039
24.0028
24.0025
24.0024
24.0023
24.0023
24.0023
24.0022
24.0022
24.0022
24.2561
24.0423
24.0094
24.0038
24.0028
24.0025
24.0024
24.0023
24.0023
24.0023
24.0022
24.0022
24.0022
24.2497
24.0412
24.0092
24.0038
24.0027
24.0025
24.0024
24.0023
24.0022
24.0022
24.0022
24.0021
24.0021
24.2785
24.0459
24.0099
24.0039
24.0027
24.0024
24.0023
24.0022
24.0021
24.0021
24.0021
24.0020
24.0020
24.3936
24.0644
24.0126
24.0041
24.0026
24.0023
24.0021
24.0021
24.0020
24.0020
24.0019
24.0019
24.0019
24.5017
24.0816
24.0152
24.0044
24.0025
24.0021
24.0020
24.0019
24.0019
24.0018
24.0018
24.0017
24.0017
24.6518
24.1055
24.0188
24.0048
24.0024
24.0020
24.0018
24.0017
24.0017
24.0016
24.0016
24.0016
24.0015
24.7819
24.1261
24.0218
24.0051
24.0023
24.0018
24.0016
24.0015
24.0015
24.0015
24.0014
24.0014
24.0014
24.8700
24.1401
24.0238
24.0053
24.0023
24.0017
24.0016
24.0015
24.0015
24.0015
24.0015
24.0014
24.0014
24.9019
24.1453
24.0247
24.0054
24.0023
24.0017
24.0016
24.0015
24.0014
24.0014
24.0013
24.0013
24.0013
25.1755
24.1885
24.0311
24.0062
24.0022
24.0015
24.0014
24.0013
24.0013
24.0013
24.0013
24.0013
24.0012
25.3461
24.2153
24.0351
24.0068
24.0023
24.0015
24.0013
24.0012
24.0012
24.0011
24.0011
24.0011
24.0011
25.5401
24.2459
24.0398
24.0075
24.0024
24.0016
24.0015
24.0015
24.0015
24.0015
24.0015
24.0016
24.0016
24.9854
24.1585
24.0269
24.0060
24.0026
24.0020
24.0018
24.0018
24.0017
24.0017
24.0017
24.0017
24.0017
24.8158
24.1317
24.0229
24.0055
24.0027
24.0022
24.0020
24.0020
24.0020
24.0019
24.0019
24.0019
24.0019
24.6052
24.0983
24.0180
24.0050
24.0028
24.0023
24.0022
24.0022
24.0021
24.0021
24.0021
24.0021
24.0020
24.4909
24.0799
24.0152
24.0046
24.0028
24.0024
24.0022
24.0022
24.0021
24.0021
24.0021
24.0020
24.0020
24.4406
24.0718
24.0138
24.0043
24.0027
24.0023
24.0022
24.0021
24.0021
24.0020
24.0020
24.0020
24.0020
24.4035
24.0658
24.0128
24.0041
24.0026
24.0023
24.0021
24.0021
24.0020
24.0020
24.0019
24.0019
24.0019
24.3668
24.0598
24.0118
24.0039
24.0025
24.0022
24.0021
24.0021
24.0020
24.0020
24.0020
24.0020
24.0020
24.3350
24.0548
24.0111
24.0039
24.0026
24.0023
24.0022
24.0021
24.0021
24.0021
24.0020
24.0020
24.0020
24.3059
24.0502
24.0105
24.0039
24.0027
24.0024
24.0023
24.0022
24.0022
24.0021
24.0021
24.0021
24.0021
24.2711
24.0446
24.0097
24.0038
24.0028
24.0025
24.0024
24.0023
24.0023
24.0022
24.0022
24.0022
24.0022
24.2354
24.0389
24.0089
24.0038
24.0028
24.0026
24.0025
24.0024
24.0024
24.0023
24.0023
24.0023
24.0023
24.1987
24.0330
24.0080
24.0037
23.4379
23.1621
22.9983
22.8957
22.8275
22.7785
22.7422
22.7136
22.6909
23.2943
23.0325
22.8786
22.7884
22.7430
22.7287
22.7281
22.7355
22.7477
22.7623
22.7782
22.7949
22.8118
22.8290
22.8463
22.8781
22.8898
22.9064
22.9241
23.6508
23.9855
24.0000
24.0011
24.0014
24.0016
24.0017
24.0019
24.0020
24.0022
24.0023
24.0024
24.0025
24.0026
24.0026
24.0027
24.0027
24.0028
24.0027
24.0026
24.0025
24.0025
24.0025
24.0026
24.0026
24.0027
24.0027
24.0027
24.0027
24.0027
24.0027
24.0027
24.0026
24.0025
24.0023
24.0023
24.0022
24.0023
24.0023
24.0020
24.0018
24.0016
24.0015
24.0014
24.0014
24.0013
24.0013
24.0014
24.0015
24.0015
24.0016
24.0017
24.0019
24.0020
24.0020
24.0019
24.0018
24.0017
24.0016
24.0014
24.0013
24.0013
24.0013
24.0013
24.0013
24.0014
24.0015
24.0017
24.0019
24.0020
24.0022
24.0023
24.0024
24.0025
24.0025
24.0026
24.0026
24.0026
24.0027
24.0027
24.0026
24.0024
24.0020
24.0017
24.0016
24.0015
24.0014
24.0013
24.0013
24.0013
24.0013
24.0015
24.0018
24.0019
24.0022
24.0023
24.0024
24.0025
24.0025
24.0026
24.0025
24.0023
24.0022
24.0021
24.0020
24.0021
24.0022
24.0022
24.0022
24.0023
24.0023
24.0023
24.0023
24.0022
24.0020
24.0019
24.0017
24.0015
24.0014
24.0009
24.0007
24.0006
24.0006
24.0006
24.0006
24.0006
24.0006
24.0005
24.0005
24.0005
24.0005
24.0006
24.0006
24.0006
24.0006
24.0005
24.0005
24.0005
24.0005
24.0005
24.0005
24.0005
24.0005
24.0005
24.0006
24.0006
24.0006
24.0006
23.9989
23.9882
23.9746
23.9550
23.9352
23.9199
23.9051
23.8880
23.8748
23.8612
23.8476
23.8353
23.8216
23.8124
23.7979
23.7859
23.7727
23.7606
23.7481
23.7361
23.7224
23.7117
23.7007
23.6896
23.6785
23.6675
23.6566
23.6459
24.3265
24.7480
25.0322
24.4704
24.1359
23.9470
23.8379
23.7717
23.7289
23.6996
23.6783
23.6622
23.6480
23.6361
23.6232
24.2903
23.9962
23.8210
23.7248
23.6678
23.6319
23.6076
23.5901
