12.8023
12.8391
12.8048
12.7999
12.8000
22.8712
13.3150
12.8365
12.8011
12.8003
12.8003
12.8003
12.8003
12.8003
12.8003
12.8003
12.8003
12.8003
22.6323
13.3139
12.8375
12.8013
12.8005
12.8004
12.8004
12.8004
12.8004
12.8004
12.8004
12.8004
12.8004
22.4783
13.3218
12.8307
12.8013
12.8005
12.8004
12.8004
12.8004
12.8004
12.8004
12.8004
12.8004
12.8004
22.3551
13.3255
12.8285
12.8013
12.8005
12.8005
12.8004
12.8004
12.8004
12.8004
12.8004
12.8004
12.8004
22.2513
13.3279
12.8276
12.8013
12.7561
12.7595
12.8099
12.8026
12.8019
12.8017
12.8015
12.8013
12.8013
22.1547
13.2729
12.8155
12.8199
12.7555
12.7961
12.7987
12.7991
12.8053
12.8034
12.8020
12.8019
12.8023
12.8026
12.8021
13.0016
12.7538
12.7926
12.7956
12.8839
12.8525
12.8590
12.8140
12.8183
12.8152
12.8189
12.8054
12.8112
12.8069
12.8054
12.8043
12.8031
12.8030
12.8029
12.8028
12.8027
12.8026
12.7931
12.7946
12.8137
12.8020
12.8106
12.8021
12.8230
12.8008
12.8022
12.7970
12.8075
12.8020
12.8021
12.7841
12.7890
12.7970
12.8024
12.8200
12.8092
12.8076
12.8009
12.7174
12.7961
12.7975
12.7971
12.7985
12.7986
12.7987
12.7978
12.8331
12.8109
12.8074
12.8238
12.8070
12.7841
12.8013
12.7924
12.7855
12.7870
12.7875
12.7852
12.6705
12.7980
12.7969
12.7982
12.8236
12.8206
12.8738
12.8075
12.8166
12.8181
12.8295
12.8082
12.8126
12.8052
12.8038
12.8035
12.8021
12.8020
12.8018
12.8016
12.8004
12.8073
12.7179
12.7925
12.7956
12.7977
12.7990
12.7984
12.7987
12.7988
12.7988
12.8333
12.8594
12.8090
12.8015
12.7807
12.8050
12.7985
12.7915
12.7911
12.8027
12.8047
12.8034
12.8031
12.7849
12.8049
12.7911
12.8236
12.7938
12.8111
12.7995
12.8082
12.8003
12.7974
12.7901
12.7934
12.7921
12.7814
12.7690
12.7626
12.7447
12.7591
12.7952
12.7550
12.8607
12.7945
12.7650
12.7970
12.7768
12.7936
12.7827
12.7511
12.8286
12.8451
12.7972
12.8588
12.6917
12.7994
12.7976
12.7982
12.7986
12.7992
12.7996
12.7987
12.8198
12.8059
12.8812
12.7816
12.7550
12.7994
12.7990
12.7641
12.7988
12.7917
12.7771
12.7976
12.7993
12.7796
12.7992
12.7993
12.8000
12.8611
12.8093
12.8109
12.8077
12.8199
12.7970
12.8023
12.8030
12.8007
12.7695
12.8004
12.8001
12.8003
12.8003
12.8003
12.8004
23.0397
23.5938
23.8945
13.3416
12.8114
12.7995
12.7991
12.7993
12.7994
12.7995
12.8014
12.8015
12.8072
12.8015
12.7913
22.9245
13.2675
12.8505
12.8013
12.7987
12.7987
12.8004
12.7988
12.8021
12.8375
12.8049
12.7999
12.7999
22.8194
13.3289
12.8268
12.8009
12.8003
12.8002
12.8002
12.8003
12.8003
12.8003
12.8003
12.8003
12.8003
22.6902
13.3274
12.8276
12.8012
12.8005
12.8004
12.8004
12.8004
12.8004
12.8004
12.8004
12.8004
12.8004
22.6060
13.3284
12.8272
12.8012
12.8005
12.8004
12.8004
12.8004
12.8004
12.8004
12.8004
12.8004
12.8004
22.5690
13.3294
12.8267
12.8012
12.8005
12.8005
12.8004
12.8004
12.8004
12.8004
12.8004
12.8004
12.8004
22.5298
13.3303
12.8263
12.8012
12.8095
12.7220
12.7956
12.7991
12.7994
12.7995
12.7996
12.7996
12.7997
22.5302
13.3286
12.7517
12.8830
12.7560
12.7963
12.7989
12.7992
12.7994
12.7995
12.7996
12.7997
12.7997
12.7998
12.7998
12.9068
12.7615
12.7933
12.7957
12.8462
12.8989
12.8488
12.8239
12.8172
12.8199
12.8144
12.8082
12.8142
12.8113
12.8085
12.8074
12.8073
12.8072
12.8061
12.8056
12.8054
12.8004
12.8029
12.7949
12.8056
12.8054
12.8176
12.8099
12.8024
12.8042
12.8030
12.7964
12.8078
12.8028
12.8018
12.7791
12.7682
12.8151
12.8048
12.8171
12.8078
12.8117
12.8005
12.6974
12.7950
12.7985
12.7993
12.7997
12.7988
12.7988
12.7978
12.8747
12.8223
12.8312
12.7989
12.8055
12.7829
12.8002
12.7932
12.7925
12.7844
12.7786
12.7720
12.7319
12.7774
12.7973
12.7983
12.7992
12.8302
12.8215
12.8689
12.8063
12.7771
12.7667
12.8090
12.8060
12.8157
12.8055
12.8021
12.8017
12.8018
12.8019
12.8018
12.7896
12.7842
12.6986
12.7948
12.7973
12.7983
12.7988
12.7993
12.8028
12.8003
12.8002
12.8556
12.8338
12.8340
12.8108
12.8045
12.8037
12.7999
12.8060
12.7989
12.7726
12.8053
12.8092
12.8129
12.7971
12.7852
12.8046
12.7968
12.8106
12.8036
12.8280
12.8008
12.7992
12.7979
12.7977
12.7977
12.7974
12.9205
12.7554
12.7806
12.7880
12.6820
12.8140
12.7439
12.8064
12.8184
12.7972
12.7639
12.7909
12.7953
12.7867
12.7281
12.8174
12.8449
12.7982
12.8330
12.7211
12.7947
12.7958
12.7965
12.7969
12.7971
12.7973
12.7975
12.8161
12.8832
12.8061
12.8007
12.7352
12.7981
12.7981
12.8107
12.7992
12.7924
12.7512
12.7980
12.7565
12.7970
12.7978
12.7982
12.7983
12.8182
12.8664
12.8205
12.8012
12.7691
12.8072
12.7991
12.7993
12.8004
12.7993
12.7989
12.7993
12.7994
12.7994
12.7994
12.7994
23.4400
24.0226
24.3407
13.3295
12.8174
12.7993
12.7959
12.7977
12.7982
12.7941
12.8006
12.8032
12.8105
12.7882
12.7984
23.3388
13.2488
12.8535
12.8022
12.7991
12.7990
12.8004
12.8055
12.7981
12.8365
12.8042
12.7996
12.7997
23.2950
13.2861
12.8538
12.8021
12.8003
12.8002
12.8002
12.8003
12.8003
12.8003
12.8003
12.8003
12.8004
23.2337
13.2837
12.8552
12.8025
12.8006
12.8005
12.8004
12.8004
12.8004
12.8004
12.8004
12.8004
12.8004
23.1676
13.2848
12.8549
12.8026
12.8006
12.8005
12.8005
12.8005
12.8005
12.8005
12.8005
12.8005
12.8005
23.0470
13.2866
12.8543
12.8026
12.8007
12.8005
12.8005
12.8005
12.8005
12.8005
12.8005
12.8005
12.8005
22.9247
13.2889
12.8535
12.8026
12.7859
12.7206
12.8027
12.8032
12.8022
12.8019
12.8017
12.8015
12.8014
22.8461
13.2861
12.7756
12.8629
12.7585
12.7957
12.7985
12.7989
12.7991
12.7762
12.7997
12.7995
12.7996
12.7996
12.7996
12.9771
12.7463
12.7957
12.7989
12.9316
12.8519
12.8114
12.8171
12.8238
12.8162
12.8081
12.8061
12.8086
12.8040
12.8041
12.8050
12.8037
12.8037
12.8043
12.8045
12.8050
12.8037
12.7851
12.7844
12.8224
12.8124
12.8196
12.8059
12.8003
12.8038
12.8014
12.7942
12.8073
12.8002
12.7995
12.7846
12.7804
12.7995
12.8004
12.8107
12.8077
12.8062
12.8089
12.7137
12.7979
12.7988
12.8007
12.8001
12.8004
12.7996
12.8008
12.8409
12.8625
12.8094
12.8051
12.7997
12.7817
12.8014
12.7970
12.7917
12.7823
12.7847
12.7866
12.6986
12.7972
12.7975
12.7988
12.8056
12.7999
12.8489
12.8257
12.8055
12.8420
12.8163
12.8041
12.8174
12.8039
12.8040
12.8019
12.8018
12.8018
12.8017
12.8015
12.7998
12.8108
12.7190
12.7971
12.7979
12.7987
12.7990
12.7993
12.7995
12.7996
12.7997
12.8068
12.8727
12.9267
12.7818
12.8010
12.8002
12.7981
12.7954
12.7996
12.7965
12.7938
12.8082
12.8004
12.8027
12.7859
12.7970
12.8020
12.8078
12.8231
12.8018
12.8078
12.8003
12.7989
12.7905
12.7916
12.7944
12.7864
12.7890
12.7910
12.7459
12.7484
12.7876
12.7918
12.7999
12.7936
12.7939
12.7624
12.7913
12.7942
12.7215
12.7814
12.8477
12.8169
12.7935
12.8552
12.7001
12.7939
12.7950
12.7957
12.7960
12.7964
12.7960
12.7958
12.8158
12.8460
12.8178
12.7999
12.7552
12.7985
12.7975
12.7968
12.8290
12.7693
12.8002
12.7513
12.7628
12.7970
12.7975
12.7980
12.7983
12.7974
12.8825
12.8227
12.8025
12.8025
12.7742
12.8000
12.7988
12.7990
12.7990
12.7990
12.7991
12.7991
12.7991
12.7991
12.7991
23.8260
24.4452
24.7823
13.2913
12.8261
12.7905
12.7966
12.7938
12.7987
12.7891
12.7910
12.7948
12.8080
12.7776
12.7774
23.7531
13.2661
12.8271
12.7950
12.7896
12.7947
12.7962
12.8038
12.8180
12.8165
12.7996
12.7951
12.7952
23.6284
13.2695
12.8529
12.7977
12.7956
12.7955
12.7956
12.7956
12.7956
12.7956
12.7957
12.7957
12.7957
23.4993
13.2667
12.8545
12.7980
12.7959
12.7958
12.7958
12.7958
12.7958
12.7958
12.7958
12.7958
12.7959
23.3198
13.2683
12.8539
12.7982
12.7960
12.7959
12.7959
12.7959
12.7959
12.7960
12.7960
12.7960
12.7960
23.0813
13.2709
12.8530
12.7983
12.7962
12.7961
12.7961
12.7961
12.7961
12.7961
12.7961
12.7961
12.7962
22.8274
13.2745
12.8519
12.7984
12.7936
12.7221
12.7914
12.8027
12.8024
12.8020
12.8018
12.8016
12.8014
22.7219
13.2891
12.7579
12.8739
12.7570
12.7953
12.7983
12.7987
12.7990
12.7992
12.8020
12.8044
12.8033
12.8034
12.8032
13.0407
12.7282
12.7970
12.8025
12.9435
12.8321
12.8598
12.8120
12.8169
12.8085
12.8137
12.8091
12.8086
12.8043
12.8031
12.8030
12.8029
12.8027
12.8018
12.8014
12.8013
12.8007
12.8009
12.7952
12.7658
12.8116
12.8165
12.8109
12.8058
12.7971
12.7993
12.7952
12.8068
12.8021
12.7990
12.7949
12.7798
12.7797
12.8098
12.8204
12.8147
12.8073
12.8062
12.6994
12.7966
12.7969
12.7980
12.7985
12.7982
12.7983
12.7984
12.8033
12.8477
12.8564
12.8122
12.8031
12.7831
12.7996
12.7876
12.7943
12.7844
12.7884
12.7855
12.7224
12.7261
12.7952
12.7962
12.8449
12.8888
12.8136
12.8094
12.8205
12.8126
12.8088
12.8116
12.8037
12.8079
12.8017
12.8020
12.8020
12.8019
12.8018
12.8018
12.7961
12.7988
12.7324
12.7970
12.7982
12.7992
12.7993
12.7994
12.7995
12.7996
12.7998
12.8222
12.8732
12.8008
12.8134
12.7831
12.8008
12.7990
12.7945
12.7906
12.7922
12.8118
12.8074
12.7958
12.7964
12.7879
12.8026
12.8199
12.7921
12.7997
12.8147
12.8053
12.7988
12.7977
12.7945
12.7875
12.7944
12.7913
12.7797
12.7928
12.7856
12.6859
12.8109
12.7960
12.7853
12.7620
12.8359
12.7655
12.7847
12.7679
12.7951
12.8243
12.7973
12.7964
12.7733
12.8608
12.7187
12.7933
12.7955
12.7962
12.7965
12.7959
12.7958
12.7966
12.7971
12.8157
12.8377
12.8435
12.7825
12.7589
12.7977
12.7948
12.7761
12.7981
12.7740
12.7992
12.7652
12.7956
12.7981
12.7985
12.8657
12.8007
12.8005
12.8198
12.7989
12.8094
12.7981
12.8185
12.8033
12.8005
12.7672
12.7989
12.7988
12.7989
12.7990
12.7991
12.7991
23.6559
24.2525
24.5782
13.3153
12.8169
12.7921
12.7932
12.7939
12.7902
12.7891
12.7928
12.7965
12.7972
12.7720
12.7875
23.5879
13.2741
12.8239
12.8011
12.7975
12.7977
12.8008
12.8011
12.8159
12.8190
12.7996
12.7951
12.7952
23.5148
13.2672
12.8542
12.7977
12.7955
12.7955
12.7955
12.7955
12.7956
12.7956
12.7956
12.7956
12.7956
23.4242
13.2659
12.8549
12.7980
12.7958
12.7957
12.7957
12.7957
12.7957
12.7958
12.7958
12.7958
12.7958
23.3322
13.2683
12.8539
12.7981
12.7960
12.7959
12.7958
12.7958
12.7958
12.7958
12.7959
12.7959
12.7959
23.2650
13.2712
12.8529
12.7982
12.7961
12.7960
12.7959
12.7959
12.7959
12.7959
12.7960
12.7960
12.7960
23.2083
13.2743
12.8518
12.7982
12.7976
12.7225
12.7913
12.8036
12.8016
12.7984
12.7957
12.7933
12.7923
23.2158
13.2905
12.7572
12.9050
12.7597
12.7984
12.7957
12.7951
12.7945
12.7982
12.7982
12.7983
12.7986
12.7989
12.7991
13.0658
12.7052
12.7900
12.7970
12.7981
12.7986
12.7991
12.7994
12.7997
12.7999
12.8001
12.8002
12.8016
12.8012
12.8005
12.8008
12.8002
12.8007
12.8005
12.8005
12.8007
12.8009
12.8009
12.8018
12.8017
12.8014
12.8010
12.8005
12.8015
12.8015
12.8017
12.8020
12.8029
12.8023
12.8021
12.8020
12.8018
12.8017
12.8015
12.8013
12.8016
12.8014
12.8006
12.8006
12.8004
12.8002
12.8002
12.8001
12.7996
12.8008
12.7994
12.7994
12.7994
12.7994
12.8001
12.8004
12.7989
12.7996
12.8000
12.8001
12.7976
12.7983
12.7994
12.7998
12.8001
12.8003
12.8003
12.8003
12.8004
12.8005
12.8006
12.8007
12.8009
12.8006
12.8009
12.8011
12.8012
12.8012
12.8016
12.8018
12.8019
12.8020
12.8021
12.8023
12.8021
12.8001
12.8020
12.8019
12.8019
12.8018
12.8013
12.8010
12.8008
12.8008
12.8008
12.8005
12.8002
12.7992
12.8002
12.7997
12.7998
12.7998
12.8006
12.8009
12.8009
12.8009
12.8010
12.8010
12.8010
12.8017
12.8010
12.8009
12.8008
12.8007
12.7998
12.7995
12.7993
12.7992
12.7991
12.7992
12.6962
12.8002
12.8002
12.8002
12.8002
12.8002
12.8001
12.8001
12.8001
12.8001
12.8001
12.8001
25.9336
13.3334
12.8192
12.7975
12.7991
12.7970
12.7970
12.7971
12.7971
12.7972
12.7971
12.7970
12.7971
24.9368
13.3041
12.8387
12.7981
12.7971
12.7966
12.7959
12.7951
12.7955
12.7955
12.7956
12.7956
12.7956
24.3146
13.2849
12.8478
12.7976
12.7958
12.7957
12.7957
12.7957
12.7957
12.7957
12.7957
12.7957
12.7957
24.0591
13.2787
12.8499
12.7978
12.7959
12.7958
12.7957
12.7957
12.7957
12.7957
12.7957
12.7957
12.7958
23.9020
13.2755
12.8509
12.7979
12.7959
12.7958
12.7958
12.7958
12.7958
12.7958
12.7958
12.7958
12.7958
23.8107
13.2739
12.8515
12.7980
12.7960
12.7959
12.7958
12.7958
12.7958
12.7958
12.7959
12.7959
12.7959
23.6803
13.2735
12.8517
12.7981
12.7960
12.7959
12.7959
12.7959
12.7959
12.7959
12.7959
12.7960
12.7960
23.5567
13.2742
12.8515
12.7982
12.7961
12.7960
12.7960
12.7960
12.7960
12.7960
12.7960
12.7961
12.7961
23.4237
13.2758
12.8509
12.7982
12.7963
12.7962
12.7961
12.7961
12.7961
12.7961
12.7962
12.7962
12.7962
23.2924
13.2782
12.8495
12.7978
12.7961
12.7961
12.7961
12.7961
12.7961
12.7961
12.7960
12.7960
12.7960
23.1645
13.2813
12.8481
12.7974
12.7957
12.7957
12.7957
12.7957
12.7956
12.7956
12.7955
12.7955
12.7954
23.4883
13.2843
12.8487
12.7946
12.7928
12.7926
12.7926
12.7926
12.7926
12.7926
12.7925
12.7925
12.7925
24.1695
13.2735
12.8552
12.7937
12.7919
12.7918
12.7917
12.7916
12.7915
12.7914
12.7913
12.7912
12.7911
24.5569
13.2658
12.8583
12.7923
12.7903
12.7903
12.7903
12.7902
12.7901
12.7900
12.7899
12.7999
12.7999
25.0127
13.2465
12.8692
12.8023
12.7994
12.7993
12.7992
12.7992
12.7992
12.7992
12.7992
12.7992
12.7993
25.4564
13.2692
12.8459
12.8049
12.8001
12.7999
12.8002
12.8000
12.7999
12.8003
12.7985
12.8000
12.8001
25.9962
13.2777
12.8313
12.8044
12.8003
12.8002
12.7997
12.7999
12.8000
12.8000
12.8000
12.7992
12.7995
26.2896
13.2753
12.8295
12.8044
12.8004
12.8002
12.8002
12.8002
12.7980
12.8004
12.8004
12.8005
12.8005
26.2078
13.2759
12.8271
12.8037
12.8000
12.7999
12.8000
12.8024
12.8000
12.8000
12.8000
12.8000
12.8000
26.1349
13.2759
12.8273
12.8037
12.8002
12.8000
12.8015
12.8000
12.8000
12.7999
12.8000
12.8000
12.8001
26.3346
13.2752
12.8277
12.8037
12.8001
12.7999
12.7999
12.7999
12.8000
12.8000
12.8000
12.8000
12.7901
25.8860
13.2737
12.8268
12.8034
12.7908
12.7911
12.7914
12.7917
12.7919
12.7921
12.7923
12.7925
12.7927
25.2435
13.2737
12.8177
12.7991
12.7933
12.7934
12.7936
12.7936
12.7936
12.7936
12.7937
12.7937
12.7937
24.5876
13.2696
12.8284
12.7969
12.7939
12.7938
12.7938
12.7938
12.7938
12.7938
12.7939
12.7939
12.7938
24.0680
13.2673
12.8331
12.7965
12.7936
12.7936
12.7936
12.7936
12.7937
12.7936
12.7937
12.7937
12.7937
23.7894
13.2644
12.8392
12.7965
12.7937
12.7938
12.7939
12.7939
12.7940
12.7940
12.7941
12.7941
12.7942
23.5733
13.2612
12.8465
12.7971
12.7944
12.7942
12.7942
12.7942
12.7942
12.7943
12.7943
12.7943
12.7943
23.4028
13.2579
12.8544
12.7977
12.7945
12.7944
12.7944
12.7944
12.7944
12.7944
12.7945
12.7945
12.7945
23.1899
13.2542
12.8624
12.7978
12.7948
12.7947
12.7946
12.7948
12.7951
12.8005
12.8005
12.8005
12.8005
22.9634
13.2495
12.8736
12.8033
12.8007
12.8006
12.8006
12.8006
12.8006
12.8006
12.8006
12.8006
12.8006
22.7447
13.2496
12.8681
12.8032
12.8007
12.8006
12.8006
12.8006
12.8006
12.8006
12.8006
12.8006
12.8006
22.5206
13.2609
12.8616
12.8032
12.8008
12.8007
12.8007
12.8007
12.8007
12.8007
12.8007
12.8007
12.8007
22.3034
13.2690
12.8586
12.8031
12.7968
12.7254
12.7912
12.7981
12.7987
12.8022
12.8021
12.8019
12.8018
22.2774
13.2917
12.7609
12.8802
12.7559
12.7952
12.7981
12.8050
12.8044
12.8025
12.8033
12.8025
12.8024
12.8024
12.8023
13.0400
12.7275
12.7944
12.8001
12.8875
12.9018
12.8303
12.8120
12.8130
12.8123
12.8063
12.8053
12.8079
12.8057
12.8023
12.8025
12.8021
12.8022
12.8024
12.8024
12.8019
12.7994
12.8002
12.7992
40.0377
17.3081
15.1664
14.2408
13.9527
13.6755
13.4556
13.2515
13.0719
12.9157
13.2026
13.0760
13.3784
13.2484
25.3639
14.1973
13.0886
12.7926
12.8217
13.1974
13.6427
13.5033
13.3336
13.1595
13.0117
12.8624
12.7995
12.8262
12.8101
12.8401
12.8013
12.7943
12.7885
12.7998
12.7898
12.7919
12.7829
12.7948
12.7954
12.7918
12.7797
12.7989
12.7993
12.7990
12.8189
12.8093
12.8117
12.8078
12.8010
12.8195
12.8009
12.8042
12.8018
12.7996
12.8008
12.8009
12.8009
12.8009
12.8010
12.8010
12.8230
12.7341
12.7950
12.7979
12.7987
12.7991
12.7988
12.7987
12.7988
12.7988
12.7989
12.8688
12.8146
12.7922
12.7828
12.7988
12.7988
12.8002
12.7846
12.7990
12.7920
12.8126
12.8066
12.7929
12.7989
12.7929
12.8178
12.8009
12.8130
12.7999
12.7996
12.8063
12.7997
12.7995
12.7995
12.7929
12.7992
12.7924
12.7887
12.7879
12.7648
12.8305
12.7802
13.4725
15.7023
16.5962
17.4778
18.2419
18.9317
19.5926
20.2345
20.8636
21.4194
22.0284
22.4469
22.7736
23.0697
23.3665
23.6545
23.9294
24.2033
24.6389
24.9174
25.1237
25.3092
25.4786
25.6351
25.7814
25.9186
26.0473
26.1688
26.2807
26.3554
26.4216
26.4875
26.5522
26.6141
26.6783
26.7448
26.8106
26.8756
26.9389
26.9998
27.0591
13.0977
12.6271
12.8147
12.7627
12.7943
12.7952
12.8028
12.7966
12.7970
12.7977
12.7979
12.7971
23.7925
24.3770
24.6870
13.2942
12.8296
12.7968
12.7969
12.7975
12.7979
12.7983
12.7979
12.7957
12.8039
12.8112
12.8045
23.6090
13.2752
12.8067
12.7983
12.7964
12.7983
12.8001
12.8181
12.8089
13.4618
12.8005
12.7999
12.7999
20.4936
13.9620
12.8005
12.7998
12.7998
12.7998
12.7997
12.7997
12.7997
12.7997
12.7997
12.7997
12.7997
19.8118
13.9629
12.8002
12.7997
12.7997
12.7997
12.7997
12.7997
12.7997
12.7997
12.7997
12.7997
12.7997
19.4374
13.9631
12.8002
12.7997
12.7997
12.7998
12.7998
12.7998
12.7998
12.7998
12.7998
12.7998
12.7998
19.1636
13.9632
12.8003
12.7998
12.7998
12.7998
12.7998
12.7998
12.7998
12.7998
12.7998
12.7998
12.7998
18.9275
13.9632
12.8003
12.7998
12.7998
12.7998
12.7998
12.7998
12.7998
12.7998
12.7998
12.7998
12.7998
18.8380
13.9632
12.8003
12.8002
12.7999
12.7999
12.7998
12.7996
12.7993
12.7999
12.7999
12.7998
12.7997
12.7997
12.7996
36.8082
39.9901
39.9856
39.9992
40.0270
40.0359
28.4529
26.2515
24.9794
23.9166
21.6922
20.8435
20.0876
19.4026
18.7759
18.1987
17.6643
17.1677
16.7110
16.2897
15.9003
15.9693
16.4995
17.0813
15.5419
14.8594
14.1901
13.9743
13.7905
13.6010
13.4165
13.2395
13.0719
12.9145
13.1676
13.4269
13.6819
13.5113
13.3377
12.8002
12.8002
12.8002
12.8002
23.3973
24.2404
24.2721
24.2327
24.1660
24.1393
24.1114
24.0673
24.0111
12.9486
12.8002
12.8002
12.8002
12.8002
12.8002
12.8002
12.8002
12.8002
12.8002
12.8002
12.8002
12.8002
12.8002
12.8002
12.8002
12.8002
12.8002
12.8002
12.8002
12.8002
12.8002
12.8002
12.8002
12.8002
12.8002
12.8002
12.7979
12.7992
12.7997
12.7998
12.7998
12.8029
12.8024
12.8002
12.7929
12.7940
12.7979
12.7986
12.7979
12.7982
12.7990
12.8060
12.8084
12.8018
12.8071
12.7990
12.7925
12.7986
12.7997
12.7999
12.8020
12.8041
12.7970
12.7999
12.7903
12.7955
12.7998
12.7990
12.8002
12.8006
12.8017
12.7993
12.7981
12.7991
12.8013
12.8040
12.8044
12.8052
12.8088
12.8051
12.8011
12.8020
12.7999
12.8020
12.8021
14.9365
15.7436
16.3846
17.0910
17.6786
18.1961
18.6814
19.0619
19.4813
19.9186
20.2481
20.5246
20.7780
21.0235
21.2594
21.4851
21.7015
21.9871
22.2025
22.3811
22.5476
22.7044
22.8535
22.9958
23.1320
23.2627
23.3892
23.5122
23.5863
23.6536
23.7156
23.7737
23.8287
23.8816
23.9324
23.9813
24.0279
24.0721
24.1140
24.1537
24.1955
24.2371
24.2771
24.3152
24.3519
24.3876
24.4228
24.4573
24.4911
24.5243
24.5571
24.5892
15.0029
13.7777
12.8653
12.8000
12.7995
12.8001
12.8000
12.7999
12.7998
12.7998
12.7997
12.7997
20.9717
13.9617
12.8003
12.7996
12.7995
12.7995
12.7995
12.7995
12.7995
12.7995
12.7995
12.7995
12.7995
20.4158
13.9621
12.8001
12.7995
12.7996
12.7996
12.7996
12.7996
12.7996
12.7996
12.7996
12.7996
12.7996
20.0393
13.9626
12.8001
12.7996
12.7996
12.7996
12.7996
12.7996
12.7996
12.7997
12.7997
12.7997
12.7997
19.6959
13.9628
12.8002
12.7997
12.7997
12.7997
12.7997
12.7997
12.7997
12.7997
12.7997
12.7997
12.7997
19.3871
13.9629
12.8002
12.7997
12.7997
12.7997
12.7998
12.7998
12.7998
12.7998
12.7998
12.7998
12.7998
19.1097
13.9630
12.8003
12.7998
12.7998
12.7998
12.7998
12.7998
12.7998
12.7998
12.7998
12.7998
12.7998
18.9612
13.9631
12.8003
12.7998
12.7998
12.7998
12.8002
12.7998
12.7997
12.7993
12.7999
12.7998
12.7997
12.7996
12.7995
12.7994
12.7993
12.7992
36.7959
39.9870
40.0022
40.0226
40.0349
27.0713
24.7439
23.3470
21.3104
20.3247
19.0112
18.2071
17.1003
16.4907
15.9476
15.4726
15.0424
14.6628
14.3802
14.0945
13.8396
13.5906
13.3580
13.9890
15.0678
14.0461
12.7968
12.7949
12.7962
12.7973
12.7990
12.7999
12.8001
12.8004
12.8005
12.8050
12.8018
12.8009
12.8040
12.7996
12.7962
12.7997
12.8059
18.8969
22.3499
22.5984
22.6479
22.6532
22.6602
22.6546
22.6382
22.6829
22.6899
12.8054
12.7986
12.7962
12.7991
12.7994
12.8005
12.8006
12.8721
12.8062
12.8003
12.8003
12.8003
12.8003
12.8003
12.8004
12.8004
12.8004
12.8004
12.7966
12.7947
12.7905
12.7982
12.7984
12.7997
12.7998
12.7999
12.7999
12.8000
12.8000
12.7999
12.8026
12.8055
12.8006
12.7976
12.7814
12.7972
12.7977
12.7992
12.7973
12.7997
12.8001
12.8056
12.8136
12.8124
12.8073
12.8009
12.7924
12.8005
12.8020
12.7999
12.7907
12.8008
12.8056
12.7999
12.7879
12.8018
12.7959
12.7968
12.7992
12.8020
12.7976
12.8007
12.7993
12.8002
12.8014
12.8007
12.8037
12.8091
12.8207
12.8124
12.8041
12.7996
12.8039
12.7959
12.8035
12.7933
12.8025
12.8130
12.8009
12.7380
12.8063
12.8056
12.7946
12.8010
12.8001
12.8513
14.9372
15.7313
16.3540
16.8951
17.3751
17.8006
18.1900
18.5425
18.8657
19.1642
19.4416
19.7004
19.9427
20.1706
20.3858
20.5905
20.7861
20.9580
21.1213
21.2766
21.4259
21.5698
21.7099
21.8450
21.9764
22.1041
22.2287
22.3497
22.4670
22.5777
22.6846
22.7887
22.8887
22.9857
23.0794
23.1715
23.2604
23.3482
23.4346
23.5197
23.6035
15.2474
14.0177
13.1158
12.8004
12.7998
12.7994
12.8000
12.8000
12.7999
12.7999
12.7998
12.7998
20.8653
13.9616
12.8004
12.7996
12.7996
12.7996
12.7996
12.7996
12.7996
12.7996
12.7996
12.7996
12.1877
21.8431
13.3027
12.7568
12.7972
12.7992
12.7994
12.7995
12.7995
12.7996
12.7996
12.7996
12.7997
12.7997
23.4721
13.3054
12.7485
12.7972
12.7995
12.7997
12.7997
12.7997
12.7997
12.7998
12.7998
12.7998
12.7998
23.5913
13.2973
12.7525
12.7974
12.7999
12.8008
12.8008
12.8008
12.8008
12.8008
12.8008
12.8008
12.8009
23.3794
13.2914
12.7578
12.8047
12.8014
12.8011
12.8010
12.8010
12.8010
12.8010
12.8010
12.8010
12.8010
23.0922
13.2850
12.7736
12.8048
12.8014
12.8011
12.8011
12.9185
12.7700
12.7728
12.7942
12.7963
12.7969
22.9144
13.3821
12.7420
12.7835
12.7967
12.7977
12.9109
12.7701
12.7941
12.7974
12.7984
12.8002
12.8010
12.8026
12.8023
12.8009
12.8010
12.8010
13.0769
12.6907
12.7877
12.7978
12.9267
12.8644
12.8237
12.8143
12.8179
12.8109
12.8096
12.8054
12.8028
12.8025
12.8023
12.8013
12.8017
12.8019
12.8014
12.8022
12.8011
12.8010
12.7949
12.7839
12.8033
12.8003
12.8164
12.8055
12.8007
12.8007
12.8003
12.8001
12.7998
12.7994
12.7974
12.7873
12.8020
12.8017
12.7897
12.8035
12.8059
12.8057
12.8152
12.7379
12.7859
12.7961
12.7975
12.7981
12.7975
12.7978
12.7980
12.8445
12.8315
12.8071
12.8085
12.8029
12.7807
12.7987
12.7989
12.7980
12.7930
12.7814
12.7862
12.7132
12.7913
12.7937
12.7977
12.8036
12.8174
12.8301
12.8481
12.8062
12.8017
12.8048
12.8073
12.8096
12.8067
12.8013
12.8016
12.8002
12.8001
12.7999
12.7998
12.7922
12.8185
12.7129
12.7842
12.7945
12.7960
12.7966
12.7979
12.7985
12.8212
12.8001
12.8501
12.8548
12.8036
12.7976
12.7831
12.8007
12.8008
12.7894
12.7932
12.7970
12.8145
12.8075
12.8012
12.7841
12.7933
12.8154
12.8245
12.8063
12.8012
12.8041
12.8004
12.7989
12.7987
12.7944
12.7865
12.7958
12.7890
12.7920
12.7949
12.7842
12.7156
12.8233
12.7690
12.7776
12.8162
12.7945
12.7630
12.7920
12.7847
12.7525
12.8304
12.7935
12.8005
12.7926
12.8267
12.7318
12.7932
12.7940
12.7947
12.7951
12.7955
12.7947
12.7958
12.8011
12.8331
12.8589
12.8003
12.7349
12.7968
12.7965
12.8275
12.7518
12.7913
12.7965
12.7476
12.7912
12.7962
12.7969
12.7972
12.8168
12.7984
12.8456
12.8184
12.8054
12.8021
12.8397
12.7689
12.7993
12.7993
12.7993
12.7993
12.7993
12.7993
12.7993
12.7992
12.7992
23.8695
24.4685
13.3364
12.8024
12.7874
12.7833
12.7898
12.7969
12.7894
12.7983
12.8014
12.7945
12.8037
12.7953
23.6885
13.2812
12.7960
12.8029
12.7992
12.7991
12.7993
12.7966
12.7988
12.8212
12.8275
12.8043
12.7999
23.5322
13.2480
12.8717
12.8029
12.8003
12.8002
12.8003
12.8003
12.8003
12.8003
12.8003
12.8004
12.8004
23.3720
13.2483
12.8718
12.8032
12.8005
12.8004
12.8004
12.8004
12.8004
12.8004
12.8004
12.8004
12.8004
23.2035
13.2474
12.8744
12.8032
12.8005
12.8005
12.8005
12.8005
12.8005
12.8005
12.8005
12.8005
12.8005
23.0624
13.2536
12.8705
12.8032
12.8006
12.8005
12.8005
12.8005
12.8005
12.8005
12.8005
12.8005
12.8005
22.9294
13.2601
12.8663
12.8031
12.8006
12.8079
12.7303
12.7903
12.7980
12.7986
12.7989
12.7991
12.7992
22.9264
13.3014
12.7503
12.7971
12.8973
12.7546
12.7948
12.7979
12.7985
12.8034
12.8040
12.8022
12.8016
12.8014
12.8013
12.8012
13.0671
12.7079
12.7921
12.7990
12.9297
12.8737
12.8322
12.8143
12.8177
12.8124
12.8111
12.8092
12.8104
12.8036
12.8020
12.8019
12.8018
12.8017
12.8014
12.8012
12.8011
12.8009
12.7932
12.7890
12.8076
12.8036
12.8030
12.8097
12.7995
12.8015
12.8005
12.8003
12.8000
12.8011
12.8011
12.7902
12.7924
12.7946
12.8041
12.8074
12.8133
12.8047
12.8187
12.7268
12.7950
12.7957
12.7905
12.7975
12.7973
12.7751
12.7969
12.8178
12.8656
12.8147
12.8218
12.7793
12.8016
12.7988
12.7949
12.7967
12.7886
12.7544
12.7971
12.7141
12.7963
12.7967
12.7978
12.8036
12.7993
12.8700
12.8385
12.8064
12.8074
12.8193
12.8029
12.8049
12.8093
12.8018
12.8017
12.8015
12.8015
12.8016
12.8015
12.7997
12.8192
12.7142
12.7955
12.7977
12.7990
12.7996
12.7995
12.7995
12.7999
12.7998
12.8429
12.8552
12.8106
12.7997
12.7834
12.8000
12.7990
12.8001
12.7985
12.7788
12.7989
12.8122
12.8065
12.7910
12.7842
12.7995
12.8065
12.8096
12.8033
12.8205
12.8057
12.7977
12.7979
12.7919
12.7968
12.7911
12.7894
12.7910
12.7626
12.7669
12.7339
12.8246
12.7915
12.7698
12.7988
12.8162
12.7605
12.7939
19.4816
19.6849
19.8790
20.0738
20.2701
20.4688
20.5935
20.6999
20.7901
20.8712
20.9472
21.0185
21.0841
21.1641
21.2266
21.2790
21.3278
21.3738
21.4174
21.4589
21.4985
21.5365
21.5731
21.6083
21.6367
21.6634
21.6888
21.7133
21.7368
21.7597
21.7817
21.8029
21.8240
21.8444
21.8642
21.8835
21.9023
21.9207
21.9387
21.9565
21.9740
21.9913
22.0083
22.0252
22.0419
22.0583
22.0746
22.0906
22.0864
22.1038
22.1205
22.1371
22.1535
22.1697
22.1857
22.2015
22.2171
22.2325
22.2477
22.2627
24.0026
21.8257
22.1866
22.2782
22.3079
22.3260
22.3415
22.3560
22.3701
22.3839
22.3975
22.4109
22.4240
24.0027
22.0218
22.3572
22.4414
22.4690
22.4860
22.5006
22.5143
22.5276
22.5406
22.5533
22.5664
22.5794
24.0027
22.2113
22.5221
22.5990
22.6244
22.6405
22.6543
22.6674
22.6802
22.6927
22.7033
22.7134
22.7231
24.0026
22.3795
22.6654
22.7321
22.7533
22.7655
22.7756
22.7851
22.7942
22.8029
22.8114
22.8195
22.8276
24.0027
22.5043
22.7727
22.8334
22.8520
22.8625
22.8711
22.8790
22.8868
22.8946
22.9021
22.9095
22.9168
24.0028
22.6126
22.8662
22.9224
22.9395
22.9490
22.9569
22.9572
22.9561
22.9546
22.9526
22.9504
22.9479
24.0029
22.6242
22.8688
22.9144
22.8930
22.8633
22.8584
22.8318
22.8083
22.7866
22.7644
22.7421
22.7213
22.7014
22.6818
22.6579
22.6361
22.6155
22.5917
22.5721
22.5511
22.5295
22.5074
22.4848
22.4508
22.4115
22.3705
22.3330
22.2927
22.2507
22.2076
22.1704
22.1306
22.0893
22.0480
22.0041
21.9721
21.9434
21.9155
21.8887
21.8629
21.8389
21.8154
21.7922
21.7697
21.7475
21.7290
21.7094
21.6873
21.6643
21.6411
21.6179
21.5946
21.5713
21.5493
21.5274
21.5058
21.4843
21.4631
21.4421
21.4246
21.4090
21.3942
21.3798
21.3659
21.3525
21.3433
21.3329
21.3248
21.3341
21.3366
21.3340
21.3325
21.3318
21.3074
21.2951
21.2905
21.2867
21.2806
21.2758
21.2713
21.2672
21.2632
21.2586
21.2367
21.2005
21.1542
21.0994
21.0363
20.9850
20.9156
20.8311
20.7372
20.6342
20.5224
20.4018
20.2786
20.1507
20.0166
19.8763
19.7301
19.5779
19.4332
19.2857
19.1338
18.9976
18.8451
18.6835
18.6292
18.6095
18.6241
18.6661
18.7290
18.8126
18.9147
19.0599
19.2084
19.3656
19.5909
19.8004
19.8977
19.9560
20.0045
20.0907
20.1518
20.1975
20.2379
20.2756
20.3115
20.3461
20.3798
20.4129
20.4572
20.5069
20.5591
20.6133
20.6693
20.7272
20.7908
20.8522
20.9161
20.9818
21.0489
21.1174
21.1772
21.2335
21.2890
21.3441
21.3991
21.4542
24.0006
20.8578
21.3663
21.5409
21.6167
21.6771
21.7262
21.7695
21.8101
21.8515
21.8930
21.9341
21.9729
24.0022
21.5573
21.9679
22.0870
22.1359
22.1700
22.2000
22.2282
22.2553
22.2813
22.3065
22.3248
22.3418
24.0025
21.9116
22.2760
22.3658
22.3958
22.4141
22.4296
22.4439
22.4575
22.4706
22.4837
22.4966
22.5092
24.0026
22.1120
22.4448
22.5253
22.5511
22.5668
22.5802
22.5927
22.6049
22.6169
22.6288
22.6405
22.6520
24.0026
22.2886
22.5954
22.6685
22.6919
22.7064
22.7188
22.7306
22.7434
22.7572
22.7697
22.7833
22.7955
24.0027
22.4723
22.7547
22.8221
22.8452
22.8615
22.8747
22.8873
22.8998
22.9121
22.9243
22.9363
22.9482
24.0029
22.6621
22.9156
22.9750
22.9957
23.0097
23.0237
23.0359
23.0492
23.0611
23.0740
23.0857
23.0977
24.0032
22.8514
23.0767
23.1294
23.1486
23.1570
23.1625
23.1672
23.1714
23.1754
23.1791
23.1826
23.1860
24.0034
22.9397
23.1419
23.1819
23.1925
23.1975
23.2014
23.2049
23.2083
23.2115
23.2146
23.2177
23.2207
24.0033
22.9811
23.1783
23.2165
23.2257
23.2295
23.2322
23.2344
23.2364
23.2384
23.2403
23.2421
23.2438
24.0033
23.0054
23.1942
23.2250
23.2273
23.2242
23.2200
23.2154
23.2106
23.2057
23.2006
23.1954
23.1749
24.0030
22.8626
23.0411
23.0472
23.0232
22.9943
22.9638
22.9353
22.9089
22.8842
22.8540
22.8292
22.8077
24.0025
22.4059
22.6587
22.6940
22.6854
22.6689
22.6457
22.6195
22.5921
22.5637
22.5344
22.5045
22.4681
24.0023
21.9515
22.2319
22.2603
22.2330
22.1992
22.1649
22.1306
22.0965
22.0625
22.0287
21.9950
21.9615
24.0020
21.3614
21.7207
21.7795
21.7669
21.7404
21.7105
21.6796
21.6482
21.6164
21.5845
21.5524
21.5202
24.0017
20.8308
21.2401
21.3196
21.3158
21.2959
21.2728
21.2542
21.2326
21.2219
21.2124
21.2036
21.1954
24.0015
20.5092
20.9799
21.0962
21.1198
21.1245
21.1248
21.1240
21.1238
21.1238
21.1240
21.1243
21.0951
24.0015
20.3703
20.8198
20.8996
20.8746
20.8220
20.7786
20.7127
20.6310
20.5402
20.4411
20.3341
20.2196
24.0013
19.2225
19.6987
19.7936
19.7665
19.7198
19.6876
19.6623
19.6427
19.6287
19.6207
19.6188
19.5755
24.0012
18.5465
19.0578
19.1754
19.1241
19.0473
18.9654
18.8789
18.7889
18.6960
18.6007
18.6154
18.6829
24.0011
17.9204
18.6794
19.0402
19.3094
19.5181
19.7091
19.9511
20.2172
20.4490
20.5698
20.6495
20.7169
24.0018
20.1002
20.6509
20.8382
20.8792
20.9164
20.9578
20.9980
21.0372
21.0943
21.1588
21.2253
21.2931
24.0022
20.7968
21.3179
21.5022
21.5978
21.6756
21.7491
21.8212
21.8754
21.9215
21.9646
22.0057
22.0453
24.0026
21.6062
22.0365
22.1603
22.2117
22.2481
22.2800
22.3097
22.3372
22.3649
22.3924
22.4196
22.4467
24.0029
22.0543
22.3920
22.4770
22.5059
22.5239
22.5392
22.5535
22.5671
22.5802
22.5928
22.6052
22.6168
24.0029
22.2477
22.5565
22.6294
22.6529
22.6667
22.6781
22.6888
22.6990
22.7090
22.7187
22.7288
22.7389
24.0029
22.3962
22.6848
22.7525
22.7738
22.7868
22.7978
22.8082
22.8183
22.8282
22.8383
22.8480
22.8575
24.0028
22.5416
22.8094
22.8704
22.8901
22.9019
22.9119
22.9213
22.9304
22.9387
22.9469
22.9548
22.9626
24.0029
22.6684
22.9166
22.9712
22.9881
22.9979
23.0060
23.0136
23.0219
23.0304
23.0389
23.0474
23.0558
24.0030
22.7866
23.0186
23.0698
23.0867
23.0970
23.1059
23.1158
23.1257
23.1357
23.1456
23.1553
23.1651
24.0032
22.9281
23.1410
23.1888
23.2055
23.2171
23.2267
23.2357
23.2445
23.2532
23.2618
23.2704
23.2789
24.0034
23.0699
23.2583
23.2993
23.3141
23.3249
23.3349
23.3446
23.3543
23.3640
23.3737
23.3834
23.3931
24.0035
23.2188
23.3852
23.4213
12.1954
12.8000
12.8002
12.8002
12.8002
12.7876
12.7928
12.7921
12.7988
22.8208
13.2622
12.8610
12.7869
12.7451
12.7998
12.7989
12.7982
12.7989
12.7990
12.7994
12.8004
12.7999
12.7999
12.8007
12.9964
12.7558
12.7818
12.7924
12.9165
12.8536
12.8294
12.8380
12.8213
12.8065
12.8101
12.8067
12.8116
12.8142
12.8048
12.8051
12.8039
12.8043
12.8059
12.8060
12.8057
12.8049
12.7939
12.7987
12.8118
12.8062
12.8208
12.8011
12.8041
12.8040
12.8037
12.7969
12.8064
12.8026
12.8015
12.7848
12.7923
12.7973
12.7987
12.8142
12.8109
12.8064
12.7917
12.7351
12.7958
12.8003
12.8012
12.8015
12.8010
12.7999
12.8011
12.8783
12.8079
12.8063
12.8141
12.8003
12.7815
12.8016
12.7930
12.7964
12.7826
12.7827
12.7694
12.7151
12.7989
12.7990
12.7993
12.8002
12.8263
12.7999
12.8691
12.8132
12.8215
12.8243
12.8074
12.8114
12.8055
12.8037
12.8031
12.8029
12.8028
12.8027
12.8026
12.8015
12.8084
12.7175
12.7975
12.7974
12.7987
12.7990
12.7997
12.8000
12.8002
12.8013
12.8358
12.8612
12.8105
12.8033
12.7827
12.8014
12.8023
12.7957
12.7854
12.8109
12.8098
12.8036
12.7991
12.7852
12.7990
12.8031
12.8210
12.8010
12.8097
12.8011
12.8058
12.7983
12.7975
12.7942
12.7931
12.7854
12.7935
12.7934
12.7916
12.7469
12.7127
12.8107
12.7703
12.8066
12.7546
12.8439
12.7606
12.7693
12.7895
12.7712
12.8172
12.8252
12.7945
12.7954
12.7977
12.7523
12.7972
12.7962
12.7966
12.7967
12.7971
12.7965
12.7962
12.8334
12.8441
12.8212
12.8048
12.7348
12.7984
12.7980
12.8272
12.7826
12.7518
12.7901
12.7970
12.7561
12.7992
12.7983
12.7988
12.8182
12.8001
12.8651
12.8021
12.8233
12.8023
12.8097
12.8007
12.8006
12.7693
12.7997
12.7995
12.7996
12.7997
12.7997
12.7997
12.8009
23.9453
24.5766
24.9381
13.3102
12.8275
12.7981
12.7973
12.7978
12.7950
12.7956
12.7975
12.8032
12.7982
12.8119
12.7843
23.9411
13.2855
12.7956
12.8038
12.7990
12.7977
12.8039
12.8153
