0.0803
0.0754
0.0685
0.0690
0.0694
0.0000
0.1192
0.0724
0.0711
0.0710
0.0710
0.0710
0.0710
0.0709
0.0709
0.0708
0.0707
0.0706
0.0000
0.1201
0.0724
0.0708
0.0705
0.0703
0.0701
0.0699
0.0697
0.0695
0.0694
0.0692
0.0690
0.0000
0.1169
0.0706
0.0690
0.0686
0.0684
0.0682
0.0680
0.0678
0.0675
0.0673
0.0671
0.0669
0.0000
0.1130
0.0684
0.0669
0.0665
0.0662
0.0660
0.0657
0.0655
0.0653
0.0651
0.0649
0.0646
0.0000
0.1089
0.0660
0.0645
0.2877
0.1394
0.1297
0.1273
0.1256
0.1242
0.1230
0.1220
0.1211
0.0000
0.2062
0.1225
0.2513
0.1911
0.1845
0.1818
0.1798
0.1782
0.1768
0.1755
0.1744
0.1735
0.1726
0.1718
0.3035
0.3035
0.3035
0.3035
0.3035
0.3035
0.3035
0.3035
0.2994
0.2970
0.2955
0.2939
0.2930
0.3035
0.3035
0.3035
0.3035
0.3035
0.3035
0.3035
0.3035
0.3035
0.3035
0.3035
0.3035
0.3035
0.3035
0.3035
0.3035
0.3035
0.3035
0.3035
0.3035
0.3035
0.3035
0.3035
0.3035
0.3035
0.3035
0.3035
0.3035
0.3035
0.3035
0.3035
0.3035
0.3035
0.3035
0.3035
0.3035
0.3035
0.3035
0.3035
0.3035
0.3035
0.3035
0.3035
0.3035
0.3035
0.3035
0.3035
0.3035
0.3035
0.3035
0.3035
0.3035
0.3035
0.3035
0.3035
0.3035
0.3035
0.3035
0.3035
0.3035
0.3035
0.3035
0.3035
0.3035
0.3035
0.3035
0.3035
0.3035
0.3035
0.3035
0.3035
0.3035
0.3035
0.3035
0.3035
0.3035
0.3035
0.3035
0.3035
0.3035
0.3035
0.3035
0.3035
0.3035
0.3035
0.3035
0.3035
0.3035
0.3035
0.3035
0.3035
0.3035
0.3035
0.3035
0.3035
0.3035
0.3035
0.3035
0.3035
0.3035
0.3035
0.3035
0.3035
0.3035
0.3035
0.3035
0.3035
0.3035
0.3035
0.3035
0.3035
0.3035
0.3035
0.3035
0.3035
0.3035
0.3035
0.3035
0.3035
0.3035
0.3035
0.3035
0.3035
0.3035
0.3035
0.3035
0.3035
0.3035
0.3035
0.3035
0.3035
0.3035
0.3035
0.3035
0.3035
0.3035
0.3035
0.3035
0.3035
0.3035
0.3035
0.3035
0.3035
0.3035
0.3035
0.3035
0.3035
0.3027
0.3025
0.3017
0.3035
0.3035
0.2994
0.2979
0.3011
0.2961
0.2778
0.2772
0.2768
0.2765
0.2753
0.2756
0.2750
0.2744
0.2738
0.2732
0.2726
0.0000
0.0000
0.0000
0.0607
0.0607
0.0607
0.0607
0.0607
0.0607
0.0607
0.0607
0.0607
0.0607
0.0607
0.0607
0.0000
0.1002
0.0658
0.0658
0.0667
0.0676
0.0685
0.0724
0.0734
0.0686
0.0617
0.0623
0.0628
0.0000
0.1074
0.0658
0.0647
0.0647
0.0648
0.0648
0.0649
0.0648
0.0648
0.0648
0.0647
0.0646
0.0000
0.1094
0.0664
0.0650
0.0648
0.0646
0.0644
0.0643
0.0642
0.0640
0.0639
0.0638
0.0636
0.0000
0.1074
0.0652
0.0639
0.0636
0.0634
0.0633
0.0631
0.0630
0.0629
0.0628
0.0626
0.0625
0.0000
0.1054
0.0641
0.0628
0.0626
0.0624
0.0623
0.0621
0.0620
0.0619
0.0618
0.0616
0.0615
0.0000
0.1036
0.0631
0.0618
0.2874
0.1360
0.1269
0.1248
0.1233
0.1221
0.1211
0.1202
0.1195
0.0000
0.2057
0.1206
0.2514
0.1899
0.1837
0.1813
0.1795
0.1781
0.1768
0.1757
0.1748
0.1739
0.1732
0.1724
0.3035
0.3035
0.3035
0.3035
0.3035
0.3035
0.3035
0.3035
0.2999
0.2977
0.2959
0.2943
0.2934
0.3035
0.3035
0.3035
0.3035
0.3035
0.3035
0.3035
0.3035
0.3035
0.3035
0.3035
0.3035
0.3035
0.3035
0.3035
0.3035
0.3035
0.3035
0.3035
0.3035
0.3035
0.3035
0.3035
0.3035
0.3035
0.3035
0.3035
0.3035
0.3035
0.3035
0.3035
0.3035
0.3035
0.3035
0.3035
0.3035
0.3035
0.3035
0.3035
0.3035
0.3035
0.3035
0.3035
0.3035
0.3035
0.3035
0.3035
0.3035
0.3035
0.3035
0.3035
0.3035
0.3035
0.3035
0.3035
0.3035
0.3035
0.3035
0.3035
0.3035
0.3035
0.3035
0.3035
0.3035
0.3035
0.3035
0.3035
0.3035
0.3035
0.3035
0.3035
0.3035
0.3035
0.3035
0.3035
0.3035
0.3035
0.3035
0.3035
0.3035
0.3035
0.3035
0.3035
0.3035
0.3035
0.3035
0.3035
0.3035
0.3035
0.3035
0.3035
0.3035
0.3035
0.3035
0.3035
0.3035
0.3035
0.3035
0.3035
0.3035
0.3035
0.3035
0.3035
0.3035
0.3035
0.3035
0.3035
0.3035
0.3035
0.3035
0.3035
0.3035
0.3035
0.3035
0.3035
0.3035
0.3035
0.3035
0.3035
0.3035
0.3035
0.3035
0.3035
0.3035
0.3035
0.3035
0.3035
0.3035
0.3035
0.3035
0.3035
0.3035
0.3035
0.3035
0.3035
0.3035
0.3035
0.3035
0.3035
0.3035
0.3035
0.3035
0.3035
0.3035
0.3035
0.3035
0.3035
0.3035
0.3035
0.3035
0.3035
0.3035
0.3035
0.3035
0.3035
0.3035
0.3035
0.3035
0.3035
0.3035
0.3033
0.3009
0.2998
0.2990
0.2984
0.2977
0.2969
0.0000
0.0000
0.0000
0.0607
0.0607
0.0607
0.0607
0.0607
0.0607
0.0681
0.0734
0.0723
0.0738
0.0750
0.0763
0.0000
0.1315
0.0821
0.0812
0.0819
0.0827
0.0892
0.0843
0.0849
0.0828
0.0761
0.0767
0.0771
0.0000
0.1342
0.0805
0.0789
0.0790
0.0791
0.0792
0.0792
0.0793
0.0793
0.0794
0.0794
0.0794
0.0000
0.1377
0.0820
0.0801
0.0799
0.0798
0.0798
0.0797
0.0797
0.0797
0.0796
0.0796
0.0795
0.0000
0.1377
0.0819
0.0800
0.0798
0.0796
0.0795
0.0795
0.0794
0.0793
0.0792
0.0792
0.0791
0.0000
0.1367
0.0814
0.0795
0.0792
0.0791
0.0790
0.0789
0.0788
0.0787
0.0786
0.0785
0.0784
0.0000
0.1352
0.0806
0.0787
0.2961
0.1589
0.1492
0.1465
0.1447
0.1431
0.1419
0.1407
0.1398
0.0000
0.2207
0.1421
0.2747
0.2160
0.2088
0.2058
0.2036
0.2018
0.1998
0.1988
0.1975
0.1964
0.1953
0.1943
0.3035
0.3035
0.3035
0.3035
0.3035
0.3035
0.3035
0.3035
0.3035
0.3035
0.3035
0.3035
0.3035
0.3035
0.3035
0.3035
0.3035
0.3035
0.3035
0.3035
0.3035
0.3035
0.3035
0.3035
0.3035
0.3035
0.3035
0.3035
0.3035
0.3035
0.3035
0.3035
0.3035
0.3035
0.3035
0.3035
0.3035
0.3035
0.3035
0.3035
0.3035
0.3035
0.3035
0.3035
0.3035
0.3035
0.3035
0.3035
0.3035
0.3035
0.3035
0.3035
0.3035
0.3035
0.3035
0.3035
0.3035
0.3035
0.3035
0.3035
0.3035
0.3035
0.3035
0.3035
0.3035
0.3035
0.3035
0.3035
0.3035
0.3035
0.3035
0.3035
0.3035
0.3035
0.3035
0.3035
0.3035
0.3035
0.3035
0.3035
0.3035
0.3035
0.3035
0.3035
0.3035
0.3035
0.3035
0.3035
0.3035
0.3035
0.3035
0.3035
0.3035
0.3035
0.3035
0.3035
0.3035
0.3035
0.3035
0.3035
0.3035
0.3035
0.3035
0.3035
0.3035
0.3035
0.3035
0.3035
0.3035
0.3035
0.3035
0.3035
0.3035
0.3035
0.3035
0.3035
0.3035
0.3035
0.3035
0.3035
0.3035
0.3035
0.3035
0.3035
0.3035
0.3035
0.3035
0.3035
0.3035
0.3035
0.3035
0.3035
0.3035
0.3035
0.3035
0.3035
0.3035
0.3035
0.3035
0.3035
0.3035
0.3035
0.3035
0.3035
0.3035
0.3035
0.3035
0.3035
0.3035
0.3035
0.3035
0.3035
0.3035
0.3035
0.3035
0.3035
0.3035
0.3035
0.3035
0.3035
0.3035
0.3035
0.3035
0.3035
0.3035
0.3035
0.3035
0.3035
0.3035
0.3035
0.3035
0.3035
0.3035
0.3035
0.3035
0.3035
0.3035
0.3035
0.3035
0.3035
0.0000
0.0000
0.0000
0.0607
0.0607
0.0607
0.0607
0.0665
0.0725
0.0747
0.0767
0.0784
0.0829
0.0812
0.0823
0.0000
0.1434
0.0882
0.0872
0.0879
0.0886
0.1037
0.0929
0.0965
0.0884
0.0817
0.0821
0.0825
0.0000
0.1460
0.0859
0.0840
0.0841
0.0842
0.0843
0.0843
0.0844
0.0844
0.0844
0.0845
0.0845
0.0000
0.1494
0.0870
0.0849
0.0848
0.0847
0.0846
0.0846
0.0845
0.0845
0.0844
0.0844
0.0843
0.0000
0.1484
0.0867
0.0845
0.0843
0.0842
0.0841
0.0840
0.0840
0.0839
0.0838
0.0837
0.0836
0.0000
0.1466
0.0859
0.0838
0.0835
0.0834
0.0833
0.0832
0.0830
0.0829
0.0828
0.0827
0.0826
0.0000
0.1440
0.0848
0.0826
0.2965
0.1658
0.1556
0.1529
0.1508
0.1492
0.1478
0.1465
0.1454
0.0000
0.2263
0.1477
0.2811
0.2229
0.2153
0.2121
0.2097
0.2077
0.2060
0.2046
0.2034
0.2022
0.2012
0.2002
0.3035
0.3035
0.3035
0.3035
0.3035
0.3035
0.3035
0.3035
0.3035
0.3035
0.3035
0.3035
0.3035
0.3035
0.3035
0.3035
0.3035
0.3035
0.3035
0.3035
0.3035
0.3035
0.3035
0.3035
0.3035
0.3035
0.3035
0.3035
0.3035
0.3035
0.3035
0.3035
0.3035
0.3035
0.3035
0.3035
0.3035
0.3035
0.3035
0.3035
0.3035
0.3035
0.3035
0.3035
0.3035
0.3035
0.3035
0.3035
0.3035
0.3035
0.3035
0.3035
0.3035
0.3035
0.3035
0.3035
0.3035
0.3035
0.3035
0.3035
0.3035
0.3035
0.3035
0.3035
0.3035
0.3035
0.3035
0.3035
0.3035
0.3035
0.3035
0.3035
0.3035
0.3035
0.3035
0.3035
0.3035
0.3035
0.3035
0.3035
0.3035
0.3035
0.3035
0.3035
0.3035
0.3035
0.3035
0.3035
0.3035
0.3035
0.3035
0.3035
0.3035
0.3035
0.3035
0.3035
0.3035
0.3035
0.3035
0.3035
0.3035
0.3035
0.3035
0.3035
0.3035
0.3035
0.3035
0.3035
0.3035
0.3035
0.3035
0.3035
0.3035
0.3035
0.3035
0.3035
0.3035
0.3035
0.3035
0.3035
0.3035
0.3035
0.3035
0.3035
0.3035
0.3035
0.3035
0.3035
0.3035
0.3035
0.3035
0.3035
0.3035
0.3035
0.3035
0.3035
0.3035
0.3035
0.3035
0.3035
0.3035
0.3035
0.3035
0.3035
0.3035
0.3035
0.3035
0.3035
0.3035
0.3035
0.3035
0.3035
0.3035
0.3035
0.3035
0.3035
0.3035
0.3035
0.3035
0.3035
0.3035
0.3035
0.3035
0.3035
0.3035
0.3035
0.3035
0.3035
0.3035
0.3035
0.3035
0.3035
0.3035
0.3035
0.3035
0.3035
0.3035
0.3035
0.3035
0.3035
0.0000
0.0000
0.0000
0.0607
0.0607
0.0607
0.0672
0.0735
0.0759
0.0778
0.0794
0.0837
0.0850
0.0860
0.0843
0.0000
0.1472
0.0900
0.0890
0.0896
0.0902
0.0908
0.0914
0.0978
0.0897
0.0827
0.0831
0.0834
0.0000
0.1485
0.0865
0.0847
0.0847
0.0848
0.0848
0.0849
0.0849
0.0850
0.0850
0.0850
0.0850
0.0000
0.1505
0.0874
0.0853
0.0852
0.0851
0.0850
0.0849
0.0849
0.0848
0.0847
0.0846
0.0845
0.0000
0.1487
0.0869
0.0847
0.0845
0.0844
0.0843
0.0842
0.0841
0.0840
0.0838
0.0837
0.0836
0.0000
0.1464
0.0860
0.0838
0.0835
0.0834
0.0833
0.0831
0.0830
0.0829
0.0828
0.0826
0.0825
0.0000
0.1436
0.0848
0.0826
0.2969
0.1658
0.1556
0.1529
0.1509
0.1492
0.1477
0.1465
0.1454
0.0000
0.2262
0.1478
0.2821
0.2235
0.2163
0.2132
0.2110
0.2093
0.2078
0.2065
0.2053
0.2042
0.2032
0.2023
0.3035
0.3035
0.3035
0.3035
0.3035
0.3035
0.3035
0.3035
0.3035
0.3035
0.3035
0.3035
0.3035
0.3035
0.3035
0.3035
0.3035
0.3035
0.3035
0.3035
0.3035
0.3035
0.3035
0.3035
0.3035
0.3035
0.3035
0.3035
0.3035
0.3035
0.3035
0.3035
0.3035
0.3035
0.3035
0.3035
0.3035
0.3035
0.3024
0.3010
0.3008
0.3011
0.3011
0.3007
0.3002
0.2997
0.2992
0.2987
0.2983
0.3035
0.3035
0.3035
0.3035
0.3035
0.3035
0.3035
0.3035
0.3035
0.3035
0.3035
0.3035
0.3003
0.2988
0.2984
0.2980
0.2987
0.2992
0.2991
0.2988
0.2985
0.2981
0.2978
0.2975
0.2955
0.2962
0.2966
0.2964
0.2961
0.2957
0.2954
0.2950
0.2947
0.2944
0.2951
0.2955
0.2875
0.2874
0.2872
0.2869
0.2867
0.2864
0.2862
0.2859
0.2859
0.2864
0.2867
0.2865
0.2824
0.2823
0.2821
0.2819
0.2817
0.2815
0.2813
0.2811
0.2809
0.2810
0.2815
0.2816
0.2834
0.2832
0.2829
0.2827
0.2825
0.2823
0.2821
0.2819
0.2818
0.2816
0.2821
0.0607
0.0607
0.0607
0.0607
0.0607
0.0607
0.0607
0.0607
0.0607
0.0607
0.0607
0.0607
0.0000
0.0967
0.0671
0.0678
0.0693
0.0707
0.0719
0.0730
0.0741
0.0750
0.0761
0.0771
0.0780
0.0000
0.1172
0.0721
0.0712
0.0716
0.0721
0.0726
0.0730
0.0734
0.0738
0.0742
0.0746
0.0749
0.0000
0.1294
0.0783
0.0768
0.0769
0.0771
0.0773
0.0775
0.0777
0.0779
0.0781
0.0783
0.0785
0.0000
0.1360
0.0814
0.0797
0.0797
0.0798
0.0799
0.0800
0.0801
0.0801
0.0802
0.0803
0.0804
0.0000
0.1396
0.0831
0.0813
0.0812
0.0812
0.0812
0.0813
0.0813
0.0813
0.0814
0.0814
0.0814
0.0000
0.1416
0.0840
0.0821
0.0820
0.0819
0.0819
0.0819
0.0818
0.0818
0.0818
0.0818
0.0818
0.0000
0.1422
0.0843
0.0823
0.0821
0.0821
0.0820
0.0819
0.0819
0.0818
0.0818
0.0817
0.0817
0.0000
0.1418
0.0841
0.0821
0.0819
0.0818
0.0817
0.0816
0.0815
0.0814
0.0813
0.0812
0.0811
0.0000
0.1406
0.0835
0.0815
0.0812
0.0811
0.0810
0.0808
0.0807
0.0806
0.0805
0.0804
0.0803
0.0000
0.1387
0.0825
0.0805
0.0803
0.0801
0.0799
0.0798
0.0797
0.0795
0.0794
0.0793
0.0791
0.0000
0.1362
0.0813
0.0793
0.0790
0.0788
0.0786
0.0785
0.0784
0.0782
0.0781
0.0779
0.0778
0.0000
0.1339
0.0863
0.0846
0.0846
0.0848
0.0849
0.0851
0.0852
0.0853
0.0854
0.0855
0.0856
0.0000
0.1480
0.0887
0.0866
0.0866
0.0866
0.0866
0.0867
0.0868
0.0869
0.0870
0.0871
0.0872
0.0000
0.1514
0.0905
0.0884
0.0884
0.0884
0.0885
0.0886
0.0887
0.0889
0.0890
0.0892
0.0893
0.0000
0.1556
0.0926
0.0904
0.0904
0.0905
0.0906
0.0907
0.0909
0.0910
0.0912
0.0913
0.0915
0.0000
0.1614
0.0945
0.0926
0.0926
0.0927
0.0928
0.0930
0.0931
0.0932
0.0962
0.0963
0.0965
0.0000
0.1722
0.0996
0.0976
0.0979
0.0981
0.0983
0.0984
0.0985
0.0987
0.0988
0.0989
0.0990
0.0000
0.1783
0.1023
0.1001
0.1001
0.1002
0.1003
0.1004
0.1048
0.1049
0.1050
0.1050
0.1051
0.0000
0.1903
0.1084
0.1059
0.1062
0.1065
0.1066
0.1023
0.1024
0.1025
0.1026
0.1027
0.1028
0.0000
0.1874
0.1061
0.1038
0.1038
0.1039
0.1011
0.1013
0.1015
0.1016
0.1018
0.1020
0.1021
0.0000
0.1852
0.1056
0.1033
0.1033
0.1034
0.1036
0.1037
0.1039
0.1040
0.1041
0.1042
0.1043
0.0000
0.1879
0.1078
0.1056
0.1055
0.1056
0.1057
0.1057
0.1058
0.1059
0.1059
0.1060
0.1060
0.0000
0.1898
0.1092
0.1009
0.1008
0.1008
0.1008
0.1008
0.1008
0.1008
0.1008
0.1007
0.1007
0.0000
0.1801
0.1035
0.1011
0.1009
0.1008
0.1008
0.1007
0.1006
0.1005
0.1005
0.1004
0.1003
0.0000
0.1793
0.1029
0.1004
0.1002
0.1001
0.1000
0.0998
0.0997
0.0996
0.0995
0.0994
0.0993
0.0000
0.1778
0.1018
0.0993
0.0990
0.0989
0.0987
0.0986
0.0984
0.0983
0.0982
0.0980
0.0979
0.0000
0.1758
0.1003
0.0978
0.0975
0.0973
0.0972
0.0970
0.0968
0.0967
0.0965
0.0963
0.0962
0.0000
0.1731
0.0985
0.0960
0.0957
0.0955
0.0953
0.0951
0.0949
0.0947
0.0945
0.0944
0.0942
0.0000
0.1699
0.0965
0.0939
0.0936
0.0934
0.0932
0.0930
0.0928
0.0927
0.0925
0.0923
0.0921
0.0000
0.1664
0.0943
0.0918
0.0915
0.0913
0.0911
0.0909
0.0907
0.0906
0.0904
0.0902
0.0901
0.0000
0.1633
0.0923
0.0898
0.0896
0.0894
0.0893
0.0892
0.0890
0.0889
0.0888
0.0886
0.0884
0.0000
0.1585
0.0907
0.0881
0.0878
0.0876
0.0873
0.0871
0.0869
0.0867
0.0864
0.0862
0.0859
0.0000
0.1513
0.0879
0.0855
0.2960
0.1736
0.1628
0.1595
0.1571
0.1551
0.1534
0.1518
0.1504
0.0000
0.2336
0.1522
0.2856
0.2278
0.2199
0.2164
0.2139
0.2117
0.2098
0.2082
0.2068
0.2054
0.2043
0.2032
0.3035
0.3035
0.3035
0.3035
0.3035
0.3035
0.3035
0.3035
0.3035
0.3035
0.3035
0.3035
0.3035
0.3035
0.3035
0.3035
0.3035
0.3035
0.3035
0.3035
0.3035
0.3035
0.3035
0.3035
0.3035
0.3035
0.3035
0.3035
0.3035
0.3035
0.3035
0.3035
0.3035
0.3035
0.3035
0.3035
0.3035
0.3035
0.3035
0.3035
0.3035
0.3035
0.3035
0.3035
0.3035
0.3035
0.3035
0.3035
0.3035
0.3035
0.3035
0.3035
0.3035
0.3035
0.3035
0.3035
0.3035
0.3035
0.3035
0.3035
0.3035
0.3035
0.3035
0.3035
0.3035
0.3035
0.3035
0.3035
0.3035
0.3035
0.3035
0.3035
0.3035
0.3035
0.3035
0.3035
0.3035
0.3035
0.3035
0.3035
0.3035
0.3035
0.3035
0.3035
0.3035
0.3035
0.3035
0.3035
0.3035
0.3035
0.3035
0.3035
0.3035
0.3035
0.3035
0.3035
0.3035
0.3035
0.3035
0.3035
0.3035
0.3035
0.3035
0.3035
0.3035
0.3035
0.3035
0.3035
0.3035
0.3035
0.3035
0.3035
0.3035
0.3035
0.3035
0.3035
0.3035
0.3035
0.3035
0.3035
0.3035
0.3035
0.3035
0.3035
0.3035
0.3035
0.3035
0.3035
0.3035
0.3035
0.3035
0.3035
0.3035
0.3035
0.3035
0.3035
0.3035
0.3035
0.3035
0.3035
0.3035
0.3035
0.3035
0.3035
0.3035
0.3035
0.3035
0.3035
0.3035
0.3035
0.3035
0.3035
0.3035
0.3035
0.3035
0.3035
0.3035
0.3035
0.3035
0.3035
0.3035
0.3035
0.3035
0.3035
0.3035
0.3035
0.3035
0.3035
0.3035
0.3035
0.3035
0.3035
0.3035
0.3035
0.3035
0.3035
0.3035
0.3035
0.3035
0.3035
0.0000
0.0000
0.0000
0.0607
0.0730
0.0787
0.0814
0.0836
0.0853
0.0868
0.0880
0.0891
0.0929
0.0909
0.0915
0.0000
0.1632
0.0958
0.0944
0.0948
0.0953
0.0959
0.0993
0.1026
0.3035
0.3035
0.3035
0.3035
0.0000
0.3035
0.3035
0.3035
0.3035
0.3035
0.3035
0.3035
0.3035
0.3035
0.3035
0.3035
0.3035
0.0000
0.3035
0.3035
0.3035
0.3035
0.3035
0.3035
0.3035
0.3035
0.3035
0.3035
0.3035
0.3035
0.0000
0.3035
0.3035
0.3035
0.3035
0.3035
0.3035
0.3035
0.3035
0.3035
0.3035
0.3035
0.3035
0.0000
0.3035
0.3035
0.3035
0.3035
0.3035
0.3035
0.3035
0.3035
0.3035
0.3035
0.3035
0.3035
0.0000
0.3035
0.3035
0.3035
0.3035
0.3035
0.3035
0.3035
0.3035
0.3035
0.3035
0.3035
0.3035
0.0000
0.3035
0.3035
0.3035
0.3035
0.3035
0.3035
0.3035
0.3035
0.3035
0.3035
0.3035
0.3035
0.3035
0.3035
0.3035
0.2016
0.0607
0.0607
0.0607
0.0607
0.0607
0.0607
0.0607
0.0607
0.0607
0.0607
0.0607
0.0607
0.0607
0.0607
0.0607
0.0607
0.0607
0.0607
0.0607
0.0607
0.0607
0.0607
0.0607
0.0607
0.0607
0.0607
0.0607
0.0607
0.0607
0.0607
0.0607
0.0607
0.0607
0.0607
0.0607
0.0607
0.0607
0.0607
0.0607
0.0607
0.0607
0.0607
0.0607
0.0607
0.0607
0.0607
0.0607
0.0607
0.0607
0.0607
0.0607
0.0607
0.0607
0.0607
0.0607
0.0607
0.0607
0.0607
0.0607
0.0607
0.0607
0.0607
0.0607
0.0607
0.0607
0.0607
0.0607
0.0607
0.0607
0.0607
0.0607
0.0607
0.0607
0.0607
0.0607
0.0607
0.0607
0.0607
0.0607
0.0607
0.0607
0.0607
0.0607
0.0607
0.0607
0.0607
0.0607
0.0607
0.0607
0.0607
0.0607
0.0607
0.0607
0.0607
0.0607
0.0607
0.0607
0.0607
0.0607
0.0607
0.0607
0.0607
0.0607
0.0607
0.0607
0.0607
0.0607
0.0607
0.0607
0.0607
0.0607
0.0607
0.0607
0.0607
0.0607
0.0607
0.0607
0.0607
0.0611
0.0607
0.0607
0.0607
0.0607
0.0607
0.0607
0.0607
0.0607
0.0607
0.0607
0.0607
0.0607
0.0607
0.0607
0.0607
0.0607
0.0607
0.0607
0.0607
0.0607
0.0607
0.0607
0.0607
0.0607
0.0607
0.0607
0.0607
0.0607
0.0607
0.0607
0.0607
0.0607
0.0607
0.0607
0.0607
0.0607
0.0607
0.0607
0.0607
0.0607
0.0607
0.0607
0.0607
0.0607
0.0607
0.0607
0.0607
0.0607
0.0607
0.0607
0.0607
0.0607
0.0607
0.0607
0.0607
0.0607
0.0607
0.0607
0.0607
0.3035
0.3035
0.3035
0.3035
0.3035
0.3035
0.3035
0.3035
0.3035
0.3035
0.3035
0.3035
0.0000
0.3035
0.3035
0.3035
0.3035
0.3035
0.3035
0.3035
0.3035
0.3035
0.3035
0.3035
0.3035
0.0000
0.3035
0.3035
0.3035
0.3035
0.3035
0.3035
0.3035
0.3035
0.3035
0.3035
0.3035
0.3035
0.0000
0.3035
0.3035
0.3035
0.3035
0.3035
0.3035
0.3035
0.3035
0.3035
0.3035
0.3035
0.3035
0.0000
0.3035
0.3035
0.3035
0.3035
0.3035
0.3035
0.3035
0.3035
0.3035
0.3035
0.3035
0.3035
0.0000
0.3035
0.3035
0.3035
0.3035
0.3035
0.3035
0.3035
0.3035
0.3035
0.3035
0.3035
0.3035
0.0000
0.3035
0.3035
0.3035
0.3035
0.3035
0.3035
0.3035
0.3035
0.3035
0.3035
0.3035
0.3035
0.0000
0.3035
0.3035
0.3035
0.3035
0.3035
0.3035
0.3035
0.3035
0.3035
0.3035
0.3035
0.3035
0.3035
0.3035
0.3035
0.3035
0.3035
0.3035
0.0699
0.0607
0.0607
0.0607
0.0607
0.0607
0.0607
0.0607
0.0607
0.0607
0.0607
0.0607
0.0607
0.0607
0.0607
0.0607
0.0607
0.0607
0.0607
0.0607
0.0607
0.0607
0.0607
0.0607
0.0607
0.0607
0.0607
0.0607
0.0607
0.0607
0.0607
0.0607
0.0607
0.0607
0.0607
0.0607
0.0607
0.0607
0.0607
0.0607
0.0607
0.0607
0.0607
0.0607
0.0607
0.0607
0.0607
0.0607
0.0607
0.0607
0.0607
0.0607
0.0607
0.0607
0.0607
0.0607
0.0607
0.0607
0.0607
0.0607
0.0607
0.0607
0.0607
0.0607
0.0607
0.0607
0.0607
0.0607
0.0607
0.0607
0.0607
0.0607
0.0607
0.0607
0.0607
0.0607
0.0607
0.0607
0.0607
0.0607
0.0607
0.0607
0.0607
0.0607
0.0607
0.0607
0.0607
0.0607
0.0607
0.0607
0.0607
0.0607
0.0607
0.0607
0.0607
0.0607
0.0607
0.0607
0.0607
0.0607
0.0607
0.0607
0.0607
0.0607
0.0607
0.0607
0.0641
0.0644
0.0780
0.0809
0.0798
0.0805
0.0825
0.0839
0.0843
0.0848
0.0867
0.0931
0.0902
0.0922
0.0767
0.0732
0.0789
0.0796
0.0753
0.0758
0.0770
0.0783
0.0808
0.0797
0.0800
0.0817
0.0756
0.0766
0.0825
0.0780
0.0781
0.0781
0.0781
0.0780
0.0779
0.0782
0.0787
0.0787
0.0721
0.0718
0.0716
0.0713
0.0710
0.0707
0.0705
0.0703
0.0706
0.0708
0.0707
0.0706
0.0726
0.0725
0.0724
0.0723
0.0721
0.0720
0.0721
0.0726
0.0728
0.0727
0.0725
0.0723
0.0626
0.0625
0.0625
0.0626
0.0626
0.0626
0.0627
0.0628
0.0629
0.0630
0.0632
0.3035
0.3035
0.3035
0.3035
0.3035
0.3035
0.3035
0.3035
0.3035
0.3035
0.3035
0.3035
0.0000
0.3035
0.3035
0.3035
0.3035
0.3035
0.3035
0.3035
0.3035
0.3035
0.3035
0.3035
0.0721
0.0000
0.2601
0.1801
0.1745
0.1733
0.1724
0.1716
0.1708
0.1701
0.1693
0.1686
0.1679
0.1672
0.0000
0.2548
0.1723
0.1668
0.1656
0.1647
0.1639
0.1632
0.1625
0.1618
0.1612
0.1605
0.1598
0.0000
0.2449
0.1643
0.1592
0.1580
0.1572
0.1564
0.1556
0.1549
0.1542
0.1535
0.1528
0.1521
0.0000
0.2346
0.1560
0.1513
0.1501
0.1492
0.1484
0.1477
0.1470
0.1463
0.1456
0.1449
0.1442
0.0000
0.2238
0.1476
0.1431
0.1420
0.1411
0.1404
0.3035
0.3008
0.2575
0.2492
0.2444
0.2405
0.0000
0.3035
0.2642
0.2355
0.2306
0.2278
0.3035
0.3035
0.3035
0.3035
0.3035
0.3004
0.2945
0.2911
0.2882
0.2856
0.2832
0.2810
0.3035
0.3035
0.3035
0.3035
0.3035
0.3035
0.3035
0.3035
0.3035
0.3035
0.3035
0.3035
0.3035
0.3035
0.3035
0.3035
0.3035
0.3035
0.3035
0.3035
0.3035
0.3035
0.3035
0.3035
0.3035
0.3035
0.3035
0.3035
0.3035
0.3035
0.3035
0.3035
0.3035
0.3035
0.3035
0.3035
0.3035
0.3035
0.3035
0.3035
0.3035
0.3035
0.3035
0.3035
0.3035
0.3035
0.3035
0.3035
0.3035
0.3035
0.3035
0.3035
0.3035
0.3035
0.3035
0.3035
0.3035
0.3035
0.3035
0.3035
0.3035
0.3035
0.3035
0.3035
0.3035
0.3035
0.3035
0.3035
0.3035
0.3035
0.3035
0.3035
0.3035
0.3035
0.3035
0.3035
0.3035
0.3035
0.3035
0.3035
0.3035
0.3035
0.3035
0.3035
0.3035
0.3035
0.3035
0.3035
0.3035
0.3035
0.3035
0.3035
0.3035
0.3035
0.3035
0.3035
0.3035
0.3035
0.3035
0.3035
0.3035
0.3035
0.3035
0.3035
0.3035
0.3035
0.3035
0.3035
0.3035
0.3035
0.3035
0.3035
0.3035
0.3035
0.3035
0.3035
0.3035
0.3035
0.3035
0.3035
0.3035
0.3035
0.3035
0.3035
0.3035
0.3035
0.3035
0.3035
0.3035
0.3035
0.3035
0.3035
0.3035
0.3035
0.3035
0.3035
0.3035
0.3035
0.3035
0.3035
0.3035
0.3035
0.3035
0.3035
0.3035
0.3035
0.3035
0.3035
0.3035
0.3035
0.3035
0.3035
0.3035
0.3035
0.3035
0.3035
0.3035
0.3035
0.3035
0.3035
0.3035
0.3035
0.3035
0.3035
0.3035
0.3035
0.3035
0.3035
0.3035
0.3035
0.3035
0.3035
0.3035
0.3035
0.3035
0.3035
0.3035
0.3035
0.3035
0.3035
0.0000
0.0000
0.0607
0.0607
0.0728
0.0870
0.0888
0.0905
0.0918
0.0931
0.0941
0.0949
0.0958
0.0993
0.0000
0.1744
0.1013
0.0997
0.1000
0.1004
0.1008
0.1040
0.1044
0.1135
0.0997
0.0926
0.0929
0.0000
0.1695
0.0964
0.0940
0.0939
0.0940
0.0940
0.0940
0.0939
0.0939
0.0939
0.0938
0.0937
0.0000
0.1712
0.0964
0.0938
0.0936
0.0934
0.0933
0.0932
0.0931
0.0930
0.0929
0.0928
0.0927
0.0000
0.1693
0.0953
0.0926
0.0924
0.0923
0.0922
0.0920
0.0919
0.0918
0.0917
0.0916
0.0915
0.0000
0.1669
0.0940
0.0914
0.0912
0.0911
0.0909
0.0908
0.0907
0.0906
0.0905
0.0904
0.0902
0.0000
0.1641
0.0926
0.0902
0.0900
0.2952
0.1843
0.1732
0.1699
0.1674
0.1654
0.1636
0.1621
0.0000
0.2497
0.1647
0.1593
0.2977
0.2409
0.2328
0.2293
0.2266
0.2244
0.2225
0.2208
0.2193
0.2180
0.2168
0.2157
0.3035
0.3035
0.3035
0.3035
0.3035
0.3035
0.3035
0.3035
0.3035
0.3035
0.3035
0.3035
0.3035
0.3035
0.3035
0.3035
0.3035
0.3035
0.3035
0.3035
0.3035
0.3035
0.3035
0.3035
0.3035
0.3035
0.3035
0.3035
0.3035
0.3035
0.3035
0.3035
0.3035
0.3035
0.3035
0.3035
0.3035
0.3035
0.3035
0.3035
0.3035
0.3035
0.3035
0.3035
0.3035
0.3035
0.3035
0.3035
0.3035
0.3035
0.3035
0.3035
0.3035
0.3035
0.3035
0.3035
0.3035
0.3035
0.3035
0.3035
0.3035
0.3035
0.3035
0.3035
0.3035
0.3035
0.3035
0.3035
0.3035
0.3035
0.3035
0.3035
0.3035
0.3035
0.3035
0.3035
0.3035
0.3035
0.3035
0.3035
0.3035
0.3035
0.3035
0.3035
0.3035
0.3035
0.3035
0.3035
0.3035
0.3035
0.3035
0.3035
0.3035
0.3035
0.3035
0.3035
0.3035
0.3035
0.3035
0.3035
0.3035
0.3035
0.3035
0.3035
0.3035
0.3035
0.3035
0.3035
0.3035
0.3035
0.3035
0.3035
0.3035
0.3035
0.3035
0.3035
0.3035
0.3035
0.3035
0.3035
0.3035
0.3035
0.3035
0.3035
0.3035
0.3035
0.3035
0.3035
0.3035
0.3035
0.3035
0.3035
0.3035
0.3035
0.3035
0.3035
0.3035
0.3035
0.3035
0.3035
0.3035
0.3035
0.3035
0.3035
0.3035
0.3035
0.3035
0.3035
0.3035
0.3035
0.3035
0.3035
0.3035
0.3035
0.3035
0.3035
0.3035
0.3035
0.3035
0.3035
0.3035
0.3035
0.3035
0.3035
0.3035
0.3035
0.3035
0.3035
0.3035
0.3035
0.3035
0.3035
0.3035
0.3035
0.3035
0.3035
0.3035
0.3035
0.3035
0.3035
0.3035
0.3035
0.3035
0.3035
0.3035
0.3035
0.3035
0.3035
0.3035
0.3035
0.3035
0.3035
0.0000
0.3035
0.3035
0.3035
0.3035
0.3035
0.3035
0.3035
0.3035
0.3035
0.3035
0.3035
0.3035
0.0000
0.3035
0.3035
0.3035
0.3035
0.3035
0.3035
0.3035
0.3035
0.3035
0.3035
0.3035
0.3035
0.0000
0.3035
0.3035
0.3035
0.3035
0.3035
0.3035
0.3035
0.3035
0.3035
0.3035
0.3035
0.3035
0.0000
0.3035
0.3035
0.3035
0.3035
0.3035
0.3035
0.3035
0.3035
0.3035
0.3035
0.3035
0.3035
0.0000
0.3035
0.3035
0.3035
0.3035
0.3035
0.3035
0.3035
0.3035
0.3035
0.3035
0.3035
0.3035
0.0000
0.3035
0.3035
0.3035
0.3035
0.3035
0.3035
0.3035
0.3035
0.3035
0.3035
0.3035
0.3035
0.0000
0.3035
0.3035
0.3035
0.3035
0.3035
0.3035
0.3035
0.3035
0.3035
0.3035
0.3035
0.3035
0.3035
0.3035
0.3035
0.3035
0.3035
0.3035
0.3035
0.3035
0.3035
0.3035
0.3035
0.3035
0.3035
0.3035
0.3035
0.3035
0.3035
0.3035
0.3035
0.3035
0.3035
0.3035
0.3035
0.3035
0.3035
0.3035
0.3035
0.3035
0.3035
0.3035
0.3035
0.3035
0.3035
0.3035
0.3035
0.3035
0.3035
0.3035
0.3035
0.3035
0.3035
0.3035
0.3035
0.3035
0.3035
0.3035
0.3035
0.3035
0.3035
0.3035
0.3035
0.3035
0.3035
0.3035
0.3035
0.3035
0.3035
0.3035
0.3035
0.3035
0.3035
0.3035
0.3035
0.3035
0.3035
0.3035
0.3035
0.3035
0.3035
0.3035
0.3035
0.3035
0.3035
0.3035
0.3035
0.3035
0.3035
0.3035
0.3035
0.3035
0.3035
0.3035
0.3035
0.3035
0.3035
0.3035
0.3035
0.3035
0.3035
0.3035
0.3035
0.3035
0.3035
0.3035
0.3035
0.3035
0.3035
0.3035
0.3035
0.3035
0.3035
0.3035
0.3035
0.3035
0.3035
0.3035
0.3035
0.3035
0.3035
0.3035
0.3035
0.3035
0.3035
0.3035
0.3035
0.3035
0.3035
0.3035
0.3035
0.3035
0.3035
0.3035
0.3035
0.3035
0.3035
0.3035
0.3035
0.3035
0.3035
0.3035
0.3035
0.3035
0.3035
0.3035
0.3035
0.3035
0.3035
0.0000
0.3035
0.3035
0.3035
0.3035
0.3035
0.3035
0.3035
0.3035
0.3035
0.3035
0.3035
0.3035
0.0000
0.3035
0.3035
0.3035
0.3035
0.3035
0.3035
0.3035
0.3035
0.3035
0.3035
0.3035
0.3035
0.0000
0.3035
0.3035
0.3035
0.3035
0.3035
0.3035
0.3035
0.3035
0.3035
0.3035
0.3035
0.3035
0.0000
0.3035
0.3035
0.3035
0.3035
0.3035
0.3035
0.3035
0.3035
0.3035
0.3035
0.3035
0.3035
0.0000
0.3035
0.3035
0.3035
0.3035
0.3035
0.3035
0.3035
0.3035
0.3035
0.3035
0.3035
0.3035
0.0000
0.3035
0.3035
0.3035
0.3035
0.3035
0.3035
0.3035
0.3035
0.3035
0.3035
0.3035
0.3035
0.0000
0.3035
0.3035
0.3035
0.3035
0.3035
0.3035
0.3035
0.3035
0.3035
0.3035
0.3035
0.3035
0.0000
0.3035
0.3035
0.3035
0.3035
0.3035
0.3035
0.3035
0.3035
0.3035
0.3035
0.3035
0.3035
0.0000
0.3035
0.3035
0.3035
0.3035
0.3035
0.3035
0.3035
0.3035
0.3035
0.3035
0.3035
0.3035
0.0000
0.3035
0.3035
0.3035
0.3035
0.3035
0.3035
0.3035
0.3035
0.3035
0.3035
0.3035
0.3035
0.0000
0.3035
0.3035
0.3035
0.3035
0.3035
0.3035
0.3035
0.3035
0.3035
0.3035
0.3035
0.3035
0.0000
0.3035
0.3035
0.3035
0.3035
0.3035
0.3035
0.3035
0.3035
0.3035
0.3035
0.3035
0.3035
0.0000
0.3035
0.3035
0.3035
0.3035
0.3035
0.3035
0.3035
0.3035
0.3035
0.3035
0.3035
0.3035
0.0000
0.3035
0.3035
0.3035
0.3035
0.3035
0.3035
0.3035
0.3035
0.3035
0.3035
0.3035
0.3035
0.0000
0.3035
0.3035
0.3035
0.3035
0.3035
0.3035
0.3035
0.3035
0.3035
0.3035
0.3035
0.3035
0.0000
0.3035
0.3035
0.3035
0.3035
0.3035
0.3035
0.3035
0.3035
0.3035
0.3035
0.3035
0.3035
0.0000
0.3035
0.3035
0.3035
0.3035
0.3035
0.3035
0.3035
0.3035
0.3035
0.3035
0.3035
0.3035
0.0000
0.3035
0.3035
0.3035
0.3035
0.3035
0.3035
0.3035
0.3035
0.3035
0.3035
0.3035
0.3035
0.0000
0.3035
0.3035
0.3035
0.3035
0.3035
0.3035
0.3035
0.3035
0.3035
0.3035
0.3035
0.3035
0.0000
0.3035
0.3035
0.3035
0.3035
0.3035
0.3035
0.3035
0.3035
0.3035
0.3035
0.3035
0.3035
0.0000
0.3035
0.3035
0.3035
0.3035
0.3035
0.3035
0.3035
0.3035
0.3035
0.3035
0.3035
0.3035
0.0000
0.3035
0.3035
0.3035
0.3035
0.3035
0.3035
0.3035
0.3035
0.3035
0.3035
0.3035
0.3035
0.0000
0.3035
0.3035
0.3035
0.3035
0.3035
0.3035
0.3035
0.3035
0.3035
0.3035
0.3035
0.3035
0.0000
0.3035
0.3035
0.3035
0.3035
0.3035
0.3035
0.3035
0.3035
0.3035
0.3035
0.3035
0.3035
0.0000
0.3035
0.3035
0.3035
0.3035
0.3035
0.3035
0.3035
0.3035
0.3035
0.3035
0.3035
0.3035
0.0000
0.3035
0.3035
0.3035
0.3035
0.3035
0.3035
0.3035
0.3035
0.3035
0.3035
0.3035
0.3035
0.0000
0.3035
0.3035
0.3035
0.3035
0.3035
0.3035
0.3035
0.3035
0.3035
0.3035
0.3035
0.3035
0.0000
0.3035
0.3035
0.3035
0.3035
0.3035
0.3035
0.3035
0.3035
0.3035
0.3035
0.3035
0.3035
0.0000
0.3035
0.3035
0.3035
0.3035
0.3035
0.3035
0.3035
0.3035
0.3035
0.3035
0.3035
0.3035
0.0000
0.3035
0.3035
0.3035
0.3035
0.3035
0.3035
0.3035
0.3035
0.3035
0.3035
0.3035
0.3035
0.0000
0.3035
0.3035
0.3035
0.3035
0.3035
0.3035
0.3035
0.3035
0.3035
0.3035
0.3035
0.3035
0.0000
0.3035
0.3035
0.3035
0.3035
0.3035
0.3035
0.3035
0.3035
0.3035
0.3035
0.3035
0.3035
0.0000
0.3035
0.3035
0.3035
0.0607
0.0607
0.0607
0.0607
0.0607
0.0800
0.0873
0.0886
0.0895
0.0000
0.1603
0.0943
0.2163
0.1454
0.1423
0.1420
0.1420
0.1421
0.1423
0.1424
0.1427
0.1429
0.1431
0.1433
0.3035
0.3035
0.2931
0.2764
0.2755
0.2766
0.2749
0.2695
0.2679
0.2668
0.2663
0.2659
0.2658
0.2957
0.2967
0.2977
0.2975
0.2973
0.2973
0.2992
0.3007
0.3035
0.3035
0.3035
0.3035
0.3035
0.3035
0.3035
0.3035
0.3035
0.3035
0.3035
0.3035
0.3035
0.3035
0.3035
0.3035
0.3035
0.3035
0.3035
0.3035
0.3035
0.3035
0.3035
0.3035
0.3035
0.3035
0.3035
0.3035
0.3035
0.3035
0.3035
0.3035
0.3035
0.3035
0.3035
0.3035
0.3035
0.3035
0.3035
0.3035
0.3035
0.3035
0.3035
0.3035
0.3035
0.3035
0.3035
0.3035
0.3035
0.3035
0.3035
0.3035
0.3035
0.3035
0.3035
0.3035
0.3035
0.3035
0.3035
0.3035
0.3035
0.3035
0.3035
0.3035
0.3035
0.3035
0.3035
0.3035
0.3035
0.3035
0.3035
0.3035
0.3035
0.3035
0.3035
0.3035
0.3035
0.3035
0.3035
0.3035
0.3035
0.3035
0.3035
0.3035
0.3035
0.3035
0.3035
0.3035
0.3035
0.3035
0.3035
0.3035
0.3035
0.3035
0.3035
0.3035
0.3035
0.3035
0.3035
0.3035
0.3035
0.3035
0.3035
0.3035
0.3035
0.3035
0.3035
0.3035
0.3035
0.3035
0.3035
0.3035
0.3035
0.3035
0.3035
0.3035
0.3035
0.3035
0.3035
0.3035
0.3035
0.3035
0.3035
0.3035
0.3035
0.3035
0.3035
0.3035
0.3035
0.3035
0.3035
0.3035
0.3035
0.3035
0.3035
0.3035
0.3035
0.3035
0.3035
0.3035
0.3035
0.3035
0.3035
0.3035
0.3035
0.3035
0.3035
0.3035
0.3035
0.3035
0.3035
0.3035
0.3035
0.3028
0.3018
0.3012
0.3004
0.2997
0.2989
0.0000
0.0000
0.0000
0.0607
0.0607
0.0607
0.0607
0.0607
0.0663
0.0712
0.0733
0.0780
0.0796
0.0782
0.0792
0.0000
0.1377
0.0848
0.0843
0.0850
0.0857
0.0865
0.0902
