814.6736
815.9238
816.8900
818.0956
819.1580
820.0924
806.2313
805.2607
806.6820
808.0402
809.2784
810.4040
811.4260
812.3534
813.1986
813.9693
814.6726
815.3148
815.9015
802.1625
800.9233
802.1422
803.3460
804.4717
805.5216
806.5006
807.4130
808.2639
809.0590
809.8030
810.5002
811.1543
797.5763
796.5087
797.8110
799.1012
800.3205
801.4701
802.5541
803.5769
804.5432
805.4575
806.3236
807.1455
807.9269
794.4590
793.6166
795.0446
796.4580
797.8019
799.0773
800.2880
801.4382
802.5321
803.5740
804.5677
805.5167
806.4242
793.0088
792.3904
793.9402
795.4711
787.6162
785.6603
784.1923
782.8620
781.6303
780.4803
779.4004
778.3821
777.4182
764.9780
761.4507
761.2761
761.8841
762.9154
764.0362
765.1841
766.3360
767.7238
770.0500
772.6508
775.4015
778.2396
781.0619
783.8203
787.5626
787.1923
785.4494
782.7402
783.3317
783.8509
784.1641
785.0143
787.0009
790.0388
811.0844
829.3316
845.3395
859.2765
872.5215
885.3128
897.7766
909.9151
921.7223
933.2041
944.3575
954.9651
950.7345
963.6768
974.9352
985.6702
995.8185
1005.1582
1013.4429
1021.6666
1029.8216
1037.4799
1044.9849
1052.4628
1059.8700
1066.2591
1071.1997
1061.0899
1053.4141
1061.9642
1068.9632
1075.3747
1066.6084
1057.4026
1053.2132
1052.7703
1054.7992
1058.4058
1062.9997
1068.1795
1073.6526
1098.2593
1118.3380
1132.0410
1140.8649
1145.9408
1147.3072
1149.8660
1153.0377
1142.9227
1134.7269
1127.4286
1120.2030
1109.0942
1098.1984
1087.5354
1077.1301
1067.5025
1059.1125
1052.1260
1045.3820
1053.4807
1059.7702
1065.3075
1070.8164
1076.5962
1082.6809
1089.0973
1095.8909
1102.9059
1110.0170
1117.1345
1124.1950
1130.9843
1123.7185
1116.3426
1111.7110
1109.5358
1109.1486
1110.0853
1112.0331
1114.7231
1117.9490
1121.5684
1125.5201
1129.6888
1131.4277
1150.0392
1162.2343
1172.6312
1181.9589
1190.5258
1198.1032
1190.4691
1184.5364
1195.7035
1205.4378
1213.6796
1221.1000
1227.7833
1233.7874
1225.4772
1219.2342
1214.8140
1229.0104
1241.3561
1252.6045
1262.7133
1271.5614
1279.0444
1284.8774
1274.7516
1264.8309
1254.7129
1243.8120
1233.4299
1221.4517
1211.9121
1202.5609
1192.5371
1182.7389
1172.7376
1162.8580
1153.0094
1142.6132
1132.9971
1124.3111
1115.8745
1108.3651
1099.3850
1090.7845
1082.5415
1074.6266
1066.9881
1059.5798
1052.3879
1045.3978
1038.7678
1032.3191
1026.8744
1020.8090
1014.2987
1007.9395
1001.7192
995.5301
989.4627
983.3875
977.1570
970.9813
964.8460
958.2620
951.8041
945.5034
939.2470
933.8795
928.7893
923.8779
918.9465
914.5504
910.7561
907.0414
903.4373
899.9485
896.2345
892.6507
889.2120
885.9097
882.7354
879.6812
876.7275
861.0781
845.9240
831.2558
829.6727
828.4374
827.5189
826.8983
826.5550
826.4687
826.6197
826.9526
827.4223
827.8786
828.4240
829.0301
814.9019
815.0588
816.6868
818.3621
820.0503
821.7484
823.4194
824.8945
826.2889
827.4180
828.7837
829.9994
831.0812
816.8833
816.3688
817.9379
819.4267
820.7915
822.0397
823.1808
824.2240
825.1806
826.0586
826.8652
827.6070
828.2900
814.1906
813.3079
814.6299
815.9213
817.1316
818.2633
819.3211
820.3094
821.2333
822.0980
822.9081
823.6680
824.3816
810.4205
809.6244
810.9932
812.3369
813.6063
814.8027
815.9314
816.9967
818.0031
818.9548
819.8559
820.7103
821.5213
807.6633
807.0131
808.4801
809.9220
811.2911
812.5854
813.8083
814.9645
816.0582
817.0940
818.0755
819.0068
819.8913
806.0768
805.5363
807.0657
808.5654
803.0738
802.0199
801.0947
800.0917
799.0239
797.9093
796.7637
795.6001
794.4288
781.4772
778.3891
777.8597
779.9960
782.1819
784.0319
785.5873
786.9063
788.0365
789.0151
789.8713
790.6271
791.2994
791.9009
792.4414
793.4589
792.0811
790.0583
787.5816
784.9671
783.3003
782.5370
799.8246
814.9761
828.5784
841.3692
853.6716
865.5731
876.7236
887.8659
898.9864
910.0145
920.8947
931.5794
942.0373
952.2494
962.0140
971.4261
980.3165
974.4601
970.6239
970.0285
987.5397
1002.5196
1015.6654
1027.3119
1037.5545
1046.7717
1055.4308
1063.6321
1056.8480
1051.3763
1060.6236
1067.1860
1072.2404
1076.8748
1081.5770
1085.1830
1071.3066
1063.4298
1060.0389
1059.7730
1061.6579
1064.9555
1069.1612
1073.9115
1079.2289
1084.2953
1086.3574
1086.9070
1104.2801
1115.7265
1125.7752
1134.6318
1141.8467
1133.4236
1125.2911
1117.4257
1108.4868
1098.6129
1088.8884
1079.3469
1070.0027
1061.4471
1053.9861
1062.2580
1067.9118
1072.8569
1074.3687
1076.2801
1078.8540
1082.1386
1086.4059
1091.4468
1097.0326
1102.9568
1109.0745
1115.2838
1121.4135
1126.7097
1113.8378
1102.9116
1093.6206
1085.7782
1079.2078
1073.7640
1070.1463
1067.8397
1066.6534
1066.2138
1066.1053
1067.0108
1087.9425
1106.3103
1122.5034
1137.2440
1150.8607
1163.3852
1158.8064
1155.9816
1171.3452
1184.9568
1196.9980
1207.8264
1217.6291
1211.5011
1206.9994
1204.0436
1219.6385
1233.6335
1246.3731
1257.9838
1268.6868
1278.2201
1286.5893
1301.3060
1309.7315
1300.7295
1291.8983
1281.2902
1271.4104
1260.6780
1250.4365
1240.7604
1231.2119
1221.0241
1210.9647
1201.0811
1191.2152
1180.4557
1170.2497
1160.8918
1151.7863
1143.5863
1134.3531
1125.4681
1116.9187
1108.6742
1100.7039
1092.9818
1085.4852
1078.1937
1071.4570
1065.4653
1059.4616
1053.4705
1046.5540
1039.7629
1033.0981
1026.8178
1020.5906
1014.3440
1007.7825
1001.2394
994.0181
986.9036
979.9023
973.0154
966.2260
959.7353
954.0249
948.7006
943.4163
937.5923
931.9471
926.4520
921.1007
915.9063
910.8711
906.0507
901.4005
896.8989
892.5326
888.2996
884.1966
868.3634
853.0275
838.1799
836.0662
834.4005
833.0849
832.0692
831.3528
830.9168
830.3672
829.7973
829.4202
829.0848
828.7687
828.3998
814.3320
812.9759
813.8180
814.7834
815.8054
816.8741
817.6262
818.5366
819.3237
819.6972
820.3351
820.8605
821.2870
807.4392
805.5769
806.5464
807.4981
808.3496
809.1061
809.7752
810.3646
810.8801
811.3286
811.7163
812.0491
812.3321
798.7772
796.8175
797.7288
798.6514
799.4985
800.2719
800.9760
801.6155
802.1954
802.7204
803.1952
803.6239
804.0104
790.7270
788.9361
789.9534
790.9842
791.9437
792.8331
793.6562
794.4175
795.1214
795.7724
796.3747
796.9320
797.4479
784.3737
782.7751
783.9118
785.0600
786.1373
787.1452
788.0874
788.9683
789.7922
790.5633
791.2853
791.9619
792.5968
779.6777
778.2570
779.5032
780.7586
773.7542
771.5043
769.6559
767.9482
766.3469
764.8339
763.3972
762.0275
760.7174
748.8671
745.4171
744.8340
745.7749
747.0840
748.4570
749.8378
751.2059
752.5472
753.8172
755.0576
756.2640
757.4301
758.5512
759.6234
761.2213
760.4327
759.1188
757.4347
756.4807
755.8560
755.2051
772.1783
786.8579
800.0080
812.2701
823.9096
835.1582
846.3077
857.3776
868.4002
879.4132
890.3480
901.1421
911.7298
922.0411
931.9777
941.2699
949.6151
943.2145
939.5819
954.2181
967.3181
978.9150
989.4342
999.0098
1007.5978
1015.6254
1023.3319
1030.7368
1037.2730
1028.9041
1021.9869
1030.1633
1037.1003
1043.1627
1048.9227
1052.9356
1041.9478
1035.0727
1031.6094
1030.7425
1031.8634
1034.4807
1038.1986
1042.6888
1047.8422
1052.8852
1056.7495
1077.2307
1092.2016
1101.6462
1110.1115
1117.7943
1124.4118
1129.4894
1132.6027
1132.9685
1127.4011
1120.7300
1113.3891
1105.6068
1098.0361
1090.2795
1083.5475
1078.2098
1073.0478
1068.6725
1065.5221
1063.8674
1064.0012
1065.4682
1068.1112
1071.7550
1076.0948
1080.9028
1086.0067
1091.2753
1096.5562
1102.1201
1091.7133
1085.0903
1081.5643
1080.3583
1080.8806
1082.6872
1085.4382
1088.8761
1092.8046
1097.1702
1100.9138
1139.2552
1163.0206
1180.0358
1192.5174
1202.2170
1209.9355
1216.3680
1207.6845
1200.7579
1210.4014
1218.4660
1225.2741
1217.1276
1210.7196
1205.7933
1218.4450
1228.6901
1237.6093
1245.7849
1253.6805
1261.3536
1268.7134
1275.0486
1280.3549
1270.8643
1262.6468
1254.7424
1246.4919
1237.1024
1227.8307
1218.4427
1209.1379
1199.9122
1190.7923
1180.9909
1171.3147
1161.8124
1151.3639
1140.9083
1131.4568
1122.5324
1113.8563
1106.1977
1097.2104
1088.6148
1080.4137
1072.5666
1065.0336
1057.7789
1050.7728
1043.9883
1037.7690
1031.8963
1026.2414
1020.6186
1014.2043
1007.9387
1001.8066
995.7693
990.2639
984.5433
978.8694
972.9237
966.3377
959.8204
953.3960
947.0665
940.8326
934.6670
929.3824
924.3584
919.3850
914.4665
909.1777
904.0421
899.0779
894.2714
889.6107
885.0850
880.6846
876.4006
872.2253
868.1517
864.1738
849.0026
834.3088
820.0837
818.7371
817.7854
817.1359
816.5157
815.8837
815.4540
815.1706
815.0466
815.0818
814.8749
814.9929
815.0382
801.4328
800.4861
801.6710
802.9547
804.2901
805.2633
805.4605
806.1376
806.7661
807.2073
807.9044
808.4886
808.9728
795.5450
793.4937
794.5113
795.5183
796.4211
797.2258
797.9406
798.5734
799.1316
799.6220
800.0510
800.4242
800.7469
787.5779
785.4245
786.3702
787.3327
788.2174
789.0267
789.7659
790.4396
791.0531
791.6112
792.1185
792.5791
792.9971
780.0702
778.1168
779.1563
780.2183
781.2064
782.1232
782.9732
783.7614
784.4922
785.1702
785.7994
786.3838
786.9269
774.1846
772.4465
773.6046
774.7810
775.8849
776.9180
777.8847
778.7895
779.6369
780.4314
781.1770
781.8774
782.5363
769.9231
768.3952
769.6604
770.9401
764.0916
761.6603
759.6498
757.7910
756.0524
754.4152
752.8660
751.3950
749.9946
738.4831
734.9673
734.5620
735.5001
736.6995
737.9740
739.2677
740.5591
741.8330
743.0785
744.3223
746.4975
749.0210
751.7616
754.6418
760.1606
760.6179
759.8222
758.1978
759.3655
775.6478
787.1182
795.6021
802.6465
809.3263
816.4117
824.3743
833.1983
842.9527
853.3458
864.0862
874.9712
885.8617
896.6580
907.2975
917.7427
927.9218
937.8220
947.2223
955.7058
950.0917
947.9428
948.3672
966.6420
981.9795
995.2387
1006.7470
1016.8320
1026.1097
1034.8252
1042.8277
1048.1312
1039.0799
1032.1596
1041.0677
1048.1589
1054.7623
1046.5954
1037.9860
1034.1209
1034.0291
1036.5284
1040.6866
1045.8866
1051.7071
1057.7840
1064.0182
1070.1048
1075.4792
1094.7906
1107.6357
1115.0511
1122.0877
1114.7685
1109.5195
1105.2889
1101.3897
1096.6867
1088.9188
1079.6228
1070.3387
1061.1227
1053.2059
1046.9077
1054.7619
1059.6466
1062.1428
1063.5574
1064.2893
1065.4991
1067.6058
1070.7951
1075.0336
1080.0271
1085.5504
1091.4007
1097.4293
1103.5328
1109.4885
1114.7758
1104.9565
1098.9187
1095.8623
1095.0321
1095.8470
1097.8492
1100.6856
1104.1160
1107.9586
1111.8222
1134.9875
1149.8514
1160.4341
1166.5525
1172.1336
1177.7253
1169.3922
1163.2312
1173.8076
1182.8924
1190.8539
1198.0208
1204.3213
1195.8993
1189.5709
1200.2947
1209.5734
1217.7509
1225.2737
1232.5597
1239.8359
1247.1626
1254.4259
1246.6021
1240.3363
1235.1948
1230.6974
1225.9870
1220.9043
1213.7903
1206.7406
1199.3510
1191.4798
1183.0113
1175.1392
1166.4212
1157.6049
1148.3420
1139.0476
1130.1949
1121.4622
1112.9182
1104.2720
1096.7171
1088.1318
1079.8838
1072.0041
1064.4561
1057.2012
1050.2057
1043.4403
1036.8796
1030.5015
1024.6200
1019.1458
1013.8631
1008.1250
1001.9913
995.9874
990.0424
984.2618
978.5185
972.5299
966.5493
959.9145
953.3596
946.9217
940.6007
935.1444
929.7589
924.4444
919.4337
914.4909
909.6850
904.9529
900.4073
895.9402
891.5688
886.8116
882.1994
877.7249
873.3797
869.1552
865.0434
860.9984
845.8787
831.2376
817.0663
815.7981
814.8865
814.2770
813.4264
812.5452
812.0874
811.7854
811.6117
811.3112
810.8372
810.4281
810.3095
796.8235
795.4341
796.1637
796.9970
797.8736
798.7901
799.7617
800.6657
801.5038
802.1191
802.9830
803.7237
804.3551
791.0555
789.0861
790.2347
791.3631
792.3777
793.2864
794.0978
794.8205
795.4638
796.0352
796.5412
796.9881
797.3817
784.3088
782.2097
783.2205
784.2450
785.1900
786.0582
786.8551
787.5847
788.2524
788.8634
789.4225
789.9340
790.4021
777.5579
775.6591
776.7431
777.8501
778.8833
779.8449
780.7397
781.5726
782.3481
783.0708
783.7447
784.3739
784.9618
772.2967
770.6185
771.8169
773.0350
774.1813
775.2570
776.2664
777.2141
778.1044
778.9418
779.7302
780.4734
781.1748
768.6333
767.1642
768.4655
769.7825
763.0711
760.6741
758.6928
757.1413
755.6942
754.3345
753.0495
751.8297
750.6670
739.1591
735.5965
735.1407
739.8754
744.1785
748.2758
751.7951
754.7312
757.1016
759.2043
761.0565
762.6755
764.0956
765.3447
766.4432
768.6982
767.0674
764.6597
761.7970
758.5978
755.1446
751.4992
747.7090
743.8122
739.8392
735.8147
731.7592
727.6805
723.5961
719.5123
715.4450
711.3932
707.3707
703.3900
699.4592
695.5827
691.7639
688.0044
684.3049
680.6668
677.0902
673.5748
670.1201
666.7250
663.3887
660.1077
656.8818
653.7077
650.5848
647.5146
644.4964
641.5284
638.6097
635.8145
633.1574
630.5439
627.9287
625.3494
622.8413
620.4011
618.0227
615.7018
613.4349
611.2184
608.6922
606.2234
603.8078
601.4418
599.1221
596.8456
594.6100
592.4092
590.2461
588.1210
586.0332
583.9770
582.1357
580.3935
578.6860
577.0080
575.3087
573.5960
571.9079
570.2557
568.6405
567.0612
565.5168
564.0061
562.6093
561.1856
559.7569
558.3540
556.9817
555.6403
554.3294
553.0484
551.7963
550.5660
549.3161
548.0630
547.1825
546.2991
545.4184
544.5424
543.6729
542.8127
541.9626
541.1236
540.2871
539.4307
538.5690
537.7204
537.0495
536.3836
535.7245
535.0733
534.4312
533.7969
533.1710
532.5542
531.9465
531.3337
530.7055
530.0760
529.3797
528.7012
528.0391
527.3925
526.7607
526.1443
525.5425
524.9545
524.3799
523.8180
523.2421
522.3157
521.4259
520.5708
519.7487
518.9578
518.1964
517.4629
516.7558
516.0735
515.4148
514.7783
514.1629
510.4450
515.2405
521.0185
526.5512
531.7946
536.7969
541.5604
546.1020
550.4368
554.5787
558.5346
562.3105
565.9244
560.4887
562.4423
566.4763
570.4044
574.1814
577.8163
581.3186
584.6768
587.9058
591.0144
594.0102
596.9020
599.6964
593.1338
593.5096
596.4718
599.4173
602.2672
605.0227
607.6880
610.2678
612.7667
615.1895
617.5394
619.8206
622.0370
614.7392
614.4603
616.9524
619.4563
621.8851
624.2386
626.5198
628.7324
630.8799
632.9669
634.9969
636.9729
638.8979
631.0461
630.4525
632.7139
634.9990
637.2171
639.3679
641.4538
643.4782
645.4440
647.3546
649.2130
651.0222
652.7849
644.4768
643.7249
645.8587
648.0198
650.1161
652.1472
654.1157
656.0257
657.8806
659.6834
661.4372
663.1448
664.8090
656.1058
655.2859
657.3496
659.4415
661.4696
663.4336
665.3353
667.1779
668.9647
670.6990
672.3841
674.0227
675.6178
666.5590
665.7143
667.7269
669.7656
671.7397
673.6487
675.4951
677.2824
679.0140
680.6932
682.3232
683.9070
685.4473
676.0608
675.2225
677.1991
679.1974
681.1305
682.9981
684.8032
686.5490
688.2391
689.8768
691.4654
693.0079
694.5071
684.8157
684.0076
685.9719
687.9502
689.8588
691.7001
693.4780
695.1969
696.8606
698.4728
700.0368
701.5557
703.0324
693.0560
692.2969
694.2595
696.2340
698.1408
699.9817
701.7608
703.4823
705.1497
706.7668
708.3368
709.8627
711.3524
701.0517
700.3436
701.9031
703.6426
705.3056
706.8923
708.4062
709.8518
711.2339
712.5578
713.8281
715.0488
716.2237
705.7556
704.4375
705.9219
707.6348
709.2715
710.8348
712.3291
713.7587
715.1273
716.4387
717.6961
718.9026
720.0611
709.4687
709.2464
710.5856
712.2002
713.7388
715.2045
716.6023
717.9370
719.2128
720.4335
721.6027
722.4806
723.3218
712.6426
714.5283
716.3622
718.1799
720.1555
722.2595
724.4759
726.7874
729.1758
731.6235
734.1217
736.6554
739.2074
728.0274
730.8821
734.7494
738.0689
741.1318
743.9856
746.6360
749.1138
751.4395
753.5311
755.1899
756.6408
757.8949
746.1162
746.3843
748.4096
749.7611
750.7356
751.4086
751.9815
752.4049
752.6854
752.8373
752.8740
753.0942
753.3549
741.7243
741.5456
742.6961
743.3399
743.7277
743.9012
743.8749
743.6664
743.0183
742.1849
741.1935
740.0226
738.7537
727.6055
726.1326
725.5051
725.0719
724.6777
724.3161
723.9931
723.9141
723.8573
723.8205
723.8010
723.7965
723.8047
713.1423
712.0998
712.5882
713.1748
713.7377
714.2735
714.9144
715.5223
716.0989
716.6456
717.1647
717.6582
718.1286
707.6478
705.9815
706.9510
707.9755
708.9406
709.8457
710.6939
711.4886
712.2333
712.9313
713.5858
714.1998
715.0444
704.6708
702.7009
703.7643
704.8580
706.1352
707.3229
708.4299
709.4632
710.4287
711.3316
712.1769
712.9688
713.7116
703.3785
701.3739
702.6604
704.1949
705.6335
706.9835
708.2535
709.4530
710.5868
711.6595
712.6756
713.6390
714.5537
704.1803
702.5026
703.9472
705.3802
706.7307
708.0077
709.2153
710.3584
711.4415
712.4687
713.4440
714.3715
715.2560
704.8409
703.1343
704.5797
706.0219
707.3855
708.6762
709.9004
711.0638
712.1709
713.2261
714.2331
715.1953
716.1165
705.6722
703.9763
705.4560
706.9346
708.3336
709.6586
710.9161
712.1120
713.2509
714.3373
715.3750
716.3671
717.3171
706.8356
705.1601
706.6652
708.1716
709.5977
710.9554
712.2488
713.4821
714.6595
715.7849
716.8619
717.8939
718.8843
708.3503
706.7144
708.2406
709.7809
711.2507
712.6517
713.9879
715.2637
716.4832
717.6504
718.7692
719.8429
720.8748
710.2721
708.6850
710.2474
711.8326
713.3467
714.7914
716.1687
717.4791
718.7256
719.7783
720.7902
721.7640
722.7022
712.0352
710.5223
711.9876
713.4944
714.9347
716.3101
717.6243
718.8804
720.0821
721.2331
722.3368
723.3961
724.4140
713.6852
712.2261
713.7680
715.3432
716.8455
718.2775
719.6428
720.9445
722.1873
723.3760
724.5155
725.6094
726.6615
715.8554
714.4694
716.0425
717.6526
719.1928
720.6662
722.0772
723.4300
724.7287
725.9773
727.1795
728.3388
729.4584
718.5575
717.4167
719.0623
720.7382
714.7787
712.7448
711.1444
709.7118
708.4099
707.2153
706.1156
705.0995
704.1583
694.1388
690.9584
690.6750
690.9737
691.4597
692.0571
692.7154
693.7409
695.6651
697.9206
700.3240
702.7733
705.2135
707.5965
709.8819
713.6997
713.2918
711.8411
709.7446
721.7951
732.3713
740.6943
747.6848
754.2427
761.3475
769.2941
778.0009
787.3110
797.4370
808.2642
819.4996
830.9143
842.3603
853.6892
864.8918
875.9270
886.5453
896.8778
892.6850
886.8098
911.3057
932.0477
949.3103
963.3765
975.0926
970.9831
969.8552
970.6706
972.8826
975.9901
966.3102
959.0405
967.2196
973.2907
977.8580
982.0605
973.2016
965.8798
958.3249
957.2097
960.8730
967.5837
976.1249
985.6343
995.5421
1005.4503
1034.3050
1057.4609
1074.9541
1084.6790
1088.3319
1084.4485
1083.2969
1084.0628
1072.6505
1063.0848
1055.0169
1047.6555
1040.2660
1032.0641
1024.1128
1016.3951
1008.9045
1002.5519
996.8359
991.6183
1001.8123
1009.5895
1016.1012
1022.1396
1027.9038
1033.6510
1039.6229
1045.6553
1051.6886
1057.6824
1063.6103
1069.4550
1075.2057
1080.7201
1070.6385
1065.7648
1064.9192
1066.8639
1070.6961
1075.7245
1081.4634
1087.5760
1093.8296
1100.0670
1105.6875
1125.7333
1137.6589
1142.6265
1147.1033
1151.4738
1155.8889
1146.6555
1139.7209
1134.6526
1147.2779
1158.2230
1167.5194
1176.0486
1169.3374
1164.1519
1160.6408
1175.6608
1188.9056
1200.5102
1210.5077
1219.5684
1227.8771
1235.3098
1241.7463
1246.9026
1237.3165
1228.1814
1219.4316
1209.7620
1201.6110
1193.2147
1184.9500
1177.2196
1169.6096
1160.9468
1152.4241
1144.0597
1135.8456
1127.5266
1119.2324
1111.1131
1103.2522
1095.9167
1087.8978
1080.1241
1072.6899
1065.5604
1058.6969
1052.0665
1045.6459
1039.4071
1033.6815
1028.3197
1022.9667
1017.6714
1012.3624
1006.5430
1000.8690
995.8395
990.6658
985.4305
980.1701
974.9015
969.1324
963.4517
957.8619
952.3573
946.9310
942.1868
937.4805
932.7874
928.1114
926.4489
923.1431
920.0016
916.3309
912.5912
908.8024
905.0132
901.2193
897.4298
893.6515
889.8893
886.1247
870.1735
854.7263
839.7740
837.3411
834.9319
832.6267
830.5667
828.7603
827.2042
825.8911
824.8006
823.7803
822.7000
821.7862
820.9653
807.1073
804.6574
805.0847
805.5910
806.1335
806.7371
807.3647
807.7268
808.0383
834.9628
850.6100
858.4725
860.9601
845.9028
847.6959
846.1564
842.3474
837.0087
830.6582
823.6582
816.2622
808.6457
800.9315
793.2043
785.5222
777.9242
765.6238
760.6037
755.0488
749.1546
743.0607
736.8658
730.6393
724.4299
718.2714
712.1869
706.1921
700.2974
694.5094
684.9346
681.1765
677.0167
672.5997
668.0288
663.3776
658.6979
654.0262
649.3883
644.8020
640.2794
635.8289
631.4558
623.9352
621.1498
618.0433
614.7294
611.2894
607.7815
604.2466
600.7137
597.2031
593.7291
590.3013
586.9265
583.6091
577.6459
575.5836
573.2630
570.7743
568.1836
565.5365
562.8654
560.1932
557.5360
554.9052
552.3084
549.7511
547.2367
542.4679
540.9536
539.2275
541.2764
542.6882
543.6378
544.2522
544.6234
544.8181
544.8847
544.8584
544.7647
544.6220
544.4439
544.2400
542.4557
542.2532
544.9595
549.0495
554.8564
561.0913
567.8778
575.1701
599.3091
623.2338
646.8979
670.3977
693.7572
717.0564
740.3139
763.5584
786.8058
809.9084
832.8882
855.7717
878.5615
901.2332
923.7797
946.0982
951.7143
957.9311
981.1608
1004.1390
1026.8988
1049.4557
1071.8130
1093.9696
1115.8512
1137.5485
1159.0647
1163.9511
1169.2818
1191.3038
1212.7075
1233.5712
1254.0873
1257.9555
1262.4503
1267.6277
1273.4668
1279.9827
1287.1347
1294.8837
1303.1900
1312.0180
1321.5922
1331.8219
1341.9550
1368.8799
1395.2396
1421.0269
1446.2467
1470.9495
1495.1557
1518.7375
1541.6354
1563.7357
1584.9442
1588.7170
1592.3203
1595.7533
1599.0260
1602.1477
1605.1382
1608.0492
1610.9348
1613.8732
1616.9961
1620.3797
1624.1697
1644.8858
1665.2926
1685.4172
1705.2745
1724.8962
1744.2877
1763.4525
1782.3974
1801.1290
1803.1651
1805.8218
1809.1758
1813.6563
1819.3378
1825.9636
1833.4529
1841.8535
1851.0286
1860.9104
1870.3785
1895.1771
1918.5104
1941.2602
1963.4703
1985.2075
2006.5243
2027.4376
2047.9459
2067.9905
2071.1303
2074.6613
2095.0050
2098.5778
2102.6924
2107.2287
2128.7524
2149.9005
2170.6319
2190.9675
2211.0592
2231.0433
2250.9098
2270.5403
2289.6571
2308.3166
2326.1835
2343.4212
2359.8918
2375.5828
2373.9619
2372.3816
2370.6744
2368.8362
2367.1162
2365.6040
2364.1471
2362.6517
2361.0789
2359.5378
2357.8915
2356.2717
2354.7156
2353.2503
2351.5339
2349.7457
2348.0382
2346.4351
2344.9315
2343.5225
2342.2049
2340.9741
2339.8259
2338.7562
2337.7394
2336.7621
2335.8134
2334.8609
2333.9062
2333.2354
2332.5855
2331.8817
2331.0438
2330.1156
2329.1739
2328.1998
2327.0312
2325.8186
2324.5661
2323.3819
2322.2465
2321.1280
2319.9871
2318.8765
2317.7634
2316.6191
2315.4877
2314.2185
2313.2838
2312.4822
2311.7533
2311.0891
2310.4840
2309.9336
2309.4340
2308.9142
2288.6017
2261.5632
2230.5162
2197.3419
2163.0807
2128.4273
2093.8410
2059.5954
2025.8682
1992.8087
1960.4685
1928.9230
1879.1099
1859.3155
1836.9862
1813.1031
1788.3387
1763.1587
1737.8836
1712.7316
1687.8496
1663.3340
1639.0206
1614.9103
1590.8451
1552.0966
1535.6870
1517.3040
1497.6619
1477.2689
1456.4840
1435.5594
1414.6714
1393.9423
1373.4559
1353.2690
1333.4180
1313.9272
1284.2030
1271.0406
1256.6639
1241.5217
1225.9352
1210.1325
1194.2744
1178.4737
1162.8094
1147.3357
1132.0885
1117.0929
1102.3649
1079.5188
1069.6405
1058.8195
1047.3997
1035.6278
1023.6791
1011.6777
999.7108
987.8396
976.1068
964.5414
953.1628
941.9839
924.3415
916.8996
908.7243
900.0811
891.1606
882.0983
872.9901
863.9037
854.8863
845.9710
837.1803
828.5298
820.0293
806.3451
800.7376
794.5577
788.0111
781.2456
774.3664
767.4479
760.5494
753.7060
746.9423
740.2751
733.7155
727.2711
716.6418
712.4479
707.8062
702.8769
697.7681
692.5640
697.8303
701.5935
704.2480
706.0834
707.3127
708.0926
708.5386
708.7361
708.7479
708.6207
708.3891
708.0786
703.4525
703.8556
707.0737
711.7378
717.6436
740.3094
762.3390
783.9119
805.1358
826.0970
846.9062
867.5547
888.0891
908.5887
929.0599
949.4970
969.8948
990.2485
1010.5538
1030.8070
1051.0043
1071.1422
1074.7783
1079.1457
1100.5531
1121.6499
1142.4873
1163.8226
1186.1427
1208.7789
1231.4715
1254.0490
1276.3781
1298.4899
1320.3924
1322.7327
1325.7506
1329.1985
1349.4904
1370.3064
1391.7492
1412.8773
1415.0741
1418.0854
1421.8141
1426.2760
1431.4275
1437.4181
1444.2680
1451.9230
1460.3377
1469.2657
1478.1373
1503.2405
1527.8208
1551.9266
1575.5884
1598.7959
1621.5647
1643.7934
1666.1647
1671.4075
1676.6587
1681.7708
1686.6710
1691.3372
1695.7823
1700.0180
1704.0554
1707.9307
1711.6792
1715.3591
1719.0724
1722.9006
1743.5072
1763.6984
1783.5996
1803.2329
1822.6196
1841.7675
1860.6815
1879.3657
1897.8279
1916.0588
1934.0180
1935.3118
1937.3591
1941.2995
1946.4126
1952.6748
1959.9414
1968.3752
1977.7203
1987.8952
1998.3867
2007.2396
2014.0876
2037.6532
2060.6232
2083.0623
2105.0303
2126.5210
2147.5254
2151.8452
2156.6092
2178.1334
2199.2893
2219.7679
2239.9014
2241.4028
2243.1492
2245.6727
2265.0289
2283.9676
2302.4235
2320.6372
2338.5707
2355.9498
2371.9025
2371.4719
2370.7976
2372.3675
2374.2927
2375.2067
2375.6878
2376.4935
2377.1979
2377.4866
2377.6394
2377.2100
2376.4692
2375.5462
2372.2339
2369.6074
2367.0266
2363.7461
2361.1813
2358.6261
2355.7665
2352.4366
2349.2221
2346.1483
2343.1523
2340.2062
2337.3627
2335.5124
2333.7733
2332.1450
2330.6129
2329.1488
2327.7434
2326.3757
2325.3948
2324.5708
2323.7303
2322.8302
2321.8932
2320.6075
2319.1812
2317.7059
2315.7794
2314.1743
2312.5801
2310.9597
2309.2661
2307.4955
2305.6424
2303.7751
2301.8385
2301.1091
2300.6383
2300.3708
2300.1867
2299.6331
2299.1508
2298.7054
2298.2943
2297.9148
2297.5651
2297.1590
2278.3125
2252.7998
2223.0946
2190.9930
2157.5884
2123.6198
2089.5823
2055.8032
2022.4393
1989.6743
1957.5354
1925.9957
1876.0426
1855.9342
1833.4973
1809.6290
1784.9534
1759.9043
1734.7810
1709.7883
1685.0643
1660.7005
1636.6062
1612.6970
1583.7161
1544.9982
1506.8054
1475.7507
1446.9142
1419.8273
1394.3444
1370.3469
1347.7266
1326.3841
1306.2281
1287.1737
1269.1452
1252.0709
1224.0492
1206.3442
1192.3918
1179.3321
1166.9053
1155.0531
1143.7340
1132.9120
1122.5544
1112.6316
1103.1077
1093.9586
1085.1633
1062.6014
1052.6566
1045.6264
1038.9862
1032.5574
1026.3173
1020.2549
1014.3605
1008.6262
1003.0459
997.6130
992.3217
987.1665
967.7893
961.3062
957.3750
953.6414
949.9698
946.3493
942.7782
939.2566
935.7843
932.3618
928.9897
925.6688
922.3996
905.1320
900.4139
898.1097
895.9355
893.7642
891.5889
889.4115
885.3843
879.3119
874.0326
868.8140
863.6042
858.4104
843.3010
839.1703
833.9533
829.5006
825.1255
820.7789
829.6209
836.6231
842.9599
848.7874
854.0821
858.9400
865.5973
872.5194
879.2905
885.7887
891.9392
897.6871
902.0498
900.6990
897.7286
893.8142
891.9095
889.4846
887.0491
899.8509
909.3386
917.4250
924.9657
932.6652
940.7415
949.3360
958.2876
967.3816
976.6543
985.9594
995.1955
1004.3160
1013.2588
1022.0060
1030.3325
1024.0134
1020.5138
1019.1833
1035.2660
1048.6933
1060.4066
1070.8197
1080.2331
1088.8694
1096.4119
1103.4523
1110.2303
1102.6242
1111.2306
1116.6097
1119.8600
1121.7770
1123.9801
1126.9433
1130.0129
1118.8625
1112.2755
1109.5007
1109.4519
1111.2501
1114.2939
1118.1611
1122.4852
1127.0923
1131.6199
1135.8943
1138.4400
1156.0423
1166.6426
1175.7035
1183.7028
1190.6762
1195.7100
1198.5026
1186.1500
1172.7151
1159.7734
1147.3466
1135.3604
1123.9781
1113.6860
1104.3609
1096.2104
1088.8532
1082.3892
1076.9503
1073.1608
1070.8830
1086.4958
1099.7593
1111.2470
1121.4251
1130.5704
1138.8958
1146.5648
1153.6748
1160.0815
1150.4234
1144.1390
1140.8336
1139.6879
1140.1355
1141.7343
1144.1533
1146.9817
1150.2599
1153.7732
1157.3963
1159.9209
1178.5908
1190.6415
1200.5074
1209.1875
1216.7764
1223.3643
1215.2082
1209.0123
1220.1673
1229.5596
1222.8833
1217.9171
1230.3126
1240.2832
1248.9680
1256.8622
1264.3125
1271.5360
1278.6814
1285.7596
1292.6786
1298.7614
1303.6831
1307.2354
1309.0482
1308.5189
1294.0623
1279.4380
1266.3387
1253.4757
1241.1961
1229.6895
1218.5627
1207.0411
1195.9531
1185.0415
1173.8710
1163.3499
1153.0079
1143.0698
1133.5081
1124.6898
1115.1426
1106.0672
1097.4611
1089.2673
1081.4311
1073.9053
1066.6516
1059.6357
1052.8389
1046.5521
1040.7534
1034.9194
1028.1256
1021.4906
1015.0283
1009.1329
1003.0088
996.8504
990.7146
983.9011
977.1108
970.4313
963.8655
957.4098
951.3730
945.4009
939.7938
934.4384
929.1767
924.0017
919.2550
914.1642
909.2071
904.3787
899.6707
895.0752
890.5850
886.1940
881.8966
877.6877
873.5632
858.0686
843.0614
839.9287
837.3252
834.5958
831.6491
828.7147
826.1082
824.1247
822.1317
820.3475
818.7449
817.2809
815.6873
802.0401
798.6877
798.5022
798.5299
798.6815
798.9426
799.2984
799.5254
799.7417
799.4616
799.3300
799.4983
799.5860
786.4497
783.4509
784.1093
784.7977
785.3942
785.9044
786.3362
786.6972
786.9944
787.2353
787.4258
787.5711
787.6760
774.9197
772.0709
772.8081
773.5953
774.3101
774.9554
775.5365
776.0584
776.5250
776.9408
777.3103
777.6376
777.9264
765.4833
762.9262
763.8336
764.7877
765.6695
766.4819
767.2296
767.9179
768.5514
769.1345
769.6711
770.1651
770.6199
758.4128
756.0861
757.1492
758.2523
759.2820
760.2413
761.1345
761.9664
762.7416
763.4642
764.1383
764.7676
765.3554
753.3170
751.1745
752.3593
753.5775
754.7210
748.5318
745.7860
743.4535
741.2979
739.2823
737.3857
735.5927
733.8914
722.9279
718.9952
718.0056
717.2013
718.4938
719.8124
721.1785
722.5524
723.9146
725.7105
728.2468
730.9639
733.7477
736.5220
739.2299
741.8295
746.5547
746.4249
745.1552
743.1844
743.3023
758.5199
769.8785
778.7822
786.1842
793.4147
801.0775
809.4614
818.7017
828.7474
839.4103
850.3905
861.4841
872.5548
883.5160
894.3111
904.8172
915.0459
924.5920
919.4867
918.4750
934.1673
947.4672
959.6657
970.9126
981.4352
991.3833
1000.8396
1009.3183
1017.4550
1025.4689
1018.9277
1015.1336
1012.5181
1024.7571
1033.1043
1039.6787
1045.8419
1050.3950
1038.5358
1032.9980
1031.9300
1033.7397
1037.4732
1042.3862
1048.0674
1054.0472
1060.3184
1066.0869
1087.6692
1100.4143
1105.8118
1111.3418
1117.0947
1122.8743
1127.8661
1131.5106
1132.3279
1130.7228
1113.8944
1098.7817
1084.9358
1072.1190
1060.3947
1049.3529
1040.4056
1032.6749
1026.1000
1020.6849
1031.5505
1041.0036
1049.6219
1057.8131
1065.8800
1073.8550
1081.6862
1089.3422
1096.8050
1104.0611
1111.0747
1117.8482
1108.0437
1101.8729
1098.6736
1097.6480
1098.1967
1099.8815
1102.3785
1105.4377
1108.8868
1112.6026
1116.5074
1135.4633
1149.4862
1158.0144
1165.2975
1172.0298
1178.4626
1184.2874
1175.7843
1169.5969
1180.6619
1190.0443
1198.0845
1190.7044
1185.2582
1181.3387
1195.2403
1207.0870
1217.1585
1226.3093
1235.0715
1243.4759
1251.4950
1258.6347
1250.4282
1243.7230
1237.8858
1231.3147
1224.2761
1216.2635
1208.7581
1200.9398
1192.3850
1183.7860
1175.5668
1166.3071
1157.1745
1151.9489
1145.5482
1138.1512
1129.8831
1121.2454
1112.7669
1104.5390
1096.8426
1089.5318
1082.6171
1075.9898
1069.5754
1063.3239
1057.2021
1051.1886
1045.2697
1039.3579
1033.3803
1027.2692
1021.0449
1014.8019
1008.6324
1002.5302
996.4279
990.2365
983.9076
977.5138
971.0641
964.5570
958.0503
951.5829
945.1803
938.8589
932.6930
926.8068
921.1640
915.7689
910.6313
905.6861
900.9369
896.3976
892.0822
887.9395
883.9334
880.0382
876.2360
872.5142
868.8640
855.5636
844.5809
835.2998
827.3384
820.3279
814.0093
808.2006
802.7744
797.6418
792.7071
787.9443
783.0907
770.5729
769.2087
766.7544
763.6539
760.1458
756.3946
752.5136
748.5795
744.6436
740.7398
736.7562
732.5319
727.6887
716.9703
713.8375
709.8424
705.2767
700.3462
695.1961
689.9284
684.6145
679.3041
674.0315
668.8201
663.6854
658.6379
650.1729
646.9386
643.3352
639.4972
635.5196
631.4695
627.3939
623.3259
619.2883
615.2970
611.3635
607.4948
603.6953
597.0250
594.6540
591.9883
589.1332
586.1631
583.1306
580.0728
577.0158
573.9777
570.9715
568.0057
565.0862
562.2168
556.9069
555.1707
553.1951
551.0640
548.8371
546.5564
544.2518
541.9440
539.6478
537.3733
535.1277
532.9159
530.7410
526.4630
525.1984
523.7375
522.1483
520.4787
518.7630
517.0252
515.2825
513.5468
511.8264
510.1270
508.4526
506.8058
503.3149
502.4085
501.3394
500.1630
498.9186
497.6341
498.4219
498.9074
499.1800
499.3033
499.3222
499.2689
499.1656
499.0284
498.8682
498.6929
498.5079
498.3168
497.3353
496.4035
495.5126
494.6560
493.8283
493.0252
492.2437
491.4812
490.7358
490.0059
489.2905
488.5886
487.8994
487.2225
486.5572
485.9031
485.2600
484.6275
484.0054
483.3933
482.7912
482.1988
481.6159
481.0424
480.4780
479.9227
479.3763
478.8387
478.3096
477.7890
477.2768
476.7727
476.2766
475.7885
475.3083
474.8356
474.3706
473.9130
473.4627
473.0195
472.5835
472.1545
471.7323
471.3169
470.9081
470.5058
470.1100
469.7205
469.3373
468.9601
468.5889
468.2236
467.8642
467.5104
467.1624
466.8198
466.4827
466.1510
465.8246
465.5034
465.1873
464.8762
464.5701
464.2688
463.9724
463.6807
463.3937
463.1112
462.8333
462.5598
462.2906
462.0258
461.7652
461.5088
461.2566
461.0083
460.7640
460.5236
460.2871
460.0543
459.8253
459.5999
459.3782
459.1599
458.9451
458.7335
458.5253
458.3203
458.1185
457.9199
457.7244
457.5320
457.3427
457.1563
456.9729
456.7924
456.6147
456.4398
456.2676
456.0982
455.9315
455.7673
455.6058
455.4468
455.2903
455.1363
454.9847
454.8355
454.6887
454.5442
454.4020
454.2620
454.1242
453.9887
453.8552
453.7239
453.5947
453.4675
453.3423
453.2190
452.0078
451.0212
450.2117
449.5422
448.9835
448.5131
448.1131
447.7694
447.4712
447.2096
446.9778
446.7703
445.2517
444.7308
444.2834
443.8895
443.5352
443.2105
442.9088
442.6250
442.3556
442.0981
441.8508
441.6122
441.3812
440.0330
440.0843
440.0670
440.0021
439.9043
439.7841
439.6489
439.5040
439.3532
439.1990
439.0434
438.8879
438.7334
437.4691
437.5748
437.6122
437.6017
437.5577
437.4904
437.4071
437.3130
437.2119
437.1063
436.9981
436.8886
436.7789
435.5778
435.7142
435.7847
435.8086
435.7998
435.7680
435.7201
435.6612
435.5948
435.5234
435.4489
435.3724
435.2951
434.1417
434.3000
434.3944
434.4435
434.4605
434.4549
434.4333
434.4006
434.3603
434.3147
434.2657
434.2146
434.1621
433.0450
433.2205
433.3337
433.4026
433.4399
433.4549
433.4540
433.4419
433.4219
433.3963
433.3670
433.3350
433.3014
432.2121
432.4005
432.5278
432.6114
432.6639
432.6942
432.7086
432.7117
432.7067
432.6961
432.6813
432.6638
432.6442
431.5757
431.7737
431.9113
432.0059
432.0696
432.1115
432.1377
432.1526
432.1595
432.1607
432.1577
432.1518
432.1438
431.0918
431.2981
431.4447
431.5487
431.6220
431.6734
431.7090
431.7333
431.7494
431.7595
431.7653
431.7680
431.7685
430.7294
430.9412
431.0940
431.2043
431.2843
431.3424
431.3849
431.4159
431.4387
431.4555
431.4678
431.4770
431.4837
430.4544
430.6704
430.8279
430.9433
431.0287
431.0924
431.1404
431.1771
431.2056
431.2281
431.2461
431.2608
431.2731
430.2488
430.4696
430.6316
430.7515
430.8412
430.9090
430.9611
431.0017
431.0340
431.0601
431.0817
431.0998
431.1154
430.0978
430.3205
430.4850
430.6077
430.7005
430.7716
430.8270
430.8711
430.9068
430.9364
430.9614
430.9830
431.0022
429.9891
430.2145
430.3818
430.5075
430.6032
430.6773
430.7358
430.7828
430.8215
430.8541
430.8821
430.9066
430.9284
429.9205
430.1472
430.3160
430.4432
430.5406
430.6164
430.6766
430.7254
430.7657
430.7999
430.8295
430.8557
430.8793
429.8762
430.1037
430.2734
430.4020
430.5008
430.5782
430.6400
430.6904
430.7324
430.7683
430.7994
430.8271
430.8521
429.8533
430.0810
430.2513
430.3806
430.4802
430.5584
430.6211
430.6724
430.7152
430.7517
430.7835
430.8117
430.8372
429.8407
430.0682
430.2384
430.3676
430.4673
430.5455
430.6081
430.6595
430.7025
430.7393
430.7715
430.8002
430.8262
429.8309
430.0587
430.2294
430.3591
430.4593
430.5381
430.6012
430.6527
430.6956
430.7322
430.7640
430.7922
430.8175
429.8217
430.0486
430.2184
430.3471
430.4462
430.5239
430.5861
430.6369
430.6792
430.7153
430.7467
430.7746
430.7996
429.8018
430.0291
430.1991
430.3279
430.4270
430.5046
430.5665
430.6170
430.6591
430.6948
430.7259
430.7533
430.7780
429.7788
430.0060
430.1757
430.3042
430.4030
430.4803
430.5420
430.5922
430.6340
430.6694
430.7002
430.7274
430.7518
429.7515
429.9787
430.1484
430.2769
430.3756
430.4528
430.5144
430.5646
430.6063
430.6417
430.6725
430.6996
430.7240
429.7229
429.9502
430.1200
430.2485
430.3471
430.4242
430.4857
430.5356
430.5771
430.6123
430.6428
430.6697
430.6939
429.6914
429.9190
430.0889
430.2175
430.3163
430.3936
430.4553
430.5055
430.5472
430.5827
430.6135
430.6407
430.6653
429.6635
429.8913
430.0616
430.1907
430.2901
430.3679
430.4301
430.4809
430.5233
430.5594
430.5909
430.6187
430.6438
429.6426
429.8707
430.0413
430.1707
430.2703
430.3484
430.4109
430.4619
430.5044
430.5408
430.5724
430.6005
430.6258
429.6248
429.8532
430.0241
430.1537
430.2536
430.3320
430.3947
430.4460
430.4889
430.5256
430.5576
430.5862
430.6120
429.6113
429.8403
430.0118
430.1421
430.2426
430.3216
430.3850
430.4369
430.4804
430.5175
430.5499
430.5787
430.6048
429.6042
429.8332
430.0048
430.1350
430.2354
430.3143
430.3776
430.4293
430.4726
430.5096
430.5418
430.5705
430.5963
429.5954
429.8243
429.9957
430.1258
430.2260
430.3047
430.3678
430.4194
430.4625
430.4994
430.5316
430.5602
430.5860
429.5846
429.8136
429.9850
430.1151
430.2154
430.2942
430.3572
430.4087
430.4518
430.4887
430.5208
430.5493
430.5750
429.5731
429.8021
429.9736
430.1036
438.6550
446.8299
454.6537
462.1481
469.3331
475.4894
481.0599
486.2201
491.1290
488.1432
489.9069
494.5804
486.3857
481.0854
476.3842
472.2958
468.7719
465.6981
463.0044
460.6233
458.5019
456.6002
454.8883
453.3428
454.5048
455.2994
456.5376
458.5565
459.9605
461.3372
463.3797
466.4262
487.6921
507.3005
525.7674
543.6130
561.0024
576.8751
592.8520
608.7896
624.6346
640.3138
655.7635
670.8243
685.4882
699.3263
711.9511
709.3610
709.9526
743.4095
770.8096
793.5367
813.2721
830.7873
832.3242
836.3942
842.2485
849.5177
857.4393
865.5523
873.0128
866.0070
874.7037
881.6341
888.2596
895.1710
887.0879
879.0229
876.1597
877.3969
881.5359
887.6869
895.1674
903.4763
912.2240
920.8374
929.0494
935.4870
955.5180
971.2366
981.5433
991.2388
1000.4292
1008.6795
1001.8921
996.3682
990.9604
982.6757
974.4558
966.3721
958.5000
950.8431
943.7146
936.8428
931.8019
927.3354
923.7515
936.8048
948.2562
958.8046
969.0324
979.0422
988.9273
998.6317
1008.1208
1017.3734
1026.3792
1034.9312
1028.7058
1022.9515
1020.3844
1020.4282
1022.3743
1025.6936
1029.9935
1034.9791
1040.4310
1046.1693
1052.4385
1076.9707
1093.2332
1105.2511
1112.4056
1119.0046
1125.4314
1117.9683
1112.8712
1125.2612
1135.8738
1145.0445
1153.1869
1146.0181
1140.8177
1152.9180
1162.9769
1172.0370
1180.3440
1188.2155
1195.7985
1203.2579
1210.8260
1218.3940
1225.4246
1217.4466
1210.9280
1205.4340
1200.2586
1194.2268
1186.5053
1179.2900
1171.3026
1163.3683
1154.8365
1147.1839
1138.5214
1129.5885
1120.5584
1110.9674
1101.7956
1093.3584
1085.1638
1077.1716
1069.5218
1061.1921
1053.3098
1045.8146
1038.6610
1031.8044
1025.2106
1018.8439
1012.6814
1007.3620
1002.2815
997.3058
992.3021
986.2525
980.3598
974.6050
969.4638
964.1165
958.5181
952.8927
947.2709
940.9981
934.8277
928.7715
922.8138
917.3397
911.9290
907.1196
902.3472
897.7527
893.1931
888.7320
884.3766
880.1295
875.6139
871.2366
867.0104
862.9332
858.9887
855.1728
851.4788
847.9045
833.2956
819.1432
805.4397
804.0345
803.1803
802.6187
802.3293
802.2984
802.2373
802.1743
802.2361
802.1164
801.7886
801.6858
801.7261
788.5731
786.9085
787.9378
789.1005
790.3109
791.5479
792.7062
