0.0663
0.0383
0.0383
0.0383
0.0383
0.0000
0.0383
0.0383
0.0383
0.0383
0.0383
0.0383
0.0383
0.0383
0.0383
0.0383
0.0383
0.0383
0.0000
0.0383
0.0383
0.0383
0.0383
0.0383
0.0383
0.0383
0.0383
0.0383
0.0383
0.0383
0.0383
0.0000
0.0383
0.0383
0.0383
0.0383
0.0383
0.0383
0.0383
0.0383
0.0383
0.0383
0.0383
0.0383
0.0000
0.0383
0.0383
0.0383
0.0383
0.0383
0.0383
0.0383
0.0383
0.0383
0.0383
0.0383
0.0383
0.0000
0.0383
0.0383
0.0383
0.0383
0.0383
0.0383
0.0383
0.0383
0.0383
0.0383
0.0383
0.0383
0.0000
0.0383
0.0383
0.0383
0.0383
0.0383
0.0383
0.0383
0.0383
0.0383
0.0383
0.0383
0.0383
0.0383
0.0383
0.0734
0.0530
0.0513
0.0505
0.1356
0.1436
0.1499
0.1594
0.1695
0.1705
0.1758
0.1763
0.1770
0.1774
0.1778
0.1782
0.1785
0.1788
0.1791
0.1793
0.1796
0.1754
0.1665
0.1620
0.1578
0.1664
0.1712
0.1803
0.1810
0.1810
0.1812
0.1814
0.1818
0.1819
0.1821
0.1644
0.1598
0.1597
0.1687
0.1736
0.1781
0.1829
0.1609
0.0657
0.0615
0.0592
0.0576
0.0563
0.0552
0.0542
0.0534
0.1382
0.1418
0.1567
0.1584
0.1681
0.1777
0.1791
0.1709
0.1624
0.1539
0.1496
0.1497
0.0638
0.0603
0.0584
0.0570
0.0559
0.1359
0.1403
0.1453
0.1511
0.1610
0.1710
0.1762
0.1771
0.1777
0.1783
0.1833
0.1839
0.1844
0.1849
0.1854
0.1813
0.1773
0.0690
0.0647
0.0625
0.0609
0.0596
0.0585
0.0576
0.0569
0.0562
0.0557
0.1365
0.1488
0.1728
0.1788
0.1806
0.1817
0.1869
0.1790
0.1797
0.1847
0.1809
0.1724
0.1724
0.1685
0.1774
0.1914
0.1875
0.1914
0.1914
0.1914
0.1914
0.1914
0.1914
0.1914
0.1914
0.1914
0.1914
0.1914
0.1884
0.1792
0.1750
0.0753
0.1613
0.1715
0.1761
0.1770
0.1725
0.1639
0.1547
0.1627
0.1728
0.1777
0.1771
0.1692
0.0728
0.0686
0.0662
0.0644
0.0630
0.0617
0.0606
0.0596
0.0588
0.0580
0.1435
0.1550
0.1653
0.1673
0.1683
0.1685
0.1696
0.1700
0.1613
0.1528
0.1483
0.0669
0.0627
0.0605
0.0589
0.0580
0.0566
0.0556
0.0547
0.1394
0.1429
0.1489
0.1590
0.1600
0.1647
0.1658
0.1664
0.1668
0.1671
0.1674
0.1677
0.0000
0.0000
0.0000
0.0383
0.0383
0.0383
0.0383
0.0383
0.0383
0.0383
0.0383
0.0383
0.0383
0.0383
0.0438
0.0000
0.1016
0.0696
0.0686
0.0696
0.0705
0.0686
0.0665
0.0643
0.0383
0.0383
0.0383
0.0383
0.0000
0.0383
0.0383
0.0383
0.0383
0.0383
0.0383
0.0383
0.0383
0.0383
0.0383
0.0383
0.0383
0.0000
0.0383
0.0383
0.0383
0.0383
0.0383
0.0383
0.0383
0.0383
0.0383
0.0383
0.0383
0.0383
0.0000
0.0383
0.0383
0.0383
0.0383
0.0383
0.0383
0.0383
0.0383
0.0383
0.0383
0.0383
0.0383
0.0000
0.0383
0.0383
0.0383
0.0383
0.0383
0.0383
0.0383
0.0383
0.0383
0.0383
0.0383
0.0383
0.0000
0.0383
0.0383
0.0383
0.0383
0.0383
0.0383
0.0383
0.0383
0.0383
0.0383
0.0383
0.0383
0.0000
0.0383
0.0383
0.0383
0.0383
0.0383
0.0383
0.0383
0.0383
0.0383
0.0383
0.0383
0.0383
0.0383
0.0383
0.0724
0.0530
0.0514
0.0506
0.0503
0.0499
0.1341
0.1379
0.1528
0.1677
0.1735
0.1746
0.1755
0.1762
0.1768
0.1774
0.1778
0.1783
0.1787
0.1790
0.1794
0.1796
0.1623
0.1620
0.1711
0.1626
0.1716
0.1807
0.1811
0.1815
0.1817
0.1819
0.1824
0.1826
0.1828
0.1650
0.1558
0.1607
0.1695
0.1745
0.1791
0.1795
0.1663
0.0668
0.0626
0.0604
0.0588
0.0575
0.0564
0.0555
0.0548
0.1401
0.1479
0.1631
0.1687
0.1745
0.1797
0.1810
0.1773
0.1779
0.1695
0.1609
0.1609
0.1474
0.0670
0.0629
0.0609
0.0594
0.0585
0.1384
0.1472
0.1525
0.1577
0.1587
0.1646
0.1698
0.1708
0.1846
0.1855
0.1862
0.1869
0.1874
0.1880
0.1883
0.1709
0.0715
0.0674
0.0653
0.0638
0.0626
0.0616
0.0608
0.0600
0.0594
0.0592
0.1574
0.1665
0.1727
0.1832
0.1847
0.1858
0.1914
0.1914
0.1914
0.1912
0.1774
0.1819
0.1732
0.1732
0.1782
0.1829
0.1836
0.1914
0.1914
0.1914
0.1914
0.1914
0.1914
0.1914
0.1914
0.1914
0.1914
0.1914
0.1914
0.1865
0.1863
0.1715
0.1630
0.1716
0.1801
0.1841
0.1758
0.1801
0.1712
0.1656
0.1667
0.1848
0.1844
0.1806
0.0802
0.0757
0.0733
0.0714
0.0699
0.0687
0.0676
0.0666
0.1470
0.1517
0.1654
0.1711
0.1755
0.1774
0.1780
0.1787
0.1744
0.1745
0.1653
0.1570
0.0751
0.0709
0.0687
0.0670
0.0656
0.0646
0.0638
0.1438
0.1518
0.1617
0.1680
0.1688
0.1695
0.1746
0.1751
0.1755
0.1759
0.1761
0.1764
0.1766
0.1767
0.0000
0.0000
0.0000
0.0383
0.0383
0.0383
0.0383
0.0383
0.0383
0.0383
0.0383
0.0383
0.0383
0.0383
0.0383
0.0000
0.1064
0.0738
0.0727
0.0736
0.0745
0.0697
0.0647
0.0652
0.0383
0.0383
0.0383
0.0383
0.0000
0.0383
0.0383
0.0383
0.0383
0.0383
0.0383
0.0383
0.0383
0.0383
0.0383
0.0383
0.0383
0.0000
0.0383
0.0383
0.0383
0.0383
0.0383
0.0383
0.0383
0.0383
0.0383
0.0383
0.0383
0.0383
0.0000
0.0383
0.0383
0.0383
0.0383
0.0383
0.0383
0.0383
0.0383
0.0383
0.0383
0.0383
0.0383
0.0000
0.0383
0.0383
0.0383
0.0383
0.0383
0.0383
0.0383
0.0383
0.0383
0.0383
0.0383
0.0383
0.0000
0.0383
0.0383
0.0383
0.0383
0.0383
0.0383
0.0383
0.0383
0.0383
0.0383
0.0383
0.0383
0.0000
0.0383
0.0383
0.0383
0.0383
0.0383
0.0383
0.0383
0.0383
0.0383
0.0383
0.0383
0.0383
0.0383
0.0383
0.1013
0.0678
0.0644
0.0631
0.0628
0.1424
0.1590
0.1608
0.1754
0.1853
0.1861
0.1868
0.1874
0.1878
0.1881
0.1885
0.1887
0.1889
0.1891
0.1893
0.1895
0.1896
0.1806
0.1717
0.1676
0.1673
0.1851
0.1898
0.1900
0.1903
0.1904
0.1905
0.1909
0.1910
0.1911
0.1777
0.1598
0.1684
0.1685
0.1820
0.1867
0.1914
0.1696
0.0739
0.0696
0.0673
0.0656
0.0642
0.0630
0.0620
0.0612
0.0606
0.1503
0.1582
0.1778
0.1839
0.1850
0.1863
0.1871
0.1878
0.1839
0.1844
0.1672
0.0721
0.0682
0.0661
0.0645
0.0634
0.0623
0.0618
0.1420
0.1501
0.1613
0.1669
0.1723
0.1781
0.1833
0.1886
0.1895
0.1902
0.1908
0.1914
0.1914
0.1882
0.1708
0.0753
0.0711
0.0690
0.0674
0.0662
0.0652
0.0644
0.0637
0.0630
0.0625
0.0624
0.1622
0.1824
0.1852
0.1870
0.1838
0.1848
0.1914
0.1809
0.1914
0.1914
0.1914
0.1874
0.1903
0.1863
0.1866
0.1914
0.1914
0.1914
0.1914
0.1914
0.1914
0.1914
0.1914
0.1914
0.1914
0.1914
0.1914
0.1914
0.1914
0.1800
0.1771
0.1809
0.1805
0.1847
0.1885
0.1802
0.1844
0.1788
0.1707
0.1802
0.1797
0.1837
0.1848
0.0837
0.0794
0.0769
0.0750
0.0735
0.0722
0.0711
0.0701
0.1506
0.1548
0.1603
0.1701
0.1748
0.1807
0.1814
0.1774
0.1737
0.1729
0.1691
0.1596
0.0783
0.0739
0.0717
0.0700
0.0686
0.0674
0.1531
0.1561
0.1616
0.1627
0.1675
0.1730
0.1780
0.1786
0.1790
0.1793
0.1795
0.1797
0.1799
0.1801
0.1802
0.0000
0.0000
0.0000
0.0793
0.0571
0.0571
0.0582
0.0591
0.0383
0.0383
0.0383
0.0383
0.0383
0.0685
0.0751
0.0000
0.1284
0.0817
0.0787
0.0789
0.0793
0.0712
0.0715
0.0663
0.0383
0.0383
0.0383
0.0383
0.0000
0.0383
0.0383
0.0383
0.0383
0.0383
0.0383
0.0383
0.0383
0.0383
0.0383
0.0383
0.0383
0.0000
0.0383
0.0383
0.0383
0.0383
0.0383
0.0383
0.0383
0.0383
0.0383
0.0383
0.0383
0.0383
0.0000
0.0383
0.0383
0.0383
0.0383
0.0383
0.0383
0.0383
0.0383
0.0383
0.0383
0.0383
0.0383
0.0000
0.0383
0.0383
0.0383
0.0383
0.0383
0.0383
0.0383
0.0383
0.0383
0.0383
0.0383
0.0383
0.0000
0.0383
0.0383
0.0383
0.0383
0.0383
0.0383
0.0383
0.0383
0.0383
0.0383
0.0383
0.0383
0.0000
0.0383
0.0383
0.0383
0.0383
0.0383
0.0383
0.0383
0.0383
0.0383
0.0383
0.0383
0.0383
0.0383
0.0383
0.1106
0.0726
0.0687
0.0672
0.1531
0.1598
0.1617
0.1663
0.1761
0.1767
0.1907
0.1913
0.1914
0.1914
0.1914
0.1914
0.1914
0.1914
0.1914
0.1914
0.1914
0.1914
0.1911
0.1809
0.1712
0.1672
0.1848
0.1914
0.1914
0.1914
0.1914
0.1914
0.1914
0.1914
0.1914
0.1894
0.1647
0.1727
0.1775
0.1911
0.1914
0.1870
0.1693
0.0779
0.0737
0.0713
0.0696
0.0682
0.0670
0.0661
0.0652
0.0644
0.1498
0.1630
0.1821
0.1882
0.1892
0.1906
0.1868
0.1787
0.1701
0.1659
0.1572
0.0754
0.0712
0.0696
0.0681
0.0672
0.1482
0.1555
0.1615
0.1629
0.1637
0.1645
0.1785
0.1793
0.1889
0.1897
0.1903
0.1908
0.1913
0.1914
0.1914
0.1840
0.1661
0.0794
0.0753
0.0731
0.0715
0.0702
0.0692
0.0683
0.0676
0.0669
0.0664
0.1612
0.1825
0.1896
0.1908
0.1914
0.1894
0.1914
0.1914
0.1914
0.1914
0.1914
0.1914
0.1873
0.1727
0.1770
0.1863
0.1914
0.1914
0.1914
0.1914
0.1914
0.1914
0.1914
0.1914
0.1914
0.1914
0.1914
0.1914
0.1914
0.1914
0.1914
0.1898
0.1817
0.1758
0.1807
0.1914
0.1844
0.1746
0.1745
0.1746
0.1828
0.1872
0.1913
0.1839
0.0870
0.0824
0.0799
0.0780
0.0764
0.0751
0.0739
0.0728
0.0719
0.1525
0.1701
0.1764
0.1812
0.1818
0.1831
0.1748
0.1747
0.1752
0.1706
0.1666
0.0802
0.0758
0.0736
0.0719
0.1526
0.1552
0.1563
0.1618
0.1621
0.1671
0.1674
0.1680
0.1769
0.1772
0.1814
0.1822
0.1824
0.1825
0.1826
0.1827
0.1738
0.0000
0.0000
0.0000
0.0383
0.0383
0.0383
0.0383
0.0383
0.0383
0.0383
0.0383
0.0383
0.0383
0.0627
0.0714
0.0000
0.1213
0.0790
0.0768
0.0773
0.0779
0.0784
0.0733
0.0709
0.0383
0.0383
0.0383
0.0383
0.0000
0.0383
0.0383
0.0383
0.0383
0.0383
0.0383
0.0383
0.0383
0.0383
0.0383
0.0383
0.0383
0.0000
0.0383
0.0383
0.0383
0.0383
0.0383
0.0383
0.0383
0.0383
0.0383
0.0383
0.0383
0.0383
0.0000
0.0383
0.0383
0.0383
0.0383
0.0383
0.0383
0.0383
0.0383
0.0383
0.0383
0.0383
0.0383
0.0000
0.0383
0.0383
0.0383
0.0383
0.0383
0.0383
0.0383
0.0383
0.0383
0.0383
0.0383
0.0383
0.0000
0.0383
0.0383
0.0383
0.0383
0.0383
0.0383
0.0383
0.0383
0.0383
0.0383
0.0383
0.0383
0.0000
0.0383
0.0383
0.0383
0.0383
0.0383
0.0383
0.0383
0.0383
0.0383
0.0383
0.0383
0.0383
0.0383
0.0383
0.1103
0.0722
0.0684
0.0669
0.0658
0.0647
0.0638
0.0629
0.0621
0.0614
0.0606
0.0599
0.0593
0.0587
0.0581
0.0575
0.0569
0.0564
0.0559
0.0555
0.0550
0.0546
0.0542
0.0538
0.0534
0.0531
0.0527
0.0524
0.0521
0.0518
0.0516
0.0513
0.0511
0.0509
0.0506
0.0504
0.0503
0.0501
0.0499
0.0498
0.0496
0.0495
0.0493
0.0492
0.0491
0.0490
0.0488
0.0487
0.0486
0.0486
0.0485
0.0484
0.0483
0.0482
0.0482
0.0481
0.0480
0.0480
0.0479
0.0479
0.0478
0.0478
0.0477
0.0477
0.0477
0.0476
0.0476
0.0476
0.0475
0.0475
0.0475
0.0474
0.0474
0.0474
0.0474
0.0473
0.0473
0.0473
0.0473
0.0472
0.0472
0.0472
0.0472
0.0472
0.0472
0.0471
0.0471
0.0471
0.0471
0.0471
0.0471
0.0471
0.0471
0.0471
0.0471
0.0471
0.0471
0.0471
0.0471
0.0471
0.0471
0.0471
0.0471
0.0471
0.0471
0.0471
0.0471
0.0472
0.0472
0.0472
0.0472
0.0472
0.0472
0.0472
0.0472
0.0472
0.0472
0.0473
0.0473
0.0473
0.0383
0.0383
0.0383
0.0383
0.0383
0.0383
0.0383
0.0383
0.0383
0.0383
0.0383
0.0383
0.0000
0.0383
0.0383
0.0383
0.0383
0.0383
0.0383
0.0383
0.0383
0.0383
0.0383
0.0383
0.0383
0.0000
0.0383
0.0383
0.0383
0.0383
0.0383
0.0383
0.0383
0.0383
0.0383
0.0383
0.0383
0.0383
0.0000
0.0383
0.0383
0.0383
0.0383
0.0383
0.0383
0.0383
0.0383
0.0383
0.0383
0.0383
0.0383
0.0000
0.0383
0.0383
0.0383
0.0383
0.0383
0.0383
0.0383
0.0383
0.0383
0.0383
0.0383
0.0383
0.0000
0.0383
0.0383
0.0383
0.0383
0.0383
0.0383
0.0383
0.0383
0.0383
0.0383
0.0383
0.0383
0.0000
0.0383
0.0383
0.0383
0.0383
0.0383
0.0383
0.0383
0.0383
0.0383
0.0383
0.0383
0.0383
0.0000
0.0383
0.0383
0.0383
0.0383
0.0383
0.0383
0.0383
0.0383
0.0383
0.0383
0.0383
0.0383
0.0000
0.0383
0.0383
0.0383
0.0383
0.0383
0.0383
0.0383
0.0383
0.0383
0.0383
0.0383
0.0383
0.0000
0.0383
0.0383
0.0383
0.0383
0.0383
0.0383
0.0383
0.0383
0.0383
0.0383
0.0383
0.0383
0.0000
0.0383
0.0383
0.0383
0.0383
0.0383
0.0383
0.0383
0.0383
0.0383
0.0383
0.0383
0.0383
0.0000
0.0383
0.0383
0.0383
0.0383
0.0383
0.0383
0.0383
0.0383
0.0383
0.0383
0.0383
0.0383
0.0000
0.0383
0.0383
0.0383
0.0383
0.0383
0.0383
0.0383
0.0383
0.0383
0.0383
0.0383
0.0383
0.0000
0.0383
0.0383
0.0383
0.0383
0.0383
0.0383
0.0383
0.0383
0.0383
0.0383
0.0383
0.0383
0.0000
0.0383
0.0383
0.0383
0.0383
0.0383
0.0383
0.0383
0.0383
0.0383
0.0383
0.0383
0.0383
0.0000
0.0383
0.0383
0.0383
0.0383
0.0383
0.0383
0.0383
0.0383
0.0383
0.0383
0.0383
0.0383
0.0000
0.0383
0.0383
0.0383
0.0383
0.0383
0.0383
0.0383
0.0383
0.0383
0.0383
0.0383
0.0383
0.0000
0.0383
0.0383
0.0383
0.0383
0.0383
0.0383
0.0383
0.0383
0.0383
0.0383
0.0383
0.0383
0.0000
0.0383
0.0383
0.0383
0.0383
0.0383
0.0383
0.0383
0.0383
0.0383
0.0383
0.0383
0.0383
0.0000
0.0383
0.0383
0.0383
0.0383
0.0383
0.0383
0.0383
0.0383
0.0383
0.0383
0.0383
0.0383
0.0000
0.0383
0.0383
0.0383
0.0383
0.0383
0.0383
0.0383
0.0383
0.0383
0.0383
0.0383
0.0383
0.0000
0.0383
0.0383
0.0383
0.0383
0.0383
0.0383
0.0383
0.0383
0.0383
0.0383
0.0383
0.0383
0.0000
0.0383
0.0383
0.0383
0.0383
0.0383
0.0383
0.0383
0.0383
0.0383
0.0383
0.0383
0.0383
0.0000
0.0383
0.0383
0.0383
0.0383
0.0383
0.0383
0.0383
0.0383
0.0383
0.0383
0.0383
0.0383
0.0000
0.0383
0.0383
0.0383
0.0383
0.0383
0.0383
0.0383
0.0383
0.0383
0.0383
0.0383
0.0383
0.0000
0.0383
0.0383
0.0383
0.0383
0.0383
0.0383
0.0383
0.0383
0.0383
0.0383
0.0383
0.0383
0.0000
0.0383
0.0383
0.0383
0.0383
0.0383
0.0383
0.0383
0.0383
0.0383
0.0383
0.0383
0.0383
0.0000
0.0383
0.0383
0.0383
0.0383
0.0383
0.0383
0.0383
0.0383
0.0383
0.0383
0.0383
0.0383
0.0000
0.0383
0.0383
0.0383
0.0383
0.0383
0.0383
0.0383
0.0383
0.0383
0.0383
0.0383
0.0383
0.0000
0.0383
0.0383
0.0383
0.0383
0.0383
0.0383
0.0383
0.0383
0.0383
0.0383
0.0383
0.0383
0.0000
0.0383
0.0383
0.0383
0.0383
0.0383
0.0383
0.0383
0.0383
0.0383
0.0383
0.0383
0.0383
0.0000
0.0383
0.0383
0.0383
0.0383
0.0383
0.0383
0.0383
0.0383
0.0383
0.0383
0.0383
0.0383
0.0000
0.0383
0.0383
0.0383
0.0383
0.0383
0.0383
0.0383
0.0383
0.0383
0.0383
0.0383
0.0383
0.0000
0.0383
0.0383
0.0383
0.0383
0.0383
0.0383
0.0383
0.0383
0.0383
0.0383
0.0383
0.0383
0.0000
0.0383
0.0383
0.0383
0.0383
0.0383
0.0383
0.0383
0.0383
0.0383
0.0383
0.0383
0.0383
0.0383
0.0383
0.1086
0.0714
0.0676
0.0660
0.0653
0.1457
0.1530
0.1587
0.1730
0.1874
0.1884
0.1890
0.1896
0.1900
0.1903
0.1906
0.1908
0.1911
0.1913
0.1914
0.1914
0.1829
0.1828
0.1828
0.1708
0.1642
0.1782
0.1914
0.1914
0.1914
0.1914
0.1914
0.1914
0.1914
0.1860
0.1849
0.1670
0.1713
0.1713
0.1847
0.1895
0.1853
0.1770
0.0771
0.0726
0.0704
0.0687
0.0674
0.0663
0.0654
0.0646
0.1453
0.1580
0.1603
0.1655
0.1799
0.1899
0.1913
0.1788
0.1748
0.1707
0.1624
0.1581
0.1582
0.0770
0.0729
0.0709
0.0695
0.1498
0.1578
0.1683
0.1741
0.1795
0.1897
0.1904
0.1913
0.1914
0.1914
0.1914
0.1914
0.1914
0.1914
0.1914
0.1914
0.1798
0.0845
0.0795
0.0772
0.0755
0.0742
0.0732
0.0723
0.0715
0.0709
0.0703
0.1519
0.1687
0.1795
0.1900
0.1914
0.1914
0.1902
0.1914
0.1914
0.1914
0.1914
0.1914
0.1914
0.1895
0.1912
0.1914
0.1914
0.1914
0.1914
0.1914
0.1914
0.1914
0.1914
0.1914
0.1914
0.1914
0.1914
0.1914
0.1914
0.1914
0.1914
0.1914
0.1914
0.1860
0.1914
0.1914
0.1914
0.1914
0.1884
0.1774
0.1811
0.1914
0.1908
0.1856
0.0942
0.0892
0.0868
0.0848
0.0833
0.0819
0.0807
0.0797
0.1604
0.1689
0.1745
0.1757
0.1854
0.1904
0.1914
0.1914
0.1880
0.1835
0.1747
0.1702
0.0881
0.0836
0.0813
0.0796
0.0781
0.1588
0.1619
0.1631
0.1684
0.1829
0.1760
0.1794
0.1878
0.1888
0.1891
0.1895
0.1895
0.1896
0.1897
0.1898
0.1853
0.0000
0.0000
0.0000
0.0383
0.0383
0.0383
0.0383
0.0383
0.0383
0.0383
0.0383
0.0383
0.0383
0.0383
0.0544
0.0000
0.1230
0.0802
0.0781
0.0787
0.0793
0.0770
0.0747
0.0722
0.1914
0.1914
0.1914
0.1914
0.0000
0.1914
0.1914
0.1914
0.1914
0.1914
0.1914
0.1914
0.1914
0.1914
0.1914
0.1914
0.1914
0.0000
0.1914
0.1914
0.1914
0.1914
0.1914
0.1914
0.1914
0.1914
0.1914
0.1914
0.1914
0.1914
0.0000
0.1914
0.1914
0.1914
0.1914
0.1914
0.1914
0.1914
0.1914
0.1914
0.1914
0.1914
0.1914
0.0000
0.1914
0.1914
0.1914
0.1914
0.1914
0.1914
0.1914
0.1914
0.1914
0.1914
0.1914
0.1914
0.0000
0.1914
0.1914
0.1914
0.1914
0.1914
0.1914
0.1914
0.1914
0.1914
0.1914
0.1914
0.1914
0.0000
0.1914
0.1914
0.1914
0.1914
0.1914
0.1914
0.1914
0.1914
0.1914
0.1914
0.1914
0.1914
0.1914
0.1914
0.1914
0.1914
0.1430
0.0984
0.0383
0.0383
0.0383
0.0383
0.0383
0.0383
0.0383
0.0383
0.0383
0.0383
0.0383
0.0383
0.0383
0.0383
0.0383
0.0383
0.0383
0.0383
0.0383
0.0383
0.0383
0.0383
0.0383
0.0383
0.0383
0.0383
0.0383
0.0383
0.0383
0.0383
0.0383
0.0383
0.0383
0.0383
0.0383
0.0383
0.0383
0.0383
0.0383
0.0383
0.0383
0.0383
0.0383
0.0383
0.0383
0.0383
0.0383
0.0383
0.0383
0.0383
0.0383
0.0383
0.0383
0.0383
0.0383
0.0383
0.0383
0.0383
0.0383
0.0383
0.0383
0.0383
0.0383
0.0383
0.0383
0.0383
0.0383
0.0383
0.0383
0.0383
0.0383
0.0383
0.0383
0.0383
0.0383
0.0383
0.0383
0.0383
0.0383
0.0383
0.0383
0.0383
0.0383
0.0383
0.0383
0.0383
0.0383
0.0383
0.0383
0.0383
0.0383
0.0383
0.0383
0.0383
0.0383
0.0383
0.0383
0.0383
0.0383
0.0383
0.0383
0.0383
0.0383
0.0383
0.0383
0.0383
0.0383
0.0383
0.0428
0.0491
0.0502
0.0527
0.0536
0.0529
0.0488
0.0494
0.0468
0.0474
0.0479
0.0469
0.0442
0.0446
0.0419
0.0391
0.0410
0.0445
0.0450
0.0439
0.0426
0.0445
0.0433
0.0452
0.0471
0.0491
0.0416
0.0383
0.0383
0.0383
0.0383
0.0383
0.0383
0.0383
0.0383
0.0383
0.0383
0.0383
0.0383
0.0383
0.0383
0.0451
0.0456
0.0449
0.0424
0.0413
0.0417
0.0421
0.0383
0.0383
0.0383
0.0383
0.0383
0.0383
0.0383
0.0383
0.0383
0.0383
0.0383
0.0384
0.0466
0.0494
0.0501
0.0507
0.0513
0.0517
0.0521
0.0509
0.1914
0.1914
0.1914
0.1914
0.1914
0.1914
0.1914
0.1914
0.1914
0.1914
0.1914
0.1914
0.0000
0.1914
0.1914
0.1914
0.1914
0.1914
0.1914
0.1914
0.1914
0.1914
0.1914
0.1914
0.1914
0.0000
0.1914
0.1914
0.1914
0.1914
0.1914
0.1914
0.1914
0.1914
0.1914
0.1914
0.1914
0.1914
0.0000
0.1914
0.1914
0.1914
0.1914
0.1914
0.1914
0.1914
0.1914
0.1914
0.1914
0.1914
0.1914
0.0000
0.1914
0.1914
0.1914
0.1914
0.1914
0.1914
0.1914
0.1914
0.1914
0.1914
0.1914
0.1914
0.0000
0.1914
0.1914
0.1914
0.1914
0.1914
0.1914
0.1914
0.1914
0.1914
0.1914
0.1914
0.1914
0.0000
0.1914
0.1914
0.1914
0.1914
0.1914
0.1914
0.1914
0.1914
0.1914
0.1914
0.1914
0.1914
0.0000
0.1914
0.1914
0.1914
0.1914
0.1914
0.1914
0.1914
0.1914
0.1914
0.1914
0.1914
0.1914
0.1914
0.1914
0.1914
0.1914
0.1914
0.1914
0.1656
0.0795
0.0622
0.0383
0.0383
0.0383
0.0383
0.0383
0.0383
0.0383
0.0383
0.0383
0.0383
0.0383
0.0383
0.0383
0.0383
0.0383
0.0383
0.0383
0.0383
0.0383
0.0383
0.0383
0.0383
0.0383
0.0383
0.0383
0.0383
0.0383
0.0383
0.0383
0.0383
0.0383
0.0383
0.0383
0.0383
0.0383
0.0383
0.0383
0.0383
0.0383
0.0383
0.0383
0.0383
0.0383
0.0383
0.0383
0.0383
0.0383
0.0383
0.0383
0.0383
0.0383
0.0383
0.0383
0.0383
0.0383
0.0383
0.0383
0.0383
0.0383
0.0383
0.0383
0.0383
0.0383
0.0383
0.0383
0.0383
0.0383
0.0383
0.0383
0.0383
0.0383
0.0383
0.0383
0.0383
0.0383
0.0383
0.0383
0.0383
0.0383
0.0383
0.0383
0.0383
0.0383
0.0383
0.0383
0.0383
0.0383
0.0383
0.0383
0.0383
0.0383
0.0383
0.0383
0.0383
0.0383
0.0383
0.0383
0.0383
0.0384
0.0458
0.0476
0.0458
0.0437
0.0430
0.0438
0.0447
0.0470
0.0446
0.0532
0.0588
0.0612
0.0635
0.0641
0.0647
0.0653
0.0642
0.0615
0.0619
0.0592
0.0563
0.0534
0.0505
0.0491
0.0510
0.0512
0.0516
0.0550
0.0537
0.0506
0.0479
0.0496
0.0529
0.0564
0.0567
0.0506
0.0383
0.0383
0.0383
0.0383
0.0383
0.0383
0.0383
0.0383
0.0383
0.0383
0.0383
0.0383
0.0383
0.0480
0.0535
0.0545
0.0536
0.0525
0.0513
0.0485
0.0487
0.0383
0.0383
0.0383
0.0383
0.0383
0.0383
0.0383
0.0383
0.0383
0.0383
0.0466
0.0533
0.0557
0.0563
0.0567
0.0571
0.0574
0.0577
0.0579
0.0565
0.1914
0.1914
0.1914
0.1914
0.1914
0.1914
0.1914
0.1914
0.1914
0.1914
0.1914
0.1914
0.0000
0.1914
0.1914
0.1914
0.1914
0.1914
0.1914
0.1914
0.1914
0.1914
0.1914
0.1914
0.0383
0.0000
0.0383
0.0383
0.0383
0.0383
0.0383
0.0383
0.0383
0.0383
0.0383
0.0383
0.0383
0.0383
0.0000
0.0407
0.0383
0.0383
0.0383
0.0383
0.0383
0.0383
0.0383
0.0383
0.0383
0.0383
0.0383
0.0000
0.0383
0.0383
0.0383
0.0383
0.0383
0.0383
0.0383
0.0383
0.0383
0.0383
0.0383
0.0383
0.0000
0.0383
0.0383
0.0383
0.0383
0.0383
0.0383
0.0383
0.0383
0.0383
0.0383
0.0383
0.0383
0.0000
0.0383
0.0383
0.0383
0.0383
0.0383
0.0383
0.0755
0.0542
0.0520
0.0510
0.0501
0.0493
0.0000
0.0762
0.0489
0.0469
0.0461
0.0453
0.1026
0.0733
0.0696
0.0680
0.0666
0.0654
0.0642
0.0632
0.0621
0.0612
0.0603
0.0594
0.1640
0.1164
0.1094
0.1064
0.1914
0.1914
0.1914
0.1914
0.1914
0.1914
0.1914
0.1914
0.1914
0.1914
0.1914
0.1914
0.1914
0.1914
0.1914
0.1914
0.1914
0.1914
0.1914
0.1914
0.1914
0.1914
0.1914
0.1914
0.1914
0.1914
0.1914
0.1914
0.1914
0.1914
0.1914
0.1914
0.1914
0.1914
0.1914
0.1914
0.1914
0.1914
0.1914
0.1278
0.1077
0.1028
0.0999
0.0977
0.0958
0.0942
0.0928
0.1739
0.1820
0.1914
0.1914
0.1914
0.1914
0.1914
0.1914
0.1914
0.1914
0.1914
0.1890
0.1025
0.0974
0.0948
0.0928
0.0912
0.1717
0.1846
0.1908
0.1914
0.1914
0.1914
0.1914
0.1914
0.1914
0.1914
0.1914
0.1914
0.1914
0.1914
0.1914
0.1914
0.1914
0.1196
0.1016
0.0973
0.0948
0.0929
0.0913
0.0900
0.0889
0.0877
0.1781
0.1869
0.1914
0.1914
0.1914
0.1914
0.1914
0.1914
0.1914
0.1914
0.1914
0.1914
0.1914
0.1914
0.1914
0.1914
0.1914
0.1914
0.1914
0.1914
0.1914
0.1914
0.1914
0.1914
0.1914
0.1914
0.1914
0.1914
0.1914
0.1914
0.1914
0.1914
0.1914
0.1914
0.1914
0.1914
0.1914
0.1914
0.1914
0.1914
0.1914
0.1914
0.1914
0.1914
0.1914
0.1133
0.1015
0.0979
0.0955
0.0935
0.0918
0.0904
0.0890
0.0879
0.0870
0.1683
0.1847
0.1898
0.1914
0.1914
0.1914
0.1823
0.1809
0.1762
0.0938
0.0894
0.0870
0.0852
0.0837
0.1642
0.1676
0.1695
0.1743
0.1747
0.1840
0.1914
0.1914
0.1914
0.1914
0.1914
0.1914
0.1914
0.1914
0.1914
0.1914
0.1914
0.0000
0.0000
0.0383
0.0383
0.0383
0.0383
0.0383
0.0383
0.0383
0.0383
0.0383
0.0383
0.0473
0.0720
0.0000
0.1299
0.0826
0.0801
0.0804
0.0808
0.0812
0.0788
0.0764
0.0742
0.0383
0.0383
0.0383
0.0000
0.0383
0.0383
0.0383
0.0383
0.0383
0.0383
0.0383
0.0383
0.0383
0.0383
0.0383
0.0383
0.0000
0.0383
0.0383
0.0383
0.0383
0.0383
0.0383
0.0383
0.0383
0.0383
0.0383
0.0383
0.0383
0.0000
0.0383
0.0383
0.0383
0.0383
0.0383
0.0383
0.0383
0.0383
0.0383
0.0383
0.0383
0.0383
0.0000
0.0383
0.0383
0.0383
0.0383
0.0383
0.0383
0.0383
0.0383
0.0383
0.0383
0.0383
0.0383
0.0000
0.0383
0.0383
0.0383
0.0383
0.0383
0.0383
0.0383
0.0383
0.0383
0.0383
0.0383
0.0383
0.0000
0.0383
0.0383
0.0383
0.0399
0.0383
0.0383
0.0383
0.0383
0.0383
0.0383
0.0383
0.0383
0.0383
0.0383
0.0383
0.1267
0.0819
0.0767
0.0748
0.1606
0.1768
0.1822
0.1873
0.1882
0.1914
0.1914
0.1914
0.1914
0.1914
0.1914
0.1914
0.1914
0.1914
0.1914
0.1914
0.1914
0.1914
0.1914
0.1914
0.1914
0.1698
0.1698
0.1914
0.1914
0.1914
0.1914
0.1914
0.1914
0.1914
0.1914
0.1914
0.1902
0.1914
0.1865
0.1844
0.1841
0.1914
0.1758
0.0837
0.0792
0.0768
0.0749
0.0735
0.0723
0.0711
0.0704
0.1599
0.1693
0.1703
0.1851
0.1901
0.1914
0.1914
0.1914
0.1897
0.1719
0.1713
0.1633
0.0811
0.0772
0.0751
0.0735
0.0723
0.0713
0.1616
0.1698
0.1756
0.1859
0.1914
0.1914
0.1914
0.1914
0.1914
0.1914
0.1914
0.1914
0.1914
0.1914
0.1914
0.1821
0.0865
0.0815
0.0791
0.0774
0.0760
0.0749
0.0739
0.0731
0.0724
0.1535
0.1713
0.1816
0.1914
0.1914
0.1914
0.1914
0.1914
0.1914
0.1914
0.1914
0.1914
0.1914
0.1907
0.1878
0.1914
0.1914
0.1914
0.1914
0.1914
0.1914
0.1914
0.1914
0.1914
0.1914
0.1914
0.1914
0.1914
0.1914
0.1914
0.1914
0.1914
0.1914
0.1878
0.1834
0.1914
0.1901
0.1903
0.1914
0.1914
0.1914
0.1914
0.1914
0.1914
0.1914
0.1914
0.1914
0.1914
0.1914
0.1914
0.1914
0.1914
0.1914
0.1914
0.1914
0.1914
0.1914
0.1914
0.1914
0.1914
0.1914
0.1914
0.1914
0.1914
0.1914
0.1914
0.1914
0.1914
0.1914
0.1914
0.1914
0.1914
0.1914
0.1914
0.1914
0.1914
0.1914
0.1914
0.1914
0.1914
0.1914
0.1914
0.1914
0.1914
0.1914
0.1914
0.1914
0.1914
0.1914
0.1914
0.1914
0.1914
0.1914
0.1914
0.1914
0.1914
0.1914
0.1914
0.0000
0.1914
0.1914
0.1914
0.1914
0.1914
0.1914
0.1914
0.1914
0.1914
0.1914
0.1914
0.1914
0.0000
0.1914
0.1914
0.1914
0.1914
0.1914
0.1914
0.1914
0.1914
0.1914
0.1914
0.1914
0.1914
0.0000
0.1914
0.1914
0.1914
0.1914
0.1914
0.1914
0.1914
0.1914
0.1914
0.1914
0.1914
0.1914
0.0000
0.1914
0.1914
0.1914
0.1914
0.1914
0.1914
0.1914
0.1914
0.1914
0.1914
0.1914
0.1914
0.0000
0.1914
0.1914
0.1914
0.1914
0.1914
0.1914
0.1914
0.1914
0.1914
0.1914
0.1914
0.1914
0.0000
0.1914
0.1914
0.1914
0.1914
0.1914
0.1914
0.1914
0.1914
0.1914
0.1914
0.1914
0.1914
0.0000
0.1914
0.1914
0.1914
0.1914
0.1914
0.1914
0.1914
0.1914
0.1914
0.1914
0.1914
0.1914
0.1914
0.1914
0.1914
0.1914
0.1914
0.1914
0.1914
0.1914
0.1914
0.1914
0.1914
0.1914
0.1914
0.1914
0.1914
0.1914
0.1914
0.1914
0.1914
0.1914
0.1914
0.1914
0.1914
0.1914
0.1914
0.1914
0.1914
0.1914
0.1914
0.1914
0.1914
0.1914
0.1914
0.1914
0.1914
0.1914
0.1914
0.1914
0.1914
0.1914
0.1914
0.1914
0.1914
0.1914
0.1914
0.1914
0.1914
0.1914
0.1914
0.1914
0.1914
0.1914
0.1914
0.1914
0.1914
0.1914
0.1914
0.1914
0.1914
0.1914
0.1914
0.1914
0.1914
0.1914
0.1914
0.1914
0.1914
0.1914
0.1914
0.1914
0.1914
0.1914
0.1914
0.1914
0.1914
0.1914
0.1914
0.1914
0.1914
0.1914
0.1914
0.1914
0.1914
0.1914
0.1914
0.1914
0.1914
0.1914
0.1914
0.1914
0.1914
0.1914
0.1914
0.1914
0.1914
0.1914
0.1914
0.1914
0.1914
0.1914
0.1914
0.1914
0.1914
0.1914
0.1914
0.1914
0.1914
0.1914
0.1914
0.1914
0.1914
0.1914
0.1914
0.1914
0.1914
0.1914
0.1914
0.1914
0.1914
0.1914
0.1914
0.1914
0.1914
0.1914
0.1914
0.1914
0.1914
0.1914
0.1914
0.1914
0.1914
0.1914
0.1914
0.1914
0.1914
0.1914
0.1914
0.0000
0.1914
0.1914
0.1914
0.1914
0.1914
0.1914
0.1914
0.1914
0.1914
0.1914
0.1914
0.1914
0.0000
0.1914
0.1914
0.1914
0.1914
0.1914
0.1914
0.1914
0.1914
0.1914
0.1914
0.1914
0.1914
0.0000
0.1914
0.1914
0.1914
0.1914
0.1914
0.1914
0.1914
0.1914
0.1914
0.1914
0.1914
0.1914
0.0000
0.1914
0.1914
0.1914
0.1914
0.1914
0.1914
0.1914
0.1914
0.1914
0.1914
0.1914
0.1914
0.0000
0.1914
0.1914
0.1914
0.1914
0.1914
0.1914
0.1914
0.1914
0.1914
0.1914
0.1914
0.1914
0.0000
0.1914
0.1914
0.1914
0.1914
0.1914
0.1914
0.1914
0.1914
0.1914
0.1914
0.1914
0.1914
0.0000
0.1914
0.1914
0.1914
0.1914
0.1914
0.1914
0.1914
0.1914
0.1914
0.1914
0.1914
0.1914
0.0000
0.1914
0.1914
0.1914
0.1914
0.1914
0.1914
0.1914
0.1914
0.1914
0.1914
0.1914
0.1914
0.0000
0.1914
0.1914
0.1914
0.1914
0.1914
0.1914
0.1914
0.1914
0.1914
0.1914
0.1914
0.1914
0.0000
0.1914
0.1914
0.1914
0.1914
0.1914
0.1914
0.1914
0.1914
0.1914
0.1914
0.1914
0.1914
0.0000
0.1914
0.1914
0.1914
0.1914
0.1914
0.1914
0.1914
0.1914
0.1914
0.1914
0.1914
0.1914
0.0000
0.1914
0.1914
0.1914
0.1914
0.1914
0.1914
0.1914
0.1914
0.1914
0.1914
0.1914
0.1914
0.0000
0.1914
0.1914
0.1914
0.1914
0.1914
0.1914
0.1914
0.1914
0.1914
0.1914
0.1914
0.1914
0.0000
0.1914
0.1914
0.1914
0.1914
0.1914
0.1914
0.1914
0.1914
0.1914
0.1914
0.1914
0.1914
0.0000
0.1914
0.1914
0.1914
0.1914
0.1914
0.1914
0.1914
0.1914
0.1914
0.1914
0.1914
0.1914
0.0000
0.1914
0.1914
0.1914
0.1914
0.1914
0.1914
0.1914
0.1914
0.1914
0.1914
0.1914
0.1914
0.0000
0.1914
0.1914
0.1914
0.1914
0.1914
0.1914
0.1914
0.1914
0.1914
0.1914
0.1914
0.1914
0.0000
0.1914
0.1914
0.1914
0.1914
0.1914
0.1914
0.1914
0.1914
0.1914
0.1914
0.1914
0.1914
0.0000
0.1914
0.1914
0.1914
0.1914
0.1914
0.1914
0.1914
0.1914
0.1914
0.1914
0.1914
0.1914
0.0000
0.1914
0.1914
0.1914
0.1914
0.1914
0.1914
0.1914
0.1914
0.1914
0.1914
0.1914
0.1914
0.0000
0.1914
0.1914
0.1914
0.1914
0.1914
0.1914
0.1914
0.1914
0.1914
0.1914
0.1914
0.1914
0.0000
0.1914
0.1914
0.1914
0.1914
0.1914
0.1914
0.1914
0.1914
0.1914
0.1914
0.1914
0.1914
0.0000
0.1914
0.1914
0.1914
0.1914
0.1914
0.1914
0.1914
0.1914
0.1914
0.1914
0.1914
0.1914
0.0000
0.1914
0.1914
0.1914
0.1914
0.1914
0.1914
0.1914
0.1914
0.1914
0.1914
0.1914
0.1914
0.0000
0.1914
0.1914
0.1914
0.1914
0.1914
0.1914
0.1914
0.1914
0.1914
0.1914
0.1914
0.1914
0.0000
0.1914
0.1914
0.1914
0.1914
0.1914
0.1914
0.1914
0.1914
0.1914
0.1914
0.1914
0.1914
0.0000
0.1914
0.1914
0.1914
0.1914
0.1914
0.1914
0.1914
0.1914
0.1914
0.1914
0.1914
0.1914
0.0000
0.1914
0.1914
0.1914
0.1914
0.1914
0.1914
0.1914
0.1914
0.1914
0.1914
0.1914
0.1914
0.0000
0.1914
0.1914
0.1914
0.1914
0.1914
0.1914
0.1914
0.1914
0.1914
0.1914
0.1914
0.1914
0.0000
0.1914
0.1914
0.1914
0.1914
0.1914
0.1914
0.1914
0.1914
0.1914
0.1914
0.1914
0.1914
0.0000
0.1914
0.1914
0.1914
0.1914
0.1914
0.1914
0.1914
0.1914
0.1914
0.1914
0.1914
0.1914
0.0000
0.1914
0.1914
0.1914
0.1914
0.1914
0.1914
0.1914
0.1914
0.1914
0.1914
0.1914
0.1914
0.0000
0.1914
0.1914
0.1914
0.0383
0.0383
0.0383
0.0383
0.0383
0.0383
0.0383
0.0383
0.0383
0.0000
0.0383
0.0383
0.0383
0.0383
0.0383
0.0383
0.0383
0.0383
0.0383
0.0383
0.0383
0.0383
0.0383
0.0383
0.0383
0.0383
0.0383
0.0383
0.0383
0.0383
0.0383
0.1284
0.1478
0.1547
0.1611
0.1627
0.1641
0.1653
0.1661
0.1671
0.1679
0.1686
0.1694
0.1700
0.1706
0.1624
0.1581
0.1629
0.1592
0.1461
0.1552
0.1731
0.1739
0.1745
0.1750
0.1753
0.1759
0.1763
0.1766
0.1679
0.1682
0.1597
0.1465
0.1598
0.1779
0.1786
0.1478
0.0618
0.0578
0.0557
0.0542
0.0531
0.0521
0.0513
0.0506
0.1315
0.1390
0.1541
0.1691
0.1704
0.1757
0.1771
0.1734
0.1742
0.1746
0.1620
0.1532
0.0633
0.0595
0.0576
0.0563
0.0552
0.0545
0.0536
0.1345
0.1378
0.1485
0.1678
0.1736
0.1749
0.1803
0.1813
0.1821
0.1829
0.1836
0.1843
0.1849
0.1810
0.1593
0.0686
0.0646
0.0625
0.0611
0.0599
0.0590
0.0583
0.0576
0.0570
0.1466
0.1602
0.1661
0.1765
0.1820
0.1836
0.1847
0.1899
0.1914
0.1844
0.1914
0.1891
0.1891
0.1761
0.1720
0.1678
0.1638
0.1858
0.1914
0.1914
0.1914
0.1914
0.1914
0.1914
0.1914
0.1914
0.1914
0.1914
0.1914
0.1914
0.1914
0.1828
0.1628
0.1624
0.1789
0.1850
0.1793
0.1794
0.1620
0.1612
0.1661
0.1840
0.1839
0.1796
0.1619
0.0796
0.0752
0.0728
0.0711
0.0696
0.0684
0.0674
0.0664
0.1471
0.1556
0.1613
0.1667
0.1710
0.1773
0.1735
0.1699
0.1651
0.1648
0.1611
0.1568
0.0750
0.0709
0.0687
0.0671
0.1471
0.1504
0.1569
0.1613
0.1624
0.1671
0.1677
0.1724
0.1728
0.1771
0.1779
0.1782
0.1784
0.1786
0.1787
0.1788
0.1789
0.0000
0.0000
0.0000
0.0383
0.0383
0.0383
0.0383
0.0383
0.0383
0.0383
0.0383
0.0383
0.0383
0.0383
0.0630
0.0000
0.1155
0.0765
0.0749
0.0755
0.0762
0.0686
0.0691
