24.1996
24.1663
24.1360
24.1096
24.0863
24.6134
24.3912
24.2440
24.1523
24.0930
24.0523
24.0226
23.9995
23.9807
23.9645
23.9502
23.9373
23.9254
24.4548
24.2440
24.1060
24.0218
23.9690
23.9340
23.9093
23.8906
23.8757
23.8630
23.8518
23.8416
23.8322
24.3597
24.1533
24.0176
23.9358
23.8848
23.8514
23.8281
23.8107
23.7970
23.7855
23.7754
23.7662
23.7578
24.2828
24.0790
23.9447
23.8639
23.8138
23.7812
23.7585
23.7417
23.7286
23.7176
23.7080
23.6994
23.6914
24.2139
24.0121
23.8788
23.7988
23.7472
23.7140
23.6934
23.6775
23.6647
23.6536
23.6435
23.6341
23.6250
24.1426
23.9386
23.8051
23.7257
23.6730
23.6406
23.6180
23.6011
23.5878
23.5764
23.5661
23.5567
23.5479
23.5396
23.5316
23.5333
23.5196
23.5109
23.5032
23.5001
23.4941
23.4885
23.4809
23.4745
23.4687
23.4635
23.4581
23.4536
23.4491
23.4451
23.4414
23.4384
23.4359
23.4341
23.4329
23.4322
23.4321
23.4321
23.4327
23.4347
23.4362
23.4384
23.4403
23.4434
23.4450
23.4469
23.4485
23.4507
23.4524
23.4541
23.4549
23.4562
23.4580
23.4599
23.4625
23.4640
23.4655
23.9600
23.9978
24.2260
24.3409
24.4118
24.4631
24.5041
24.5389
24.5694
24.4258
24.1329
24.0270
24.0125
24.0080
24.0030
24.0025
24.0022
23.9938
23.9754
23.9537
23.9316
23.9052
23.8887
23.8725
23.8574
23.8446
23.8325
23.8239
23.8122
23.8029
23.7948
23.7883
23.7814
23.7758
23.7705
23.7658
23.7617
23.7580
23.7547
23.7518
23.7492
23.7467
23.9796
24.0275
24.3297
24.4661
24.5436
24.5959
24.6357
24.6690
24.6979
24.7236
24.6132
24.0969
24.0206
24.0091
24.0035
24.0029
24.0026
24.0023
24.0021
24.0020
24.0018
24.0017
24.0016
24.0015
24.0013
23.9949
23.9879
23.9779
23.9688
23.9593
23.9507
23.9421
23.9340
23.9263
23.9193
23.9128
23.9063
23.8998
23.8937
23.8875
23.8828
23.8801
23.8750
23.8757
23.8716
23.8667
23.8643
23.8609
23.8588
23.8560
23.8519
23.8520
23.8513
23.8470
23.9917
24.0006
24.0016
24.0020
24.0024
24.0027
24.0029
24.0030
24.0032
24.0031
24.0032
24.0030
24.0012
24.0010
24.0009
23.9974
23.9821
23.9652
23.9464
23.9268
23.9090
23.8917
23.8741
23.8584
23.8433
23.8287
23.8174
23.8031
23.7897
23.7768
23.7652
23.7527
23.7413
23.7303
23.7196
23.7077
23.6981
23.6885
23.6789
23.6694
23.6600
23.6507
25.0470
26.2220
27.1167
26.7189
26.7030
26.7029
26.7033
26.7038
26.7042
26.7047
26.7049
26.7051
26.7045
25.9466
25.3456
25.5634
25.0735
24.7414
24.5243
24.3794
24.2788
24.2058
24.1504
24.1066
24.0724
24.0414
24.0145
23.9908
24.5131
24.2937
24.1466
24.0552
23.9961
23.9555
23.9258
23.9028
23.8840
23.8680
23.8538
23.8411
23.8293
24.3542
24.1468
24.0095
23.9261
23.8738
23.8392
23.8149
23.7967
23.7822
23.7701
23.7595
23.7500
23.7413
24.2652
24.0621
23.9280
23.8473
23.7974
23.7649
23.7426
23.7262
23.7134
23.7029
23.6939
23.6859
23.6785
24.2014
24.0007
23.8682
23.7891
23.7405
23.7092
23.6880
23.6726
23.6609
23.6514
23.6434
23.6363
23.6298
24.1518
23.9528
23.8215
23.7434
23.9825
24.0099
24.0123
24.0120
24.0115
24.0111
24.0108
24.0106
24.0104
24.4069
24.0589
24.0156
24.0117
24.0098
24.0077
24.0061
24.0048
24.0038
24.0031
24.0025
24.0021
24.0018
24.0015
24.0013
23.8494
23.7520
23.6919
23.6519
23.6259
23.6085
23.5917
23.5769
23.5644
23.5540
23.5447
23.5362
23.5290
23.5222
23.5161
23.5106
23.5059
23.5020
23.4988
23.4964
23.4946
23.4933
23.4928
23.4924
23.4932
23.4943
23.4963
23.4979
23.4993
23.5010
23.5028
23.5042
23.5063
23.5081
23.5097
23.5103
23.5110
23.5142
23.5163
23.5189
23.5207
23.5227
23.9647
24.0460
24.3001
24.4244
24.4994
24.5523
24.5940
24.6295
24.6607
24.5276
24.2345
24.0357
24.0115
24.0073
24.0030
24.0025
24.0022
24.0020
24.0019
23.9918
23.9770
23.9591
23.9444
23.9311
23.9182
23.9063
23.8969
23.8875
23.8812
23.8720
26.4652
26.6659
26.6711
26.6711
26.6711
26.6710
26.6709
26.6709
26.6708
26.6708
26.6707
26.6707
27.4135
28.3736
28.9677
29.2755
29.4622
29.5917
29.6910
29.7092
29.7116
29.7134
29.7139
29.5139
29.1209
28.7100
28.3830
28.1732
28.0341
27.9400
27.8747
27.8279
27.7970
27.7756
27.7612
27.7508
27.7437
27.7407
27.7393
26.9281
26.6812
26.6758
26.6755
26.6753
26.6751
26.6749
26.6747
26.6745
24.2761
24.0213
24.0057
24.0043
24.0037
24.0033
24.0030
24.0027
24.0025
24.0023
24.0020
24.0019
24.0017
24.0016
24.0014
24.0013
24.0013
24.0012
24.0023
24.0024
24.0026
24.0028
24.0029
24.0031
24.0032
24.0033
24.0034
24.0034
24.0035
24.0033
24.0029
24.0013
24.0011
24.0010
24.0009
24.0009
24.0008
24.0007
24.0007
24.0007
24.0006
24.0006
24.0006
24.0006
24.0005
24.0005
24.0005
24.0005
24.0004
24.0004
24.0004
24.0004
24.0003
24.0003
23.9979
23.9928
23.9861
23.9784
23.9703
23.9619
25.2826
26.3786
27.3260
26.7321
26.7033
26.7027
26.7032
26.7037
26.7042
26.7047
26.7050
26.7050
26.7047
26.7048
26.0029
26.1486
25.5671
25.1747
24.9201
24.7524
24.6378
24.5559
24.4950
24.4471
24.4101
24.3771
24.3487
24.3239
24.8610
24.6310
24.4820
24.3885
24.3282
24.2870
24.2569
24.2337
24.2148
24.1987
24.1846
24.1717
24.1600
24.7007
24.4831
24.3444
24.2594
24.2063
24.1713
24.1469
24.1286
24.1142
24.1021
24.0916
24.0821
24.0734
24.6129
24.3999
24.2645
24.1822
24.1314
24.0984
24.0758
24.0592
24.0463
24.0357
24.0266
24.0184
24.0109
24.5487
24.3383
24.2046
24.1236
24.0740
24.0421
24.0204
24.0046
23.9925
23.9826
23.9742
23.9667
23.9599
24.4961
24.2874
24.1547
24.0745
24.0247
23.9899
23.9707
23.9563
23.9448
23.9350
23.9261
23.9177
23.9097
24.4414
24.2325
24.0949
24.0178
23.9653
23.9333
23.9115
23.8953
23.8824
23.8702
23.8608
23.8518
23.8432
23.8349
23.8269
23.8274
23.8137
23.8053
23.7977
23.7966
23.7894
23.7809
23.7739
23.7678
23.7617
23.7557
23.7501
23.7450
23.7399
23.7352
23.7309
23.7270
23.7237
23.7209
23.7187
23.7170
23.7157
23.7141
23.7133
23.7148
23.7156
23.7169
23.7175
23.7181
23.7191
23.7200
23.7206
23.7218
23.7225
23.7232
23.7231
23.7230
23.7241
23.7250
23.7261
23.7267
23.7272
23.9749
24.0998
24.3916
24.5255
24.6028
24.6553
24.6961
24.7302
24.7605
24.5851
24.1879
24.0349
24.0132
24.0081
24.0033
24.0028
24.0025
24.0022
24.0020
24.0019
24.0018
24.0016
24.0015
24.0014
24.0013
24.0012
24.0012
24.0011
23.9995
23.9952
23.9924
23.9877
23.9828
23.9792
23.9752
23.9718
23.9687
23.9659
23.9634
23.9613
23.9594
23.9576
23.9979
24.1948
24.4674
24.5928
24.6652
24.7150
24.7538
24.7863
24.8148
24.8402
24.5512
24.0815
24.0164
24.0044
24.0034
24.0031
24.0028
24.0026
24.0024
24.0022
24.0021
24.0019
24.0018
24.0017
24.0016
24.0015
24.0014
24.0013
24.0012
24.0011
24.0011
24.0010
24.0010
24.0009
24.0008
24.0008
24.0007
24.0007
24.0007
24.0006
24.0006
24.0005
24.0005
24.0005
24.0005
24.0005
24.0004
24.0004
24.0004
24.0003
24.0003
24.0003
24.0003
24.0003
24.0008
24.0009
24.0012
24.0016
24.0020
24.0023
24.0025
24.0027
24.0029
24.0030
24.0031
24.0029
24.0026
24.0012
24.0010
24.0009
24.0008
24.0008
24.0008
24.0007
24.0006
24.0006
24.0006
24.0006
24.0006
24.0005
24.0005
24.0004
24.0004
24.0004
23.9990
23.9935
23.9882
23.9819
23.9751
23.9679
23.9605
23.9531
23.9456
23.9381
23.9306
23.9231
25.2017
26.3878
27.2858
26.7291
26.7033
26.7028
26.7031
26.7036
26.7040
26.7044
26.7048
26.7051
26.7048
26.7045
26.0001
26.1452
25.5666
25.1713
24.9165
24.7492
24.6357
24.5551
24.4957
24.4503
24.4136
24.3823
24.3554
24.3322
24.8711
24.6415
24.4943
24.4022
24.3433
24.3033
24.2745
24.2526
24.2349
24.2200
24.2070
24.1953
24.1846
24.7272
24.5096
24.3722
24.2882
24.2360
24.2020
24.1785
24.1612
24.1475
24.1362
24.1265
24.1178
24.1099
24.6516
24.4379
24.3033
24.2215
24.1714
24.1390
24.1170
24.1010
24.0886
24.0785
24.0698
24.0621
24.0550
24.5951
24.3835
24.2501
24.1693
24.1199
24.0883
24.0669
24.0514
24.0395
24.0298
24.0215
24.0141
24.0074
24.5456
24.3354
24.2025
24.1221
24.0727
24.0379
24.0179
24.0036
23.9921
23.9822
23.9732
23.9647
23.9565
24.4900
24.2800
24.1409
24.0641
24.0109
23.9784
23.9560
23.9393
23.9260
23.9147
23.9048
23.8958
23.8872
23.8791
23.8712
23.8749
23.8594
23.8511
23.8438
23.8435
23.8356
23.8302
23.8227
23.8166
23.8109
23.8061
23.8015
23.7972
23.7931
23.7893
23.7861
23.7833
23.7812
23.7796
23.7785
23.7781
23.7781
23.7786
23.7792
23.7790
23.7819
23.7846
23.7869
23.7888
23.7905
23.7924
23.7940
23.7963
23.7981
23.7996
23.8010
23.8018
23.8029
23.8055
23.8082
23.8100
23.8114
23.9848
24.1282
24.4309
24.5686
24.6475
24.7013
24.7428
24.7777
24.8083
24.7669
24.5672
24.2273
24.0332
24.0103
24.0038
24.0030
24.0027
24.0024
24.0022
24.0020
24.0019
24.0017
24.0016
24.0015
24.0014
24.0013
24.0013
24.0012
24.0012
24.0011
24.0011
24.0010
24.0010
24.0009
24.0009
24.0008
24.0008
24.0007
24.0007
24.0007
24.0006
24.0006
24.0020
24.3091
24.5779
24.7033
24.7763
24.8266
24.8659
24.8989
24.9277
24.9536
24.8436
24.4130
24.0499
24.0119
24.0042
24.0033
24.0029
24.0026
24.0024
24.0021
24.0020
24.0018
24.0017
24.0015
24.0014
24.0013
24.0012
24.0012
24.0011
24.0010
24.0009
24.0009
24.0008
24.0008
24.0007
24.0007
24.0006
24.0006
24.0006
24.0006
24.0005
24.0005
24.0004
24.0004
24.0004
24.0004
24.0004
24.0004
24.0003
24.0003
24.0003
24.0003
24.0003
24.0003
24.0007
24.0008
24.0012
24.0016
24.0019
24.0022
24.0025
24.0027
24.0029
24.0030
24.0031
24.0030
24.0028
24.0013
24.0011
24.0010
24.0009
24.0009
24.0008
24.0007
24.0007
24.0008
24.0008
24.0007
24.0007
24.0005
24.0005
24.0005
24.0005
24.0004
24.0004
24.0004
24.0004
24.0004
24.0004
24.0001
23.9984
23.9944
23.9891
23.9830
23.9765
23.9697
25.4635
26.6150
27.4877
26.7443
26.7048
26.7036
26.7041
26.7046
26.7048
26.7051
26.7053
26.7049
26.0009
25.4636
25.1130
25.4877
25.1144
24.8643
24.7033
24.5960
24.5212
24.4667
24.4250
24.3925
24.3656
24.3417
24.3207
24.3023
24.8433
24.6177
24.4739
24.3846
24.3279
24.2900
24.2629
24.2423
24.2258
24.2119
24.1999
24.1890
24.1791
24.7218
24.5047
24.3679
24.2843
24.2324
24.1987
24.1753
24.1581
24.1445
24.1332
24.1235
24.1147
24.1066
24.6480
24.4341
24.2993
24.2174
24.1670
24.1345
24.1123
24.0962
24.0836
24.0732
24.0643
24.0563
24.0490
24.5885
24.3767
24.2430
24.1620
24.1123
24.0805
24.0588
24.0431
24.0310
24.0212
24.0127
24.0051
23.9982
24.5358
24.3256
24.1927
24.1123
24.0632
24.0283
24.0083
23.9940
23.9825
23.9724
23.9632
23.9545
23.9461
24.4790
24.2698
24.1312
24.0566
24.0038
23.9722
23.9505
23.9346
23.9221
23.9116
23.9023
23.8936
23.8853
23.8775
23.8699
23.8752
23.8583
23.8501
23.8427
23.8356
23.8286
23.8216
23.8146
23.8077
23.8007
23.7937
23.7868
23.7800
23.7732
23.7665
23.7599
23.7534
23.7470
23.7408
23.7347
23.7288
23.7230
23.7174
23.7120
23.7067
23.7015
23.6965
23.6918
23.6873
23.6830
23.6790
23.6752
23.6717
23.6684
23.6653
23.6624
23.6597
23.6571
23.6547
23.6525
23.6504
23.6485
23.6465
23.6447
23.6430
23.6414
23.6399
23.6384
23.6370
23.6358
23.6345
23.6334
23.6324
23.6315
23.6308
23.6302
23.6297
23.6293
23.6290
23.6288
23.6285
23.6284
23.6284
23.6285
23.6285
23.6285
23.6285
23.6286
23.6286
23.6286
23.6285
23.6285
23.6285
23.6285
23.6285
23.6284
23.6283
23.6281
23.6279
23.6276
23.6273
23.6269
23.6265
23.6260
23.6256
23.6250
23.6246
23.6241
23.6236
23.6231
23.6225
23.6219
23.6213
23.6207
23.6201
23.6195
23.6188
23.6182
23.6176
23.6170
23.6164
23.6158
23.6153
23.6147
23.6141
23.6135
23.6129
23.6123
23.6117
23.6111
23.6106
23.6100
23.6095
23.6090
23.6085
23.6081
23.6077
23.6073
23.6070
23.6067
23.6015
23.6035
23.6046
23.6055
23.6066
23.6083
23.6105
23.6134
23.6170
23.6212
23.6260
23.6314
24.1610
23.9749
23.8558
23.7897
23.7538
23.7347
23.7255
23.7219
23.7217
23.7235
23.7265
23.7303
23.7344
24.2683
24.0768
23.9564
23.8879
23.8496
23.8283
23.8167
23.8107
23.8081
23.8074
23.8079
23.8091
23.8107
24.3465
24.1494
24.0264
23.9549
23.9139
23.8901
23.8761
23.8678
23.8628
23.8599
23.8581
23.8572
23.8567
24.3932
24.1926
24.0672
23.9936
23.9506
23.9250
23.9092
23.8992
23.8926
23.8881
23.8849
23.8825
23.8806
24.4171
24.2146
24.0877
24.0127
23.9685
23.9417
23.9249
23.9138
23.9063
23.9008
23.8967
23.8934
23.8907
24.4271
24.2234
24.0956
24.0198
23.9748
23.9472
23.9296
23.9179
23.9096
23.9035
23.8987
23.8948
23.8914
24.4278
24.2231
24.0947
24.0182
23.9727
23.9446
23.9266
23.9143
23.9056
23.8990
23.8937
23.8893
23.8854
24.4214
24.2163
24.0873
24.0103
23.9643
23.9358
23.9173
23.9046
23.8954
23.8884
23.8827
23.8778
23.8736
24.4088
24.2035
24.0741
23.9968
23.9505
23.9216
23.9027
23.8896
23.8801
23.8727
23.8666
23.8614
23.8568
24.3911
24.1859
24.0562
23.9786
23.9320
23.9028
23.8836
23.8702
23.8604
23.8526
23.8463
23.8408
23.8359
24.3690
24.1642
24.0342
23.9563
23.9093
23.8798
23.8603
23.8466
23.8365
23.8285
23.8219
23.8163
23.8112
24.3435
24.1400
24.0115
23.9352
23.8900
23.8624
23.8448
23.8330
23.8248
23.8186
23.8138
23.8100
23.8067
24.3404
24.1377
24.0105
23.9347
23.8899
23.8627
23.8456
23.8346
23.8272
23.8220
23.8184
23.8157
23.8138
24.3492
24.1472
24.0217
23.9473
23.9038
23.8780
23.8622
23.8525
23.8463
23.8424
23.8399
23.8389
23.8383
24.3757
24.1731
24.0493
23.9762
23.9340
23.9092
23.8946
23.8859
23.8807
23.8779
23.8764
23.8760
23.8763
24.4162
24.2148
24.0901
24.0182
23.9770
23.9534
23.9399
23.9322
23.9282
23.9264
23.9260
23.9267
23.9280
24.4713
24.2700
24.1448
24.0738
24.0335
24.0108
23.9980
23.9911
23.9878
23.9867
23.9870
23.9882
23.9901
24.5370
24.3344
24.2091
24.1384
24.0985
24.0762
24.0639
24.0575
24.0544
24.0536
24.0542
24.0556
24.0575
24.6077
24.4033
24.2768
24.2055
24.1652
24.1424
24.1298
24.1231
24.1197
24.1185
24.1187
24.1198
24.1215
24.6743
24.4682
24.3409
24.2691
24.2285
24.2055
24.1926
24.1856
24.1821
24.1807
24.1807
24.1816
24.1831
24.7386
24.5308
24.4027
24.3303
24.2892
24.2658
24.2524
24.2449
24.2409
24.2389
24.2383
24.2384
24.2387
24.7961
24.5862
24.4566
24.3831
24.3405
24.3158
24.3012
24.2926
24.2874
24.2843
24.2825
24.2815
24.2810
24.8392
24.6272
24.4955
24.4204
24.3766
24.3505
24.3346
24.3245
24.3179
24.3133
24.3100
24.3075
24.3055
24.8635
24.6493
24.5164
24.4394
24.3940
24.3665
24.3490
24.3375
24.3294
24.3234
24.3187
24.3148
24.3114
24.8679
24.6524
24.5185
24.4400
24.3932
24.3643
24.3456
24.3328
24.3235
24.3164
24.3105
24.3055
24.3011
24.8562
24.6399
24.5054
24.4259
24.3782
24.3484
24.3288
24.3151
24.3050
24.2970
24.2903
24.2845
24.2793
24.8326
24.6159
24.4814
24.4011
24.3527
24.3222
24.3019
24.2876
24.2768
24.2681
24.2609
24.2545
24.2487
24.8001
24.5834
24.4491
24.3683
24.3193
24.2883
24.2675
24.2526
24.2413
24.2322
24.2244
24.2175
24.2111
24.7603
24.5439
24.4098
24.3286
24.2792
24.2477
24.2264
24.2111
24.1993
24.1900
24.1819
24.1746
24.1679
24.7147
24.4984
24.3649
24.2835
24.2338
24.2020
24.1804
24.1648
24.1527
24.1428
24.1342
24.1265
24.1194
24.6638
24.4481
24.3144
24.2329
24.1830
24.1509
24.1290
24.1130
24.1006
24.0903
24.0814
24.0733
24.0658
24.6074
24.3932
24.2591
24.1776
24.1275
24.0951
24.0729
24.0566
24.0438
24.0332
24.0240
24.0156
24.0078
24.5468
24.3338
24.1996
24.1180
24.0676
24.0317
24.0104
23.9947
23.9819
23.9709
23.9608
23.9510
23.9416
24.4747
24.2629
24.1223
24.0443
23.9896
23.9559
23.9323
23.9150
23.9009
23.8886
23.8778
23.8677
23.8582
23.8491
23.8404
23.8432
23.8268
23.8176
23.8094
23.8057
23.8014
23.7929
23.7848
23.7779
23.7718
23.7659
23.7605
23.7557
23.7511
23.7466
23.7427
23.7393
23.7364
23.7342
23.7325
23.7313
23.7306
23.7304
23.7307
23.7216
23.7246
23.7297
23.7333
23.7363
23.7393
23.7423
23.7453
23.7482
23.7510
23.7537
23.7562
23.7583
23.7616
23.7644
23.7671
23.7697
23.7717
23.9792
24.1255
24.4194
24.5545
24.6324
24.6861
24.7280
24.7635
24.7947
24.7232
24.4645
24.1767
24.0316
24.0117
24.0041
24.0033
24.0029
24.0026
24.0024
24.0022
24.0020
24.0019
24.0018
24.0017
24.0016
24.0015
24.0014
24.0013
24.0013
24.0012
24.0012
24.0011
24.0011
24.0010
24.0009
24.0009
24.0008
24.0008
24.0008
24.0007
24.0007
24.0007
24.0023
24.3243
24.5962
24.7230
24.7969
24.8483
24.8884
24.9223
24.9521
24.9790
24.8309
24.3916
24.0531
24.0127
24.0045
24.0036
24.0032
24.0028
24.0026
24.0023
24.0021
24.0020
24.0018
24.0017
24.0016
24.0014
24.0014
24.0013
24.0012
24.0011
24.0011
24.0010
24.0010
24.0009
24.0009
24.0008
24.0008
24.0007
24.0007
24.0007
24.0006
24.0006
24.0006
24.0006
24.0006
24.0006
24.0005
24.0005
24.0005
24.0005
24.0005
24.0004
24.0004
24.0004
24.0009
24.0012
24.0016
24.0020
24.0024
24.0026
24.0029
24.0030
24.0032
24.0032
24.0032
24.0031
24.0029
24.0026
24.0012
24.0011
24.0010
24.0009
24.0009
24.0008
24.0008
24.0007
24.0007
24.0006
24.0006
24.0006
24.0006
24.0006
24.0005
24.0005
24.0006
24.0006
24.0006
24.0005
24.0005
24.0005
24.0005
24.0005
24.0004
24.0004
24.0004
24.0004
25.4043
26.5874
27.5185
26.7474
26.7048
26.7035
26.7039
26.7044
26.7048
26.7052
26.7056
26.7056
26.7055
26.7050
26.0286
26.2155
25.6660
25.2959
25.0591
24.9035
24.7972
24.7212
24.6652
24.6207
22.7168
21.8651
21.4740
21.2582
22.9844
21.9446
21.3475
21.0808
20.9327
20.8341
20.7585
20.6951
20.6391
20.5880
20.5405
20.4960
20.4540
22.1157
21.2561
20.7374
20.5186
20.4058
20.3360
20.2851
20.2433
20.2065
20.1727
20.1410
20.1108
20.0820
21.6775
20.8842
20.3892
20.1843
20.0821
20.0214
19.9788
19.9448
19.9152
19.8882
19.8629
19.8387
19.8156
21.3602
20.6113
20.1309
19.9335
19.8368
19.7808
19.7424
19.7123
19.6865
19.6630
19.6411
19.6202
19.6001
21.1019
20.3877
19.9180
19.7256
19.6323
19.5791
19.5433
19.5155
19.4920
19.4707
19.4508
19.4320
19.4138
20.8780
20.1932
19.7324
19.5443
19.4541
19.4037
19.3708
19.3458
19.3250
19.3067
19.2898
19.2738
19.2586
19.2440
19.2299
23.9547
26.4088
26.6541
26.6688
26.6712
26.6717
26.6720
26.6722
26.6723
26.6724
26.6725
26.6726
26.6726
26.6727
26.6728
26.6729
26.6729
26.6730
26.6731
26.6731
26.6732
26.6733
26.6733
26.6734
26.6735
26.6735
26.6736
26.6737
26.6737
26.6738
26.6738
26.6739
26.6739
26.6740
26.6740
26.6741
26.6741
26.6742
26.6742
26.6743
26.6743
26.6744
27.2241
28.2693
28.8700
29.1848
29.3773
29.5120
29.6163
29.7026
29.7139
29.7162
29.6213
29.3431
28.9250
27.7343
26.9063
26.6870
26.6848
26.6849
26.6848
26.6847
26.6845
26.6843
26.6840
26.6838
26.6835
26.6833
26.6830
26.6827
26.6825
26.6822
26.6819
26.6817
26.6814
26.6811
26.6809
26.6806
26.6804
26.6801
26.6799
26.6797
26.6794
26.6792
27.4088
28.7802
29.5026
29.7071
29.7173
29.7202
29.7227
29.7254
29.7276
29.7296
29.7280
29.7239
29.4211
29.0733
28.8240
28.6565
28.5403
28.4567
28.3945
28.3470
28.3134
28.2902
28.2758
28.2676
28.2648
28.2663
28.2707
27.5181
26.9821
26.6796
26.6752
26.6755
26.6757
26.6758
26.6758
26.6759
26.6759
26.6758
26.6758
26.6757
26.6757
26.6756
26.6755
26.6754
26.6753
26.6753
26.6752
26.6751
26.6750
26.6749
26.6748
26.6747
26.6746
26.6746
27.1829
27.6321
27.9844
28.2573
28.4729
28.6410
28.7737
28.8774
28.9595
28.9983
28.9798
28.9482
28.8487
28.0114
27.3905
26.9961
26.7414
26.6734
26.6723
26.6725
26.6727
26.6728
26.6729
26.6730
26.6730
26.6731
26.6731
26.6732
26.6732
26.6732
26.6732
26.6732
26.6732
26.6732
26.6732
26.6732
26.6732
26.6732
26.6732
26.6731
26.6731
26.6731
25.1893
24.5346
24.1583
23.9854
23.8966
23.8412
23.7644
23.7162
23.6789
23.6468
23.6177
23.4817
25.7303
23.6974
22.7422
22.3195
22.0912
21.9447
21.8365
21.7486
21.6729
21.6054
21.5438
21.4868
21.4335
23.2896
22.2754
21.7145
21.4768
21.3519
21.2725
21.2131
21.1636
21.1195
21.0789
21.0407
21.0043
20.9695
22.7463
21.8153
21.2840
21.0641
20.9530
20.8856
20.8370
20.7975
20.7626
20.7305
20.7003
20.6714
20.6435
22.3583
21.4821
20.9679
20.7570
20.6524
20.5904
20.5469
20.5119
20.4815
20.4535
20.4272
20.4020
20.3777
22.0397
21.2065
20.7047
20.4996
20.3989
20.3402
20.2996
20.2674
20.2394
20.2139
20.1900
20.1670
20.1449
21.7596
20.9631
20.4716
20.2709
20.1730
20.1165
20.0778
20.0474
20.0212
19.9974
19.9750
19.9536
19.9330
21.5043
20.7409
20.2586
20.0618
19.9663
19.9118
19.8751
19.8469
19.8231
19.8017
19.7821
19.7635
19.7456
19.7284
19.7117
19.6954
19.6796
19.6641
24.3684
26.4794
26.6618
26.6705
26.6712
26.6714
26.6715
26.6717
26.6718
26.6719
26.6720
26.6721
26.6722
26.6723
26.6724
26.6725
26.6725
26.6726
26.6727
26.6728
26.6728
26.6729
26.6730
26.6730
26.6731
26.6732
26.6732
26.6732
26.6733
26.6733
26.6734
26.6734
26.6734
26.6735
26.6735
26.6736
26.6736
26.6737
26.6737
26.6738
26.6738
26.6738
27.3857
28.4339
29.1060
29.4515
29.6580
29.7088
29.7127
29.7150
29.7172
29.7185
29.7178
29.4776
29.1229
28.8220
27.7944
27.0257
26.6853
26.6813
26.6815
26.6817
26.6818
26.6818
26.6817
26.6815
26.6814
26.6812
26.6811
26.6809
26.6808
26.6806
26.6803
26.6801
26.6798
26.6796
26.6794
26.6792
26.6789
26.6787
26.6785
26.6783
26.6781
26.6780
27.4971
28.8804
29.6880
29.7172
29.7215
29.7246
29.7273
29.7306
29.7332
29.7355
29.7361
29.7301
29.7221
29.5132
29.2875
29.1414
29.0445
28.9784
28.9318
28.8980
28.8754
28.8616
28.8545
28.8522
28.8551
28.8608
28.8691
28.0617
27.4860
27.1168
26.8762
26.7132
26.6728
26.6726
26.6728
26.6730
26.6731
26.6732
26.6733
26.6733
26.6734
26.6734
26.6734
26.6734
26.6733
26.6733
26.6732
26.6732
26.6732
26.6731
26.6730
26.6730
26.6729
26.6729
27.2677
27.7574
28.1553
28.4466
28.6756
28.8579
29.0018
29.1165
29.2091
29.2856
29.2681
29.2361
29.1360
29.0636
28.2464
27.6733
27.3083
27.0712
26.9115
26.7978
26.7131
26.6715
26.6709
26.6711
26.6712
26.6713
26.6714
26.6715
26.6716
26.6716
26.6717
26.6717
26.6718
26.6718
26.6718
26.6719
26.6719
26.6719
26.6719
26.6719
26.6719
26.6720
25.4136
24.7793
24.4158
24.2000
24.0977
24.0367
23.9932
23.9223
23.8770
23.8055
23.7242
23.5662
25.8517
23.8518
22.9134
22.4978
22.2726
22.1273
22.0194
21.9314
21.8553
21.7872
21.7249
21.6672
23.1105
24.3456
24.5670
24.7066
24.8093
24.8840
24.9397
24.9821
25.0150
25.0409
25.0615
25.0780
25.0913
25.1020
25.7045
25.4821
25.3436
25.2694
25.2273
25.2025
25.1873
25.1773
25.1702
25.1646
25.1599
25.1556
25.1513
25.7443
25.5091
25.3604
25.2771
25.2269
25.1951
25.1735
25.1577
25.1454
25.1350
25.1258
25.1173
25.1093
25.6971
25.4594
25.3082
25.2225
25.1696
25.1352
25.1112
25.0932
25.0787
25.0664
25.0553
25.0451
25.0354
25.6184
25.3807
25.2297
25.1426
25.0885
25.0528
25.0276
25.0141
24.9947
24.9795
24.9672
24.9556
24.9441
25.5202
25.2873
25.1309
25.0395
24.9820
24.9429
24.9195
24.8934
24.8738
24.8569
24.8416
24.8272
24.8133
24.7998
24.7865
24.7732
24.7600
24.7471
24.0466
24.0028
24.0008
24.0007
24.0007
24.0007
24.0007
24.0007
24.0007
24.0007
24.0006
24.0006
24.0006
24.0005
24.0005
24.0005
24.0005
24.0004
24.0004
24.0004
24.0004
24.0003
24.0003
24.0003
24.0003
24.0003
24.0003
24.0003
24.0003
24.0003
24.0002
24.0002
24.0002
24.0002
24.0002
24.0002
24.0002
24.0002
24.0002
24.0002
24.0002
24.0002
24.0006
24.4305
24.7338
24.8735
24.9525
25.0060
25.0471
25.0814
25.1113
25.0117
24.8190
24.3777
24.0542
24.0133
24.0046
24.0036
24.0031
24.0028
24.0025
24.0022
24.0020
24.0018
24.0016
24.0015
24.0014
24.0013
24.0012
24.0012
24.0011
24.0010
24.0010
24.0009
24.0008
24.0008
24.0007
24.0007
24.0006
24.0006
24.0006
24.0005
24.0005
24.0005
24.0012
24.4119
24.7492
24.8992
24.9819
25.0369
25.0787
25.1132
25.1478
25.1712
25.0016
24.4458
24.0635
24.0143
24.0049
24.0038
24.0033
24.0029
24.0026
24.0023
24.0021
24.0019
24.0017
24.0016
24.0014
24.0013
24.0012
24.0011
24.0011
24.0010
24.0009
24.0008
24.0008
24.0007
24.0007
24.0006
24.0006
24.0005
24.0005
24.0005
24.0005
24.0004
24.0004
24.0004
24.0004
24.0003
24.0003
24.0003
24.0003
24.0002
24.0002
24.0002
24.0002
24.0002
24.0005
24.0006
24.0010
24.0014
24.0018
24.0021
24.0024
24.0026
24.0028
24.0029
24.0031
24.0030
24.0028
24.0013
24.0011
24.0010
24.0009
24.0008
24.0008
24.0007
24.0006
24.0006
24.0005
24.0005
24.0005
24.0004
24.0004
24.0004
24.0004
24.0004
24.0004
24.0009
24.0009
24.0009
24.0009
24.0009
24.0009
24.0009
24.0009
24.0009
24.0009
24.0009
25.6027
26.8078
26.7065
26.7028
26.7032
26.7037
26.7041
26.7046
26.7051
26.7055
26.7055
26.7057
26.7053
26.0642
26.2873
25.7635
25.4090
25.1822
25.0318
24.9280
24.8529
24.7960
24.7511
24.7155
24.6853
24.6578
24.6334
25.1854
24.9457
24.7949
24.6997
24.6383
24.5962
24.5655
24.5416
24.5220
24.5051
24.4902
24.4766
24.4640
25.0182
24.7906
24.6493
24.5620
24.5073
24.4711
24.4455
24.4263
24.4108
24.3977
24.3862
24.3757
24.3659
24.9185
24.6951
24.5570
24.4721
24.4195
24.3851
24.3612
24.3434
24.3293
24.3175
24.3071
24.2978
24.2891
24.8391
24.6188
24.4822
24.3986
24.3471
24.3137
24.2905
24.2735
24.2601
24.2489
24.2392
24.2304
24.2223
24.7699
24.5519
24.4162
24.3335
24.2826
24.2500
24.2240
24.2083
24.1960
24.1853
24.1756
24.1663
24.1573
24.6998
24.4845
24.3416
24.2590
24.2120
24.1740
24.1499
24.1321
24.1177
24.1057
24.0949
24.0848
24.0753
24.0661
24.0573
24.0487
24.0024
24.0010
24.0009
24.0009
24.0009
23.9993
23.9939
23.9877
23.9821
23.9766
23.9714
23.9664
23.9619
23.9572
23.9530
23.9492
23.9460
23.9433
23.9412
23.9396
23.9386
23.9380
23.9376
23.9376
23.9390
23.9402
23.9416
23.9434
23.9448
23.9464
23.9479
23.9494
23.9509
23.9524
23.9538
23.9546
23.9558
23.9570
23.9586
23.9602
23.9619
23.9629
23.9973
24.2782
24.5401
24.6634
24.7347
24.7863
24.8264
24.8555
24.8882
24.8159
24.3980
24.0605
24.0151
24.0045
24.0035
24.0030
24.0027
24.0025
24.0023
24.0021
24.0019
24.0017
24.0016
24.0015
24.0014
24.0013
24.0012
24.0012
24.0011
24.0011
24.0010
24.0010
24.0009
24.0009
24.0008
24.0008
24.0007
24.0007
24.0006
24.0006
24.0006
24.0005
24.0016
24.1932
24.4636
24.5880
24.6600
24.7097
24.7481
24.7802
24.8084
24.8336
24.6919
24.1683
24.0263
24.0096
24.0039
24.0031
24.0028
24.0025
24.0022
24.0020
24.0018
24.0017
24.0016
24.0014
24.0013
24.0012
24.0011
24.0011
24.0010
24.0009
24.0009
24.0008
24.0008
24.0007
24.0007
24.0006
24.0006
24.0006
24.0005
24.0005
24.0004
24.0004
24.0004
24.0004
24.0004
24.0004
24.0003
24.0003
24.0010
24.0013
24.0011
24.0010
24.0009
24.0008
24.0004
24.0004
24.0005
24.0006
24.0007
24.0008
24.0009
24.0009
24.0009
24.0010
24.0010
24.0011
24.0011
24.0009
24.0012
24.0010
24.0009
24.0007
24.0006
24.0005
24.0005
24.0004
24.0004
24.0004
24.0003
24.0003
24.0003
24.0003
24.0003
24.0003
24.0003
24.0003
24.0003
24.0003
24.0003
24.0003
24.0003
24.0003
24.0003
24.0003
24.0003
24.0003
24.0002
24.0003
24.0004
24.0006
24.0007
24.0008
24.0009
24.0009
24.0010
24.0010
24.0011
24.0010
25.5025
24.1924
24.0253
24.0044
24.0016
24.0011
24.0009
24.0007
24.0006
24.0006
24.0005
24.0005
24.0004
24.5573
24.0695
24.0092
24.0016
24.0007
24.0005
24.0005
24.0005
24.0004
24.0004
24.0004
24.0004
24.0004
24.5094
24.0636
24.0084
24.0015
24.0006
24.0005
24.0005
24.0004
24.0004
24.0004
24.0004
24.0004
24.0004
24.4773
24.0595
24.0079
24.0014
24.0006
24.0005
24.0004
24.0004
24.0004
24.0004
24.0004
24.0003
24.0003
24.4514
24.0563
24.0075
24.0014
24.0006
24.0004
24.0004
24.0004
24.0004
24.0004
24.0004
24.0003
24.0003
24.4289
24.0535
24.0071
24.0013
24.0006
24.0005
24.0004
24.0004
24.0004
24.0004
24.0004
24.0003
24.0003
24.4082
24.0509
24.0068
24.0013
24.0006
24.0005
24.0011
24.0010
24.0009
24.0007
24.0006
24.0005
24.0004
24.0004
24.0003
24.0003
24.0002
24.0002
23.9996
23.9996
23.9997
23.9998
23.9999
24.0000
24.0001
24.0001
24.0001
24.0002
24.0002
24.0002
24.0002
24.0002
24.0002
24.0002
24.0002
24.0002
24.0002
24.0002
24.0003
24.0003
24.0003
24.0003
24.0003
24.0003
24.0003
24.0003
24.0003
24.0003
24.0003
24.0003
24.0003
24.0003
24.0003
24.0003
24.0003
24.0003
24.0003
24.0003
24.0003
24.0003
24.0003
24.0003
24.0003
24.0003
24.0003
24.0003
24.0003
24.0003
24.0003
24.0003
24.0003
24.0003
24.0003
24.0003
24.0003
24.0003
24.0003
24.0003
24.0003
24.0003
24.0003
24.0003
24.0003
24.0003
24.0003
24.0003
24.0003
24.0003
24.0003
24.0003
24.0003
24.0003
24.0003
24.0003
24.0003
24.0003
24.0003
24.0003
24.0003
24.0003
24.0003
24.0003
24.0003
24.0003
24.0003
24.0003
24.0003
24.0003
24.0003
24.0003
24.0003
24.0003
24.0003
24.0003
24.0003
24.0003
24.0003
24.0003
24.0003
24.0003
24.0003
24.0003
24.0003
24.0003
24.0003
24.0003
24.0003
24.0003
24.0003
24.0003
24.0003
24.0003
24.0003
24.0003
24.0003
24.0003
24.0003
24.0003
24.0009
24.0008
24.0007
24.0006
24.0005
24.0004
24.0003
24.0003
24.0002
24.0002
24.0002
24.0002
24.4237
24.0522
24.0063
24.0006
24.0000
24.0000
24.0000
24.0001
24.0001
24.0001
24.0002
24.0002
24.0002
24.4221
24.0526
24.0070
24.0013
24.0005
24.0004
24.0004
24.0004
24.0004
24.0004
24.0004
24.0004
24.0004
24.4155
24.0518
24.0069
24.0013
24.0006
24.0005
24.0004
24.0004
24.0004
24.0004
24.0004
24.0004
24.0004
24.4069
24.0507
24.0068
24.0013
24.0006
24.0005
24.0005
24.0004
24.0004
24.0004
24.0004
24.0004
24.0004
24.3971
24.0495
24.0067
24.0013
24.0006
24.0005
24.0005
24.0004
24.0004
24.0004
24.0004
24.0004
24.0004
24.3866
24.0482
24.0065
24.0013
24.0006
24.0005
24.0004
24.0004
24.0004
24.0004
24.0004
24.0003
24.0003
24.3757
24.0468
24.0063
24.0012
24.0006
24.0004
24.0004
24.0004
24.0004
24.0004
24.0004
24.0003
24.0003
24.3643
24.0453
24.0061
24.0012
24.0006
24.0005
24.0004
24.0004
24.0004
24.0004
24.0004
24.0004
24.0004
24.3528
24.0439
24.0060
24.0012
24.0006
24.0005
24.0005
24.0004
24.0004
24.0004
24.0004
24.0004
24.0004
24.3413
24.0425
24.0058
24.0012
24.0006
24.0005
24.0005
24.0005
24.0004
24.0004
24.0004
24.0004
24.0004
24.3303
24.0411
24.0057
24.0012
24.0006
24.0005
24.0005
24.0004
24.0004
24.0004
24.0004
24.0004
24.0004
24.3201
24.0398
24.0055
24.0012
24.0006
24.0005
24.0005
24.0004
24.0004
24.0004
24.0004
24.0004
24.0004
24.3168
24.0394
24.0054
24.0012
24.0006
24.0005
24.0005
24.0004
24.0004
24.0004
24.0004
24.0004
24.0004
24.3174
24.0394
24.0054
24.0011
24.0006
24.0005
24.0005
24.0004
24.0004
24.0004
24.0004
24.0004
24.0004
24.3232
24.0401
24.0055
24.0012
24.0006
24.0005
24.0005
24.0004
24.0004
24.0004
24.0004
24.0004
24.0004
24.3328
24.0413
24.0057
24.0012
24.0006
24.0005
24.0005
24.0004
24.0004
24.0004
24.0004
24.0004
24.0004
24.3450
24.0429
24.0059
24.0012
24.0006
24.0005
24.0004
24.0004
24.0004
24.0004
24.0004
24.0004
24.0003
24.3569
24.0444
24.0061
24.0012
24.0006
24.0005
24.0005
24.0004
24.0004
24.0004
24.0004
24.0004
24.0003
24.3680
24.0457
24.0062
24.0012
24.0006
24.0005
24.0004
24.0004
24.0004
24.0004
24.0004
24.0004
24.0004
24.3792
24.0471
24.0064
24.0013
24.0006
24.0005
24.0005
24.0004
24.0004
24.0004
24.0004
24.0004
24.0004
24.3900
24.0486
24.0066
24.0013
24.0006
24.0005
24.0005
24.0005
24.0004
24.0004
24.0004
24.0004
24.0004
24.3982
24.0496
24.0067
24.0013
24.0006
24.0005
24.0005
24.0005
24.0004
24.0004
24.0004
24.0004
24.0004
24.4025
24.0502
24.0068
24.0013
24.0006
24.0005
24.0005
24.0004
24.0004
24.0004
24.0004
24.0004
24.0004
24.4025
24.0502
24.0068
24.0013
24.0006
24.0005
24.0005
24.0005
24.0004
24.0004
24.0004
24.0004
24.0004
24.3986
24.0497
24.0067
24.0013
24.0006
24.0005
24.0005
24.0005
24.0004
24.0004
24.0004
24.0004
24.0004
24.3918
24.0488
24.0066
24.0013
24.0006
24.0005
24.0005
24.0005
24.0004
24.0004
24.0004
24.0004
24.0004
24.3837
24.0478
24.0065
24.0013
24.0006
24.0005
24.0005
24.0005
24.0004
24.0004
24.0004
24.0004
24.0004
24.3746
24.0467
24.0063
24.0013
24.0006
24.0005
24.0004
24.0004
24.0004
24.0004
24.0004
24.0004
24.0004
24.3649
24.0455
24.0062
24.0012
24.0006
24.0005
24.0004
24.0004
24.0004
24.0004
24.0004
24.0004
24.0004
24.3551
24.0442
24.0060
24.0012
24.0006
24.0005
24.0004
24.0004
24.0004
24.0004
24.0004
24.0004
24.0004
24.3448
24.0429
24.0059
24.0012
24.0006
24.0005
24.0004
24.0004
24.0004
24.0004
24.0004
24.0004
24.0004
24.3344
24.0416
24.0057
24.0012
24.0006
24.0005
24.0005
24.0004
24.0004
24.0004
24.0004
24.0004
24.0004
24.3239
24.0403
24.0056
24.0012
23.7437
23.6180
23.5368
23.4823
23.4438
23.4149
23.3929
23.3754
23.3614
23.8615
23.6635
23.5361
23.4574
23.4080
23.3799
23.3616
23.3490
23.3401
23.3333
23.3279
23.3233
23.3194
23.3158
23.3127
23.3191
23.3104
23.3059
23.3029
23.3061
23.3041
23.3012
23.2995
23.2973
23.2950
23.2936
23.2925
23.2919
23.2917
23.2913
23.2913
23.2918
23.2929
23.2946
23.2967
23.2993
23.3023
23.3053
23.3090
23.3137
23.3182
23.3235
23.3278
23.3325
23.3372
23.3419
23.3461
23.3508
23.3551
23.3593
23.3626
23.3666
23.3707
23.3748
23.3795
23.3837
23.3875
23.9581
23.9968
24.2378
24.3601
24.4355
24.4897
24.5329
24.5696
24.6024
24.5056
24.1855
24.0335
24.0110
24.0074
24.0029
24.0024
24.0016
23.9849
23.9620
23.9385
23.9155
23.8922
23.8761
23.8609
23.8471
23.8348
23.8251
23.8149
23.8094
23.8012
23.7949
23.7897
23.7845
23.7806
23.7772
23.7743
23.7721
23.7703
23.7689
23.7678
23.7671
23.7665
23.9792
24.1168
24.4114
24.5458
24.6231
24.6761
24.7172
24.7518
24.7820
24.7742
24.5132
24.0773
24.0176
24.0090
24.0036
24.0029
24.0026
24.0024
24.0021
24.0020
24.0018
24.0017
24.0016
24.0015
24.0014
24.0013
24.0012
24.0012
24.0011
24.0010
24.0010
24.0009
24.0009
24.0008
24.0004
23.9988
23.9975
23.9960
23.9944
23.9910
23.9871
23.9891
23.9881
23.9891
23.9871
23.9902
23.9881
23.9876
23.9884
23.9882
23.9903
23.9918
23.9910
23.9902
24.0000
24.0009
24.0013
24.0016
24.0020
24.0022
24.0025
24.0027
24.0028
24.0030
24.0030
24.0029
24.0027
24.0011
24.0010
24.0009
24.0008
24.0008
24.0007
24.0006
24.0006
24.0005
24.0005
24.0005
24.0005
23.9974
23.9906
23.9857
23.9761
23.9680
23.9587
23.9504
23.9418
23.9336
23.9242
23.9170
23.9097
23.9024
23.8951
23.8879
23.8807
23.8737
25.1504
26.3787
27.2631
26.7274
26.7032
26.7027
26.7031
26.7035
26.7040
26.7044
26.7048
26.7044
25.9841
25.4264
25.0593
25.4225
25.0454
24.7906
24.6284
24.5204
24.4453
24.3910
24.3503
