24.4860
24.4816
24.4774
24.4742
24.4718
24.8222
24.7064
24.6244
24.5725
24.5397
24.5185
24.5045
24.4950
24.4882
24.4832
24.4793
24.4762
24.4735
24.8239
24.7073
24.6244
24.5716
24.5379
24.5158
24.5008
24.4902
24.4823
24.4760
24.4708
24.4663
24.4623
24.8114
24.6936
24.6091
24.5550
24.5199
24.4964
24.4801
24.4682
24.4590
24.4516
24.4453
24.4397
24.4346
24.7821
24.6638
24.5784
24.5235
24.4875
24.4632
24.4461
24.4334
24.4235
24.4154
24.4085
24.4023
24.3966
24.7427
24.6245
24.5387
24.4834
24.4457
24.4203
24.4038
24.3910
24.3806
24.3717
24.3637
24.3561
24.3488
24.6915
24.5706
24.4835
24.4274
24.3881
24.3623
24.3436
24.3293
24.3179
24.3080
24.2991
24.2909
24.2832
24.2760
24.2689
24.0096
24.0015
24.0013
24.0012
24.0029
24.0029
24.0029
24.0027
24.0027
24.0027
24.0027
24.0027
24.0027
24.0026
24.0026
24.0025
24.0025
24.0025
24.0024
24.0024
24.0024
24.0023
24.0026
24.1448
24.1992
24.2980
24.1766
24.0167
24.0044
24.0033
24.0031
24.0030
24.0028
24.0027
24.0027
24.0025
24.0024
24.0021
24.0020
24.0019
24.0020
24.0020
24.0018
24.0007
24.0006
24.0005
24.0005
24.0004
24.0004
24.0004
24.0004
24.0003
24.0009
24.0010
24.0011
24.0012
24.0013
24.0014
24.0015
24.0015
24.0015
24.0015
24.0015
24.0014
24.0013
24.0012
24.0012
24.0012
24.0013
24.0013
24.0014
24.0014
24.0014
24.0014
24.0015
24.0015
24.0016
24.0016
24.0017
24.0017
24.0018
24.0018
24.0019
24.0019
24.0017
24.0007
24.0006
24.0005
24.0005
24.0004
24.0004
24.0004
24.0004
24.0003
24.0008
24.0009
24.0011
24.0013
24.0014
24.0015
24.0016
24.0018
24.0098
24.0226
24.0040
24.0025
24.0026
24.2553
24.2509
24.3452
24.3798
24.4003
24.2879
24.1714
24.0172
24.0047
24.0035
24.0031
24.0028
24.0026
24.0024
24.0022
24.0019
24.0017
24.0007
24.0014
24.0016
24.0017
24.0016
24.0007
24.0006
24.0005
24.0005
24.0005
24.0005
24.0004
24.0004
24.0004
24.0004
24.0004
24.0004
24.0004
24.0004
24.0004
24.0004
24.0004
24.0004
24.0003
24.0003
24.0003
24.0003
24.0003
24.0002
24.0002
24.0008
24.0009
24.0010
24.0013
24.0014
24.0015
24.0018
24.0019
24.0020
24.0020
24.0015
24.0014
24.0013
24.0013
24.0011
24.0011
24.0010
24.0010
24.0010
24.0005
24.0004
24.0004
24.0004
24.0003
24.0003
24.0003
24.4560
24.7514
24.9608
24.7524
24.6034
24.5068
24.4437
24.4021
24.3741
24.3550
25.0697
24.8385
24.6789
24.5736
24.5040
24.8129
24.6683
24.5672
24.5014
24.4590
24.4312
24.4129
24.4004
24.3920
24.3871
24.3826
24.3791
24.3764
24.7238
24.6096
24.5277
24.4760
24.4433
24.4222
24.4083
24.3988
24.3921
24.3872
24.3835
24.3805
24.3780
24.7256
24.6110
24.5287
24.4766
24.4434
24.4216
24.4070
24.3968
24.3893
24.3835
24.3789
24.3750
24.3716
24.7186
24.6030
24.5197
24.4667
24.4326
24.4100
24.3946
24.3836
24.3754
24.3690
24.3638
24.3593
24.3553
24.7018
24.5859
24.5021
24.4487
24.4142
24.3913
24.3756
24.3644
24.3560
24.3494
24.3440
24.3394
24.3354
24.6815
24.5656
24.4818
24.4284
24.3941
24.3688
24.3538
24.3430
24.3347
24.3278
24.3218
24.3163
24.3112
24.6553
24.5384
24.4511
24.3998
24.3625
24.3389
24.3225
24.3105
24.3012
24.2934
24.2866
24.2805
24.2748
24.2694
24.2642
24.0096
24.0017
24.0015
24.0014
24.0012
24.0032
24.0035
24.0034
24.0032
24.0032
24.0032
24.0031
24.0031
24.0030
24.0030
24.0029
24.0028
24.0028
24.0027
24.0027
24.0026
24.0026
24.0542
24.1305
24.2419
24.2802
24.1087
24.0115
24.0041
24.0034
24.0032
24.0030
24.0029
24.0028
24.0027
24.0026
24.0024
24.0022
24.0021
24.0021
24.0020
24.0020
24.0020
24.0008
24.0006
24.0005
24.0005
24.0004
24.0004
24.0004
24.0004
24.0009
24.0010
24.0011
24.0012
24.0013
24.0015
24.0015
24.0017
24.0017
24.0016
24.0015
24.0014
24.0013
24.0012
24.0012
24.0012
24.0012
24.0012
24.0012
24.0013
24.0013
24.0013
24.0013
24.0013
24.0013
24.0015
24.0016
24.0016
24.0017
24.0018
24.0018
24.0019
24.0019
24.0017
24.0007
24.0006
24.0005
24.0005
24.0004
24.0004
24.0004
24.0003
24.0003
24.0008
24.0010
24.0011
24.0012
24.0014
24.0015
24.0016
24.0018
24.0254
24.0040
24.0024
24.0023
24.0024
24.0934
24.3624
24.4565
24.4034
24.4773
24.4320
24.2034
24.0707
24.0090
24.0039
24.0033
24.0031
24.0030
24.0027
24.0026
24.0025
24.0022
24.0010
24.0017
24.0017
24.0018
24.0019
24.0018
24.0008
24.0007
24.0006
24.0006
24.0005
24.0005
24.0005
24.0005
24.0004
24.0004
24.0004
24.0003
24.0003
24.0003
24.0003
24.0003
24.0003
24.0003
24.0003
24.0003
24.0003
24.0003
24.0003
24.0003
24.0007
24.0007
24.0008
24.0008
24.0008
24.0011
24.0012
24.0014
24.0015
24.0016
24.0015
24.0016
24.0017
24.0017
24.0007
24.0006
24.0006
24.0005
24.0005
24.0005
24.0004
24.0004
24.0004
24.0004
24.0004
24.0004
24.4934
24.8128
25.0395
24.8434
24.7065
24.6200
24.5656
24.5317
24.5105
24.4976
24.4902
24.4865
24.4854
24.4854
24.4871
24.8419
24.7289
24.6536
24.6075
24.5803
24.5649
24.5566
24.5530
24.5517
24.5534
24.5546
24.5564
24.5586
24.9156
24.8017
24.7240
24.6758
24.6466
24.6290
24.6185
24.6124
24.6090
24.6072
24.6065
24.6064
24.6068
24.9639
24.8472
24.7672
24.7169
24.6858
24.6664
24.6541
24.6461
24.6409
24.6373
24.6348
24.6330
24.6316
24.9880
24.8694
24.7875
24.7355
24.7027
24.6816
24.6678
24.6583
24.6517
24.6467
24.6429
24.6398
24.6372
24.9928
24.8730
24.7900
24.7368
24.7030
24.6810
24.6662
24.6558
24.6483
24.6425
24.6379
24.6341
24.6307
24.9857
24.8653
24.7815
24.7277
24.6928
24.6679
24.6536
24.6431
24.6350
24.6283
24.6222
24.6166
24.6111
24.9630
24.8405
24.7521
24.6986
24.6605
24.6361
24.6189
24.6061
24.5957
24.5862
24.5785
24.5711
24.5641
24.5573
24.5507
24.0257
24.0025
24.0018
24.0017
24.0033
24.0033
24.0032
24.0030
24.0029
24.0029
24.0029
24.0028
24.0028
24.0027
24.0027
24.0026
24.0026
24.0026
24.0025
24.0025
24.0025
24.0025
24.1488
24.2906
24.4589
24.3716
24.1421
24.0145
24.0043
24.0034
24.0031
24.0030
24.0029
24.0028
24.0027
24.0024
24.0021
24.0020
24.0019
24.0019
24.0020
24.0020
24.0019
24.0008
24.0006
24.0006
24.0005
24.0005
24.0004
24.0004
24.0004
24.0009
24.0010
24.0011
24.0012
24.0013
24.0014
24.0015
24.0016
24.0015
24.0014
24.0013
24.0013
24.0012
24.0011
24.0011
24.0011
24.0011
24.0011
24.0012
24.0013
24.0013
24.0014
24.0016
24.0018
24.0019
24.0019
24.0020
24.0020
24.0020
24.0020
24.0021
24.0021
24.0021
24.0019
24.0008
24.0007
24.0006
24.0005
24.0005
24.0005
24.0004
24.0004
24.0004
24.0004
24.0009
24.0004
24.0009
24.0013
24.0016
24.0018
24.0019
24.0020
24.0728
24.1358
24.0648
24.0139
24.1710
24.2695
24.3919
24.5033
24.5669
24.4795
24.2695
24.1288
24.0586
24.0220
24.0047
24.0030
24.0026
24.0023
24.0021
24.0018
24.0016
24.0007
24.0013
24.0014
24.0015
24.0015
24.0014
24.0006
24.0005
24.0005
24.0004
24.0004
24.0004
24.0004
24.0004
24.0004
24.0003
24.0003
24.0003
24.0003
24.0003
24.0002
24.0002
24.0002
24.0002
24.0003
24.0003
24.0003
24.0003
24.0002
24.0002
24.0002
24.0006
24.0007
24.0007
24.0008
24.0011
24.0013
24.0014
24.0016
24.0017
24.0017
24.0015
24.0015
24.0015
24.0014
24.0006
24.0005
24.0005
24.0005
24.0004
24.0004
24.0004
24.0004
24.0003
24.0003
24.0003
24.5156
24.8476
25.0823
24.8894
24.7570
24.6735
24.6218
24.5898
25.2984
25.8105
25.4639
25.1967
25.0165
24.8966
24.8179
25.1309
24.9793
24.8740
24.8069
24.7643
24.7373
25.4470
25.9562
26.3741
25.9545
25.6103
25.3597
25.1901
25.4546
25.2576
25.1187
25.0260
24.9642
24.9221
24.8928
24.8717
24.8561
24.8442
24.8348
24.8272
24.8208
25.1784
25.0534
24.9673
24.9117
24.8759
24.8523
24.8363
24.8249
24.8164
24.8098
24.8045
24.8000
24.7960
25.1548
25.0314
24.9465
24.8918
24.8566
24.8335
24.8176
24.8063
24.7979
24.7912
24.7858
24.7811
24.7769
25.1350
25.0116
24.9264
24.8713
24.8359
24.8124
24.7962
24.7845
24.7756
24.7686
24.7627
24.7576
24.7529
25.1101
24.9866
24.9009
24.8454
24.8094
24.7832
24.7672
24.7556
24.7463
24.7383
24.7310
24.7241
24.7174
25.0710
24.9460
24.8550
24.8002
24.7604
24.7344
24.7156
24.7013
24.6895
24.6794
24.6704
24.6621
24.6542
24.6467
24.6394
24.0321
24.0026
24.0016
24.0014
24.0032
24.0033
24.0032
24.0032
24.0031
24.0030
24.0030
24.0029
24.0028
24.0028
24.0027
24.0026
24.0026
24.0025
24.0025
24.0024
24.0024
24.0024
24.0686
24.2147
24.5281
24.5386
24.4044
24.1499
24.0267
24.0053
24.0034
24.0031
24.0029
24.0028
24.0027
24.0025
24.0023
24.0022
24.0020
24.0019
24.0019
24.0019
24.0018
24.0008
24.0006
24.0006
24.0005
24.0005
24.0004
24.0004
24.0004
24.0003
24.0004
24.0009
24.0010
24.0011
24.0013
24.0014
24.0015
24.0015
24.0015
24.0015
24.0015
24.0014
24.0013
24.0012
24.0012
24.0012
24.0013
24.0014
24.0014
24.0014
24.0014
24.0014
24.0015
24.0015
24.0016
24.0017
24.0017
24.0018
24.0018
24.0019
24.0019
24.0019
24.0019
24.0008
24.0007
24.0006
24.0005
24.0005
24.0005
24.0004
24.0004
24.0004
24.0004
24.0008
24.0011
24.0013
24.0015
24.0016
24.0016
24.0017
24.0018
24.0562
24.1574
24.0572
24.0808
24.2725
24.4559
24.4022
24.4548
24.5050
24.4944
24.2821
24.1606
24.1000
24.0685
24.0510
24.0065
24.0028
24.0024
24.0021
24.0020
24.0018
24.0008
24.0014
24.0014
24.0015
24.0016
24.0016
24.0007
24.0006
24.0006
24.0005
24.0005
24.0005
24.0005
24.0004
24.0004
24.0004
24.0004
24.0003
24.0003
24.0003
24.0003
24.0003
24.0003
24.0003
24.0003
24.0003
24.0003
24.0003
24.0003
24.0003
24.0003
24.0006
24.0006
24.0007
24.0007
24.0011
24.0013
24.0015
24.0016
24.0013
24.0014
24.0015
24.0016
24.0017
24.0017
24.0017
24.0017
24.0016
24.0015
24.0007
24.0006
24.0005
24.0005
24.0005
24.0004
24.0004
24.5517
24.9021
25.1472
24.9598
24.8301
24.7482
24.6970
24.6649
24.6448
25.3596
25.1287
24.9715
24.8697
24.8034
24.7613
25.0958
24.9607
24.8674
24.8091
24.7729
24.7505
24.7368
24.7284
24.7240
24.7218
24.7202
24.7195
24.7194
25.0790
24.9606
24.8802
24.8297
24.7985
24.7792
24.7670
24.7593
24.7544
24.7512
24.7491
24.7476
24.7466
25.1064
24.9862
24.9043
24.8523
24.8196
24.7988
24.7852
24.7760
24.7695
24.7647
24.7610
24.7580
24.7553
25.1142
24.9922
24.9086
24.8549
24.8208
24.7985
24.7834
24.7729
24.7651
24.7591
24.7541
24.7499
24.7462
25.1039
24.9812
24.8965
24.8419
24.8068
24.7836
24.7677
24.7564
24.7478
24.7410
24.7354
24.7306
24.7262
25.0829
24.9599
24.8747
24.8196
24.7841
24.7583
24.7426
24.7314
24.7224
24.7147
24.7077
24.7010
24.6945
25.0476
24.9236
24.8334
24.7806
24.7417
24.7169
24.6994
24.6862
24.6756
24.6667
24.6586
24.6511
24.6439
24.6370
24.6304
24.0310
24.0022
24.0012
24.0011
24.0010
24.0010
24.0009
24.0009
24.0008
24.0008
24.0008
24.0007
24.0007
24.0007
24.0006
24.0006
24.0006
24.0006
24.0006
24.0005
24.0005
24.0005
24.0005
24.0005
24.0005
24.0005
24.0005
24.0004
24.0004
24.0004
24.0004
24.0004
24.0004
24.0004
24.0004
24.0004
24.0004
24.0004
24.0004
24.0004
24.0004
24.0004
24.0004
24.0004
24.0004
24.0004
24.0004
24.0003
24.0003
24.0003
24.0003
24.0003
24.0003
24.0003
24.0003
24.0003
24.0003
24.0003
24.0003
24.0003
24.0003
24.0003
24.0003
24.0002
24.0002
24.0002
24.0002
24.0002
24.0002
24.0002
24.0002
24.0002
24.0002
24.0002
24.0002
24.0002
24.0002
24.0002
24.0002
24.0002
24.0002
24.0002
24.0002
24.0002
24.0002
24.0002
24.0002
24.0002
24.0002
24.0002
24.0002
24.0002
24.0002
24.0002
24.0002
24.0002
24.0002
24.0002
24.0002
24.0002
24.0002
24.0002
24.0002
24.0002
24.0002
24.0002
24.0002
24.0002
24.0002
24.0002
24.0002
24.0002
24.0002
24.0002
24.0002
24.0002
24.0002
24.0002
24.0002
24.0002
24.0806
24.1330
24.1673
24.1910
24.2084
24.2221
24.2337
24.2443
24.2543
24.2641
24.2739
24.2838
24.6398
24.5382
24.4684
24.4289
24.4081
24.3986
24.3961
24.3978
24.4022
24.4083
24.4153
24.4228
24.4307
24.7894
24.6828
24.6108
24.5684
24.5448
24.5326
24.5272
24.5259
24.5272
24.5301
24.5339
24.5382
24.5427
24.9018
24.7899
24.7142
24.6680
24.6409
24.6253
24.6166
24.6122
24.6105
24.6103
24.6111
24.6125
24.6143
24.9731
24.8574
24.7787
24.7298
24.7000
24.6819
24.6708
24.6642
24.6602
24.6579
24.6567
24.6561
24.6560
25.0143
24.8963
24.8156
24.7648
24.7334
24.7136
24.7011
24.6930
24.6876
24.6840
24.6815
24.6797
24.6784
25.0365
24.9170
24.8351
24.7831
24.7506
24.7298
24.7163
24.7072
24.7009
24.6964
24.6930
24.6903
24.6881
25.0461
24.9255
24.8426
24.7898
24.7565
24.7350
24.7208
24.7110
24.7040
24.6989
24.6948
24.6915
24.6887
25.0463
24.9250
24.8414
24.7880
24.7540
24.7319
24.7171
24.7067
24.6992
24.6935
24.6889
24.6850
24.6817
25.0387
24.9169
24.8328
24.7788
24.7444
24.7217
24.7064
24.6956
24.6876
24.6814
24.6763
24.6720
24.6682
25.0245
24.9025
24.8180
24.7635
24.7287
24.7056
24.6899
24.6786
24.6702
24.6636
24.6581
24.6534
24.6492
25.0047
24.8827
24.7978
24.7430
24.7077
24.6842
24.6681
24.6565
24.6477
24.6407
24.6349
24.6299
24.6255
24.9805
24.8593
24.7756
24.7223
24.6887
24.6671
24.6528
24.6431
24.6362
24.6310
24.6271
24.6240
24.6215
24.9781
24.8581
24.7757
24.7231
24.6902
24.6694
24.6560
24.6472
24.6415
24.6377
24.6352
24.6337
24.6328
24.9915
24.8726
24.7920
24.7410
24.7097
24.6904
24.6785
24.6713
24.6669
24.6645
24.6633
24.6633
24.6639
25.0245
24.9056
24.8264
24.7767
24.7466
24.7284
24.7176
24.7114
24.7081
24.7068
24.7066
24.7074
24.7088
25.0717
24.9538
24.8744
24.8258
24.7968
24.7797
24.7700
24.7649
24.7627
24.7624
24.7633
24.7651
24.7676
25.1331
25.0156
24.9362
24.8884
24.8602
24.8440
24.8351
24.8307
24.8292
24.8295
24.8310
24.8334
24.8363
25.2045
25.0864
25.0069
24.9595
24.9317
24.9159
24.9073
24.9033
24.9021
24.9027
24.9045
24.9070
24.9100
25.2804
25.1610
25.0807
25.0326
25.0043
24.9881
24.9791
24.9748
24.9731
24.9733
24.9747
24.9768
24.9795
25.3515
25.2309
25.1499
25.1014
25.0727
25.0561
25.0469
25.0422
25.0403
25.0402
25.0413
25.0432
25.0456
25.4194
25.2976
25.2159
25.1668
25.1376
25.1206
25.1108
25.1056
25.1031
25.1024
25.1028
25.1039
25.1052
25.4799
25.3564
25.2734
25.2231
25.1926
25.1742
25.1633
25.1569
25.1532
25.1513
25.1504
25.1502
25.1505
25.5253
25.3999
25.3149
25.2630
25.2311
25.2112
25.1987
25.1907
25.1855
25.1819
25.1795
25.1777
25.1763
25.5502
25.4229
25.3365
25.2827
25.2491
25.2276
25.2135
25.2039
25.1971
25.1920
25.1880
25.1847
25.1818
25.5541
25.4255
25.3378
25.2825
25.2474
25.2245
25.2090
25.1980
25.1899
25.1836
25.1783
25.1739
25.1698
25.5408
25.4111
25.3227
25.2664
25.2303
25.2064
25.1899
25.1781
25.1690
25.1618
25.1557
25.1504
25.1455
25.5150
25.3848
25.2961
25.2390
25.2022
25.1776
25.1604
25.1479
25.1382
25.1303
25.1236
25.1177
25.1123
25.4802
25.3499
25.2611
25.2036
25.1662
25.1410
25.1234
25.1103
25.1001
25.0917
25.0845
25.0781
25.0722
25.4384
25.3081
25.2194
25.1614
25.1236
25.0980
25.0799
25.0664
25.0557
25.0471
25.0395
25.0327
25.0264
25.3910
25.2606
25.1720
25.1138
25.0757
25.0498
25.0314
25.0175
25.0065
24.9973
24.9893
24.9821
24.9753
25.3382
25.2080
25.1191
25.0606
25.0222
24.9958
24.9770
24.9627
24.9512
24.9416
24.9332
24.9255
24.9183
25.2790
25.1495
25.0603
25.0016
24.9628
24.9361
24.9168
24.9021
24.8903
24.8803
24.8714
24.8633
24.8558
25.2146
25.0857
24.9961
24.9372
24.8981
24.8689
24.8499
24.8353
24.8230
24.8123
24.8022
24.7925
24.7830
25.1371
25.0079
24.9133
24.8555
24.8127
24.7839
24.7626
24.7459
24.7320
24.7197
24.7084
24.6979
24.6879
24.6782
24.6689
24.0352
24.0032
24.0020
24.0019
24.0018
24.0041
24.0042
24.0042
24.0039
24.0038
24.0036
24.0034
24.0033
24.0032
24.0030
24.0029
24.0028
24.0027
24.0027
24.0026
24.0026
24.0025
24.2182
24.2151
24.3260
24.4724
24.3172
24.0951
24.0105
24.0037
24.0031
24.0029
24.0028
24.0027
24.0026
24.0025
24.0023
24.0023
24.0021
24.0021
24.0021
24.0021
24.0022
24.0009
24.0008
24.0007
24.0006
24.0006
24.0005
24.0005
24.0004
24.0004
24.0004
24.0011
24.0012
24.0013
24.0015
24.0016
24.0018
24.0019
24.0020
24.0020
24.0019
24.0018
24.0017
24.0017
24.0016
24.0016
24.0016
24.0016
24.0016
24.0017
24.0016
24.0016
24.0016
24.0017
24.0018
24.0019
24.0019
24.0020
24.0020
24.0021
24.0021
24.0021
24.0021
24.0009
24.0007
24.0007
24.0006
24.0006
24.0005
24.0005
24.0005
24.0004
24.0004
24.0011
24.0014
24.0016
24.0017
24.0018
24.0019
24.0102
24.0419
24.1320
24.1588
24.1383
24.1122
24.3461
24.5066
24.5712
24.6172
24.7981
24.6815
24.4429
24.2899
24.2165
24.1783
24.1362
24.1146
24.0799
24.0629
24.0304
24.0047
24.0025
24.0011
24.0019
24.0018
24.0215
24.0386
24.0047
24.0010
24.0008
24.0007
24.0007
24.0006
24.0006
24.0006
24.0006
24.0006
24.0005
24.0005
24.0005
24.0004
24.0004
24.0004
24.0004
24.0004
24.0004
24.0004
24.0004
24.0004
24.0004
24.0004
24.0003
24.0008
24.0008
24.0008
24.0008
24.0009
24.0010
24.0012
24.0014
24.0015
24.0017
24.0018
24.0019
24.0019
24.0019
24.0020
24.0020
24.0018
24.0008
24.0007
24.0007
24.0006
24.0006
24.0006
24.0005
24.0005
24.0005
24.5957
24.9713
25.2330
25.0543
24.9337
24.8593
24.8141
24.7870
24.7712
24.7625
24.7584
24.7571
24.7581
24.7605
24.7636
25.1280
25.7492
26.2103
25.8323
25.5305
25.3264
25.1921
25.1048
25.0470
23.7355
23.0473
22.6988
22.5011
23.7130
23.0352
22.5934
22.3710
22.2416
22.1553
22.0906
22.0374
21.9910
21.9489
21.9098
21.8729
21.8378
23.0555
22.4876
22.1041
21.9183
21.8148
21.7488
21.7007
21.6617
21.6277
21.5965
21.5673
21.5394
21.5125
22.6944
22.1612
21.7929
21.6161
21.5194
21.4591
21.4163
21.3822
21.3528
21.3260
21.3010
21.2770
21.2538
22.4049
21.8972
21.5390
21.3677
21.2749
21.2180
21.1782
21.1469
21.1201
21.0959
21.0733
21.0517
21.0309
22.1545
21.6677
21.3176
21.1504
21.0603
21.0056
20.9677
20.9383
20.9133
20.8909
20.8700
20.8501
20.8308
21.9294
21.4610
21.1179
20.9544
20.8671
20.8149
20.7796
20.7527
20.7304
20.7107
20.6926
20.6756
20.6593
20.6436
20.6284
23.7010
25.5892
26.6011
26.6669
26.6703
26.6703
26.6703
26.6703
26.6702
26.6701
26.6774
26.7157
26.7690
26.8294
26.8930
26.9574
27.0214
27.0841
27.1455
27.2055
27.2638
27.3203
27.5612
27.7567
27.9632
28.0699
28.0560
27.9384
27.8902
27.8776
27.8847
27.9030
27.9278
27.9565
27.9874
27.9501
27.9402
27.9803
27.9985
28.0211
28.0637
28.1356
28.1399
27.3632
26.8276
26.6755
26.6741
26.6741
26.6741
26.6741
26.6741
26.6740
27.0596
27.3794
27.6500
27.8622
28.0339
28.1610
28.2595
28.3055
28.3185
28.3261
28.3117
28.3493
28.3848
28.4190
28.4521
28.4676
28.5049
28.5390
28.5874
28.6449
28.6918
28.7647
28.8532
28.9038
28.9476
28.9870
29.0232
29.0572
29.0897
29.1210
29.1512
29.1655
29.1548
28.3721
27.8220
27.3847
27.0531
26.8007
26.6729
26.6719
26.6720
26.6721
27.2251
27.6647
28.1131
28.4725
28.7236
28.9016
29.0324
29.1327
29.2129
29.3851
29.5192
29.5158
29.6469
29.7057
29.7075
29.7076
29.7085
29.7089
29.7083
29.7072
29.7072
29.7074
29.7075
29.7074
29.7076
29.7075
29.7072
29.7073
29.7068
28.9836
28.4491
28.8163
29.1648
29.4454
29.6063
29.6619
28.9618
28.4394
28.0322
27.7253
27.5047
27.3478
27.2336
27.1479
27.0817
27.0286
26.9848
26.9479
26.9161
26.8883
26.8636
26.8414
26.8213
26.8030
26.7862
26.7708
26.7567
26.7436
26.7316
26.7203
27.4523
27.9756
28.3812
28.7525
29.0542
29.2891
29.4598
29.5873
29.6862
29.7055
29.7062
29.7064
29.7065
29.7066
29.7066
29.7064
29.7063
29.0449
28.5365
28.1406
27.8444
27.6359
27.4875
27.3790
27.2967
27.2323
25.8713
25.0888
24.5760
24.2897
24.1103
23.9822
23.8808
23.7948
24.3663
23.9723
23.7688
23.6424
25.0415
24.2798
23.8178
23.5886
23.4549
23.3646
23.2952
23.2369
23.1849
23.1369
23.0918
23.0488
23.0076
24.3729
23.6997
23.2804
23.0777
22.9636
22.8894
22.8340
22.7882
22.7476
22.7101
22.6747
22.6407
22.6078
23.9287
23.2969
22.8947
22.7023
22.5961
22.5286
22.4794
22.4393
22.4040
22.3716
22.3409
22.3114
22.2828
23.5646
22.9646
22.5745
22.3884
22.2866
22.2228
22.1769
22.1399
22.1076
22.0780
22.0501
22.0232
21.9971
23.2434
22.6703
22.2898
22.1085
22.0099
21.9485
21.9049
21.8700
21.8397
21.8121
21.7860
21.7610
21.7367
22.9501
22.4009
22.0289
21.8515
21.7553
21.6959
21.6539
21.6206
21.5918
21.5656
21.5410
21.5174
21.4945
22.6771
22.1499
21.7856
21.6120
21.5181
21.4606
21.4205
21.3892
21.3628
21.3390
21.3170
21.2962
21.2762
21.2568
21.2379
21.2196
21.2016
21.1840
24.2425
26.2223
26.6524
26.6702
26.6701
26.6701
26.6700
26.7406
26.8229
26.9477
27.0566
27.1544
27.2441
27.3273
27.4051
27.4786
27.5482
27.6144
27.6776
27.7382
27.7963
27.8523
28.0823
28.3720
28.4908
28.5855
28.5369
28.4369
28.3967
28.3879
28.3967
28.4156
28.4404
28.4687
28.4826
28.4549
28.4500
28.4909
28.4941
28.5236
28.5854
28.6509
28.6548
27.8816
27.3435
26.9133
26.6751
26.6729
26.6729
26.6730
26.6730
26.6730
27.1375
27.5551
27.9424
28.2161
28.4282
28.5816
28.6974
28.7566
28.8462
28.8851
28.9257
28.9350
28.9395
28.9551
28.9768
29.0018
29.0130
29.0617
29.1029
29.1548
29.1678
29.2173
29.2591
29.3413
29.4032
29.4532
29.4960
29.5340
29.5689
29.6016
29.6328
29.6628
29.6354
28.8594
28.3069
27.8663
27.5351
27.2859
27.1082
26.9797
26.8847
26.8125
27.4808
28.0228
28.4622
28.8348
29.1186
29.3193
29.4655
29.6345
29.7049
29.7071
29.7073
29.7068
29.7079
29.7100
29.7112
29.7111
29.7105
29.7115
29.7106
29.7102
29.7097
29.7098
29.7098
29.7095
29.7094
29.7094
29.7092
29.7089
29.7088
29.7086
29.7086
29.7088
29.7096
29.7089
29.7097
29.7091
29.1285
28.6621
28.3095
28.0521
27.8698
27.7378
27.6398
27.5643
27.5042
27.4552
27.4136
27.3779
27.3466
27.3188
27.2938
27.2712
27.2505
27.2313
27.2136
27.1972
27.1818
27.1676
27.1541
27.1416
27.1300
27.8402
28.3640
28.8161
29.1863
29.4864
29.7014
29.7065
29.7070
29.7072
29.7074
29.7074
29.7073
29.7073
29.7071
29.7070
29.7070
29.7070
29.7070
29.1399
28.6805
28.3309
28.0841
27.9104
27.7851
27.6916
26.2925
25.4915
24.9698
24.6449
24.4467
24.3071
24.1977
24.1053
24.0236
24.5960
24.8744
24.3342
25.6406
24.7410
24.2137
23.9498
23.7954
23.6910
23.6112
23.5444
23.4853
23.4312
23.3805
23.3325
24.4098
25.3313
25.5463
25.6827
25.7794
25.8485
25.8990
25.9365
25.9649
25.9867
26.0035
26.0165
26.0267
26.0344
26.4382
26.3060
26.2154
26.1624
26.1297
26.1089
26.0950
26.0852
26.0777
26.0715
26.0661
26.0611
26.0562
26.4505
26.3087
26.2098
26.1493
26.1101
26.0835
26.0644
26.0499
26.0381
26.0280
26.0189
26.0105
26.0025
26.3926
26.2486
26.1477
26.0852
26.0438
26.0150
25.9939
25.9775
25.9639
25.9521
25.9415
25.9315
25.9220
26.3086
26.1643
26.0632
25.9996
25.9570
25.9271
25.9050
25.6102
25.6013
25.6011
25.6011
25.6011
25.6011
26.0470
25.6153
25.6013
25.6010
25.6010
25.6010
25.0289
25.0028
25.0019
25.0018
25.0017
25.0016
25.0015
25.0014
25.0013
25.0012
25.0012
25.0011
24.0701
24.0040
24.0008
24.0006
24.0011
24.0204
24.0305
24.1033
24.2065
24.2362
24.2764
24.2983
24.3114
24.3201
24.3261
24.3302
24.3334
24.3357
24.3374
24.3387
24.3394
24.3184
24.5021
24.7379
24.9205
24.9943
24.8537
24.6254
24.5168
24.4614
24.4310
24.4130
24.4013
24.3932
24.3869
24.3377
24.2710
24.2357
24.1695
24.2223
24.2868
24.3161
24.2451
24.0135
24.0014
24.0007
24.0006
24.0006
24.0005
24.0005
24.0004
24.0004
24.0009
24.0009
24.0264
24.0692
24.1163
24.1480
24.1694
24.1851
24.1531
24.0965
24.0499
24.0181
24.0126
24.0092
24.0073
24.0067
24.0078
24.0316
24.0674
24.1019
24.0540
24.0771
24.1106
24.1284
24.1823
24.2096
24.2260
24.2367
24.2446
24.2509
24.2561
24.2597
24.2233
24.0119
24.0013
24.0007
24.0006
24.0006
24.0005
24.0005
24.0004
24.0004
24.0004
24.0009
24.0010
24.0217
24.0636
24.0950
24.0959
24.1677
24.3399
24.3206
24.3018
24.3198
24.3326
24.6455
24.8846
24.7798
24.7875
24.7964
24.7226
24.5455
24.4416
24.3902
24.3634
24.3266
24.2631
24.2103
24.1591
24.1097
24.0825
24.0421
24.0027
24.0264
24.1156
24.0964
24.0735
24.0163
24.0013
24.0006
24.0005
24.0004
24.0004
24.0004
24.0004
24.0004
24.0004
24.0003
24.0003
24.0002
24.0002
24.0002
24.0002
24.0002
24.0002
24.0002
24.0002
24.0002
24.0003
24.0002
24.0002
24.0002
24.0004
24.0005
24.0005
24.0006
24.0007
24.0009
24.0011
24.0017
24.0059
24.0018
24.0016
24.0017
24.0018
24.0018
24.0018
24.0017
24.0008
24.0007
24.0006
24.0006
24.0006
24.0005
24.0005
24.0005
24.0004
24.0004
24.6265
25.0199
24.9356
24.8773
24.8444
24.8262
24.8170
24.8132
24.8125
24.8141
24.8171
24.8207
24.8252
24.8298
25.1971
25.0820
25.0036
24.9579
24.9314
24.9166
25.6355
25.4055
25.2509
25.1525
25.0898
25.0488
25.0221
25.3737
25.2387
25.1480
25.0898
25.0531
25.0297
25.0144
25.0042
24.9973
24.9924
24.9888
24.9861
24.9840
25.3500
25.2248
25.1410
25.0873
25.0535
25.0317
25.0173
25.0073
25.0001
24.9947
24.9904
24.9867
24.9835
25.3488
25.2222
25.1371
25.0820
25.0468
25.0237
25.0079
24.9967
24.9882
24.9816
24.9760
24.9712
24.9669
25.3308
25.2035
25.1173
25.0613
25.0252
25.0012
24.9845
24.9724
24.9631
24.9557
24.9493
24.9438
24.9388
25.3014
25.1741
25.0872
25.0306
24.9940
24.9696
24.9503
24.9381
24.9286
24.9206
24.9132
24.9061
24.8992
25.2581
25.1304
25.0372
24.9788
24.9428
24.9134
24.8935
24.8784
24.8660
24.8555
24.8460
24.8370
24.8285
24.8202
24.8123
24.8045
24.0454
24.0031
24.0015
24.0014
24.0029
24.0029
24.0028
24.0027
24.0026
24.0026
24.0026
24.0026
24.0025
24.0025
24.0025
24.0024
24.0024
24.0024
24.0023
24.0023
24.0023
24.0023
24.2012
24.3646
24.4307
24.5576
24.5611
24.2484
24.1209
24.0561
24.0210
24.0045
24.0031
24.0029
24.0027
24.0026
24.0023
24.0021
24.0019
24.0019
24.0019
24.0020
24.0019
24.0009
24.0007
24.0006
24.0006
24.0005
24.0005
24.0004
24.0004
24.0004
24.0008
24.0009
24.0011
24.0013
24.0014
24.0015
24.0016
24.0017
24.0017
24.0016
24.0015
24.0014
24.0013
24.0012
24.0012
24.0012
24.0011
24.0012
24.0012
24.0013
24.0014
24.0014
24.0014
24.0015
24.0016
24.0016
24.0017
24.0017
24.0018
24.0018
24.0019
24.0032
24.0020
24.0009
24.0007
24.0006
24.0006
24.0005
24.0005
24.0004
24.0004
24.0004
24.0004
24.0009
24.0011
24.0012
24.0014
24.0015
24.0015
24.0016
24.0245
24.1055
24.2413
24.2495
24.2398
24.4156
24.5264
24.6131
24.5579
24.6495
24.5702
24.3490
24.2434
24.1898
24.1620
24.1243
24.1056
24.0504
24.0062
24.0024
24.0010
24.0009
24.0007
24.0014
24.0014
24.0015
24.0027
24.0016
24.0008
24.0006
24.0008
24.0009
24.0008
24.0007
24.0007
24.0006
24.0005
24.0005
24.0005
24.0004
24.0004
24.0003
24.0003
24.0003
24.0003
24.0003
24.0003
24.0002
24.0002
24.0002
24.0002
24.0002
24.0001
24.0001
24.0001
24.0001
24.0000
24.0000
24.0000
24.0000
24.0000
24.0000
24.0000
24.0000
24.0001
24.0001
24.0001
24.0001
24.0006
24.0006
24.0005
24.0005
24.0004
24.0004
24.0003
24.0003
24.0003
24.0003
24.0002
24.0002
24.0002
24.0001
24.0001
24.0001
24.0001
24.0001
24.0000
24.0000
24.0001
24.0001
24.5522
24.0434
24.0036
24.0005
24.0002
24.0002
24.0002
24.0002
24.0002
24.0002
24.0002
24.0002
24.0002
24.5076
24.0400
24.0034
24.0005
24.0003
24.0003
24.0003
24.0003
24.0002
24.0002
24.0002
24.0002
24.0002
24.4794
24.0378
24.0032
24.0005
24.0003
24.0003
24.0003
24.0003
24.0002
24.0002
24.0002
24.0002
24.0002
24.4550
24.0359
24.0030
24.0005
24.0003
24.0002
24.0002
24.0002
24.0002
24.0002
24.0002
24.0002
24.0002
24.4331
24.0342
24.0029
24.0004
24.0002
24.0002
24.0002
24.0002
24.0002
24.0002
24.0002
24.0002
24.0002
24.4132
24.0326
24.0028
24.0004
24.0002
24.0002
24.0002
24.0002
24.0002
24.0002
24.0002
24.0002
24.0002
24.3944
24.0311
24.0027
24.0004
24.0003
24.0002
24.0006
24.0006
24.0006
24.0005
24.0005
24.0004
24.0004
24.0003
24.0003
24.0003
24.0002
24.0002
23.9999
23.9998
23.9999
23.9999
23.9999
24.0000
24.0000
24.0000
24.0000
24.0000
24.0000
24.0001
24.0001
24.0001
24.0001
24.0001
24.0001
24.0001
24.0001
24.0001
24.0001
24.0001
24.0001
24.0001
24.0001
24.0001
24.0001
24.0001
24.0001
24.0001
24.0001
24.0001
24.0001
24.0001
24.0001
24.0001
24.0001
24.0001
24.0001
24.0001
24.0001
24.0001
24.0001
24.0001
24.0001
24.0001
24.0001
24.0001
24.0001
24.0001
24.0001
24.0001
24.0001
24.0001
24.0001
24.0001
24.0002
24.0002
24.0002
24.0002
24.0002
24.0002
24.0002
24.0002
24.0002
24.0002
24.0002
24.0002
24.0002
24.0002
24.0002
24.0002
24.0002
24.0002
24.0002
24.0002
24.0002
24.0002
24.0002
24.0002
24.0002
24.0002
24.0002
24.0002
24.0002
24.0002
24.0002
24.0002
24.0002
24.0002
24.0002
24.0002
24.0002
24.0002
24.0002
24.0002
24.0002
24.0002
24.0002
24.0002
24.0002
24.0002
24.0002
24.0002
24.0002
24.0002
24.0002
24.0002
24.0002
24.0002
24.0002
24.0002
24.0002
24.0002
24.0002
24.0002
24.0002
24.0002
24.0002
24.0002
24.0005
24.0005
24.0004
24.0004
24.0004
24.0003
24.0003
24.0003
24.0002
24.0002
24.0002
24.0002
24.4070
24.0318
24.0023
24.0000
23.9999
23.9999
23.9999
24.0000
24.0000
24.0000
24.0000
24.0000
24.0001
24.4070
24.0320
24.0026
24.0003
24.0002
24.0002
24.0002
24.0002
24.0002
24.0002
24.0002
24.0002
24.0002
24.4024
24.0317
24.0027
24.0004
24.0003
24.0002
24.0002
24.0002
24.0002
24.0002
24.0002
24.0002
24.0002
24.3953
24.0312
24.0027
24.0004
24.0003
24.0003
24.0003
24.0002
24.0002
24.0002
24.0002
24.0002
24.0002
24.3865
24.0305
24.0026
24.0004
24.0003
24.0003
24.0003
24.0002
24.0002
24.0002
24.0002
24.0002
24.0002
24.3768
24.0297
24.0026
24.0004
24.0003
24.0002
24.0002
24.0002
24.0002
24.0002
24.0002
24.0002
24.0002
24.3666
24.0289
24.0025
24.0004
24.0002
24.0002
24.0002
24.0002
24.0002
24.0002
24.0002
24.0002
24.0002
24.3556
24.0280
24.0024
24.0004
24.0003
24.0002
24.0002
24.0002
24.0002
24.0002
24.0002
24.0002
24.0002
24.3446
24.0272
24.0024
24.0004
24.0003
24.0003
24.0003
24.0003
24.0003
24.0002
24.0002
24.0002
24.0002
24.3337
24.0263
24.0023
24.0004
24.0003
24.0003
24.0003
24.0003
24.0003
24.0003
24.0002
24.0002
24.0002
24.3230
24.0255
24.0023
24.0004
24.0003
24.0003
24.0003
24.0003
24.0002
24.0002
24.0002
24.0002
24.0002
24.3133
24.0246
24.0022
24.0004
24.0003
24.0003
24.0003
24.0003
24.0002
24.0002
24.0002
24.0002
24.0002
24.3106
24.0244
24.0022
24.0004
24.0003
24.0003
24.0003
24.0002
24.0002
24.0002
24.0002
24.0002
24.0002
24.3122
24.0245
24.0022
24.0004
24.0003
24.0003
24.0002
24.0002
24.0002
24.0002
24.0002
24.0002
24.0002
24.3189
24.0251
24.0022
24.0004
24.0003
24.0003
24.0003
24.0003
24.0002
24.0002
24.0002
24.0002
24.0002
24.3290
24.0258
24.0023
24.0004
24.0003
24.0003
24.0003
24.0003
24.0002
24.0002
24.0002
24.0002
24.0002
24.3413
24.0268
24.0023
24.0004
24.0003
24.0002
24.0002
24.0002
24.0002
24.0002
24.0002
24.0002
24.0002
24.3532
24.0278
24.0024
24.0004
24.0003
24.0002
24.0002
24.0002
24.0002
24.0002
24.0002
24.0002
24.0002
24.3642
24.0286
24.0025
24.0004
24.0003
24.0002
24.0002
24.0002
24.0002
24.0002
24.0002
24.0002
24.0002
24.3752
24.0295
24.0026
24.0004
24.0003
24.0003
24.0003
24.0002
24.0002
24.0002
24.0002
24.0002
24.0002
24.3858
24.0304
24.0026
24.0005
24.0003
24.0003
24.0003
24.0003
24.0003
24.0002
24.0002
24.0002
24.0002
24.3939
24.0310
24.0027
24.0005
24.0003
24.0003
24.0003
24.0003
24.0003
24.0002
24.0002
24.0002
24.0002
24.3979
24.0314
24.0027
24.0005
24.0003
24.0003
24.0003
24.0003
24.0003
24.0002
24.0002
24.0002
24.0002
24.3974
24.0313
24.0027
24.0005
24.0003
24.0003
24.0003
24.0003
24.0003
24.0002
24.0002
24.0002
24.0002
24.3930
24.0310
24.0027
24.0005
24.0003
24.0003
24.0003
24.0003
24.0003
24.0003
24.0003
24.0002
24.0002
24.3857
24.0304
24.0026
24.0005
24.0003
24.0003
24.0003
24.0003
24.0003
24.0002
24.0002
24.0002
24.0002
24.3773
24.0297
24.0026
24.0005
24.0003
24.0003
24.0003
24.0003
24.0003
24.0003
24.0002
24.0002
24.0002
24.3681
24.0290
24.0025
24.0004
24.0003
24.0003
24.0003
24.0002
24.0002
24.0002
24.0002
24.0002
24.0002
24.3584
24.0282
24.0025
24.0004
24.0003
24.0002
24.0002
24.0002
24.0002
24.0002
24.0002
24.0002
24.0002
24.3486
24.0275
24.0024
24.0004
24.0003
24.0002
24.0002
24.0002
24.0002
24.0002
24.0002
24.0002
24.0002
24.3384
24.0267
24.0023
24.0004
24.0003
24.0002
24.0002
24.0002
24.0002
24.0002
24.0002
24.0002
24.0002
24.3282
24.0258
24.0023
24.0004
24.0003
24.0003
24.0002
24.0002
24.0002
24.0002
24.0002
24.0002
24.0002
24.3179
24.0250
24.0022
24.0004
23.9607
23.9524
23.9452
23.9392
23.9339
23.9291
23.9254
23.9223
23.9201
24.2540
24.1448
24.0692
24.0209
23.9904
23.9738
23.9642
23.9588
23.9560
23.9548
23.9546
23.9550
23.9558
23.9568
23.9580
23.9651
23.9629
23.9630
23.9639
23.9978
23.9998
24.0001
24.0004
24.0007
24.0009
24.0011
24.0013
24.0014
24.0016
24.0017
24.0017
24.0018
24.0019
24.0019
24.0020
24.0020
24.0020
24.0023
24.0606
24.1651
24.1997
24.0189
24.0044
24.0033
24.0030
24.0029
24.0028
24.0027
24.0027
24.0025
24.0023
24.0021
24.0019
24.0019
24.0020
24.0020
24.0020
24.0019
24.0007
24.0006
24.0005
24.0005
24.0005
24.0004
24.0004
24.0004
24.0010
24.0011
24.0012
24.0014
24.0015
24.0016
24.0017
24.0018
24.0018
24.0018
24.0017
24.0016
24.0015
24.0014
24.0013
24.0013
24.0013
24.0013
24.0013
24.0014
24.0014
24.0015
24.0016
24.0016
24.0017
24.0018
24.0018
24.0018
24.0019
24.0019
24.0019
24.0020
24.0020
24.0018
24.0008
24.0006
24.0006
24.0005
24.0005
24.0004
24.0004
24.0004
24.0004
24.0004
24.0009
24.0011
24.0013
24.0014
24.0015
24.0016
24.0017
24.0017
24.0019
24.1070
24.0107
24.0794
24.2483
24.3820
24.3904
24.3632
24.3114
24.1838
24.0804
24.0096
24.0038
24.0032
24.0030
24.0028
24.0026
24.0024
24.0022
24.0021
24.0019
24.0008
24.0014
24.0015
24.0015
24.0015
24.0015
24.0007
24.0006
24.0005
24.0005
24.0004
24.0004
24.0004
24.0004
24.0004
24.0003
24.0003
24.0003
24.0003
24.0003
24.0002
24.0002
24.0002
24.0002
24.0003
24.0003
24.0003
24.0002
24.0002
24.0002
24.0005
24.0006
24.0006
24.0006
24.0007
24.0008
24.0010
24.0012
24.0013
24.0013
24.0014
24.0016
24.0016
24.0016
24.0015
24.0014
24.0014
24.0013
24.0005
24.0005
24.0004
24.0004
24.0004
24.0004
24.0003
24.0003
24.5178
24.8499
25.0839
24.8905
24.7567
25.4044
25.8879
25.5230
25.2328
25.0342
24.9021
24.8150
24.7572
24.7192
24.6930
25.0350
24.9065
24.8162
24.7608
24.7262
24.7047
24.6916
24.6840
