1019.8936
1022.7887
1025.7396
1028.8589
1031.8752
1034.7942
1034.7942
1035.5433
1038.0559
1040.5497
1042.9786
1045.3426
1047.6437
1049.8843
1052.0667
1054.1933
1056.2664
1058.2881
1060.2604
1060.2604
1060.0388
1061.7086
1063.4001
1065.0622
1066.6927
1068.2917
1069.8598
1071.3977
1072.9069
1074.3884
1075.8431
1077.2716
1077.2716
1076.5903
1077.7678
1078.9846
1080.1918
1081.3861
1082.5668
1083.7339
1084.8877
1086.0287
1087.1571
1088.2735
1089.3784
1089.3784
1088.4438
1089.3301
1090.2666
1091.2059
1092.1446
1093.0814
1094.0160
1094.9483
1095.8781
1096.8058
1097.7310
1098.6539
1098.6539
1097.6059
1098.3330
1099.1164
1091.5622
1089.0612
1086.9607
1084.9645
1083.0428
1081.1841
1079.3812
1077.6285
1075.9219
1075.9219
1070.9441
1069.0778
1060.1331
1051.7564
1043.7651
1036.1154
1028.7838
1021.7511
1014.9876
1008.4829
1002.2236
996.1926
990.3738
984.7616
974.5453
966.9054
959.4682
952.1435
940.6538
932.6778
928.0188
924.2063
929.7335
938.0676
946.3544
954.9898
963.8505
972.6360
981.8091
991.3399
1001.1808
1011.2446
1021.4530
1031.7429
1042.0557
1049.4925
1078.9254
1127.6238
1166.6864
1209.8528
1223.8848
1212.5572
1205.3226
1200.5880
1197.7473
1196.2899
1196.0681
1196.9773
1198.8133
1195.7484
1193.3151
1180.5010
1169.2911
1167.7596
1174.9940
1176.4962
1169.7697
1162.7084
1157.1946
1152.8518
1149.4351
1146.7694
1144.7324
1143.2298
1142.1828
1141.6237
1150.2655
1160.3216
1168.4533
1177.6734
1192.8731
1206.6726
1216.3707
1219.4336
1224.7579
1228.8049
1225.7953
1213.8492
1204.5650
1195.1145
1185.5847
1176.4176
1170.7996
1165.7998
1160.7475
1155.7988
1157.0049
1155.7528
1158.1889
1166.6588
1172.2121
1180.7718
1189.2470
1197.6141
1205.8441
1213.9166
1221.8165
1226.7256
1221.0690
1214.3469
1208.9753
1204.7022
1201.2999
1198.6201
1196.5602
1195.0285
1193.9516
1193.2710
1198.5013
1206.7698
1218.2301
1235.6790
1249.0362
1260.9937
1272.0140
1290.4726
1317.4959
1340.7748
1352.6095
1350.1872
1364.3972
1411.9145
1434.8036
1466.4717
1490.6462
1511.7778
1512.7352
1505.8446
1486.7435
1473.2760
1463.2886
1450.8748
1438.4417
1425.6208
1414.5903
1401.4804
1386.1787
1371.2149
1361.0082
1354.2788
1351.8694
1345.9543
1329.2607
1318.5402
1308.5711
1298.7175
1289.0626
1279.5159
1269.6755
1260.3054
1251.5619
1243.0417
1235.1493
1226.3505
1217.7470
1209.3994
1201.2888
1193.3975
1185.7112
1178.2167
1170.9010
1163.8577
1156.9835
1150.8079
1144.2822
1137.4897
1130.7949
1124.2173
1110.6471
1102.9264
1095.0907
1095.0122
1093.9324
1092.0236
1091.0800
1089.3793
1087.1779
1084.2931
1079.8810
1073.3316
1064.6139
1056.2223
1041.2921
1029.0339
1017.9291
1007.9097
998.8698
993.5672
988.7780
984.3127
980.1059
976.1166
972.3158
968.6724
968.6724
968.6724
968.6724
972.1396
975.6898
979.2780
982.9047
986.5706
990.2754
994.0182
1000.9778
1004.6872
1008.3531
1012.0074
1015.5921
1015.5921
1017.6863
1020.9667
1024.2668
1027.5510
1030.8184
1034.0588
1037.1543
1040.1968
1043.3063
1046.5863
1049.7604
1052.8345
1052.8345
1053.9733
1056.6397
1059.2764
1061.8458
1064.3483
1066.7859
1069.1610
1071.4766
1073.7349
1075.9383
1078.0888
1080.1886
1080.1886
1080.3116
1082.1098
1083.9191
1085.6974
1087.4425
1089.1542
1090.8331
1092.4798
1094.0953
1095.6805
1097.2360
1098.7629
1098.7629
1098.3300
1099.6013
1100.9020
1102.1898
1103.4616
1104.7165
1105.9545
1107.1757
1108.3804
1109.5689
1110.7415
1111.8988
1111.8988
1111.1174
1112.0466
1113.0163
1113.9848
1114.9485
1115.9063
1116.8574
1117.8017
1118.7393
1119.6700
1120.5938
1121.5108
1121.5108
1120.5117
1121.2190
1121.9741
1115.4558
1112.9136
1110.5776
1108.2484
1105.9217
1103.6006
1101.2890
1098.9906
1096.7084
1096.7084
1091.7620
1089.2317
1081.0248
1073.2210
1065.6019
1058.1695
1050.9365
1043.9116
1037.0996
1030.5025
1024.1195
1017.9478
1011.9834
1006.2212
995.7318
987.6800
979.8257
972.0871
964.5012
948.9389
943.6262
941.7814
937.9772
940.8933
950.0895
959.4359
968.9234
978.2145
987.7971
997.6213
1007.6066
1017.6863
1027.7985
1037.8931
1047.9313
1057.7897
1097.7464
1138.4191
1182.4606
1217.1132
1221.6127
1211.6297
1205.3697
1201.3808
1199.1593
1198.2786
1198.4842
1199.7392
1201.8499
1201.7095
1198.8577
1190.4511
1183.1912
1179.7425
1179.9516
1183.4826
1181.2368
1173.0512
1166.6392
1161.5472
1157.4990
1154.3009
1151.8089
1149.9133
1148.5244
1149.2824
1153.5110
1158.7560
1171.2469
1184.7647
1198.2254
1210.5365
1224.5510
1228.5777
1229.1778
1220.4527
1214.6834
1207.6686
1199.4011
1190.8828
1182.2392
1173.5367
1162.6070
1152.8985
1149.9765
1149.8146
1147.3397
1146.5689
1146.3399
1152.2921
1160.9013
1169.3543
1177.6784
1185.8440
1193.8333
1201.6341
1209.2388
1213.8964
1204.6566
1196.6500
1189.4699
1182.8687
1176.7813
1171.1685
1166.0031
1161.5753
1157.7390
1154.4514
1153.5918
1155.7984
1164.3482
1178.6382
1194.9274
1210.0277
1224.3058
1251.7460
1279.1127
1294.6820
1309.0297
1313.7789
1326.8628
1353.3524
1406.1707
1445.5757
1464.9691
1493.9200
1507.5435
1490.2006
1474.0576
1461.9947
1453.7146
1448.0459
1444.1454
1441.5217
1439.9934
1436.6257
1427.2738
1412.7252
1401.8581
1387.1614
1382.1279
1379.0769
1375.4326
1355.2725
1343.8788
1333.1947
1322.8740
1312.7245
1302.0991
1291.8257
1282.1506
1272.7168
1263.9476
1254.5388
1245.3471
1236.4154
1227.7253
1219.2578
1210.9964
1202.9261
1195.0341
1187.5953
1180.7421
1173.9661
1167.2435
1159.8507
1152.5399
1145.3539
1132.2580
1124.9929
1117.5184
1112.0867
1111.5879
1111.2495
1109.8409
1107.6405
1104.7960
1098.8030
1093.1269
1088.7641
1082.3798
1070.8672
1061.2244
1052.5145
1044.3569
1036.6336
1029.2923
1022.2939
1015.6593
1009.3212
1003.2412
997.3922
991.7601
986.3317
986.3317
986.3317
986.3317
989.3103
992.4401
995.6165
998.8120
1002.0444
1005.3164
1008.3713
1011.2958
1014.2517
1017.1837
1019.9824
1022.6588
1022.6588
1023.3970
1025.8257
1028.3116
1030.7972
1033.2790
1035.5336
1037.9082
1040.1818
1042.4153
1044.8193
1047.1251
1049.3388
1049.3388
1048.9736
1050.7663
1052.5684
1054.3122
1055.9969
1057.6243
1059.1965
1060.7155
1062.1835
1063.6026
1064.9748
1066.3019
1066.3019
1065.0091
1066.0150
1067.0701
1068.1006
1069.1032
1070.0779
1071.0250
1071.9454
1072.8398
1073.7090
1074.5540
1075.3756
1075.3756
1073.5882
1074.1366
1074.7533
1075.3633
1075.9632
1076.5519
1077.1292
1077.6953
1078.2504
1078.7950
1079.3293
1079.8538
1079.8538
1077.7981
1078.0794
1078.4404
1078.8066
1079.1738
1079.5408
1079.9071
1080.2724
1080.6366
1080.9997
1081.3616
1081.7226
1081.7226
1079.5412
1079.6796
1079.9046
1072.5611
1069.3866
1066.5889
1063.9035
1061.3020
1058.7718
1056.3046
1053.8945
1051.5369
1051.5369
1046.3158
1043.7839
1035.2476
1027.2486
1019.6196
1012.3201
1005.3275
998.6227
992.1706
985.9815
980.0423
974.3395
968.8604
963.5931
950.3675
941.2212
932.5891
924.2364
909.4564
899.2084
892.7226
886.9325
885.0280
889.7023
900.4017
910.8549
921.2121
931.6858
942.2584
952.9302
963.7128
974.5343
985.3384
996.0757
1006.6710
1017.0374
1061.1470
1107.9353
1159.8508
1181.5684
1174.7820
1165.1384
1159.3142
1155.6945
1153.7396
1153.0004
1153.3368
1154.6774
1156.8110
1146.0171
1134.1078
1123.7761
1125.3984
1127.1836
1134.5707
1138.8322
1134.0821
1126.2531
1120.3041
1115.8238
1112.5071
1110.1435
1108.5651
1107.6380
1107.2470
1110.4719
1116.8303
1122.0362
1131.4476
1147.7165
1160.3149
1174.6193
1184.7607
1185.4983
1180.5178
1175.7172
1173.1079
1167.2674
1160.6547
1153.5540
1146.0997
1138.6899
1131.1142
1124.0852
1120.6764
1119.8024
1121.4606
1133.7784
1142.0003
1149.8650
1154.7736
1159.9371
1165.3845
1171.0237
1176.7831
1182.6040
1188.4371
1194.2092
1183.8935
1176.2026
1170.2111
1165.5545
1161.9678
1159.2604
1157.2878
1155.9371
1155.1183
1154.7578
1154.8279
1172.9793
1198.7160
1223.0546
1242.9118
1259.3860
1270.6328
1280.3644
1294.4559
1323.5131
1351.1305
1359.7349
1364.4952
1392.5448
1419.5663
1451.4745
1484.6024
1512.9237
1519.3015
1501.8280
1482.2534
1467.0174
1455.4042
1444.3156
1430.5912
1414.1669
1400.3336
1383.0301
1367.2981
1352.3288
1342.9530
1341.4977
1338.2187
1331.2254
1321.1654
1305.9056
1295.2228
1285.1772
1275.4523
1265.3410
1255.2297
1245.7012
1236.5472
1227.5881
1219.2797
1210.2369
1201.3947
1192.8245
1184.5085
1176.4271
1168.5630
1160.8976
1153.4189
1146.3834
1139.6273
1133.0983
1126.6454
1119.6034
1112.6716
1105.8723
1099.1836
1093.3238
1086.6133
1085.2226
1085.1742
1085.2786
1084.2555
1082.4171
1079.9160
1076.8780
1070.7601
1058.3436
1047.4834
1037.4731
1025.4896
1016.9680
1009.2539
1002.0491
995.2475
988.7842
982.6125
976.6967
971.0084
965.5245
960.2258
955.0961
955.0961
955.0961
955.0961
958.3696
961.8354
965.3358
968.7309
971.9663
978.3963
984.7184
987.7660
990.8215
993.7030
996.6244
999.3620
999.3620
1000.2236
1002.8002
1005.4344
1008.0735
1010.4779
1015.5191
1020.7889
1026.0326
1028.0538
1030.2471
1032.3481
1034.3630
1034.3630
1033.6244
1035.2347
1036.8678
1038.4469
1039.9717
1041.4440
1042.8659
1044.2396
1045.5672
1046.8506
1048.0916
1049.2919
1049.2919
1047.7043
1048.5975
1049.5494
1050.4793
1051.3846
1052.2655
1053.1226
1053.9568
1054.7687
1055.5590
1056.3286
1057.0782
1057.0782
1055.0790
1055.5643
1056.1289
1056.6884
1057.2399
1057.7829
1058.3172
1058.8429
1059.3603
1059.8698
1060.3717
1060.8662
1060.8662
1058.6605
1058.9204
1059.2682
1059.6222
1059.9787
1060.3369
1060.6962
1061.0566
1061.4181
1061.7807
1062.1446
1062.5097
1062.5097
1060.2411
1060.3928
1060.6377
1053.5387
1050.2776
1047.3977
1044.6305
1041.9512
1039.3472
1036.8100
1034.3337
1031.9139
1031.9139
1026.7073
1024.2661
1016.0129
1008.2291
1000.8081
993.7099
986.9121
980.3958
974.1442
968.1401
962.3580
956.7838
951.4050
946.2152
931.9470
922.5633
913.8291
905.4502
892.0607
885.4028
882.0905
882.0955
885.2545
891.4906
900.6899
910.0179
919.5877
929.5462
939.8256
950.3244
960.9583
971.6573
982.3616
993.0225
1003.6026
1014.0467
1044.0807
1085.3769
1153.5032
1191.3733
1203.8719
1189.3415
1178.5666
1171.7741
1167.6170
1165.3356
1164.4606
1164.9080
1163.8473
1158.6567
1154.0950
1150.4248
1141.8943
1137.3187
1139.2559
1147.1555
1140.5857
1132.9398
1127.0591
1122.5938
1119.2600
1116.8315
1115.1566
1114.1169
1113.5979
1113.5476
1113.8448
1117.9069
1126.0912
1144.2019
1161.4007
1176.8719
1190.8289
1197.5543
1197.7355
1200.2868
1201.2112
1196.1315
1186.6493
1176.9999
1167.3505
1158.6618
1151.2718
1146.7127
1142.2100
1137.6414
1136.1774
1132.0058
1134.2752
1139.6429
1147.8776
1155.9807
1163.9551
1171.8006
1179.4962
1187.0248
1194.3771
1201.4613
1199.8592
1191.9868
1185.8181
1180.9468
1177.1208
1174.1596
1171.9259
1170.3122
1169.2322
1168.6153
1168.3041
1171.4064
1193.1573
1211.1604
1225.1960
1237.6121
1246.1775
1256.9727
1272.1649
1293.8667
1321.6381
1325.0036
1337.4543
1372.0812
1413.3954
1428.0539
1449.6563
1471.4732
1484.6240
1467.0581
1450.4787
1437.7909
1428.4021
1421.7032
1408.5797
1395.6470
1385.0244
1373.3781
1362.6079
1349.6957
1339.4876
1329.0925
1323.7463
1322.5789
1322.0126
1305.0522
1293.4659
1282.5830
1271.7960
1261.2104
1251.0645
1241.1641
1231.5057
1221.8918
1213.0405
1203.6717
1194.5413
1185.7233
1177.1964
1168.9366
1160.9232
1153.1333
1145.5515
1138.1635
1131.2084
1124.6216
1118.2437
1111.5733
1104.6177
1097.7810
1091.0400
1079.2949
1070.5843
1061.5239
1058.0968
1058.1276
1059.7562
1060.2191
1059.7253
1059.9849
1059.5135
1058.3149
1057.0041
1052.5835
1048.2541
1038.6765
1030.0778
1016.8411
1004.9767
996.3890
988.6516
981.4426
974.6580
968.2306
962.1117
956.2294
956.2294
956.2294
956.2294
959.4998
962.9129
966.3651
969.5285
972.5142
975.6039
981.8537
984.8237
987.6422
990.2977
992.8039
995.3691
995.3691
995.8636
998.0840
1000.3454
1002.5928
1004.8271
1007.0734
1009.2693
1011.4829
1013.7257
1016.1396
1018.4603
1020.6933
1020.6933
1020.1604
1021.9899
1023.8371
1025.6252
1027.3547
1029.0274
1030.6455
1032.2113
1033.7269
1035.1944
1036.6159
1037.9932
1037.9932
1036.5942
1037.6603
1038.7804
1039.8754
1040.9428
1041.9830
1042.9967
1043.9845
1044.9475
1045.8864
1046.8022
1047.6958
1047.6958
1045.8660
1046.4914
1047.1937
1047.8891
1048.5744
1049.2490
1049.9129
1050.5663
1051.2095
1051.8428
1052.4665
1053.0811
1053.0811
1051.0272
1051.4039
1051.8668
1052.3344
1052.8030
1053.2713
1053.7392
1054.2064
1054.6728
1055.1386
1055.6038
1056.0684
1056.0684
1053.9298
1054.1761
1054.5140
1047.6175
1044.4731
1041.7030
1039.1932
1036.7693
1034.4194
1032.1346
1029.9087
1027.7363
1027.7363
1022.6577
1020.3064
1012.2045
1004.5251
997.1806
990.1507
983.4197
976.9742
970.7898
964.8529
959.1506
953.6700
948.3993
943.3272
929.1911
919.9668
911.3617
903.0992
895.1309
887.4281
879.9696
872.7380
865.7184
858.8980
852.2652
845.8095
839.5227
833.3958
827.4176
821.5815
815.8781
810.3019
804.8475
799.5100
794.2842
789.1658
784.1503
779.2331
774.4112
769.6810
765.0392
760.4823
756.0065
751.6095
747.2883
743.0407
738.8650
734.7583
730.7181
726.7421
722.8281
718.9743
715.1994
711.5084
707.8774
704.2940
700.7637
697.2933
693.8824
690.5298
687.2340
683.9939
680.8081
677.5758
674.3856
671.2366
668.1284
665.0605
662.0328
659.0450
656.0956
653.1845
650.3117
647.4771
644.6787
641.9720
639.3285
636.7306
634.1766
631.6497
629.1502
626.6882
624.2667
621.8858
619.5452
617.2444
614.9826
612.7861
610.6113
608.4630
606.3500
604.2736
602.2334
600.2294
598.2609
596.3277
594.4270
592.5446
590.6845
588.9714
587.2903
585.6418
584.0254
582.4403
580.8865
579.3634
577.8703
576.4035
574.9543
573.5260
572.1239
570.8036
569.5105
568.2448
567.0057
565.7927
564.6047
563.4412
562.3017
561.1859
560.0881
559.0037
557.9366
556.8625
555.8087
554.7746
553.7600
552.7646
551.7887
550.8320
549.8940
548.9745
548.0733
547.1804
546.3681
545.5678
544.7793
544.0026
543.2375
542.4841
541.7421
541.0114
540.2919
539.5835
538.8860
538.1993
538.1993
541.9856
546.4408
550.8931
555.3085
559.7025
564.0675
568.4039
572.7118
576.9913
581.2389
585.4512
589.6312
589.6312
592.6917
596.9465
601.2110
605.4547
609.6768
613.8772
618.0445
622.1819
626.2898
630.3681
634.4166
638.4354
638.4354
640.7745
644.5911
648.4338
652.2546
656.0507
659.8211
663.5651
667.2826
670.9733
674.6367
678.2729
681.8817
681.8817
683.6488
687.0521
690.4902
693.9095
697.3069
700.6815
704.0327
707.3604
710.6646
713.9452
717.2022
720.4355
720.4355
721.7104
724.7390
727.8109
730.8681
733.9074
736.9279
739.9291
742.9107
745.8725
748.8144
751.7364
754.6385
754.6385
755.4947
758.1937
760.9432
763.6821
766.4074
769.1179
771.8133
774.4934
777.1579
779.8069
782.4402
785.0576
785.0576
785.5686
787.9866
790.4617
792.9306
795.3900
797.8386
800.2758
802.7013
805.1149
807.5163
809.9057
812.2827
812.2827
812.5129
814.6934
816.9359
819.1760
821.4101
823.6370
825.8562
828.0671
830.2696
832.4635
834.6485
836.8246
836.8246
836.8329
838.8170
840.8660
842.9160
844.9633
847.0068
849.0455
851.0791
853.1073
855.1298
857.1465
859.1571
859.1571
858.9934
860.8227
862.7174
864.6140
866.5098
868.4042
870.2966
872.1868
874.0746
875.9598
877.8422
879.7215
879.7215
879.4281
881.1315
882.9022
884.6778
886.4555
888.2342
890.0134
891.7929
893.5721
895.3510
897.1292
898.9060
898.9060
898.4997
899.8049
901.2570
902.7038
904.1414
905.5684
906.9843
908.3893
909.7841
911.1690
912.5444
913.9107
913.9107
912.8359
913.8831
915.1110
916.3385
917.5627
918.7825
919.9975
921.2070
922.4104
923.6073
924.7972
925.9795
925.9795
924.6158
925.4557
926.5016
927.5469
928.5889
929.6269
930.6606
931.6896
932.7137
933.7326
934.6154
935.4899
935.4899
933.7850
934.4028
935.1066
935.8020
936.4852
937.1552
937.8115
938.4539
939.0826
939.6975
940.2985
940.8860
940.8860
938.6492
938.9314
939.3329
939.7418
940.1518
940.5659
940.9808
941.3943
941.8133
942.1357
942.4590
942.7828
942.7828
940.2268
940.3191
940.5267
940.7428
940.9639
941.1863
941.4127
941.6433
941.8773
942.1143
942.3417
942.5647
942.5647
939.9471
939.9347
940.0407
940.1641
940.2993
940.4450
940.6002
940.6183
940.6486
940.6896
940.7420
940.8048
940.8048
937.8898
937.7340
937.6939
937.6553
937.6155
937.5815
937.7053
937.8339
937.9671
938.1040
938.2439
938.3862
938.3862
935.5973
935.5210
935.5553
935.6020
935.6562
935.8140
935.9758
936.1411
936.3092
936.4800
936.6536
936.8306
936.8306
934.1630
934.1277
934.1988
934.2803
934.3676
934.4594
934.5551
934.6542
934.7564
934.8616
934.9695
935.2248
935.2248
932.5480
932.4467
932.4437
932.5883
932.7366
932.8895
933.0471
933.2095
933.3765
933.5481
933.7243
933.9050
933.9050
931.1847
931.1893
931.4762
931.7737
932.0797
932.3947
932.7202
933.0555
933.4002
933.7539
934.1162
934.4869
934.4869
932.0708
932.2728
932.5632
932.8683
933.1875
933.5194
933.8631
934.2181
934.5839
934.9599
935.3459
935.7424
935.7424
933.3436
933.5808
933.9091
934.2524
934.6087
934.9776
935.3590
935.7524
936.1573
936.5735
937.0005
937.4379
937.4379
935.0669
935.3447
935.7156
936.1015
936.5004
936.9119
937.3359
937.7721
938.2200
938.6793
939.1494
939.6300
939.6300
937.2984
937.6183
938.0330
938.4627
938.9087
939.3696
939.8444
940.3326
940.8334
941.3465
941.8714
942.4078
942.4078
940.1344
940.5001
940.9679
941.4561
941.9610
942.4811
943.0156
943.5637
944.1248
944.6986
945.2844
945.8820
945.8820
943.6792
944.1033
944.6343
945.1862
945.7549
946.3376
946.9307
947.5325
948.0695
948.6183
949.1783
949.7490
949.7490
947.6201
948.0133
948.5166
949.0391
949.5775
950.1302
950.6963
951.2751
951.8659
952.4680
953.0809
953.7039
953.7039
951.6367
952.0843
952.6389
953.2107
953.7969
954.3957
955.0052
955.6252
956.2559
956.8975
957.5499
958.2130
958.2130
956.2486
956.7339
957.3292
957.9450
958.5780
959.2270
959.8914
960.5706
961.2641
961.9716
962.6928
963.4274
963.4274
961.6707
962.2358
962.9067
957.0123
954.3637
952.0808
949.9207
947.8564
945.8730
943.9636
942.1218
940.3428
940.3428
935.9409
934.0280
926.8460
920.0317
913.5382
907.3313
901.3921
895.6928
890.2209
884.9538
879.8845
875.0040
870.3030
865.7732
853.3049
845.2254
837.7458
830.5893
823.6984
815.8464
817.4121
827.4095
833.9119
843.3844
852.9142
862.5896
872.4274
882.6234
893.1978
904.0468
915.0750
926.2063
937.3525
948.4894
959.5787
970.4722
1021.5583
1051.1823
1092.0811
1135.5336
1141.4222
1127.1558
1116.7371
1109.7373
1104.9470
1101.8948
1100.2009
1099.6556
1100.0287
1098.5032
1091.9491
1086.1764
1076.0601
1072.9021
1078.7559
1084.3839
1086.0254
1076.7473
1070.0725
1065.3677
1062.1802
1060.1872
1059.1502
1058.8867
1059.2487
1060.0966
1061.3538
1070.4819
1080.1254
1092.6734
1111.3400
1127.9705
1142.8663
1158.3768
1165.5369
1165.8007
1159.8981
1150.9870
1141.5982
1132.4400
1123.5395
1114.8801
1107.1809
1102.8493
1101.3645
1097.0840
1090.7809
1091.2509
1092.3552
1102.2710
1114.2361
1122.6338
1130.6896
1138.4306
1145.8821
1153.0673
1160.0075
1166.7218
1159.5802
1151.7872
1146.2039
1142.3371
1139.7966
1138.2994
1137.6394
1137.6573
1138.2277
1139.2517
1140.6504
1159.0098
1175.4950
1193.1757
1205.4497
1216.1768
1225.7801
1240.0309
1255.5063
1278.0392
1294.7486
1303.7308
1309.2077
1346.9233
1385.4554
1415.8297
1441.7463
1485.0705
1492.9993
1474.3039
1453.7592
1437.2933
1424.4700
1411.7240
1401.7715
1390.9808
1382.0469
1371.5893
1358.8765
1341.9980
1329.8985
1315.6904
1301.7989
1302.2996
1301.9521
1286.6702
1275.3818
1264.9221
1254.9147
1245.2526
1235.7248
1226.3584
1217.2247
1208.3647
1199.9397
1191.1743
1182.6242
1174.3617
1166.3677
1158.6172
1151.0873
1143.7576
1136.6117
1129.8816
1123.4725
1117.1486
1110.9258
1104.7453
1098.2189
1091.8273
1082.3567
1072.8445
1063.5779
1060.2015
1061.8836
1066.7976
1070.0198
1071.8723
1072.5771
1072.3183
1072.5210
1071.9696
1068.0406
1061.2811
1055.4887
1044.8082
1035.2358
1027.2126
1019.8252
1012.8161
1006.1407
999.7460
993.5952
987.6620
981.9258
976.3483
976.3483
976.3483
976.3483
979.3432
982.2297
984.9673
987.6518
990.3026
992.9320
995.5488
998.1515
1000.6588
1003.0247
1005.4348
1007.8139
1007.8139
1010.8743
1016.0526
1017.9793
1019.8752
1021.7654
1023.6416
1025.4201
1027.1640
1013.7174
1000.7939
988.2701
976.0731
976.0731
963.1909
950.8034
938.8398
927.2518
916.0045
905.0718
894.4336
884.0746
873.9814
864.1424
854.5477
845.1885
845.1885
835.2908
825.7983
816.6597
807.8367
799.2991
791.0228
782.9879
775.1779
767.5789
760.1789
752.9679
745.9368
745.9368
738.4833
731.3382
724.4615
717.8227
711.3982
705.1690
699.1197
693.2375
687.5116
681.9332
676.4945
671.1888
671.1888
665.5445
660.1343
654.9273
649.9002
645.0348
640.3165
635.7335
631.2761
626.9363
622.7073
618.5832
614.5590
614.5590
610.2620
606.1453
602.1846
598.3618
594.6629
591.0765
587.5935
584.2064
580.9089
577.6959
574.5629
571.5059
571.5059
568.2280
565.0902
562.6206
560.5286
558.7467
557.2199
555.9037
554.7615
553.7635
552.8851
552.1059
551.4094
550.7816
550.2110
548.6641
550.0394
556.8399
562.8192
569.3623
582.5030
602.1617
621.8181
647.8093
676.9418
705.9213
734.7969
763.5811
792.3158
821.0118
849.6852
878.3455
906.8982
935.3590
963.7450
992.0583
1020.2841
1080.2545
1145.7166
1222.8908
1292.4115
1341.7208
1364.9370
1388.1298
1411.3021
1434.4508
1457.5702
1480.6161
1503.6308
1526.6116
1536.8187
1547.1638
1563.9166
1577.3715
1590.8125
1607.5100
1630.6341
1644.1204
1641.8768
1640.1797
1639.0388
1638.4370
1638.3587
1638.7881
1639.7101
1641.2220
1643.2929
1655.1333
1670.3446
1692.0023
1716.7599
1744.5346
1772.0864
1799.4175
1820.0863
1834.1964
1845.0019
1849.3246
1859.9614
1870.3697
1880.5483
1890.5025
1897.0551
1906.6552
1916.0743
1928.5254
1943.9799
1959.2585
1980.7759
2008.4733
2032.7164
2056.8011
2080.7384
2104.5326
2128.1730
2151.6722
2175.0343
2198.2606
2218.1704
2231.6568
2229.3394
2227.5248
2226.3698
2225.9418
2226.1601
2226.9994
2228.4874
2230.5652
2233.2123
2239.0912
2247.7625
2272.0589
2299.3676
2326.3708
2353.0365
2379.4429
2405.6040
2431.5139
2479.4292
2529.7498
2556.8832
2609.1345
2681.7207
2745.9684
2799.4259
2860.5467
2919.9979
2960.2132
2976.1539
2992.0187
3007.8255
3023.5876
3036.3455
3049.0153
3058.6824
3062.2826
3066.0352
3060.8838
3052.7806
3044.8704
3046.6544
3057.8547
3075.0683
3085.5051
3082.9924
3074.1798
3065.5432
3057.0547
3048.7270
3040.5177
3032.4373
3024.5000
3016.7282
3009.0949
3001.5945
2994.2656
2987.1191
2980.1505
2973.3559
2966.7305
2960.2705
2953.9721
2947.8315
2941.8335
2935.9690
2930.2304
2924.5980
2919.0702
2913.7292
2914.8536
2919.0880
2923.1510
2933.4173
2946.5848
2962.5764
2978.1041
2993.2132
3007.9148
3018.3175
3027.9532
3037.0434
3042.6939
3047.9786
3049.9929
3045.8679
3038.7265
3029.7131
3020.9631
3012.4359
3004.1187
2996.0045
2988.0874
2980.3624
2972.8246
2965.4671
2876.7984
2795.3559
2720.2096
2650.6256
2585.8778
2525.3632
2468.5736
2415.0635
2367.3054
2318.7929
2272.7116
2228.8235
2228.8235
2184.3242
2142.0972
2101.8647
2063.4042
2026.5361
1991.1108
1957.0024
1924.1033
1892.3209
1861.4442
1831.3628
1801.8896
1801.8896
1770.4155
1739.9977
1710.5142
1681.8784
1654.0249
1626.9023
1600.4690
1574.6905
1549.5375
1524.9848
1501.0119
1477.5988
1477.5988
1452.8673
1429.1116
1406.2078
1384.0638
1362.6078
1341.7824
1321.5408
1301.8443
1282.6604
1263.9615
1245.7237
1227.9265
1227.9265
1209.1253
1191.0756
1173.6805
1156.8673
1140.5797
1124.7726
1109.4093
1094.4595
1079.8979
1065.7032
1051.8570
1038.3435
1038.3435
1024.0496
1010.3280
997.1044
984.3234
971.9418
959.9250
948.2451
936.8789
925.8070
915.0133
904.4837
894.2064
894.2064
883.3197
872.8706
862.8023
853.0720
843.6465
834.4993
825.6088
816.9577
808.5314
800.3178
792.3063
784.4878
784.4878
776.1946
768.2385
760.5756
753.1728
746.0043
741.5076
737.7568
734.6059
731.9389
729.6627
727.7028
725.9993
724.5036
723.1769
721.9875
720.9097
719.9227
715.9205
720.8868
726.8739
732.0714
745.6050
759.1717
775.8915
798.9532
821.8908
851.1087
880.1517
909.0126
937.7165
966.3056
994.7848
1023.1528
1051.4084
1079.5505
1107.5779
1135.4897
1163.2849
1190.9627
1250.3496
1334.3332
1404.0942
1472.6419
1514.5590
1536.8144
1558.9906
1581.1091
1603.1979
1625.2668
1647.2839
1669.2740
1688.0677
1697.4549
1707.0631
1723.1296
1732.8116
1745.6954
1764.8942
1787.2206
1800.0170
1797.2030
1794.9200
1793.1813
1791.9689
1791.3284
1791.2918
1791.8519
1792.9971
1794.6239
1802.8372
1817.4011
1841.5702
1865.5706
1892.6160
1919.4378
1946.0462
1966.0163
1993.1702
2013.6465
2033.8300
2047.2761
2057.2697
2067.0518
2076.6271
2086.0004
2091.9912
2104.2412
2116.2614
2131.2278
2139.5540
2154.1178
2168.6115
2192.6340
2216.4959
2240.2058
2263.7722
2287.1965
2310.4783
2333.6169
2356.6107
2379.4832
2389.5103
2386.9400
2384.8236
2383.5915
2383.0725
2383.2755
2384.1539
2385.7862
2388.0770
2390.9973
2397.5294
2416.1905
2436.9076
2460.7423
2487.5375
2513.9698
2540.1548
2578.8326
2620.0536
2663.5756
2699.9662
2720.1145
2758.7877
2829.9295
2907.9138
2968.9738
3009.9692
3061.6554
3091.3891
3111.6012
3122.6936
3133.7844
3144.8474
3149.8896
3151.2119
3153.1583
3151.9833
3147.4200
3143.6090
3136.1660
3128.5544
3124.4918
3135.0650
3130.2191
3139.8472
3136.8780
3127.8195
3118.8621
3107.6245
3097.1942
3087.0490
3076.4776
3066.5700
3056.8340
3047.1313
3037.5045
3028.0840
3018.8811
3009.8477
3000.9619
2992.2609
2984.4244
2976.7893
2969.3546
2962.1112
2955.0425
2948.1412
2941.3932
2934.8823
2928.5211
2922.2462
2919.1668
2922.5794
2935.1882
2947.4085
2962.4466
2976.9052
2988.5490
2999.3834
3009.5181
3018.9573
3024.8639
3024.5165
3023.9698
3017.4280
3009.2752
3001.3258
2993.5681
2985.9897
2978.0167
2970.1538
2962.4706
2954.9666
2947.6376
2940.4803
2933.4552
2848.7994
2771.0196
2699.1107
2632.3321
2570.0084
2511.5844
2456.5958
2404.6503
2355.3826
2311.3891
2271.9806
2227.7700
2227.7700
2182.8024
2140.2441
2099.7796
2061.1628
2024.1959
1988.7154
1954.5843
1921.6863
1889.9221
1859.1194
1829.1216
1829.3898
1829.3898
1819.1684
1812.3673
1805.6233
1798.7189
1791.6566
1784.4500
1777.1127
1769.6576
1762.0970
1754.4423
1746.7036
1738.8916
1738.8916
1726.8573
1718.2937
1709.9549
1701.6273
1693.2996
1684.9732
1676.6519
1668.3399
1660.0417
1651.7624
1643.5061
1635.2786
1635.2786
1623.0171
1614.3218
1605.9098
1597.5821
1589.3251
1581.1371
1573.0174
1564.9667
1556.9860
1549.0768
1541.2402
1533.4775
1533.4775
1521.9309
1513.8619
1506.0837
1498.4226
1490.8625
1483.3993
1476.0313
1468.7576
1461.5776
1454.4909
1447.4970
1440.5957
1440.5957
1430.1338
1423.0131
1416.1824
1409.4763
1402.8795
1396.3874
1377.3676
1362.5650
1349.8611
1337.7318
1326.0364
1314.7303
1314.7303
1294.7768
1282.8014
1272.4256
1262.4665
1252.8270
1230.3721
1215.1664
1201.5044
1188.8977
1177.1503
1166.2167
1156.0048
1146.4190
1137.4136
1128.9550
1120.9972
1113.4998
1088.3823
1071.4153
1056.1193
1041.8481
1025.4187
1010.8280
998.1527
996.0957
1003.3708
1007.2873
1014.5680
1022.0351
1029.8047
1037.9568
1046.4155
1055.0685
1063.9288
1072.9095
1081.9391
1090.9716
1099.9524
1105.8999
1138.6496
1187.7537
1238.7018
1279.4478
1287.9882
1272.7234
1261.1972
1252.7465
1246.8251
1242.9823
1240.5722
1239.5173
1239.6514
1234.6434
1224.6709
1215.9063
1202.3436
1202.5559
1209.1085
1215.3854
1209.3997
1198.0586
1190.2491
1184.4077
1180.0687
1176.9114
1174.7243
1173.3412
1172.6048
1172.4017
1175.7294
1190.9684
1206.0870
1220.8287
1234.8666
1247.4789
1258.9236
1269.2321
1271.9686
1267.8480
1260.2597
1250.8054
1240.9944
1230.9310
1220.7640
1210.7308
1201.3290
1195.4872
1192.9749
1193.1290
1183.9467
1181.9580
1183.7667
1185.9631
1194.6670
1203.0445
1211.1570
1219.0505
1226.7164
1234.1509
1241.3544
1248.3090
1248.9714
1237.7520
1229.7774
1223.6211
1218.8575
1215.2444
1212.5722
1210.6784
1209.3482
1208.5956
1208.2699
1211.3271
1222.4149
1239.3682
1255.1251
1268.8758
1278.3091
1295.7976
1328.7672
1342.2961
1351.1230
1362.1044
1371.9879
1422.2143
1476.5739
1490.1457
1507.8256
1523.4332
1525.6390
1507.8826
1491.1627
1478.3127
1468.6944
1458.7614
1445.1388
1431.0125
1416.1159
1400.0806
1385.3206
1368.3073
1356.6199
1349.1878
1349.6639
1339.5353
1326.7536
1308.4876
1296.8226
1285.9821
1275.4078
1264.7605
1254.4805
1244.3465
1234.4616
1224.8214
1215.6683
1206.0972
1196.8065
1187.8492
1179.1981
1170.8251
1162.7056
1154.8132
1147.1318
1139.6495
1132.5856
1125.9414
1119.3519
1112.0338
1104.8273
1097.7821
1087.4938
1082.5328
1079.7458
1078.9632
1081.1249
1081.5853
1080.8788
1079.2447
1076.9053
1071.9188
1066.7882
1062.0996
1057.7482
1050.7098
1041.4157
1028.2584
1018.5004
1009.7088
1001.5394
993.8730
986.6312
979.7567
973.2051
966.9406
960.9338
955.1603
955.1603
955.1603
958.5315
961.9975
965.1424
967.9012
970.4378
972.9502
975.6159
978.1168
980.5854
982.9913
985.3542
987.4906
987.4906
987.1473
989.0940
991.1187
993.1530
995.1939
1000.4214
1002.2454
1004.0166
1005.5234
1007.2782
1009.2115
1011.0584
1011.0584
1009.7418
1011.1721
1012.6427
1014.0575
1015.4165
1016.7218
1017.9758
1019.1809
1020.3394
1021.4534
1022.5249
1023.5557
1023.5557
1021.4057
1022.1210
1022.9142
1023.6847
1024.4308
1025.1526
1025.8509
1026.5263
1027.1796
1027.8118
1028.4237
1029.0158
1029.0158
1026.4726
1026.7968
1027.2165
1027.6306
1028.0370
1028.4351
1028.8249
1029.2068
1029.5808
1029.9473
1030.3067
1030.6591
1030.6591
1027.9263
1028.0419
1028.2609
1028.4849
1028.7112
1028.9391
1029.1683
1029.3987
1029.6301
1029.8626
1030.0960
1030.3302
1030.3302
1027.5378
1027.5556
1027.6804
1027.8170
1021.3387
1017.8425
1014.7121
1011.7052
1008.7933
1005.9631
1003.2054
1000.5134
1000.5134
995.0283
992.1613
989.5041
981.9665
974.7608
967.8871
961.3141
955.0210
948.9837
943.1753
937.5849
932.2048
927.0250
922.0357
917.2281
902.0354
892.3279
883.4256
874.9538
862.2836
850.7248
846.3278
842.8793
848.7898
857.6483
869.2945
880.7115
892.1282
903.6695
915.3395
927.0534
938.7453
950.3634
961.8690
973.2315
984.3793
995.3063
1037.8116
1083.6470
1120.7120
1164.6835
1193.9256
1175.7802
1165.0139
1157.4428
1152.5125
1149.8094
1148.7038
1149.0125
1150.5554
1147.7382
1137.8846
1126.9211
1117.3689
1119.9981
1127.9819
1135.5283
1131.1397
1123.2615
1117.1393
1112.4266
1108.8485
1106.2229
1104.4003
1103.2901
1102.7433
1102.7336
1106.3524
1118.5273
1136.4032
1152.4670
1166.8924
1180.0033
1191.9349
1202.4133
1205.7756
1196.7041
1190.4347
1182.4263
1173.9966
1165.3248
1156.5086
1145.0981
1134.0557
1124.4353
1124.0117
1126.0920
1125.0152
1127.0343
1129.6178
1135.5126
1144.3080
1152.9506
1161.4586
1169.8075
1177.9802
1185.9653
1193.7546
1201.3405
1200.5205
1192.4786
1186.0524
1180.9170
1176.8254
1173.5975
1171.0966
1169.2153
1167.8662
1166.9785
1166.4777
1175.1359
1187.0147
1202.7424
1217.6538
1230.7383
1239.7665
1250.9824
1266.7132
1289.3554
1320.7647
1338.8871
1351.8625
1387.0139
1420.0034
1451.1366
1463.0222
1488.4864
1493.0444
1471.1139
1453.8125
1440.5850
1430.7214
1420.6476
1412.9410
1400.9901
1385.6205
1367.4809
1356.7401
1346.6577
1336.6041
1323.6663
1318.8170
1315.1316
1312.9927
1302.1633
1290.1975
1279.0452
1259.3679
1241.3422
1224.6073
1208.8603
1194.0814
1180.3525
1167.5819
1155.8154
1144.8959
1134.7563
1125.2742
1116.3489
1107.8975
1099.8518
1092.1553
1084.7617
1077.5881
1070.5589
1063.6012
1056.6930
1049.8612
1043.1424
1042.4313
1043.7790
1046.8015
1051.1860
1059.6829
1065.7183
1069.6792
1071.9238
1072.7514
1072.4117
1071.1133
1069.0666
1063.5368
1052.1608
1038.8775
1021.0895
1002.4817
986.1719
971.8291
959.1782
947.9539
937.9338
928.9317
920.7912
913.3816
906.5931
900.3230
894.0379
887.7974
881.6767
875.6789
869.8040
864.0504
858.4160
855.8504
852.9037
846.7051
840.6113
840.6113
834.4216
828.3641
822.4782
816.7584
811.2002
805.7992
800.5511
795.4514
790.4951
785.6008
780.6520
775.3984
775.3984
769.2146
762.9798
756.7160
750.4448
744.1860
737.9570
731.7731
725.6474
719.5907
713.6120
707.7187
701.9164
701.9164
695.6946
689.6927
683.8863
678.2569
672.7894
667.4720
662.2947
657.2494
652.3293
647.5286
642.8422
638.2658
638.2658
633.3899
628.7119
624.2074
619.8576
615.6473
611.5642
607.5982
603.7410
599.9854
596.3256
592.7567
589.2744
589.2744
585.5521
581.9853
578.5544
575.2440
572.0419
568.9382
565.9247
562.9949
560.1434
557.3653
554.6569
552.0145
552.0145
549.1756
546.4583
543.8471
541.3296
538.8960
536.5382
534.2502
532.0264
529.8626
527.7551
525.7007
523.6968
523.6968
521.5295
519.4583
517.4703
515.5556
513.7062
511.9237
510.3914
509.0689
507.9225
506.9241
506.0503
505.2815
504.6014
503.9960
503.4539
502.9651
502.5217
501.6769
500.8344
499.9970
499.1669
498.3454
497.5337
496.7324
495.9419
495.1626
494.3947
493.6382
492.8931
492.1593
491.4369
490.7256
490.0254
489.3362
488.6578
487.9900
487.3328
486.6860
486.0495
485.4230
484.8065
484.1998
483.6028
483.0152
482.4370
481.8680
481.3081
480.7571
480.2149
479.6813
479.1563
478.6397
478.1313
477.6310
477.1387
476.6543
476.1776
475.7085
475.2469
474.7927
474.3458
473.9060
473.4733
473.0475
472.6284
472.2161
471.8103
471.4110
471.0180
470.6313
470.2508
469.8763
469.5078
469.1451
468.7882
468.4371
468.0915
467.7514
467.4168
467.0876
466.7636
466.4448
466.1311
465.8224
465.5187
465.2198
464.9257
464.6362
464.3515
464.0712
463.7954
463.5240
463.2570
462.9941
462.7355
462.4810
462.2306
461.9842
461.7416
461.5030
461.2682
461.0371
460.8098
460.5860
460.3659
460.1492
459.9360
459.7262
459.5197
459.3165
459.1166
458.9198
458.7261
458.5355
458.3479
458.1633
457.9816
457.8028
457.6268
457.4536
457.2831
457.1153
456.9502
456.7877
456.6278
456.4704
456.3154
456.1630
456.0129
455.8652
455.7199
455.5768
455.4360
455.2974
455.1611
455.0268
454.8947
454.1438
453.4406
452.7878
452.1857
451.6330
451.1272
450.6653
450.2440
449.8597
449.5091
449.1890
448.8961
448.8961
448.7231
448.5279
448.3158
448.0910
447.8569
447.6162
447.3714
447.1243
446.8763
446.6286
446.3823
446.1380
446.1380
445.8153
445.5148
445.2326
444.9658
444.7121
444.4697
444.2371
444.0131
443.7968
443.5875
443.3844
443.1872
443.1872
442.9194
442.6746
442.4485
442.2378
442.0400
441.8531
441.6754
441.5057
441.3429
441.1862
441.0350
440.8886
440.8886
440.6746
440.4817
440.3057
440.1437
439.9931
439.8520
439.7189
439.5926
439.4721
439.3567
439.2457
439.1386
439.1386
438.9659
438.8126
438.6749
438.5498
438.4350
438.3286
438.2293
438.1358
438.0472
437.9629
437.8822
437.8047
437.8047
437.6631
437.5397
437.4309
437.3337
437.2461
437.1661
437.0924
437.0240
436.9599
436.8994
436.8420
436.7873
436.7873
436.6696
436.5692
436.4826
436.4070
436.3402
436.2804
436.2265
436.1772
436.1317
436.0894
436.0497
436.0123
436.0123
435.9127
435.8297
435.7599
435.7005
435.6494
435.6049
435.5658
435.5309
435.4996
435.4710
435.4449
435.4206
435.4206
435.3348
435.2653
435.2085
435.1617
435.1230
435.0905
435.0630
435.0396
435.0194
435.0017
434.9861
434.9722
434.9722
434.8973
434.8383
434.7915
434.7545
434.7251
434.7018
434.6832
434.6684
434.6565
434.6470
434.6394
434.6332
434.6332
434.5665
434.5153
434.4761
434.4464
434.4241
434.4077
434.3959
434.3876
434.3822
434.3791
434.3776
434.3776
434.3776
434.3173
434.2723
434.2392
434.2153
434.1987
434.1878
434.1813
434.1782
434.1778
434.1795
434.1828
434.1872
434.1872
434.1318
434.0914
434.0627
434.0431
434.0307
434.0237
434.0211
434.0219
434.0253
434.0307
434.0376
434.0456
434.0456
433.9941
433.9575
433.9324
433.9164
433.9074
433.9039
433.9046
433.9086
433.9152
433.9238
433.9338
433.9449
433.9449
433.8967
433.8633
433.8413
433.8281
433.8219
433.8211
433.8244
433.8310
433.8400
433.8508
433.8631
433.8763
433.8763
433.8306
433.7994
433.7796
433.7686
433.7645
433.7656
433.7709
433.7793
433.7901
433.8028
433.8168
433.8319
433.8319
433.7880
433.7587
433.7405
433.7312
433.7286
433.7313
433.7380
433.7478
433.7600
433.7740
433.7893
433.8055
433.8055
433.7628
433.7346
433.7175
433.7091
433.7074
433.7109
433.7183
433.7289
433.7417
433.7563
433.7722
433.7890
433.7890
433.7469
433.7193
433.7028
433.6949
433.6938
433.6979
433.7059
433.7170
433.7303
433.7453
433.7616
433.7787
433.7787
433.7368
433.7093
433.6928
433.6850
433.6838
433.6877
433.6955
433.7063
433.7194
433.7341
433.7501
433.7669
433.7669
433.7246
433.6966
433.6798
433.6716
433.6702
433.6738
433.6814
433.6919
433.7048
433.7193
433.7350
433.7515
433.7515
433.7088
433.6805
433.6634
433.6549
433.6531
433.6564
433.6637
433.6740
433.6865
433.7007
433.7161
433.7324
433.7324
433.6893
433.6607
433.6433
433.6345
433.6324
433.6355
433.6425
433.6526
433.6649
433.6789
433.6941
433.7102
433.7102
433.6670
433.6381
433.6205
433.6116
433.6094
433.6123
433.6192
433.6291
433.6413
433.6552
433.6703
433.6862
433.6862
433.6427
433.6137
433.5959
433.5868
433.5844
433.5872
433.5940
433.6039
433.6160
433.6298
433.6449
433.6608
433.6608
433.6174
433.5885
433.5709
433.5619
433.5597
433.5627
433.5697
433.5798
433.5922
433.6063
433.6217
433.6380
433.6380
433.5950
433.5665
433.5492
433.5406
433.5387
433.5421
433.5494
433.5598
433.5725
433.5869
433.6026
433.6192
433.6192
433.5764
433.5482
433.5312
433.5228
433.5213
433.5249
433.5325
433.5431
433.5561
433.5708
433.5867
433.6036
433.6036
433.5611
433.5332
433.5165
433.5086
433.5074
433.5114
433.5194
433.5305
433.5439
433.5590
433.5754
433.5926
433.5926
433.5506
433.5230
433.5066
433.4990
433.4981
433.5023
433.5106
433.5218
433.5354
433.5507
433.5672
433.5845
433.5845
433.5425
433.5150
433.4986
433.4910
433.4901
433.4943
433.5025
433.5138
433.5273
433.5425
433.5589
433.5762
433.5762
433.5341
433.5065
433.4901
433.4824
433.4814
433.4856
433.4938
433.5050
433.5185
433.5337
433.5501
433.5673
433.5673
433.5251
433.4974
433.4810
438.5177
443.5797
448.6636
453.7663
458.8846
463.6294
468.2025
472.6771
477.1223
477.1223
479.8853
484.1672
482.4276
481.1402
479.9125
478.7104
477.5301
476.3759
475.2496
474.1533
473.0887
472.0564
471.0568
470.0894
469.8023
469.5385
469.4200
469.5248
475.7065
487.3647
501.2988
523.4380
544.1458
564.0293
583.2651
602.0847
620.5443
637.9401
655.2229
672.3356
689.2737
706.0052
722.4925
738.6445
754.4534
769.6765
806.3302
852.9020
903.0569
943.9012
948.4881
945.6435
945.1742
946.5218
949.3377
953.2235
957.9799
963.5827
964.3748
960.8403
953.0453
949.4584
954.7783
965.1481
974.8454
981.5096
979.0375
972.6696
967.9881
964.5867
962.2101
960.6785
959.8582
959.6434
959.9403
964.6728
978.9343
997.3420
1014.7168
1033.1043
1048.2575
1062.3659
1078.3482
1087.2744
1095.4588
1094.1401
1092.3053
1082.4297
1075.3314
1068.0774
1060.7772
1053.4774
1051.8282
1044.1550
1040.5697
1037.2524
1039.8697
1045.2305
1050.7824
1059.3805
1068.0901
1076.9079
1085.8414
1094.8224
1103.7971
1112.7221
1121.5635
1127.4569
1122.4442
1116.1799
1111.3720
1107.7087
1104.9707
1103.0037
1101.6895
1100.9356
1100.6677
1100.8192
1101.4429
1108.9711
1126.2017
1143.7808
1160.5475
1175.5325
1189.1474
1201.7610
1213.3796
1237.5748
1273.2931
1283.4152
1307.4349
1345.9101
1384.7654
1409.1087
1424.1948
1431.9296
1424.6639
1413.7711
1400.3994
1391.0133
1384.4542
1380.1487
1374.7987
1370.8695
1362.4951
1352.7881
1341.3818
1330.0772
1319.8209
1306.1229
1305.3785
1298.0671
1295.1017
1281.5811
1270.6111
1260.2293
1250.1054
1239.9054
1230.0381
1220.6858
1211.5997
1202.7189
1194.1193
1185.2343
1176.6310
1168.3111
1160.2517
1152.4300
1144.8278
1137.4249
1130.2093
1123.5716
1117.1528
1110.8902
1104.6885
1097.8780
1091.1684
1084.5849
1073.1170
1064.3560
1058.0828
1056.9976
1055.0468
1053.8096
1054.4237
1054.0757
1050.2803
1046.9740
1043.3553
1035.1708
1027.5248
1017.8230
1006.1408
995.5341
983.1833
972.0576
965.4350
959.4267
953.8070
948.5050
943.4636
938.6517
934.0433
929.6201
929.6201
929.6201
929.6201
932.8812
936.3899
943.1245
949.8235
953.3000
956.6315
959.8400
963.0155
966.0087
968.7980
971.6823
974.5006
974.5006
974.9670
977.4531
980.0111
982.5707
985.1163
987.6207
