12.8023
12.8391
12.8048
12.7999
12.8000
22.8712
13.3150
12.8365
12.8011
12.8003
12.8003
12.8003
12.8003
12.8003
12.8003
12.8003
12.8003
12.8003
22.6323
13.3139
12.8375
12.8013
12.8005
12.8004
12.8004
12.8004
12.8004
12.8004
12.8004
12.8004
12.8004
22.4783
13.3218
12.8307
12.8013
12.8005
12.8004
12.8004
12.8004
12.8004
12.8004
12.8004
12.8004
12.8004
22.3551
13.3255
12.8285
12.8013
12.8005
12.8005
12.8004
12.8004
12.8004
12.8004
12.8004
12.8004
12.8004
22.2513
13.3279
12.8276
12.8013
12.7561
12.7595
12.8099
12.8026
12.8019
12.8017
12.8015
12.8013
12.8013
22.1547
13.2729
12.8155
12.8199
12.7555
12.7961
12.7987
12.7991
12.8053
12.8034
12.8020
12.8019
12.8023
12.8026
12.8021
13.0016
12.7538
12.7926
12.7956
12.8839
12.8525
12.8590
12.8140
12.8183
12.8152
12.8189
12.8054
12.8112
12.8069
12.8054
12.8043
12.8031
12.8030
12.8029
12.8028
12.8027
12.8026
12.7931
12.7946
12.8137
12.8020
12.8106
12.8021
12.8230
12.8008
12.8022
12.7970
12.8075
12.8020
12.8021
12.7841
12.7890
12.7970
12.8024
12.8200
12.8092
12.8076
12.8009
12.7174
12.7961
12.7975
12.7971
12.7985
12.7986
12.7987
12.7978
12.8331
12.8109
12.8074
12.8238
12.8070
12.7841
12.8013
12.7924
12.7855
12.7870
12.7875
12.7852
12.6705
12.7980
12.7969
12.7982
12.8236
12.8206
12.8738
12.8075
12.8166
12.8181
12.8295
12.8082
12.8126
12.8052
12.8038
12.8035
12.8021
12.8020
12.8018
12.8016
12.8004
12.8073
12.7179
12.7925
12.7956
12.7977
12.7990
12.7984
12.7987
12.7988
12.7988
12.8333
12.8594
12.8090
12.8015
12.7807
12.8050
12.7985
12.7915
12.7911
12.8027
12.8047
12.8034
12.8031
12.7849
12.8049
12.7911
12.8236
12.7938
12.8111
12.7995
12.8082
12.8003
12.7974
12.7901
12.7934
12.7921
12.7814
12.7690
12.7626
12.7447
12.7591
12.7952
12.7550
12.8607
12.7945
12.7650
12.7970
12.7768
12.7936
12.7827
12.7511
12.8286
12.8451
12.7972
12.8588
12.6917
12.7994
12.7976
12.7982
12.7986
12.7992
12.7996
12.7987
12.8198
12.8059
12.8812
12.7816
12.7550
12.7994
12.7990
12.7641
12.7988
12.7917
12.7771
12.7976
12.7993
12.7796
12.7992
12.7993
12.8000
12.8611
12.8093
12.8109
12.8077
12.8199
12.7970
12.8023
12.8030
12.8007
12.7695
12.8004
12.8001
12.8003
12.8003
12.8003
12.8004
23.0397
23.5938
23.8945
13.3416
12.8114
12.7995
12.7991
12.7993
12.7994
12.7995
12.8014
12.8015
12.8072
12.8015
12.7913
22.9245
13.2675
12.8505
12.8013
12.7987
12.7987
12.8004
12.7988
12.8021
12.8375
12.8049
12.7999
12.7999
22.8194
13.3289
12.8268
12.8009
12.8003
12.8002
12.8002
12.8003
12.8003
12.8003
12.8003
12.8003
12.8003
22.6902
13.3274
12.8276
12.8012
12.8005
12.8004
12.8004
12.8004
12.8004
12.8004
12.8004
12.8004
12.8004
22.6060
13.3284
12.8272
12.8012
12.8005
12.8004
12.8004
12.8004
12.8004
12.8004
12.8004
12.8004
12.8004
22.5690
13.3294
12.8267
12.8012
12.8005
12.8005
12.8004
12.8004
12.8004
12.8004
12.8004
12.8004
12.8004
22.5298
13.3303
12.8263
12.8012
12.8095
12.7220
12.7956
12.7991
12.7994
12.7995
12.7996
12.7996
12.7997
22.5302
13.3286
12.7517
12.8830
12.7560
12.7963
12.7989
12.7992
12.7994
12.7995
12.7996
12.7997
12.7997
12.7998
12.7998
12.9068
12.7615
12.7933
12.7957
12.8462
12.8989
12.8488
12.8239
12.8172
12.8199
12.8144
12.8082
12.8142
12.8113
12.8085
12.8074
12.8073
12.8072
12.8061
12.8056
12.8054
12.8004
12.8029
12.7949
12.8056
12.8054
12.8176
12.8099
12.8024
12.8042
12.8030
12.7964
12.8078
12.8028
12.8018
12.7791
12.7682
12.8151
12.8048
12.8171
12.8078
12.8117
12.8005
12.6974
12.7950
12.7985
12.7993
12.7997
12.7988
12.7988
12.7978
12.8747
12.8223
12.8312
12.7989
12.8055
12.7829
12.8002
12.7932
12.7925
12.7844
12.7786
12.7720
12.7319
12.7774
12.7973
12.7983
12.7992
12.8302
12.8215
12.8689
12.8063
12.7771
12.7667
12.8090
12.8060
12.8157
12.8055
12.8021
12.8017
12.8018
12.8019
12.8018
12.7896
12.7842
12.6986
12.7948
12.7973
12.7983
12.7988
12.7993
12.8028
12.8003
12.8002
12.8556
12.8338
12.8340
12.8108
12.8045
12.8037
12.7999
12.8060
12.7989
12.7726
12.8053
12.8092
12.8129
12.7971
12.7852
12.8046
12.7968
12.8106
12.8036
12.8280
12.8008
12.7992
12.7979
12.7977
12.7977
12.7974
12.9205
12.7554
12.7806
12.7880
12.6820
12.8140
12.7439
12.8064
12.8184
12.7972
12.7639
12.7909
12.7953
12.7867
12.7281
12.8174
12.8449
12.7982
12.8330
12.7211
12.7947
12.7958
12.7965
12.7969
12.7971
12.7973
12.7975
12.8161
12.8832
12.8061
12.8007
12.7352
12.7981
12.7981
12.8107
12.7992
12.7924
12.7512
12.7980
12.7565
12.7970
12.7978
12.7982
12.7983
12.8182
12.8664
12.8205
12.8012
12.7691
12.8072
12.7991
12.7993
12.8004
12.7993
12.7989
12.7993
12.7994
12.7994
12.7994
12.7994
23.4400
24.0226
24.3407
13.3295
12.8174
12.7993
12.7959
12.7977
12.7982
12.7941
12.8006
12.8032
12.8105
12.7882
12.7984
23.3388
13.2488
12.8535
12.8022
12.7991
12.7990
12.8004
12.8055
12.7981
12.8365
12.8042
12.7996
12.7997
23.2950
13.2861
12.8538
12.8021
12.8003
12.8002
12.8002
12.8003
12.8003
12.8003
12.8003
12.8003
12.8004
23.2337
13.2837
12.8552
12.8025
12.8006
12.8005
12.8004
12.8004
12.8004
12.8004
12.8004
12.8004
12.8004
23.1676
13.2848
12.8549
12.8026
12.8006
12.8005
12.8005
12.8005
12.8005
12.8005
12.8005
12.8005
12.8005
23.0470
13.2866
12.8543
12.8026
12.8007
12.8005
12.8005
12.8005
12.8005
12.8005
12.8005
12.8005
12.8005
22.9247
13.2889
12.8535
12.8026
12.7859
12.7206
12.8027
12.8032
12.8022
12.8019
12.8017
12.8015
12.8014
22.8461
13.2861
12.7756
12.8629
12.7585
12.7957
12.7985
12.7989
12.7991
12.7762
12.7997
12.7995
12.7996
12.7996
12.7996
12.9771
12.7463
12.7957
12.7989
12.9316
12.8519
12.8114
12.8171
12.8238
12.8162
12.8081
12.8061
12.8086
12.8040
12.8041
12.8050
12.8037
12.8037
12.8043
12.8045
12.8050
12.8037
12.7851
12.7844
12.8224
12.8124
12.8196
12.8059
12.8003
12.8038
12.8014
12.7942
12.8073
12.8002
12.7995
12.7846
12.7804
12.7995
12.8004
12.8107
12.8077
12.8062
12.8089
12.7137
12.7979
12.7988
12.8007
12.8001
12.8004
12.7996
12.8008
12.8409
12.8625
12.8094
12.8051
12.7997
12.7817
12.8014
12.7970
12.7917
12.7823
12.7847
12.7866
12.6986
12.7972
12.7975
12.7988
12.8056
12.7999
12.8489
12.8257
12.8055
12.8420
12.8163
12.8041
12.8174
12.8039
12.8040
12.8019
12.8018
12.8018
12.8017
12.8015
12.7998
12.8108
12.7190
12.7971
12.7979
12.7987
12.7990
12.7993
12.7995
12.7996
12.7997
12.8068
12.8727
12.9267
12.7818
12.8010
12.8002
12.7981
12.7954
12.7996
12.7965
12.7938
12.8082
12.8004
12.8027
12.7859
12.7970
12.8020
12.8078
12.8231
12.8018
12.8078
12.8003
12.7989
12.7905
12.7916
12.7944
12.7864
12.7890
12.7910
12.7459
12.7484
12.7876
12.7918
12.7999
12.7936
12.7939
12.7624
12.7913
12.7942
12.7215
12.7814
12.8477
12.8169
12.7935
12.8552
12.7001
12.7939
12.7950
12.7957
12.7960
12.7964
12.7960
12.7958
12.8158
12.8460
12.8178
12.7999
12.7552
12.7985
12.7975
12.7968
12.8290
12.7693
12.8002
12.7513
12.7628
12.7970
12.7975
12.7980
12.7983
12.7974
12.8825
12.8227
12.8025
12.8025
12.7742
12.8000
12.7988
12.7990
12.7990
12.7990
12.7991
12.7991
12.7991
12.7991
12.7991
23.8260
24.4452
24.7823
13.2913
12.8261
12.7905
12.7966
12.7938
12.7987
12.7891
12.7910
12.7948
12.8080
12.7776
12.7774
23.7531
13.2661
12.8271
12.7950
12.7896
12.7947
12.7962
12.8038
12.8180
12.8165
12.7996
12.7951
12.7952
23.6284
13.2695
12.8529
12.7977
12.7956
12.7955
12.7956
12.7956
12.7956
12.7956
12.7957
12.7957
12.7957
23.4993
13.2667
12.8545
12.7980
12.7959
12.7958
12.7958
12.7958
12.7958
12.7958
12.7958
12.7958
12.7959
23.3198
13.2683
12.8539
12.7982
12.7960
12.7959
12.7959
12.7959
12.7959
12.7960
12.7960
12.7960
12.7960
23.0813
13.2709
12.8530
12.7983
12.7962
12.7961
12.7961
12.7961
12.7961
12.7961
12.7961
12.7961
12.7962
22.8274
13.2745
12.8519
12.7984
12.7936
12.7221
12.7914
12.8027
12.8024
12.8020
12.8018
12.8016
12.8014
22.7219
13.2891
12.7579
12.8739
12.7570
12.7953
12.7983
12.7987
12.7990
12.7992
12.8020
12.8044
12.8033
12.8034
12.8032
13.0407
12.7282
12.7970
12.8025
12.9435
12.8321
12.8598
12.8120
12.8169
12.8085
12.8137
12.8091
12.8086
12.8043
12.8031
12.8030
12.8029
12.8027
12.8018
12.8014
12.8013
12.8007
12.8009
12.7952
12.7658
12.8116
12.8165
12.8109
12.8058
12.7971
12.7993
12.7952
12.8068
12.8021
12.7990
12.7949
12.7798
12.7797
12.8098
12.8204
12.8147
12.8073
12.8062
12.6994
12.7966
12.7969
12.7980
12.7985
12.7982
12.7983
12.7984
12.8033
12.8477
12.8564
12.8122
12.8031
12.7831
12.7996
12.7876
12.7943
12.7844
12.7884
12.7855
12.7224
12.7261
12.7952
12.7962
12.8449
12.8888
12.8136
12.8094
12.8205
12.8126
12.8088
12.8116
12.8037
12.8079
12.8017
12.8020
12.8020
12.8019
12.8018
12.8018
12.7961
12.7988
12.7324
12.7970
12.7982
12.7992
12.7993
12.7994
12.7995
12.7996
12.7998
12.8222
12.8732
12.8008
12.8134
12.7831
12.8008
12.7990
12.7945
12.7906
12.7922
12.8118
12.8074
12.7958
12.7964
12.7879
12.8026
12.8199
12.7921
12.7997
12.8147
12.8053
12.7988
12.7977
12.7945
12.7875
12.7944
12.7913
12.7797
12.7928
12.7856
12.6859
12.8109
12.7960
12.7853
12.7620
12.8359
12.7655
12.7847
12.7679
12.7951
12.8243
12.7973
12.7964
12.7733
12.8608
12.7187
12.7933
12.7955
12.7962
12.7965
12.7959
12.7958
12.7966
12.7971
12.8157
12.8377
12.8435
12.7825
12.7589
12.7977
12.7948
12.7761
12.7981
12.7740
12.7992
12.7652
12.7956
12.7981
12.7985
12.8657
12.8007
12.8005
12.8198
12.7989
12.8094
12.7981
12.8185
12.8033
12.8005
12.7672
12.7989
12.7988
12.7989
12.7990
12.7991
12.7991
23.6559
24.2525
24.5782
13.3153
12.8169
12.7921
12.7932
12.7939
12.7902
12.7891
12.7928
12.7965
12.7972
12.7720
12.7875
23.5879
13.2741
12.8239
12.8011
12.7975
12.7977
12.8008
12.8011
12.8159
12.8190
12.7996
12.7951
12.7952
23.5148
13.2672
12.8542
12.7977
12.7955
12.7955
12.7955
12.7955
12.7956
12.7956
12.7956
12.7956
12.7956
23.4242
13.2659
12.8549
12.7980
12.7958
12.7957
12.7957
12.7957
12.7957
12.7958
12.7958
12.7958
12.7958
23.3322
13.2683
12.8539
12.7981
12.7960
12.7959
12.7958
12.7958
12.7958
12.7958
12.7959
12.7959
12.7959
23.2650
13.2712
12.8529
12.7982
12.7961
12.7960
12.7959
12.7959
12.7959
12.7959
12.7960
12.7960
12.7960
23.2083
13.2743
12.8518
12.7982
12.7976
12.7225
12.7913
12.8036
12.8016
12.7984
12.7957
12.7933
12.7923
23.2158
13.2905
12.7572
12.9050
12.7597
12.7984
12.7957
12.7951
12.7945
12.7982
12.7982
12.7983
12.7986
12.7989
12.7991
13.0658
12.7052
12.7900
12.7970
12.7981
12.7986
12.7991
12.7994
12.7997
12.7999
12.8001
12.8002
12.8016
12.8012
12.8005
12.8008
12.8002
12.8007
12.8005
12.8005
12.8007
12.8009
12.8009
12.8018
12.8017
12.8014
12.8010
12.8005
12.8015
12.8015
12.8017
12.8020
12.8029
12.8023
12.8021
12.8020
12.8018
12.8017
12.8015
12.8013
12.8016
12.8014
12.8006
12.8006
12.8004
12.8002
12.8002
12.8001
12.7996
12.8008
12.7994
12.7994
12.7994
12.7994
12.8001
12.8004
12.7989
12.7996
12.8000
12.8001
12.7976
12.7983
12.7994
12.7998
12.8001
12.8003
12.8003
12.8003
12.8004
12.8005
12.8006
12.8007
12.8009
12.8006
12.8009
12.8011
12.8012
12.8012
12.8016
12.8018
12.8019
12.8020
12.8021
12.8023
12.8021
12.8001
12.8020
12.8019
12.8019
12.8018
12.8013
12.8010
12.8008
12.8008
12.8008
12.8005
12.8002
12.7992
12.8002
12.7997
12.7998
12.7998
12.8006
12.8009
12.8009
12.8009
12.8010
12.8010
12.8010
12.8017
12.8010
12.8009
12.8008
12.8007
12.7998
12.7995
12.7993
12.7992
12.7991
12.7992
12.6962
12.8002
12.8002
12.8002
12.8002
12.8002
12.8001
12.8001
12.8001
12.8001
12.8001
12.8001
25.9336
13.3334
12.8192
12.7975
12.7991
12.7970
12.7970
12.7971
12.7971
12.7972
12.7971
12.7970
12.7971
24.9368
13.3041
12.8387
12.7981
12.7971
12.7966
12.7959
12.7951
12.7955
12.7955
12.7956
12.7956
12.7956
24.3146
13.2849
12.8478
12.7976
12.7958
12.7957
12.7957
12.7957
12.7957
12.7957
12.7957
12.7957
12.7957
24.0591
13.2787
12.8499
12.7978
12.7959
12.7958
12.7957
12.7957
12.7957
12.7957
12.7957
12.7957
12.7958
23.9020
13.2755
12.8509
12.7979
12.7959
12.7958
12.7958
12.7958
12.7958
12.7958
12.7958
12.7958
12.7958
23.8107
13.2739
12.8515
12.7980
12.7960
12.7959
12.7958
12.7958
12.7958
12.7958
12.7959
12.7959
12.7959
23.6803
13.2735
12.8517
12.7981
12.7960
12.7959
12.7959
12.7959
12.7959
12.7959
12.7959
12.7960
12.7960
23.5567
13.2742
12.8515
12.7982
12.7961
12.7960
12.7960
12.7960
12.7960
12.7960
12.7960
12.7961
12.7961
23.4237
13.2758
12.8509
12.7982
12.7963
12.7962
12.7961
12.7961
12.7961
12.7961
12.7962
12.7962
12.7962
23.2924
13.2782
12.8495
12.7978
12.7961
12.7961
12.7961
12.7961
12.7961
12.7961
12.7960
12.7960
12.7960
23.1645
13.2813
12.8481
12.7974
12.7957
12.7957
12.7957
12.7957
12.7956
12.7956
12.7955
12.7955
12.7954
23.4883
13.2843
12.8487
12.7946
12.7928
12.7926
12.7926
12.7926
12.7926
12.7926
12.7925
12.7925
12.7925
24.1695
13.2735
12.8552
12.7937
12.7919
12.7918
12.7917
12.7916
12.7915
12.7914
12.7913
12.7912
12.7911
24.5569
13.2658
12.8583
12.7923
12.7903
12.7903
12.7903
12.7902
12.7901
12.7900
12.7899
12.7999
12.7999
25.0127
13.2465
12.8692
12.8023
12.7994
12.7993
12.7992
12.7992
12.7992
12.7992
12.7992
12.7992
12.7993
25.4564
13.2692
12.8459
12.8049
12.8001
12.7999
12.8002
12.8000
12.7999
12.8003
12.7985
12.8000
12.8001
25.9962
13.2777
12.8313
12.8044
12.8003
12.8002
12.7997
12.7999
12.8000
12.8000
12.8000
12.7992
12.7995
26.2896
13.2753
12.8295
12.8044
12.8004
12.8002
12.8002
12.8002
12.7980
12.8004
12.8004
12.8005
12.8005
26.2078
13.2759
12.8271
12.8037
12.8000
12.7999
12.8000
12.8024
12.8000
12.8000
12.8000
12.8000
12.8000
26.1349
13.2759
12.8273
12.8037
12.8002
12.8000
12.8015
12.8000
12.8000
12.7999
12.8000
12.8000
12.8001
26.3346
13.2752
12.8277
12.8037
12.8001
12.7999
12.7999
12.7999
12.8000
12.8000
12.8000
12.8000
12.7901
25.8860
13.2737
12.8268
12.8034
12.7908
12.7911
12.7914
12.7917
12.7919
12.7921
12.7923
12.7925
12.7927
25.2435
13.2737
12.8177
12.7991
12.7933
12.7934
12.7936
12.7936
12.7936
12.7936
12.7937
12.7937
12.7937
24.5876
13.2696
12.8284
12.7969
12.7939
12.7938
12.7938
12.7938
12.7938
12.7938
12.7939
12.7939
12.7938
24.0680
13.2673
12.8331
12.7965
12.7936
12.7936
12.7936
12.7936
12.7937
12.7936
12.7937
12.7937
12.7937
23.7894
13.2644
12.8392
12.7965
12.7937
12.7938
12.7939
12.7939
12.7940
12.7940
12.7941
12.7941
12.7942
23.5733
13.2612
12.8465
12.7971
12.7944
12.7942
12.7942
12.7942
12.7942
12.7943
12.7943
12.7943
12.7943
23.4028
13.2579
12.8544
12.7977
12.7945
12.7944
12.7944
12.7944
12.7944
12.7944
12.7945
12.7945
12.7945
23.1899
13.2542
12.8624
12.7978
12.7948
12.7947
12.7946
12.7948
12.7951
12.8005
12.8005
12.8005
12.8005
22.9634
13.2495
12.8736
12.8033
12.8007
12.8006
12.8006
12.8006
12.8006
12.8006
12.8006
12.8006
12.8006
22.7447
13.2496
12.8681
12.8032
12.8007
12.8006
12.8006
12.8006
12.8006
12.8006
12.8006
12.8006
12.8006
22.5206
13.2609
12.8616
12.8032
12.8008
12.8007
12.8007
12.8007
12.8007
12.8007
12.8007
12.8007
12.8007
22.3034
13.2690
12.8586
12.8031
12.7968
12.7254
12.7912
12.7981
12.7987
12.8022
12.8021
12.8019
12.8018
22.2774
13.2917
12.7609
12.8802
12.7559
12.7952
12.7981
12.8050
12.8044
12.8025
12.8033
12.8025
12.8024
12.8024
12.8023
13.0400
12.7275
12.7944
12.8001
12.8875
12.9018
12.8303
12.8120
12.8130
12.8123
12.8063
12.8053
12.8079
12.8057
12.8023
12.8025
12.8021
12.8022
12.8024
12.8024
12.8019
12.7994
12.8002
12.7992
12.5918
12.7508
12.8096
12.8036
12.7993
12.7987
12.7993
12.8003
12.8002
12.8002
12.7989
12.7951
12.7860
12.8070
12.8037
12.8056
12.8045
12.7926
12.8217
12.7398
12.7960
12.7980
12.7987
12.7991
12.7992
12.7998
12.7995
12.8262
12.8101
12.8401
12.8013
12.7943
12.7885
12.7998
12.7898
12.7919
12.7829
12.7948
12.7954
12.7918
12.7797
12.7989
12.7993
12.7990
12.8189
12.8093
12.8117
12.8078
12.8010
12.8195
12.8009
12.8042
12.8018
12.7996
12.8008
12.8009
12.8009
12.8009
12.8010
12.8010
12.8230
12.7341
12.7950
12.7979
12.7987
12.7991
12.7988
12.7987
12.7988
12.7988
12.7989
12.8688
12.8146
12.7922
12.7828
12.7988
12.7988
12.8002
12.7846
12.7990
12.7920
12.8126
12.8066
12.7929
12.7989
12.7929
12.8178
12.8009
12.8130
12.7999
12.7996
12.8063
12.7997
12.7995
12.7995
12.7929
12.7992
12.7924
12.7887
12.7879
12.7648
12.8305
12.7802
12.7978
12.8205
12.7969
12.7648
12.7901
12.7977
12.8043
12.7953
12.7989
12.8010
12.7979
12.8117
12.7730
12.7934
12.7981
12.7986
12.7988
12.7988
12.7989
12.7989
12.8168
12.8253
12.7997
12.7999
12.7988
12.7818
12.7989
12.8309
12.7876
12.7945
12.7989
12.8009
12.7751
12.7987
12.7992
12.7994
12.7996
12.8381
12.8002
12.7991
12.8000
13.0977
12.6271
12.8147
12.7627
12.7943
12.7952
12.8028
12.7966
12.7970
12.7977
12.7979
12.7971
23.7925
24.3770
24.6870
13.2942
12.8296
12.7968
12.7969
12.7975
12.7979
12.7983
12.7979
12.7957
12.8039
12.8112
12.8045
23.6090
13.2752
12.8067
12.7983
12.7964
12.7983
12.8001
12.8181
12.8089
13.4618
12.8005
12.7999
12.7999
20.4936
13.9620
12.8005
12.7998
12.7998
12.7998
12.7997
12.7997
12.7997
12.7997
12.7997
12.7997
12.7997
19.8118
13.9629
12.8002
12.7997
12.7997
12.7997
12.7997
12.7997
12.7997
12.7997
12.7997
12.7997
12.7997
19.4374
13.9631
12.8002
12.7997
12.7997
12.7998
12.7998
12.7998
12.7998
12.7998
12.7998
12.7998
12.7998
19.1636
13.9632
12.8003
12.7998
12.7998
12.7998
12.7998
12.7998
12.7998
12.7998
12.7998
12.7998
12.7998
18.9275
13.9632
12.8003
12.7998
12.7998
12.7998
12.7998
12.7998
12.7998
12.7998
12.7998
12.7998
12.7998
18.8380
13.9632
12.8003
12.8002
12.7999
12.7999
12.7998
12.7996
12.7993
12.7999
12.7999
12.7998
12.7997
12.7997
12.7996
36.8082
36.6343
36.5852
38.8617
40.0215
40.0297
40.0377
40.0439
40.0492
40.0535
40.0575
40.0601
40.0624
40.0643
40.0658
40.0670
40.0680
38.9177
36.9416
35.0577
33.2635
30.4738
28.8301
27.2785
23.6507
23.3062
24.1598
22.9773
21.8244
20.7299
18.6122
18.6830
17.7553
16.8748
14.9696
15.2447
13.4442
13.8221
12.8002
12.8002
12.8002
12.8002
12.8002
12.8002
12.8002
12.8002
12.8002
12.8002
12.8001
12.8001
12.7972
12.7983
12.8050
12.8002
12.8002
12.8002
12.8002
12.8002
12.8002
12.8002
12.8002
12.8002
12.8002
12.8002
12.8002
12.8002
12.8002
12.8002
12.8002
12.8002
12.8002
12.8002
12.8002
12.8002
12.8002
12.8002
12.8002
12.8002
12.8002
12.7979
12.7992
12.7997
12.7998
12.7998
12.8029
12.8024
12.8002
12.7929
12.7940
12.7979
12.7986
12.7979
12.7982
12.7990
12.8060
12.8084
12.8018
12.8071
12.7990
12.7925
12.7986
12.7997
12.7999
12.8020
12.8041
12.7970
12.7999
12.7903
12.7955
12.7998
12.7990
12.8002
12.8006
12.8017
12.7993
12.7981
12.7991
12.8013
12.8040
12.8044
12.8052
12.8088
12.8051
12.8011
12.8020
12.7999
12.8020
12.8021
12.7989
12.7978
12.7999
12.8010
12.8010
12.7990
12.8010
12.7980
12.7979
12.7984
12.8078
12.8025
12.8002
12.8002
12.8002
12.8002
12.8002
12.8002
12.8003
12.8003
12.8003
12.8003
12.8003
12.8003
12.8003
12.7957
12.7999
12.8008
12.8020
12.8010
12.8000
12.8000
12.8028
12.8003
12.8003
12.7968
12.7981
12.7992
12.8004
12.7995
12.8006
12.7990
12.7981
12.8044
12.7944
12.7980
12.7994
12.7995
12.7996
12.7997
12.7997
12.8018
15.0029
13.7777
12.8653
12.8000
12.7995
12.8001
12.8000
12.7999
12.7998
12.7998
12.7997
12.7997
20.9717
13.9617
12.8003
12.7996
12.7995
12.7995
12.7995
12.7995
12.7995
12.7995
12.7995
12.7995
12.7995
20.4158
13.9621
12.8001
12.7995
12.7996
12.7996
12.7996
12.7996
12.7996
12.7996
12.7996
12.7996
12.7996
20.0393
13.9626
12.8001
12.7996
12.7996
12.7996
12.7996
12.7996
12.7996
12.7997
12.7997
12.7997
12.7997
19.6959
13.9628
12.8002
12.7997
12.7997
12.7997
12.7997
12.7997
12.7997
12.7997
12.7997
12.7997
12.7997
19.3871
13.9629
12.8002
12.7997
12.7997
12.7997
12.7998
12.7998
12.7998
12.7998
12.7998
12.7998
12.7998
19.1097
13.9630
12.8003
12.7998
12.7998
12.7998
12.7998
12.7998
12.7998
12.7998
12.7998
12.7998
12.7998
18.9612
13.9631
12.8003
12.7998
12.7998
12.7998
12.8002
12.7998
12.7997
12.7993
12.7999
12.7998
12.7997
12.7996
12.7995
12.7994
12.7993
12.7992
36.7959
38.3734
39.9961
40.0127
40.0219
40.0268
40.0305
40.0334
40.0358
40.0382
40.0394
37.8933
35.8065
33.8004
31.8703
30.0180
28.2440
26.5494
24.9352
23.4015
21.9475
19.4953
17.1044
14.7871
15.7708
13.6375
14.7504
13.8179
12.9418
12.7973
12.7990
12.7999
12.8001
12.8004
12.8005
12.8050
12.8018
12.8009
12.8040
12.7996
12.7962
12.7997
12.8059
12.8101
12.8002
12.8001
12.8001
12.7958
12.7969
12.7982
12.7986
12.8008
12.8053
12.8054
12.7986
12.7962
12.7991
12.7994
12.8005
12.8006
12.8721
12.8062
12.8003
12.8003
12.8003
12.8003
12.8003
12.8004
12.8004
12.8004
12.8004
12.7966
12.7947
12.7905
12.7982
12.7984
12.7997
12.7998
12.7999
12.7999
12.8000
12.8000
12.7999
12.8026
12.8055
12.8006
12.7976
12.7814
12.7972
12.7977
12.7992
12.7973
12.7997
12.8001
12.8056
12.8136
12.8124
12.8073
12.8009
12.7924
12.8005
12.8020
12.7999
12.7907
12.8008
12.8056
12.7999
12.7879
12.8018
12.7959
12.7968
12.7992
12.8020
12.7976
12.8007
12.7993
12.8002
12.8014
12.8007
12.8037
12.8091
12.8207
12.8124
12.8041
12.7996
12.8039
12.7959
12.8035
12.7933
12.8025
12.8130
12.8009
12.7380
12.8063
12.8056
12.7946
12.8010
12.8001
12.8020
12.8102
12.8003
12.8003
12.8001
12.8000
12.8002
12.8046
12.8004
12.8004
12.8005
12.8005
12.8005
12.8005
12.7942
12.7966
12.7983
12.7957
12.8077
12.7998
12.8022
12.8002
12.8070
12.7894
12.7988
12.7993
12.7992
12.8005
12.8018
12.8000
12.8020
12.8071
12.7949
12.7959
12.7986
12.8105
12.7938
12.7992
12.7995
12.7997
12.7998
12.8007
15.2474
14.0177
13.1158
12.8004
12.7998
12.7994
12.8000
12.8000
12.7999
12.7999
12.7998
12.7998
20.8653
13.9616
12.8004
12.7996
12.7996
12.7996
12.7996
12.7996
12.7996
12.7996
12.7996
12.7996
12.1877
21.8431
13.3027
12.7568
12.7972
12.7992
12.7994
12.7995
12.7995
12.7996
12.7996
12.7996
12.7997
12.7997
23.4721
13.3054
12.7485
12.7972
12.7995
12.7997
12.7997
12.7997
12.7997
12.7998
12.7998
12.7998
12.7998
23.5913
13.2973
12.7525
12.7974
12.7999
12.8008
12.8008
12.8008
12.8008
12.8008
12.8008
12.8008
12.8009
23.3794
13.2914
12.7578
12.8047
12.8014
12.8011
12.8010
12.8010
12.8010
12.8010
12.8010
12.8010
12.8010
23.0922
13.2850
12.7736
12.8048
12.8014
12.8011
12.8011
12.9185
12.7700
12.7728
12.7942
12.7963
12.7969
22.9144
13.3821
12.7420
12.7835
12.7967
12.7977
12.9109
12.7701
12.7941
12.7974
12.7984
12.8002
12.8010
12.8026
12.8023
12.8009
12.8010
12.8010
13.0769
12.6907
12.7877
12.7978
12.9267
12.8644
12.8237
12.8143
12.8179
12.8109
12.8096
12.8054
12.8028
12.8025
12.8023
12.8013
12.8017
12.8019
12.8014
12.8022
12.8011
12.8010
12.7949
12.7839
12.8033
12.8003
12.8164
12.8055
12.8007
12.8007
12.8003
12.8001
12.7998
12.7994
12.7974
12.7873
12.8020
12.8017
12.7897
12.8035
12.8059
12.8057
12.8152
12.7379
12.7859
12.7961
12.7975
12.7981
12.7975
12.7978
12.7980
12.8445
12.8315
12.8071
12.8085
12.8029
12.7807
12.7987
12.7989
12.7980
12.7930
12.7814
12.7862
12.7132
12.7913
12.7937
12.7977
12.8036
12.8174
12.8301
12.8481
12.8062
12.8017
12.8048
12.8073
12.8096
12.8067
12.8013
12.8016
12.8002
12.8001
12.7999
12.7998
12.7922
12.8185
12.7129
12.7842
12.7945
12.7960
12.7966
12.7979
12.7985
12.8212
12.8001
12.8501
12.8548
12.8036
12.7976
12.7831
12.8007
12.8008
12.7894
12.7932
12.7970
12.8145
12.8075
12.8012
12.7841
12.7933
12.8154
12.8245
12.8063
12.8012
12.8041
12.8004
12.7989
12.7987
12.7944
12.7865
12.7958
12.7890
12.7920
12.7949
12.7842
12.7156
12.8233
12.7690
12.7776
12.8162
12.7945
12.7630
12.7920
12.7847
12.7525
12.8304
12.7935
12.8005
12.7926
12.8267
12.7318
12.7932
12.7940
12.7947
12.7951
12.7955
12.7947
12.7958
12.8011
12.8331
12.8589
12.8003
12.7349
12.7968
12.7965
12.8275
12.7518
12.7913
12.7965
12.7476
12.7912
12.7962
12.7969
12.7972
12.8168
12.7984
12.8456
12.8184
12.8054
12.8021
12.8397
12.7689
12.7993
12.7993
12.7993
12.7993
12.7993
12.7993
12.7993
12.7992
12.7992
23.8695
24.4685
13.3364
12.8024
12.7874
12.7833
12.7898
12.7969
12.7894
12.7983
12.8014
12.7945
12.8037
12.7953
23.6885
13.2812
12.7960
12.8029
12.7992
12.7991
12.7993
12.7966
12.7988
12.8212
12.8275
12.8043
12.7999
23.5322
13.2480
12.8717
12.8029
12.8003
12.8002
12.8003
12.8003
12.8003
12.8003
12.8003
12.8004
12.8004
23.3720
13.2483
12.8718
12.8032
12.8005
12.8004
12.8004
12.8004
12.8004
12.8004
12.8004
12.8004
12.8004
23.2035
13.2474
12.8744
12.8032
12.8005
12.8005
12.8005
12.8005
12.8005
12.8005
12.8005
12.8005
12.8005
23.0624
13.2536
12.8705
12.8032
12.8006
12.8005
12.8005
12.8005
12.8005
12.8005
12.8005
12.8005
12.8005
22.9294
13.2601
12.8663
12.8031
12.8006
12.8079
12.7303
12.7903
12.7980
12.7986
12.7989
12.7991
12.7992
22.9264
13.3014
12.7503
12.7971
12.8973
12.7546
12.7948
12.7979
12.7985
12.8034
12.8040
12.8022
12.8016
12.8014
12.8013
12.8012
13.0671
12.7079
12.7921
12.7990
12.9297
12.8737
12.8322
12.8143
12.8177
12.8124
12.8111
12.8092
12.8104
12.8036
12.8020
12.8019
12.8018
12.8017
12.8014
12.8012
12.8011
12.8009
12.7932
12.7890
12.8076
12.8036
12.8030
12.8097
12.7995
12.8015
12.8005
12.8003
12.8000
12.8011
12.8011
12.7902
12.7924
12.7946
12.8041
12.8074
12.8133
12.8047
12.8187
12.7268
12.7950
12.7957
12.7905
12.7975
12.7973
12.7751
12.7969
12.8178
12.8656
12.8147
12.8218
12.7793
12.8016
12.7988
12.7949
12.7967
12.7886
12.7544
12.7971
12.7141
12.7963
12.7967
12.7978
12.8036
12.7993
12.8700
12.8385
12.8064
12.8074
12.8193
12.8029
12.8049
12.8093
12.8018
12.8017
12.8015
12.8015
12.8016
12.8015
12.7997
12.8192
12.7142
12.7955
12.7977
12.7990
12.7996
12.7995
12.7995
12.7999
12.7998
12.8429
12.8552
12.8106
12.7997
12.7834
12.8000
12.7990
12.8001
12.7985
12.7788
12.7989
12.8122
12.8065
12.7910
12.7842
12.7995
12.8065
12.8096
12.8033
12.8205
12.8057
12.7977
12.7979
12.7919
12.7968
12.7911
12.7894
12.7910
12.7626
12.7669
12.7339
12.8246
12.7915
12.7698
12.7988
12.8162
12.7605
12.7939
13.1104
12.7994
12.7991
12.7998
12.7998
12.7997
12.7997
12.7997
12.7997
12.7997
12.7997
12.7997
12.7997
12.7997
12.7997
12.7997
12.7997
12.7997
12.7997
12.7997
12.7997
12.7997
12.7997
12.7997
12.7997
12.7997
12.7997
12.7997
12.7996
12.7996
12.7996
12.7996
12.7996
12.7996
12.7996
12.7997
12.7997
12.7997
12.8189
12.8675
12.9004
12.9298
12.9579
12.9855
13.0124
13.0389
13.0650
12.8222
13.1102
12.8703
13.1612
13.1969
13.2357
13.2789
13.3257
13.3750
13.4262
13.4777
13.5283
13.5770
24.0026
13.9627
12.8001
13.0443
13.4571
13.5460
13.5928
13.6292
13.6598
13.6869
13.7112
13.7341
13.7568
24.0027
13.9629
12.8000
13.2761
13.6454
13.7514
13.8255
13.8921
13.9546
14.0145
14.0718
14.1273
14.1810
24.0027
13.9630
12.8635
14.0229
14.2092
14.2922
14.3577
14.4159
14.4698
14.5200
14.5677
14.6133
14.6570
24.0026
13.9630
13.5125
14.5062
14.6625
14.7313
14.7850
14.8329
14.8767
14.9180
14.9572
14.9940
15.0294
24.0027
13.9630
14.0304
14.8873
15.0211
15.0801
15.1262
15.1667
15.2043
15.2397
15.2729
15.3046
15.3353
24.0028
13.9630
14.4649
15.2056
15.3219
15.3738
15.4146
15.4508
15.4847
15.5166
15.5467
15.5754
15.6029
24.0029
13.9630
14.8465
15.4829
15.5827
15.6264
15.6570
15.6761
15.6872
15.6916
15.6907
15.6859
15.6782
15.6687
15.6579
15.6464
15.6345
15.6222
15.6089
15.5969
15.5844
15.5716
15.5585
15.5451
15.5314
15.5175
15.5033
15.4887
15.4738
15.4587
15.4433
15.4279
15.4123
15.3966
15.3809
15.3652
15.3495
15.3339
15.3182
15.3027
15.2873
15.2720
15.2568
15.2417
15.2266
15.2117
15.1968
15.1821
15.1674
15.1528
15.1383
15.1238
15.1095
15.0953
15.0812
15.0673
15.0535
15.0398
15.0266
15.0134
15.0004
14.9875
14.9748
14.9621
14.9498
14.9379
14.9264
14.9153
14.9046
14.8943
14.8846
14.8755
14.8671
14.8593
14.8524
14.8460
14.8400
14.8343
14.8289
14.8238
14.8190
14.8145
14.8104
14.8066
14.8030
14.7997
14.7963
14.7928
14.7890
14.7846
14.7797
14.7741
14.7680
14.7614
14.7540
14.7457
14.7364
14.7262
14.7149
14.7026
14.6893
14.6750
14.6597
14.6436
14.6266
14.6091
14.5909
14.5723
14.5531
14.5337
14.5142
14.4950
14.4765
14.4590
14.4427
14.4279
14.4147
14.4034
14.3939
14.3866
14.3815
14.3788
14.3781
14.3792
14.3817
14.3854
14.3901
14.3957
14.4018
14.4085
14.4156
14.4229
14.4305
14.4382
14.4462
14.4546
14.4633
14.4726
14.4830
14.4929
14.5036
14.5152
14.5275
14.5407
14.5548
14.5697
14.5855
14.6020
14.6192
14.6369
24.0006
13.9631
13.4082
14.3950
14.5360
14.5898
14.6300
14.6654
14.6985
14.7301
14.7605
14.7899
14.8185
24.0022
13.9627
13.7031
14.6305
14.7690
14.8251
14.8679
14.9058
14.9408
14.9738
15.0051
15.0351
15.0638
24.0025
13.9628
14.0567
14.8974
15.0232
15.0751
15.1147
15.1492
15.1808
15.2104
15.2383
15.2648
15.2902
24.0026
13.9629
14.3767
15.1324
15.2452
15.2919
15.3272
15.3582
15.3867
15.4134
15.4387
15.4629
15.4856
24.0026
13.9629
14.6573
15.3395
15.4421
15.4856
15.5187
15.5479
15.5749
15.6002
15.6242
15.6473
15.6692
24.0027
13.9630
14.9284
15.5384
15.6324
15.6739
15.7060
15.7346
15.7611
15.7862
15.8101
15.8327
15.8546
24.0029
13.9630
15.2074
15.7425
15.8281
15.8681
15.8994
15.9275
15.9537
15.9785
16.0017
16.0242
16.0460
24.0032
13.9624
15.4965
15.9521
16.0289
16.0672
16.0977
16.1252
16.1504
16.1742
16.1970
16.2189
16.2400
24.0034
13.9624
15.7892
16.1601
16.2259
16.2605
16.2882
16.3126
16.3351
16.3565
16.3769
16.3964
16.4152
24.0033
13.9623
16.0494
16.3430
16.3987
16.4297
16.4548
16.4768
16.4972
16.5166
16.5350
16.5526
16.5696
24.0033
14.0081
16.2638
16.5032
16.5515
16.5795
16.6025
16.6229
16.6416
16.6590
16.6753
16.6906
16.7050
24.0030
14.1556
16.3574
16.5541
16.5548
16.5309
16.5001
16.4672
16.4345
16.4035
16.3749
16.3492
16.3261
24.0025
13.9628
15.7717
16.0948
16.1248
16.1257
16.1213
16.1149
16.1074
16.0990
16.0898
16.0798
16.0691
24.0023
13.9627
15.4091
15.8353
15.8758
15.8766
15.8699
15.8601
15.8485
15.8356
15.8218
15.8073
15.7923
24.0020
13.9624
14.9804
15.5188
15.5706
15.5735
15.5685
15.5607
15.5515
15.5412
15.5302
15.5186
15.5065
24.0017
13.9628
14.5640
15.2158
15.2824
15.2899
15.2880
15.2830
15.2765
15.2691
15.2610
15.2526
15.2441
24.0015
13.9628
14.1943
14.9473
15.0316
15.0482
15.0546
15.0579
15.0597
15.0607
15.0610
15.0610
15.0607
24.0015
13.9628
13.9542
14.7757
14.8731
14.8955
14.9055
14.9110
14.9141
14.9151
14.9143
14.9118
14.9077
24.0013
13.9627
13.7082
14.5801
14.6770
14.6936
14.6971
14.6962
14.6931
14.6887
14.6834
14.6778
14.6720
24.0012
13.9621
13.3714
14.3303
14.4428
14.4671
14.4776
14.4837
14.4873
14.4891
14.4897
14.4891
14.4877
24.0011
13.9623
13.1207
14.1434
14.2689
14.3013
14.3210
14.3374
14.3532
14.3693
14.3861
14.4041
14.4233
24.0018
13.9626
13.1115
14.1698
14.3208
14.3767
14.4180
14.4542
14.4874
14.5188
14.5487
14.5776
14.6058
24.0022
13.9627
13.3968
14.3960
14.5436
14.6027
14.6481
14.6887
14.7268
14.7632
14.7984
14.8325
14.8656
24.0026
13.9628
13.7887
14.6997
14.8388
14.8976
14.9434
14.9843
15.0221
15.0579
15.0918
15.1244
15.1557
24.0029
13.9629
14.2029
15.0090
15.1327
15.1858
15.2267
15.2632
15.2966
15.3277
15.3571
15.3851
15.4118
24.0029
13.9630
14.5610
15.2709
15.3789
15.4252
15.4605
15.4916
15.5203
15.5471
15.5724
15.5966
15.6193
24.0029
13.9630
14.8569
15.4857
15.5819
15.6237
15.6558
15.6841
15.7103
15.7349
15.7582
15.7801
15.8012
24.0028
13.9630
15.1239
15.6800
15.7669
15.8061
15.8364
15.8633
15.8882
15.9116
15.9343
15.9559
15.9767
24.0029
13.9630
15.3854
15.8685
15.9463
15.9829
16.0116
16.0366
16.0598
16.0817
16.1027
16.1228
16.1423
24.0030
13.9630
15.6348
16.0474
16.1168
16.1515
16.1790
16.2039
16.2268
16.2486
16.2692
16.2886
16.3075
24.0032
13.9623
15.8853
16.2269
16.2885
16.3215
16.3482
16.3722
16.3943
16.4152
16.4353
16.4547
16.4736
24.0034
13.9624
16.1413
16.4093
16.4628
16.4940
16.5197
16.5425
16.5639
16.5843
16.6040
16.6230
16.6415
24.0035
14.0996
16.3457
16.5852
12.1954
12.8000
12.8002
12.8002
12.8002
12.7876
12.7928
12.7921
12.7988
22.8208
13.2622
12.8610
12.7869
12.7451
12.7998
12.7989
12.7982
12.7989
12.7990
12.7994
12.8004
12.7999
12.7999
12.8007
12.9964
12.7558
12.7818
12.7924
12.9165
12.8536
12.8294
12.8380
12.8213
12.8065
12.8101
12.8067
12.8116
12.8142
12.8048
12.8051
12.8039
12.8043
12.8059
12.8060
12.8057
12.8049
12.7939
12.7987
12.8118
12.8062
12.8208
12.8011
12.8041
12.8040
12.8037
12.7969
12.8064
12.8026
12.8015
12.7848
12.7923
12.7973
12.7987
12.8142
12.8109
12.8064
12.7917
12.7351
12.7958
12.8003
12.8012
12.8015
12.8010
12.7999
12.8011
12.8783
12.8079
12.8063
12.8141
12.8003
12.7815
12.8016
12.7930
12.7964
12.7826
12.7827
12.7694
12.7151
12.7989
12.7990
12.7993
12.8002
12.8263
12.7999
12.8691
12.8132
12.8215
12.8243
12.8074
12.8114
12.8055
12.8037
12.8031
12.8029
12.8028
12.8027
12.8026
12.8015
12.8084
12.7175
12.7975
12.7974
12.7987
12.7990
12.7997
12.8000
12.8002
12.8013
12.8358
12.8612
12.8105
12.8033
12.7827
12.8014
12.8023
12.7957
12.7854
12.8109
12.8098
12.8036
12.7991
12.7852
12.7990
12.8031
12.8210
12.8010
12.8097
12.8011
12.8058
12.7983
12.7975
12.7942
12.7931
12.7854
12.7935
12.7934
12.7916
12.7469
12.7127
12.8107
12.7703
12.8066
12.7546
12.8439
12.7606
12.7693
12.7895
12.7712
12.8172
12.8252
12.7945
12.7954
12.7977
12.7523
12.7972
12.7962
12.7966
12.7967
12.7971
12.7965
12.7962
12.8334
12.8441
12.8212
12.8048
12.7348
12.7984
12.7980
12.8272
12.7826
12.7518
12.7901
12.7970
12.7561
12.7992
12.7983
12.7988
12.8182
12.8001
12.8651
12.8021
12.8233
12.8023
12.8097
12.8007
12.8006
12.7693
12.7997
12.7995
12.7996
12.7997
12.7997
12.7997
12.8009
23.9453
24.5766
24.9381
13.3102
12.8275
12.7981
12.7973
12.7978
12.7950
12.7956
12.7975
12.8032
12.7982
12.8119
12.7843
23.9411
13.2855
12.7956
12.8038
12.7990
12.7977
12.8039
12.8153
