0.5679
0.5036
0.4966
0.4971
0.4976
0.0000
0.5595
0.5006
0.4992
0.4992
0.4992
0.4992
0.4992
0.4991
0.4990
0.4990
0.4989
0.4988
0.0000
0.5613
0.5006
0.4990
0.4987
0.4985
0.4983
0.4981
0.4979
0.4977
0.4975
0.4974
0.4972
0.0000
0.5475
0.4988
0.4972
0.4968
0.4966
0.4964
0.4961
0.4959
0.4957
0.4955
0.4953
0.4951
0.0000
0.5412
0.4966
0.4950
0.4947
0.4944
0.4942
0.4939
0.4937
0.4935
0.4933
0.4930
0.4928
0.0000
0.5370
0.4942
0.4927
0.9620
0.6424
0.6227
0.6180
0.6146
0.6118
0.6094
0.6073
0.6053
0.0000
0.8026
0.6087
1.2831
1.1016
1.0854
1.0795
1.0752
1.0960
1.1090
1.1164
1.1233
1.1321
1.1420
1.1500
1.6436
1.4492
1.4175
1.3976
1.7483
1.9687
2.2216
2.2827
2.3591
2.4223
2.5025
2.5245
2.5720
2.6016
2.6245
2.6425
2.6555
2.6682
2.6803
2.6920
2.7034
2.7144
2.6832
2.6589
2.7195
2.7282
2.7754
2.7847
2.8882
2.8924
2.9028
2.8899
2.9241
2.9338
2.9442
2.8733
2.8240
2.8100
2.8202
2.9116
2.9516
2.9847
2.9875
2.6171
2.5993
2.5873
2.5733
2.5654
2.5580
2.5513
2.5405
2.6860
2.7335
2.7654
2.8734
2.9028
2.8295
2.8337
2.7977
2.7334
2.6752
2.6185
2.5514
1.9891
1.9795
1.9648
1.9557
2.0559
2.1447
2.4630
2.4937
2.5656
2.6463
2.7767
2.8125
2.8687
2.8916
2.9085
2.9240
2.9331
2.9415
2.9490
2.9557
2.9570
2.9896
2.6225
2.5884
2.5678
2.5563
2.5505
2.5422
2.5352
2.5284
2.5216
2.6674
2.9330
2.9748
2.9794
2.8935
2.9183
2.9135
2.8768
2.8382
2.8516
2.8726
2.8893
2.9052
2.8373
2.8599
2.8208
2.9288
2.9021
2.9539
2.9531
2.9919
2.9943
2.9833
2.9387
2.9089
2.8728
2.7887
2.6492
2.4823
2.2423
2.0650
2.0430
1.8491
2.1069
2.0819
1.9303
1.9154
1.8148
1.7894
1.7158
1.5055
1.6233
1.8150
1.8045
2.0529
1.5914
1.5849
1.5705
1.5580
1.5466
1.5376
1.5302
1.5231
1.6021
1.6237
1.9647
1.8839
1.6918
1.6870
1.6810
1.5282
1.5212
1.4847
1.3879
1.3766
1.3724
1.2867
1.2823
1.2784
1.2775
1.5301
1.5635
1.6048
1.6340
1.7154
1.7002
1.7078
1.7185
1.7196
1.5874
1.5850
1.5814
1.5783
1.5755
1.5727
1.5700
0.0000
0.0000
0.0000
0.5159
0.4987
0.4998
0.5015
0.5029
0.5041
0.5052
0.5034
0.5013
0.4908
0.4889
0.5024
0.0000
0.6510
0.5550
0.5531
0.5557
0.5584
0.5581
0.5605
0.5571
0.4968
0.4899
0.4905
0.4910
0.0000
0.5356
0.4939
0.4929
0.4929
0.4930
0.4930
0.4930
0.4930
0.4930
0.4930
0.4929
0.4928
0.0000
0.5376
0.4946
0.4932
0.4929
0.4928
0.4926
0.4925
0.4923
0.4922
0.4921
0.4919
0.4918
0.0000
0.5356
0.4934
0.4921
0.4918
0.4916
0.4915
0.4913
0.4912
0.4911
0.4910
0.4908
0.4907
0.0000
0.5336
0.4923
0.4910
0.4908
0.4906
0.4904
0.4903
0.4902
0.4901
0.4899
0.4898
0.4897
0.0000
0.5318
0.4913
0.4900
1.1832
0.8631
0.8449
0.8410
0.8381
0.8358
0.8338
0.8321
0.8306
0.0000
1.0325
0.8340
1.5114
1.3303
1.3148
1.3098
1.3062
1.3034
1.3011
1.2992
1.2975
1.2961
1.2948
1.2937
1.3957
1.2354
1.2072
1.1886
1.3759
1.7870
1.9918
2.0919
2.1635
2.2479
2.3093
2.3442
2.4064
2.4533
2.4880
2.5182
2.5481
2.5778
2.6027
2.6254
2.6471
2.6467
2.6580
2.6340
2.6574
2.6800
2.7573
2.8000
2.8093
2.8268
2.8388
2.8216
2.8553
2.8668
2.8738
2.7789
2.6360
2.7010
2.7205
2.7954
2.8290
2.8806
2.8817
2.4253
2.4017
2.3933
2.3881
2.3849
2.3778
2.3706
2.3591
2.6864
2.7843
2.9235
2.9180
2.9420
2.8641
2.8640
2.8325
2.7975
2.7264
2.6297
2.5041
2.2084
2.1108
2.0988
2.0910
2.0870
2.2180
2.3086
2.6086
2.6345
2.5321
2.3846
2.4232
2.4487
2.5168
2.5402
2.5489
2.5557
2.5633
2.5711
2.5787
2.5329
2.4635
2.0253
2.0033
1.9915
1.9842
1.9788
1.9754
1.9872
1.9881
1.9887
2.2297
2.3751
2.5237
2.5703
2.5890
2.6050
2.6044
2.6313
2.6269
2.5064
2.5298
2.5701
2.6270
2.6145
2.5497
2.5703
2.5565
2.6034
2.6197
2.7445
2.7489
2.7459
2.7370
2.7274
2.7176
2.7065
3.2536
3.0507
2.9637
2.9103
2.3864
2.4463
2.2033
2.2324
2.3147
2.3046
2.1491
2.1102
2.0903
2.0328
1.7288
1.8013
1.9910
1.9824
2.1238
1.7862
1.7659
1.7497
1.7357
1.7229
1.7109
1.6993
1.6884
1.7571
2.1104
2.1360
2.1389
1.8610
1.8518
1.8424
1.8863
1.8812
1.8475
1.6409
1.6313
1.4453
1.4314
1.4210
1.4121
1.4038
1.4761
1.7541
1.8386
1.8417
1.7105
1.7406
1.7366
1.7332
1.7344
1.7308
1.7253
1.7212
1.7176
1.7141
1.7104
1.7066
0.0000
0.0000
0.0000
0.5347
0.5072
0.5087
0.5154
0.5195
0.5228
0.5329
0.5323
0.5276
0.5113
0.5308
0.5338
0.0000
0.7057
0.5817
0.5781
0.5801
0.5823
0.5821
0.5726
0.5764
0.5149
0.5088
0.5099
0.5109
0.0000
0.6116
0.5173
0.5144
0.5145
0.5146
0.5147
0.5148
0.5148
0.5148
0.5148
0.5147
0.5146
0.0000
0.6163
0.5190
0.5155
0.5151
0.5148
0.5146
0.5145
0.5143
0.5141
0.5140
0.5138
0.5136
0.0000
0.6141
0.5177
0.5142
0.5137
0.5134
0.5131
0.5129
0.5127
0.5125
0.5122
0.5120
0.5118
0.0000
0.6105
0.5157
0.5122
0.5117
0.5113
0.5111
0.5108
0.5105
0.5103
0.5100
0.5097
0.5095
0.0000
0.6060
0.5133
0.5097
1.0378
0.7133
0.6808
0.6742
0.6698
0.6661
0.6630
0.6602
0.6578
0.0000
0.8583
0.6624
1.3515
1.1814
1.1631
1.1564
1.1514
1.1473
1.0496
1.0475
1.0448
1.0423
1.0400
1.0379
1.4261
1.2025
1.1843
1.1793
1.7250
1.9433
1.9902
2.0621
2.1635
2.2331
2.2681
2.2946
2.3325
2.3509
2.3698
2.3930
2.4070
2.4209
2.4375
2.4549
2.4746
2.4890
2.4218
2.3565
2.4528
2.5059
2.5912
2.6160
2.6156
2.6306
2.6353
2.6080
2.6386
2.6377
2.6345
2.5649
2.4769
2.4732
2.4732
2.5187
2.5509
2.5774
2.6155
2.2404
2.2332
2.2297
2.2347
2.2371
2.2409
2.2409
2.2464
2.4232
2.6980
2.7386
2.7604
2.7589
2.6773
2.6836
2.6702
2.6333
2.5542
2.4856
2.4254
1.9871
1.9747
1.9635
1.9576
1.9809
1.9801
2.1917
2.3011
2.3232
2.5057
2.5769
2.5952
2.6726
2.6906
2.7093
2.7185
2.7275
2.7363
2.7447
2.7526
2.7524
2.8017
2.4436
2.4311
2.4220
2.4163
2.4120
2.4091
2.4068
2.4052
2.4038
2.4337
2.7553
3.3339
3.2506
3.2571
3.2603
3.2541
3.2357
3.2371
3.2247
3.1963
3.2343
3.2367
3.2497
3.1856
3.1723
3.1821
3.2185
3.3257
3.3349
3.3721
3.3748
3.3707
3.3276
3.2893
3.2637
3.2014
3.1542
3.1159
2.8724
2.6423
2.5867
2.5495
2.5480
2.5186
2.4907
2.3250
2.2859
2.2591
1.9212
1.8415
2.0445
2.1175
2.0898
2.3266
1.8961
1.8692
1.8467
1.8269
1.8087
1.7920
1.7737
1.7581
1.8233
2.0180
2.0939
2.0933
1.9011
1.8937
1.8817
1.8666
1.9887
1.8567
1.8563
1.6503
1.4905
1.4726
1.4605
1.4506
1.4421
1.4299
1.7768
1.8706
1.8794
1.8884
1.7812
1.7832
1.7801
1.7775
1.7750
1.7725
1.7701
1.7676
1.7651
1.7627
1.7602
0.0000
0.0000
0.0000
0.5874
0.5296
0.5335
0.5395
0.5502
0.5389
0.5438
0.5454
0.5409
0.5208
0.5464
0.5757
0.0000
0.7514
0.5957
0.5906
0.5938
0.6044
0.6119
0.6048
0.5598
0.5246
0.5186
0.5196
0.5206
0.0000
0.6316
0.5273
0.5240
0.5241
0.5242
0.5244
0.5245
0.5245
0.5245
0.5245
0.5245
0.5244
0.0000
0.6369
0.5290
0.5251
0.5247
0.5244
0.5243
0.5241
0.5239
0.5237
0.5235
0.5233
0.5230
0.0000
0.6335
0.5273
0.5233
0.5228
0.5225
0.5222
0.5219
0.5217
0.5214
0.5211
0.5208
0.5206
0.0000
0.6282
0.5246
0.5206
0.5200
0.5196
0.5193
0.5190
0.5186
0.5183
0.5179
0.5176
0.5172
0.0000
0.6211
0.5209
0.5170
1.0503
0.7321
0.6969
0.6898
0.6847
0.6805
0.6769
0.6737
0.6708
0.0000
0.8705
0.6748
1.3732
1.1971
1.1780
1.1704
1.1647
1.1600
1.1561
1.1636
1.1810
1.1938
1.2071
1.2195
1.8805
1.5763
1.5592
1.5658
2.1748
2.3146
2.5748
2.6264
2.7006
2.7379
2.7988
2.8396
2.8784
2.8977
2.9121
2.9259
2.9392
2.9522
2.9613
2.9685
2.9750
2.9789
2.9840
2.9634
2.8102
2.8625
2.9377
2.9879
3.0152
3.0030
3.0009
2.9802
3.0119
3.0227
3.0199
2.9974
2.9065
2.8160
2.8606
2.9537
3.0217
3.0566
3.0866
2.6360
2.6215
2.6082
2.5998
2.5937
2.5860
2.5789
2.5720
2.5870
2.7999
3.0554
3.1123
3.1288
3.0544
3.0550
3.0006
2.9766
2.9076
2.8567
2.7916
2.4472
2.1285
2.1095
2.0942
2.2865
2.6752
2.7350
2.7777
2.8679
2.9235
2.9632
3.0162
3.0335
3.0704
3.0790
3.0890
3.0990
3.1091
3.1188
3.1283
3.1116
3.1073
2.8055
2.7943
2.7880
2.7858
2.7841
2.7827
2.7815
2.7811
2.7812
2.8821
3.2143
3.2182
3.2807
3.2041
3.2087
3.2049
3.1806
3.1382
3.1031
3.1576
3.1922
3.1740
3.1581
3.1034
3.1155
3.2072
3.1715
3.1708
3.2390
3.2641
3.2595
3.2496
3.2252
3.1682
3.1428
3.1064
3.0160
2.9845
2.9203
2.4136
2.4606
2.4418
2.3762
2.2135
2.3677
2.2202
2.1554
2.0174
1.9961
2.1004
2.0889
2.0735
1.9591
2.2215
1.8720
1.8422
1.8219
1.8043
1.7881
1.7730
1.7565
1.7427
1.7309
1.7997
1.9587
2.1450
2.0695
1.8931
1.8824
1.8591
1.7586
1.7509
1.6407
1.6361
1.4890
1.4694
1.4605
1.4531
1.7277
1.7300
1.7316
1.8170
1.8143
1.8528
1.8436
1.9211
1.9333
1.9339
1.7958
1.7920
1.7876
1.7837
1.7801
1.7767
1.7733
0.0000
0.0000
0.0000
0.5483
0.5117
0.5153
0.5265
0.5367
0.5395
0.5442
0.5427
0.5352
0.5283
0.5660
0.5778
0.0000
0.7757
0.6052
0.6033
0.6083
0.6131
0.6118
0.6098
0.5678
0.5278
0.5213
0.5222
0.5229
0.0000
0.6366
0.5292
0.5257
0.5257
0.5258
0.5258
0.5259
0.5258
0.5258
0.5257
0.5256
0.5255
0.0000
0.6391
0.5299
0.5260
0.5255
0.5252
0.5250
0.5247
0.5245
0.5243
0.5240
0.5237
0.5235
0.0000
0.6341
0.5277
0.5236
0.5231
0.5228
0.5225
0.5222
0.5219
0.5217
0.5214
0.5211
0.5208
0.0000
0.6284
0.5249
0.5210
0.5204
0.5200
0.5197
0.5194
0.5191
0.5188
0.5185
0.5182
0.5179
0.0000
0.6222
0.5219
0.5180
1.0524
0.7351
0.6996
0.6926
0.6877
0.6836
0.6800
0.6769
0.6741
0.0000
0.8747
0.6789
1.4941
1.3275
1.3198
1.3012
1.2801
1.2566
1.2480
1.2398
1.2319
1.2253
1.2198
1.2152
1.9836
1.5815
1.5385
1.5248
1.5157
1.5087
1.5037
1.5001
1.4977
1.4961
1.4953
1.4952
1.5010
1.5046
1.5054
1.5073
1.5065
1.5075
1.5078
1.5081
1.5092
1.5111
1.5129
1.5151
1.5181
1.5216
1.5253
1.5292
1.5335
1.5379
1.5433
1.5492
1.5592
1.5666
1.5735
1.5801
1.5858
1.5911
1.5951
1.5985
1.6030
1.6068
1.6072
1.6078
1.6073
1.6062
1.6049
1.6035
1.5996
1.6013
1.5972
1.5931
1.5890
1.5848
1.5837
1.5835
1.5771
1.5737
1.5719
1.5703
1.5584
1.5487
1.5435
1.5401
1.5376
1.5360
1.5346
1.5332
1.5322
1.5318
1.5317
1.5318
1.5328
1.5323
1.5333
1.5354
1.5376
1.5397
1.5438
1.5488
1.5543
1.5601
1.5662
1.5735
1.5800
1.5778
1.5840
1.5898
1.5955
1.6012
1.6044
1.6065
1.6080
1.6092
1.6104
1.6107
1.6096
1.6044
1.6032
1.6000
1.5970
1.5940
1.5945
1.5960
1.5977
1.5995
1.6017
1.6041
1.6062
1.6113
1.6134
1.6151
1.6166
1.6178
1.6151
1.6108
1.6058
1.6002
1.5942
1.5883
0.8296
0.8296
0.8296
0.8296
0.8296
0.8296
0.8296
0.8296
0.8296
0.8296
0.8296
0.8296
0.0000
0.5249
0.4953
0.4960
0.4975
0.4988
0.5001
0.5012
0.5023
0.5032
0.5042
0.5053
0.5062
0.0000
0.5688
0.5003
0.4994
0.4998
0.5003
0.5008
0.5024
0.5033
0.5042
0.5050
0.5057
0.5064
0.0000
0.6025
0.5126
0.5101
0.5103
0.5106
0.5110
0.5114
0.5117
0.5121
0.5124
0.5127
0.5130
0.0000
0.6139
0.5184
0.5153
0.5152
0.5153
0.5155
0.5156
0.5158
0.5159
0.5160
0.5161
0.5162
0.0000
0.6198
0.5213
0.5179
0.5177
0.5177
0.5177
0.5178
0.5178
0.5178
0.5179
0.5179
0.5179
0.0000
0.6228
0.5228
0.5192
0.5189
0.5188
0.5188
0.5187
0.5186
0.5186
0.5185
0.5184
0.5184
0.0000
0.6234
0.5230
0.5193
0.5190
0.5188
0.5186
0.5185
0.5183
0.5182
0.5181
0.5179
0.5177
0.0000
0.6219
0.5221
0.5184
0.5180
0.5177
0.5175
0.5173
0.5171
0.5169
0.5166
0.5164
0.5162
0.0000
0.6186
0.5203
0.5166
0.5161
0.5158
0.5155
0.5152
0.5150
0.5147
0.5144
0.5141
0.5139
0.0000
0.6139
0.5178
0.5141
0.5135
0.5131
0.5128
0.5125
0.5122
0.5119
0.5115
0.5112
0.5109
0.0000
0.6081
0.5146
0.5109
0.5103
0.5099
0.5095
0.5091
0.5088
0.5085
0.5081
0.5078
0.5075
0.0000
0.6024
0.5180
0.5152
0.5153
0.5157
0.5161
0.5165
0.5170
0.5173
0.5177
0.5180
0.5184
0.0000
0.6230
0.5244
0.5210
0.5211
0.5213
0.5216
0.5219
0.5223
0.5227
0.5231
0.5235
0.5239
0.0000
0.6372
0.5306
0.5272
0.5274
0.5278
0.5282
0.5287
0.5292
0.5297
0.5302
0.5308
0.5313
0.0000
0.6738
0.5410
0.5375
0.5388
0.5403
0.5419
0.5435
0.5451
0.5467
0.5483
0.5499
0.5515
0.0000
0.7616
0.5713
0.5634
0.5639
0.5649
0.5654
0.5661
0.5671
0.5672
0.5706
0.5711
0.5716
0.0000
0.7953
0.5826
0.5753
0.5748
0.5747
0.5754
0.5757
0.5760
0.5763
0.5765
0.5782
0.5793
0.0000
0.7847
0.5907
0.5831
0.5825
0.5822
0.5820
0.5818
0.5856
0.5849
0.5843
0.5836
0.5829
0.0000
0.7916
0.5918
0.5851
0.5852
0.5856
0.5858
0.5816
0.5817
0.5819
0.5821
0.5823
0.5826
0.0000
0.7913
0.5916
0.5849
0.5847
0.5849
0.5823
0.5826
0.5829
0.5832
0.5835
0.5836
0.5837
0.0000
0.7883
0.5923
0.5857
0.5857
0.5860
0.5863
0.5867
0.5870
0.5872
0.5874
0.5876
0.5875
0.0000
0.7840
0.5959
0.5896
0.5892
0.5891
0.5890
0.5889
0.5887
0.5886
0.5884
0.5881
0.5879
0.0000
0.7843
0.5948
0.5823
0.5816
0.5811
0.5807
0.5803
0.5799
0.5795
0.5790
0.5786
0.5781
0.0000
0.7683
0.5842
0.5775
0.5767
0.5761
0.5756
0.5751
0.5746
0.5741
0.5736
0.5732
0.5727
0.0000
0.7598
0.5787
0.5721
0.5713
0.5707
0.5702
0.5697
0.5692
0.5687
0.5682
0.5677
0.5672
0.0000
0.7482
0.5730
0.5664
0.5655
0.5649
0.5644
0.5638
0.5633
0.5627
0.5622
0.5616
0.5611
0.0000
0.7357
0.5666
0.5602
0.5593
0.5587
0.5581
0.5575
0.5569
0.5563
0.5558
0.5552
0.5546
0.0000
0.7228
0.5600
0.5536
0.5527
0.5521
0.5515
0.5509
0.5503
0.5497
0.5491
0.5485
0.5478
0.0000
0.7084
0.5529
0.5466
0.5456
0.5448
0.5442
0.5438
0.5433
0.5429
0.5425
0.5420
0.5415
0.0000
0.6903
0.5457
0.5406
0.5399
0.5393
0.5388
0.5383
0.5378
0.5373
0.5368
0.5363
0.5358
0.0000
0.6698
0.5397
0.5349
0.5341
0.5336
0.5331
0.5326
0.5321
0.5316
0.5311
0.5305
0.5300
0.0000
0.6480
0.5336
0.5288
0.5280
0.5273
0.5266
0.5260
0.5254
0.5247
0.5241
0.5234
0.5228
0.0000
0.6318
0.5259
0.5214
1.0522
0.7468
0.7105
0.7022
0.6962
0.6913
0.6869
0.6830
0.6794
0.0000
0.8813
0.6823
1.3856
1.2047
1.1845
1.1762
1.1958
1.2128
1.2222
1.2347
1.2441
1.2530
1.2618
1.2704
1.9303
1.6203
1.5945
1.5929
1.9616
2.4030
2.5343
2.5862
2.6430
2.6972
2.7246
2.7480
2.7843
2.8097
2.8196
2.8304
2.8395
2.8491
2.8599
2.8710
2.8798
2.8774
2.8790
2.8758
1.9665
1.7581
1.7988
1.8143
1.8115
1.8060
1.8031
1.8046
1.8055
1.8065
1.8021
1.7812
1.7218
1.7511
1.7665
1.7903
1.8096
1.7781
1.8698
1.6183
1.6031
1.5959
1.5911
1.5876
1.5843
1.5815
1.5791
1.6887
1.7312
1.9016
1.9072
1.8832
1.8343
1.8337
1.7906
1.7563
1.6841
1.6616
1.6451
1.6124
1.5271
1.5218
1.5184
1.5136
1.5933
1.6348
1.6835
1.7159
1.7198
1.8020
1.8061
1.8241
1.8322
1.8312
1.8352
1.8395
1.8439
1.8485
1.8533
1.8582
1.9568
1.6780
1.6609
1.6551
1.6522
1.6507
1.6475
1.6437
1.6398
1.6359
1.6318
1.9231
1.9862
1.9537
1.8810
1.8764
1.8717
1.8735
1.8085
1.8047
1.7711
1.8250
1.8536
1.8239
1.8197
1.7901
1.8661
1.8707
1.9270
1.9277
1.9270
1.9552
1.9553
1.9546
1.9535
1.9245
1.9221
1.8906
1.8430
1.7918
1.6453
1.7735
1.6930
1.6869
1.7731
1.7600
1.6124
1.5711
1.5612
1.5789
1.5614
1.5587
1.5630
1.5560
1.6050
1.4912
1.4632
1.4546
1.4482
1.4425
1.4371
1.4308
1.4255
1.4946
1.5999
1.5987
1.5981
1.5928
1.5163
1.5114
1.6414
1.5890
1.5689
1.5666
1.5697
1.4656
1.4598
1.4558
1.4523
1.4493
1.6082
1.6090
1.6050
1.6050
2.8963
2.1357
2.2001
2.0391
2.0143
1.9932
2.0045
1.9893
1.9759
1.9653
1.9560
1.9427
0.0000
0.0000
0.0000
0.5978
0.5453
0.5511
0.5569
0.5617
0.5658
0.5693
0.5735
0.5819
0.5752
0.5560
0.5486
0.0000
0.8117
0.6215
0.6254
0.6332
0.6371
0.6375
0.6021
0.5858
3.8074
3.8074
3.8074
3.8074
0.0000
3.8074
3.8074
3.8074
3.8074
3.8074
3.8074
3.8074
3.8074
3.8074
3.8074
3.8074
3.8074
0.0000
3.8074
3.8074
3.8074
3.8074
3.8074
3.8074
3.8074
3.8074
3.8074
3.8074
3.8074
3.8074
0.0000
3.8074
3.8074
3.8074
3.8074
3.8074
3.8074
3.8074
3.8074
3.8074
3.8074
3.8074
3.8074
0.0000
3.8074
3.8074
3.8074
3.8074
3.8074
3.8074
3.8074
3.8074
3.8074
3.8074
3.8074
3.8074
0.0000
3.8074
3.8074
3.8074
3.8074
3.8074
3.8074
3.8074
3.8074
3.8074
3.8074
3.8074
3.8074
0.0000
3.8074
3.8074
4.1481
4.1481
4.1481
4.1481
4.1481
4.1481
4.1481
4.1481
4.1481
4.1481
4.1481
4.1481
3.6533
2.7428
1.7106
1.1833
0.8026
0.7366
0.6680
0.6210
0.5901
0.5603
0.5489
0.5390
0.5296
0.5207
0.5123
0.5044
0.4968
0.5013
0.5021
0.5005
0.4983
0.4969
0.4920
0.4912
0.4889
0.4889
0.4889
0.4889
0.4889
0.4889
0.4889
0.4889
0.4889
0.4889
0.4889
0.4889
0.4889
0.4889
0.4889
0.4889
0.4889
0.4889
0.4889
0.4889
0.4889
0.4889
0.4889
0.4889
0.4889
0.4889
0.4934
0.4962
0.4889
0.4889
0.4889
0.4889
0.4889
0.4889
0.4889
0.4889
0.4889
0.4889
0.4889
0.4889
0.4889
0.4889
0.4889
0.4889
0.4889
0.4889
0.4889
0.4889
0.4889
0.4889
0.4889
0.4889
0.4889
0.4889
0.4889
0.4924
0.4940
0.4948
0.4955
0.4962
0.4921
0.4889
0.4889
0.4999
0.5093
0.5129
0.5155
0.5194
0.5228
0.5250
0.5160
0.5035
0.5011
0.4908
0.4928
0.5045
0.5070
0.5077
0.5083
0.5056
0.4997
0.5047
0.5052
0.5210
0.5290
0.5299
0.5322
0.5326
0.5324
0.5305
0.5325
0.5365
0.5390
0.5379
0.5322
0.5261
0.5190
0.5060
0.4988
0.4975
0.4948
0.4952
0.4925
0.4897
0.4916
0.4952
0.4956
0.4945
0.4932
0.4951
0.4939
0.4973
0.5009
0.5037
0.4922
0.4889
0.4889
0.4889
0.4889
0.4889
0.4889
0.4889
0.4889
0.4889
0.4889
0.4889
0.4889
0.4889
0.4889
0.4958
0.4962
0.4955
0.4930
0.4919
0.4923
0.4927
0.4889
0.4889
0.4889
0.4942
0.4974
0.4991
0.4989
0.5000
0.4995
0.5015
0.5048
0.4984
0.5075
0.5110
0.5124
0.5136
0.5146
0.5155
0.5163
0.5139
3.8074
3.8074
3.8074
3.8074
3.8074
3.8074
3.8074
3.8074
3.8074
3.8074
3.8074
3.8074
0.0000
3.8074
3.8074
3.8074
3.8074
3.8074
3.8074
3.8074
3.8074
3.8074
3.8074
3.8074
3.8074
0.0000
3.8074
3.8074
3.8074
3.8074
3.8074
3.8074
3.8074
3.8074
3.8074
3.8074
3.8074
3.8074
0.0000
3.8074
3.8074
3.8074
3.8074
3.8074
3.8074
3.8074
3.8074
3.8074
3.8074
3.8074
3.8074
0.0000
3.8074
3.8074
3.8074
3.8074
3.8074
3.8074
3.8074
3.8074
3.8074
3.8074
3.8074
3.8074
0.0000
3.8074
3.8074
3.8074
3.8074
3.8074
3.8074
3.8074
3.8074
3.8074
3.8074
3.8074
3.8074
0.0000
3.8074
3.8074
3.8074
3.8074
3.8074
3.8074
3.8074
3.8074
3.8074
3.8074
3.8074
3.8074
0.0000
3.8074
3.8074
3.8074
3.8074
3.8074
4.1481
4.1481
4.1481
4.1481
4.1481
4.1481
4.1481
4.1481
4.1481
4.1481
4.1481
4.1481
3.6081
2.2605
1.0110
0.7350
0.5730
0.5371
0.5256
0.5107
0.4989
0.4951
0.4889
0.4889
0.4889
0.4889
0.4889
0.4889
0.4889
0.4889
0.4889
0.4889
0.4889
0.4889
0.4889
0.4889
0.4913
0.4966
0.5017
0.5100
0.5161
0.5207
0.5226
0.5231
0.5231
0.5228
0.5223
0.5145
0.5120
0.5109
0.5049
0.5059
0.5121
0.5129
0.5039
0.4889
0.4889
0.4889
0.4889
0.4953
0.5002
0.5032
0.5056
0.5045
0.4968
0.4889
0.4912
0.4973
0.4989
0.5002
0.4997
0.4992
0.4026
0.3957
0.3957
0.3957
0.3957
0.3957
0.3957
0.3957
0.3957
0.3957
0.3957
0.4003
0.4072
0.4194
0.4222
0.4247
0.4256
0.4264
0.4272
0.4279
0.4285
0.4292
0.4301
0.4277
0.4217
0.4221
0.4269
0.4530
0.4586
0.4635
0.4664
0.4721
0.4743
0.4760
0.4700
0.4531
0.4385
0.4304
0.4306
0.4420
0.4427
0.4417
0.4442
0.4592
0.4608
0.4558
0.4582
0.4777
0.4776
0.4861
0.4932
0.4967
0.4961
0.5020
0.5031
0.5064
0.5082
0.5081
0.5091
0.5056
0.4942
0.4666
0.4517
0.4479
0.4502
0.4465
0.4535
0.4503
0.4610
0.4589
0.4423
0.4421
0.5345
0.5247
0.5161
0.5253
0.5243
0.5246
0.5220
0.5063
0.5062
0.5061
0.5064
0.5069
0.5069
0.5002
0.5000
0.4998
0.4995
0.4992
0.4989
0.4986
0.5082
0.5140
0.5173
0.5248
0.5130
0.5138
0.5109
0.5110
0.5008
0.5179
0.5204
0.5221
0.5239
0.5237
0.5213
0.5219
0.5193
0.5086
0.5174
0.5247
0.5276
0.5114
0.5219
0.5238
0.5251
0.5262
0.5272
0.5266
3.8074
3.8074
3.8074
3.8074
3.8074
3.8074
3.8074
3.8074
3.8074
3.8074
3.8074
3.8074
0.0000
3.8074
3.8074
3.8074
3.8074
3.8074
3.8074
3.8074
3.8074
3.8074
3.8074
3.8074
0.5003
0.0000
0.9236
0.7470
0.7353
0.7319
0.7291
0.7266
0.7243
0.7221
0.7201
0.7183
0.7165
0.7149
0.0000
0.9354
0.7251
0.7136
0.7111
0.7093
0.7077
0.7063
0.7048
0.7034
0.7021
0.7007
0.6993
0.0000
0.9032
0.7089
0.6980
0.6956
0.6938
0.6921
0.6905
0.6889
0.6874
0.6858
0.6842
0.6826
0.0000
0.8793
0.6903
0.6800
0.6773
0.6753
0.6735
0.6717
0.6699
0.6682
0.6664
0.6647
0.6629
0.0000
0.8533
0.6694
0.6593
0.6567
0.6547
0.6528
1.2600
1.1358
1.0231
0.9986
0.9828
0.9694
0.0000
1.2516
1.0113
0.9433
0.9289
0.9189
1.7133
1.5887
1.5641
1.5527
1.5452
1.5447
1.5475
1.5565
1.5644
1.5665
1.5688
1.5710
2.4050
1.9322
1.8788
1.8685
2.4130
2.6959
2.8012
2.8654
2.9464
2.9960
3.0400
3.0657
3.0799
3.0930
3.1052
3.1129
3.1225
3.1329
3.1414
3.1535
3.1606
3.1675
3.1464
3.0749
3.0918
3.0950
3.1722
3.1999
3.2055
3.2111
3.2150
3.2182
3.2200
3.2202
3.2111
3.1556
3.1671
3.1774
3.1331
3.1519
3.1819
3.2115
3.2816
3.0009
2.9395
2.9240
2.9150
2.9084
2.8991
2.8912
2.8841
3.0878
3.2345
3.2705
3.3100
3.3240
3.2357
3.2305
3.2261
3.2177
3.1860
3.1052
3.0458
2.6577
2.6198
2.5927
2.5828
2.5994
2.6774
2.8128
3.0291
3.0577
3.0664
3.0891
3.1235
3.1686
3.2009
3.2086
3.2176
3.2203
3.2222
3.2233
3.2238
3.1892
3.2758
2.8829
2.8144
2.7920
2.7761
2.7625
2.7546
2.7496
2.8463
2.8485
3.0775
3.3291
3.3464
3.3367
3.2601
3.2649
3.2702
3.2229
3.1929
3.1805
3.2486
3.2848
3.2920
3.2207
3.1910
3.2631
3.3783
3.4100
3.4182
3.4400
3.4447
3.4424
3.4393
3.4160
3.3559
3.3388
3.2897
3.2547
3.2326
3.1616
2.7819
2.8896
2.7521
2.6538
2.7269
2.7037
2.5406
2.5057
2.4379
2.2302
2.3610
2.3317
2.3331
2.3000
2.4152
2.1203
2.0915
2.0657
2.0427
2.0212
2.0012
1.9777
1.9587
1.9624
2.1042
2.3575
2.3573
2.0762
2.0629
2.0481
2.1670
1.9598
1.9219
1.9061
1.6849
1.6476
1.6309
1.6173
1.6049
1.6751
1.6684
1.8600
1.9374
1.9596
1.9679
2.1387
2.0053
2.0024
1.9993
1.9963
1.9932
1.9899
1.9866
1.9833
1.9798
1.9763
0.0000
0.0000
0.5195
0.5123
0.5253
0.5403
0.5582
0.5639
0.5675
0.5710
0.5690
0.5795
0.5733
0.5823
0.0000
0.8362
0.6309
0.6253
0.6273
0.6295
0.6314
0.6389
0.6419
0.6000
0.5506
0.5438
0.5443
0.0000
0.6931
0.5510
0.5464
0.5463
0.5463
0.5462
0.5461
0.5460
0.5459
0.5457
0.5455
0.5453
0.0000
0.7036
0.5502
0.5452
0.5447
0.5444
0.5441
0.5438
0.5436
0.5433
0.5430
0.5427
0.5424
0.0000
0.6940
0.5471
0.5421
0.5416
0.5412
0.5409
0.5406
0.5403
0.5400
0.5396
0.5393
0.5390
0.0000
0.6800
0.5434
0.5386
0.5381
0.5377
0.5373
0.5370
0.5366
0.5363
0.5359
0.5356
0.5352
0.0000
0.6657
0.5395
0.5349
0.5343
1.0657
0.7802
0.7401
0.7314
0.7254
0.7204
0.7160
0.7122
0.0000
0.9200
0.7166
0.7042
1.4391
1.2525
1.2306
1.2214
1.2145
1.2276
1.2430
1.2510
1.2566
1.2616
1.2661
1.2702
2.0469
1.6552
1.6210
1.6156
2.1672
2.4862
2.6266
2.6886
2.7667
2.8217
2.8714
2.9131
2.9610
2.9789
2.9896
2.9999
3.0099
3.0196
3.0277
3.0350
3.0419
3.0479
3.0193
2.9717
3.0083
3.0270
3.0430
3.0898
3.0905
3.1005
3.1061
3.1111
3.1150
3.1202
3.1256
3.0811
3.0468
3.0225
3.0413
3.0754
3.1372
3.1600
3.2477
2.9153
2.8929
2.8770
2.8368
2.8280
2.8177
2.7080
2.6952
2.7758
3.0710
3.1380
3.2387
3.1452
3.1540
3.1500
3.1280
3.1137
3.0625
2.8565
2.8431
2.4625
2.4461
2.4315
2.4219
2.4374
2.4340
2.7422
2.9148
2.9442
2.9788
3.0679
3.0832
3.1075
3.1522
3.1625
3.1724
3.1815
3.1907
3.2000
3.2092
3.2100
3.3006
2.9105
2.8908
2.8839
2.8821
2.8828
2.8828
2.8828
2.8844
2.8858
3.0796
3.3332
3.3835
3.3841
3.3093
3.3115
3.3091
3.3113
3.3061
3.2098
3.2056
3.2630
3.2941
3.2537
3.1818
3.1802
3.2107
3.2558
3.2718
3.3678
3.3959
3.3869
3.3786
3.3422
3.3285
3.2885
3.2405
3.1993
3.0317
2.8842
2.5907
2.7004
2.6631
2.5294
2.5236
2.5943
2.4197
2.3920
3.8074
3.8074
3.8074
3.8074
3.8074
3.8074
3.8074
3.8074
3.8074
3.8074
3.8074
3.8074
3.8074
3.8074
3.8074
3.8074
3.8074
3.8074
3.8074
3.8074
3.8074
3.8074
3.8074
3.8074
3.8074
3.8074
3.8074
3.8074
3.8074
3.8074
3.8074
3.8074
3.8074
3.8074
3.8074
3.8074
3.8074
3.8074
3.8074
3.8074
3.8074
3.8074
3.8074
3.8074
3.8074
3.8074
3.8074
3.8074
3.8074
3.8074
3.8074
3.8074
3.8074
3.8074
3.8074
3.8074
3.8074
3.8074
3.8074
3.8074
0.0000
3.8074
3.8074
3.8074
3.8074
3.8074
3.8074
3.8074
3.8074
3.8074
3.8074
3.8074
3.8074
0.0000
3.8074
3.8074
3.8074
3.8074
3.8074
3.8074
3.8074
3.8074
3.8074
3.8074
3.8074
3.8074
0.0000
3.8074
3.8074
3.8074
3.8074
3.8074
3.8074
3.8074
3.8074
3.8074
3.8074
3.8074
3.8074
0.0000
3.8074
3.8074
3.8074
3.8074
3.8074
3.8074
3.8074
3.8074
3.8074
3.8074
3.8074
3.8074
0.0000
3.8074
3.8074
3.8074
3.8074
3.8074
3.8074
3.8074
3.8074
3.8074
3.8074
3.8074
3.8074
0.0000
3.8074
3.8074
3.8074
3.8074
3.8074
3.8074
3.8074
3.8074
3.8074
3.8074
3.8074
3.8074
0.0000
3.8074
3.8074
3.8074
3.8074
3.8074
4.1481
4.1481
4.1481
4.1481
4.1481
4.1481
4.1481
4.1481
4.1481
4.1481
4.1481
4.1481
3.8074
3.8074
3.8074
3.8074
3.8074
3.8074
3.8074
3.8074
3.8074
3.8074
3.8074
3.8074
3.8074
3.8074
3.8074
3.8074
3.8074
3.8074
3.8074
3.8074
3.8074
3.8074
3.8074
3.8074
3.8074
3.8074
3.8074
3.8074
3.8074
3.8074
3.8074
3.8074
3.8074
3.8074
3.8074
3.8074
3.8074
3.8074
3.8074
3.8074
3.8074
3.8074
3.8074
3.8074
3.8074
3.8074
3.8074
3.8074
3.8074
3.8074
3.8074
3.8074
3.8074
3.8074
3.8074
3.8074
3.8074
3.8074
3.8074
3.8074
3.8074
3.8074
3.8074
3.8074
3.8074
3.8074
3.8074
3.8074
3.8074
3.8074
3.8074
3.8074
3.8074
3.8074
3.8074
3.8074
3.8074
3.8074
3.8074
3.8074
3.8074
3.8074
3.8074
3.8074
3.8074
3.8074
3.8074
3.8074
3.8074
3.8074
3.8074
3.8074
3.8074
3.8074
3.8074
3.8074
3.8074
3.8074
3.8074
3.8074
3.8074
3.8074
3.8074
3.8074
3.8074
3.8074
3.8074
3.8074
3.8074
3.8074
3.8074
3.8074
3.8074
3.8074
3.8074
3.8074
3.8074
3.8074
3.8074
3.8074
4.1481
4.1481
4.1481
4.1481
4.1481
4.1481
4.1481
4.1481
4.1481
4.1481
4.1481
4.1481
0.0000
3.8074
3.8074
3.8074
3.8074
3.8074
3.8074
3.8074
3.8074
3.8074
3.8074
3.8074
3.8074
0.0000
3.8074
3.8074
3.8074
3.8074
3.8074
3.8074
3.8074
3.8074
3.8074
3.8074
3.8074
3.8074
0.0000
3.8074
3.8074
3.8074
3.8074
3.8074
3.8074
3.8074
3.8074
3.8074
3.8074
3.8074
3.8074
0.0000
3.8074
3.8074
3.8074
3.8074
3.8074
3.8074
3.8074
3.8074
3.8074
3.8074
3.8074
3.8074
0.0000
3.8074
3.8074
3.8074
3.8074
3.8074
3.8074
3.8074
3.8074
3.8074
3.8074
3.8074
3.8074
0.0000
3.8074
3.8074
3.8074
3.8074
3.8074
3.8074
3.8074
3.8074
3.8074
3.8074
3.8074
3.8074
0.0000
3.8074
3.8074
3.8074
3.8074
3.8074
3.8074
3.8074
3.8074
3.8074
3.8074
3.8074
3.8074
0.0000
3.8074
3.8074
3.8074
3.8074
3.8074
3.8074
3.8074
3.8074
3.8074
3.8074
3.8074
3.8074
0.0000
3.8074
3.8074
3.8074
3.8074
3.8074
3.8074
3.8074
3.8074
3.8074
3.8074
3.8074
3.8074
0.0000
3.8074
3.8074
3.8074
3.8074
3.8074
3.8074
3.8074
3.8074
3.8074
3.8074
3.8074
3.8074
0.0000
3.8074
3.8074
3.8074
3.8074
3.8074
3.8074
3.8074
3.8074
3.8074
3.8074
3.8074
3.8074
0.0000
3.8074
3.8074
3.8074
3.8074
3.8074
3.8074
3.8074
3.8074
3.8074
3.8074
3.8074
3.8074
0.0000
3.8074
3.8074
3.8074
3.8074
3.8074
3.8074
3.8074
3.8074
3.8074
3.8074
3.8074
3.8074
0.0000
3.8074
3.8074
3.8074
3.8074
3.8074
3.8074
3.8074
3.8074
3.8074
3.8074
3.8074
3.8074
0.0000
3.8074
3.8074
3.8074
3.8074
3.8074
3.8074
3.8074
3.8074
3.8074
3.8074
3.8074
3.8074
0.0000
3.8074
3.8074
3.8074
3.8074
3.8074
3.8074
3.8074
3.8074
3.8074
3.8074
3.8074
3.8074
0.0000
3.8074
3.8074
3.8074
3.8074
3.8074
3.8074
3.8074
3.8074
3.8074
3.8074
3.8074
3.8074
0.0000
3.8074
3.8074
3.8074
3.8074
3.8074
3.8074
3.8074
3.8074
3.8074
3.8074
3.8074
3.8074
0.0000
3.8074
3.8074
3.8074
3.8074
3.8074
3.8074
3.8074
3.8074
3.8074
3.8074
3.8074
3.8074
0.0000
3.8074
3.8074
3.8074
3.8074
3.8074
3.8074
3.8074
3.8074
3.8074
3.8074
3.8074
3.8074
0.0000
3.8074
3.8074
3.8074
3.8074
3.8074
3.8074
3.8074
3.8074
3.8074
3.8074
3.8074
3.8074
0.0000
3.8074
3.8074
3.8074
3.8074
3.8074
3.8074
3.8074
3.8074
3.8074
3.8074
3.8074
3.8074
0.0000
3.8074
3.8074
3.8074
3.8074
3.8074
3.8074
3.8074
3.8074
3.8074
3.8074
3.8074
3.8074
0.0000
3.8074
3.8074
3.8074
3.8074
3.8074
3.8074
3.8074
3.8074
3.8074
3.8074
3.8074
3.8074
0.0000
3.8074
3.8074
3.8074
3.8074
3.8074
3.8074
3.8074
3.8074
3.8074
3.8074
3.8074
3.8074
0.0000
3.8074
3.8074
3.8074
3.8074
3.8074
3.8074
3.8074
3.8074
3.8074
3.8074
3.8074
3.8074
0.0000
3.8074
3.8074
3.8074
3.8074
3.8074
3.8074
3.8074
3.8074
3.8074
3.8074
3.8074
3.8074
0.0000
3.8074
3.8074
3.8074
3.8074
3.8074
3.8074
3.8074
3.8074
3.8074
3.8074
3.8074
3.8074
0.0000
3.8074
3.8074
3.8074
3.8074
3.8074
3.8074
3.8074
3.8074
3.8074
3.8074
3.8074
3.8074
0.0000
3.8074
3.8074
3.8074
3.8074
3.8074
3.8074
3.8074
3.8074
3.8074
3.8074
3.8074
3.8074
0.0000
3.8074
3.8074
3.8074
3.8074
3.8074
3.8074
3.8074
3.8074
3.8074
3.8074
3.8074
3.8074
0.0000
3.8074
3.8074
3.8074
3.8074
3.8074
3.8074
3.8074
3.8074
3.8074
3.8074
3.8074
3.8074
0.0000
3.8074
3.8074
3.8074
0.4889
0.4889
0.4889
0.4889
0.4889
0.5082
0.5200
0.5332
0.5356
0.0000
0.6618
0.5456
1.2885
1.0646
1.0630
1.0579
1.0500
1.0447
1.0400
1.0371
1.0359
1.0361
1.0374
1.0396
1.5064
1.3216
1.2447
1.2119
1.6954
1.9186
2.0414
2.2032
2.2948
2.3226
2.3630
2.3889
2.4360
2.4950
2.5130
2.5323
2.5464
2.5624
2.5857
2.6097
2.6324
2.6521
2.6229
2.6156
2.6665
2.6929
2.7839
2.7876
2.8047
2.8217
2.8375
2.8226
2.8502
2.8612
2.8677
2.7987
2.7629
2.7493
2.7421
2.8041
2.8526
2.8817
2.8447
2.5550
2.5354
2.5353
2.5393
2.5448
2.5481
2.5466
2.5502
2.8991
2.9348
2.9636
3.0284
3.0306
2.9477
2.9557
2.9250
2.9095
2.8315
2.7541
2.6168
2.2430
2.2359
2.2289
2.2231
2.2211
2.3327
2.3296
2.6312
2.6880
2.7837
2.8933
2.9281
2.9818
3.0057
3.0218
3.0351
3.0476
3.0597
3.0714
3.0827
3.0889
3.1262
2.7553
2.7450
2.7340
2.7288
2.7249
2.7240
2.7244
2.7254
2.7315
2.8930
3.1730
3.2206
3.2358
3.1559
3.1618
3.1722
3.1521
3.0855
3.1347
3.1798
3.1965
3.1925
3.1250
3.1205
3.1346
3.2309
3.2356
3.2808
3.2862
3.3136
3.3063
3.2954
3.2690
3.2374
3.1741
3.1476
3.1200
3.0840
2.8449
2.4576
2.5036
2.3724
2.4001
2.2055
2.3950
2.2262
2.0951
2.0506
1.9268
1.9997
2.1082
2.0852
2.0658
2.0557
1.8511
1.8381
1.8208
1.8049
1.7890
1.7748
1.7580
1.7435
1.8825
2.0694
2.1599
2.1808
1.8998
1.8915
1.8812
1.9958
1.9199
1.7163
1.6740
1.6605
1.4742
1.4674
1.4565
1.4473
1.5185
1.5136
1.7844
1.7910
1.8877
1.8956
1.9354
1.9367
1.9378
1.8059
1.8030
1.7987
1.7947
1.7914
1.7880
1.7847
1.7861
0.0000
0.0000
0.0000
0.5681
0.5220
0.5254
0.5301
0.5340
0.5427
0.5506
0.5552
0.5503
0.5539
0.5341
0.5612
0.0000
0.8545
0.6228
0.6157
0.6182
0.6233
0.6161
0.5872
