891.0525
891.3950
889.5625
888.0449
886.5617
885.1143
876.1262
873.1112
871.9115
870.7996
869.7272
868.6909
867.6896
866.7226
865.7914
864.8955
864.0344
863.2071
862.4130
853.8470
851.5285
850.9754
850.5007
850.0561
849.6377
849.2435
848.8719
848.5219
848.1933
847.8853
847.5973
847.3286
839.0442
837.3322
837.2719
837.2725
837.2902
837.3213
837.3643
837.4184
837.4830
837.5580
837.6428
837.7370
837.8406
829.7332
828.4645
828.7539
829.0920
829.4384
829.7898
830.1451
830.5036
830.8650
831.2292
831.5961
831.9653
832.3368
824.3323
823.3996
823.9424
824.5251
818.7490
816.8722
815.3191
813.8597
812.4700
811.1403
809.8640
808.6363
807.4532
799.9183
796.6491
795.6853
794.6903
794.0402
793.5257
793.1050
792.7603
792.4788
792.2349
792.0261
791.8457
791.6824
791.5258
791.3782
791.3067
790.0915
788.5223
786.6561
785.7205
784.8512
787.1431
789.5514
794.5524
805.9951
823.1302
839.3024
868.5908
896.3887
925.2386
952.9443
977.7592
1000.1192
1020.3901
1038.8802
1055.8405
1071.3462
1080.2335
1086.6813
1089.5565
1091.7231
1100.3860
1112.3674
1123.0853
1133.2838
1142.9857
1139.4761
1150.3685
1160.5173
1170.0257
1176.6564
1176.9130
1175.1660
1175.3223
1177.2473
1181.1297
1186.9124
1189.9269
1181.6327
1176.9505
1175.3975
1174.3019
1175.1711
1177.4865
1180.8527
1183.0668
1186.4434
1196.3203
1205.5973
1214.1085
1221.8201
1226.3120
1230.9484
1231.9489
1229.5056
1225.6063
1210.7817
1195.4669
1175.8940
1157.7484
1140.9900
1125.4558
1113.3924
1102.9935
1096.2451
1093.5148
1094.3364
1097.0069
1112.9882
1128.9071
1143.0441
1155.8179
1169.5417
1182.1557
1193.8217
1204.6661
1214.7951
1224.2977
1233.1125
1235.7150
1228.4179
1222.8401
1220.4965
1220.4568
1223.9650
1228.3700
1233.3652
1238.7290
1244.3008
1249.9628
1259.3743
1262.9438
1257.1453
1254.2060
1265.5878
1277.8432
1288.8954
1296.6669
1297.7570
1297.6862
1303.6944
1309.4742
1309.2713
1313.6846
1319.9484
1329.5524
1338.3143
1348.4444
1357.9420
1368.8967
1378.7998
1388.2085
1393.7084
1399.1917
1404.3082
1405.0648
1386.9770
1366.9248
1346.4687
1326.4881
1308.5630
1294.2617
1277.4557
1263.6562
1249.3531
1235.8789
1222.4940
1209.6481
1197.1424
1186.7109
1177.2752
1167.1477
1157.3482
1147.2985
1138.5754
1130.4194
1122.6491
1115.2020
1108.0351
1101.1098
1094.4008
1087.8843
1081.6609
1075.6029
1068.9969
1063.2013
1056.4366
1049.8550
1043.4779
1037.3882
1031.5968
1025.8980
1020.1697
1014.5284
1008.9599
1003.0973
997.2792
991.5302
985.7785
980.7294
975.7584
970.9681
966.0394
961.9797
958.9495
955.9192
952.9582
950.0856
946.7336
943.5160
940.4783
937.6037
934.8764
932.2821
929.7861
922.1811
912.5442
903.0834
899.8501
896.9355
894.2962
891.9215
889.8005
887.9221
886.2749
884.8279
883.5516
884.4953
885.4757
888.5999
883.8719
885.8676
888.9079
891.9191
894.8747
897.7755
900.6046
903.2430
903.6415
901.8800
900.4358
899.0247
897.6484
888.4477
885.7293
884.6069
883.5630
882.5579
881.5886
880.6538
879.7529
878.8866
878.0546
877.2561
876.4905
875.7571
866.9796
864.9058
864.4188
864.0009
863.6120
863.2482
862.9076
862.5884
862.2896
862.0105
861.7503
861.5084
861.2841
852.7803
851.2521
851.2385
851.2777
851.3319
851.3975
851.4738
851.5598
851.6549
851.7585
851.8703
851.9899
852.1170
843.7879
842.6445
842.9589
843.3150
843.6774
844.0409
844.4040
844.7662
845.1273
845.4870
845.8452
846.2018
846.5569
838.3240
837.4334
837.9542
838.5075
834.2173
832.8905
831.6713
830.4180
829.1358
827.8336
826.5200
825.2018
823.8849
816.0813
813.1064
811.8949
811.8980
812.0335
812.0517
811.9685
811.8121
811.6051
811.3646
811.1038
810.8317
810.5548
810.2777
810.0030
809.2129
807.5227
805.5404
803.3283
801.0289
807.4505
814.0020
822.0514
833.6964
846.6363
859.0473
871.1444
898.7448
923.1532
947.2080
968.9760
988.7447
1006.7672
1023.2938
1038.5311
1052.6497
1063.8393
1072.6211
1081.0948
1085.4788
1089.7105
1100.6499
1112.6469
1123.8188
1134.3544
1142.5243
1139.5913
1149.1863
1160.0896
1170.2162
1173.8892
1173.1486
1168.0950
1165.7080
1169.2988
1174.6240
1179.7887
1182.2833
1170.6090
1163.3441
1159.8098
1159.0519
1160.3311
1163.1077
1166.9516
1169.6161
1173.2171
1177.1281
1185.9767
1194.0238
1202.3179
1209.6689
1216.7086
1221.6046
1222.3556
1217.3132
1204.5294
1190.9673
1175.3818
1159.7987
1145.2637
1131.6835
1118.9455
1111.3565
1104.8079
1099.4964
1094.6354
1096.8522
1106.2256
1118.1772
1132.7046
1147.5008
1160.8920
1173.1616
1184.4687
1194.9467
1204.7062
1213.8400
1222.3472
1217.8990
1208.2031
1200.1624
1193.5516
1188.2363
1184.0651
1180.8798
1181.4386
1182.9411
1185.2313
1189.5643
1193.4773
1201.8268
1202.7213
1205.1479
1220.2263
1236.2249
1243.1341
1252.3881
1263.0906
1273.2162
1284.1573
1294.3852
1301.9395
1305.3912
1307.4229
1318.2357
1326.0396
1335.6537
1346.2276
1358.2798
1369.5931
1380.1832
1388.2015
1395.6891
1402.5137
1413.5682
1403.6661
1390.7574
1375.1069
1356.4255
1338.0844
1324.7537
1307.9658
1294.6340
1281.9756
1268.7252
1256.0140
1243.8703
1231.9824
1221.0734
1210.9820
1198.3837
1188.2857
1179.7412
1170.6649
1162.1304
1153.9670
1146.1104
1138.5159
1131.1503
1123.9899
1117.0122
1110.5063
1103.3846
1096.2071
1089.1028
1082.2073
1075.4222
1068.8072
1060.9236
1053.3031
1045.7644
1039.5176
1033.4573
1026.9153
1020.4927
1014.1891
1007.9932
1001.8840
995.9985
988.9468
982.5719
978.2754
972.7447
967.4022
962.2331
957.2255
952.4083
947.7893
943.4813
939.3862
935.4588
931.6732
928.0275
924.5169
917.0583
907.5623
898.2371
895.1969
892.5116
890.0916
887.9035
885.9535
884.2338
882.4759
880.7498
881.3406
884.0619
886.6302
889.0225
884.3108
885.1537
887.5439
889.9482
892.3183
894.6518
894.5953
892.5459
890.5569
888.5151
886.7807
885.0826
883.4227
874.5139
870.9773
869.5580
868.2470
866.9783
865.7482
864.5551
863.3980
862.2753
861.1863
860.1303
859.1066
858.1143
849.6770
846.8491
846.0763
845.3974
844.7470
844.1208
843.5170
842.9339
842.3708
841.8269
841.3015
840.7940
840.3039
832.1916
829.9230
829.6188
829.3923
829.1813
828.9821
828.7931
828.6134
828.4423
828.2797
828.1251
827.9782
827.8389
819.9505
818.0860
818.1083
818.1969
818.2924
818.3917
818.4934
818.5971
818.7025
818.8093
818.9174
819.0266
819.1371
811.4050
809.8384
810.0951
810.4105
805.0947
802.9352
801.0451
799.2484
797.5240
795.8618
794.2549
792.6985
791.1885
783.9815
780.6795
779.3597
778.5581
778.0738
777.7151
777.4435
777.2423
777.0984
776.9796
776.9076
776.8761
776.8774
776.9051
776.9532
777.4097
776.2477
774.7567
773.0264
774.3720
775.9229
779.1601
783.9695
796.6653
808.3799
819.5888
836.4354
861.9851
887.0321
911.5760
937.5144
960.7906
981.7770
1000.7838
1018.0406
1033.7605
1048.0913
1050.3416
1051.2280
1058.0747
1065.5096
1076.7518
1087.3101
1097.0962
1106.3039
1113.2527
1109.2510
1119.6999
1129.4518
1138.5966
1143.2383
1147.0993
1148.4119
1150.8279
1153.3475
1157.7657
1162.2524
1156.7071
1147.2812
1141.8613
1139.9682
1142.5492
1146.7503
1152.0659
1156.2198
1161.1110
1168.4158
1178.7892
1188.5869
1196.9538
1206.6718
1212.8171
1218.8069
1224.6407
1227.9730
1225.3084
1210.0091
1190.4371
1168.0893
1147.6970
1129.1330
1112.1535
1096.9140
1082.8552
1070.6767
1062.4188
1054.8033
1055.8973
1068.3209
1084.8762
1099.4166
1112.2790
1125.8918
1138.2214
1149.4594
1159.7642
1169.2657
1178.0699
1186.2203
1186.1834
1180.6613
1178.5365
1179.2137
1181.8922
1185.9641
1190.9777
1196.6002
1202.5900
1208.7720
1217.0988
1225.8137
1244.4258
1248.6966
1253.0484
1267.9084
1280.0105
1288.0546
1291.0550
1293.7030
1296.1991
1302.3848
1305.9785
1307.4484
1305.3645
1306.1524
1311.3154
1318.1195
1325.9772
1337.1272
1349.1905
1360.2670
1370.5405
1374.1463
1377.6156
1378.7937
1379.8511
1364.6644
1345.2892
1326.1805
1307.7688
1289.3606
1272.4669
1257.0286
1244.6630
1232.9774
1220.7036
1208.9672
1197.7855
1186.6730
1175.9505
1165.4240
1155.6550
1144.4022
1135.1102
1126.2479
1117.9534
1110.0869
1102.5797
1095.3797
1088.4447
1081.7545
1075.2728
1069.2914
1062.8017
1058.5958
1054.1482
1047.8354
1041.6738
1035.6847
1029.8156
1023.0044
1015.9002
1009.0032
1003.0103
996.5924
990.3130
984.1725
978.1530
972.2420
966.4081
960.1289
954.3131
948.6066
943.0192
938.6888
934.4456
930.3578
926.4049
922.5707
918.8407
915.2023
911.6451
908.1603
904.7406
901.3804
896.5214
887.4074
878.4574
875.8893
873.6837
871.7232
869.8344
867.9745
866.2988
864.7648
863.3851
862.1659
860.8589
861.9286
865.0187
860.7784
862.3436
865.3890
868.4186
871.3960
874.5389
874.9504
875.8325
873.9024
872.0365
870.4680
868.9323
867.4308
858.8232
855.2804
854.0077
852.8449
851.7185
850.6253
849.5643
848.5347
847.5358
846.5671
845.6278
844.7174
843.8351
835.6625
832.7908
832.1203
831.5449
830.9940
830.4639
829.9534
829.4609
828.9858
828.5276
828.0855
827.6591
827.2479
819.3715
817.0561
816.8226
816.6711
816.5319
816.4021
816.2808
816.1671
816.0608
815.9615
815.8690
815.7830
815.7033
808.0286
806.1168
806.1943
806.3417
806.4938
806.6478
806.8028
806.9585
807.1147
807.2714
807.4285
807.5860
807.7441
800.2050
798.6030
798.9047
799.2679
794.1057
791.8631
789.8966
788.0258
786.2320
784.5052
782.8382
781.2261
779.6650
772.6601
769.3331
768.1365
767.3730
766.8567
766.4689
766.1715
765.9473
765.7832
765.6684
765.5912
765.5300
765.4765
765.4245
765.3743
766.8069
765.9557
764.6794
763.1019
762.5627
761.9696
764.3786
768.6820
776.9316
786.8016
804.3709
826.5584
854.4794
881.3024
905.2527
926.7835
946.2734
964.0376
980.3788
995.5281
1009.6654
1021.0958
1030.2915
1039.3090
1044.2633
1051.6529
1062.8643
1073.6962
1085.8782
1097.2904
1106.2245
1103.9559
1112.3377
1124.2594
1133.3267
1134.3088
1133.0850
1137.7518
1143.5093
1150.1369
1159.9330
1168.8739
1172.5437
1163.6435
1159.0014
1157.8938
1157.3835
1159.0152
1162.1773
1164.4453
1167.7630
1173.8613
1181.8947
1188.9805
1196.6746
1203.9342
1210.3477
1216.6791
1220.8972
1220.9784
1219.1127
1205.3442
1188.9566
1173.1734
1157.8314
1143.3254
1129.5798
1113.5595
1100.3303
1092.0212
1084.4840
1081.2443
1080.1535
1088.7407
1100.1242
1114.1684
1126.7387
1138.3002
1151.0007
1162.6216
1173.3213
1183.2282
1192.4528
1199.0044
1201.0054
1196.1706
1194.3666
1194.9876
1197.3526
1200.9449
1205.3789
1210.3695
1215.7084
1221.2444
1226.5471
1235.8188
1243.0954
1238.6019
1237.4369
1249.0819
1259.5543
1269.0300
1267.6500
1266.9098
1273.0772
1282.8460
1289.6570
1295.8398
1299.4402
1305.1123
1310.2412
1313.3068
1318.6482
1329.9066
1340.2406
1351.9428
1362.8288
1369.0374
1372.9481
1376.5504
1379.7490
1360.6212
1344.4365
1326.8935
1307.4525
1290.2776
1274.5388
1257.7883
1245.4567
1231.2067
1218.5589
1204.4494
1190.4827
1179.0242
1166.6000
1154.8684
1143.8279
1134.8401
1125.6722
1117.2075
1109.2609
1101.7204
1094.5177
1087.6013
1080.9318
1074.4873
1068.2338
1062.1461
1056.4878
1051.1858
1045.6428
1041.0645
1035.3995
1029.7965
1022.2324
1016.3838
1010.7359
1004.9391
999.1855
992.9131
986.7216
980.6428
974.6714
967.9309
961.2983
954.8464
949.0330
943.3878
940.0077
936.5212
933.1675
929.7588
926.3456
921.9902
917.8006
913.7794
909.9078
906.1680
902.5441
898.9449
891.9275
882.8655
873.9677
871.5479
869.4438
867.5821
865.5991
863.6259
861.9655
860.4522
859.0749
859.8060
862.5164
865.0815
867.6833
863.3532
864.8211
867.5464
870.3846
873.2819
876.2144
876.8775
877.5936
875.4296
873.3403
871.5665
869.8370
868.1528
859.5136
855.7433
854.3155
853.0061
851.7399
850.5142
849.3273
848.1782
847.0668
845.9922
844.9535
843.9499
842.9805
834.8135
831.8444
831.1015
830.4587
829.8454
829.2580
828.6948
828.1539
827.6344
827.1356
826.6567
826.1972
825.7565
817.9064
815.5667
815.3102
815.1395
814.9842
814.8412
814.7092
814.5877
814.4759
814.3736
814.2804
814.1959
814.1198
806.4832
804.5879
804.6721
804.8286
804.9919
805.1587
805.3280
805.4994
805.6726
805.8474
806.0239
806.2018
806.3812
798.8858
797.3191
797.6414
798.0266
792.9544
790.7368
788.7924
787.1226
785.5259
783.9926
782.5156
781.0895
779.7097
772.7233
769.4041
768.2029
767.4435
767.0907
766.9170
766.7892
766.6732
766.5454
766.4414
766.3558
766.2833
766.2220
766.1707
766.1283
767.9825
767.0503
765.6321
763.8927
761.8843
759.6451
757.2069
754.5967
751.8371
748.9485
745.9486
742.8530
739.6691
736.4111
733.0874
729.7110
726.2865
722.8254
719.3372
715.8302
712.3113
708.7872
705.2631
701.7436
698.2321
694.7323
691.2477
687.7816
684.3365
680.9153
677.5218
674.1595
670.8333
667.5428
664.2891
661.0728
657.8958
654.7587
651.6998
648.7307
645.8081
642.9147
640.0642
637.2656
634.5227
631.8356
629.2034
626.6249
624.1017
621.4390
618.8179
616.2378
613.6986
611.1996
608.7394
606.3166
603.9364
601.5948
599.2889
597.0174
594.7883
592.7029
590.6980
588.7366
586.8146
584.9008
582.9988
581.1300
579.3008
577.5119
575.7625
574.0519
572.3787
570.7935
569.2107
567.6405
566.1005
564.5935
563.1183
561.6742
560.2608
558.8773
557.5191
556.1592
554.8068
553.7047
552.6212
551.5582
550.5155
549.4926
548.4900
547.5070
546.5433
545.5924
544.6384
543.6894
542.7574
541.9518
541.1617
540.3884
539.6310
538.8895
538.1624
537.4498
536.7515
536.0674
535.3871
534.7028
534.0232
533.3011
532.5936
531.9004
531.2213
530.5561
529.9056
529.2696
528.6475
528.0393
527.4444
526.8435
526.1580
525.4838
524.8212
524.1701
523.5304
522.9019
522.2846
521.6783
521.0828
520.4978
519.9233
519.3590
517.1831
520.2011
523.9489
527.6449
531.2518
534.7910
538.2558
541.6491
544.9736
548.2316
551.4213
554.5409
557.5965
554.7090
556.6229
559.8571
563.0695
566.2275
569.3323
572.3856
575.3763
578.3097
581.1880
584.0127
586.7863
589.5103
586.0261
587.0816
589.7383
592.4049
595.0303
597.6125
600.1519
602.6489
605.1044
607.5193
609.8940
612.2294
614.5265
610.5801
611.1251
613.3913
615.6810
617.9385
620.1616
622.3503
624.5047
626.6257
628.7144
630.7715
632.7979
634.7941
630.4731
630.6779
632.6711
634.6973
636.6982
638.6712
640.6162
642.5332
644.4227
646.2850
648.1209
649.9308
651.7152
647.0818
647.0586
648.8584
650.6967
652.5136
654.3068
656.0758
657.8213
659.5436
661.2432
662.9206
664.5762
666.2105
661.3094
661.1405
662.8063
664.5144
666.2045
667.8740
669.5220
671.1485
672.7537
674.3381
675.9020
677.4459
678.9703
673.8335
673.5703
675.1359
676.7449
678.3375
679.9107
681.4642
682.9978
684.5119
686.0067
687.4826
688.9401
690.3795
685.0292
684.7093
686.2001
687.7334
689.2514
690.7515
692.2331
693.6962
695.1409
696.5676
697.9767
699.3685
700.7433
695.1970
694.8488
696.2917
697.7738
699.2393
700.6868
702.1165
703.5289
704.9242
706.3031
707.6659
709.0129
710.3447
704.6178
704.2643
705.6755
707.1261
708.5623
709.9826
711.3872
712.7763
714.1503
715.5095
716.8543
718.1850
719.5033
713.6043
713.2570
714.3768
715.6368
716.8745
718.0874
719.2750
720.4378
721.5765
722.6926
723.7872
724.8612
725.9155
719.9002
719.0836
720.0808
721.2517
722.4031
723.5339
724.6443
725.7348
726.8054
727.8565
728.8884
729.9012
730.8952
724.7981
723.8544
724.7682
725.8826
726.9758
728.0469
729.0965
730.1253
731.1338
732.1225
733.0920
733.8877
734.6657
728.5101
727.4148
728.2295
729.0990
729.9438
730.7620
731.5533
732.3183
733.0578
733.7725
734.4630
735.1299
735.7743
729.6096
728.2396
728.8906
729.6214
730.3412
731.0455
731.7369
732.4133
733.0734
733.7222
734.2700
734.8048
735.3266
729.1710
727.6542
728.2345
728.8874
729.5258
730.1476
730.7507
731.3382
731.9113
732.4701
733.0149
733.5357
734.0379
727.8994
726.3996
726.9542
727.5823
728.2024
728.8107
729.4066
729.9896
730.4307
730.8638
731.2883
731.7050
732.1137
726.0104
724.3020
724.7743
725.3157
725.8338
726.3275
726.8037
727.3971
727.9721
728.5293
729.0688
729.5909
730.0958
724.0249
722.4576
723.0188
723.6424
724.2505
724.8403
725.4976
726.1344
726.7512
727.3483
727.9266
728.4868
729.0302
722.9734
721.5235
722.1268
722.7881
723.4315
724.0544
724.6566
725.2384
725.8004
726.3430
726.8671
727.3730
728.0332
721.9944
720.5382
721.0810
721.6741
722.4118
723.1215
723.8056
724.4659
725.1034
725.7192
726.3143
726.8896
727.4459
721.4122
719.8920
720.5423
721.3941
722.2214
723.0252
723.8075
724.5714
725.3173
726.0458
726.7573
727.4525
728.1319
722.0752
720.7837
721.5577
722.3637
723.1510
723.9218
724.6760
725.4139
726.1358
726.8423
727.5338
728.2109
728.8751
722.7910
721.4829
722.2596
723.0733
723.8708
724.6523
725.4190
726.1717
726.9112
727.6379
728.3522
729.0545
729.7455
723.6426
722.3451
723.1478
723.9895
724.8146
725.6233
726.4170
727.1966
727.9628
728.7160
729.4568
730.1853
730.9021
724.7770
723.5002
724.3269
725.1940
726.0443
726.8819
727.7067
728.5186
729.3180
730.1052
730.8804
731.6440
732.3965
726.2414
725.0005
725.8509
726.7497
727.6381
728.5137
729.3766
730.2266
731.0641
731.8895
732.7031
733.5052
734.2962
728.1030
726.9062
727.7917
728.7313
729.6601
730.5762
731.4778
732.3626
733.2299
733.9941
734.7485
735.4933
736.2287
729.9963
728.8503
729.6767
730.5667
731.4472
732.3163
733.1735
734.0185
734.8513
735.6721
736.4811
737.2785
738.0645
731.7938
730.6849
731.5621
732.4988
733.4231
734.3333
735.2290
736.1095
736.9754
737.8275
738.6670
739.4944
740.3103
733.9950
732.9447
733.8502
734.8178
735.7751
736.7209
737.6552
738.5782
739.4901
740.3915
741.2826
742.1639
743.0359
736.6675
735.7913
736.7597
737.7861
733.7294
732.1889
730.9104
729.7232
728.6067
727.5490
726.5446
725.5883
724.6764
718.6741
715.9771
715.2197
714.4396
713.8295
713.3418
712.9438
712.6212
712.3487
712.1194
711.9140
711.7318
711.5694
711.4229
711.2892
712.5219
711.8825
710.8855
709.6363
710.3314
716.0244
721.2819
726.3054
733.4146
744.7466
759.8488
776.1641
803.3080
829.6534
855.3614
878.5501
899.6077
918.8590
934.6925
949.5601
963.6005
974.9394
982.2517
989.8939
1005.4454
1023.3510
1047.3268
1070.5585
1092.9751
1114.6027
1133.3559
1142.9452
1165.1538
1188.7050
1211.3844
1228.9402
1245.6741
1257.3047
1266.2919
1277.0321
1291.6851
1305.8433
1310.6730
1312.8115
1315.8063
1319.5715
1323.9370
1328.7649
1333.9458
1337.2546
1340.8549
1346.7835
1354.9140
1364.9057
1376.1371
1388.4688
1403.4928
1418.0578
1427.9091
1435.2326
1439.9554
1431.5350
1419.0356
1398.2927
1378.0564
1358.4834
1339.5404
1323.2924
1309.8412
1296.8667
1288.6219
1280.6716
1281.6630
1293.4021
1304.7872
1320.1244
1339.2613
1357.7863
1375.7106
1393.0552
1409.8405
1426.0866
1441.8128
1454.9008
1463.2960
1462.5747
1462.6552
1463.4723
1464.8820
1466.7662
1469.0348
1471.6141
1474.4438
1477.4752
1480.6684
1488.0672
1496.6073
1491.3490
1492.0478
1503.5292
1518.9172
1531.6369
1543.9160
1555.8009
1558.7816
1563.9813
1577.7165
1588.8454
1595.4407
1599.8583
1608.4546
1619.0342
1629.4004
1645.9993
1662.0815
1677.6016
1692.6484
1707.2382
1719.1979
1730.7323
1739.6191
1724.5855
1707.8211
1689.4214
1666.9531
1643.4237
1622.7006
1602.6115
1581.1138
1562.4524
1541.8313
1521.8328
1504.5721
1485.6441
1467.1798
1451.3354
1435.9099
1420.9279
1404.3500
1385.8392
1367.9583
1350.7142
1334.0576
1317.9586
1302.3892
1287.3243
1272.7407
1260.9006
1249.4972
1238.3727
1227.5410
1216.9564
1208.4901
1200.2188
1192.3997
1184.6346
1176.9556
1169.3737
1161.8919
1149.9823
1138.4182
1127.1735
1116.2341
1105.5860
1095.5681
1085.8133
1076.2966
1067.0095
1044.8591
1030.8207
1015.7216
1003.2836
992.1312
982.1008
973.0880
964.9161
957.4523
950.5897
944.2386
938.2739
930.5305
920.7525
911.1494
907.3090
903.5753
899.9445
896.5151
893.2976
890.2945
887.5048
884.9175
882.4335
879.9761
879.8420
881.8683
877.2727
875.0985
875.0668
877.7944
880.7557
883.7207
886.6390
889.3231
886.5705
889.4510
889.7577
888.0066
884.6236
875.7346
871.7855
866.7788
860.9522
854.5011
847.5852
840.3345
832.8536
825.2263
817.5197
809.7869
802.0695
794.4001
787.1996
780.1884
773.2177
766.2983
759.4427
752.6624
745.9677
739.3673
732.8681
726.4753
720.1932
714.0245
707.9712
702.3554
696.8759
691.4726
686.1428
680.8872
675.7079
670.6076
665.5888
660.6538
655.8043
651.0418
646.3672
641.7811
637.3747
633.2357
629.1532
625.1247
621.1506
617.2327
613.3730
609.5735
605.8359
602.1618
598.5523
595.0083
591.5302
588.0413
584.9133
581.8261
578.7779
575.7701
572.8040
569.8812
567.0033
564.1717
561.3876
558.6521
555.9658
553.3292
550.5444
548.1836
545.8513
546.0090
546.1095
546.1567
546.1557
546.1120
546.0312
545.9185
545.7787
545.6158
545.4337
545.2355
545.0240
543.5832
544.9505
547.9440
550.9287
556.7978
567.2437
580.0543
592.9928
608.1767
625.6888
647.5664
671.5651
708.3980
746.9261
789.2626
833.1520
876.4038
918.9267
960.7580
1001.9386
1042.4904
1080.2591
1108.8757
1135.0142
1165.1949
1192.8247
1220.1382
1249.3254
1280.3403
1310.9732
1339.0774
1353.9548
1383.9841
1413.6456
1442.9468
1469.7320
1493.9483
1515.5682
1532.5072
1551.4100
1576.6270
1603.7204
1621.8532
1635.6788
1649.6532
1663.8024
1678.1167
1692.5865
1707.2006
1721.9500
1734.7999
1747.9462
1763.1576
1787.0447
1812.8281
1838.2730
1863.3771
1888.1661
1908.3391
1921.7941
1932.9981
1933.3129
1929.4673
1923.6508
1918.0418
1912.6256
1907.3958
1902.3464
1903.9411
1905.5312
1909.3029
1917.3890
1929.7367
1952.7250
1979.6488
2008.2930
2036.4884
2064.2586
2091.6184
2118.4936
2144.9368
2170.9750
2196.6195
2221.8803
2240.4574
2248.2600
2256.3480
2264.9108
2276.1858
2287.8574
2299.9010
2312.3519
2325.1437
2338.2663
2351.0991
2365.3519
2387.5454
2394.5467
2403.8468
2428.1259
2454.1237
2479.6562
2504.7232
2525.0822
2536.6927
2554.5793
2572.2078
2589.5305
2612.9726
2640.1734
2660.5853
2678.6687
2700.7665
2726.7270
2752.2694
2777.4918
2802.4158
2827.0018
2849.0162
2862.3810
2875.5098
2871.9736
2864.5734
2857.4780
2846.2842
2835.4259
2822.6617
2808.0815
2796.1207
2786.7438
2777.6508
2768.7894
2760.1278
2747.4254
2737.1751
2729.3451
2721.7281
2714.3450
2707.0755
2695.6830
2684.6723
2674.0414
2663.7735
2653.8540
2644.2703
2635.0088
2626.0573
2617.4059
2609.0310
2600.9169
2593.0497
2589.6978
2586.4128
2583.3432
2580.3579
2577.4141
2574.4668
2571.5331
2566.4973
2559.4324
2552.4685
2545.6692
2539.0245
2532.5729
2526.3077
2520.2112
2514.2611
2508.4802
2502.8501
2499.4852
2496.1831
2495.0360
2494.0631
2493.1622
2492.3044
2491.4868
2490.7075
2489.9649
2489.2577
2488.5524
2443.4064
2397.0901
2352.1169
2308.5851
2266.4270
2225.5868
2187.8934
2149.0954
2111.5391
2075.1656
2041.7884
2011.0230
1985.7742
1957.4876
1929.2184
1901.0856
1873.1864
1845.6014
1818.3949
1791.6163
1765.3021
1739.4780
1714.0078
1685.0065
1657.0144
1634.0253
1608.6227
1583.7209
1559.2783
1535.2773
1511.7115
1488.5792
1465.8806
1443.6166
1421.7871
1400.3915
1379.4278
1358.8934
1341.3917
1322.7083
1304.3204
1286.2128
1268.3834
1250.8357
1233.5751
1216.6071
1199.9367
1183.5676
1167.5017
1151.7407
1136.2850
1122.8458
1108.7877
1094.9361
1081.2817
1067.8246
1054.5689
1041.5201
1028.6834
1016.0638
1003.6654
991.4909
979.5424
967.8207
957.4485
946.7972
936.2976
925.9430
915.7342
905.6747
895.7691
886.0218
876.4369
867.0174
857.7661
848.6846
839.7738
831.7334
823.6474
815.6741
807.8088
800.0523
792.4075
784.8781
777.4720
770.1916
763.0393
756.0164
749.1242
742.3631
736.1242
730.0045
723.9699
718.0171
712.1437
706.3527
707.3557
708.1842
708.8430
709.3430
709.6979
709.9228
710.0327
710.0419
709.9638
709.8102
709.5918
709.3181
705.3305
709.2326
711.4562
714.4554
720.4632
726.6817
735.1913
748.1606
765.4987
782.8046
802.2936
830.3573
868.9035
909.0244
948.5166
987.3945
1025.6725
1063.3645
1100.4843
1137.0453
1173.0605
1208.5427
1239.1928
1269.4477
1301.4043
1326.3478
1355.2991
1388.1264
1420.4285
1452.2395
1481.4457
1497.3721
1524.1049
1554.8550
1585.1962
1608.7621
1629.9287
1648.6320
1669.2955
1691.7354
1715.9053
1739.7589
1754.8548
1765.8497
1777.0483
1788.4776
1802.2802
1816.2946
1830.5655
1842.9385
1855.6308
1868.5269
1885.6338
1906.7150
1931.8755
1956.6247
1981.0384
2005.1067
2026.7184
2045.8774
2059.7842
2062.8388
2057.3459
2052.0938
2047.0228
2042.1062
2037.3398
2032.7194
2028.2414
2023.9181
2024.0756
2030.7794
2041.7282
2067.5480
2094.9478
2123.9133
2152.3328
2180.2301
2207.6290
2234.5427
2260.9815
2286.9548
2312.4649
2333.3321
2345.5272
2355.6721
2366.0243
2377.2399
2389.0456
2401.4574
2414.4080
2428.0157
2442.1409
2456.7444
2471.5320
2491.5795
2514.0344
2523.3818
2532.8225
2557.2284
2581.1863
2602.5833
2619.3211
2635.8659
2656.5460
2681.1895
2703.2856
2722.3702
2732.8246
2743.6551
2766.7159
2789.5540
2811.9204
2833.7665
2857.1787
2880.1888
2902.7905
2924.7524
2945.2224
2965.7132
2977.1488
2978.3686
2971.9102
2958.7689
2945.7596
2931.3857
2917.3393
2903.5173
2889.9171
2876.3657
2865.4016
2852.4928
2837.5185
2823.5720
2810.0929
2796.3610
2785.6785
2775.2729
2762.8050
2748.3604
2734.3882
2720.8827
2707.7777
2695.0379
2682.6919
2671.4255
2660.5451
2650.0412
2639.8941
2632.2097
2624.7582
2617.5247
2612.8265
2608.3117
2603.8857
2599.5006
2595.2675
2590.8942
2584.3946
2575.8980
2567.4090
2559.2686
2551.3457
2543.6087
2536.0154
2528.5672
2521.2639
2514.1298
2507.1362
2501.1888
2495.5423
2492.3136
2489.2193
2488.1918
2487.1848
2486.2090
2485.2657
2484.3545
2483.4752
2482.5764
2435.3379
2389.6158
2345.2862
2302.3556
2260.7499
2220.4104
2181.2848
2143.3243
2106.4452
2070.6323
2035.8068
2001.8758
1976.7107
1949.4985
1922.1379
1894.7764
1867.5359
1840.5160
1813.7957
1787.4365
1761.4848
1735.9746
1710.8286
1682.1152
1663.2625
1640.0383
1612.8211
1589.9370
1568.0142
1546.7963
1526.2469
1506.3418
1487.0586
1468.3758
1450.2725
1432.7284
1415.7249
1399.2434
1380.8096
1362.5492
1347.3727
1332.8488
1318.7864
1305.1553
1291.9363
1279.1132
1266.6711
1254.5959
1242.8692
1231.4787
1220.4141
1205.2647
1192.4640
1182.2748
1172.5243
1163.0633
1153.8708
1144.9351
1136.2458
1127.7937
1119.5712
1111.5701
1103.7833
1096.2034
1083.3160
1074.0895
1067.1254
1060.4664
1053.9959
1047.6980
1041.5648
1035.5900
1029.7676
1024.0927
1018.5606
1013.1669
1007.9074
996.6322
989.7750
984.9606
980.3767
975.9177
971.5712
967.3320
961.3365
954.1472
947.6484
941.2727
934.9717
928.7436
918.9610
912.9226
906.4149
900.5516
894.8242
889.1911
891.9094
893.7402
895.3896
896.9346
898.3411
899.6523
900.8623
902.1828
903.6595
905.1125
906.5297
907.9012
909.7582
908.0625
905.5296
902.4616
900.3198
901.8610
904.6469
906.6207
912.3063
921.6829
932.3970
948.4663
973.0321
996.7140
1017.6978
1040.3709
1060.5186
1078.5698
1094.8718
1107.7534
1119.7858
1131.0876
1137.6800
1142.2144
1145.0339
1140.6345
1144.1113
1156.1418
1167.2993
1177.6972
1187.4314
1182.8148
1189.8945
1200.6649
1208.5661
1215.8435
1215.9451
1215.5477
1216.8230
1223.4901
1229.4151
1233.1433
1236.7976
1229.4633
1225.3878
1224.2300
1223.2494
1224.1309
1226.3652
1227.5975
1229.8273
1234.7110
1239.5410
1244.1660
1253.0741
1263.1281
1269.7141
1276.0108
1282.1077
1281.9563
1279.8634
1267.7351
1248.7046
1227.7576
1208.6635
1191.1165
1174.9428
1160.1372
1149.0189
1140.9672
1135.7952
1130.8173
1132.1733
1146.8161
1161.1915
1175.5333
1190.1785
1203.2414
1215.0407
1225.8272
1235.7466
1244.9205
1253.4506
1259.4317
1261.1779
1251.9030
1245.9877
1243.1569
1244.5805
1247.3374
1250.9994
1255.2512
1259.6518
1264.3416
1269.0239
1277.5754
1282.0348
1280.3575
1279.3148
1290.9199
1303.2361
1314.0066
1317.4924
1321.0658
1324.4588
1331.8720
1340.6069
1346.4428
1347.7991
1349.4597
1351.2952
1355.6886
1364.2464
1376.2685
1387.2241
1397.3935
1406.9237
1409.9555
1413.0975
1413.9365
1414.4786
1392.5693
1371.4183
1352.4010
1331.6939
1311.8645
1293.3654
1276.4873
1261.3192
1249.1257
1236.3664
1224.2460
1210.5756
1199.3234
1186.8778
1176.7284
1167.0279
1157.7615
1149.4823
1139.9973
1131.1622
1122.8280
1114.9102
1107.3430
1100.0749
1093.0834
1086.3192
1079.7571
1073.6481
1069.6434
1065.1554
1058.6409
1052.2286
1045.9975
1038.7567
1032.2917
1025.9691
1019.7437
1012.9217
1006.1483
999.5056
992.9869
986.5835
980.5809
974.6486
967.8507
961.4982
955.3550
951.3962
946.1062
940.1272
934.4762
929.1344
924.0625
919.2257
914.5939
910.1417
905.8476
901.6935
897.6643
890.6985
881.6847
878.9908
876.6143
874.1153
871.4303
868.7198
866.1960
864.0570
861.9107
859.9004
858.0053
856.2113
856.4691
852.3835
852.7734
855.2511
857.7422
860.1897
860.4567
860.7821
861.3719
862.1716
859.9094
857.9174
856.2296
854.5779
846.1912
842.0995
840.6714
839.3727
838.1108
836.8828
835.6879
834.5255
833.3951
832.2967
831.2299
830.1940
829.1884
821.2728
817.9381
817.1385
816.4534
815.7939
815.1568
814.5408
813.9450
813.3680
812.8091
812.2677
811.7434
811.2357
803.6455
800.9068
800.5709
800.3326
800.1070
799.8917
799.6856
799.4885
799.2998
799.1194
798.9467
798.7817
798.6240
791.2621
788.9374
788.9312
789.0091
789.0915
789.1761
789.2622
789.3492
789.4372
789.5260
789.6154
789.7054
789.7960
782.5928
780.5664
780.7932
781.0944
781.3941
776.7114
774.2917
772.1346
770.0823
768.1136
766.2174
764.3863
762.6145
755.9354
752.3280
750.7341
749.2987
748.8194
748.4399
748.1703
747.9824
747.8603
747.7841
747.7305
747.6950
747.6771
747.6727
747.6782
747.6905
749.8439
749.1832
748.0212
746.5282
748.7564
754.3818
763.2226
771.0083
782.0666
790.4646
800.9202
817.1665
842.1392
868.4672
892.0470
913.3319
932.6935
950.4366
966.8135
980.0627
992.6470
1002.6787
1012.3006
1019.6736
1029.4606
1034.7135
1042.3737
1056.3028
1069.2634
1081.4102
1092.8610
1089.9198
1098.5858
1110.9254
1122.3665
1130.9601
1138.5146
1144.7368
1139.6531
1137.3116
1139.8009
1146.7466
1144.5874
1136.1455
1131.5118
1130.1026
1133.0256
1137.3351
1142.6030
1146.6300
1151.3715
1156.7438
1169.8506
1184.4452
1196.4472
1203.6786
1208.6682
1213.8849
1215.2639
1213.0028
1207.2662
1189.5472
1171.7545
1153.8328
1135.5425
1118.9191
1103.7201
1089.9748
1077.2236
1066.8810
1061.9289
1059.5515
1061.4673
1079.0763
1094.3396
1111.8065
1127.2487
1143.1665
1157.4982
1170.4961
1182.3688
1193.2875
1203.3922
1210.8070
1210.1054
1204.3705
1201.4248
1200.8671
1202.0542
1204.4878
1207.7961
1211.7024
1216.0004
1220.5394
1227.1284
1237.3274
1241.7340
1239.2576
1237.7979
1247.1954
1259.7082
1264.9731
1266.0780
1273.5838
1280.3699
1288.5671
1296.0344
1300.8853
1305.4885
1307.8778
1312.4156
1318.9448
1325.2791
1335.2271
1346.4474
1356.9642
1366.8625
1374.2038
1377.0450
1379.8112
1380.1951
1360.5755
1340.7805
1320.9884
1300.4234
1280.9320
1263.2870
1248.5969
1233.1910
1219.5976
1207.4969
1196.0591
1189.3343
1180.1441
1168.8587
1159.7133
1152.4561
1143.0631
1134.0117
1123.5035
1113.7974
1104.8194
1096.4322
1088.5269
1081.0181
1073.8380
1066.9336
1060.2631
1053.7409
1047.2906
1044.7781
1041.4859
1037.6073
1031.3454
1025.1436
1016.9892
1009.1714
1001.5747
994.1781
986.9357
979.8058
972.7937
965.9028
959.1342
952.4877
947.9741
945.2918
942.1453
938.6755
935.0003
931.1662
927.2444
923.2993
919.3858
915.5073
911.6664
907.8654
904.1062
900.3904
896.7191
883.0690
871.0211
860.3131
850.7660
842.1675
834.3458
827.1626
820.5069
814.2898
808.4179
802.8437
799.3211
796.3417
794.8447
792.6405
789.9448
786.8845
783.5605
780.0527
776.4235
772.7214
767.0279
761.6403
754.4149
747.3818
741.0225
734.6582
728.3731
722.1669
716.0432
710.0067
704.0623
698.2147
692.4677
686.8244
681.2871
675.8571
670.5353
665.5804
660.7821
656.0507
651.3859
646.7890
642.2621
637.8075
633.4270
629.1225
624.8953
620.7467
616.6773
612.6874
608.7898
605.2057
601.6682
598.1769
594.7329
591.3380
587.9940
584.7027
581.4657
578.2843
575.1594
572.0918
569.0819
565.9847
563.2918
560.6311
558.0025
555.4071
552.8464
550.3222
547.8360
545.3892
542.9830
540.6184
538.2961
536.0166
533.5260
531.4977
529.4921
527.5091
525.5497
523.6153
521.7074
519.8274
517.9767
516.1561
514.3667
512.6089
510.8831
508.8551
507.3312
505.8230
504.3308
502.8554
501.3978
501.2399
501.0658
500.8790
500.6826
500.4791
500.2709
500.0597
499.8468
499.6334
499.4202
499.2078
498.9966
498.2615
497.5113
496.7526
495.9907
495.2292
494.4709
493.7178
492.9715
492.2332
491.5034
490.7829
490.0721
489.3711
488.6802
487.9994
487.3288
486.6684
486.0180
485.3777
484.7474
484.1269
483.5161
482.9149
482.3233
481.7409
481.1678
480.6038
480.0488
479.5026
478.9651
478.4361
477.9156
477.4034
476.8994
476.4034
475.9153
475.4350
474.9624
474.4974
474.0397
473.5894
473.1463
472.7103
472.2812
471.8590
471.4436
471.0348
470.6325
470.2367
469.8471
469.4637
469.0865
468.7152
468.3499
467.9904
467.6366
467.2884
466.9458
466.6087
466.2769
465.9505
465.6292
465.3131
465.0020
464.6958
464.3946
464.0982
463.8065
463.5195
463.2370
462.9591
462.6856
462.4165
462.1517
461.8911
461.6347
461.3824
461.1341
460.8897
460.6493
460.4128
460.1800
459.9509
459.7255
459.5036
459.2852
459.0702
458.8587
458.6504
458.4454
458.2437
458.0451
457.8497
457.6573
457.4680
457.2817
457.0983
456.9178
456.7402
456.5653
456.3933
456.2239
456.0572
455.8931
455.7316
455.5727
455.4162
455.2623
455.1107
454.9616
454.8148
454.6704
454.5282
454.3883
454.2506
454.1150
453.9816
453.8504
453.7212
453.5940
452.7383
451.9625
451.2633
450.6358
450.0739
449.5715
449.1222
448.7201
448.3598
448.0360
447.7443
447.4805
446.6185
446.0854
445.6031
445.1629
444.7580
444.3828
444.0326
443.7039
443.3934
443.0989
442.8183
442.5499
442.2922
441.5217
441.3370
441.1550
440.9748
440.7962
440.6189
440.4430
440.2688
440.0963
439.9257
439.7572
439.5911
439.4275
438.7077
438.6057
438.5009
438.3932
438.2830
438.1706
438.0566
437.9415
437.8258
437.7098
437.5940
437.4787
437.3642
436.6816
436.6240
436.5623
436.4967
436.4275
436.3553
436.2806
436.2038
436.1256
436.0463
435.9663
435.8861
435.8059
435.1513
435.1248
435.0937
435.0582
435.0187
434.9756
434.9295
434.8809
434.8304
434.7784
434.7253
434.6714
434.6171
433.9838
433.9811
433.9736
433.9613
433.9447
433.9242
433.9004
433.8737
433.8447
433.8138
433.7814
433.7478
433.7133
433.0963
433.1116
433.1219
433.1272
433.1279
433.1244
433.1173
433.1070
433.0941
433.0789
433.0619
433.0435
433.0239
432.4190
432.4479
432.4714
432.4898
432.5033
432.5126
432.5181
432.5204
432.5199
432.5171
432.5123
432.5059
432.4982
431.9029
431.9428
431.9773
432.0065
432.0308
432.0505
432.0663
432.0786
432.0879
432.0946
432.0992
432.1019
432.1031
431.5155
431.5634
431.6058
431.6428
431.6747
431.7020
431.7252
431.7448
431.7613
431.7750
431.7865
431.7960
431.8038
431.2220
431.2759
431.3243
431.3673
431.4052
431.4384
431.4676
431.4931
431.5154
431.5350
431.5523
431.5675
431.5810
431.0037
431.0628
431.1162
431.1641
431.2067
431.2445
431.2780
431.3078
431.3343
431.3579
431.3790
431.3979
431.4150
430.8417
430.9041
430.9608
431.0120
431.0580
431.0993
431.1363
431.1696
431.1995
431.2266
431.2512
431.2736
431.2943
430.7243
430.7899
430.8498
430.9042
430.9534
430.9978
431.0379
431.0743
431.1073
431.1374
431.1650
431.1904
431.2138
430.6472
430.7151
430.7772
430.8338
430.8850
430.9315
430.9736
431.0118
431.0467
431.0786
431.1080
431.1351
431.1604
430.5965
430.6659
430.7297
430.7879
430.8408
430.8889
430.9327
430.9727
431.0093
431.0429
431.0739
431.1026
431.1293
430.5673
430.6380
430.7030
430.7624
430.8165
430.8657
430.9106
430.9517
430.9892
431.0237
431.0555
431.0849
431.1124
430.5511
430.6223
430.6877
430.7475
430.8019
430.8514
430.8965
430.9377
430.9756
431.0104
431.0426
431.0724
431.1003
430.5397
430.6114
430.6773
430.7376
430.7925
430.8427
430.8882
430.9298
430.9677
431.0026
431.0346
431.0643
431.0918
430.5307
430.6018
430.6671
430.7266
430.7807
430.8300
430.8748
430.9156
430.9530
430.9873
431.0189
431.0481
431.0753
430.5129
430.5838
430.6489
430.7084
430.7624
430.8114
430.8560
430.8966
430.9337
430.9677
430.9990
431.0279
431.0547
430.4913
430.5620
430.6268
430.6859
430.7396
430.7883
430.8326
430.8729
430.9097
430.9434
430.9744
431.0030
431.0296
430.4653
430.5358
430.6005
430.6595
430.7130
430.7617
430.8059
430.8461
430.8828
430.9164
430.9473
430.9759
431.0024
430.4374
430.5080
430.5727
430.6316
430.6851
430.7337
430.7777
430.8178
430.8543
430.8878
430.9185
430.9468
430.9731
430.4073
430.4778
430.5425
430.6014
430.6550
430.7036
430.7477
430.7879
430.8247
430.8583
430.8892
430.9178
430.9444
430.3789
430.4498
430.5148
430.5742
430.6282
430.6773
430.7220
430.7627
430.7999
430.8341
430.8657
430.8948
430.9220
430.3567
430.4280
430.4935
430.5533
430.6076
430.6570
430.7020
430.7430
430.7805
430.8150
430.8467
430.8762
430.9035
430.3384
430.4100
430.4757
430.5358
430.5904
430.6401
430.6854
430.7267
430.7645
430.7992
430.8314
430.8612
430.8890
430.3240
430.3962
430.4624
430.5230
430.5782
430.6285
430.6744
430.7163
430.7547
430.7900
430.8226
430.8527
430.8809
430.3159
430.3882
430.4547
430.5154
430.5706
430.6209
430.6668
430.7086
430.7469
430.7821
430.8146
430.8447
430.8726
430.3075
430.3797
430.4460
430.5065
430.5616
430.6118
430.6574
430.6991
430.7373
430.7724
430.8047
430.8347
430.8626
430.2972
430.3693
430.4356
430.4962
430.5513
430.6014
430.6471
430.6887
430.7268
430.7619
430.7942
430.8241
430.8519
430.2861
430.3583
430.4245
430.4850
436.0094
441.4498
446.8072
452.0827
457.2771
461.9331
466.3044
470.4862
474.5662
473.1992
475.2993
479.1798
476.9414
475.2768
473.7072
472.1896
470.7187
469.2982
467.9289
466.6124
465.3492
464.1392
462.9814
461.8743
461.5842
461.3400
461.3571
461.7668
464.6586
469.3835
478.3000
489.1634
502.0526
515.1316
532.5188
553.7005
585.9911
616.5296
644.5458
670.3582
694.3091
716.6279
737.4855
756.9801
775.2867
792.2354
804.0197
813.5537
818.2136
823.8589
837.9658
853.3664
868.1285
882.3160
895.9535
897.9209
912.3714
927.8519
942.1000
953.3901
959.9318
963.9981
965.6142
969.0802
980.5020
991.1733
993.8442
987.0843
984.8779
986.3145
990.3669
996.2685
1003.4647
1009.6303
1016.6460
1023.8345
1031.0860
1040.8208
1046.5801
1055.9283
1064.5823
1073.1242
1081.5270
1087.4289
1090.9414
1081.8747
1066.0764
1049.5422
1032.6455
1019.3049
1007.1097
995.8964
985.8352
976.5975
969.6927
965.6790
970.2338
984.3512
1000.9574
1019.8137
1036.8224
1054.3281
1070.2942
1084.9531
1098.4977
1111.0869
1122.8529
1133.7515
1137.8376
1132.5306
1130.5845
1131.4092
1134.2420
1138.5076
1143.7713
1149.7086
1156.0802
1162.6897
1169.7778
1177.5452
1183.9014
1180.9562
1181.0310
1187.9692
1202.5867
1213.7562
1223.9303
1231.1219
1232.0063
1239.5525
1242.6695
1247.9123
1254.9524
1261.3705
1267.2356
1275.0881
1284.5429
1295.3954
1305.4352
1316.8610
1327.6039
1335.7637
1343.3641
1348.2373
1350.4123
1336.4786
1314.8056
1295.6566
1277.2399
1259.7548
1243.2576
1226.5160
1214.1510
1200.3453
1187.9722
1173.8951
1160.4714
1148.7881
1136.0694
1124.9594
1114.6017
1106.7598
1098.9756
1090.8479
1083.1791
1075.8942
1068.9367
1062.2592
1055.8255
1049.6091
1043.5829
1038.2576
1032.9032
1027.6298
1022.2811
1017.0002
1011.7732
1006.6208
1000.5026
994.0856
988.2919
982.6325
977.0393
970.9108
964.8940
958.9957
953.1946
947.8166
942.5022
936.9318
931.3583
926.1263
922.9459
919.6937
916.4267
913.1688
909.1712
905.3133
901.6433
898.1561
894.8150
891.6129
888.5369
885.5833
876.7226
868.0116
861.6004
861.2100
861.1668
859.1329
857.3370
857.9080
858.4108
858.8673
859.3698
860.0288
863.8768
867.8473
871.7372
867.3609
872.3026
876.1783
879.8011
883.3331
886.7694
890.0521
