0.0558
0.0558
0.0558
0.0558
0.0558
0.0000
0.0680
0.0558
0.0558
0.0558
0.0558
0.0558
0.0558
0.0558
0.0558
0.0558
0.0558
0.0558
0.0000
0.0689
0.0558
0.0558
0.0558
0.0558
0.0558
0.0558
0.0558
0.0558
0.0558
0.0558
0.0558
0.0000
0.0583
0.0558
0.0558
0.0558
0.0558
0.0558
0.0558
0.0558
0.0558
0.0558
0.0558
0.0558
0.0000
0.0558
0.0558
0.0558
0.0558
0.0558
0.0558
0.0558
0.0558
0.0558
0.0558
0.0558
0.0558
0.0000
0.0558
0.0558
0.0558
0.2498
0.1143
0.1060
0.1042
0.1030
0.1021
0.1012
0.1005
0.0998
0.0000
0.1771
0.1012
0.2326
0.1527
0.1462
0.1441
0.1426
0.1414
0.1403
0.1394
0.1386
0.1380
0.1374
0.1369
0.2791
0.2791
0.2791
0.2618
0.2546
0.2500
0.2473
0.2441
0.2424
0.2410
0.2401
0.2391
0.2386
0.2382
0.2380
0.2423
0.2380
0.2381
0.2382
0.2385
0.2387
0.2435
0.2393
0.2530
0.2718
0.2504
0.2552
0.2423
0.2429
0.2427
0.2431
0.2434
0.2439
0.2441
0.2444
0.2442
0.2445
0.2449
0.2540
0.2459
0.2456
0.2457
0.2456
0.2571
0.2461
0.2461
0.2462
0.2464
0.2465
0.2468
0.2470
0.2480
0.2523
0.2526
0.2622
0.2580
0.2491
0.2497
0.2499
0.2502
0.2506
0.2510
0.2514
0.2492
0.2524
0.2526
0.2527
0.2534
0.2533
0.2544
0.2529
0.2531
0.2532
0.2537
0.2534
0.2538
0.2629
0.2546
0.2549
0.2552
0.2557
0.2561
0.2566
0.2615
0.2578
0.2605
0.2584
0.2588
0.2592
0.2597
0.2600
0.2604
0.2608
0.2612
0.2624
0.2791
0.2791
0.2748
0.2645
0.2649
0.2694
0.2652
0.2654
0.2791
0.2684
0.2754
0.2711
0.2663
0.2791
0.2791
0.2772
0.2760
0.2766
0.2676
0.2767
0.2679
0.2679
0.2679
0.2681
0.2683
0.2681
0.2679
0.2678
0.2674
0.2720
0.2684
0.2670
0.2690
0.2713
0.2701
0.2659
0.2647
0.2688
0.2635
0.2619
0.2629
0.2623
0.2647
0.2609
0.2562
0.2578
0.2570
0.2564
0.2558
0.2552
0.2546
0.2541
0.2540
0.2576
0.2545
0.2606
0.2509
0.2514
0.2509
0.2584
0.2500
0.2491
0.2480
0.2478
0.2471
0.2458
0.2455
0.2447
0.2439
0.2445
0.2470
0.2419
0.2410
0.2406
0.2394
0.2389
0.2383
0.2377
0.2365
0.2366
0.2360
0.2355
0.2349
0.2343
0.2425
0.0000
0.0000
0.0000
0.0558
0.0558
0.0558
0.0558
0.0558
0.0558
0.0558
0.0558
0.0558
0.0558
0.0558
0.0558
0.0000
0.0558
0.0558
0.0558
0.0558
0.0558
0.0558
0.0558
0.0558
0.0558
0.0558
0.0558
0.0558
0.0000
0.0558
0.0558
0.0558
0.0558
0.0558
0.0558
0.0558
0.0558
0.0558
0.0558
0.0558
0.0558
0.0000
0.0558
0.0558
0.0558
0.0558
0.0558
0.0558
0.0558
0.0558
0.0558
0.0558
0.0558
0.0558
0.0000
0.0558
0.0558
0.0558
0.0558
0.0558
0.0558
0.0558
0.0558
0.0558
0.0558
0.0558
0.0558
0.0000
0.0558
0.0558
0.0558
0.0558
0.0558
0.0558
0.0558
0.0558
0.0558
0.0558
0.0558
0.0558
0.0000
0.0558
0.0558
0.0558
0.2465
0.1124
0.1048
0.1033
0.1023
0.1015
0.1008
0.1002
0.0996
0.0000
0.1791
0.1012
0.2333
0.1546
0.1484
0.1466
0.1453
0.1443
0.1435
0.1428
0.1422
0.1416
0.1412
0.1408
0.2791
0.2791
0.2791
0.2721
0.2602
0.2571
0.2529
0.2499
0.2479
0.2464
0.2451
0.2441
0.2435
0.2429
0.2425
0.2423
0.2422
0.2423
0.2424
0.2426
0.2428
0.2519
0.2481
0.2705
0.2540
0.2765
0.2601
0.2514
0.2471
0.2475
0.2479
0.2482
0.2489
0.2493
0.2498
0.2497
0.2500
0.2515
0.2561
0.2525
0.2526
0.2575
0.2577
0.2602
0.2541
0.2545
0.2548
0.2552
0.2556
0.2560
0.2564
0.2631
0.2625
0.2791
0.2777
0.2735
0.2603
0.2610
0.2613
0.2617
0.2620
0.2622
0.2624
0.2618
0.2631
0.2637
0.2638
0.2638
0.2644
0.2685
0.2652
0.2680
0.2718
0.2629
0.2683
0.2687
0.2650
0.2654
0.2662
0.2673
0.2685
0.2698
0.2711
0.2791
0.2790
0.2791
0.2784
0.2786
0.2791
0.2791
0.2791
0.2791
0.2791
0.2791
0.2791
0.2791
0.2791
0.2791
0.2791
0.2791
0.2791
0.2791
0.2791
0.2791
0.2791
0.2791
0.2791
0.2791
0.2791
0.2791
0.2791
0.2791
0.2791
0.2791
0.2791
0.2791
0.2791
0.2791
0.2791
0.2791
0.2791
0.2791
0.2791
0.2791
0.2791
0.2791
0.2791
0.2791
0.2791
0.2791
0.2791
0.2791
0.2791
0.2791
0.2791
0.2791
0.2791
0.2791
0.2791
0.2791
0.2791
0.2791
0.2791
0.2791
0.2791
0.2791
0.2791
0.2791
0.2791
0.2791
0.2791
0.2791
0.2791
0.2791
0.2791
0.2791
0.2791
0.2791
0.2791
0.2791
0.2780
0.2763
0.2750
0.2782
0.2732
0.2731
0.2753
0.2695
0.2677
0.2677
0.2667
0.2659
0.2651
0.2643
0.2635
0.2628
0.2620
0.2613
0.2606
0.2599
0.0000
0.0000
0.0000
0.0558
0.0558
0.0558
0.0558
0.0558
0.0558
0.0558
0.0558
0.0558
0.0558
0.0558
0.0558
0.0000
0.0615
0.0558
0.0558
0.0558
0.0558
0.0558
0.0563
0.0587
0.0597
0.0603
0.0609
0.0614
0.0000
0.1051
0.0644
0.0631
0.0631
0.0631
0.0632
0.0632
0.0631
0.0631
0.0630
0.0629
0.0628
0.0000
0.1062
0.0647
0.0631
0.0628
0.0626
0.0625
0.0624
0.0622
0.0621
0.0620
0.0618
0.0617
0.0000
0.1041
0.0635
0.0618
0.0616
0.0614
0.0612
0.0611
0.0609
0.0608
0.0606
0.0605
0.0603
0.0000
0.1014
0.0620
0.0604
0.0601
0.0599
0.0597
0.0595
0.0594
0.0592
0.0590
0.0589
0.0587
0.0000
0.0984
0.0603
0.0587
0.2791
0.1499
0.1304
0.1275
0.1257
0.1242
0.1229
0.1218
0.1208
0.0000
0.1986
0.1224
0.2603
0.1848
0.1775
0.1749
0.1731
0.1716
0.1699
0.1691
0.1680
0.1671
0.1663
0.1655
0.2791
0.2791
0.2791
0.2791
0.2791
0.2791
0.2791
0.2791
0.2791
0.2791
0.2781
0.2749
0.2736
0.2724
0.2715
0.2709
0.2704
0.2700
0.2698
0.2696
0.2696
0.2791
0.2710
0.2791
0.2744
0.2791
0.2791
0.2791
0.2731
0.2722
0.2722
0.2722
0.2728
0.2729
0.2791
0.2745
0.2734
0.2791
0.2761
0.2791
0.2751
0.2791
0.2791
0.2790
0.2756
0.2755
0.2756
0.2756
0.2758
0.2759
0.2761
0.2791
0.2791
0.2791
0.2791
0.2791
0.2791
0.2791
0.2791
0.2791
0.2791
0.2791
0.2791
0.2791
0.2791
0.2791
0.2791
0.2791
0.2791
0.2791
0.2791
0.2791
0.2791
0.2791
0.2791
0.2791
0.2791
0.2791
0.2791
0.2791
0.2791
0.2791
0.2791
0.2791
0.2791
0.2791
0.2791
0.2791
0.2791
0.2791
0.2791
0.2791
0.2791
0.2791
0.2791
0.2791
0.2791
0.2791
0.2791
0.2791
0.2791
0.2791
0.2791
0.2791
0.2791
0.2791
0.2791
0.2791
0.2791
0.2791
0.2791
0.2791
0.2791
0.2791
0.2791
0.2791
0.2791
0.2791
0.2791
0.2791
0.2791
0.2791
0.2791
0.2791
0.2791
0.2791
0.2791
0.2791
0.2791
0.2791
0.2791
0.2791
0.2791
0.2791
0.2791
0.2791
0.2791
0.2791
0.2791
0.2791
0.2791
0.2791
0.2791
0.2791
0.2791
0.2791
0.2791
0.2791
0.2791
0.2791
0.2791
0.2791
0.2791
0.2791
0.2791
0.2791
0.2791
0.2791
0.2791
0.2791
0.2791
0.2782
0.2770
0.2760
0.2750
0.2791
0.2746
0.2726
0.2762
0.2749
0.2704
0.2697
0.2690
0.2684
0.2677
0.2671
0.2665
0.2659
0.2653
0.2647
0.0000
0.0000
0.0000
0.0558
0.0558
0.0558
0.0558
0.0558
0.0558
0.0558
0.0558
0.0558
0.0558
0.0558
0.0558
0.0000
0.0735
0.0558
0.0562
0.0581
0.0595
0.0608
0.0619
0.0630
0.0638
0.0645
0.0652
0.0657
0.0000
0.1132
0.0690
0.0676
0.0676
0.0677
0.0678
0.0678
0.0678
0.0678
0.0677
0.0676
0.0676
0.0000
0.1152
0.0696
0.0678
0.0675
0.0674
0.0672
0.0671
0.0670
0.0668
0.0667
0.0665
0.0664
0.0000
0.1127
0.0682
0.0664
0.0661
0.0659
0.0657
0.0655
0.0654
0.0652
0.0650
0.0648
0.0646
0.0000
0.1092
0.0663
0.0645
0.0641
0.0639
0.0637
0.0634
0.0632
0.0630
0.0628
0.0625
0.0623
0.0000
0.1048
0.0638
0.0620
0.2791
0.1553
0.1344
0.1314
0.1294
0.1278
0.1264
0.1252
0.1241
0.0000
0.2018
0.1255
0.2642
0.1886
0.1810
0.1783
0.1763
0.1746
0.1732
0.1721
0.1711
0.1702
0.1694
0.1688
0.2791
0.2791
0.2791
0.2791
0.2791
0.2791
0.2791
0.2791
0.2791
0.2791
0.2791
0.2791
0.2791
0.2791
0.2791
0.2791
0.2791
0.2791
0.2791
0.2790
0.2788
0.2788
0.2789
0.2791
0.2791
0.2791
0.2791
0.2791
0.2791
0.2791
0.2791
0.2791
0.2791
0.2791
0.2791
0.2791
0.2791
0.2791
0.2791
0.2791
0.2791
0.2791
0.2791
0.2791
0.2791
0.2791
0.2791
0.2791
0.2791
0.2791
0.2791
0.2791
0.2791
0.2791
0.2791
0.2791
0.2791
0.2791
0.2791
0.2791
0.2791
0.2791
0.2791
0.2791
0.2791
0.2791
0.2791
0.2791
0.2791
0.2791
0.2791
0.2791
0.2791
0.2791
0.2791
0.2791
0.2791
0.2791
0.2791
0.2791
0.2791
0.2791
0.2791
0.2791
0.2791
0.2791
0.2791
0.2791
0.2791
0.2791
0.2791
0.2791
0.2791
0.2791
0.2791
0.2791
0.2791
0.2791
0.2791
0.2791
0.2791
0.2791
0.2791
0.2791
0.2791
0.2791
0.2791
0.2791
0.2791
0.2791
0.2791
0.2791
0.2791
0.2791
0.2791
0.2791
0.2791
0.2791
0.2791
0.2791
0.2791
0.2791
0.2791
0.2791
0.2791
0.2791
0.2791
0.2791
0.2791
0.2791
0.2791
0.2791
0.2791
0.2791
0.2791
0.2791
0.2791
0.2791
0.2791
0.2791
0.2791
0.2791
0.2791
0.2791
0.2791
0.2791
0.2791
0.2791
0.2791
0.2791
0.2791
0.2791
0.2791
0.2791
0.2791
0.2791
0.2791
0.2791
0.2791
0.2791
0.2791
0.2791
0.2791
0.2791
0.2791
0.2791
0.2791
0.2791
0.2791
0.2791
0.2791
0.2761
0.2749
0.2732
0.2733
0.2726
0.2719
0.2712
0.2705
0.2698
0.0000
0.0000
0.0000
0.0558
0.0558
0.0558
0.0558
0.0558
0.0558
0.0558
0.0558
0.0558
0.0558
0.0558
0.0558
0.0000
0.0830
0.0584
0.0593
0.0607
0.0619
0.0631
0.0641
0.0650
0.0657
0.0663
0.0668
0.0672
0.0000
0.1158
0.0702
0.0687
0.0686
0.0686
0.0686
0.0686
0.0685
0.0685
0.0684
0.0683
0.0682
0.0000
0.1162
0.0701
0.0683
0.0680
0.0678
0.0676
0.0674
0.0673
0.0671
0.0669
0.0668
0.0666
0.0000
0.1130
0.0684
0.0666
0.0662
0.0660
0.0659
0.0657
0.0655
0.0654
0.0652
0.0650
0.0648
0.0000
0.1096
0.0666
0.0648
0.0645
0.0643
0.0641
0.0639
0.0638
0.0636
0.0634
0.0632
0.0630
0.0000
0.1063
0.0647
0.0630
0.2791
0.1573
0.1360
0.1330
0.1311
0.1295
0.1282
0.1270
0.1259
0.0000
0.2040
0.1277
0.2680
0.1922
0.1850
0.1825
0.1807
0.1793
0.1782
0.1772
0.1763
0.1756
0.1749
0.1743
0.2791
0.2791
0.2791
0.2791
0.2791
0.2791
0.2791
0.2791
0.2791
0.2791
0.2791
0.2791
0.2791
0.2791
0.2791
0.2791
0.2760
0.2742
0.2728
0.2715
0.2703
0.2692
0.2682
0.2673
0.2665
0.2657
0.2649
0.2643
0.2637
0.2632
0.2627
0.2622
0.2618
0.2614
0.2611
0.2608
0.2605
0.2602
0.2600
0.2598
0.2596
0.2594
0.2593
0.2591
0.2590
0.2589
0.2588
0.2587
0.2586
0.2585
0.2584
0.2583
0.2582
0.2581
0.2581
0.2580
0.2579
0.2578
0.2577
0.2576
0.2575
0.2574
0.2573
0.2572
0.2571
0.2570
0.2569
0.2568
0.2567
0.2565
0.2564
0.2563
0.2562
0.2561
0.2560
0.2559
0.2558
0.2557
0.2556
0.2555
0.2554
0.2553
0.2552
0.2552
0.2551
0.2550
0.2550
0.2550
0.2549
0.2549
0.2549
0.2548
0.2548
0.2548
0.2548
0.2548
0.2548
0.2547
0.2548
0.2547
0.2547
0.2547
0.2547
0.2547
0.2547
0.2547
0.2546
0.2546
0.2546
0.2546
0.2545
0.2545
0.2545
0.2544
0.2544
0.2543
0.2543
0.2542
0.2542
0.2541
0.0558
0.0558
0.0558
0.0558
0.0558
0.0558
0.0558
0.0558
0.0558
0.0558
0.0558
0.0558
0.0000
0.0558
0.0558
0.0558
0.0558
0.0558
0.0558
0.0558
0.0558
0.0558
0.0558
0.0558
0.0558
0.0000
0.0793
0.0558
0.0558
0.0558
0.0558
0.0558
0.0570
0.0575
0.0580
0.0584
0.0588
0.0591
0.0000
0.1007
0.0620
0.0609
0.0610
0.0611
0.0613
0.0615
0.0616
0.0618
0.0619
0.0620
0.0621
0.0000
0.1056
0.0646
0.0632
0.0631
0.0632
0.0632
0.0633
0.0633
0.0634
0.0634
0.0635
0.0635
0.0000
0.1078
0.0658
0.0643
0.0641
0.0641
0.0641
0.0641
0.0641
0.0642
0.0642
0.0642
0.0641
0.0000
0.1089
0.0664
0.0648
0.0646
0.0646
0.0645
0.0645
0.0644
0.0644
0.0644
0.0643
0.0642
0.0000
0.1088
0.0663
0.0647
0.0645
0.0643
0.0643
0.0642
0.0641
0.0640
0.0639
0.0638
0.0637
0.0000
0.1077
0.0657
0.0640
0.0637
0.0636
0.0635
0.0633
0.0632
0.0631
0.0630
0.0628
0.0627
0.0000
0.1057
0.0645
0.0628
0.0625
0.0623
0.0622
0.0620
0.0619
0.0617
0.0615
0.0614
0.0612
0.0000
0.1029
0.0629
0.0612
0.0609
0.0607
0.0605
0.0603
0.0601
0.0600
0.0598
0.0596
0.0594
0.0000
0.0995
0.0609
0.0593
0.0589
0.0587
0.0585
0.0583
0.0581
0.0579
0.0577
0.0575
0.0573
0.0000
0.0962
0.0594
0.0582
0.0583
0.0585
0.0588
0.0591
0.0594
0.0596
0.0599
0.0602
0.0604
0.0000
0.1026
0.0634
0.0620
0.0621
0.0624
0.0626
0.0629
0.0631
0.0634
0.0637
0.0640
0.0644
0.0000
0.1103
0.0678
0.0664
0.0666
0.0670
0.0673
0.0677
0.0681
0.0685
0.0689
0.0693
0.0697
0.0000
0.1202
0.0734
0.0718
0.0721
0.0724
0.0727
0.0731
0.0735
0.0739
0.0742
0.0746
0.0750
0.0000
0.1307
0.0787
0.0771
0.0773
0.0776
0.0780
0.0784
0.0787
0.0791
0.0794
0.0797
0.0800
0.0000
0.1435
0.0835
0.0817
0.0819
0.0822
0.0825
0.0828
0.0832
0.0835
0.0838
0.0842
0.0845
0.0000
0.1523
0.0883
0.0863
0.0865
0.0868
0.0871
0.0874
0.0877
0.0880
0.0883
0.0885
0.0887
0.0000
0.1599
0.0922
0.0899
0.0899
0.0900
0.0901
0.0902
0.0903
0.0904
0.0905
0.0906
0.0907
0.0000
0.1645
0.0941
0.0916
0.0916
0.0917
0.0919
0.0920
0.0922
0.0923
0.0925
0.0927
0.0928
0.0000
0.1666
0.0965
0.0940
0.0940
0.0941
0.0943
0.0944
0.0945
0.0946
0.0946
0.0946
0.0946
0.0000
0.1687
0.0978
0.0952
0.0949
0.0949
0.0948
0.0947
0.0946
0.0945
0.0944
0.0943
0.0941
0.0000
0.1683
0.0968
0.0941
0.0937
0.0935
0.0933
0.0931
0.0929
0.0927
0.0925
0.0922
0.0920
0.0000
0.1653
0.0944
0.0916
0.0912
0.0910
0.0907
0.0905
0.0903
0.0900
0.0898
0.0896
0.0893
0.0000
0.1612
0.0917
0.0889
0.0886
0.0883
0.0881
0.0879
0.0877
0.0875
0.0873
0.0871
0.0869
0.0000
0.1565
0.0892
0.0865
0.0862
0.0859
0.0857
0.0855
0.0853
0.0851
0.0849
0.0847
0.0844
0.0000
0.1514
0.0867
0.0841
0.0837
0.0835
0.0833
0.0831
0.0829
0.0827
0.0825
0.0823
0.0821
0.0000
0.1470
0.0844
0.0818
0.0815
0.0813
0.0812
0.0810
0.0808
0.0806
0.0804
0.0802
0.0800
0.0000
0.1411
0.0822
0.0796
0.0792
0.0790
0.0787
0.0784
0.0782
0.0779
0.0776
0.0773
0.0770
0.0000
0.1333
0.0790
0.0765
0.0760
0.0757
0.0754
0.0751
0.0747
0.0744
0.0741
0.0737
0.0734
0.0000
0.1254
0.0751
0.0727
0.0722
0.0718
0.0714
0.0711
0.0707
0.0703
0.0700
0.0696
0.0692
0.0000
0.1171
0.0706
0.0683
0.0678
0.0674
0.0669
0.0665
0.0661
0.0657
0.0653
0.0649
0.0645
0.0000
0.1082
0.0656
0.0635
0.2791
0.1590
0.1383
0.1348
0.1326
0.1307
0.1291
0.1276
0.1263
0.0000
0.2049
0.1273
0.2652
0.1899
0.1821
0.1792
0.1771
0.1753
0.1738
0.1725
0.1713
0.1703
0.1694
0.1686
0.2791
0.2791
0.2791
0.2791
0.2791
0.2791
0.2791
0.2791
0.2791
0.2791
0.2791
0.2791
0.2791
0.2786
0.2767
0.2759
0.2753
0.2749
0.2746
0.2744
0.2743
0.2742
0.2786
0.2791
0.2791
0.2791
0.2791
0.2791
0.2791
0.2791
0.2785
0.2791
0.2791
0.2791
0.2791
0.2791
0.2791
0.2791
0.2791
0.2791
0.2791
0.2791
0.2791
0.2791
0.2791
0.2791
0.2791
0.2791
0.2791
0.2791
0.2791
0.2791
0.2791
0.2791
0.2791
0.2791
0.2791
0.2791
0.2791
0.2791
0.2791
0.2791
0.2791
0.2791
0.2791
0.2791
0.2791
0.2791
0.2791
0.2791
0.2791
0.2791
0.2791
0.2791
0.2791
0.2791
0.2791
0.2791
0.2791
0.2791
0.2791
0.2791
0.2791
0.2791
0.2791
0.2791
0.2791
0.2791
0.2791
0.2791
0.2791
0.2791
0.2791
0.2791
0.2791
0.2791
0.2791
0.2791
0.2791
0.2791
0.2791
0.2791
0.2791
0.2791
0.2791
0.2791
0.2791
0.2791
0.2791
0.2791
0.2791
0.2791
0.2791
0.2791
0.2791
0.2791
0.2791
0.2791
0.2791
0.2791
0.2791
0.2791
0.2791
0.2791
0.2791
0.2791
0.2791
0.2791
0.2791
0.2791
0.2791
0.2791
0.2791
0.2791
0.2791
0.2791
0.2791
0.2791
0.2791
0.2791
0.2791
0.2791
0.2791
0.2791
0.2791
0.2791
0.2791
0.2791
0.2791
0.2791
0.2791
0.2791
0.2791
0.2791
0.2791
0.2791
0.2791
0.2791
0.2791
0.2791
0.2791
0.2791
0.2791
0.2791
0.2791
0.2791
0.2791
0.2791
0.2791
0.2791
0.2791
0.2791
0.2791
0.2791
0.2791
0.2791
0.2791
0.2791
0.2791
0.2791
0.0000
0.0000
0.0000
0.0558
0.0558
0.0558
0.0558
0.0558
0.0558
0.0558
0.0572
0.0691
0.0767
0.0700
0.0686
0.0000
0.1215
0.0741
0.0736
0.0743
0.0751
0.0758
0.0764
0.0769
0.2791
0.2791
0.2791
0.2791
0.0000
0.2791
0.2791
0.2791
0.2791
0.2791
0.2791
0.2791
0.2791
0.2791
0.2791
0.2791
0.2791
0.0000
0.2791
0.2791
0.2791
0.2791
0.2791
0.2791
0.2791
0.2791
0.2791
0.2791
0.2791
0.2791
0.0000
0.2791
0.2791
0.2791
0.2791
0.2791
0.2791
0.2791
0.2791
0.2791
0.2791
0.2791
0.2791
0.0000
0.2791
0.2791
0.2791
0.2791
0.2791
0.2791
0.2791
0.2791
0.2791
0.2791
0.2791
0.2791
0.0000
0.2791
0.2791
0.2791
0.2791
0.2791
0.2791
0.2791
0.2791
0.2791
0.2791
0.2791
0.2791
0.0000
0.2791
0.2791
0.2791
0.2791
0.2791
0.2791
0.2791
0.2791
0.2791
0.2791
0.2791
0.2791
0.2791
0.2791
0.2791
0.2791
0.2235
0.1339
0.1134
0.1003
0.0892
0.0792
0.0698
0.0580
0.0558
0.0558
0.0558
0.0558
0.0558
0.0558
0.0558
0.0558
0.0558
0.0558
0.0558
0.0558
0.0558
0.0558
0.0558
0.0558
0.0558
0.0558
0.0558
0.0558
0.0558
0.0558
0.0558
0.0558
0.0558
0.0558
0.0558
0.0558
0.0558
0.0558
0.0558
0.0558
0.0558
0.0558
0.0558
0.0558
0.0558
0.0558
0.0558
0.0558
0.0558
0.0558
0.0558
0.0558
0.0558
0.0558
0.0558
0.0558
0.0558
0.0558
0.0558
0.0558
0.0558
0.0558
0.0558
0.0558
0.0558
0.0558
0.0558
0.0558
0.0558
0.0558
0.0558
0.0558
0.0558
0.0558
0.0558
0.0558
0.0558
0.0558
0.0558
0.0558
0.0558
0.0558
0.0558
0.0558
0.0558
0.0558
0.0558
0.0558
0.0558
0.0558
0.0558
0.0558
0.0558
0.0558
0.0558
0.0558
0.0558
0.0558
0.0558
0.0558
0.0558
0.0558
0.0558
0.0558
0.0558
0.0558
0.0558
0.0558
0.0558
0.0558
0.0558
0.0558
0.0558
0.0558
0.0558
0.0558
0.0558
0.0558
0.0558
0.0558
0.0558
0.0558
0.0558
0.0558
0.0558
0.0558
0.0558
0.0558
0.0558
0.0558
0.0558
0.0558
0.0558
0.0558
0.0558
0.0558
0.0558
0.0558
0.0558
0.0558
0.0558
0.0558
0.0558
0.0558
0.0558
0.0558
0.0558
0.0558
0.0558
0.0558
0.0558
0.0558
0.0558
0.0558
0.0558
0.0558
0.0558
0.0558
0.0558
0.0558
0.0558
0.0558
0.0558
0.0558
0.0558
0.0558
0.0558
0.0558
0.0558
0.0558
0.0558
0.0558
0.0558
0.0558
0.0558
0.0558
0.0558
0.0558
0.2791
0.2791
0.2791
0.2791
0.2791
0.2791
0.2791
0.2791
0.2791
0.2791
0.2791
0.2791
0.0000
0.2791
0.2791
0.2791
0.2791
0.2791
0.2791
0.2791
0.2791
0.2791
0.2791
0.2791
0.2791
0.0000
0.2791
0.2791
0.2791
0.2791
0.2791
0.2791
0.2791
0.2791
0.2791
0.2791
0.2791
0.2791
0.0000
0.2791
0.2791
0.2791
0.2791
0.2791
0.2791
0.2791
0.2791
0.2791
0.2791
0.2791
0.2791
0.0000
0.2791
0.2791
0.2791
0.2791
0.2791
0.2791
0.2791
0.2791
0.2791
0.2791
0.2791
0.2791
0.0000
0.2791
0.2791
0.2791
0.2791
0.2791
0.2791
0.2791
0.2791
0.2791
0.2791
0.2791
0.2791
0.0000
0.2791
0.2791
0.2791
0.2791
0.2791
0.2791
0.2791
0.2791
0.2791
0.2791
0.2791
0.2791
0.0000
0.2791
0.2791
0.2791
0.2791
0.2791
0.2791
0.2791
0.2791
0.2791
0.2791
0.2791
0.2791
0.2791
0.2791
0.2791
0.2791
0.2791
0.2791
0.2251
0.0711
0.0558
0.0558
0.0558
0.0558
0.0558
0.0558
0.0558
0.0558
0.0558
0.0558
0.0558
0.0558
0.0558
0.0558
0.0558
0.0558
0.0558
0.0558
0.0558
0.0558
0.0558
0.0558
0.0558
0.0558
0.0558
0.0558
0.0558
0.0558
0.0558
0.0558
0.0558
0.0558
0.0558
0.0558
0.0558
0.0558
0.0558
0.0558
0.0558
0.0558
0.0558
0.0558
0.0558
0.0558
0.0558
0.0558
0.0558
0.0558
0.0558
0.0558
0.0558
0.0558
0.0558
0.0558
0.0558
0.0558
0.0558
0.0558
0.0558
0.0558
0.0558
0.0558
0.0558
0.0558
0.0558
0.0558
0.0558
0.0558
0.0558
0.0558
0.0558
0.0558
0.0558
0.0558
0.0558
0.0558
0.0558
0.0558
0.0558
0.0558
0.0558
0.0558
0.0558
0.0558
0.0558
0.0558
0.0558
0.0558
0.0558
0.0558
0.0558
0.0558
0.0558
0.0558
0.0558
0.0558
0.0558
0.0558
0.0558
0.0558
0.0558
0.0558
0.0558
0.0558
0.0558
0.0558
0.0558
0.0558
0.0558
0.0558
0.0558
0.0558
0.0558
0.0558
0.0558
0.0558
0.0558
0.0558
0.0558
0.0558
0.0558
0.0558
0.0558
0.0558
0.0558
0.0558
0.0558
0.0558
0.0558
0.0558
0.0558
0.0558
0.0558
0.0558
0.0558
0.0558
0.0558
0.0558
0.0558
0.0558
0.0558
0.0558
0.0558
0.0558
0.0558
0.0558
0.0558
0.0558
0.0558
0.0558
0.0558
0.0558
0.0558
0.0558
0.0558
0.0558
0.0558
0.0558
0.0558
0.0558
0.0558
0.0558
0.0558
0.0558
0.0558
0.0558
0.0558
0.0558
0.0558
0.0558
0.0558
0.0558
0.0558
0.0558
0.0558
0.0558
0.0558
0.2791
0.2791
0.2791
0.2791
0.2791
0.2791
0.2791
0.2791
0.2791
0.2791
0.2791
0.2791
0.0000
0.2791
0.2791
0.2791
0.2791
0.2791
0.2791
0.2791
0.2791
0.2791
0.2791
0.2791
0.0558
0.0000
0.2110
0.1473
0.1434
0.1421
0.1410
0.1400
0.1391
0.1383
0.1376
0.1369
0.1364
0.1358
0.0000
0.2177
0.1395
0.1355
0.1348
0.1342
0.1338
0.1334
0.1329
0.1325
0.1321
0.1317
0.1313
0.0000
0.2110
0.1349
0.1310
0.1303
0.1297
0.1292
0.1287
0.1282
0.1276
0.1271
0.1266
0.1260
0.0000
0.2032
0.1289
0.1251
0.1242
0.1235
0.1229
0.1223
0.1216
0.1210
0.1204
0.1198
0.1191
0.0000
0.1932
0.1215
0.1177
0.1168
0.1161
0.1154
0.2791
0.2791
0.2323
0.2237
0.2191
0.2154
0.0000
0.2791
0.2354
0.2094
0.2051
0.2024
0.2791
0.2791
0.2791
0.2790
0.2679
0.2637
0.2605
0.2578
0.2553
0.2531
0.2510
0.2492
0.2791
0.2791
0.2791
0.2791
0.2791
0.2791
0.2791
0.2791
0.2791
0.2791
0.2791
0.2791
0.2791
0.2791
0.2791
0.2791
0.2791
0.2791
0.2791
0.2791
0.2791
0.2791
0.2791
0.2791
0.2791
0.2791
0.2791
0.2791
0.2791
0.2791
0.2791
0.2791
0.2791
0.2791
0.2791
0.2791
0.2791
0.2791
0.2791
0.2791
0.2791
0.2791
0.2791
0.2791
0.2791
0.2791
0.2791
0.2791
0.2791
0.2791
0.2791
0.2791
0.2791
0.2791
0.2791
0.2791
0.2791
0.2791
0.2791
0.2791
0.2791
0.2791
0.2791
0.2791
0.2791
0.2791
0.2791
0.2791
0.2791
0.2791
0.2791
0.2791
0.2791
0.2791
0.2791
0.2791
0.2791
0.2791
0.2791
0.2791
0.2791
0.2791
0.2791
0.2791
0.2791
0.2791
0.2791
0.2791
0.2791
0.2791
0.2791
0.2791
0.2791
0.2791
0.2791
0.2791
0.2791
0.2791
0.2791
0.2791
0.2791
0.2791
0.2791
0.2791
0.2791
0.2791
0.2791
0.2791
0.2791
0.2791
0.2791
0.2791
0.2791
0.2791
0.2791
0.2791
0.2791
0.2791
0.2791
0.2791
0.2791
0.2791
0.2791
0.2791
0.2791
0.2791
0.2791
0.2791
0.2791
0.2791
0.2791
0.2791
0.2791
0.2791
0.2791
0.2791
0.2791
0.2791
0.2791
0.2791
0.2791
0.2791
0.2791
0.2791
0.2791
0.2791
0.2791
0.2791
0.2791
0.2791
0.2791
0.2791
0.2791
0.2791
0.2791
0.2791
0.2791
0.2791
0.2791
0.2791
0.2791
0.2791
0.2791
0.2791
0.2791
0.2791
0.2791
0.2791
0.2791
0.2791
0.2791
0.2791
0.2791
0.2791
0.2791
0.2791
0.2791
0.2791
0.2791
0.2791
0.0000
0.0000
0.0558
0.0558
0.0558
0.0558
0.0558
0.0558
0.0558
0.0558
0.0565
0.0704
0.0697
0.0770
0.0000
0.1233
0.0743
0.0740
0.0748
0.0756
0.0763
0.0769
0.0775
0.0781
0.0786
0.0788
0.0791
0.0000
0.1412
0.0822
0.0801
0.0800
0.0799
0.0799
0.0798
0.0797
0.0796
0.0795
0.0794
0.0792
0.0000
0.1402
0.0815
0.0791
0.0788
0.0786
0.0784
0.0783
0.0781
0.0779
0.0777
0.0775
0.0773
0.0000
0.1357
0.0794
0.0771
0.0768
0.0766
0.0764
0.0762
0.0760
0.0758
0.0756
0.0753
0.0751
0.0000
0.1299
0.0771
0.0748
0.0745
0.0742
0.0740
0.0738
0.0736
0.0733
0.0731
0.0729
0.0726
0.0000
0.1246
0.0745
0.0724
0.0720
0.2791
0.1726
0.1491
0.1455
0.1433
0.1414
0.1399
0.1385
0.0000
0.2198
0.1402
0.1355
0.2791
0.2056
0.1975
0.1945
0.1922
0.1905
0.1890
0.1876
0.1865
0.1855
0.1847
0.1840
0.2791
0.2791
0.2791
0.2791
0.2791
0.2791
0.2791
0.2791
0.2791
0.2791
0.2791
0.2791
0.2791
0.2791
0.2791
0.2791
0.2791
0.2791
0.2791
0.2791
0.2791
0.2791
0.2791
0.2791
0.2791
0.2791
0.2791
0.2791
0.2791
0.2791
0.2791
0.2791
0.2791
0.2791
0.2791
0.2791
0.2791
0.2791
0.2791
0.2791
0.2791
0.2791
0.2791
0.2791
0.2791
0.2791
0.2791
0.2791
0.2791
0.2791
0.2791
0.2791
0.2791
0.2791
0.2791
0.2791
0.2791
0.2791
0.2791
0.2791
0.2791
0.2791
0.2791
0.2791
0.2791
0.2791
0.2791
0.2791
0.2791
0.2791
0.2791
0.2791
0.2791
0.2791
0.2791
0.2791
0.2791
0.2791
0.2791
0.2791
0.2791
0.2791
0.2791
0.2791
0.2791
0.2791
0.2791
0.2791
0.2791
0.2791
0.2791
0.2791
0.2791
0.2791
0.2791
0.2791
0.2791
0.2791
0.2791
0.2791
0.2791
0.2791
0.2791
0.2791
0.2791
0.2791
0.2791
0.2791
0.2791
0.2791
0.2791
0.2791
0.2791
0.2791
0.2791
0.2791
0.2791
0.2791
0.2791
0.2791
0.2791
0.2791
0.2791
0.2791
0.2791
0.2791
0.2791
0.2791
0.2791
0.2791
0.2791
0.2791
0.2791
0.2791
0.2791
0.2791
0.2791
0.2791
0.2791
0.2791
0.2791
0.2791
0.2791
0.2791
0.2791
0.2791
0.2791
0.2791
0.2791
0.2791
0.2791
0.2791
0.2791
0.2791
0.2791
0.2791
0.2791
0.2791
0.2791
0.2791
0.2791
0.2791
0.2791
0.2791
0.2791
0.2791
0.2791
0.2791
0.2791
0.2791
0.2791
0.2791
0.2791
0.2791
0.2791
0.2791
0.2791
0.2791
0.2791
0.2791
0.2791
0.2791
0.2791
0.2791
0.2791
0.2791
0.2791
0.2791
0.2791
0.2791
0.2791
0.2791
0.0000
0.2791
0.2791
0.2791
0.2791
0.2791
0.2791
0.2791
0.2791
0.2791
0.2791
0.2791
0.2791
0.0000
0.2791
0.2791
0.2791
0.2791
0.2791
0.2791
0.2791
0.2791
0.2791
0.2791
0.2791
0.2791
0.0000
0.2791
0.2791
0.2791
0.2791
0.2791
0.2791
0.2791
0.2791
0.2791
0.2791
0.2791
0.2791
0.0000
0.2791
0.2791
0.2791
0.2791
0.2791
0.2791
0.2791
0.2791
0.2791
0.2791
0.2791
0.2791
0.0000
0.2791
0.2791
0.2791
0.2791
0.2791
0.2791
0.2791
0.2791
0.2791
0.2791
0.2791
0.2791
0.0000
0.2791
0.2791
0.2791
0.2791
0.2791
0.2791
0.2791
0.2791
0.2791
0.2791
0.2791
0.2791
0.0000
0.2791
0.2791
0.2791
0.2791
0.2791
0.2791
0.2791
0.2791
0.2791
0.2791
0.2791
0.2791
0.2791
0.2791
0.2791
0.2791
0.2791
0.2791
0.2791
0.2791
0.2791
0.2791
0.2791
0.2791
0.2791
0.2791
0.2791
0.2791
0.2791
0.2791
0.2791
0.2791
0.2791
0.2791
0.2791
0.2791
0.2791
0.2791
0.2791
0.2791
0.2791
0.2791
0.2791
0.2791
0.2791
0.2791
0.2791
0.2791
0.2791
0.2791
0.2791
0.2791
0.2791
0.2791
0.2791
0.2791
0.2791
0.2791
0.2791
0.2791
0.2791
0.2791
0.2791
0.2791
0.2791
0.2791
0.2791
0.2791
0.2791
0.2791
0.2791
0.2791
0.2791
0.2791
0.2791
0.2791
0.2791
0.2791
0.2791
0.2791
0.2791
0.2791
0.2791
0.2791
0.2791
0.2791
0.2791
0.2791
0.2791
0.2791
0.2791
0.2791
0.2791
0.2791
0.2791
0.2791
0.2791
0.2791
0.2791
0.2791
0.2791
0.2791
0.2791
0.2791
0.2791
0.2791
0.2791
0.2791
0.2791
0.2791
0.2791
0.2791
0.2791
0.2791
0.2791
0.2791
0.2791
0.2791
0.2791
0.2791
0.2791
0.2791
0.2791
0.2791
0.2791
0.2791
0.2791
0.2791
0.2791
0.2791
0.2791
0.2791
0.2791
0.2791
0.2791
0.2791
0.2791
0.2791
0.2791
0.2791
0.2791
0.2791
0.2791
0.2791
0.2791
0.2791
0.2791
0.2791
0.2791
0.0000
0.2791
0.2791
0.2791
0.2791
0.2791
0.2791
0.2791
0.2791
0.2791
0.2791
0.2791
0.2791
0.0000
0.2791
0.2791
0.2791
0.2791
0.2791
0.2791
0.2791
0.2791
0.2791
0.2791
0.2791
0.2791
0.0000
0.2791
0.2791
0.2791
0.2791
0.2791
0.2791
0.2791
0.2791
0.2791
0.2791
0.2791
0.2791
0.0000
0.2791
0.2791
0.2791
0.2791
0.2791
0.2791
0.2791
0.2791
0.2791
0.2791
0.2791
0.2791
0.0000
0.2791
0.2791
0.2791
0.2791
0.2791
0.2791
0.2791
0.2791
0.2791
0.2791
0.2791
0.2791
0.0000
0.2791
0.2791
0.2791
0.2791
0.2791
0.2791
0.2791
0.2791
0.2791
0.2791
0.2791
0.2791
0.0000
0.2791
0.2791
0.2791
0.2791
0.2791
0.2791
0.2791
0.2791
0.2791
0.2791
0.2791
0.2791
0.0000
0.2791
0.2791
0.2791
0.2791
0.2791
0.2791
0.2791
0.2791
0.2791
0.2791
0.2791
0.2791
0.0000
0.2791
0.2791
0.2791
0.2791
0.2791
0.2791
0.2791
0.2791
0.2791
0.2791
0.2791
0.2791
0.0000
0.2791
0.2791
0.2791
0.2791
0.2791
0.2791
0.2791
0.2791
0.2791
0.2791
0.2791
0.2791
0.0000
0.2791
0.2791
0.2791
0.2791
0.2791
0.2791
0.2791
0.2791
0.2791
0.2791
0.2791
0.2791
0.0000
0.2791
0.2791
0.2791
0.2791
0.2791
0.2791
0.2791
0.2791
0.2791
0.2791
0.2791
0.2791
0.0000
0.2791
0.2791
0.2791
0.2791
0.2791
0.2791
0.2791
0.2791
0.2791
0.2791
0.2791
0.2791
0.0000
0.2791
0.2791
0.2791
0.2791
0.2791
0.2791
0.2791
0.2791
0.2791
0.2791
0.2791
0.2791
0.0000
0.2791
0.2791
0.2791
0.2791
0.2791
0.2791
0.2791
0.2791
0.2791
0.2791
0.2791
0.2791
0.0000
0.2791
0.2791
0.2791
0.2791
0.2791
0.2791
0.2791
0.2791
0.2791
0.2791
0.2791
0.2791
0.0000
0.2791
0.2791
0.2791
0.2791
0.2791
0.2791
0.2791
0.2791
0.2791
0.2791
0.2791
0.2791
0.0000
0.2791
0.2791
0.2791
0.2791
0.2791
0.2791
0.2791
0.2791
0.2791
0.2791
0.2791
0.2791
0.0000
0.2791
0.2791
0.2791
0.2791
0.2791
0.2791
0.2791
0.2791
0.2791
0.2791
0.2791
0.2791
0.0000
0.2791
0.2791
0.2791
0.2791
0.2791
0.2791
0.2791
0.2791
0.2791
0.2791
0.2791
0.2791
0.0000
0.2791
0.2791
0.2791
0.2791
0.2791
0.2791
0.2791
0.2791
0.2791
0.2791
0.2791
0.2791
0.0000
0.2791
0.2791
0.2791
0.2791
0.2791
0.2791
0.2791
0.2791
0.2791
0.2791
0.2791
0.2791
0.0000
0.2791
0.2791
0.2791
0.2791
0.2791
0.2791
0.2791
0.2791
0.2791
0.2791
0.2791
0.2791
0.0000
0.2791
0.2791
0.2791
0.2791
0.2791
0.2791
0.2791
0.2791
0.2791
0.2791
0.2791
0.2791
0.0000
0.2791
0.2791
0.2791
0.2791
0.2791
0.2791
0.2791
0.2791
0.2791
0.2791
0.2791
0.2791
0.0000
0.2791
0.2791
0.2791
0.2791
0.2791
0.2791
0.2791
0.2791
0.2791
0.2791
0.2791
0.2791
0.0000
0.2791
0.2791
0.2791
0.2791
0.2791
0.2791
0.2791
0.2791
0.2791
0.2791
0.2791
0.2791
0.0000
0.2791
0.2791
0.2791
0.2791
0.2791
0.2791
0.2791
0.2791
0.2791
0.2791
0.2791
0.2791
0.0000
0.2791
0.2791
0.2791
0.2791
0.2791
0.2791
0.2791
0.2791
0.2791
0.2791
0.2791
0.2791
0.0000
0.2791
0.2791
0.2791
0.2791
0.2791
0.2791
0.2791
0.2791
0.2791
0.2791
0.2791
0.2791
0.0000
0.2791
0.2791
0.2791
0.2791
0.2791
0.2791
0.2791
0.2791
0.2791
0.2791
0.2791
0.2791
0.0000
0.2791
0.2791
0.2791
0.2791
0.2791
0.2791
0.2791
0.2791
0.2791
0.2791
0.2791
0.2791
0.0000
0.2791
0.2791
0.2791
0.0558
0.0558
0.0558
0.0558
0.0558
0.0558
0.0603
0.0723
0.0737
0.0000
0.1292
0.0789
0.2145
0.1187
0.1149
0.1148
0.1150
0.1153
0.1156
0.1160
0.1163
0.1167
0.1171
0.1174
0.2791
0.2791
0.2435
0.2311
0.2304
0.2268
0.2246
0.2236
0.2224
0.2216
0.2215
0.2214
0.2216
0.2218
0.2220
0.2224
0.2229
0.2235
0.2241
0.2248
0.2254
0.2306
0.2312
0.2542
0.2469
0.2610
0.2536
0.2319
0.2323
0.2329
0.2336
0.2341
0.2350
0.2356
0.2452
0.2369
0.2376
0.2428
0.2391
0.2401
0.2406
0.2455
0.2503
0.2454
0.2429
0.2436
0.2442
0.2448
0.2455
0.2461
0.2469
0.2539
0.2665
0.2544
0.2791
0.2599
0.2527
0.2580
0.2542
0.2549
0.2553
0.2559
0.2562
0.2555
0.2579
0.2583
0.2585
0.2587
0.2594
0.2633
0.2606
0.2593
0.2596
0.2642
0.2642
0.2602
0.2604
0.2608
0.2612
0.2616
0.2621
0.2627
0.2632
0.2726
0.2735
0.2676
0.2657
0.2661
0.2666
0.2672
0.2677
0.2683
0.2689
0.2740
0.2791
0.2791
0.2791
0.2791
0.2747
0.2745
0.2750
0.2753
0.2791
0.2791
0.2791
0.2791
0.2791
0.2791
0.2791
0.2791
0.2791
0.2791
0.2791
0.2791
0.2791
0.2791
0.2791
0.2791
0.2791
0.2791
0.2791
0.2791
0.2791
0.2791
0.2791
0.2791
0.2791
0.2791
0.2791
0.2791
0.2791
0.2791
0.2791
0.2791
0.2791
0.2791
0.2791
0.2791
0.2791
0.2791
0.2791
0.2791
0.2789
0.2777
0.2770
0.2765
0.2759
0.2763
0.2761
0.2751
0.2788
0.2769
0.2739
0.2735
0.2738
0.2767
0.2712
0.2716
0.2712
0.2696
0.2700
0.2693
0.2731
0.2686
0.2674
0.2682
0.2661
0.2660
0.2649
0.2646
0.2639
0.2635
0.2624
0.2627
0.2624
0.2620
0.2616
0.2612
0.2608
0.2648
0.0000
0.0000
0.0000
0.0558
0.0558
0.0558
0.0558
0.0558
0.0558
0.0558
0.0558
0.0558
0.0558
0.0558
0.0558
0.0000
0.0699
0.0558
0.0558
0.0559
0.0583
0.0597
0.0609
