0.3466
0.2000
0.2000
0.2000
0.2000
0.0000
0.2000
0.2000
0.2000
0.2000
0.2000
0.2000
0.2000
0.2000
0.2000
0.2000
0.2000
0.2000
0.0000
0.2000
0.2000
0.2000
0.2000
0.2000
0.2000
0.2000
0.2000
0.2000
0.2000
0.2000
0.2000
0.0000
0.2000
0.2000
0.2000
0.2000
0.2000
0.2000
0.2000
0.2000
0.2000
0.2000
0.2000
0.2000
0.0000
0.2000
0.2000
0.2000
0.2000
0.2000
0.2000
0.2000
0.2000
0.2000
0.2000
0.2000
0.2000
0.0000
0.2000
0.2000
0.2000
0.2000
0.2000
0.2000
0.2000
0.2000
0.2000
0.2000
0.2000
0.2000
0.0000
0.2000
0.2000
0.2000
0.2000
0.2000
0.2000
0.2000
0.2000
0.2000
0.2000
0.2000
0.2000
0.2000
0.2000
0.3838
0.2769
0.2680
0.2639
0.7084
0.7505
0.7832
0.8331
0.8858
0.8911
0.9187
0.9215
0.9250
0.9272
0.9293
0.9311
0.9328
0.9343
0.9358
0.9371
0.9384
0.9165
0.8700
0.8467
0.8247
0.8698
0.8949
0.9420
0.9460
0.9457
0.9471
0.9480
0.9500
0.9507
0.9518
0.8589
0.8348
0.8347
0.8814
0.9072
0.9309
0.9556
0.8410
0.3435
0.3214
0.3096
0.3009
0.2940
0.2882
0.2833
0.2790
0.7220
0.7413
0.8190
0.8280
0.8787
0.9289
0.9358
0.8931
0.8488
0.8041
0.7818
0.7824
0.3334
0.3153
0.3051
0.2976
0.2924
0.7101
0.7330
0.7595
0.7894
0.8412
0.8938
0.9205
0.9255
0.9286
0.9318
0.9580
0.9611
0.9639
0.9663
0.9686
0.9475
0.9263
0.3607
0.3379
0.3264
0.3180
0.3114
0.3059
0.3012
0.2971
0.2936
0.2913
0.7132
0.7775
0.9030
0.9344
0.9439
0.9493
0.9768
0.9352
0.9390
0.9652
0.9452
0.9011
0.9007
0.8807
0.9269
1.0000
0.9801
1.0000
1.0000
1.0000
1.0000
1.0000
1.0000
1.0000
1.0000
1.0000
1.0000
1.0000
0.9846
0.9367
0.9143
0.3937
0.8428
0.8964
0.9203
0.9250
0.9013
0.8563
0.8082
0.8503
0.9032
0.9287
0.9256
0.8844
0.3804
0.3587
0.3462
0.3368
0.3290
0.3224
0.3167
0.3115
0.3075
0.3029
0.7499
0.8102
0.8638
0.8745
0.8795
0.8805
0.8864
0.8883
0.8428
0.7985
0.7751
0.3496
0.3275
0.3163
0.3080
0.3028
0.2955
0.2905
0.2859
0.7282
0.7469
0.7783
0.8308
0.8360
0.8606
0.8666
0.8694
0.8716
0.8735
0.8750
0.8763
0.0000
0.0000
0.0000
0.2000
0.2000
0.2000
0.2000
0.2000
0.2000
0.2000
0.2000
0.2000
0.2000
0.2000
0.2289
0.0000
0.5308
0.3639
0.3587
0.3636
0.3686
0.3584
0.3475
0.3362
0.2000
0.2000
0.2000
0.2000
0.0000
0.2000
0.2000
0.2000
0.2000
0.2000
0.2000
0.2000
0.2000
0.2000
0.2000
0.2000
0.2000
0.0000
0.2000
0.2000
0.2000
0.2000
0.2000
0.2000
0.2000
0.2000
0.2000
0.2000
0.2000
0.2000
0.0000
0.2000
0.2000
0.2000
0.2000
0.2000
0.2000
0.2000
0.2000
0.2000
0.2000
0.2000
0.2000
0.0000
0.2000
0.2000
0.2000
0.2000
0.2000
0.2000
0.2000
0.2000
0.2000
0.2000
0.2000
0.2000
0.0000
0.2000
0.2000
0.2000
0.2000
0.2000
0.2000
0.2000
0.2000
0.2000
0.2000
0.2000
0.2000
0.0000
0.2000
0.2000
0.2000
0.2000
0.2000
0.2000
0.2000
0.2000
0.2000
0.2000
0.2000
0.2000
0.2000
0.2000
0.3783
0.2769
0.2684
0.2647
0.2627
0.2610
0.7007
0.7208
0.7987
0.8765
0.9067
0.9122
0.9173
0.9210
0.9240
0.9268
0.9294
0.9317
0.9337
0.9356
0.9374
0.9387
0.8480
0.8466
0.8940
0.8495
0.8968
0.9444
0.9463
0.9482
0.9497
0.9507
0.9531
0.9541
0.9554
0.8625
0.8144
0.8400
0.8860
0.9117
0.9358
0.9381
0.8691
0.3490
0.3274
0.3158
0.3073
0.3006
0.2949
0.2902
0.2861
0.7322
0.7729
0.8526
0.8816
0.9119
0.9390
0.9458
0.9264
0.9296
0.8857
0.8407
0.8411
0.7705
0.3499
0.3285
0.3181
0.3106
0.3055
0.7233
0.7695
0.7968
0.8244
0.8292
0.8600
0.8873
0.8924
0.9647
0.9694
0.9731
0.9765
0.9795
0.9823
0.9838
0.8932
0.3738
0.3525
0.3413
0.3332
0.3269
0.3218
0.3175
0.3138
0.3106
0.3093
0.8226
0.8701
0.9027
0.9572
0.9651
0.9710
1.0000
1.0000
1.0000
0.9993
0.9269
0.9504
0.9050
0.9049
0.9311
0.9558
0.9594
1.0000
1.0000
1.0000
1.0000
1.0000
1.0000
1.0000
1.0000
1.0000
1.0000
1.0000
1.0000
0.9744
0.9735
0.8960
0.8519
0.8967
0.9411
0.9621
0.9187
0.9414
0.8945
0.8656
0.8712
0.9658
0.9635
0.9437
0.4189
0.3955
0.3829
0.3733
0.3655
0.3588
0.3531
0.3479
0.7680
0.7927
0.8645
0.8943
0.9174
0.9269
0.9301
0.9336
0.9115
0.9121
0.8637
0.8206
0.3926
0.3704
0.3589
0.3501
0.3429
0.3375
0.3335
0.7514
0.7930
0.8452
0.8778
0.8822
0.8859
0.9122
0.9150
0.9172
0.9190
0.9205
0.9217
0.9228
0.9236
0.0000
0.0000
0.0000
0.2000
0.2000
0.2000
0.2000
0.2000
0.2000
0.2000
0.2000
0.2000
0.2000
0.2000
0.2000
0.0000
0.5562
0.3856
0.3800
0.3848
0.3894
0.3643
0.3383
0.3406
0.2000
0.2000
0.2000
0.2000
0.0000
0.2000
0.2000
0.2000
0.2000
0.2000
0.2000
0.2000
0.2000
0.2000
0.2000
0.2000
0.2000
0.0000
0.2000
0.2000
0.2000
0.2000
0.2000
0.2000
0.2000
0.2000
0.2000
0.2000
0.2000
0.2000
0.0000
0.2000
0.2000
0.2000
0.2000
0.2000
0.2000
0.2000
0.2000
0.2000
0.2000
0.2000
0.2000
0.0000
0.2000
0.2000
0.2000
0.2000
0.2000
0.2000
0.2000
0.2000
0.2000
0.2000
0.2000
0.2000
0.0000
0.2000
0.2000
0.2000
0.2000
0.2000
0.2000
0.2000
0.2000
0.2000
0.2000
0.2000
0.2000
0.0000
0.2000
0.2000
0.2000
0.2000
0.2000
0.2000
0.2000
0.2000
0.2000
0.2000
0.2000
0.2000
0.2000
0.2000
0.5296
0.3543
0.3365
0.3296
0.3282
0.7440
0.8308
0.8405
0.9164
0.9682
0.9727
0.9763
0.9794
0.9813
0.9832
0.9849
0.9861
0.9873
0.9884
0.9894
0.9903
0.9910
0.9439
0.8972
0.8759
0.8742
0.9673
0.9916
0.9929
0.9944
0.9952
0.9956
0.9976
0.9979
0.9987
0.9288
0.8349
0.8802
0.8804
0.9509
0.9757
1.0000
0.8864
0.3864
0.3639
0.3518
0.3428
0.3355
0.3295
0.3242
0.3197
0.3169
0.7854
0.8269
0.9291
0.9610
0.9665
0.9738
0.9780
0.9814
0.9609
0.9636
0.8737
0.3769
0.3562
0.3452
0.3372
0.3311
0.3257
0.3228
0.7419
0.7846
0.8430
0.8720
0.9006
0.9305
0.9577
0.9857
0.9901
0.9939
0.9972
1.0000
1.0000
0.9834
0.8924
0.3935
0.3717
0.3605
0.3524
0.3460
0.3408
0.3365
0.3327
0.3295
0.3268
0.3262
0.8476
0.9534
0.9680
0.9770
0.9607
0.9659
1.0000
0.9451
1.0000
1.0000
1.0000
0.9791
0.9943
0.9735
0.9754
1.0000
1.0000
1.0000
1.0000
1.0000
1.0000
1.0000
1.0000
1.0000
1.0000
1.0000
1.0000
1.0000
1.0000
0.9407
0.9253
0.9452
0.9431
0.9652
0.9853
0.9415
0.9636
0.9342
0.8918
0.9418
0.9392
0.9601
0.9656
0.4375
0.4148
0.4019
0.3922
0.3842
0.3775
0.3715
0.3662
0.7869
0.8092
0.8379
0.8887
0.9134
0.9443
0.9478
0.9270
0.9078
0.9037
0.8838
0.8338
0.4090
0.3864
0.3747
0.3658
0.3585
0.3522
0.7999
0.8156
0.8447
0.8502
0.8751
0.9039
0.9302
0.9331
0.9352
0.9368
0.9382
0.9393
0.9402
0.9409
0.9415
0.0000
0.0000
0.0000
0.4142
0.2981
0.2984
0.3039
0.3088
0.2000
0.2000
0.2000
0.2000
0.2000
0.3577
0.3926
0.0000
0.6709
0.4270
0.4115
0.4125
0.4143
0.3723
0.3736
0.3462
0.2000
0.2000
0.2000
0.2000
0.0000
0.2000
0.2000
0.2000
0.2000
0.2000
0.2000
0.2000
0.2000
0.2000
0.2000
0.2000
0.2000
0.0000
0.2000
0.2000
0.2000
0.2000
0.2000
0.2000
0.2000
0.2000
0.2000
0.2000
0.2000
0.2000
0.0000
0.2000
0.2000
0.2000
0.2000
0.2000
0.2000
0.2000
0.2000
0.2000
0.2000
0.2000
0.2000
0.0000
0.2000
0.2000
0.2000
0.2000
0.2000
0.2000
0.2000
0.2000
0.2000
0.2000
0.2000
0.2000
0.0000
0.2000
0.2000
0.2000
0.2000
0.2000
0.2000
0.2000
0.2000
0.2000
0.2000
0.2000
0.2000
0.0000
0.2000
0.2000
0.2000
0.2000
0.2000
0.2000
0.2000
0.2000
0.2000
0.2000
0.2000
0.2000
0.2000
0.2000
0.5781
0.3795
0.3588
0.3509
0.7998
0.8350
0.8448
0.8693
0.9201
0.9236
0.9964
0.9999
1.0000
1.0000
1.0000
1.0000
1.0000
1.0000
1.0000
1.0000
1.0000
1.0000
0.9987
0.9452
0.8947
0.8735
0.9656
1.0000
1.0000
1.0000
1.0000
1.0000
1.0000
1.0000
1.0000
0.9897
0.8607
0.9023
0.9277
0.9986
1.0000
0.9774
0.8847
0.4068
0.3851
0.3728
0.3638
0.3565
0.3504
0.3452
0.3406
0.3368
0.7830
0.8520
0.9516
0.9834
0.9888
0.9958
0.9762
0.9338
0.8886
0.8669
0.8213
0.3943
0.3718
0.3636
0.3559
0.3512
0.7745
0.8125
0.8440
0.8513
0.8556
0.8594
0.9329
0.9370
0.9874
0.9911
0.9944
0.9973
0.9999
1.0000
1.0000
0.9616
0.8681
0.4151
0.3933
0.3819
0.3736
0.3671
0.3616
0.3570
0.3530
0.3495
0.3471
0.8426
0.9537
0.9906
0.9970
1.0000
0.9900
1.0000
1.0000
1.0000
1.0000
1.0000
1.0000
0.9787
0.9025
0.9251
0.9737
1.0000
1.0000
1.0000
1.0000
1.0000
1.0000
1.0000
1.0000
1.0000
1.0000
1.0000
1.0000
1.0000
1.0000
1.0000
0.9917
0.9493
0.9186
0.9444
1.0000
0.9636
0.9122
0.9117
0.9123
0.9552
0.9784
0.9996
0.9609
0.4544
0.4308
0.4176
0.4076
0.3993
0.3923
0.3861
0.3806
0.3756
0.7969
0.8888
0.9220
0.9467
0.9500
0.9570
0.9132
0.9128
0.9158
0.8916
0.8706
0.4193
0.3962
0.3845
0.3756
0.7975
0.8109
0.8169
0.8454
0.8470
0.8733
0.8747
0.8778
0.9243
0.9261
0.9478
0.9520
0.9530
0.9537
0.9542
0.9545
0.9083
0.0000
0.0000
0.0000
0.2000
0.2000
0.2000
0.2000
0.2000
0.2000
0.2000
0.2000
0.2000
0.2000
0.3278
0.3729
0.0000
0.6337
0.4128
0.4014
0.4040
0.4070
0.4098
0.3831
0.3706
0.2000
0.2000
0.2000
0.2000
0.0000
0.2000
0.2000
0.2000
0.2000
0.2000
0.2000
0.2000
0.2000
0.2000
0.2000
0.2000
0.2000
0.0000
0.2000
0.2000
0.2000
0.2000
0.2000
0.2000
0.2000
0.2000
0.2000
0.2000
0.2000
0.2000
0.0000
0.2000
0.2000
0.2000
0.2000
0.2000
0.2000
0.2000
0.2000
0.2000
0.2000
0.2000
0.2000
0.0000
0.2000
0.2000
0.2000
0.2000
0.2000
0.2000
0.2000
0.2000
0.2000
0.2000
0.2000
0.2000
0.0000
0.2000
0.2000
0.2000
0.2000
0.2000
0.2000
0.2000
0.2000
0.2000
0.2000
0.2000
0.2000
0.0000
0.2000
0.2000
0.2000
0.2000
0.2000
0.2000
0.2000
0.2000
0.2000
0.2000
0.2000
0.2000
0.2000
0.2000
0.5762
0.3771
0.3574
0.3497
0.3437
0.3383
0.3334
0.3289
0.3247
0.3206
0.3168
0.3132
0.3098
0.3065
0.3034
0.3004
0.2975
0.2948
0.2922
0.2898
0.2874
0.2852
0.2831
0.2811
0.2792
0.2773
0.2756
0.2739
0.2724
0.2709
0.2695
0.2682
0.2670
0.2658
0.2647
0.2636
0.2626
0.2617
0.2608
0.2600
0.2592
0.2585
0.2577
0.2571
0.2564
0.2558
0.2553
0.2547
0.2542
0.2538
0.2533
0.2529
0.2525
0.2521
0.2517
0.2514
0.2511
0.2508
0.2505
0.2503
0.2500
0.2497
0.2495
0.2493
0.2491
0.2489
0.2487
0.2485
0.2484
0.2482
0.2480
0.2479
0.2478
0.2476
0.2475
0.2474
0.2472
0.2471
0.2470
0.2469
0.2468
0.2467
0.2466
0.2466
0.2465
0.2464
0.2464
0.2463
0.2463
0.2462
0.2462
0.2462
0.2461
0.2461
0.2461
0.2461
0.2461
0.2461
0.2461
0.2461
0.2462
0.2462
0.2462
0.2463
0.2463
0.2463
0.2464
0.2464
0.2465
0.2465
0.2466
0.2466
0.2467
0.2467
0.2468
0.2468
0.2469
0.2470
0.2470
0.2471
0.2000
0.2000
0.2000
0.2000
0.2000
0.2000
0.2000
0.2000
0.2000
0.2000
0.2000
0.2000
0.0000
0.2000
0.2000
0.2000
0.2000
0.2000
0.2000
0.2000
0.2000
0.2000
0.2000
0.2000
0.2000
0.0000
0.2000
0.2000
0.2000
0.2000
0.2000
0.2000
0.2000
0.2000
0.2000
0.2000
0.2000
0.2000
0.0000
0.2000
0.2000
0.2000
0.2000
0.2000
0.2000
0.2000
0.2000
0.2000
0.2000
0.2000
0.2000
0.0000
0.2000
0.2000
0.2000
0.2000
0.2000
0.2000
0.2000
0.2000
0.2000
0.2000
0.2000
0.2000
0.0000
0.2000
0.2000
0.2000
0.2000
0.2000
0.2000
0.2000
0.2000
0.2000
0.2000
0.2000
0.2000
0.0000
0.2000
0.2000
0.2000
0.2000
0.2000
0.2000
0.2000
0.2000
0.2000
0.2000
0.2000
0.2000
0.0000
0.2000
0.2000
0.2000
0.2000
0.2000
0.2000
0.2000
0.2000
0.2000
0.2000
0.2000
0.2000
0.0000
0.2000
0.2000
0.2000
0.2000
0.2000
0.2000
0.2000
0.2000
0.2000
0.2000
0.2000
0.2000
0.0000
0.2000
0.2000
0.2000
0.2000
0.2000
0.2000
0.2000
0.2000
0.2000
0.2000
0.2000
0.2000
0.0000
0.2000
0.2000
0.2000
0.2000
0.2000
0.2000
0.2000
0.2000
0.2000
0.2000
0.2000
0.2000
0.0000
0.2000
0.2000
0.2000
0.2000
0.2000
0.2000
0.2000
0.2000
0.2000
0.2000
0.2000
0.2000
0.0000
0.2000
0.2000
0.2000
0.2000
0.2000
0.2000
0.2000
0.2000
0.2000
0.2000
0.2000
0.2000
0.0000
0.2000
0.2000
0.2000
0.2000
0.2000
0.2000
0.2000
0.2000
0.2000
0.2000
0.2000
0.2000
0.0000
0.2000
0.2000
0.2000
0.2000
0.2000
0.2000
0.2000
0.2000
0.2000
0.2000
0.2000
0.2000
0.0000
0.2000
0.2000
0.2000
0.2000
0.2000
0.2000
0.2000
0.2000
0.2000
0.2000
0.2000
0.2000
0.0000
0.2000
0.2000
0.2000
0.2000
0.2000
0.2000
0.2000
0.2000
0.2000
0.2000
0.2000
0.2000
0.0000
0.2000
0.2000
0.2000
0.2000
0.2000
0.2000
0.2000
0.2000
0.2000
0.2000
0.2000
0.2000
0.0000
0.2000
0.2000
0.2000
0.2000
0.2000
0.2000
0.2000
0.2000
0.2000
0.2000
0.2000
0.2000
0.0000
0.2000
0.2000
0.2000
0.2000
0.2000
0.2000
0.2000
0.2000
0.2000
0.2000
0.2000
0.2000
0.0000
0.2000
0.2000
0.2000
0.2000
0.2000
0.2000
0.2000
0.2000
0.2000
0.2000
0.2000
0.2000
0.0000
0.2000
0.2000
0.2000
0.2000
0.2000
0.2000
0.2000
0.2000
0.2000
0.2000
0.2000
0.2000
0.0000
0.2000
0.2000
0.2000
0.2000
0.2000
0.2000
0.2000
0.2000
0.2000
0.2000
0.2000
0.2000
0.0000
0.2000
0.2000
0.2000
0.2000
0.2000
0.2000
0.2000
0.2000
0.2000
0.2000
0.2000
0.2000
0.0000
0.2000
0.2000
0.2000
0.2000
0.2000
0.2000
0.2000
0.2000
0.2000
0.2000
0.2000
0.2000
0.0000
0.2000
0.2000
0.2000
0.2000
0.2000
0.2000
0.2000
0.2000
0.2000
0.2000
0.2000
0.2000
0.0000
0.2000
0.2000
0.2000
0.2000
0.2000
0.2000
0.2000
0.2000
0.2000
0.2000
0.2000
0.2000
0.0000
0.2000
0.2000
0.2000
0.2000
0.2000
0.2000
0.2000
0.2000
0.2000
0.2000
0.2000
0.2000
0.0000
0.2000
0.2000
0.2000
0.2000
0.2000
0.2000
0.2000
0.2000
0.2000
0.2000
0.2000
0.2000
0.0000
0.2000
0.2000
0.2000
0.2000
0.2000
0.2000
0.2000
0.2000
0.2000
0.2000
0.2000
0.2000
0.0000
0.2000
0.2000
0.2000
0.2000
0.2000
0.2000
0.2000
0.2000
0.2000
0.2000
0.2000
0.2000
0.0000
0.2000
0.2000
0.2000
0.2000
0.2000
0.2000
0.2000
0.2000
0.2000
0.2000
0.2000
0.2000
0.0000
0.2000
0.2000
0.2000
0.2000
0.2000
0.2000
0.2000
0.2000
0.2000
0.2000
0.2000
0.2000
0.0000
0.2000
0.2000
0.2000
0.2000
0.2000
0.2000
0.2000
0.2000
0.2000
0.2000
0.2000
0.2000
0.0000
0.2000
0.2000
0.2000
0.2000
0.2000
0.2000
0.2000
0.2000
0.2000
0.2000
0.2000
0.2000
0.2000
0.2000
0.5675
0.3733
0.3530
0.3451
0.3414
0.7616
0.7996
0.8291
0.9043
0.9794
0.9843
0.9879
0.9909
0.9929
0.9944
0.9960
0.9973
0.9984
0.9994
1.0000
1.0000
0.9559
0.9551
0.9552
0.8927
0.8583
0.9311
1.0000
1.0000
1.0000
1.0000
1.0000
1.0000
1.0000
0.9718
0.9661
0.8725
0.8954
0.8953
0.9652
0.9905
0.9681
0.9250
0.4029
0.3796
0.3677
0.3591
0.3522
0.3466
0.3419
0.3378
0.7591
0.8256
0.8377
0.8650
0.9401
0.9926
0.9998
0.9342
0.9136
0.8920
0.8485
0.8262
0.8268
0.4024
0.3809
0.3707
0.3633
0.7826
0.8248
0.8797
0.9096
0.9380
0.9912
0.9950
0.9996
1.0000
1.0000
1.0000
1.0000
1.0000
1.0000
1.0000
1.0000
0.9398
0.4416
0.4156
0.4034
0.3947
0.3879
0.3823
0.3777
0.3737
0.3703
0.3674
0.7935
0.8818
0.9379
0.9927
1.0000
1.0000
0.9941
1.0000
1.0000
1.0000
1.0000
1.0000
1.0000
0.9905
0.9992
1.0000
1.0000
1.0000
1.0000
1.0000
1.0000
1.0000
1.0000
1.0000
1.0000
1.0000
1.0000
1.0000
1.0000
1.0000
1.0000
1.0000
1.0000
0.9720
1.0000
1.0000
1.0000
1.0000
0.9848
0.9270
0.9466
1.0000
0.9973
0.9701
0.4922
0.4664
0.4534
0.4433
0.4351
0.4281
0.4219
0.4165
0.8381
0.8826
0.9121
0.9182
0.9688
0.9949
1.0000
1.0000
0.9822
0.9591
0.9131
0.8893
0.4606
0.4369
0.4249
0.4157
0.4082
0.8296
0.8459
0.8525
0.8801
0.9556
0.9197
0.9377
0.9815
0.9867
0.9883
0.9901
0.9903
0.9909
0.9914
0.9916
0.9684
0.0000
0.0000
0.0000
0.2000
0.2000
0.2000
0.2000
0.2000
0.2000
0.2000
0.2000
0.2000
0.2000
0.2000
0.2843
0.0000
0.6429
0.4189
0.4083
0.4113
0.4145
0.4026
0.3902
0.3774
1.0000
1.0000
1.0000
1.0000
0.0000
1.0000
1.0000
1.0000
1.0000
1.0000
1.0000
1.0000
1.0000
1.0000
1.0000
1.0000
1.0000
0.0000
1.0000
1.0000
1.0000
1.0000
1.0000
1.0000
1.0000
1.0000
1.0000
1.0000
1.0000
1.0000
0.0000
1.0000
1.0000
1.0000
1.0000
1.0000
1.0000
1.0000
1.0000
1.0000
1.0000
1.0000
1.0000
0.0000
1.0000
1.0000
1.0000
1.0000
1.0000
1.0000
1.0000
1.0000
1.0000
1.0000
1.0000
1.0000
0.0000
1.0000
1.0000
1.0000
1.0000
1.0000
1.0000
1.0000
1.0000
1.0000
1.0000
1.0000
1.0000
0.0000
1.0000
1.0000
1.0000
1.0000
1.0000
1.0000
1.0000
1.0000
1.0000
1.0000
1.0000
1.0000
1.0000
1.0000
0.2000
0.2000
0.2000
0.2000
0.2000
0.2000
0.2000
0.2000
0.2000
0.2000
0.2000
0.2000
0.2000
0.2000
0.2000
0.2000
0.2000
0.2000
0.2000
0.2000
0.2000
0.2000
0.2000
0.2000
0.2000
0.2000
0.2000
0.2000
0.2000
0.2000
0.2000
0.2000
0.2000
0.2000
0.2000
0.2000
0.2000
0.2000
0.2000
0.2000
0.2000
0.2000
0.2000
0.2000
0.2000
0.2000
0.2000
0.2000
0.2000
0.2000
0.2000
0.2000
0.2000
0.2000
0.2000
0.2000
0.2000
0.2000
0.2000
0.2000
0.2000
0.2000
0.2000
0.2000
0.2000
0.2000
0.2000
0.2000
0.2000
0.2000
0.2000
0.2000
0.2000
0.2000
0.2000
0.2000
0.2000
0.2000
0.2000
0.2000
0.2000
0.2000
0.2000
0.2000
0.2000
0.2000
0.2000
0.2000
0.2000
0.2000
0.2000
0.2000
0.2000
0.2000
0.2000
0.2000
0.2000
0.2000
0.2000
0.2000
0.2000
0.2000
0.2000
0.2000
0.2000
0.2000
0.2000
0.2000
0.2000
0.2000
0.2000
0.2000
0.2238
0.2567
0.2625
0.2757
0.2804
0.2763
0.2552
0.2581
0.2448
0.2476
0.2505
0.2450
0.2310
0.2331
0.2189
0.2042
0.2140
0.2327
0.2353
0.2292
0.2227
0.2326
0.2264
0.2362
0.2464
0.2567
0.2173
0.2000
0.2000
0.2000
0.2000
0.2000
0.2000
0.2000
0.2000
0.2000
0.2000
0.2000
0.2000
0.2000
0.2000
0.2359
0.2384
0.2345
0.2213
0.2156
0.2179
0.2201
0.2000
0.2000
0.2000
0.2000
0.2000
0.2000
0.2000
0.2000
0.2000
0.2000
0.2000
0.2005
0.2437
0.2580
0.2620
0.2652
0.2679
0.2702
0.2723
0.2659
1.0000
1.0000
1.0000
1.0000
1.0000
1.0000
1.0000
1.0000
1.0000
1.0000
1.0000
1.0000
0.0000
1.0000
1.0000
1.0000
1.0000
1.0000
1.0000
1.0000
1.0000
1.0000
1.0000
1.0000
1.0000
0.0000
1.0000
1.0000
1.0000
1.0000
1.0000
1.0000
1.0000
1.0000
1.0000
1.0000
1.0000
1.0000
0.0000
1.0000
1.0000
1.0000
1.0000
1.0000
1.0000
1.0000
1.0000
1.0000
1.0000
1.0000
1.0000
0.0000
1.0000
1.0000
1.0000
1.0000
1.0000
1.0000
1.0000
1.0000
1.0000
1.0000
1.0000
1.0000
0.0000
1.0000
1.0000
1.0000
1.0000
1.0000
1.0000
1.0000
1.0000
1.0000
1.0000
1.0000
1.0000
0.0000
1.0000
1.0000
1.0000
1.0000
1.0000
1.0000
1.0000
1.0000
1.0000
1.0000
1.0000
1.0000
0.0000
1.0000
1.0000
1.0000
1.0000
1.0000
1.0000
1.0000
1.0000
1.0000
1.0000
1.0000
1.0000
1.0000
1.0000
1.0000
1.0000
1.0000
0.2000
0.2000
0.2000
0.2000
0.2000
0.2000
0.2000
0.2000
0.2000
0.2000
0.2000
0.2000
0.2000
0.2000
0.2000
0.2000
0.2000
0.2000
0.2000
0.2000
0.2000
0.2000
0.2000
0.2000
0.2000
0.2000
0.2000
0.2000
0.2000
0.2000
0.2000
0.2000
0.2000
0.2000
0.2000
0.2000
0.2000
0.2000
0.2000
0.2000
0.2000
0.2000
0.2000
0.2000
0.2000
0.2000
0.2000
0.2000
0.2000
0.2000
0.2000
0.2000
0.2000
0.2000
0.2000
0.2000
0.2000
0.2000
0.2000
0.2000
0.2000
0.2000
0.2000
0.2000
0.2000
0.2000
0.2000
0.2000
0.2000
0.2000
0.2000
0.2000
0.2000
0.2000
0.2000
0.2000
0.2000
0.2000
0.2000
0.2000
0.2000
0.2000
0.2000
0.2000
0.2000
0.2000
0.2000
0.2000
0.2000
0.2000
0.2000
0.2000
0.2000
0.2000
0.2000
0.2000
0.2000
0.2000
0.2000
0.2000
0.2000
0.2000
0.2004
0.2395
0.2490
0.2393
0.2282
0.2245
0.2291
0.2333
0.2457
0.2331
0.2780
0.3072
0.3197
0.3316
0.3351
0.3382
0.3410
0.3355
0.3215
0.3237
0.3091
0.2942
0.2791
0.2640
0.2568
0.2664
0.2678
0.2694
0.2875
0.2808
0.2647
0.2502
0.2592
0.2766
0.2946
0.2961
0.2644
0.2000
0.2000
0.2000
0.2000
0.2000
0.2000
0.2000
0.2000
0.2000
0.2000
0.2000
0.2000
0.2000
0.2506
0.2795
0.2847
0.2799
0.2744
0.2681
0.2534
0.2547
0.2000
0.2000
0.2000
0.2000
0.2000
0.2000
0.2000
0.2000
0.2000
0.2000
0.2434
0.2786
0.2913
0.2944
0.2964
0.2984
0.3000
0.3014
0.3027
0.2955
1.0000
1.0000
1.0000
1.0000
1.0000
1.0000
1.0000
1.0000
1.0000
1.0000
1.0000
1.0000
0.0000
1.0000
1.0000
1.0000
1.0000
1.0000
1.0000
1.0000
1.0000
1.0000
1.0000
1.0000
0.2000
0.0000
0.2000
0.2000
0.2000
0.2000
0.2000
0.2000
0.2000
0.2000
0.2000
0.2000
0.2000
0.2000
0.0000
0.2129
0.2000
0.2000
0.2000
0.2000
0.2000
0.2000
0.2000
0.2000
0.2000
0.2000
0.2000
0.0000
0.2000
0.2000
0.2000
0.2000
0.2000
0.2000
0.2000
0.2000
0.2000
0.2000
0.2000
0.2000
0.0000
0.2000
0.2000
0.2000
0.2000
0.2000
0.2000
0.2000
0.2000
0.2000
0.2000
0.2000
0.2000
0.0000
0.2000
0.2000
0.2000
0.2000
0.2000
0.2000
0.3945
0.2834
0.2716
0.2666
0.2620
0.2576
0.0000
0.3984
0.2555
0.2449
0.2406
0.2368
0.5361
0.3832
0.3638
0.3551
0.3480
0.3416
0.3356
0.3301
0.3248
0.3197
0.3150
0.3104
0.8572
0.6085
0.5718
0.5560
1.0000
1.0000
1.0000
1.0000
1.0000
1.0000
1.0000
1.0000
1.0000
1.0000
1.0000
1.0000
1.0000
1.0000
1.0000
1.0000
1.0000
1.0000
1.0000
1.0000
1.0000
1.0000
1.0000
1.0000
1.0000
1.0000
1.0000
1.0000
1.0000
1.0000
1.0000
1.0000
1.0000
1.0000
1.0000
1.0000
1.0000
1.0000
1.0000
0.6679
0.5627
0.5372
0.5223
0.5106
0.5008
0.4924
0.4850
0.9090
0.9510
1.0000
1.0000
1.0000
1.0000
1.0000
1.0000
1.0000
1.0000
1.0000
0.9877
0.5354
0.5092
0.4952
0.4849
0.4766
0.8974
0.9645
0.9973
1.0000
1.0000
1.0000
1.0000
1.0000
1.0000
1.0000
1.0000
1.0000
1.0000
1.0000
1.0000
1.0000
1.0000
0.6249
0.5311
0.5086
0.4956
0.4855
0.4772
0.4701
0.4648
0.4584
0.9306
0.9768
1.0000
1.0000
1.0000
1.0000
1.0000
1.0000
1.0000
1.0000
1.0000
1.0000
1.0000
1.0000
1.0000
1.0000
1.0000
1.0000
1.0000
1.0000
1.0000
1.0000
1.0000
1.0000
1.0000
1.0000
1.0000
1.0000
1.0000
1.0000
1.0000
1.0000
1.0000
1.0000
1.0000
1.0000
1.0000
1.0000
1.0000
1.0000
1.0000
1.0000
1.0000
1.0000
1.0000
0.5919
0.5306
0.5115
0.4989
0.4886
0.4799
0.4721
0.4653
0.4593
0.4548
0.8793
0.9650
0.9918
1.0000
1.0000
1.0000
0.9528
0.9452
0.9210
0.4901
0.4670
0.4548
0.4453
0.4374
0.8581
0.8757
0.8857
0.9107
0.9129
0.9613
1.0000
1.0000
1.0000
1.0000
1.0000
1.0000
1.0000
1.0000
1.0000
1.0000
1.0000
0.0000
0.0000
0.2000
0.2000
0.2000
0.2000
0.2000
0.2000
0.2000
0.2000
0.2000
0.2000
0.2471
0.3760
0.0000
0.6791
0.4316
0.4183
0.4199
0.4221
0.4243
0.4117
0.3995
0.3877
0.2000
0.2000
0.2000
0.0000
0.2000
0.2000
0.2000
0.2000
0.2000
0.2000
0.2000
0.2000
0.2000
0.2000
0.2000
0.2000
0.0000
0.2000
0.2000
0.2000
0.2000
0.2000
0.2000
0.2000
0.2000
0.2000
0.2000
0.2000
0.2000
0.0000
0.2000
0.2000
0.2000
0.2000
0.2000
0.2000
0.2000
0.2000
0.2000
0.2000
0.2000
0.2000
0.0000
0.2000
0.2000
0.2000
0.2000
0.2000
0.2000
0.2000
0.2000
0.2000
0.2000
0.2000
0.2000
0.0000
0.2000
0.2000
0.2000
0.2000
0.2000
0.2000
0.2000
0.2000
0.2000
0.2000
0.2000
0.2000
0.0000
0.2000
0.2000
0.2000
0.2085
0.2000
0.2000
0.2000
0.2000
0.2000
0.2000
0.2000
0.2000
0.2000
0.2000
0.2000
0.6622
0.4278
0.4010
0.3909
0.8394
0.9242
0.9520
0.9790
0.9834
1.0000
1.0000
1.0000
1.0000
1.0000
1.0000
1.0000
1.0000
1.0000
1.0000
1.0000
1.0000
1.0000
1.0000
1.0000
1.0000
0.8871
0.8874
1.0000
1.0000
1.0000
1.0000
1.0000
1.0000
1.0000
1.0000
1.0000
0.9937
1.0000
0.9745
0.9635
0.9619
1.0000
0.9187
0.4375
0.4139
0.4012
0.3916
0.3843
0.3779
0.3717
0.3677
0.8357
0.8847
0.8901
0.9670
0.9934
1.0000
1.0000
1.0000
0.9914
0.8986
0.8954
0.8531
0.4236
0.4033
0.3923
0.3843
0.3781
0.3726
0.8443
0.8872
0.9174
0.9713
1.0000
1.0000
1.0000
1.0000
1.0000
1.0000
1.0000
1.0000
1.0000
1.0000
1.0000
0.9516
0.4518
0.4261
0.4135
0.4044
0.3972
0.3912
0.3862
0.3819
0.3781
0.8024
0.8951
0.9490
1.0000
1.0000
1.0000
1.0000
1.0000
1.0000
1.0000
1.0000
1.0000
1.0000
0.9967
0.9814
1.0000
1.0000
1.0000
1.0000
1.0000
1.0000
1.0000
1.0000
1.0000
1.0000
1.0000
1.0000
1.0000
1.0000
1.0000
1.0000
1.0000
1.0000
0.9812
0.9585
1.0000
0.9933
0.9944
1.0000
1.0000
1.0000
1.0000
1.0000
1.0000
1.0000
1.0000
1.0000
1.0000
1.0000
1.0000
1.0000
1.0000
1.0000
1.0000
1.0000
1.0000
1.0000
1.0000
1.0000
1.0000
1.0000
1.0000
1.0000
1.0000
1.0000
1.0000
1.0000
1.0000
1.0000
1.0000
1.0000
1.0000
1.0000
1.0000
1.0000
1.0000
1.0000
1.0000
1.0000
1.0000
1.0000
1.0000
1.0000
1.0000
1.0000
1.0000
1.0000
1.0000
1.0000
1.0000
1.0000
1.0000
1.0000
1.0000
1.0000
1.0000
1.0000
1.0000
0.0000
1.0000
1.0000
1.0000
1.0000
1.0000
1.0000
1.0000
1.0000
1.0000
1.0000
1.0000
1.0000
0.0000
1.0000
1.0000
1.0000
1.0000
1.0000
1.0000
1.0000
1.0000
1.0000
1.0000
1.0000
1.0000
0.0000
1.0000
1.0000
1.0000
1.0000
1.0000
1.0000
1.0000
1.0000
1.0000
1.0000
1.0000
1.0000
0.0000
1.0000
1.0000
1.0000
1.0000
1.0000
1.0000
1.0000
1.0000
1.0000
1.0000
1.0000
1.0000
0.0000
1.0000
1.0000
1.0000
1.0000
1.0000
1.0000
1.0000
1.0000
1.0000
1.0000
1.0000
1.0000
0.0000
1.0000
1.0000
1.0000
1.0000
1.0000
1.0000
1.0000
1.0000
1.0000
1.0000
1.0000
1.0000
0.0000
1.0000
1.0000
1.0000
1.0000
1.0000
1.0000
1.0000
1.0000
1.0000
1.0000
1.0000
1.0000
1.0000
1.0000
1.0000
1.0000
1.0000
1.0000
1.0000
1.0000
1.0000
1.0000
1.0000
1.0000
1.0000
1.0000
1.0000
1.0000
1.0000
1.0000
1.0000
1.0000
1.0000
1.0000
1.0000
1.0000
1.0000
1.0000
1.0000
1.0000
1.0000
1.0000
1.0000
1.0000
1.0000
1.0000
1.0000
1.0000
1.0000
1.0000
1.0000
1.0000
1.0000
1.0000
1.0000
1.0000
1.0000
1.0000
1.0000
1.0000
1.0000
1.0000
1.0000
1.0000
1.0000
1.0000
1.0000
1.0000
1.0000
1.0000
1.0000
1.0000
1.0000
1.0000
1.0000
1.0000
1.0000
1.0000
1.0000
1.0000
1.0000
1.0000
1.0000
1.0000
1.0000
1.0000
1.0000
1.0000
1.0000
1.0000
1.0000
1.0000
1.0000
1.0000
1.0000
1.0000
1.0000
1.0000
1.0000
1.0000
1.0000
1.0000
1.0000
1.0000
1.0000
1.0000
1.0000
1.0000
1.0000
1.0000
1.0000
1.0000
1.0000
1.0000
1.0000
1.0000
1.0000
1.0000
1.0000
1.0000
1.0000
1.0000
1.0000
1.0000
1.0000
1.0000
1.0000
1.0000
1.0000
1.0000
1.0000
1.0000
1.0000
1.0000
1.0000
1.0000
1.0000
1.0000
1.0000
1.0000
1.0000
1.0000
1.0000
1.0000
1.0000
1.0000
1.0000
1.0000
1.0000
0.0000
1.0000
1.0000
1.0000
1.0000
1.0000
1.0000
1.0000
1.0000
1.0000
1.0000
1.0000
1.0000
0.0000
1.0000
1.0000
1.0000
1.0000
1.0000
1.0000
1.0000
1.0000
1.0000
1.0000
1.0000
1.0000
0.0000
1.0000
1.0000
1.0000
1.0000
1.0000
1.0000
1.0000
1.0000
1.0000
1.0000
1.0000
1.0000
0.0000
1.0000
1.0000
1.0000
1.0000
1.0000
1.0000
1.0000
1.0000
1.0000
1.0000
1.0000
1.0000
0.0000
1.0000
1.0000
1.0000
1.0000
1.0000
1.0000
1.0000
1.0000
1.0000
1.0000
1.0000
1.0000
0.0000
1.0000
1.0000
1.0000
1.0000
1.0000
1.0000
1.0000
1.0000
1.0000
1.0000
1.0000
1.0000
0.0000
1.0000
1.0000
1.0000
1.0000
1.0000
1.0000
1.0000
1.0000
1.0000
1.0000
1.0000
1.0000
0.0000
1.0000
1.0000
1.0000
1.0000
1.0000
1.0000
1.0000
1.0000
1.0000
1.0000
1.0000
1.0000
0.0000
1.0000
1.0000
1.0000
1.0000
1.0000
1.0000
1.0000
1.0000
1.0000
1.0000
1.0000
1.0000
0.0000
1.0000
1.0000
1.0000
1.0000
1.0000
1.0000
1.0000
1.0000
1.0000
1.0000
1.0000
1.0000
0.0000
1.0000
1.0000
1.0000
1.0000
1.0000
1.0000
1.0000
1.0000
1.0000
1.0000
1.0000
1.0000
0.0000
1.0000
1.0000
1.0000
1.0000
1.0000
1.0000
1.0000
1.0000
1.0000
1.0000
1.0000
1.0000
0.0000
1.0000
1.0000
1.0000
1.0000
1.0000
1.0000
1.0000
1.0000
1.0000
1.0000
1.0000
1.0000
0.0000
1.0000
1.0000
1.0000
1.0000
1.0000
1.0000
1.0000
1.0000
1.0000
1.0000
1.0000
1.0000
0.0000
1.0000
1.0000
1.0000
1.0000
1.0000
1.0000
1.0000
1.0000
1.0000
1.0000
1.0000
1.0000
0.0000
1.0000
1.0000
1.0000
1.0000
1.0000
1.0000
1.0000
1.0000
1.0000
1.0000
1.0000
1.0000
0.0000
1.0000
1.0000
1.0000
1.0000
1.0000
1.0000
1.0000
1.0000
1.0000
1.0000
1.0000
1.0000
0.0000
1.0000
1.0000
1.0000
1.0000
1.0000
1.0000
1.0000
1.0000
1.0000
1.0000
1.0000
1.0000
0.0000
1.0000
1.0000
1.0000
1.0000
1.0000
1.0000
1.0000
1.0000
1.0000
1.0000
1.0000
1.0000
0.0000
1.0000
1.0000
1.0000
1.0000
1.0000
1.0000
1.0000
1.0000
1.0000
1.0000
1.0000
1.0000
0.0000
1.0000
1.0000
1.0000
1.0000
1.0000
1.0000
1.0000
1.0000
1.0000
1.0000
1.0000
1.0000
0.0000
1.0000
1.0000
1.0000
1.0000
1.0000
1.0000
1.0000
1.0000
1.0000
1.0000
1.0000
1.0000
0.0000
1.0000
1.0000
1.0000
1.0000
1.0000
1.0000
1.0000
1.0000
1.0000
1.0000
1.0000
1.0000
0.0000
1.0000
1.0000
1.0000
1.0000
1.0000
1.0000
1.0000
1.0000
1.0000
1.0000
1.0000
1.0000
0.0000
1.0000
1.0000
1.0000
1.0000
1.0000
1.0000
1.0000
1.0000
1.0000
1.0000
1.0000
1.0000
0.0000
1.0000
1.0000
1.0000
1.0000
1.0000
1.0000
1.0000
1.0000
1.0000
1.0000
1.0000
1.0000
0.0000
1.0000
1.0000
1.0000
1.0000
1.0000
1.0000
1.0000
1.0000
1.0000
1.0000
1.0000
1.0000
0.0000
1.0000
1.0000
1.0000
1.0000
1.0000
1.0000
1.0000
1.0000
1.0000
1.0000
1.0000
1.0000
0.0000
1.0000
1.0000
1.0000
1.0000
1.0000
1.0000
1.0000
1.0000
1.0000
1.0000
1.0000
1.0000
0.0000
1.0000
1.0000
1.0000
1.0000
1.0000
1.0000
1.0000
1.0000
1.0000
1.0000
1.0000
1.0000
0.0000
1.0000
1.0000
1.0000
1.0000
1.0000
1.0000
1.0000
1.0000
1.0000
1.0000
1.0000
1.0000
0.0000
1.0000
1.0000
1.0000
1.0000
1.0000
1.0000
1.0000
1.0000
1.0000
1.0000
1.0000
1.0000
0.0000
1.0000
1.0000
1.0000
0.2000
0.2000
0.2000
0.2000
0.2000
0.2000
0.2000
0.2000
0.2000
0.0000
0.2000
0.2000
0.2000
0.2000
0.2000
0.2000
0.2000
0.2000
0.2000
0.2000
0.2000
0.2000
0.2000
0.2000
0.2000
0.2000
0.2000
0.2000
0.2000
0.2000
0.2000
0.6708
0.7725
0.8084
0.8418
0.8501
0.8574
0.8636
0.8682
0.8730
0.8773
0.8813
0.8851
0.8885
0.8917
0.8485
0.8263
0.8514
0.8317
0.7636
0.8111
0.9045
0.9088
0.9117
0.9143
0.9161
0.9192
0.9211
0.9231
0.8776
0.8790
0.8345
0.7656
0.8353
0.9298
0.9332
0.7725
0.3230
0.3019
0.2912
0.2834
0.2773
0.2723
0.2680
0.2645
0.6870
0.7264
0.8052
0.8837
0.8905
0.9181
0.9254
0.9063
0.9101
0.9125
0.8464
0.8004
0.3310
0.3112
0.3011
0.2940
0.2884
0.2846
0.2802
0.7027
0.7201
0.7760
0.8769
0.9070
0.9140
0.9421
0.9473
0.9518
0.9558
0.9595
0.9629
0.9661
0.9458
0.8326
0.3582
0.3375
0.3268
0.3192
0.3133
0.3085
0.3044
0.3010
0.2981
0.7663
0.8374
0.8679
0.9221
0.9513
0.9596
0.9651
0.9925
1.0000
0.9638
1.0000
0.9882
0.9884
0.9202
0.8989
0.8770
0.8560
0.9711
1.0000
1.0000
1.0000
1.0000
1.0000
1.0000
1.0000
1.0000
1.0000
1.0000
1.0000
1.0000
1.0000
0.9554
0.8505
0.8486
0.9351
0.9668
0.9372
0.9376
0.8464
0.8426
0.8681
0.9616
0.9610
0.9386
0.8458
0.4159
0.3929
0.3807
0.3715
0.3639
0.3576
0.3520
0.3470
0.7687
0.8130
0.8429
0.8711
0.8938
0.9263
0.9068
0.8881
0.8628
0.8613
0.8419
0.8194
0.3921
0.3704
0.3591
0.3507
0.7689
0.7858
0.8199
0.8432
0.8486
0.8730
0.8764
0.9009
0.9032
0.9255
0.9299
0.9312
0.9323
0.9332
0.9339
0.9345
0.9351
0.0000
0.0000
0.0000
0.2000
0.2000
0.2000
0.2000
0.2000
0.2000
0.2000
0.2000
0.2000
0.2000
0.2000
0.3293
0.0000
0.6036
0.3997
0.3914
0.3947
0.3984
0.3582
0.3610
