26.5405
26.5506
26.5594
26.5674
26.5745
26.8356
26.7023
26.6694
26.6484
26.6351
26.6264
26.6203
26.6158
26.6120
26.6085
26.6052
26.6018
26.5982
26.8496
26.7027
26.6633
26.6363
26.6175
26.6040
26.5936
26.5853
26.5782
26.5719
26.5661
26.5605
26.5552
26.8042
26.7019
26.6443
26.6068
26.5816
26.5637
26.5505
26.5402
26.5317
26.5244
26.5179
26.5118
26.5061
26.7539
26.6622
26.6005
26.5608
26.5343
26.5156
26.5018
26.4911
26.4823
26.4748
26.4682
26.4620
26.4563
26.7031
26.6118
26.5501
26.5106
25.6444
25.6030
25.6020
25.6019
25.6019
25.6019
25.6019
25.6019
25.6019
26.0419
25.6172
25.6022
25.0304
25.0039
25.0030
25.0028
25.0027
25.0025
25.0024
25.0023
25.0022
25.0021
25.0020
25.0019
24.4797
24.1913
24.0373
24.0028
24.0009
24.0008
24.0008
24.0008
24.0007
24.0007
24.0007
24.0007
24.0006
24.0006
24.0006
24.0006
24.0005
24.0005
24.0005
24.0005
24.0004
24.0004
24.0004
24.0004
24.0005
24.0005
24.0005
24.0005
24.0005
24.0005
24.0005
24.0004
24.0004
24.0004
24.0004
24.0004
24.0003
24.0003
24.0003
24.0004
24.0004
24.0004
24.0003
24.0003
24.0003
24.0003
24.0002
24.0002
24.0002
24.0002
24.0002
24.0002
24.0002
24.0002
24.0003
24.0003
24.0004
24.0003
24.0003
24.0003
24.0003
24.0003
24.0003
24.0002
24.0002
24.0002
24.0002
24.0002
24.0002
24.0003
24.0003
24.0003
24.0003
24.0003
24.0003
24.0003
24.0003
24.0003
24.0003
24.0002
24.0002
24.0002
24.0002
24.0002
24.0002
24.0002
24.0001
24.0001
24.0001
24.0001
24.0001
24.0001
24.0001
24.0001
24.0001
24.0506
24.0458
24.0026
24.0006
24.0004
24.0004
24.0004
24.0004
24.0148
24.0011
24.0004
24.0004
24.0004
24.0033
24.0047
24.0006
24.0005
24.0005
24.0004
24.0004
24.0004
24.0004
24.0004
24.0004
24.0003
24.0003
24.0003
24.0003
24.0002
24.0002
24.0002
24.0002
24.0002
24.0003
24.0003
24.0003
24.0002
24.0002
24.0003
24.0004
24.0002
24.0003
24.0003
24.0004
24.0004
24.0004
24.0004
24.0004
24.0005
24.0005
24.0004
24.0004
24.0003
24.0003
24.0003
24.0003
24.0003
24.0003
24.0003
24.0005
24.0005
24.0005
24.0006
24.0006
24.0006
24.0007
24.0007
24.0007
24.0006
24.0003
24.0002
24.0002
24.0001
24.0001
24.0001
24.0001
24.0001
24.0002
24.0002
24.0002
24.0002
24.0002
24.0002
24.0003
24.0003
24.8065
25.3464
25.7666
25.8453
25.9027
25.9532
25.9982
26.0389
26.0761
26.1103
26.1697
26.2177
26.2311
26.2483
26.2676
26.5377
26.4750
26.4407
26.4259
26.4226
26.4258
26.4326
26.4412
26.4506
26.4606
26.4695
26.4776
26.4849
26.7442
26.6645
26.6123
26.5807
26.5612
26.5487
26.5403
26.5344
26.5299
26.5261
26.5227
26.5194
26.5161
26.7659
26.6766
26.6167
26.5786
26.5534
26.5360
26.5234
26.5139
26.5063
26.4999
26.4943
26.4892
26.4845
26.7327
26.6425
26.5820
26.5436
26.5182
26.5008
26.4882
26.4788
26.4715
26.4654
26.4602
26.4556
26.4513
26.6997
26.6101
26.5502
26.5124
26.4876
26.4708
26.4589
26.4501
26.4433
26.4378
26.4332
26.4291
26.4254
26.6740
26.5850
26.5256
26.4882
25.6427
25.6027
25.6018
25.6018
25.6018
25.6018
25.6018
25.6018
25.6018
26.0439
25.6172
25.6021
25.0304
25.0038
25.0029
25.0028
25.0027
25.0026
25.0025
25.0024
25.0023
25.0022
25.0022
25.0021
24.4888
24.2152
24.0685
24.0046
24.0012
24.0010
24.0010
24.0010
24.0010
24.0010
24.0009
24.0009
24.0009
24.0008
24.0008
24.0008
24.0007
24.0007
24.0007
24.0007
24.0006
24.0006
24.0006
24.0006
24.0006
24.0007
24.0007
24.0007
24.0007
24.0006
24.0006
24.0006
24.0005
24.0005
24.0005
24.0005
24.0004
24.0004
24.0004
24.0004
24.0004
24.0004
24.0004
24.0003
24.0003
24.0002
24.0002
24.0002
24.0002
24.0001
24.0001
24.0002
24.0003
24.0067
24.0008
24.0005
24.0005
24.0005
24.0004
24.0004
24.0004
24.0004
24.0003
24.0003
24.0002
24.0002
24.0002
24.0002
24.0003
24.0003
24.0004
24.0004
24.0004
24.0004
24.0003
24.0003
24.0003
24.0003
24.0003
24.0003
24.0003
24.0003
24.0002
24.0066
24.0006
24.0098
24.0006
24.0002
24.0027
24.0084
24.0158
24.0245
24.0335
24.0429
24.0858
24.1820
24.1650
24.1630
24.1396
24.1340
24.1787
24.2062
24.2251
24.2100
24.1965
24.2229
24.2117
24.2234
24.2177
24.2769
24.2807
24.2746
24.2892
24.2879
24.2744
24.2705
24.2709
24.2731
24.2763
24.2798
24.2933
24.2883
24.2898
24.2921
24.2850
24.2915
24.2871
24.3155
24.2990
24.2858
24.2723
24.2630
24.2536
24.2570
24.2345
24.2253
24.2168
24.2029
24.2071
24.1802
24.1678
24.1560
24.1450
24.1345
24.1245
24.1149
24.1057
24.0983
24.0958
24.0842
24.0745
24.0610
24.0560
24.0500
24.0588
24.0444
24.0332
24.0205
24.0140
24.0032
24.0005
24.0003
24.0004
24.0004
24.0003
24.0003
24.0004
24.0004
24.0003
24.0003
24.0003
24.0003
24.0003
24.0003
24.0003
24.0003
24.0003
24.0003
24.0003
24.0003
24.8865
25.4475
25.8862
25.9870
26.0625
26.1272
26.1837
26.2339
26.2791
26.3202
26.3717
26.4294
26.4642
26.4964
26.5141
26.7889
26.7013
26.6776
26.6698
26.6719
26.6795
26.6901
26.7003
26.7004
26.7004
26.7005
26.7005
26.7005
26.9873
26.7062
26.7006
26.7006
26.7006
26.7006
26.7006
26.7007
26.7007
26.7007
26.7007
26.7007
26.7007
26.9929
26.7068
26.7009
26.7008
26.7008
26.7008
26.7009
26.7009
26.7009
26.7009
26.7009
26.7009
26.7009
26.9873
26.7068
26.7011
26.7010
26.7010
26.7010
26.7010
26.7010
26.7010
26.7010
26.7010
26.7011
26.7011
26.9803
26.7068
26.7012
26.7011
26.7011
26.7011
26.7011
26.7011
26.7011
26.7011
26.7011
26.7011
26.7012
26.9722
26.7067
26.7013
26.7012
25.7279
25.6062
25.6025
25.6024
25.6024
25.6023
25.6023
25.6023
25.6023
26.1100
25.6224
25.6028
25.0336
25.0049
25.0036
25.0034
25.0032
25.0030
25.0031
25.0029
25.0028
25.0026
25.0025
25.0024
24.5956
24.3710
24.2517
24.1796
24.1419
24.1049
24.0733
24.0492
24.0300
24.0131
24.0014
24.0008
24.0008
24.0007
24.0007
24.0007
24.0006
24.0006
24.0006
24.0006
24.0005
24.0125
24.0011
24.0269
24.0018
24.0603
24.0623
24.0074
24.0009
24.0006
24.0005
24.0005
24.0005
24.0005
24.0098
24.0009
24.0004
24.0126
24.0010
24.0014
24.0005
24.0160
24.0102
24.0008
24.0003
24.0003
24.0002
24.0002
24.0002
24.0002
24.0002
24.0086
24.0156
24.0161
24.0177
24.0055
24.0142
24.0072
24.0050
24.0047
24.0051
24.0065
24.0083
24.0029
24.0090
24.0121
24.0138
24.0151
24.0149
24.0183
24.0176
24.0153
24.0170
24.0158
24.0290
24.0372
24.0270
24.0232
24.0222
24.0227
24.0242
24.0263
24.0287
24.0457
24.0424
24.0356
24.0405
24.0445
24.0483
24.0521
24.0560
24.0600
24.0643
24.0687
24.1310
24.1556
24.2191
24.1578
24.1341
24.1246
24.1356
24.1278
24.1541
24.1534
24.2111
24.1708
24.1808
24.1720
24.1955
24.2084
24.1880
24.1794
24.1625
24.1667
24.1551
24.1492
24.1463
24.1445
24.1441
24.1444
24.1444
24.1450
24.1457
24.1426
24.1414
24.1579
24.1658
24.1699
24.1709
24.1564
24.1456
24.1411
24.1371
24.1272
24.1251
24.1266
24.1220
24.1151
24.1138
24.0975
24.0946
24.0901
24.0853
24.0805
24.0756
24.0708
24.0661
24.0630
24.0902
24.0850
24.0655
24.0649
24.0519
24.0434
24.0367
24.0334
24.0386
24.0268
24.0145
24.0067
24.0026
24.0005
24.0004
24.0004
24.0004
24.0054
24.0005
24.0003
24.0003
24.0003
24.0003
24.0003
24.0003
24.0003
24.0003
24.0003
24.0003
24.0003
24.0003
24.0003
24.9020
25.4704
25.9123
26.0152
26.0937
26.1609
26.2199
26.2722
26.3194
26.3623
26.4288
26.4704
26.5220
26.5393
26.5604
26.8395
26.7022
26.6980
26.7004
26.7004
26.7004
26.7004
26.7005
26.7005
26.7005
26.7005
26.7006
26.7006
27.0104
26.7072
26.7007
26.7007
26.7007
26.7007
26.7007
26.7007
26.7007
26.7008
26.7008
26.7008
26.7008
27.0185
26.7078
26.7010
26.7009
26.7009
26.7009
26.7009
26.7009
26.7009
26.7009
26.7009
26.7009
26.7010
27.0121
26.7078
26.7011
26.7010
26.7010
26.7010
26.7010
26.7010
26.7010
26.7010
26.7010
26.7010
26.7010
27.0025
26.7076
26.7012
26.7011
26.7011
26.7011
26.7011
26.7011
26.7011
26.7011
26.7011
26.7011
26.7011
26.9905
26.7072
26.7012
26.7011
25.7374
25.6064
25.6024
25.6022
25.6022
25.6022
25.6022
25.6022
25.6022
26.1212
25.6228
25.6026
25.0337
25.0048
25.0035
25.0033
25.0031
25.0029
25.0028
25.0026
25.0024
25.0023
25.0022
25.0020
24.6136
24.3925
24.2779
24.2094
24.1753
24.1388
24.1141
24.1044
24.0795
24.0612
24.0479
24.0369
24.0281
24.0206
24.0146
24.0099
24.0062
24.0035
24.0015
24.0006
24.0005
24.0005
24.0005
24.0140
24.0332
24.1192
24.0781
24.0604
24.0379
24.0267
24.0214
24.0185
24.0181
24.0176
24.0317
24.0386
24.0272
24.0367
24.0300
24.0426
24.0345
24.0450
24.0508
24.0746
24.0527
24.0433
24.0393
24.0379
24.0378
24.0385
24.0398
24.0562
24.0690
24.1063
24.1090
24.1125
24.0866
24.0772
24.0728
24.0723
24.0720
24.0731
24.0741
24.0702
24.0692
24.0745
24.0770
24.0820
24.0876
24.0838
24.0815
24.0812
24.0946
24.0870
24.0843
24.0827
24.0828
24.0829
24.0837
24.0848
24.0862
24.0877
24.0895
24.1195
24.1074
24.1123
24.1070
24.1058
24.1063
24.1078
24.1098
24.1122
24.1150
24.1179
24.1514
24.1882
24.2602
24.2014
24.1743
24.1643
24.1605
24.1593
24.1878
24.2030
24.1854
24.1920
24.2092
24.2045
24.2311
24.2606
24.2358
24.2374
24.2399
24.2294
24.2105
24.2015
24.1975
24.1957
24.1948
24.1954
24.1960
24.1958
24.1973
24.1976
24.1898
24.1960
24.1970
24.2101
24.2137
24.2347
24.2099
24.2126
24.1964
24.1888
24.1848
24.1779
24.1716
24.1921
24.1782
24.1573
24.1504
24.1441
24.1381
24.1325
24.1271
24.1218
24.1168
24.1119
24.1084
24.1061
24.1030
24.0943
24.0862
24.0833
24.0793
24.0734
24.0697
24.0774
24.0663
24.0555
24.0498
24.0441
24.0382
24.0375
24.0285
24.0209
24.0154
24.0364
24.0160
24.0170
24.0019
24.0004
24.0003
24.0003
24.0003
24.0003
24.0003
24.0003
24.0003
24.0003
24.9175
25.5079
25.9500
26.0523
26.1304
26.1978
26.2571
26.3099
26.3709
26.4099
26.4604
26.5179
26.5531
26.5861
26.6048
26.8828
26.7032
26.7005
26.7005
26.7005
26.7005
26.7006
26.7006
26.7006
26.7006
26.7007
26.7007
26.7007
27.0181
26.7076
26.7008
26.7008
26.7008
26.7008
26.7008
26.7008
26.7008
26.7008
26.7008
26.7009
26.7009
27.0218
26.7080
26.7010
26.7009
26.7009
26.7009
26.7009
26.7009
26.7010
26.7010
26.7010
26.7010
26.7010
27.0133
26.7079
26.7011
26.7010
26.7011
26.7011
26.7011
26.7011
26.7011
26.7011
26.7011
26.7011
26.7011
27.0039
26.7077
26.7012
26.7011
26.7011
26.7012
26.7012
26.7012
26.7012
26.7012
26.7012
26.7012
26.7012
26.9945
26.7075
26.7013
26.7012
25.7417
25.6066
25.6024
25.6022
25.6022
25.6022
25.6021
25.6021
25.6021
26.1277
25.6231
25.6026
25.0331
25.0042
25.0030
25.0028
25.0027
25.0026
25.0025
25.0024
25.0023
25.0022
25.0021
25.0020
24.6375
24.4250
24.3164
24.2510
24.2069
24.1741
24.1476
24.1250
24.1050
24.0869
24.0702
24.0547
24.0403
24.0267
24.0139
24.0019
24.0005
24.0004
24.0004
24.0004
24.0004
24.0004
24.0004
24.0004
24.0004
24.0004
24.0005
24.0005
24.0005
24.0005
24.0005
24.0005
24.0005
24.0005
24.0005
24.0005
24.0005
24.0005
24.0005
24.0005
24.0005
24.0005
24.0005
24.0005
24.0005
24.0005
24.0005
24.0005
24.0005
24.0005
24.0005
24.0004
24.0004
24.0004
24.0004
24.0004
24.0004
24.0004
24.0004
24.0004
24.0004
24.0004
24.0004
24.0004
24.0004
24.0004
24.0004
24.0004
24.0003
24.0003
24.0003
24.0003
24.0003
24.0003
24.0004
24.0004
24.0004
24.0004
24.0004
24.0004
24.0004
24.0004
24.0004
24.0004
24.0004
24.0004
24.0004
24.0004
24.0004
24.0004
24.0004
24.0004
24.0004
24.0004
24.0004
24.0004
24.0004
24.0004
24.0005
24.0005
24.0005
24.0005
24.0005
24.0005
24.0005
24.0005
24.0005
24.0005
24.0005
24.0005
24.0005
24.0005
24.0005
24.0005
24.0005
24.0005
24.0005
24.0005
24.0005
24.0005
24.6732
25.0771
25.3552
25.5677
25.7377
25.8754
25.9859
26.0757
26.1491
26.2092
26.2592
26.3018
26.5915
26.5429
26.5163
26.5079
26.5100
26.5181
26.5295
26.5426
26.5564
26.5704
26.5841
26.5974
26.6101
26.8786
26.7031
26.6948
26.6914
26.6921
26.6954
26.7002
26.7004
26.7005
26.7005
26.7005
26.7005
26.7005
26.9757
26.7057
26.7006
26.7006
26.7006
26.7006
26.7006
26.7006
26.7006
26.7006
26.7006
26.7007
26.7007
26.9905
26.7065
26.7008
26.7007
26.7007
26.7007
26.7008
26.7008
26.7008
26.7008
26.7008
26.7008
26.7008
26.9973
26.7070
26.7010
26.7009
26.7009
26.7009
26.7009
26.7009
26.7009
26.7009
26.7010
26.7010
26.7010
27.0008
26.7074
26.7011
26.7010
26.7010
26.7010
26.7010
26.7010
26.7010
26.7011
26.7011
26.7011
26.7011
27.0014
26.7076
26.7012
26.7011
26.7011
26.7011
26.7011
26.7011
26.7011
26.7011
26.7012
26.7012
26.7012
26.9988
26.7076
26.7013
26.7012
26.7012
26.7012
26.7012
26.7012
26.7012
26.7012
26.7012
26.7012
26.7012
26.9934
26.7075
26.7014
26.7013
26.7013
26.7013
26.7013
26.7013
26.7013
26.7013
26.7013
26.7013
26.7013
26.9858
26.7074
26.7014
26.7013
26.7013
26.7013
26.7013
26.7013
26.7013
26.7013
26.7013
26.7013
26.7013
26.9764
26.7071
26.7015
26.7014
26.7014
26.7014
26.7014
26.7014
26.7014
26.7014
26.7014
26.7014
26.7014
26.9664
26.7068
26.7015
26.7014
26.7015
26.7015
26.7015
26.7015
26.7015
26.7015
26.7015
26.7016
26.7016
26.9842
26.7078
26.7017
26.7016
26.7016
26.7016
26.7017
26.7017
26.7017
26.7017
26.7017
26.7017
26.7017
27.0057
26.7089
26.7019
26.7018
26.7018
26.7018
26.7019
26.7019
26.7019
26.7019
26.7019
26.7019
26.7020
27.0343
26.7103
26.7022
26.7020
26.7020
26.7021
26.7021
26.7021
26.7021
26.7021
26.7021
26.7021
26.7022
27.0642
26.7118
26.7024
26.7022
26.7022
26.7022
26.7023
26.7023
26.7023
26.7023
26.7023
26.7023
26.7024
27.1037
26.7139
26.7026
26.7024
26.7024
26.7024
26.7024
26.7024
26.7024
26.7024
26.7024
26.7024
26.7024
27.1200
26.7152
26.7027
26.7024
26.7024
26.7024
26.7024
26.7025
26.7025
26.7025
26.7025
26.7025
26.7025
27.1410
26.7166
26.7028
26.7025
26.7025
26.7025
26.7025
26.7025
26.7025
26.7025
26.7025
26.7025
26.7025
27.1552
26.7174
26.7028
26.7025
26.7025
26.7025
26.7025
26.7025
26.7025
26.7025
26.7025
26.7025
26.7025
27.1544
26.7177
26.7028
26.7025
26.7025
26.7025
26.7025
26.7025
26.7025
26.7025
26.7025
26.7025
26.7025
27.1589
26.7180
26.7028
26.7025
26.7024
26.7024
26.7024
26.7024
26.7024
26.7024
26.7024
26.7023
26.7023
27.1564
26.7177
26.7026
26.7023
26.7023
26.7022
26.7022
26.7022
26.7022
26.7022
26.7022
26.7022
26.7022
27.1474
26.7170
26.7025
26.7021
26.7021
26.7021
26.7021
26.7021
26.7021
26.7021
26.7021
26.7021
26.7021
27.1384
26.7163
26.7024
26.7021
26.7021
26.7021
26.7021
26.7021
26.7021
26.7021
26.7021
26.7021
26.7021
27.1302
26.7157
26.7024
26.7021
26.7021
26.7021
26.7021
26.7021
26.7021
26.7021
26.7021
26.7021
26.7022
27.1192
26.7150
26.7024
26.7022
26.7022
26.7022
26.7022
26.7022
26.7022
26.7022
26.7022
26.7022
26.7022
27.1131
26.7144
26.7024
26.7022
26.7022
26.7022
26.7022
26.7021
26.7021
26.7021
26.7021
26.7021
26.7021
27.0994
26.7135
26.7023
26.7021
26.7021
26.7021
26.7020
26.7020
26.7020
26.7020
26.7020
26.7020
26.7020
27.0753
26.7122
26.7022
26.7020
26.7019
26.7019
26.7019
26.7019
26.7019
26.7019
26.7019
26.7019
26.7019
27.0524
26.7110
26.7021
26.7019
26.7019
26.7019
26.7018
26.7018
26.7018
26.7018
26.7018
26.7018
26.7018
27.0283
26.7098
26.7020
26.7018
26.7018
26.7018
26.7018
26.7017
26.7017
26.7017
26.7017
26.7017
26.7017
27.0031
26.7087
26.7018
26.7017
25.7365
25.6076
25.6034
25.6032
25.6031
25.6030
25.6030
25.6030
25.6029
26.1315
25.6246
25.6034
25.0350
25.0056
25.0042
25.0039
25.0036
25.0033
25.0031
25.0029
25.0028
25.0026
25.0025
25.0024
24.6116
24.3891
24.2732
24.2035
24.1639
24.1341
24.1036
24.0928
24.0659
24.0464
24.0308
24.0182
24.0082
24.0013
24.0009
24.0008
24.0008
24.0007
24.0007
24.0007
24.0006
24.0006
24.0006
24.1145
24.0546
24.0560
24.0765
24.0304
24.0096
24.0008
24.0004
24.0004
24.0033
24.0080
24.0424
24.0343
24.0342
24.0399
24.0464
24.0538
24.0613
24.0824
24.0992
24.1052
24.1030
24.1062
24.1117
24.1183
24.1254
24.1330
24.1407
24.1650
24.1800
24.1803
24.2672
24.2576
24.2450
24.2307
24.2273
24.2296
24.2337
24.2401
24.2465
24.2526
24.2577
24.2643
24.2696
24.2738
24.2785
24.2948
24.2895
24.3015
24.2934
24.2919
24.2906
24.2912
24.3068
24.3018
24.3016
24.3035
24.3066
24.3105
24.3150
24.3340
24.3481
24.3373
24.3407
24.3455
24.3512
24.3572
24.3636
24.3702
24.3770
24.3840
24.4331
24.4807
24.4767
24.5065
24.4694
24.4574
24.4685
24.4629
24.4895
24.4921
24.5095
24.5359
24.5231
24.5184
24.5462
24.5471
24.6074
24.5547
24.5748
24.5572
24.5370
24.5292
24.5259
24.5254
24.5263
24.5275
24.5299
24.5318
24.5336
24.5355
24.5354
24.5414
24.5819
24.5757
24.5750
24.5580
24.5457
24.5394
24.5340
24.5289
24.5224
24.5160
24.5093
24.5020
24.4957
24.4856
24.4787
24.4721
24.4655
24.4591
24.4528
24.4469
24.4411
24.4370
24.4331
24.4267
24.4214
24.4306
24.4176
24.4108
24.4074
24.3994
24.4073
24.3946
24.3858
24.3761
24.3698
24.3630
24.3560
24.3487
24.3443
24.3352
24.3410
24.3404
24.3471
24.3090
24.3034
24.2923
24.2855
24.2919
24.2770
24.2645
24.2534
24.2427
24.2321
24.2214
25.2082
25.7894
26.2387
26.3405
26.4172
26.4820
26.5380
26.5872
26.6310
26.6704
26.7001
26.7005
26.7006
26.7005
26.7006
27.0308
26.7079
26.7007
26.7006
26.7006
26.7007
26.7007
26.7007
26.7007
25.8189
25.2554
24.9623
24.7979
25.7125
25.2208
24.8829
24.7008
24.5902
24.5138
24.4543
24.4035
24.3573
24.3138
24.2721
24.2316
24.1922
25.1195
24.6935
24.3885
24.2245
24.1262
24.0596
24.0089
23.9667
23.9290
23.8940
23.8607
23.8287
23.7976
24.7019
24.3059
24.0155
23.8608
23.7700
23.7106
23.6668
23.6313
23.6001
23.5714
23.5443
23.5182
23.4928
24.3785
24.0049
23.7244
23.5755
23.4893
23.4340
23.3941
23.3624
23.3349
23.3098
23.2860
23.2632
23.2409
24.1099
23.7532
23.4796
23.3343
23.2506
23.1976
23.1600
23.1303
23.1050
23.0820
23.0604
23.0397
23.0196
23.8733
23.5312
23.2632
23.1212
23.0404
22.9906
22.9566
22.9312
22.9104
22.8925
22.8763
22.8613
22.8472
22.8338
22.8209
24.7640
25.9801
26.6424
26.6691
26.6705
26.6706
26.6707
26.6707
26.6706
26.6706
26.6705
26.6705
26.6705
26.6704
26.6704
26.6704
26.6704
26.6703
26.6703
26.6703
26.6703
26.6702
26.6702
26.6701
26.6701
26.6701
26.6701
26.6701
26.6701
26.6701
26.6701
26.6701
26.6700
26.6700
26.6735
26.7250
26.7300
26.7564
26.7965
26.8070
26.8236
26.8696
26.8966
26.9623
26.9643
26.9753
26.9916
27.0112
27.0330
27.0561
27.0802
27.1049
27.1554
27.2106
27.2567
27.2847
27.2884
27.3000
27.3164
27.3357
27.3567
27.3786
27.4011
27.4237
27.4461
27.4682
27.4897
27.5104
27.5303
27.5494
27.5676
27.5850
27.6018
27.6182
27.6347
27.6632
27.6882
27.6991
27.7124
27.7275
27.7438
27.7612
27.7792
27.8098
27.8609
27.8791
27.8867
27.8984
27.9128
27.9292
27.9469
27.9653
27.9843
28.0037
28.0584
28.1259
28.1673
28.1576
28.1578
28.1642
28.1752
28.2005
28.2245
28.2477
28.3042
28.3497
28.3546
28.3646
28.3781
28.3939
28.4223
28.4484
28.4728
28.5070
28.5149
28.5153
28.5213
28.5309
28.5429
28.5566
28.5714
28.5871
28.6031
28.6194
28.6357
28.6519
28.6678
28.6831
28.7083
28.7187
28.7291
28.7392
28.7488
28.7575
28.7654
28.7722
28.7781
28.7937
28.7948
28.8067
28.8050
28.8045
28.8047
28.8057
28.8071
28.8089
28.8110
28.8134
28.8160
28.8189
28.8431
28.8505
28.8470
28.8567
28.8547
28.8548
28.8562
28.8580
28.8599
28.8615
28.8629
28.8637
28.8640
28.8638
28.8632
28.8623
28.8614
28.8606
28.8601
28.8598
28.8599
28.8606
28.8615
28.8628
28.8644
28.8661
28.8679
28.8697
28.8714
28.8939
27.9430
27.2133
26.7532
26.5029
26.3544
26.2543
26.1779
26.1138
26.0565
26.0154
25.9586
25.9074
26.9754
26.4771
26.1159
25.9281
25.8170
25.7417
25.6836
25.6339
25.5886
25.5457
25.5042
25.4637
25.4240
26.4479
25.9558
25.6294
25.4574
25.3546
25.2842
25.2295
25.1827
25.1400
25.0996
25.0607
25.0228
24.9856
25.9778
25.5132
25.1969
25.0300
24.9313
24.8651
24.8150
24.7731
24.7356
24.7006
24.6672
24.6347
24.6031
25.5706
25.1333
24.8280
24.6674
24.5737
24.5121
24.4664
24.4289
24.3957
24.3648
24.3353
24.3068
24.2789
25.2245
24.8087
24.5118
24.3556
24.2650
24.2063
24.1633
24.1284
24.0976
24.0693
24.0422
24.0160
23.9903
24.9153
24.5178
24.2274
24.0743
23.9857
23.9287
23.8873
23.8539
23.8248
23.7979
23.7724
23.7477
23.7236
24.6291
24.2479
23.9636
23.8133
23.7268
23.6717
23.6326
23.6020
23.5761
23.5531
23.5321
23.5124
23.4937
23.4759
23.4587
23.4423
23.4265
23.4113
25.3431
26.6163
26.6692
26.6701
26.6702
26.6702
26.6702
26.6702
26.6702
26.6702
26.6702
26.6702
26.6701
26.6701
26.6701
26.6701
26.6701
26.6701
26.6701
26.6700
26.6700
26.6700
26.6734
26.7157
26.7574
26.7856
26.8179
26.8526
26.8758
26.9041
26.9354
26.9686
27.0028
27.0375
27.0723
27.1072
27.1543
27.1970
27.2368
27.2743
27.2977
27.3239
27.3763
27.4216
27.4375
27.4580
27.4813
27.5061
27.5318
27.5581
27.5845
27.6110
27.6494
27.7437
27.7681
27.7820
27.8003
27.8095
27.8240
27.8418
27.8629
27.8836
27.9049
27.9266
27.9484
27.9702
27.9915
28.0124
28.0442
28.0604
28.0770
28.0939
28.1568
28.1599
28.1682
28.1796
28.1932
28.2083
28.2245
28.2417
28.2596
28.2781
28.2972
28.3280
28.3894
28.4050
28.4116
28.4225
28.4368
28.4531
28.4707
28.4892
28.5083
28.5277
28.5694
28.6594
28.6955
28.6847
28.6841
28.6899
28.7004
28.7247
28.7588
28.7997
28.8245
28.8381
28.8647
28.8790
28.9061
28.9416
28.9414
28.9473
28.9779
28.9839
28.9934
29.0050
29.0178
29.0315
29.0456
29.0600
29.0746
29.0894
29.1039
29.1182
29.1323
29.1462
29.1596
29.2030
29.2062
29.2216
29.2251
29.2295
29.2331
29.2383
29.2630
29.2606
29.2594
29.2684
29.2643
29.2610
29.2577
29.2549
29.2523
29.2502
29.2486
29.2476
29.2469
29.2466
29.2665
29.2607
29.2670
29.2619
29.2588
29.2571
29.2562
29.2656
29.2623
29.2597
29.2576
29.2556
29.2537
29.2511
29.2484
29.2454
29.2421
29.2484
29.2513
29.2421
29.2444
29.2349
29.2269
29.2203
29.2147
29.2103
29.2064
29.2033
29.2008
29.1987
29.1970
29.1955
28.2233
27.4995
27.0540
26.7896
26.6341
26.5295
26.4497
26.3945
26.3285
26.2820
26.2574
26.2207
27.2851
26.7222
26.3654
26.1787
26.0673
25.9909
25.9313
25.8800
25.8329
25.7883
25.7451
25.7029
26.5109
27.2135
26.7206
26.7014
26.7009
26.7009
26.7009
26.7009
26.7009
26.7009
26.7009
26.7010
26.7010
26.7010
27.3096
26.7253
26.7016
26.7010
26.7010
26.7011
26.7011
26.7011
26.7011
26.7011
26.7012
26.7012
26.7012
27.2922
26.7244
26.7018
26.7013
26.7013
26.7013
26.7013
26.7013
26.7013
26.7014
26.7014
26.7014
26.7014
27.2710
26.7233
26.7020
26.7014
26.7014
26.7014
26.7015
26.7015
26.7015
26.7015
26.7015
26.7015
26.7015
27.2443
26.7217
26.7020
26.7016
26.7016
26.7016
26.7016
25.9926
25.6257
25.6033
25.6023
25.6022
25.6021
26.4424
25.8006
25.6102
25.6022
25.6018
25.6018
25.3117
25.1529
25.0634
25.0055
25.0025
25.0021
25.0019
25.0017
25.0016
25.0015
25.0014
25.0013
24.9115
24.8318
24.7937
24.7674
24.7567
24.7384
24.7192
24.7162
24.6956
24.6798
24.6672
24.6562
24.6466
24.6383
24.6310
24.6245
24.6190
24.6141
24.6097
24.6059
24.6025
24.5994
24.5962
24.6339
24.6120
24.6287
24.6650
24.6273
24.6092
24.5996
24.5941
24.5905
24.5880
24.5859
24.5978
24.6159
24.5983
24.5897
24.5839
24.5813
24.5793
24.5910
24.6104
24.5996
24.5846
24.5775
24.5733
24.5705
24.5686
24.5672
24.5664
24.5834
24.6045
24.6550
24.6127
24.6214
24.5970
24.5874
24.5828
24.5802
24.5782
24.5759
24.5884
24.5744
24.5735
24.5719
24.5699
24.5676
24.5655
24.5633
24.5614
24.5549
24.5910
24.5661
24.5538
24.5467
24.5419
24.5383
24.5358
24.5340
24.5327
24.5319
24.5315
24.5445
24.5670
24.5426
24.5373
24.5353
24.5341
24.5333
24.5327
24.5322
24.5336
24.5323
24.5495
24.6136
24.6142
24.5752
24.5564
24.5489
24.5726
24.5832
24.5893
24.5932
24.5693
24.5710
24.5846
24.5898
24.5932
24.6521
24.6133
24.5945
24.5850
24.5806
24.5644
24.5565
24.5525
24.5501
24.5484
24.5484
24.5481
24.5483
24.5486
24.5478
24.5554
24.5537
24.5617
24.5793
24.5901
24.5652
24.5493
24.5417
24.5347
24.5260
24.5250
24.5180
24.5118
24.5046
24.5278
24.5003
24.4890
24.4797
24.4715
24.4639
24.4567
24.4497
24.4428
24.4365
24.4465
24.4502
24.4307
24.4274
24.4142
24.4047
24.3994
24.3872
24.3810
24.3747
24.3640
24.3587
24.3525
24.3456
24.3382
24.3320
24.3232
24.3185
24.3096
24.3142
24.2981
24.2896
24.2758
24.2679
24.2603
24.2531
24.2462
24.2396
24.2331
24.2269
24.2208
24.2289
25.1984
25.8010
26.0047
26.1572
26.2823
26.3847
26.4697
26.5416
26.6033
26.6565
26.6999
26.7004
26.7005
26.7005
27.0352
26.7080
26.7007
26.7006
26.7006
26.7006
26.7006
26.7006
26.7007
26.7007
26.7007
26.7008
26.7008
27.0894
26.7111
26.7010
26.7009
26.7009
26.7009
26.7009
26.7009
26.7009
26.7010
26.7010
26.7010
26.7010
27.0906
26.7114
26.7012
26.7011
26.7011
26.7011
26.7011
26.7011
26.7012
26.7012
26.7012
26.7012
26.7012
27.0817
26.7112
26.7014
26.7013
26.7013
26.7013
26.7013
26.7013
26.7013
26.7013
26.7013
26.7013
26.7013
27.0633
26.7106
26.7015
26.7014
26.7014
26.7014
26.7014
26.7014
26.7014
26.7014
26.7014
26.7014
26.7014
27.0480
26.7101
26.7016
26.7015
26.7015
25.7614
25.6079
25.6027
25.6025
25.6025
25.6024
25.6024
25.6024
26.1728
25.6265
25.6030
25.6023
25.0367
25.0050
25.0036
25.0033
25.0031
25.0028
25.0026
25.0025
25.0023
25.0022
25.0021
25.0019
24.6744
24.4813
24.3835
24.3245
24.2954
24.2664
24.2403
24.2184
24.2154
24.2079
24.1855
24.1704
24.1594
24.1502
24.1429
24.1372
24.1326
24.1289
24.1260
24.1238
24.1222
24.1210
24.1339
24.1685
24.1594
24.2129
24.2122
24.2006
24.1816
24.1594
24.1489
24.1439
24.1416
24.1408
24.1407
24.1401
24.1546
24.1625
24.1539
24.1651
24.1575
24.1539
24.1823
24.2179
24.1861
24.1724
24.1658
24.1637
24.1632
24.1619
24.1639
24.1675
24.2025
24.2027
24.2198
24.2410
24.2131
24.2014
24.1963
24.1946
24.1937
24.1911
24.1938
24.1886
24.1931
24.1949
24.1956
24.1958
24.1948
24.1991
24.1978
24.1940
24.1918
24.1915
24.2042
24.1968
24.1944
24.1931
24.1932
24.1941
24.1954
24.1971
24.1990
24.2293
24.2615
24.2429
24.2290
24.2237
24.2223
24.2228
24.2243
24.2264
24.2289
24.2317
24.2523
24.3358
24.3478
24.3153
24.2876
24.2774
24.2737
24.2872
24.2950
24.2987
24.2895
24.2872
24.3145
24.3134
24.3562
24.3517
24.3382
24.3333
24.3735
24.3959
24.3519
24.3316
24.3222
24.3175
24.3160
24.3154
24.3155
24.3162
24.3147
24.3146
24.3120
24.3179
24.3174
24.3289
24.3360
24.3261
24.3158
24.3120
24.3339
24.3313
24.3151
24.3053
24.2980
24.2917
24.2857
24.2797
24.2739
24.2682
24.2627
24.2573
24.2521
24.2470
24.2420
24.2512
24.2534
24.2668
24.2435
24.2448
24.2294
24.2199
24.2130
24.2071
24.2016
24.1961
24.1906
24.1850
24.1791
24.1731
24.1668
24.1603
24.1536
24.1468
24.1401
24.1333
24.1266
24.1201
24.1137
24.1075
24.1015
24.0957
24.0900
24.0843
24.0788
24.0733
24.0679
24.0626
24.0573
24.0664
24.0542
24.0463
24.0401
24.0350
24.0304
24.0262
24.0221
24.0182
24.0432
24.0541
24.9976
24.6232
24.3335
24.1936
24.1221
24.0832
24.0598
24.0441
24.0323
24.0226
24.0140
24.0059
24.0003
24.9394
24.5501
24.2781
24.1438
24.0724
24.0307
24.0037
24.0002
24.0000
24.0000
24.0000
24.0000
24.0000
24.9025
24.4966
24.2136
24.0726
24.0035
24.0002
24.0000
24.0000
24.0000
24.0000
24.0000
24.0000
24.0000
24.8707
24.4507
24.1586
24.0124
24.0006
24.0000
24.0000
24.0000
24.0000
24.0000
24.0000
24.0000
24.0000
24.8452
24.4130
24.1130
24.0054
24.0003
24.0000
24.0000
24.0000
24.0000
24.0000
24.0000
24.0000
24.0000
24.8233
24.3803
24.0734
24.0035
24.0002
24.0000
24.0000
24.0000
24.0000
24.0000
24.0000
24.0000
24.0000
24.8028
24.3506
24.0376
24.0018
24.0001
24.0000
24.0001
24.0001
24.0001
24.0001
24.0001
24.0001
24.0001
24.0001
24.0001
24.0001
24.0001
24.0000
24.0000
24.0000
24.0000
24.0000
24.0000
24.0000
24.0000
24.0000
24.0000
24.0000
24.0000
24.0000
24.0000
24.0000
24.0000
24.0000
24.0000
24.0000
24.0000
24.0000
24.0000
24.0000
24.0000
24.0000
24.0000
24.0000
24.0000
24.0000
24.0000
24.0000
24.0000
24.0000
24.0000
24.0000
24.0000
24.0000
24.0000
24.0000
24.0000
24.0000
24.0000
24.0000
24.0000
24.0000
24.0000
24.0000
24.0000
24.0000
24.0000
24.0000
24.0000
24.0000
24.0000
24.0000
24.0000
24.0000
24.0000
24.0000
24.0000
24.0000
24.0000
24.0000
24.0000
24.0000
24.0000
24.0000
24.0000
24.0000
24.0000
24.0000
24.0000
24.0000
24.0000
24.0000
24.0000
24.0000
24.0000
24.0000
24.0000
24.0000
24.0000
24.0000
24.0000
24.0000
24.0000
24.0000
24.0000
24.0000
24.0000
24.0000
24.0000
24.0000
24.0000
24.0000
24.0000
24.0000
24.0000
24.0000
24.0000
24.0000
24.0000
24.0000
24.0000
24.0000
24.0000
24.0000
24.0000
24.0000
24.0000
24.0000
24.0000
24.0000
24.0000
24.0000
24.0000
24.0000
24.0000
24.0000
24.0000
24.0000
24.0000
24.0000
24.0000
24.0000
24.0000
24.0000
24.0000
24.0000
24.0000
24.0000
24.0000
24.0000
24.8542
24.4271
24.1325
24.0063
24.0003
24.0000
24.0000
24.0000
24.0000
24.0000
24.0000
24.0000
24.0000
24.8459
24.4142
24.1158
24.0055
24.0003
24.0000
24.0000
24.0000
24.0000
24.0000
24.0000
24.0000
24.0000
24.8321
24.3946
24.0919
24.0044
24.0002
24.0000
24.0000
24.0000
24.0000
24.0000
24.0000
24.0000
24.0000
24.8189
24.3750
24.0681
24.0033
24.0002
24.0000
24.0000
24.0000
24.0000
24.0000
24.0000
24.0000
24.0000
24.8060
24.3563
24.0453
24.0022
24.0001
24.0000
24.0000
24.0000
24.0000
24.0000
24.0000
24.0000
24.0000
24.7932
24.3373
24.0220
24.0011
24.0001
24.0000
24.0000
24.0000
24.0000
24.0000
24.0000
24.0000
24.0000
24.7802
24.3173
24.0153
24.0008
24.0001
24.0000
24.0000
24.0000
24.0000
24.0000
24.0000
24.0000
24.0000
24.7664
24.2965
24.0143
24.0007
24.0001
24.0000
24.0000
24.0000
24.0000
24.0000
24.0000
24.0000
24.0000
24.7528
24.2754
24.0133
24.0007
24.0001
24.0000
24.0000
24.0000
24.0000
24.0000
24.0000
24.0000
24.0000
24.7400
24.2559
24.0124
24.0006
24.0001
24.0000
24.0000
24.0000
24.0000
24.0000
24.0000
24.0000
24.0000
24.7282
24.2380
24.0115
24.0006
24.0001
24.0000
24.0000
24.0000
24.0000
24.0000
24.0000
24.0000
24.0000
24.7177
24.2229
24.0108
24.0006
24.0001
24.0000
24.0000
24.0000
24.0000
24.0000
24.0000
24.0000
24.0000
24.7270
24.2384
24.0115
24.0006
24.0001
24.0000
24.0000
24.0000
24.0000
24.0000
24.0000
24.0000
24.0000
24.7399
24.2581
24.0125
24.0006
24.0001
24.0000
24.0000
24.0000
24.0000
24.0000
24.0000
24.0000
24.0000
24.7594
24.2880
24.0139
24.0007
24.0001
24.0000
24.0000
24.0000
24.0000
24.0000
24.0000
24.0000
24.0000
24.7805
24.3203
24.0154
24.0008
24.0001
24.0000
24.0000
24.0000
24.0000
24.0000
24.0000
24.0000
24.0000
24.8010
24.3501
24.0410
24.0020
24.0001
24.0000
24.0000
24.0000
24.0000
24.0000
24.0000
24.0000
24.0000
24.8151
24.3701
24.0647
24.0031
24.0002
24.0000
24.0000
24.0000
24.0000
24.0000
24.0000
24.0000
24.0000
24.8268
24.3878
24.0868
24.0042
24.0002
24.0000
24.0000
24.0000
24.0000
24.0000
24.0000
24.0000
24.0000
24.8419
24.4099
24.1135
24.0054
24.0003
24.0000
24.0000
24.0000
24.0000
24.0000
24.0000
24.0000
24.0000
24.8536
24.4262
24.1327
24.0063
24.0003
24.0000
24.0000
24.0000
24.0000
24.0000
24.0000
24.0000
24.0000
24.8572
24.4307
24.1367
24.0065
24.0003
24.0000
24.0000
24.0000
24.0000
24.0000
24.0000
24.0000
24.0000
24.8503
24.4203
24.1234
24.0059
24.0003
24.0000
24.0000
24.0000
24.0000
24.0000
24.0000
24.0000
24.0000
24.8377
24.4016
24.1001
24.0048
24.0003
24.0000
24.0000
24.0000
24.0000
24.0000
24.0000
24.0000
24.0000
24.8228
24.3797
24.0735
24.0035
24.0002
24.0000
24.0000
24.0000
24.0000
24.0000
24.0000
24.0000
24.0000
24.8080
24.3587
24.0481
24.0023
24.0001
24.0000
24.0000
24.0000
24.0000
24.0000
24.0000
24.0000
24.0000
24.7952
24.3397
24.0250
24.0012
24.0001
24.0000
24.0000
24.0000
24.0000
24.0000
24.0000
24.0000
24.0000
24.7829
24.3214
24.0155
24.0008
24.0001
24.0000
24.0000
24.0000
24.0000
24.0000
24.0000
24.0000
24.0000
24.7707
24.3029
24.0146
24.0007
24.0001
24.0000
24.0000
24.0000
24.0000
24.0000
24.0000
24.0000
24.0000
24.7591
24.2849
24.0138
24.0007
24.0001
24.0000
24.0000
24.0000
24.0000
24.0000
24.0000
24.0000
24.0000
24.7470
24.2665
24.0129
24.0006
24.0001
24.0000
24.0000
24.0000
24.0000
24.0000
24.0000
24.0000
24.0000
24.7347
24.2479
24.0120
24.0006
24.0001
24.0000
24.0000
24.0000
24.0000
24.0000
24.0000
24.0000
24.0000
24.7222
24.2289
24.0111
24.0006
24.5158
24.8457
25.0798
25.2665
25.4160
25.5321
25.5994
25.6002
25.6002
25.9231
25.6078
25.6004
25.0255
25.0019
25.0014
25.0013
25.0013
25.0013
25.0013
25.0013
25.0013
25.0012
25.0012
25.0012
24.3940
24.0612
24.0023
23.9999
23.9995
23.9996
23.9997
23.9998
23.9999
23.9999
23.9999
24.0000
24.0000
24.0000
24.0000
24.0000
24.0000
24.0001
24.0001
24.0001
24.0001
24.0001
24.0001
24.0002
24.0002
24.0003
24.0004
24.0004
24.0004
24.0004
24.0004
24.0004
24.0004
24.0003
24.0003
24.0003
24.0003
24.0003
24.0003
24.0003
24.0003
24.0003
24.0003
24.0003
24.0003
24.0002
24.0002
24.0002
24.0002
24.0002
24.0002
24.0002
24.0003
24.0004
24.0241
24.0016
24.0005
24.0005
24.0004
24.0004
24.0004
24.0004
24.0003
24.0003
24.0002
24.0002
24.0002
24.0003
24.0003
24.0003
24.0003
24.0004
24.0004
24.0004
24.0004
24.0004
24.0004
24.0003
24.0003
24.0003
24.0003
24.0003
24.0003
24.0003
24.0003
24.0003
24.0002
24.0002
24.0002
24.0002
24.0002
24.0002
24.0002
24.0002
24.0032
24.0669
24.0541
24.0081
24.0008
24.0005
24.0004
24.0004
24.0030
24.0368
24.0119
24.0156
24.0182
24.0053
24.0301
24.0293
24.0896
24.0766
24.0884
24.0671
24.0450
24.0350
24.0311
24.0300
24.0305
24.0314
24.0336
24.0359
24.0379
24.0363
24.0335
24.0406
24.0551
24.0794
24.0586
24.0557
24.0463
24.0558
24.0465
24.0391
24.0373
24.0349
24.0289
24.0380
24.0258
24.0140
24.0093
24.0043
24.0004
24.0002
24.0002
24.0002
24.0002
24.0002
24.0003
24.0003
24.0003
24.0003
24.0003
24.0003
24.0003
24.0003
24.0003
24.0002
24.0002
24.0002
24.0002
24.0002
24.0003
24.0002
24.0002
24.0003
24.0003
24.0004
24.0004
24.0004
24.0004
24.0004
24.0003
24.0003
24.0003
24.0003
24.0003
24.0003
24.0003
24.0003
24.8894
25.4671
25.9041
26.0031
26.0785
26.1438
26.2015
26.2533
26.3004
26.3439
26.3844
26.4224
26.4981
26.5188
26.5418
26.8219
26.7018
26.6915
26.6927
26.7003
26.7004
26.7004
26.7005
