0.0597
0.0597
0.0597
0.0597
0.0597
0.0000
0.0597
0.0597
0.0597
0.0597
0.0597
0.0597
0.0597
0.0597
0.0597
0.0597
0.0597
0.0597
0.0000
0.0597
0.0597
0.0597
0.0597
0.0597
0.0597
0.0597
0.0597
0.0597
0.0597
0.0597
0.0597
0.0000
0.0597
0.0597
0.0597
0.0597
0.0597
0.0597
0.0597
0.0597
0.0597
0.0597
0.0597
0.0597
0.0000
0.0597
0.0597
0.0597
0.0597
0.0597
0.0597
0.0597
0.0597
0.0597
0.0597
0.0597
0.0597
0.0000
0.0597
0.0597
0.0597
0.0597
0.0597
0.0597
0.0597
0.0597
0.0597
0.0597
0.0597
0.0597
0.0000
0.0597
0.0597
0.0597
0.0597
0.0597
0.0597
0.0597
0.0597
0.0597
0.0597
0.0597
0.0597
0.0597
0.0597
0.1064
0.0773
0.0753
0.0743
0.2104
0.2212
0.2287
0.2299
0.2450
0.2510
0.2524
0.2532
0.2542
0.2548
0.2555
0.2560
0.2566
0.2570
0.2575
0.2579
0.2583
0.2543
0.2898
0.2985
0.2985
0.2985
0.2985
0.2801
0.2670
0.2647
0.2644
0.2642
0.2645
0.2644
0.2645
0.2554
0.2554
0.2379
0.2377
0.2513
0.2648
0.2564
0.2430
0.1007
0.0940
0.0905
0.0880
0.0860
0.0843
0.0830
0.0817
0.0810
0.2205
0.2318
0.2351
0.2413
0.2559
0.2581
0.2548
0.2468
0.2520
0.2529
0.2447
0.2338
0.2412
0.2417
0.2421
0.2431
0.2479
0.2495
0.2485
0.2491
0.2585
0.2549
0.2593
0.2688
0.2649
0.2697
0.2702
0.2707
0.2711
0.2715
0.2719
0.2678
0.2504
0.1075
0.1008
0.0973
0.0948
0.0928
0.0912
0.0898
0.0886
0.0875
0.2236
0.2355
0.2463
0.2618
0.2634
0.2655
0.2667
0.2809
0.2985
0.2985
0.2912
0.2682
0.2948
0.2985
0.2985
0.2985
0.2985
0.2985
0.2985
0.2985
0.2965
0.2836
0.2816
0.2720
0.2671
0.2623
0.2617
0.2568
0.2520
0.2513
0.1145
0.2575
0.2744
0.2694
0.2505
0.1128
0.1056
0.1019
0.0995
0.0973
0.0952
0.0944
0.0931
0.0915
0.0909
0.0886
0.0885
0.0876
0.0868
0.0861
0.0854
0.0847
0.0840
0.0836
0.0829
0.0829
0.0816
0.0809
0.0807
0.0803
0.2108
0.2274
0.2305
0.2458
0.2483
0.2499
0.2551
0.2568
0.2577
0.2585
0.2563
0.2511
0.2470
0.2472
0.2344
0.2338
0.2340
0.2341
0.2342
0.1012
0.0944
0.0910
0.0885
0.0865
0.0848
0.0833
0.0000
0.0000
0.0000
0.0597
0.0597
0.0597
0.0597
0.0597
0.0597
0.0597
0.0597
0.0597
0.0597
0.0597
0.0597
0.0000
0.0597
0.0597
0.0597
0.0597
0.0597
0.0597
0.0597
0.0597
0.0597
0.0597
0.0597
0.0597
0.0000
0.0597
0.0597
0.0597
0.0597
0.0597
0.0597
0.0597
0.0597
0.0597
0.0597
0.0597
0.0597
0.0000
0.0597
0.0597
0.0597
0.0597
0.0597
0.0597
0.0597
0.0597
0.0597
0.0597
0.0597
0.0597
0.0000
0.0597
0.0597
0.0597
0.0597
0.0597
0.0597
0.0597
0.0597
0.0597
0.0597
0.0597
0.0597
0.0000
0.0597
0.0597
0.0597
0.0597
0.0597
0.0597
0.0597
0.0597
0.0597
0.0597
0.0597
0.0597
0.0000
0.0597
0.0597
0.0597
0.0597
0.0597
0.0597
0.0597
0.0597
0.0597
0.0597
0.0597
0.0597
0.0000
0.0597
0.0597
0.0597
0.0597
0.0597
0.0597
0.0597
0.0597
0.0597
0.0597
0.0597
0.0597
0.0597
0.0597
0.1049
0.0774
0.0755
0.0746
0.0742
0.2057
0.2251
0.2323
0.2301
0.2406
0.2510
0.2524
0.2536
0.2546
0.2553
0.2561
0.2568
0.2574
0.2579
0.2584
0.2589
0.2593
0.2985
0.2985
0.2985
0.2985
0.2985
0.2756
0.2668
0.2657
0.2656
0.2654
0.2658
0.2659
0.2660
0.2613
0.2567
0.2490
0.2487
0.2535
0.2580
0.2628
0.2541
0.1029
0.0963
0.0929
0.0903
0.0884
0.0868
0.0854
0.0842
0.2164
0.2265
0.2340
0.2488
0.2554
0.2610
0.2628
0.2683
0.2561
0.2521
0.2393
0.2438
0.2435
0.2450
0.2459
0.2464
0.2468
0.2434
0.2435
0.2538
0.2575
0.2530
0.2576
0.2591
0.2684
0.2738
0.2743
0.2748
0.2753
0.2758
0.2763
0.2768
0.2725
0.2505
0.1123
0.1058
0.1025
0.1000
0.0981
0.0965
0.0952
0.0941
0.0932
0.2299
0.2411
0.2531
0.2640
0.2704
0.2721
0.2735
0.2972
0.2985
0.2923
0.2925
0.2799
0.2938
0.2985
0.2985
0.2985
0.2985
0.2985
0.2985
0.2985
0.2985
0.2976
0.2921
0.2912
0.2910
0.2909
0.2852
0.2808
0.2726
0.2637
0.1248
0.2557
0.2762
0.2835
0.2847
0.2579
0.1242
0.1169
0.1134
0.1107
0.1080
0.1071
0.1058
0.1040
0.1032
0.1011
0.1008
0.0999
0.0990
0.0982
0.0975
0.0968
0.0961
0.0956
0.0956
0.0944
0.0938
0.0927
0.0927
0.0923
0.2241
0.2400
0.2431
0.2490
0.2608
0.2660
0.2684
0.2695
0.2705
0.2668
0.2679
0.2696
0.2645
0.2555
0.1134
0.1064
0.1029
0.1004
0.0984
0.0967
0.0952
0.0940
0.0928
0.0918
0.0909
0.0900
0.0000
0.0000
0.0000
0.0597
0.0597
0.0597
0.0597
0.0597
0.0597
0.0597
0.0597
0.0597
0.0597
0.0597
0.0597
0.0000
0.0597
0.0597
0.0597
0.0597
0.0597
0.0597
0.0597
0.0597
0.0597
0.0597
0.0597
0.0597
0.0000
0.0597
0.0597
0.0597
0.0597
0.0597
0.0597
0.0597
0.0597
0.0597
0.0597
0.0597
0.0597
0.0000
0.0597
0.0597
0.0597
0.0597
0.0597
0.0597
0.0597
0.0597
0.0597
0.0597
0.0597
0.0597
0.0000
0.0597
0.0597
0.0597
0.0597
0.0597
0.0597
0.0597
0.0597
0.0597
0.0597
0.0597
0.0597
0.0000
0.0597
0.0597
0.0597
0.0597
0.0597
0.0597
0.0597
0.0597
0.0597
0.0597
0.0597
0.0597
0.0000
0.0597
0.0597
0.0597
0.0597
0.0597
0.0597
0.0597
0.0597
0.0597
0.0597
0.0597
0.0597
0.0000
0.0597
0.0597
0.0597
0.0597
0.0597
0.0597
0.0597
0.0597
0.0597
0.0597
0.0597
0.0597
0.0597
0.0597
0.1532
0.0999
0.0952
0.0935
0.2262
0.2357
0.2420
0.2440
0.2499
0.2598
0.2696
0.2706
0.2714
0.2719
0.2724
0.2729
0.2732
0.2735
0.2738
0.2741
0.2743
0.2745
0.2985
0.2985
0.2985
0.2985
0.2985
0.2930
0.2819
0.2802
0.2797
0.2793
0.2794
0.2792
0.2792
0.2566
0.2516
0.2517
0.2693
0.2699
0.2789
0.2748
0.2616
0.1141
0.1072
0.1035
0.1008
0.0987
0.0969
0.0954
0.0941
0.2258
0.2375
0.2391
0.2499
0.2648
0.2661
0.2723
0.2689
0.2563
0.2476
0.2480
0.2529
0.2515
0.2541
0.2545
0.2549
0.2554
0.2556
0.2571
0.2613
0.2658
0.2716
0.2894
0.2855
0.2864
0.2821
0.2824
0.2828
0.2832
0.2835
0.2839
0.2843
0.2846
0.2584
0.1194
0.1126
0.1091
0.1065
0.1045
0.1028
0.1014
0.1003
0.0992
0.0984
0.2536
0.2628
0.2714
0.2744
0.2763
0.2734
0.2746
0.2847
0.2985
0.2985
0.2985
0.2985
0.2985
0.2985
0.2985
0.2985
0.2985
0.2985
0.2985
0.2985
0.2985
0.2985
0.2933
0.2826
0.2731
0.2724
0.2633
0.2629
0.2617
0.1289
0.2766
0.2816
0.2785
0.2745
0.2659
0.1278
0.1206
0.1170
0.1137
0.1122
0.1111
0.1092
0.1076
0.1070
0.1045
0.1044
0.1036
0.1027
0.1020
0.1012
0.1005
0.0999
0.0994
0.0991
0.0982
0.0975
0.0966
0.0965
0.0960
0.0955
0.2369
0.2431
0.2559
0.2618
0.2684
0.2709
0.2723
0.2734
0.2743
0.2706
0.2598
0.2586
0.2585
0.2544
0.1167
0.1096
0.1062
0.1037
0.1018
0.1001
0.0987
0.0974
0.0963
0.0952
0.0943
0.0000
0.0000
0.0000
0.0597
0.0597
0.0597
0.0597
0.0597
0.0597
0.0597
0.0597
0.0597
0.0597
0.0597
0.0597
0.0000
0.0597
0.0597
0.0597
0.0597
0.0597
0.0597
0.0597
0.0597
0.0597
0.0597
0.0597
0.0597
0.0000
0.0597
0.0597
0.0597
0.0597
0.0597
0.0597
0.0597
0.0597
0.0597
0.0597
0.0597
0.0597
0.0000
0.0597
0.0597
0.0597
0.0597
0.0597
0.0597
0.0597
0.0597
0.0597
0.0597
0.0597
0.0597
0.0000
0.0597
0.0597
0.0597
0.0597
0.0597
0.0597
0.0597
0.0597
0.0597
0.0597
0.0597
0.0597
0.0000
0.0597
0.0597
0.0597
0.0597
0.0597
0.0597
0.0597
0.0597
0.0597
0.0597
0.0597
0.0597
0.0000
0.0597
0.0597
0.0597
0.0597
0.0597
0.0597
0.0597
0.0597
0.0597
0.0597
0.0597
0.0597
0.0000
0.0597
0.0597
0.0597
0.0597
0.0597
0.0597
0.0597
0.0597
0.0597
0.0597
0.0597
0.0597
0.0597
0.0597
0.1683
0.1071
0.1015
0.0995
0.2326
0.2457
0.2535
0.2587
0.2648
0.2702
0.2758
0.2766
0.2773
0.2777
0.2782
0.2786
0.2790
0.2793
0.2795
0.2798
0.2801
0.2803
0.2985
0.2985
0.2985
0.2985
0.2985
0.2985
0.2985
0.2899
0.2872
0.2864
0.2864
0.2861
0.2815
0.2723
0.2717
0.2715
0.2633
0.2677
0.2765
0.2855
0.2636
0.1201
0.1133
0.1097
0.1070
0.1048
0.1030
0.1015
0.1002
0.0992
0.0985
0.2306
0.2456
0.2664
0.2730
0.2754
0.2767
0.2693
0.2611
0.2663
0.2671
0.2618
0.2580
0.2600
0.2604
0.2620
0.2634
0.2664
0.2669
0.2676
0.2723
0.2682
0.2776
0.2824
0.2876
0.2880
0.2885
0.2890
0.2894
0.2898
0.2902
0.2904
0.2774
0.1256
0.1184
0.1148
0.1122
0.1101
0.1084
0.1070
0.1058
0.1047
0.1040
0.2369
0.2737
0.2778
0.2796
0.2819
0.2790
0.2846
0.2947
0.2985
0.2985
0.2985
0.2985
0.2985
0.2985
0.2985
0.2985
0.2985
0.2985
0.2985
0.2985
0.2985
0.2985
0.2985
0.2920
0.2837
0.2827
0.2776
0.2776
0.2727
0.1335
0.2691
0.2821
0.2919
0.2966
0.2723
0.1328
0.1252
0.1214
0.1190
0.1171
0.1150
0.1134
0.1118
0.1114
0.1089
0.1086
0.1077
0.1068
0.1060
0.1052
0.1044
0.1037
0.1031
0.1026
0.1022
0.1016
0.1005
0.0998
0.0996
0.0991
0.2305
0.2427
0.2454
0.2571
0.2671
0.2740
0.2755
0.2766
0.2793
0.2784
0.2791
0.2802
0.2757
0.2763
0.2675
0.2680
0.2589
0.2588
0.1208
0.1135
0.1100
0.1073
0.1051
0.1033
0.1018
0.0000
0.0000
0.0000
0.0597
0.0597
0.0597
0.0597
0.0597
0.0597
0.0597
0.0597
0.0597
0.0597
0.0597
0.0597
0.0000
0.0597
0.0597
0.0597
0.0597
0.0597
0.0597
0.0597
0.0597
0.0597
0.0597
0.0597
0.0597
0.0000
0.0597
0.0597
0.0597
0.0597
0.0597
0.0597
0.0597
0.0597
0.0597
0.0597
0.0597
0.0597
0.0000
0.0597
0.0597
0.0597
0.0597
0.0597
0.0597
0.0597
0.0597
0.0597
0.0597
0.0597
0.0597
0.0000
0.0597
0.0597
0.0597
0.0597
0.0597
0.0597
0.0597
0.0597
0.0597
0.0597
0.0597
0.0597
0.0000
0.0597
0.0597
0.0597
0.0597
0.0597
0.0597
0.0597
0.0597
0.0597
0.0597
0.0597
0.0597
0.0000
0.0597
0.0597
0.0597
0.0597
0.0597
0.0597
0.0597
0.0597
0.0597
0.0597
0.0597
0.0597
0.0000
0.0597
0.0597
0.0597
0.0597
0.0597
0.0597
0.0597
0.0597
0.0597
0.0597
0.0597
0.0597
0.0597
0.0597
0.1675
0.1063
0.1010
0.0991
0.0976
0.0962
0.0950
0.0939
0.0928
0.0918
0.0909
0.0900
0.0891
0.0883
0.0875
0.0868
0.0861
0.0854
0.0848
0.0841
0.0836
0.0830
0.0825
0.0820
0.0815
0.0811
0.0806
0.0802
0.0799
0.0795
0.0792
0.0789
0.0786
0.0783
0.0780
0.0778
0.0775
0.0773
0.0771
0.0769
0.0767
0.0766
0.0764
0.0763
0.0761
0.0760
0.0759
0.0758
0.0756
0.0755
0.0754
0.0754
0.0753
0.0752
0.0751
0.0751
0.0750
0.0750
0.0749
0.0749
0.0748
0.0748
0.0747
0.0747
0.0746
0.0746
0.0746
0.0745
0.0745
0.0745
0.0745
0.0744
0.0744
0.0744
0.0744
0.0744
0.0743
0.0743
0.0743
0.0743
0.0743
0.0743
0.0743
0.0743
0.0742
0.0742
0.0742
0.0742
0.0742
0.0742
0.0742
0.0743
0.0743
0.0743
0.0743
0.0743
0.0743
0.0743
0.0743
0.0743
0.0744
0.0744
0.0744
0.0744
0.0744
0.0745
0.0745
0.0745
0.0745
0.0746
0.0746
0.0746
0.0746
0.0747
0.0747
0.0747
0.0747
0.0748
0.0748
0.0748
0.0597
0.0597
0.0597
0.0597
0.0597
0.0597
0.0597
0.0597
0.0597
0.0597
0.0597
0.0597
0.0000
0.0597
0.0597
0.0597
0.0597
0.0597
0.0597
0.0597
0.0597
0.0597
0.0597
0.0597
0.0597
0.0000
0.0597
0.0597
0.0597
0.0597
0.0597
0.0597
0.0597
0.0597
0.0597
0.0597
0.0597
0.0597
0.0000
0.0597
0.0597
0.0597
0.0597
0.0597
0.0597
0.0597
0.0597
0.0597
0.0597
0.0597
0.0597
0.0000
0.0597
0.0597
0.0597
0.0597
0.0597
0.0597
0.0597
0.0597
0.0597
0.0597
0.0597
0.0597
0.0000
0.0597
0.0597
0.0597
0.0597
0.0597
0.0597
0.0597
0.0597
0.0597
0.0597
0.0597
0.0597
0.0000
0.0597
0.0597
0.0597
0.0597
0.0597
0.0597
0.0597
0.0597
0.0597
0.0597
0.0597
0.0597
0.0000
0.0597
0.0597
0.0597
0.0597
0.0597
0.0597
0.0597
0.0597
0.0597
0.0597
0.0597
0.0597
0.0000
0.0597
0.0597
0.0597
0.0597
0.0597
0.0597
0.0597
0.0597
0.0597
0.0597
0.0597
0.0597
0.0000
0.0597
0.0597
0.0597
0.0597
0.0597
0.0597
0.0597
0.0597
0.0597
0.0597
0.0597
0.0597
0.0000
0.0597
0.0597
0.0597
0.0597
0.0597
0.0597
0.0597
0.0597
0.0597
0.0597
0.0597
0.0597
0.0000
0.0597
0.0597
0.0597
0.0597
0.0597
0.0597
0.0597
0.0597
0.0597
0.0597
0.0597
0.0597
0.0000
0.0597
0.0597
0.0597
0.0597
0.0597
0.0597
0.0597
0.0597
0.0597
0.0597
0.0597
0.0597
0.0000
0.0597
0.0597
0.0597
0.0597
0.0597
0.0597
0.0597
0.0597
0.0597
0.0597
0.0597
0.0597
0.0000
0.0597
0.0597
0.0597
0.0597
0.0597
0.0597
0.0597
0.0597
0.0597
0.0597
0.0597
0.0597
0.0000
0.0597
0.0597
0.0597
0.0597
0.0597
0.0597
0.0597
0.0597
0.0597
0.0597
0.0597
0.0597
0.0000
0.0597
0.0597
0.0597
0.0597
0.0597
0.0597
0.0597
0.0597
0.0597
0.0597
0.0597
0.0597
0.0000
0.0597
0.0597
0.0597
0.0597
0.0597
0.0597
0.0597
0.0597
0.0597
0.0597
0.0597
0.0597
0.0000
0.0597
0.0597
0.0597
0.0597
0.0597
0.0597
0.0597
0.0597
0.0597
0.0597
0.0597
0.0597
0.0000
0.0597
0.0597
0.0597
0.0597
0.0597
0.0597
0.0597
0.0597
0.0597
0.0597
0.0597
0.0597
0.0000
0.0597
0.0597
0.0597
0.0597
0.0597
0.0597
0.0597
0.0597
0.0597
0.0597
0.0597
0.0597
0.0000
0.0597
0.0597
0.0597
0.0597
0.0597
0.0597
0.0597
0.0597
0.0597
0.0597
0.0597
0.0597
0.0000
0.0597
0.0597
0.0597
0.0597
0.0597
0.0597
0.0597
0.0597
0.0597
0.0597
0.0597
0.0597
0.0000
0.0597
0.0597
0.0597
0.0597
0.0597
0.0597
0.0597
0.0597
0.0597
0.0597
0.0597
0.0597
0.0000
0.0597
0.0597
0.0597
0.0597
0.0597
0.0597
0.0597
0.0597
0.0597
0.0597
0.0597
0.0597
0.0000
0.0597
0.0597
0.0597
0.0597
0.0597
0.0597
0.0597
0.0597
0.0597
0.0597
0.0597
0.0597
0.0000
0.0597
0.0597
0.0597
0.0597
0.0597
0.0597
0.0597
0.0597
0.0597
0.0597
0.0597
0.0597
0.0000
0.0597
0.0597
0.0597
0.0597
0.0597
0.0597
0.0597
0.0597
0.0597
0.0597
0.0597
0.0597
0.0000
0.0597
0.0597
0.0597
0.0597
0.0597
0.0597
0.0597
0.0597
0.0597
0.0597
0.0597
0.0597
0.0000
0.0597
0.0597
0.0597
0.0597
0.0597
0.0597
0.0597
0.0597
0.0597
0.0597
0.0597
0.0597
0.0000
0.0597
0.0597
0.0597
0.0597
0.0597
0.0597
0.0597
0.0597
0.0597
0.0597
0.0597
0.0597
0.0000
0.0597
0.0597
0.0597
0.0597
0.0597
0.0597
0.0597
0.0597
0.0597
0.0597
0.0597
0.0597
0.0000
0.0597
0.0597
0.0597
0.0597
0.0597
0.0597
0.0597
0.0597
0.0597
0.0597
0.0597
0.0597
0.0000
0.0597
0.0597
0.0597
0.0597
0.0597
0.0597
0.0597
0.0597
0.0597
0.0597
0.0597
0.0597
0.0000
0.0597
0.0597
0.0597
0.0597
0.0597
0.0597
0.0597
0.0597
0.0597
0.0597
0.0597
0.0597
0.0597
0.0597
0.1721
0.1090
0.1030
0.1007
0.0998
0.2356
0.2542
0.2699
0.2677
0.2735
0.2746
0.2754
0.2762
0.2767
0.2771
0.2775
0.2778
0.2781
0.2784
0.2786
0.2788
0.2790
0.2985
0.2985
0.2985
0.2985
0.2985
0.2985
0.2939
0.2863
0.2850
0.2847
0.2845
0.2844
0.2844
0.2799
0.2708
0.2711
0.2621
0.2709
0.2844
0.2846
0.2812
0.1205
0.1131
0.1094
0.1068
0.1047
0.1030
0.1016
0.1004
0.0996
0.0986
0.2351
0.2460
0.2579
0.2781
0.2808
0.2823
0.2884
0.2807
0.2730
0.2649
0.2609
0.2612
0.2622
0.2627
0.2632
0.2641
0.2688
0.2739
0.2700
0.2659
0.2756
0.2758
0.2899
0.2951
0.2914
0.2920
0.2926
0.2931
0.2936
0.2941
0.2946
0.2733
0.1297
0.1227
0.1193
0.1167
0.1148
0.1132
0.1119
0.1108
0.1098
0.1090
0.2601
0.2711
0.2830
0.2855
0.2880
0.2897
0.2985
0.2985
0.2985
0.2985
0.2985
0.2985
0.2985
0.2985
0.2985
0.2985
0.2985
0.2985
0.2985
0.2985
0.2985
0.2985
0.2985
0.2985
0.2985
0.2985
0.2985
0.2957
0.2844
0.1454
0.2759
0.2789
0.2985
0.2985
0.2847
0.1436
0.1356
0.1319
0.1292
0.1269
0.1251
0.1235
0.1221
0.1210
0.1195
0.1187
0.1178
0.1170
0.1162
0.1154
0.1147
0.1140
0.1135
0.1130
0.1122
0.1116
0.1111
0.1104
0.1101
0.2429
0.2494
0.2528
0.2641
0.2750
0.2850
0.2872
0.2884
0.2894
0.2902
0.2919
0.2915
0.2875
0.2835
0.2822
0.2662
0.2707
0.1321
0.1247
0.1210
0.1184
0.1161
0.1142
0.1126
0.1111
0.1098
0.0000
0.0000
0.0000
0.0597
0.0597
0.0597
0.0597
0.0597
0.0597
0.0597
0.0597
0.0597
0.0597
0.0597
0.0597
0.0000
0.0597
0.0597
0.0597
0.0597
0.0597
0.0597
0.0597
0.0597
0.2985
0.2985
0.2985
0.2985
0.0000
0.2985
0.2985
0.2985
0.2985
0.2985
0.2985
0.2985
0.2985
0.2985
0.2985
0.2985
0.2985
0.0000
0.2985
0.2985
0.2985
0.2985
0.2985
0.2985
0.2985
0.2985
0.2985
0.2985
0.2985
0.2985
0.0000
0.2985
0.2985
0.2985
0.2985
0.2985
0.2985
0.2985
0.2985
0.2985
0.2985
0.2985
0.2985
0.0000
0.2985
0.2985
0.2985
0.2985
0.2985
0.2985
0.2985
0.2985
0.2985
0.2985
0.2985
0.2985
0.0000
0.2985
0.2985
0.2985
0.2985
0.2985
0.2985
0.2985
0.2985
0.2985
0.2985
0.2985
0.2985
0.0000
0.2985
0.2985
0.2985
0.2985
0.2985
0.2985
0.2985
0.2985
0.2985
0.2985
0.2985
0.2985
0.2985
0.2985
0.2985
0.2985
0.2337
0.1483
0.0597
0.0597
0.0597
0.0597
0.0597
0.0597
0.0597
0.0597
0.0597
0.0597
0.0597
0.0597
0.0597
0.0597
0.0597
0.0597
0.0597
0.0597
0.0597
0.0597
0.0597
0.0597
0.0597
0.0597
0.0597
0.0597
0.0597
0.0597
0.0597
0.0597
0.0597
0.0597
0.0597
0.0597
0.0597
0.0597
0.0597
0.0597
0.0597
0.0597
0.0597
0.0597
0.0597
0.0597
0.0597
0.0597
0.0597
0.0597
0.0597
0.0597
0.0597
0.0597
0.0597
0.0597
0.0597
0.0597
0.0597
0.0597
0.0597
0.0597
0.0597
0.0597
0.0597
0.0597
0.0597
0.0597
0.0597
0.0597
0.0597
0.0597
0.0597
0.0597
0.0597
0.0597
0.0597
0.0597
0.0597
0.0597
0.0597
0.0597
0.0597
0.0597
0.0597
0.0597
0.0597
0.0597
0.0597
0.0597
0.0597
0.0597
0.0597
0.0597
0.0597
0.0597
0.0597
0.0597
0.0597
0.0597
0.0597
0.0597
0.0597
0.0597
0.0597
0.0751
0.0779
0.0752
0.0816
0.0833
0.0751
0.0633
0.0640
0.0650
0.0660
0.0654
0.0663
0.0656
0.0632
0.0640
0.0599
0.0597
0.0597
0.0597
0.0597
0.0597
0.0597
0.0597
0.0597
0.0597
0.0597
0.0597
0.0597
0.0597
0.0597
0.0597
0.0597
0.0597
0.0597
0.0597
0.0597
0.0597
0.0597
0.0597
0.0597
0.0597
0.0597
0.0597
0.0597
0.0597
0.0597
0.0597
0.0597
0.0597
0.0597
0.0597
0.0597
0.0597
0.0597
0.0597
0.0597
0.0650
0.0682
0.0699
0.0697
0.0709
0.0703
0.0681
0.0673
0.0597
0.0597
0.0597
0.0597
0.0597
0.0597
0.0597
0.0597
0.0597
0.2985
0.2985
0.2985
0.2985
0.2985
0.2985
0.2985
0.2985
0.2985
0.2985
0.2985
0.2985
0.0000
0.2985
0.2985
0.2985
0.2985
0.2985
0.2985
0.2985
0.2985
0.2985
0.2985
0.2985
0.2985
0.0000
0.2985
0.2985
0.2985
0.2985
0.2985
0.2985
0.2985
0.2985
0.2985
0.2985
0.2985
0.2985
0.0000
0.2985
0.2985
0.2985
0.2985
0.2985
0.2985
0.2985
0.2985
0.2985
0.2985
0.2985
0.2985
0.0000
0.2985
0.2985
0.2985
0.2985
0.2985
0.2985
0.2985
0.2985
0.2985
0.2985
0.2985
0.2985
0.0000
0.2985
0.2985
0.2985
0.2985
0.2985
0.2985
0.2985
0.2985
0.2985
0.2985
0.2985
0.2985
0.0000
0.2985
0.2985
0.2985
0.2985
0.2985
0.2985
0.2985
0.2985
0.2985
0.2985
0.2985
0.2985
0.0000
0.2985
0.2985
0.2985
0.2985
0.2985
0.2985
0.2985
0.2985
0.2985
0.2985
0.2985
0.2985
0.2985
0.2985
0.2985
0.2985
0.2985
0.2985
0.2803
0.1433
0.0951
0.0597
0.0597
0.0597
0.0597
0.0597
0.0597
0.0597
0.0597
0.0597
0.0597
0.0597
0.0597
0.0597
0.0597
0.0597
0.0597
0.0597
0.0597
0.0597
0.0597
0.0597
0.0597
0.0597
0.0597
0.0597
0.0597
0.0597
0.0597
0.0597
0.0597
0.0597
0.0597
0.0597
0.0597
0.0597
0.0597
0.0597
0.0597
0.0597
0.0597
0.0597
0.0597
0.0597
0.0597
0.0597
0.0597
0.0597
0.0597
0.0597
0.0597
0.0597
0.0597
0.0597
0.0597
0.0597
0.0597
0.0597
0.0597
0.0597
0.0597
0.0597
0.0597
0.0597
0.0597
0.0597
0.0597
0.0597
0.0597
0.0597
0.0597
0.0597
0.0597
0.0597
0.0597
0.0597
0.0597
0.0597
0.0597
0.0597
0.0597
0.0597
0.0597
0.0597
0.0597
0.0597
0.0597
0.0597
0.0597
0.0597
0.0597
0.0597
0.0597
0.0597
0.0597
0.0597
0.0597
0.0597
0.0597
0.0673
0.0759
0.0750
0.0686
0.0795
0.0987
0.1053
0.1003
0.0918
0.0990
0.0889
0.0847
0.0806
0.0812
0.0819
0.0794
0.0784
0.0790
0.0780
0.0755
0.0759
0.0748
0.0752
0.0773
0.0858
0.0785
0.0867
0.0810
0.0597
0.0597
0.0597
0.0597
0.0597
0.0597
0.0597
0.0597
0.0597
0.0597
0.0597
0.0597
0.0597
0.0597
0.0597
0.0597
0.0597
0.0597
0.0597
0.0597
0.0597
0.0597
0.0597
0.0597
0.0597
0.0597
0.0597
0.0597
0.0597
0.0597
0.0600
0.0773
0.0799
0.0815
0.0829
0.0824
0.0802
0.0810
0.0785
0.0776
0.0781
0.0786
0.0791
0.0597
0.0597
0.0597
0.0597
0.0597
0.0597
0.0597
0.2985
0.2985
0.2985
0.2985
0.2985
0.2985
0.2985
0.2985
0.2985
0.2985
0.2985
0.2985
0.0000
0.2985
0.2985
0.2985
0.2985
0.2985
0.2985
0.2985
0.2985
0.2985
0.2985
0.2985
0.0597
0.0000
0.0597
0.0597
0.0597
0.0597
0.0597
0.0597
0.0597
0.0597
0.0597
0.0597
0.0597
0.0597
0.0000
0.0597
0.0597
0.0597
0.0597
0.0597
0.0597
0.0597
0.0597
0.0597
0.0597
0.0597
0.0597
0.0000
0.0597
0.0597
0.0597
0.0597
0.0597
0.0597
0.0597
0.0597
0.0597
0.0597
0.0597
0.0597
0.0000
0.0597
0.0597
0.0597
0.0597
0.0597
0.0597
0.0597
0.0597
0.0597
0.0597
0.0597
0.0597
0.0000
0.0597
0.0597
0.0597
0.0597
0.0597
0.0597
0.1037
0.0761
0.0736
0.0726
0.0715
0.0706
0.0000
0.1127
0.0704
0.0677
0.0667
0.0658
0.1594
0.1083
0.1026
0.1003
0.0985
0.0968
0.0953
0.0939
0.0925
0.0912
0.0900
0.0888
0.2597
0.1759
0.1646
0.1602
0.2984
0.2985
0.2985
0.2985
0.2985
0.2985
0.2985
0.2985
0.2985
0.2985
0.2985
0.2985
0.2985
0.2985
0.2985
0.2985
0.2985
0.2985
0.2985
0.2985
0.2985
0.2985
0.2985
0.2985
0.2985
0.2985
0.2985
0.2985
0.2985
0.2985
0.2985
0.2985
0.2985
0.2985
0.2985
0.2985
0.2985
0.2985
0.2985
0.1909
0.1622
0.1554
0.1514
0.1482
0.1455
0.1432
0.1412
0.1400
0.2720
0.2961
0.2985
0.2985
0.2985
0.2985
0.2985
0.2985
0.2985
0.2985
0.2985
0.2985
0.2985
0.2985
0.2985
0.2985
0.2985
0.2985
0.2985
0.2985
0.2985
0.2985
0.2985
0.2985
0.2985
0.2985
0.2985
0.2985
0.2985
0.2985
0.2985
0.2985
0.2985
0.1812
0.1549
0.1488
0.1452
0.1424
0.1401
0.1381
0.1367
0.1349
0.1342
0.2669
0.2862
0.2985
0.2985
0.2985
0.2985
0.2985
0.2985
0.2985
0.2985
0.2985
0.2985
0.2985
0.2985
0.2985
0.2985
0.2985
0.2985
0.2985
0.2985
0.2985
0.2985
0.2985
0.2985
0.2985
0.2985
0.2985
0.2985
0.2985
0.1670
0.2985
0.2985
0.2985
0.2985
0.2985
0.1613
0.1518
0.1475
0.1440
0.1424
0.1398
0.1380
0.1363
0.1352
0.1327
0.1322
0.1310
0.1300
0.1289
0.1280
0.1270
0.1262
0.1254
0.1249
0.1244
0.1230
0.1216
0.1216
0.1209
0.2539
0.2685
0.2772
0.2841
0.2936
0.2963
0.2976
0.2985
0.2985
0.2964
0.2960
0.2975
0.2971
0.2925
0.2881
0.2801
0.1404
0.1328
0.1290
0.1261
0.1238
0.1218
0.1201
0.1186
0.1172
0.1159
0.0000
0.0000
0.0597
0.0597
0.0597
0.0597
0.0597
0.0597
0.0597
0.0597
0.0597
0.0597
0.0597
0.0597
0.0000
0.0597
0.0597
0.0597
0.0597
0.0597
0.0597
0.0597
0.0597
0.0597
0.0597
0.0597
0.0597
0.0000
0.0597
0.0597
0.0597
0.0597
0.0597
0.0597
0.0597
0.0597
0.0597
0.0597
0.0597
0.0597
0.0000
0.0597
0.0597
0.0597
0.0597
0.0597
0.0597
0.0597
0.0597
0.0597
0.0597
0.0597
0.0597
0.0000
0.0597
0.0597
0.0597
0.0597
0.0597
0.0597
0.0597
0.0597
0.0597
0.0597
0.0597
0.0597
0.0000
0.0597
0.0597
0.0597
0.0597
0.0597
0.0597
0.0597
0.0597
0.0597
0.0597
0.0597
0.0597
0.0000
0.0597
0.0597
0.0597
0.0597
0.0597
0.0597
0.0597
0.0597
0.0597
0.0597
0.0597
0.0597
0.0000
0.0597
0.0597
0.0597
0.0597
0.0597
0.0597
0.0597
0.0597
0.0597
0.0597
0.0597
0.0597
0.0597
0.0597
0.0597
0.1948
0.1211
0.1137
0.1111
0.2440
0.2492
0.2593
0.2606
0.2752
0.2807
0.2860
0.2867
0.2873
0.2876
0.2879
0.2882
0.2885
0.2887
0.2889
0.2891
0.2892
0.2894
0.2985
0.2985
0.2985
0.2985
0.2985
0.2985
0.2985
0.2985
0.2985
0.2978
0.2959
0.2954
0.2951
0.2858
0.2721
0.2672
0.2670
0.2847
0.2941
0.2942
0.2770
0.1287
0.1214
0.1176
0.1148
0.1127
0.1108
0.1091
0.1080
0.1070
0.2397
0.2590
0.2757
0.2816
0.2841
0.2856
0.2868
0.2879
0.2798
0.2618
0.2674
0.2659
0.2683
0.2687
0.2691
0.2652
0.2653
0.2673
0.2802
0.2846
0.2807
0.2859
0.2860
0.2909
0.2960
0.2964
0.2969
0.2973
0.2977
0.2981
0.2984
0.2985
0.2863
0.1334
0.1263
0.1227
0.1200
0.1179
0.1162
0.1148
0.1135
0.1124
0.1119
0.2535
0.2688
0.2809
0.2875
0.2900
0.2872
0.2929
0.2985
0.2985
0.2985
0.2985
0.2985
0.2985
0.2985
0.2985
0.2985
0.2985
0.2985
0.2985
0.2985
0.2985
0.2985
0.2985
0.2985
0.2985
0.2928
0.2797
0.1447
0.1363
0.1319
0.2678
0.2862
0.2922
0.2985
0.2869
0.1393
0.1319
0.2985
0.2985
0.2985
0.2985
0.2985
0.2985
0.2985
0.2985
0.2985
0.2985
0.2985
0.2985
0.2985
0.2985
0.2985
0.2985
0.2985
0.2985
0.2985
0.2985
0.2985
0.2985
0.2985
0.2985
0.2985
0.2985
0.2985
0.2985
0.2985
0.2985
0.2985
0.2985
0.2985
0.2985
0.2985
0.2985
0.2985
0.2985
0.2985
0.2985
0.2985
0.2985
0.2985
0.2985
0.2985
0.2985
0.2985
0.2985
0.2985
0.2985
0.2985
0.2985
0.2985
0.2985
0.2985
0.2985
0.2985
0.2985
0.2985
0.2985
0.0000
0.2985
0.2985
0.2985
0.2985
0.2985
0.2985
0.2985
0.2985
0.2985
0.2985
0.2985
0.2985
0.0000
0.2985
0.2985
0.2985
0.2985
0.2985
0.2985
0.2985
0.2985
0.2985
0.2985
0.2985
0.2985
0.0000
0.2985
0.2985
0.2985
0.2985
0.2985
0.2985
0.2985
0.2985
0.2985
0.2985
0.2985
0.2985
0.0000
0.2985
0.2985
0.2985
0.2985
0.2985
0.2985
0.2985
0.2985
0.2985
0.2985
0.2985
0.2985
0.0000
0.2985
0.2985
0.2985
0.2985
0.2985
0.2985
0.2985
0.2985
0.2985
0.2985
0.2985
0.2985
0.0000
0.2985
0.2985
0.2985
0.2985
0.2985
0.2985
0.2985
0.2985
0.2985
0.2985
0.2985
0.2985
0.0000
0.2985
0.2985
0.2985
0.2985
0.2985
0.2985
0.2985
0.2985
0.2985
0.2985
0.2985
0.2985
0.2985
0.2985
0.2985
0.2985
0.2985
0.2985
0.2985
0.2985
0.2985
0.2985
0.2985
0.2985
0.2985
0.2985
0.2985
0.2985
0.2985
0.2985
0.2985
0.2985
0.2985
0.2985
0.2985
0.2985
0.2985
0.2985
0.2985
0.2985
0.2985
0.2985
0.2985
0.2985
0.2985
0.2985
0.2985
0.2985
0.2985
0.2985
0.2985
0.2985
0.2985
0.2985
0.2985
0.2985
0.2985
0.2985
0.2985
0.2985
0.2985
0.2985
0.2985
0.2985
0.2985
0.2985
0.2985
0.2985
0.2985
0.2985
0.2985
0.2985
0.2985
0.2985
0.2985
0.2985
0.2985
0.2985
0.2985
0.2985
0.2985
0.2985
0.2985
0.2985
0.2985
0.2985
0.2985
0.2985
0.2985
0.2985
0.2985
0.2985
0.2985
0.2985
0.2985
0.2985
0.2985
0.2985
0.2985
0.2985
0.2985
0.2985
0.2985
0.2985
0.2985
0.2985
0.2985
0.2985
0.2985
0.2985
0.2985
0.2985
0.2985
0.2985
0.2985
0.2985
0.2985
0.2985
0.2985
0.2985
0.2985
0.2985
0.2985
0.2985
0.2985
0.2985
0.2985
0.2985
0.2985
0.2985
0.2985
0.2985
0.2985
0.2985
0.2985
0.2985
0.2985
0.2985
0.2985
0.2985
0.2985
0.2985
0.2985
0.2985
0.2985
0.2985
0.2985
0.2985
0.2985
0.0000
0.2985
0.2985
0.2985
0.2985
0.2985
0.2985
0.2985
0.2985
0.2985
0.2985
0.2985
0.2985
0.0000
0.2985
0.2985
0.2985
0.2985
0.2985
0.2985
0.2985
0.2985
0.2985
0.2985
0.2985
0.2985
0.0000
0.2985
0.2985
0.2985
0.2985
0.2985
0.2985
0.2985
0.2985
0.2985
0.2985
0.2985
0.2985
0.0000
0.2985
0.2985
0.2985
0.2985
0.2985
0.2985
0.2985
0.2985
0.2985
0.2985
0.2985
0.2985
0.0000
0.2985
0.2985
0.2985
0.2985
0.2985
0.2985
0.2985
0.2985
0.2985
0.2985
0.2985
0.2985
0.0000
0.2985
0.2985
0.2985
0.2985
0.2985
0.2985
0.2985
0.2985
0.2985
0.2985
0.2985
0.2985
0.0000
0.2985
0.2985
0.2985
0.2985
0.2985
0.2985
0.2985
0.2985
0.2985
0.2985
0.2985
0.2985
0.0000
0.2985
0.2985
0.2985
0.2985
0.2985
0.2985
0.2985
0.2985
0.2985
0.2985
0.2985
0.2985
0.0000
0.2985
0.2985
0.2985
0.2985
0.2985
0.2985
0.2985
0.2985
0.2985
0.2985
0.2985
0.2985
0.0000
0.2985
0.2985
0.2985
0.2985
0.2985
0.2985
0.2985
0.2985
0.2985
0.2985
0.2985
0.2985
0.0000
0.2985
0.2985
0.2985
0.2985
0.2985
0.2985
0.2985
0.2985
0.2985
0.2985
0.2985
0.2985
0.0000
0.2985
0.2985
0.2985
0.2985
0.2985
0.2985
0.2985
0.2985
0.2985
0.2985
0.2985
0.2985
0.0000
0.2985
0.2985
0.2985
0.2985
0.2985
0.2985
0.2985
0.2985
0.2985
0.2985
0.2985
0.2985
0.0000
0.2985
0.2985
0.2985
0.2985
0.2985
0.2985
0.2985
0.2985
0.2985
0.2985
0.2985
0.2985
0.0000
0.2985
0.2985
0.2985
0.2985
0.2985
0.2985
0.2985
0.2985
0.2985
0.2985
0.2985
0.2985
0.0000
0.2985
0.2985
0.2985
0.2985
0.2985
0.2985
0.2985
0.2985
0.2985
0.2985
0.2985
0.2985
0.0000
0.2985
0.2985
0.2985
0.2985
0.2985
0.2985
0.2985
0.2985
0.2985
0.2985
0.2985
0.2985
0.0000
0.2985
0.2985
0.2985
0.2985
0.2985
0.2985
0.2985
0.2985
0.2985
0.2985
0.2985
0.2985
0.0000
0.2985
0.2985
0.2985
0.2985
0.2985
0.2985
0.2985
0.2985
0.2985
0.2985
0.2985
0.2985
0.0000
0.2985
0.2985
0.2985
0.2985
0.2985
0.2985
0.2985
0.2985
0.2985
0.2985
0.2985
0.2985
0.0000
0.2985
0.2985
0.2985
0.2985
0.2985
0.2985
0.2985
0.2985
0.2985
0.2985
0.2985
0.2985
0.0000
0.2985
0.2985
0.2985
0.2985
0.2985
0.2985
0.2985
0.2985
0.2985
0.2985
0.2985
0.2985
0.0000
0.2985
0.2985
0.2985
0.2985
0.2985
0.2985
0.2985
0.2985
0.2985
0.2985
0.2985
0.2985
0.0000
0.2985
0.2985
0.2985
0.2985
0.2985
0.2985
0.2985
0.2985
0.2985
0.2985
0.2985
0.2985
0.0000
0.2985
0.2985
0.2985
0.2985
0.2985
0.2985
0.2985
0.2985
0.2985
0.2985
0.2985
0.2985
0.0000
0.2985
0.2985
0.2985
0.2985
0.2985
0.2985
0.2985
0.2985
0.2985
0.2985
0.2985
0.2985
0.0000
0.2985
0.2985
0.2985
0.2985
0.2985
0.2985
0.2985
0.2985
0.2985
0.2985
0.2985
0.2985
0.0000
0.2985
0.2985
0.2985
0.2985
0.2985
0.2985
0.2985
0.2985
0.2985
0.2985
0.2985
0.2985
0.0000
0.2985
0.2985
0.2985
0.2985
0.2985
0.2985
0.2985
0.2985
0.2985
0.2985
0.2985
0.2985
0.0000
0.2985
0.2985
0.2985
0.2985
0.2985
0.2985
0.2985
0.2985
0.2985
0.2985
0.2985
0.2985
0.0000
0.2985
0.2985
0.2985
0.2985
0.2985
0.2985
0.2985
0.2985
0.2985
0.2985
0.2985
0.2985
0.0000
0.2985
0.2985
0.2985
0.2985
0.2985
0.2985
0.2985
0.2985
0.2985
0.2985
0.2985
0.2985
0.0000
0.2985
0.2985
0.2985
0.0597
0.0597
0.0597
0.0597
0.0597
0.0597
0.0597
0.0597
0.0597
0.0000
0.0597
0.0597
0.0597
0.0597
0.0597
0.0597
0.0597
0.0597
0.0597
0.0597
0.0597
0.0597
0.0597
0.0597
0.0597
0.0597
0.0597
0.0597
0.1913
0.2095
0.2174
0.2338
0.2360
0.2377
0.2395
0.2409
0.2423
0.2435
0.2444
0.2454
0.2463
0.2472
0.2480
0.2488
0.2495
0.2502
0.2861
0.2985
0.2985
0.2985
0.2911
0.2590
0.2572
0.2571
0.2573
0.2574
0.2580
0.2582
0.2497
0.2406
0.2320
0.2365
0.2501
0.2600
0.2606
0.2565
0.2432
0.0972
0.0905
0.0872
0.0848
0.0830
0.0815
0.0802
0.0792
0.2113
0.2300
0.2420
0.2491
0.2552
0.2565
0.2583
0.2638
0.2562
0.2567
0.2442
0.2444
0.2350
0.2415
0.2421
0.2426
0.2431
0.2531
0.2443
0.2506
0.2499
0.2595
0.2647
0.2651
0.2702
0.2708
0.2713
0.2719
0.2724
0.2729
0.2734
0.2739
0.2699
0.2526
0.1098
0.1032
0.0998
0.0974
0.0954
0.0939
0.0926
0.0915
0.0906
0.0900
0.2266
0.2506
0.2584
0.2649
0.2675
0.2692
0.2705
0.2715
0.2955
0.2985
0.2979
0.2985
0.2985
0.2985
0.2985
0.2985
0.2985
0.2985
0.2985
0.2940
0.2878
0.2870
0.2868
0.2823
0.2821
0.2736
0.2690
0.2645
0.2634
0.1217
0.2523
0.2780
0.2716
0.2798
0.2649
0.1214
0.1140
0.1108
0.1080
0.1064
0.1048
0.1031
0.1018
0.1008
0.0994
0.0989
0.0980
0.0973
0.0965
0.0959
0.0953
0.0947
0.0944
0.0940
0.0933
0.0927
0.0917
0.0918
0.0913
0.2236
0.2344
0.2415
0.2536
0.2559
0.2610
0.2679
0.2691
0.2657
0.2670
0.2672
0.2605
0.2593
0.2558
0.2512
0.2515
0.2471
0.2473
0.1141
0.1072
0.1038
0.1013
0.0993
0.0977
0.0962
0.0950
0.0000
0.0000
0.0000
0.0597
0.0597
0.0597
0.0597
0.0597
0.0597
0.0597
0.0597
0.0597
0.0597
0.0597
0.0597
0.0000
0.0597
0.0597
0.0597
0.0597
0.0597
0.0597
0.0597
