935.8679
932.1360
928.6093
925.4936
922.4832
919.5772
909.9681
905.4466
902.9457
900.5965
898.3444
896.1834
894.1095
892.1198
890.2136
888.3883
886.6410
884.9690
883.3697
874.4201
871.2480
869.9820
868.8309
867.7420
866.7097
865.7306
864.8015
863.9203
863.0855
862.2953
861.5478
860.8412
852.3097
850.1152
849.6699
849.3060
848.9766
848.6773
848.4055
848.1597
847.9387
847.7416
847.5672
847.4146
847.2831
839.0034
837.4560
837.5414
837.6869
837.8502
838.0274
838.2168
838.4174
838.6285
838.8496
839.0803
839.3199
839.5681
831.4319
830.3334
830.7720
831.2569
825.1402
823.0885
821.3803
819.7763
818.2509
816.7937
815.3975
814.0568
812.7671
805.1359
801.6878
800.6368
799.4295
798.5855
797.8897
797.2985
796.7932
796.3602
795.9729
795.6282
795.3190
795.0334
794.7605
794.5023
793.5895
792.1233
790.4049
788.4729
789.4585
795.0522
806.2219
818.4712
829.9558
844.8667
860.9061
876.2070
890.7990
904.5383
917.9027
930.9576
943.7418
956.2475
968.4631
980.3836
992.0020
1001.2634
1010.3980
1011.1669
1010.7876
1015.6675
1024.9806
1037.8794
1049.6166
1060.7432
1071.3177
1081.1866
1090.5452
1099.5258
1108.1524
1110.2357
1112.1544
1111.7074
1105.4206
1105.9204
1106.8019
1115.9722
1125.5961
1126.1236
1132.3268
1139.6035
1147.5265
1155.7647
1164.1071
1172.4053
1180.5443
1188.7651
1196.9034
1203.0106
1205.3495
1208.2023
1208.9350
1210.4586
1210.6426
1209.2667
1206.1708
1197.3731
1183.2044
1170.9527
1159.2023
1147.7859
1136.6600
1126.0513
1116.2189
1104.5850
1095.6045
1089.2621
1091.6831
1096.0915
1102.5576
1109.0181
1117.4603
1125.6968
1133.8674
1141.9441
1149.8938
1157.6930
1165.3252
1170.7590
1178.4193
1181.4186
1187.4000
1194.2877
1201.6778
1209.3229
1217.0662
1224.7642
1232.3229
1239.6766
1246.7935
1251.7541
1257.5176
1260.9321
1260.0342
1259.9849
1260.9648
1262.8479
1259.5780
1257.5419
1260.2208
1259.1407
1259.1107
1257.7712
1261.3054
1259.2584
1258.2059
1256.3442
1261.6099
1269.1212
1278.4905
1287.2430
1295.8022
1302.0439
1307.9878
1311.4447
1306.5490
1299.3935
1289.9311
1281.7048
1273.0165
1264.6265
1255.1291
1247.1237
1239.2130
1230.8244
1222.5218
1214.0412
1205.5912
1197.1249
1188.2685
1179.8638
1172.0469
1164.4013
1156.3284
1153.0896
1151.2932
1149.0106
1146.3424
1143.3596
1140.1132
1136.6562
1133.0270
1127.7046
1118.7970
1108.2428
1095.3277
1087.0939
1079.4361
1072.1325
1065.0649
1058.2251
1051.4831
1044.6710
1037.9182
1031.2146
1024.2460
1017.3740
1010.6217
1003.9114
997.7877
991.8829
986.1302
980.3940
975.0469
970.1618
965.3764
960.7101
956.1658
951.5285
947.0158
942.6390
938.3930
934.2725
930.2726
926.3804
925.3591
928.6656
934.0556
944.4962
954.6433
964.4671
973.9835
983.2075
992.1526
1000.8312
1004.9635
1004.7403
1002.4395
996.0693
990.0236
979.0979
972.2698
967.1715
962.4336
958.0013
953.8591
949.9766
946.2105
942.6463
939.2926
936.3466
933.4998
930.7516
920.9558
916.8364
914.4892
912.2797
910.1630
908.1333
906.1870
904.3214
902.5349
900.8252
899.1896
897.6257
896.1310
886.9813
884.1101
882.9486
881.8901
880.8907
879.9451
879.0498
878.2017
877.3988
876.6391
875.9207
875.2420
874.6013
865.8543
863.8707
863.4910
863.1830
862.9065
862.6570
862.4330
862.2327
862.0549
861.8984
861.7623
861.6456
861.5474
853.0463
851.6374
851.7562
851.9276
852.1140
852.3099
852.5133
852.7234
852.9394
853.1609
853.3874
853.6185
853.8540
845.4878
844.4369
844.8564
845.3146
840.7189
839.2184
837.8395
836.4341
835.0068
833.5665
832.1212
830.6778
829.2417
821.3406
818.1919
816.8794
816.6932
816.6517
816.4985
816.2500
815.9344
815.5746
815.1879
814.7873
814.3818
813.9778
813.5795
813.1895
812.0030
810.1685
808.0743
805.7735
807.1079
812.8908
822.9282
834.0512
844.3541
856.1602
871.5934
886.2978
900.3582
913.5614
926.4200
938.9640
951.1837
963.0739
974.6392
985.8829
996.8087
1005.3885
1008.0890
1009.5199
1015.5718
1017.3719
1026.5634
1037.3899
1049.6799
1061.2793
1072.2211
1082.4321
1092.0073
1101.1602
1109.9221
1112.1939
1110.1092
1109.5375
1103.2650
1102.0036
1107.2604
1114.3137
1120.2499
1120.3677
1126.5101
1133.9314
1142.1290
1150.7279
1159.4790
1168.1984
1176.7487
1185.1439
1191.0783
1194.0642
1197.4291
1201.9589
1202.6907
1204.3174
1202.8894
1202.1009
1199.4018
1194.0153
1179.0198
1167.6455
1156.2494
1145.2092
1134.4801
1124.0295
1114.1603
1105.0757
1098.7632
1092.8091
1096.6284
1103.7163
1114.8976
1127.8973
1140.5291
1155.0266
1169.1664
1182.9526
1196.3900
1209.4840
1222.2404
1232.5107
1244.5425
1252.8650
1262.8563
1272.3256
1281.3321
1289.9259
1298.1507
1306.2919
1314.2871
1322.1490
1325.5186
1328.8108
1332.2530
1335.9189
1344.0649
1352.1919
1356.0828
1355.9426
1354.0617
1363.2468
1376.6052
1385.2341
1391.6326
1395.8796
1393.8104
1387.8433
1388.8677
1390.0831
1391.5483
1399.5475
1407.5190
1415.4732
1423.3821
1429.1064
1432.6538
1434.0753
1416.5349
1397.6144
1375.1226
1355.4426
1338.7094
1325.0488
1311.5443
1299.1247
1287.7102
1276.7962
1265.6148
1254.7761
1244.2848
1233.9703
1223.0228
1212.6287
1203.0514
1193.7883
1188.4219
1186.0617
1183.0030
1179.4987
1175.6536
1171.5396
1167.2147
1162.7241
1158.1056
1154.1854
1145.7175
1135.7567
1126.3806
1116.4277
1107.1955
1098.4527
1090.3466
1082.5281
1074.8822
1067.1502
1059.5539
1051.5481
1043.7210
1036.0834
1028.6253
1021.3243
1014.3157
1007.9443
1001.9431
996.0409
989.8155
983.7566
977.8556
972.1023
966.5026
961.0568
955.8033
950.7077
945.7531
940.9286
936.2312
931.6575
926.2378
927.3961
932.8469
943.3002
953.5136
963.4698
973.3202
982.9656
992.3895
1001.2266
1005.1306
1009.0204
1003.8861
996.7144
989.8248
978.9365
970.8023
964.9939
959.6043
954.5528
949.8190
945.1292
940.8496
936.7307
932.7077
929.1056
925.6242
922.2623
912.6435
907.3216
904.3847
901.6332
898.9917
896.4531
894.0129
891.6671
889.4116
887.2430
885.1582
883.1540
881.2276
872.3646
868.5286
866.9281
865.4652
864.0683
862.7311
861.4499
860.2215
859.0436
857.9139
856.8305
855.7914
854.7948
846.4154
843.5733
842.8228
842.1747
841.5624
840.9811
840.4280
839.9015
839.4002
838.9228
838.4685
838.0361
837.6248
829.5562
827.3570
827.1421
827.0075
826.8906
826.7877
826.6970
826.6174
826.5481
826.4887
826.4384
826.3968
826.3636
818.4985
816.7286
816.8624
817.0632
811.4113
809.0562
806.9909
805.0305
803.1526
801.3461
799.6035
797.9192
796.2886
788.9881
785.5051
784.0849
783.0839
782.4171
781.8877
781.4555
781.1030
780.8164
780.5622
780.3625
780.2102
780.0974
780.0169
779.9627
779.4405
778.0675
776.4454
774.6375
779.8373
786.8056
794.7543
803.6196
815.6893
828.8565
843.2602
856.8361
869.7850
882.3780
894.6641
906.6995
918.5435
930.1678
941.5559
950.7581
959.9653
963.2478
965.1620
969.5502
974.0258
977.4921
985.7920
997.9630
1009.2537
1019.8594
1029.8163
1039.0450
1047.7677
1058.0638
1063.8538
1067.3907
1070.3630
1072.7722
1068.6366
1067.5521
1072.9114
1076.2223
1082.4769
1084.4290
1090.3337
1097.7651
1106.1765
1115.1763
1124.4479
1133.7512
1142.8882
1151.8117
1157.8811
1160.5171
1161.4005
1167.1288
1168.3643
1170.2857
1169.0230
1162.9061
1152.1294
1142.5812
1133.1339
1123.3865
1113.8363
1104.3970
1095.0609
1086.0241
1077.1028
1070.5952
1068.6657
1068.0888
1069.1342
1071.9884
1074.8734
1078.2874
1084.0118
1089.8497
1095.8637
1101.9672
1108.0946
1114.1935
1120.2222
1124.2124
1124.8578
1127.7287
1134.1289
1141.6441
1149.8127
1158.3000
1166.8668
1175.3544
1183.6553
1191.7067
1201.4789
1215.0209
1233.7693
1246.0720
1251.1524
1254.8269
1257.9453
1266.3435
1271.7074
1268.8565
1261.2929
1259.1331
1256.0556
1254.0712
1253.1066
1252.7949
1255.0363
1255.5930
1256.4493
1261.8767
1269.3119
1276.6910
1284.0238
1287.3338
1288.6514
1290.0753
1289.4280
1286.7035
1279.4826
1272.1392
1264.1044
1256.1109
1248.0024
1239.9024
1231.8131
1223.7528
1215.2138
1206.6945
1198.2423
1189.1377
1179.9461
1171.3501
1163.0875
1154.9817
1147.2196
1146.7001
1145.2385
1143.1632
1140.6059
1137.6618
1134.4024
1130.8845
1127.1621
1123.9755
1113.4277
1103.9628
1095.0809
1085.7579
1077.1175
1068.9295
1061.0972
1053.9274
1046.7727
1039.7862
1032.7291
1025.2751
1017.9544
1010.7897
1003.7737
996.8993
990.1404
984.0575
978.2452
972.5335
966.9149
961.0891
955.4078
949.8904
944.5249
939.3015
934.2110
929.2454
924.3973
919.6601
915.0278
910.4952
909.8101
915.6163
921.2919
932.5711
943.1730
953.5781
963.5818
973.0738
982.2769
991.1160
997.4068
996.8683
989.3845
982.4015
975.6280
965.0317
957.0460
951.4252
946.2211
941.3591
936.5384
931.4080
926.9164
922.7132
918.7242
915.1535
911.7066
908.3816
899.0309
893.5656
890.6682
887.9642
885.3694
882.8771
880.4828
878.1829
875.9737
873.8517
871.8138
869.8567
867.9774
859.3630
855.4095
853.8560
852.4446
851.0978
849.8099
848.5775
847.3975
846.2676
845.1857
844.1496
843.1574
842.2073
834.0572
831.1290
830.4207
829.8210
829.2552
828.7192
828.2110
827.7290
827.2719
826.8385
826.4279
826.0390
825.6709
817.8138
815.5462
815.3720
815.2828
815.2099
815.1496
815.1007
815.0622
815.0335
815.0142
815.0037
815.0018
815.0081
807.3361
805.5194
805.6911
805.9331
800.4336
797.9855
795.8347
793.7916
791.8365
789.9580
788.1484
786.4021
784.7146
777.6178
774.1054
772.8072
771.8463
771.1479
770.5898
770.1323
769.7575
769.4513
769.2023
768.9982
768.8166
768.6485
768.4874
768.3333
767.7607
766.4908
765.0103
763.3713
765.3474
769.0878
776.4276
784.9953
798.9181
815.6429
831.0437
845.5974
859.5362
873.1135
886.3696
899.2959
911.8870
924.1409
936.0637
947.6612
958.9399
969.8808
974.7002
978.0773
979.9495
984.7797
994.0741
1007.2313
1019.5709
1031.1828
1042.1691
1052.4670
1062.0655
1071.2088
1078.0690
1082.8566
1084.6453
1084.3882
1080.2971
1076.8595
1078.2628
1084.1540
1089.3093
1091.6823
1097.7242
1105.1103
1113.3293
1121.9380
1130.6951
1139.4235
1147.9390
1154.3293
1158.6776
1160.8743
1168.4309
1169.9024
1171.6153
1174.0889
1173.3866
1173.3857
1167.7429
1156.9779
1146.6676
1134.3746
1123.8297
1113.6498
1103.7042
1094.6435
1085.3976
1078.3537
1071.8081
1069.4165
1067.1160
1068.8192
1074.5038
1080.0043
1087.5703
1095.0883
1102.5428
1109.9212
1117.1847
1124.3030
1131.2596
1134.1354
1144.6812
1148.8741
1154.2691
1160.6803
1167.6891
1175.0098
1182.4507
1189.8804
1197.1980
1204.3412
1209.0405
1211.9761
1212.3079
1215.8470
1217.2881
1219.2365
1221.9372
1227.0480
1226.3947
1224.3817
1227.3720
1228.7731
1228.9188
1227.7830
1223.5804
1224.7614
1228.1976
1231.8767
1239.6129
1246.9278
1254.1210
1261.3510
1268.6554
1274.0065
1275.3518
1276.8892
1276.5222
1274.2420
1271.4046
1265.9201
1257.4485
1249.3518
1241.2502
1232.9887
1224.4516
1216.3836
1207.8474
1199.2896
1190.4730
1181.6482
1173.1329
1164.7313
1156.4830
1148.1944
1143.9949
1143.1248
1141.3648
1139.0619
1136.3367
1133.2719
1129.9333
1126.3694
1122.6251
1118.7371
1115.3679
1104.8732
1093.5407
1082.1774
1073.1557
1064.8122
1056.8669
1049.3457
1042.0440
1034.7185
1027.5303
1019.9665
1012.5584
1005.3338
998.2827
991.9274
985.7218
979.6368
973.8298
968.1383
962.5993
957.1712
951.9206
946.7790
941.7523
936.5145
931.4068
926.4310
921.5801
916.8470
912.2253
907.6833
904.8464
908.5417
914.3148
925.3708
936.0350
946.5444
956.4266
965.7875
975.0004
983.8689
990.1798
991.6620
990.7591
983.0550
975.8828
965.2403
956.6339
950.4396
944.6651
939.2307
934.1208
929.3438
924.8068
920.5439
916.4974
912.8791
909.3895
906.0265
896.6999
891.1508
888.2290
885.5030
882.8874
880.3760
877.9644
875.6486
873.4257
871.2923
869.2450
867.2808
865.3965
856.8193
852.8512
851.2988
849.8899
848.5475
847.2658
846.0415
844.8711
843.7522
842.6826
841.6602
840.6832
839.7497
831.6438
828.7384
828.0483
827.4686
826.9241
826.4106
825.9259
825.4686
825.0372
824.6305
824.2475
823.8871
823.5485
815.7399
813.5155
813.3710
813.3128
813.2720
813.2445
813.2289
813.2243
813.2300
813.2454
813.2701
813.3035
813.3455
805.7234
803.9570
804.1619
804.4381
799.0450
796.6342
794.5169
792.6902
790.9465
789.2754
787.6688
786.1208
784.6262
777.5510
774.0557
772.7603
771.8103
771.0722
770.4472
769.9198
769.4799
769.1201
768.8189
768.5683
768.3609
768.1892
768.0463
767.9263
767.7869
766.5566
765.0690
763.3815
761.5104
759.4688
757.2698
754.9259
752.4490
749.8505
747.1410
744.3310
741.4307
738.4479
735.3875
732.2593
729.0672
725.8208
722.5272
719.1933
715.8262
712.4325
709.0178
705.5876
702.1453
698.6955
695.2429
691.7918
688.3459
684.9092
681.4876
678.0856
674.7169
671.3775
668.0669
664.7864
661.5387
658.3253
655.1812
652.1180
649.0982
646.1129
643.1702
640.2728
637.4277
634.6374
631.9018
629.2206
626.5961
623.8498
621.1465
618.4862
615.8686
613.2934
610.7587
608.2632
605.8156
603.4090
601.0397
598.7066
596.4202
594.2730
592.2058
590.1841
588.2039
586.2355
584.2825
582.3651
580.4892
578.6553
576.8628
575.1109
573.3982
571.7722
570.1521
568.5474
566.9745
565.4360
563.9308
562.4580
561.0172
559.6076
558.2248
556.8434
555.4721
554.3383
553.2257
552.1359
551.0684
550.0227
548.9989
547.9961
547.0139
546.0460
545.0778
544.1165
543.1735
542.3477
541.5384
540.7468
539.9720
539.2134
538.4700
537.7416
537.0281
536.3290
535.6353
534.9400
534.2505
533.5261
532.8155
532.1184
531.4347
530.7640
530.1069
529.4632
528.8322
528.2139
527.6080
526.9986
526.3034
525.6204
524.9498
524.2913
523.6448
523.0103
522.3873
521.7759
521.1756
520.5864
520.0080
519.4401
517.2661
520.4074
524.2921
528.1197
531.8519
535.5109
539.0900
542.5924
546.0210
549.3782
552.6625
555.8722
559.0136
556.1026
558.0680
561.3889
564.6853
567.9236
571.1052
574.2319
577.2925
580.2926
583.2345
586.1198
588.9513
591.7305
588.2076
589.2676
591.9765
594.6947
597.3694
599.9990
602.5834
605.1236
607.6203
610.0747
612.4871
614.8586
617.1903
613.1968
613.7223
616.0227
618.3471
620.6379
622.8929
625.1122
627.2960
629.4451
631.5608
633.6439
635.6952
637.7153
633.3425
633.5152
635.5335
637.5859
639.6119
641.6092
643.5775
645.5171
647.4281
649.3113
651.1672
652.9964
654.7995
650.1110
650.0494
651.8699
653.7301
655.5682
657.3819
659.1707
660.9353
662.6761
664.3936
666.0882
667.7605
669.4109
664.4525
664.2422
665.9266
667.6547
669.3642
671.0526
672.7189
674.3629
675.9852
677.5861
679.1660
680.7254
682.2647
677.0687
676.7631
678.3464
679.9746
681.5859
683.1772
684.7482
686.2988
687.8293
689.3401
690.8314
692.3039
693.7578
688.3466
687.9843
689.4926
691.0448
692.5812
694.0992
695.5981
697.0779
698.5389
699.9814
701.4058
702.8124
704.2016
698.5928
698.2027
699.6633
701.1645
702.6485
704.1139
705.5610
706.9902
708.4019
709.7967
711.1748
712.5369
713.8832
708.0922
707.6977
709.1270
710.5969
712.0520
713.4905
714.9128
716.3192
717.7098
719.0853
720.4458
721.7918
723.1233
717.1737
716.7866
717.9117
719.1806
720.4268
721.6480
722.8436
724.0141
725.1603
726.2838
727.3854
728.4662
729.5273
723.4628
722.5957
723.5992
724.7810
725.9430
727.0839
728.2040
729.3037
730.3833
731.4429
732.4830
733.5036
734.5051
728.3559
727.3595
728.2800
729.4063
730.5110
731.5931
732.6531
733.6919
734.7098
735.7075
736.6854
737.4856
738.2676
732.0564
730.9043
731.7250
732.6024
733.4545
734.2793
735.0765
735.8468
736.5909
737.3097
738.0036
738.6735
739.3203
733.0992
731.6648
732.3193
733.0565
733.7823
734.4922
735.1889
735.8703
736.5350
737.1882
737.7374
738.2735
738.7965
732.5841
731.0004
731.5848
732.2445
732.8892
733.5169
734.1254
734.7180
735.2958
735.8590
736.4078
736.9320
737.4371
731.2417
729.6777
730.2380
730.8743
731.5023
732.1180
732.7211
733.3108
733.7543
734.1898
734.6165
735.0353
735.4462
729.2864
727.5096
727.9873
728.5365
729.0615
729.5615
730.0434
730.6461
731.2298
731.7951
732.3421
732.8712
733.3825
727.2553
725.6249
726.1953
726.8301
727.4487
728.0483
728.7174
729.3651
729.9921
730.5987
731.1857
731.7541
732.3051
726.1927
724.6834
725.2970
725.9703
726.6250
727.2584
727.8704
728.4613
729.0317
729.5821
730.1133
730.6258
731.2963
725.2019
723.6862
724.2375
724.8409
725.5922
726.3146
727.0106
727.6817
728.3294
728.9547
729.5586
730.1420
730.7059
724.6160
723.0344
723.6962
724.5658
725.4099
726.2296
727.0268
727.8049
728.5643
729.3055
730.0291
730.7358
731.4261
725.3117
723.9649
724.7535
725.5751
726.3774
727.1625
727.9302
728.6811
729.4153
730.1335
730.8362
731.5240
732.1984
726.0556
724.6912
725.4823
726.3116
727.1240
727.9197
728.7000
729.4657
730.2176
730.9562
731.6819
732.3952
733.0966
726.9341
725.5800
726.3974
727.2551
728.0955
728.9188
729.7264
730.5194
731.2983
732.0638
732.8163
733.5561
734.2837
728.0981
726.7649
727.6065
728.4900
729.3559
730.2086
731.0478
731.8736
732.6863
733.4863
734.2739
735.0494
735.8133
729.5969
728.3000
729.1657
730.0814
730.9861
731.8775
732.7555
733.6200
734.4716
735.3104
736.1370
736.9516
737.7548
731.4992
730.2472
731.1487
732.1058
733.0516
733.9841
734.9015
735.8014
736.6830
737.4587
738.2243
738.9799
739.7257
733.4301
732.2302
733.0708
733.9769
734.8730
735.7571
736.6289
737.4878
738.3340
739.1678
739.9893
740.7988
741.5963
735.2617
734.1000
734.9926
735.9465
736.8872
737.8134
738.7243
739.6195
740.4994
741.3650
742.2175
743.0573
743.8853
737.5051
736.4040
737.3252
738.3104
739.2847
740.2470
741.1973
742.1357
743.0626
743.9784
744.8835
745.7784
746.6636
740.2290
739.3067
740.2919
741.3369
737.1263
735.5229
734.1933
732.9600
731.8017
730.7056
729.6659
728.6773
727.7357
721.6779
718.8944
718.1158
717.2162
716.4965
715.9073
715.4148
715.0039
714.6485
714.3413
714.0622
713.8103
713.5819
713.3730
713.1800
712.7411
711.7497
710.5784
709.2687
710.0212
717.6672
728.8504
741.1228
756.5160
770.9230
786.6533
801.5909
815.8658
829.7542
843.3710
856.7097
869.7685
882.5331
894.9613
907.0736
918.8900
930.2917
935.5287
943.2662
952.4658
953.4908
961.3817
977.8306
993.7736
1009.2222
1024.2160
1038.7678
1052.8725
1066.5538
1077.6803
1086.3554
1088.1993
1094.1845
1093.5127
1097.1845
1105.0997
1117.1044
1124.1535
1132.6449
1143.8459
1155.4454
1167.2875
1179.2487
1191.2337
1203.1690
1214.9937
1224.4944
1231.7585
1240.9304
1242.8151
1254.7706
1262.9882
1271.0651
1274.7294
1274.0157
1271.0699
1261.7522
1250.5362
1237.4100
1224.4140
1211.7390
1199.3703
1187.2876
1179.9628
1174.9758
1174.3524
1173.6701
1177.3158
1183.0385
1188.6901
1194.2889
1202.0077
1211.7874
1221.3751
1230.7729
1239.9832
1249.0088
1257.8528
1264.3817
1268.6715
1276.8270
1285.3755
1294.2721
1303.3889
1312.6238
1321.9014
1331.1628
1340.3619
1349.4638
1358.4419
1362.8179
1368.4620
1373.2483
1379.2186
1385.0344
1388.6119
1390.0797
1391.6340
1395.4370
1399.2627
1394.5884
1390.3761
1384.4075
1378.9935
1380.5194
1379.9563
1381.8126
1386.0127
1392.4640
1398.8773
1405.1862
1411.4561
1417.6824
1421.6719
1421.3340
1418.9084
1410.1871
1399.4256
1388.8737
1376.0194
1363.8374
1351.7927
1339.9742
1328.5088
1317.2692
1305.8326
1294.5819
1283.5193
1272.6385
1261.8400
1251.1632
1240.6639
1230.3770
1226.8251
1231.3470
1235.3773
1238.9930
1242.2178
1245.0705
1247.5679
1249.7267
1251.5636
1251.1224
1244.1887
1230.9565
1218.1432
1205.6786
1193.2829
1181.2727
1169.9025
1158.7540
1147.8523
1137.2009
1126.7956
1116.3421
1106.1573
1096.2333
1086.5585
1077.1214
1068.2750
1059.6417
1051.1984
1042.9387
1025.5759
1014.7449
1006.1286
997.7099
989.7676
982.2375
975.0951
968.2857
961.7703
955.5181
949.5035
943.6843
935.8439
938.9631
944.1667
955.8959
965.7466
975.0140
983.8689
992.3392
1000.4472
1008.2120
1015.6364
1022.5942
1018.1151
1011.8346
1003.4007
992.2180
981.8726
974.6246
967.8120
961.3681
955.3014
949.5793
944.0509
938.7959
930.9410
922.7453
914.2434
905.4937
896.2310
888.0928
879.7566
871.2798
862.7178
854.1200
845.5288
836.9796
828.5010
820.1159
811.8425
803.6945
795.6822
788.4625
781.1923
774.0148
766.9300
759.9420
753.0557
746.2762
739.6079
733.0543
726.6182
720.3016
714.1054
708.0304
702.4162
696.9275
691.5162
686.1793
680.9175
675.7328
670.6277
665.6048
660.6663
655.8139
651.0490
646.3725
641.7848
637.3802
633.2463
629.1671
625.1407
621.1679
617.2505
613.3908
609.5910
605.8530
602.1785
598.5685
595.0240
591.5456
588.0577
584.9344
581.8504
578.8044
575.7979
572.8324
569.9098
567.0318
564.2000
561.4156
558.6797
555.9931
553.3562
550.5717
548.2158
545.8881
546.0574
546.1659
546.2184
546.2206
546.1786
546.0984
545.9854
545.8448
545.6809
545.4975
545.2979
545.0849
543.6173
545.5876
551.8735
557.5552
563.2927
573.6226
586.3326
599.1827
616.4386
640.2663
666.0973
691.7664
717.2901
742.7221
768.0762
793.3731
818.6250
843.7308
868.7076
893.5746
918.3348
938.6643
959.0101
979.2977
995.1917
1008.9971
1027.2433
1049.8118
1074.4227
1098.8587
1123.1209
1147.2074
1171.0689
1194.7625
1218.2894
1237.3335
1247.5966
1257.8688
1265.9821
1282.8092
1306.0192
1324.7095
1345.4841
1361.8694
1384.7877
1407.5949
1430.2904
1452.8734
1475.3416
1497.6940
1520.0811
1540.3186
1560.2033
1582.1522
1606.0602
1629.6893
1650.8810
1671.8842
1688.3943
1702.6130
1716.7096
1726.2836
1729.2420
1730.0086
1728.6187
1727.2882
1726.0145
1724.7951
1723.6350
1722.5611
1723.7554
1731.5023
1741.3678
1753.3385
1767.4497
1783.6991
1799.9043
1818.2296
1838.6063
1858.8158
1878.8646
1898.7547
1918.4887
1938.0688
1953.1645
1972.5573
1991.8597
2011.3369
2031.0712
2050.9472
2070.9422
2091.1063
2111.3757
2131.7336
2149.3687
2166.0747
2175.6522
2193.9856
2212.1149
2230.0242
2247.7881
2263.2644
2276.5159
2289.7328
2305.0601
2320.2196
2328.7853
2339.6119
2348.3658
2355.0888
2359.9484
2367.2895
2376.9921
2391.1357
2407.4880
2423.8961
2440.3542
2454.6396
2464.4986
2474.4059
2481.9708
2489.5251
2488.3214
2487.2107
2483.9454
2480.7641
2477.5616
2474.3304
2471.2190
2468.2816
2465.4265
2462.5943
2459.7575
2456.9785
2454.1734
2451.4163
2448.7307
2446.1357
2449.8921
2457.7323
2469.6134
2481.1137
2492.2460
2503.0227
2513.4564
2523.5586
2533.3404
2538.5057
2543.4998
2546.1678
2544.4275
2540.5572
2534.6425
2529.0587
2523.6552
2518.3772
2513.1711
2508.0530
2503.0612
2498.1789
2493.3106
2488.5337
2483.8465
2479.2982
2474.8810
2470.5769
2466.3627
2462.2652
2458.2655
2454.3345
2450.4942
2446.6698
2443.1232
2439.7407
2436.4873
2433.3566
2430.3437
2427.4441
2424.6536
2421.9313
2392.8713
2366.8363
2341.6651
2313.7177
2283.8432
2252.6952
2220.7750
2188.4479
2155.9942
2123.6534
2091.5789
2057.9715
2033.9927
1993.4848
1953.7108
1916.5274
1881.4923
1848.2751
1816.6207
1786.3286
1757.2384
1729.2210
1702.0150
1675.4933
1649.4453
1626.6431
1602.7611
1579.0534
1555.5500
1532.2884
1509.3046
1486.6308
1464.2935
1442.3142
1420.7095
1399.4913
1378.6680
1358.2448
1340.7688
1322.1942
1303.8902
1285.8469
1268.0665
1250.5560
1233.3236
1216.3770
1199.7228
1183.3661
1167.3098
1151.5564
1136.1067
1122.6784
1108.6429
1094.8076
1081.1644
1067.7147
1054.4636
1041.4173
1028.5819
1015.9627
1003.5642
991.3894
979.4405
967.7186
957.3529
946.7157
936.2258
925.8776
915.6727
905.6153
895.7105
885.9633
876.3778
866.9577
857.7057
848.6235
839.7122
831.6759
823.6008
815.6349
807.7745
800.0210
792.3778
784.8491
777.4429
770.1621
763.0091
755.9856
749.0928
742.3311
736.0948
729.9835
723.9547
718.0056
712.1371
706.3514
707.4091
708.2775
708.9645
709.4837
709.8509
710.0829
710.1961
710.2058
710.1263
709.9700
709.7481
709.4704
705.4020
711.2742
716.6414
721.5821
727.4843
740.0712
756.8969
775.7627
800.9650
825.8822
850.5876
875.0779
899.3850
923.5624
947.6174
971.5494
995.3577
1019.0418
1042.6013
1066.0359
1089.3452
1112.5290
1129.1223
1141.4662
1158.2515
1174.9924
1196.0236
1219.0600
1241.9112
1264.5975
1287.1404
1309.5471
1331.7802
1353.8719
1375.8394
1397.7397
1410.8249
1421.7080
1430.4754
1443.5673
1460.8792
1480.2587
1493.1390
1508.3798
1527.9990
1547.5800
1567.1200
1586.7223
1606.4281
1626.2319
1646.1287
1668.1462
1689.7331
1710.8022
1735.9714
1756.4923
1772.5437
1790.7147
1804.4771
1818.2033
1830.5485
1842.8168
1852.7267
1853.7841
1852.6785
1851.6103
1850.5781
1849.5809
1848.6180
1849.8594
1851.1001
1856.6694
1862.1785
1869.8195
1881.8554
1896.0467
1912.4024
1930.8604
1949.2053
1967.4383
1985.5587
2003.5655
2021.4589
2037.0846
2050.4913
2068.3207
2086.2712
2104.9359
2123.9362
2143.2759
2162.8967
2182.9259
2203.2285
2223.7513
2239.6512
2252.1037
2267.6665
2285.4341
2303.0040
2320.3370
2337.5400
2354.6040
2369.2306
2383.8146
2396.0904
2408.3293
2413.9277
2413.0237
2414.7657
2424.1747
2435.5858
2447.1774
2460.8847
2474.4854
2487.9507
2501.4269
2514.8857
2525.9839
2534.1795
2542.6991
2550.7752
2558.0951
2563.3965
2559.2933
2555.0652
2551.2554
2547.5026
2543.6308
2539.7607
2535.6356
2531.4959
2527.3473
2521.4475
2516.1441
2510.9783
2505.3856
2500.3648
2495.4312
2498.9853
2506.3535
2515.5820
2524.4769
2533.0095
2541.1746
2549.0251
2557.2457
2565.2015
2570.7533
2576.1294
2579.1685
2571.3539
2563.7958
2556.6629
2549.8153
2543.1441
2536.6002
2530.2706
2523.8752
2517.5715
2511.3990
2505.1278
2499.1489
2493.3153
2487.6001
2481.9656
2476.4127
2470.9407
2465.5798
2460.2992
2456.0067
2451.9746
2448.1728
2444.5353
2440.8165
2437.2205
2433.7469
2430.3930
2427.1549
2424.0291
2420.9594
2396.4253
2372.3742
2345.0790
2315.5658
2284.5417
2252.5552
2220.0293
2187.2877
2154.5381
2121.9959
2085.8673
2047.0225
2018.7578
1980.6204
1942.7776
1907.1729
1873.4350
1841.2876
1810.5185
1780.9612
1752.4830
1724.9769
1698.2522
1672.1436
1653.9142
1630.9106
1604.1529
1581.7523
1560.2939
1539.5195
1519.3942
1499.8950
1481.0006
1462.6903
1444.9442
1427.7427
1411.0681
1394.9023
1376.5632
1358.5560
1343.6679
1329.4246
1315.6322
1302.2604
1289.2907
1276.7071
1264.4950
1252.6409
1241.1265
1229.9401
1219.0714
1203.9556
1191.2894
1181.2809
1171.7073
1162.4165
1153.3876
1144.6090
1136.0706
1127.7634
1119.6798
1111.8123
1104.1535
1096.6967
1083.8064
1074.6435
1067.7943
1061.2487
1054.8873
1048.6942
1042.6615
1036.7832
1031.0534
1025.4673
1020.0204
1014.7084
1009.5275
998.2270
991.3904
986.6505
982.1414
977.7544
973.4770
969.3041
963.3079
956.0856
949.5729
943.1847
936.8712
930.6303
920.8166
914.7599
908.2236
902.3485
896.6128
890.9733
893.7299
895.5757
897.2349
898.7865
900.1962
901.5080
902.7162
903.8036
904.7826
905.6713
906.4747
907.1975
907.5375
905.7696
903.4596
900.7715
903.0007
904.2209
908.8639
912.5000
919.6216
930.2218
943.9443
956.6499
968.6563
980.2144
991.3849
1002.1771
1012.6993
1022.9379
1032.8936
1042.5780
1051.9820
1061.1122
1064.1419
1065.7872
1068.1487
1069.2530
1075.0288
1086.7636
1097.6438
1107.7714
1117.2412
1126.1347
1134.2100
1141.8399
1147.2137
1146.7250
1142.6616
1140.7806
1136.9697
1137.4007
1142.2180
1150.9515
1158.6166
1162.3262
1169.1229
1176.7339
1184.7902
1192.9493
1201.0418
1208.9549
1216.5572
1221.8297
1228.9349
1233.4146
1240.1940
1238.6610
1239.8219
1241.7697
1244.3813
1243.4088
1236.7359
1228.8069
1215.1362
1202.4735
1190.4823
1178.8579
1167.5058
1156.5076
1146.1925
1136.5193
1128.4437
1126.6709
1124.6933
1126.8060
1129.1347
1135.7500
1142.2097
1150.6522
1158.7287
1166.5162
1174.0190
1181.2447
1188.2039
1194.8821
1201.1175
1203.2640
1208.5238
1214.7068
1221.4302
1228.4604
1235.5649
1242.5870
1249.2110
1255.6882
1259.8409
1258.1460
1260.2520
1264.5029
1266.2067
1268.2252
1266.9517
1266.8128
1273.3265
1273.4367
1270.1310
1268.2519
1273.4586
1270.5643
1265.1036
1263.2298
1266.0875
1271.2824
1276.5713
1283.9776
1293.1852
1301.9438
1310.3353
1314.5372
1312.8904
1311.8458
1307.0287
1302.4542
1297.2764
1289.2759
1280.5302
1272.2768
1263.7077
1255.1165
1246.6906
1238.2445
1229.3118
1220.4434
1211.5142
1202.2636
1193.2821
1184.3157
1175.5235
1166.9132
1162.4113
1161.5900
1159.7798
1157.3157
1154.3421
1150.9629
1147.2587
1143.2898
1139.1152
1131.0765
1120.2858
1107.1875
1095.1633
1085.8614
1077.1939
1068.9800
1061.4856
1054.0195
1046.6638
1039.4550
1031.7938
1024.2304
1016.8385
1009.6125
1002.5419
995.8779
989.3272
983.1223
977.1863
971.3811
965.7024
960.4217
954.9196
949.5616
944.3485
939.2707
934.3193
929.4861
924.7642
920.1471
915.6293
911.2056
903.9937
907.7322
918.9500
929.8506
939.9651
949.2338
958.3654
967.1744
975.8762
984.0083
991.7736
994.7391
990.9982
982.6997
971.9335
961.7150
954.7073
948.2013
942.0952
936.3653
930.9893
925.7852
920.8375
915.8486
911.3362
907.2735
903.3582
894.0843
887.5810
884.1406
880.9362
877.8603
874.9054
872.0664
869.3388
866.7185
864.2017
861.7847
859.4636
857.2347
848.8049
844.1295
842.2478
840.5398
838.9070
837.3438
835.8463
834.4115
833.0360
831.7171
830.4526
829.2399
828.0771
820.1785
816.6893
815.7765
814.9940
814.2508
813.5430
812.8682
812.2249
811.6118
811.0273
810.4702
809.9392
809.4333
801.8740
799.1179
798.8074
798.5996
798.4101
798.2361
798.0760
797.9289
797.7940
797.6706
797.5582
797.4562
797.3639
790.0229
787.7375
787.8070
787.9616
788.1220
783.1020
780.4536
778.0902
775.8454
773.6963
771.6311
769.6410
767.7197
760.9485
757.1306
755.4096
753.8589
753.1916
752.6357
752.2007
751.8573
751.5886
751.3739
751.1890
751.0288
750.8925
750.7757
750.6743
750.5850
750.4865
749.3893
748.0447
746.5110
745.5561
749.4163
756.9945
767.9412
781.8681
796.7449
812.6569
827.6099
841.9193
855.7993
869.3431
882.5364
895.3718
907.8478
919.9729
931.7553
943.1525
954.1860
956.9423
958.6165
965.4633
970.3069
977.5074
990.9048
1003.4831
1015.3465
1026.5789
1037.2344
1047.0220
1056.3088
1065.2580
1069.9870
1070.5884
1065.4266
1064.7348
1065.8325
1070.9063
1077.8553
1079.7662
1078.6808
1085.4547
1093.1656
1101.4207
1109.9819
1118.6543
1127.3865
1135.8900
1144.2665
1153.7739
1163.4175
1163.7826
1161.6821
1162.9310
1165.1252
1160.5079
1155.4272
1147.5191
1137.9494
1128.6417
1119.2511
1110.0287
1100.8688
1091.7831
1082.9137
1074.1280
1070.9327
1073.3341
1074.8645
1075.9252
1078.9104
1082.3654
1088.2373
1094.3100
1100.7002
1107.3579
1114.1845
1121.0936
1128.0196
1134.9118
1141.7075
1146.4158
1150.8679
1156.1399
1162.2157
1168.7544
1175.5025
1182.2863
1188.9903
1195.5386
1201.8862
1205.9981
1204.4723
1209.1456
1212.7646
1214.1950
1216.0920
1218.6510
1219.8607
1221.6908
1223.9374
1226.5107
1229.3779
1232.5997
1232.2619
1234.6162
1237.1810
1236.1058
1236.1480
1241.0971
1247.9353
1254.7222
1261.7048
1268.7844
1268.1261
1268.4171
1269.1168
1269.8195
1268.2208
1263.1390
1257.2769
1249.0852
1241.4223
1233.6844
1225.5559
1217.4263
1209.5576
1201.0670
1192.6353
1182.4923
1172.5218
1162.5766
1152.5382
1142.5942
1133.0142
1135.6015
1138.3554
1139.2853
1138.8393
1137.2961
1134.8809
1131.7770
1128.1316
1124.0639
1117.7070
1109.4761
1099.6961
1088.6159
1072.5544
1058.4366
1045.9343
1034.7359
1024.5489
1015.1102
1006.2197
997.7907
989.7243
981.9363
974.3991
967.0897
959.9880
953.0769
946.3854
939.9860
933.8514
927.9806
922.3772
916.9949
911.8305
906.8894
902.1785
897.6617
893.3101
889.1007
885.0148
881.0380
877.1584
871.4137
873.4451
875.8349
876.6560
876.2651
874.9410
872.9019
870.3190
867.3268
864.0081
858.5051
847.2310
843.3707
828.1194
815.0370
803.7367
793.8703
785.1631
777.3978
770.4016
764.0370
758.1942
752.6934
747.3352
741.7781
735.5234
730.3132
724.9383
719.4502
713.8927
708.3028
702.7108
697.1411
691.6135
686.1434
680.7430
675.4212
670.1851
665.2374
660.5132
655.8397
651.2202
646.6587
642.1594
637.7263
633.3627
629.0714
624.8545
620.7142
616.6514
612.6667
608.7700
605.1960
601.6660
598.1801
594.7401
591.3479
588.0059
584.7159
581.4798
578.2990
575.1746
572.1073
569.0976
566.0004
563.3126
560.6554
558.0292
555.4353
552.8756
550.3518
547.8658
545.4190
543.0127
540.6479
538.3255
536.0458
533.5549
531.5305
529.5274
527.5462
525.5879
523.6542
521.7464
519.8665
518.0157
516.1950
514.4053
512.6473
510.9214
508.8929
507.3720
505.8660
504.3752
502.9006
501.4435
501.2836
501.1075
500.9188
500.7206
500.5156
500.3060
500.0935
499.8796
499.6653
499.4514
499.2384
499.0268
498.2792
497.5185
496.7512
495.9822
495.2149
494.4520
493.6953
492.9462
492.2056
491.4743
490.7526
490.0409
489.3395
488.6484
487.9676
487.2971
486.6369
485.9870
485.3472
484.7173
484.0974
483.4873
482.8868
482.2958
481.7141
481.1418
480.5785
480.0242
479.4787
478.9419
478.4137
477.8939
477.3823
476.8790
476.3837
475.8963
475.4167
474.9448
474.4804
474.0234
473.5737
473.1312
472.6958
472.2674
471.8458
471.4309
471.0227
470.6210
470.2257
469.8367
469.4539
469.0772
468.7065
468.3417
467.9827
467.6294
467.2817
466.9396
466.6030
466.2717
465.9457
465.6249
465.3092
464.9985
464.6928
464.3920
464.0960
463.8048
463.5182
463.2361
462.9586
462.6855
462.4168
462.1523
461.8921
461.6361
461.3841
461.1362
460.8922
460.6521
460.4159
460.1834
459.9547
459.7296
459.5081
459.2900
459.0753
458.8640
458.6561
458.4514
458.2499
458.0517
457.8565
457.6645
457.4754
457.2894
457.1063
456.9260
456.7486
456.5740
456.4022
456.2331
456.0666
455.9028
455.7415
455.5828
455.4266
455.2729
455.1215
454.9726
454.8261
454.6818
454.5399
454.4002
454.2626
454.1273
453.9941
453.8630
453.7340
453.6070
452.7345
451.9470
451.2403
450.6083
450.0442
449.5414
449.0930
448.6927
448.3347
448.0136
447.7247
447.4638
446.6023
446.0799
445.6070
445.1751
444.7774
444.4083
444.0634
443.7392
443.4327
443.1415
442.8636
442.5976
442.3420
441.5707
441.3890
441.2093
441.0311
440.8538
440.6776
440.5026
440.3290
440.1569
439.9867
439.8184
439.6525
439.4891
438.7682
438.6676
438.5638
438.4568
438.3469
438.2348
438.1209
438.0058
437.8900
437.7740
437.6580
437.5426
437.4280
436.7443
436.6877
436.6268
436.5617
436.4928
436.4207
436.3460
436.2691
436.1908
436.1113
436.0312
435.9508
435.8704
435.2147
435.1892
435.1589
435.1238
435.0846
435.0416
434.9955
434.9468
434.8961
434.8439
434.7906
434.7366
434.6822
434.0477
434.0460
434.0391
434.0273
434.0109
433.9905
433.9667
433.9399
433.9108
433.8797
433.8471
433.8133
433.7787
433.1605
433.1768
433.1877
433.1934
433.1943
433.1910
433.1838
433.1734
433.1604
433.1451
433.1279
433.1093
433.0895
432.4835
432.5133
432.5375
432.5562
432.5700
432.5793
432.5848
432.5870
432.5864
432.5834
432.5785
432.5719
432.5640
431.9676
432.0084
432.0435
432.0731
432.0976
432.1174
432.1332
432.1454
432.1545
432.1611
432.1655
432.1680
432.1690
431.5803
431.6291
431.6721
431.7095
431.7416
431.7690
431.7922
431.8117
431.8280
431.8416
431.8529
431.8622
431.8698
431.2868
431.3417
431.3907
431.4340
431.4721
431.5055
431.5346
431.5600
431.5822
431.6016
431.6187
431.6338
431.6471
431.0693
431.1292
431.1831
431.2312
431.2740
431.3118
431.3453
431.3749
431.4012
431.4246
431.4455
431.4642
431.4812
430.9071
430.9703
431.0275
431.0790
431.1252
431.1665
431.2035
431.2366
431.2664
431.2933
431.3177
431.3399
431.3604
430.7897
430.8561
430.9165
430.9712
431.0205
431.0650
431.1050
431.1413
431.1741
431.2041
431.2315
431.2567
431.2799
430.7124
430.7811
430.8438
430.9007
430.9521
430.9985
431.0406
431.0787
431.1135
431.1452
431.1744
431.2013
431.2264
430.6615
430.7318
430.7961
430.8547
430.9078
430.9559
430.9997
431.0395
431.0760
431.1094
431.1402
431.1687
431.1953
430.6322
430.7038
430.7694
430.8291
430.8833
430.9326
430.9775
431.0184
431.0558
431.0901
431.1217
431.1510
431.1782
430.6159
430.6880
430.7540
430.8141
430.8686
430.9182
430.9633
431.0044
431.0421
431.0767
431.1087
431.1384
431.1661
430.6045
430.6770
430.7435
430.8041
430.8593
430.9095
430.9550
430.9964
431.0342
431.0689
431.1008
431.1302
431.1576
430.5955
430.6675
430.7333
430.7932
430.8475
430.8968
430.9416
430.9823
431.0195
431.0536
431.0851
431.1141
431.1411
430.5777
430.6495
430.7152
430.7750
430.8292
430.8783
430.9229
430.9634
431.0003
431.0342
431.0653
431.0940
431.1206
430.5561
430.6277
430.6931
430.7526
430.8065
430.8553
430.8995
430.9397
430.9764
431.0099
431.0408
431.0692
431.0956
430.5302
430.6016
430.6669
430.7262
430.7800
430.8287
430.8728
430.9130
430.9495
430.9830
431.0137
431.0421
431.0684
430.5024
430.5738
430.6391
430.6984
430.7521
430.8007
430.8448
430.8848
430.9212
430.9544
430.9850
431.0132
431.0392
430.4723
430.5437
430.6090
430.6683
430.7221
430.7707
430.8149
430.8550
430.8916
430.9251
430.9558
430.9842
431.0106
430.4440
430.5157
430.5814
430.6412
430.6954
430.7445
430.7892
430.8298
430.8669
430.9010
430.9323
430.9613
430.9882
430.4218
430.4941
430.5601
430.6203
430.6748
430.7243
430.7693
430.8102
430.8475
430.8818
430.9134
430.9426
430.9698
430.4035
430.4760
430.5424
430.6028
430.6576
430.7074
430.7526
430.7938
430.8315
430.8661
430.8981
430.9277
430.9553
430.3892
430.4622
430.5291
430.5901
430.6455
430.6958
430.7417
430.7835
430.8217
430.8569
430.8892
430.9192
430.9472
430.3811
430.4543
430.5213
430.5824
430.6379
430.6882
430.7341
430.7758
430.8139
430.8490
430.8813
430.9111
430.9390
430.3726
430.4457
430.5126
430.5735
430.6289
430.6791
430.7247
430.7663
430.8043
430.8392
430.8714
430.9012
430.9290
430.3623
430.4354
430.5023
430.5632
430.6185
430.6687
430.7144
430.7559
430.7939
430.8288
430.8609
430.8907
430.9183
430.3513
430.4243
430.4912
430.5521
436.2288
441.8148
447.3117
452.7207
458.0429
462.8087
467.2792
471.5525
475.7189
474.3309
476.4571
480.4053
478.0694
476.3247
474.6809
473.0937
471.5572
470.0749
468.6476
467.2765
465.9622
464.7043
463.5017
462.3528
462.0439
461.7649
461.6629
461.8305
466.4776
477.0577
489.0711
506.6946
525.4060
543.4573
561.0067
578.2663
595.2752
611.3203
627.3385
643.2620
659.0717
674.7256
690.1874
705.3542
720.2108
734.4840
745.9801
747.4264
748.6785
755.2821
768.6928
785.7414
802.0097
817.5642
832.4328
846.4934
859.8489
872.7053
883.0078
889.1039
893.1644
891.2417
889.7584
896.6649
905.2717
915.5912
922.1132
927.8934
937.5623
948.5388
960.2763
972.3777
984.5741
996.6623
1008.4645
1017.6043
1024.5455
1033.9467
1037.6635
1045.1616
1048.5563
1052.7234
1055.6810
1055.3716
1052.0356
1049.2155
1040.3025
1029.9864
1020.1476
1010.6536
1001.4877
992.6176
984.1850
976.0992
968.1909
966.9826
971.7689
978.0920
984.4410
994.8594
1005.0407
1015.0526
1024.9559
1034.7095
1044.2793
1053.6471
1062.7957
1067.7779
1072.9951
1078.4388
1086.9683
1096.2347
1105.8708
1115.6211
1125.3054
1134.8068
1144.0528
1152.9811
1161.9183
1163.5237
1163.0580
1168.1322
1170.7615
1173.8407
1177.4935
1183.6868
1186.1610
1179.7315
1184.9497
1193.8778
1196.4345
1195.5111
1193.6850
1194.8416
1198.3790
1202.4033
1206.8002
1213.5404
1222.2144
1230.6275
1238.9817
1247.2237
1249.1903
1251.4993
1253.6252
1253.5266
1251.0017
1241.3173
1232.1646
1223.7179
1215.0223
1206.5202
1197.7857
1189.6918
1181.0710
1172.3323
1163.5683
1154.4771
1145.6583
1137.3417
1129.2322
1121.2961
1116.8234
1116.2653
1114.9711
1113.1212
1110.8278
1108.1712
1105.2181
1102.0153
1098.6152
1092.4427
1086.7669
1077.5907
1065.1763
1056.0850
1047.6681
1039.6978
1032.4805
1025.3320
1018.1681
1011.1157
1004.1893
996.8737
989.7169
982.7316
975.8970
969.5016
963.2266
957.4605
951.8020
946.3340
940.9546
935.7040
930.5901
925.6094
920.4788
915.4878
910.6529
905.9711
901.4281
897.0194
892.7387
888.5826
886.1567
890.2544
896.4224
909.1831
920.7751
932.0720
943.0836
953.7966
963.9102
973.4622
982.6025
986.6842
981.5428
974.1718
967.1626
956.7323
947.8774
941.8522
936.2825
931.0676
926.1731
921.5398
