12.8023
12.8391
12.8048
12.7999
12.8000
22.8712
13.3150
12.8365
12.8011
12.8003
12.8003
12.8003
12.8003
12.8003
12.8003
12.8003
12.8003
12.8003
22.6323
13.3139
12.8375
12.8013
12.8005
12.8004
12.8004
12.8004
12.8004
12.8004
12.8004
12.8004
12.8004
22.4783
13.3218
12.8307
12.8013
12.8005
12.8004
12.8004
12.8004
12.8004
12.8004
12.8004
12.8004
12.8004
22.3551
13.3255
12.8285
12.8013
12.8005
12.8005
12.8004
12.8004
12.8004
12.8004
12.8004
12.8004
12.8004
22.2513
13.3279
12.8276
12.8013
12.7561
12.7595
12.8099
12.8026
12.8019
12.8017
12.8015
12.8013
12.8013
22.1547
13.2729
12.8155
12.8199
12.7555
12.7961
12.7987
12.7991
12.8053
12.8034
12.8020
12.8019
12.8023
12.8026
12.8021
13.0016
12.7538
12.7926
12.7956
12.8839
12.8525
12.8590
12.8140
12.8183
12.8152
12.8189
12.8054
12.8112
12.8069
12.8054
12.8043
12.8031
12.8030
12.8029
12.8028
12.8027
12.8026
12.7931
12.7946
12.8137
12.8020
12.8106
12.8021
12.8230
12.8008
12.8022
12.7970
12.8075
12.8020
12.8021
12.7841
12.7890
12.7970
12.8024
12.8200
12.8092
12.8076
12.8009
12.7174
12.7961
12.7975
12.7971
12.7985
12.7986
12.7987
12.7978
12.8331
12.8109
12.8074
12.8238
12.8070
12.7841
12.8013
12.7924
12.7855
12.7870
12.7875
12.7852
12.6705
12.7980
12.7969
12.7982
12.8236
12.8206
12.8738
12.8075
12.8166
12.8181
12.8295
12.8082
12.8126
12.8052
12.8038
12.8035
12.8021
12.8020
12.8018
12.8016
12.8004
12.8073
12.7179
12.7925
12.7956
12.7977
12.7990
12.7984
12.7987
12.7988
12.7988
12.8333
12.8594
12.8090
12.8015
12.7807
12.8050
12.7985
12.7915
12.7911
12.8027
12.8047
12.8034
12.8031
12.7849
12.8049
12.7911
12.8236
12.7938
12.8111
12.7995
12.8082
12.8003
12.7974
12.7901
12.7934
12.7921
12.7814
12.7690
12.7626
12.7447
12.7591
12.7952
12.7550
12.8607
12.7945
12.7650
12.7970
12.7768
12.7936
12.7827
12.7511
12.8286
12.8451
12.7972
12.8588
12.6917
12.7994
12.7976
12.7982
12.7986
12.7992
12.7996
12.7987
12.8198
12.8059
12.8812
12.7816
12.7550
12.7994
12.7990
12.7641
12.7988
12.7917
12.7771
12.7976
12.7993
12.7796
12.7992
12.7993
12.8000
12.8611
12.8093
12.8109
12.8077
12.8199
12.7970
12.8023
12.8030
12.8007
12.7695
12.8004
12.8001
12.8003
12.8003
12.8003
12.8004
23.0397
23.5938
23.8945
13.3416
12.8114
12.7995
12.7991
12.7993
12.7994
12.7995
12.8014
12.8015
12.8072
12.8015
12.7913
22.9245
13.2675
12.8505
12.8013
12.7987
12.7987
12.8004
12.7988
12.8021
12.8375
12.8049
12.7999
12.7999
22.8194
13.3289
12.8268
12.8009
12.8003
12.8002
12.8002
12.8003
12.8003
12.8003
12.8003
12.8003
12.8003
22.6902
13.3274
12.8276
12.8012
12.8005
12.8004
12.8004
12.8004
12.8004
12.8004
12.8004
12.8004
12.8004
22.6060
13.3284
12.8272
12.8012
12.8005
12.8004
12.8004
12.8004
12.8004
12.8004
12.8004
12.8004
12.8004
22.5690
13.3294
12.8267
12.8012
12.8005
12.8005
12.8004
12.8004
12.8004
12.8004
12.8004
12.8004
12.8004
22.5298
13.3303
12.8263
12.8012
22.8727
22.4933
22.4278
22.4131
22.4071
22.4042
22.4031
22.4033
22.4044
22.5302
21.7853
22.2958
22.3861
22.3908
22.3881
22.3875
22.3882
22.3900
22.3926
22.3959
22.3996
22.4036
22.4078
22.4120
12.9068
12.7615
12.7933
12.7957
12.8462
12.8989
12.8488
12.8239
12.8172
12.8199
12.8144
12.8082
12.8142
12.8113
12.8085
12.8074
12.8073
12.8072
12.8061
12.8056
12.8054
12.8004
12.8029
12.7949
12.8056
12.8054
12.8176
12.8099
12.8024
12.8042
12.8030
12.7964
12.8078
12.8028
12.8018
12.7791
12.7682
12.8151
12.8048
12.8171
12.8078
12.8117
12.8005
12.6974
12.7950
12.7985
12.7993
12.7997
12.7988
12.7988
12.7978
12.8747
12.8223
12.8312
12.7989
12.8055
12.7829
12.8002
12.7932
12.7925
12.7844
12.7786
12.7720
12.7319
12.7774
12.7973
12.7983
12.7992
12.8302
12.8215
12.8689
12.8063
40.0458
34.9014
31.5282
30.8860
30.4906
30.1865
29.9420
29.7259
29.5361
29.3676
29.2152
29.0758
12.7842
12.6986
12.7948
12.7973
12.7983
12.7988
12.7993
12.8028
12.8003
12.8002
12.8556
12.8338
12.8340
12.8108
12.8045
12.8037
12.7999
12.8060
12.7989
12.7726
12.8053
12.8092
12.8129
12.7971
12.7852
12.8046
12.7968
12.8106
20.1178
23.8110
24.1451
24.3344
24.4797
24.5947
24.6866
24.7595
12.9205
12.7554
12.7806
12.7880
12.6820
12.8140
12.7439
12.8064
12.8184
12.7972
12.7639
12.7909
12.7953
12.7867
12.7281
12.8174
12.8449
12.7982
12.8330
12.7211
12.7947
12.7958
12.7965
12.7969
12.7971
12.7973
12.7975
12.8161
12.8832
12.8061
12.8007
12.7352
12.7981
12.7981
12.8107
12.7992
12.7924
12.7512
12.7980
12.7565
12.7970
12.7978
12.7982
12.7983
12.8182
12.8664
12.8205
12.8012
12.7691
12.8072
12.7991
12.7993
12.8004
12.7993
12.7989
12.7993
12.7994
12.7994
12.7994
12.7994
23.4400
24.0226
24.3407
13.3295
12.8174
12.7993
12.7959
12.7977
12.7982
12.7941
12.8006
12.8032
12.8105
12.7882
12.7984
23.3388
13.2488
12.8535
12.8022
12.7991
12.7990
12.8004
12.8055
12.7981
12.8365
12.8042
12.7996
12.7997
23.2950
13.2861
12.8538
12.8021
12.8003
12.8002
12.8002
12.8003
12.8003
12.8003
12.8003
12.8003
12.8004
23.2337
13.2837
12.8552
12.8025
12.8006
12.8005
12.8004
12.8004
12.8004
12.8004
12.8004
12.8004
12.8004
23.1676
13.2848
12.8549
12.8026
12.8006
12.8005
12.8005
12.8005
12.8005
12.8005
12.8005
12.8005
12.8005
23.0470
13.2866
12.8543
12.8026
12.8007
12.8005
12.8005
12.8005
12.8005
12.8005
12.8005
12.8005
12.8005
22.9247
13.2889
12.8535
12.8026
12.7859
12.7206
12.8027
12.8032
12.8022
12.8019
12.8017
12.8015
12.8014
22.8461
13.2861
12.7756
12.8629
12.7585
12.7957
12.7985
12.7989
12.7991
12.7762
12.7997
12.7995
12.7996
12.7996
12.7996
12.9771
12.7463
12.7957
12.7989
12.9316
12.8519
12.8114
12.8171
12.8238
12.8162
12.8081
12.8061
12.8086
12.8040
12.8041
12.8050
12.8037
12.8037
12.8043
12.8045
12.8050
12.8037
12.7851
12.7844
12.8224
12.8124
12.8196
12.8059
12.8003
12.8038
12.8014
12.7942
12.8073
12.8002
12.7995
12.7846
12.7804
12.7995
12.8004
12.8107
12.8077
12.8062
12.8089
12.7137
12.7979
12.7988
12.8007
12.8001
12.8004
12.7996
12.8008
12.8409
12.8625
12.8094
12.8051
12.7997
12.7817
12.8014
12.7970
12.7917
12.7823
12.7847
12.7866
12.6986
12.7972
12.7975
12.7988
12.8056
12.7999
12.8489
12.8257
12.8055
12.8420
12.8163
12.8041
12.8174
12.8039
12.8040
12.8019
12.8018
12.8018
12.8017
12.8015
12.7998
12.8108
12.7190
12.7971
12.7979
12.7987
12.7990
12.7993
12.7995
12.7996
12.7997
12.8068
12.8727
12.9267
12.7818
12.8010
12.8002
12.7981
12.7954
12.7996
12.7965
12.7938
12.8082
12.8004
12.8027
12.7859
12.7970
12.8020
12.8078
12.8231
12.8018
12.8078
12.8003
12.7989
12.7905
12.7916
12.7944
12.7864
12.7890
12.7910
12.7459
12.7484
12.7876
12.7918
12.7999
12.7936
12.7939
12.7624
12.7913
12.7942
12.7215
12.7814
12.8477
12.8169
12.7935
12.8552
12.7001
12.7939
12.7950
12.7957
12.7960
12.7964
12.7960
12.7958
12.8158
12.8460
12.8178
12.7999
12.7552
12.7985
12.7975
12.7968
12.8290
12.7693
12.8002
12.7513
12.7628
12.7970
12.7975
12.7980
12.7983
12.7974
12.8825
12.8227
12.8025
12.8025
12.7742
12.8000
12.7988
12.7990
12.7990
12.7990
12.7991
12.7991
12.7991
12.7991
12.7991
23.8260
24.4452
24.7823
13.2913
12.8261
12.7905
12.7966
12.7938
12.7987
12.7891
12.7910
12.7948
12.8080
12.7776
12.7774
23.7531
13.2661
12.8271
12.7950
12.7896
12.7947
12.7962
12.8038
12.8180
12.8165
12.7996
12.7951
12.7952
23.6284
13.2695
12.8529
12.7977
12.7956
12.7955
12.7956
12.7956
12.7956
12.7956
12.7957
12.7957
12.7957
23.4993
13.2667
12.8545
12.7980
12.7959
12.7958
12.7958
12.7958
12.7958
12.7958
12.7958
12.7958
12.7959
23.3198
13.2683
12.8539
12.7982
12.7960
12.7959
12.7959
12.7959
12.7959
12.7960
12.7960
12.7960
12.7960
23.0813
13.2709
12.8530
12.7983
12.7962
12.7961
12.7961
12.7961
12.7961
12.7961
12.7961
12.7961
12.7962
22.8274
13.2745
12.8519
12.7984
12.7936
12.7221
12.7914
12.8027
12.8024
12.8020
12.8018
12.8016
12.8014
22.7219
13.2891
12.7579
12.8739
12.7570
12.7953
12.7983
12.7987
12.7990
12.7992
12.8020
12.8044
12.8033
12.8034
12.8032
13.0407
12.7282
12.7970
12.8025
12.9435
12.8321
12.8598
12.8120
12.8169
12.8085
12.8137
12.8091
12.8086
12.8043
12.8031
12.8030
12.8029
12.8027
12.8018
12.8014
12.8013
12.8007
12.8009
12.7952
12.7658
12.8116
12.8165
12.8109
12.8058
12.7971
12.7993
12.7952
12.8068
12.8021
12.7990
12.7949
12.7798
12.7797
12.8098
12.8204
12.8147
12.8073
12.8062
12.6994
12.7966
12.7969
12.7980
12.7985
12.7982
12.7983
12.7984
12.8033
12.8477
12.8564
12.8122
12.8031
12.7831
12.7996
12.7876
12.7943
12.7844
12.7884
12.7855
12.7224
12.7261
12.7952
12.7962
12.8449
12.8888
12.8136
12.8094
12.8205
12.8126
12.8088
12.8116
12.8037
12.8079
12.8017
12.8020
12.8020
12.8019
12.8018
12.8018
12.7961
12.7988
12.7324
12.7970
12.7982
12.7992
12.7993
12.7994
12.7995
12.7996
12.7998
12.8222
12.8732
12.8008
12.8134
12.7831
12.8008
12.7990
12.7945
12.7906
12.7922
12.8118
12.8074
12.7958
12.7964
12.7879
12.8026
12.8199
12.7921
12.7997
12.8147
12.8053
12.7988
12.7977
12.7945
12.7875
12.7944
12.7913
12.7797
12.7928
12.7856
12.6859
12.8109
12.7960
12.7853
12.7620
12.8359
12.7655
12.7847
12.7679
12.7951
12.8243
12.7973
12.7964
12.7733
12.8608
12.7187
12.7933
12.7955
12.7962
12.7965
12.7959
12.7958
12.7966
12.7971
12.8157
12.8377
12.8435
12.7825
12.7589
12.7977
12.7948
12.7761
12.7981
12.7740
12.7992
12.7652
12.7956
12.7981
12.7985
12.8657
12.8007
12.8005
12.8198
12.7989
12.8094
12.7981
12.8185
12.8033
12.8005
12.7672
12.7989
12.7988
12.7989
12.7990
12.7991
12.7991
23.6559
24.2525
24.5782
13.3153
12.8169
12.7921
12.7932
12.7939
12.7902
12.7891
12.7928
12.7965
12.7972
12.7720
12.7875
23.5879
13.2741
12.8239
12.8011
12.7975
12.7977
12.8008
12.8011
12.8159
12.8190
12.7996
12.7951
12.7952
23.5148
13.2672
12.8542
12.7977
12.7955
12.7955
12.7955
12.7955
12.7956
12.7956
12.7956
12.7956
12.7956
23.4242
13.2659
12.8549
12.7980
12.7958
12.7957
12.7957
12.7957
12.7957
12.7958
12.7958
12.7958
12.7958
23.3322
13.2683
12.8539
12.7981
12.7960
12.7959
12.7958
12.7958
12.7958
12.7958
12.7959
12.7959
12.7959
23.2650
13.2712
12.8529
12.7982
12.7961
12.7960
12.7959
12.7959
12.7959
12.7959
12.7960
12.7960
12.7960
23.2083
13.2743
12.8518
12.7982
12.7976
12.7225
12.7913
12.8036
12.8016
12.7984
12.7957
12.7933
12.7923
23.2158
13.2905
12.7572
12.9050
12.7597
12.7984
12.7957
12.7951
12.7945
12.7982
12.7982
12.7983
12.7986
12.7989
12.7991
13.0658
12.7052
12.7900
12.7970
12.7981
12.7986
12.7991
12.7994
12.7997
12.7999
12.8001
12.8002
12.8016
12.8012
12.8005
12.8008
12.8002
12.8007
12.8005
12.8005
12.8007
12.8009
12.8009
12.8018
12.8017
12.8014
12.8010
12.8005
12.8015
12.8015
12.8017
12.8020
12.8029
12.8023
12.8021
12.8020
12.8018
12.8017
12.8015
12.8013
12.8016
12.8014
12.8006
12.8006
12.8004
12.8002
12.8002
12.8001
12.7996
12.8008
12.7994
12.7994
12.7994
12.7994
12.8001
12.8004
12.7989
12.7996
12.8000
12.8001
12.7976
12.7983
12.7994
12.7998
12.8001
12.8003
12.8003
12.8003
12.8004
12.8005
12.8006
12.8007
12.8009
12.8006
12.8009
12.8011
12.8012
12.8012
12.8016
12.8018
12.8019
12.8020
12.8021
12.8023
12.8021
12.8001
12.8020
12.8019
12.8019
12.8018
12.8013
12.8010
12.8008
12.8008
12.8008
12.8005
12.8002
12.7992
12.8002
12.7997
12.7998
12.7998
12.8006
12.8009
12.8009
12.8009
12.8010
12.8010
12.8010
12.8017
12.8010
12.8009
12.8008
12.8007
12.7998
12.7995
12.7993
12.7992
12.7991
12.7992
12.6962
12.8002
12.8002
12.8002
12.8002
12.8002
12.8001
12.8001
12.8001
12.8001
12.8001
12.8001
25.9336
13.3334
12.8192
12.7975
12.7991
12.7970
12.7970
12.7971
12.7971
12.7972
12.7971
12.7970
12.7971
24.9368
13.3041
12.8387
12.7981
12.7971
12.7966
12.7959
12.7951
12.7955
12.7955
12.7956
12.7956
12.7956
24.3146
13.2849
12.8478
12.7976
12.7958
12.7957
12.7957
12.7957
12.7957
12.7957
12.7957
12.7957
12.7957
24.0591
13.2787
12.8499
12.7978
12.7959
12.7958
12.7957
12.7957
12.7957
12.7957
12.7957
12.7957
12.7958
23.9020
13.2755
12.8509
12.7979
12.7959
12.7958
12.7958
12.7958
12.7958
12.7958
12.7958
12.7958
12.7958
23.8107
13.2739
12.8515
12.7980
12.7960
12.7959
12.7958
12.7958
12.7958
12.7958
12.7959
12.7959
12.7959
23.6803
13.2735
12.8517
12.7981
12.7960
12.7959
12.7959
12.7959
12.7959
12.7959
12.7959
12.7960
12.7960
23.5567
13.2742
12.8515
12.7982
12.7961
12.7960
12.7960
12.7960
12.7960
12.7960
12.7960
12.7961
12.7961
23.4237
13.2758
12.8509
12.7982
12.7963
12.7962
12.7961
12.7961
12.7961
12.7961
12.7962
12.7962
12.7962
23.2924
13.2782
12.8495
12.7978
12.7961
12.7961
12.7961
12.7961
12.7961
12.7961
12.7960
12.7960
12.7960
23.1645
13.2813
12.8481
12.7974
12.7957
12.7957
12.7957
12.7957
12.7956
12.7956
12.7955
12.7955
12.7954
23.4883
13.2843
12.8487
12.7946
12.7928
12.7926
12.7926
12.7926
12.7926
12.7926
12.7925
12.7925
12.7925
24.1695
13.2735
12.8552
12.7937
12.7919
12.7918
12.7917
12.7916
12.7915
12.7914
12.7913
12.7912
12.7911
24.5569
13.2658
12.8583
12.7923
12.7903
12.7903
12.7903
12.7902
12.7901
12.7900
12.7899
12.7999
12.7999
25.0127
13.2465
12.8692
12.8023
12.7994
12.7993
12.7992
12.7992
12.7992
12.7992
12.7992
12.7992
12.7993
25.4564
13.2692
12.8459
12.8049
12.8001
12.7999
12.8002
12.8000
12.7999
12.8003
12.7985
12.8000
12.8001
25.9962
13.2777
12.8313
12.8044
12.8003
12.8002
12.7997
12.7999
12.8000
12.8000
12.8000
12.7992
12.7995
26.2896
13.2753
12.8295
12.8044
12.8004
12.8002
12.8002
12.8002
12.7980
12.8004
12.8004
12.8005
12.8005
26.2078
13.2759
12.8271
12.8037
12.8000
12.7999
12.8000
12.8024
12.8000
12.8000
12.8000
12.8000
12.8000
26.1349
13.2759
12.8273
12.8037
12.8002
12.8000
12.8015
12.8000
12.8000
12.7999
12.8000
12.8000
12.8001
26.3346
13.2752
12.8277
12.8037
12.8001
12.7999
12.7999
12.7999
12.8000
12.8000
12.8000
12.8000
12.7901
25.8860
13.2737
12.8268
12.8034
12.7908
12.7911
12.7914
12.7917
12.7919
12.7921
12.7923
12.7925
12.7927
25.2435
13.2737
12.8177
12.7991
12.7933
12.7934
12.7936
12.7936
12.7936
12.7936
12.7937
12.7937
12.7937
24.5876
13.2696
12.8284
12.7969
12.7939
12.7938
12.7938
12.7938
12.7938
12.7938
12.7939
12.7939
12.7938
24.0680
13.2673
12.8331
12.7965
12.7936
12.7936
12.7936
12.7936
12.7937
12.7936
12.7937
12.7937
12.7937
23.7894
13.2644
12.8392
12.7965
12.7937
12.7938
12.7939
12.7939
12.7940
12.7940
12.7941
12.7941
12.7942
23.5733
13.2612
12.8465
12.7971
12.7944
12.7942
12.7942
12.7942
12.7942
12.7943
12.7943
12.7943
12.7943
23.4028
13.2579
12.8544
12.7977
12.7945
12.7944
12.7944
12.7944
12.7944
12.7944
12.7945
12.7945
12.7945
23.1899
13.2542
12.8624
12.7978
12.7948
12.7947
12.7946
12.7948
12.7951
12.8005
12.8005
12.8005
12.8005
22.9634
13.2495
12.8736
12.8033
12.8007
12.8006
12.8006
12.8006
12.8006
12.8006
12.8006
12.8006
12.8006
22.7447
13.2496
12.8681
12.8032
12.8007
12.8006
12.8006
12.8006
12.8006
12.8006
12.8006
12.8006
12.8006
22.5206
13.2609
12.8616
12.8032
12.8008
12.8007
12.8007
12.8007
12.8007
12.8007
12.8007
12.8007
12.8007
22.3034
13.2690
12.8586
12.8031
12.7968
12.7254
12.7912
12.7981
12.7987
12.8022
12.8021
12.8019
12.8018
22.2774
13.2917
12.7609
12.8802
12.7559
12.7952
12.7981
12.8050
12.8044
12.8025
12.8033
12.8025
12.8024
12.8024
12.8023
13.0400
12.7275
12.7944
12.8001
12.8875
12.9018
12.8303
12.8120
12.8130
12.8123
12.8063
12.8053
12.8079
12.8057
12.8023
12.8025
12.8021
12.8022
12.8024
12.8024
12.8019
12.7994
12.8002
12.7992
12.5918
12.7508
12.8096
12.8036
12.7993
12.7987
12.7993
12.8003
12.8002
12.8002
12.7989
12.7951
12.7860
12.8070
12.8037
12.8056
12.8045
12.7926
12.8217
12.7398
12.7960
12.7980
12.7987
12.7991
12.7992
12.7998
12.7995
12.8262
12.8101
12.8401
12.8013
12.7943
12.7885
12.7998
12.7898
12.7919
12.7829
12.7948
12.7954
12.7918
12.7797
12.7989
12.7993
12.7990
12.8189
12.8093
12.8117
12.8078
12.8010
12.8195
12.8009
12.8042
12.8018
12.7996
12.8008
12.8009
12.8009
12.8009
12.8010
12.8010
12.8230
12.7341
12.7950
12.7979
12.7987
12.7991
12.7988
12.7987
12.7988
12.7988
12.7989
12.8688
12.8146
12.7922
12.7828
12.7988
12.7988
12.8002
12.7846
12.7990
12.7920
12.8126
12.8066
12.7929
12.7989
12.7929
12.8178
12.8009
12.8130
12.7999
12.7996
12.8063
12.7997
12.7995
12.7995
12.7929
12.7992
12.7924
12.7887
12.7879
12.7648
12.8305
12.7802
12.7978
12.8205
12.7969
12.7648
12.7901
12.7977
12.8043
12.7953
12.7989
12.8010
12.7979
12.8117
12.7730
12.7934
12.7981
12.7986
12.7988
12.7988
12.7989
12.7989
12.8168
12.8253
12.7997
12.7999
12.7988
12.7818
12.7989
12.8309
12.7876
12.7945
12.7989
12.8009
12.7751
12.7987
12.7992
12.7994
12.7996
12.8381
12.8002
12.7991
12.8000
13.0977
12.6271
12.8147
12.7627
12.7943
12.7952
12.8028
12.7966
12.7970
12.7977
12.7979
12.7971
23.7925
24.3770
24.6870
13.2942
12.8296
12.7968
12.7969
12.7975
12.7979
12.7983
12.7979
12.7957
12.8039
12.8112
12.8045
23.6090
13.2752
12.8067
12.7983
12.7964
12.7983
12.8001
12.8181
12.8089
13.4618
12.8005
12.7999
12.7999
20.4936
13.9620
12.8005
12.7998
12.7998
12.7998
12.7997
12.7997
12.7997
12.7997
12.7997
12.7997
12.7997
19.8118
13.9629
12.8002
12.7997
12.7997
12.7997
12.7997
12.7997
12.7997
12.7997
12.7997
12.7997
12.7997
19.4374
13.9631
12.8002
12.7997
12.7997
12.7998
12.7998
12.7998
12.7998
12.7998
12.7998
12.7998
12.7998
19.1636
13.9632
12.8003
12.7998
12.7998
12.7998
12.7998
12.7998
12.7998
12.7998
12.7998
12.7998
12.7998
18.9275
13.9632
12.8003
12.7998
12.7998
12.7998
12.7998
12.7998
12.7998
12.7998
12.7998
12.7998
12.7998
18.8380
13.9632
12.8003
12.8002
12.7999
12.7999
12.7998
12.7996
12.7993
12.7999
12.7999
12.7998
12.7997
12.7997
12.7996
36.8082
39.9862
39.9810
39.9929
40.0191
40.0265
40.0340
40.0400
40.0450
40.0493
39.6791
38.9783
38.3377
37.7481
37.2014
36.6909
36.2113
35.7584
35.3298
34.9234
34.5373
34.1701
33.8205
33.4873
33.1694
32.8660
32.5766
32.3010
32.0387
31.7889
31.5509
31.3237
31.1064
30.8979
30.6975
30.5045
30.3186
30.1393
29.9663
29.7991
29.6368
29.4790
12.8002
12.8002
12.8002
12.8002
12.8002
12.8002
12.8001
12.8001
12.7972
12.7983
12.8050
12.8002
12.8002
12.8002
12.8002
20.5394
23.8618
24.1962
24.3987
24.5449
24.6529
24.7326
24.7909
24.8323
24.8605
24.8779
24.8861
24.8865
24.8801
24.8674
24.8486
24.8246
24.7961
24.7640
24.7290
24.6915
24.6518
24.6101
24.5667
24.5218
24.4754
24.4277
12.8029
12.8024
12.8002
12.7929
12.7940
12.7979
12.7986
12.7979
12.7982
12.7990
12.8060
12.8084
12.8018
12.8071
12.7990
12.7925
12.7986
12.7997
12.7999
12.8020
12.8041
12.7970
12.7999
12.7903
12.7955
12.7998
12.7990
12.8002
12.8006
13.6824
17.7362
18.2527
18.5608
18.7950
18.9788
19.1253
19.2427
19.3367
19.4115
19.4695
19.5136
19.5466
19.5708
19.5874
19.5972
19.6006
19.5978
19.5895
19.5767
19.5607
19.5438
19.5279
19.5136
19.5012
12.8078
12.8025
12.8002
12.8002
12.8002
12.8002
12.8002
12.8002
12.8003
12.8003
12.8003
12.8003
12.8003
12.8003
12.8003
12.7957
12.7999
14.9349
16.1973
16.5792
16.8612
17.0927
17.2884
17.4573
17.6051
17.7355
17.8508
17.9532
18.0443
18.1254
18.1979
18.2632
18.3217
18.3740
18.4216
18.4651
18.5056
18.5433
18.5784
18.6112
18.6418
18.6704
15.0029
13.7777
12.8653
12.8000
12.7995
12.8001
12.8000
12.7999
12.7998
12.7998
12.7997
12.7997
20.9717
13.9617
12.8003
12.7996
12.7995
12.7995
12.7995
12.7995
12.7995
12.7995
12.7995
12.7995
12.7995
20.4158
13.9621
12.8001
12.7995
12.7996
12.7996
12.7996
12.7996
12.7996
12.7996
12.7996
12.7996
12.7996
20.0393
13.9626
12.8001
12.7996
12.7996
12.7996
12.7996
12.7996
12.7996
12.7997
12.7997
12.7997
12.7997
19.6959
13.9628
12.8002
12.7997
12.7997
12.7997
12.7997
12.7997
12.7997
12.7997
12.7997
12.7997
12.7997
19.3871
13.9629
12.8002
12.7997
12.7997
12.7997
12.7998
12.7998
12.7998
12.7998
12.7998
12.7998
12.7998
19.1097
13.9630
12.8003
12.7998
12.7998
12.7998
12.7998
12.7998
12.7998
12.7998
12.7998
12.7998
12.7998
18.9612
13.9631
12.8003
12.7998
12.7998
12.7998
12.8002
12.7998
12.7997
12.7993
12.7999
12.7998
12.7997
12.7996
12.7995
12.7994
12.7993
12.7992
36.7959
39.9824
39.9962
40.0140
40.0239
39.5980
38.4877
37.5486
36.7338
36.0143
35.3709
34.7896
34.2599
33.7735
33.3234
32.9037
32.5100
32.1389
31.7881
31.4555
31.1396
30.8391
30.5529
30.2803
30.0204
29.7727
29.5366
29.3118
29.0983
28.8956
28.7036
28.5238
28.3436
28.1702
28.0023
27.8400
27.6828
27.5307
27.3838
27.2414
27.1030
26.9688
12.8059
12.8101
12.8002
12.8001
12.8001
12.7958
12.7969
12.7982
12.7986
12.8008
12.8053
12.8054
12.7986
12.7962
12.7991
12.7994
16.8856
21.7445
22.1588
22.3989
22.5674
22.6919
22.7881
22.8609
22.9150
22.9540
22.9805
22.9964
23.0033
22.9997
22.9848
22.9630
22.9339
22.8995
22.8602
22.8170
22.7702
22.7203
22.6676
22.6124
22.5548
22.4949
12.8055
12.8006
12.7976
12.7814
12.7972
12.7977
12.7992
12.7973
12.7997
12.8001
12.8056
12.8136
12.8124
12.8073
12.8009
12.7924
12.8005
12.8020
12.7999
12.7907
12.8008
12.8056
12.7999
12.7879
12.8018
12.7959
12.7968
12.7992
12.8020
12.7976
12.8007
12.7993
14.3556
15.2490
15.5840
15.8370
16.0419
16.2098
16.3494
16.4646
16.5591
16.6366
16.7005
16.7520
16.7938
16.8256
16.8496
16.8675
16.8800
16.8848
16.8904
16.8962
16.9037
16.9141
12.8020
12.8102
12.8003
12.8003
12.8001
12.8000
12.8002
12.8046
12.8004
12.8004
12.8005
12.8005
12.8005
12.8005
12.7942
12.7966
12.7983
12.7957
12.8077
12.7998
12.8022
13.3203
14.1505
14.4663
14.7179
14.9344
15.1249
15.2950
15.4473
15.5838
15.7077
15.8199
15.9223
16.0152
16.1000
16.1774
16.2494
16.3158
16.3784
16.4375
16.4933
16.5462
15.2474
14.0177
13.1158
12.8004
12.7998
12.7994
12.8000
12.8000
12.7999
12.7999
12.7998
12.7998
20.8653
13.9616
12.8004
12.7996
12.7996
12.7996
12.7996
12.7996
12.7996
12.7996
12.7996
12.7996
12.1877
21.8431
13.3027
12.7568
12.7972
12.7992
12.7994
12.7995
12.7995
12.7996
12.7996
12.7996
12.7997
12.7997
23.4721
13.3054
12.7485
12.7972
12.7995
12.7997
12.7997
12.7997
12.7997
12.7998
12.7998
12.7998
12.7998
23.5913
13.2973
12.7525
12.7974
12.7999
12.8008
12.8008
12.8008
12.8008
12.8008
12.8008
12.8008
12.8009
23.3794
13.2914
12.7578
12.8047
12.8014
12.8011
12.8010
12.8010
12.8010
12.8010
12.8010
12.8010
12.8010
23.0922
13.2850
12.7736
12.8048
12.8014
12.8011
12.8011
12.9185
12.7700
12.7728
12.7942
12.7963
12.7969
22.9144
13.3821
12.7420
12.7835
12.7967
12.7977
12.9109
12.7701
12.7941
12.7974
12.7984
12.8002
12.8010
12.8026
12.8023
12.8009
12.8010
12.8010
13.0769
12.6907
12.7877
12.7978
12.9267
12.8644
12.8237
12.8143
12.8179
12.8109
12.8096
12.8054
12.8028
12.8025
12.8023
12.8013
12.8017
12.8019
12.8014
12.8022
12.8011
12.8010
12.7949
12.7839
12.8033
12.8003
12.8164
12.8055
12.8007
12.8007
12.8003
12.8001
12.7998
12.7994
12.7974
12.7873
12.8020
12.8017
12.7897
12.8035
12.8059
12.8057
12.8152
12.7379
12.7859
12.7961
12.7975
12.7981
12.7975
12.7978
12.7980
12.8445
12.8315
12.8071
12.8085
12.8029
12.7807
12.7987
12.7989
12.7980
12.7930
12.7814
12.7862
12.7132
12.7913
12.7937
12.7977
12.8036
12.8174
12.8301
12.8481
12.8062
12.8017
12.8048
12.8073
12.8096
12.8067
12.8013
12.8016
12.8002
12.8001
12.7999
12.7998
12.7922
12.8185
12.7129
12.7842
12.7945
12.7960
12.7966
12.7979
12.7985
12.8212
12.8001
12.8501
12.8548
12.8036
12.7976
12.7831
12.8007
12.8008
12.7894
12.7932
12.7970
12.8145
12.8075
12.8012
12.7841
12.7933
12.8154
12.8245
12.8063
12.8012
12.8041
12.8004
12.7989
12.7987
12.7944
12.7865
12.7958
12.7890
12.7920
12.7949
12.7842
12.7156
12.8233
12.7690
12.7776
12.8162
12.7945
12.7630
12.7920
12.7847
12.7525
12.8304
12.7935
12.8005
12.7926
12.8267
12.7318
12.7932
12.7940
12.7947
12.7951
12.7955
12.7947
12.7958
12.8011
12.8331
12.8589
12.8003
12.7349
12.7968
12.7965
12.8275
12.7518
12.7913
12.7965
12.7476
12.7912
12.7962
12.7969
12.7972
12.8168
12.7984
12.8456
12.8184
12.8054
12.8021
12.8397
12.7689
12.7993
12.7993
12.7993
12.7993
12.7993
12.7993
12.7993
12.7992
12.7992
23.8695
24.4685
13.3364
12.8024
12.7874
12.7833
12.7898
12.7969
12.7894
12.7983
12.8014
12.7945
12.8037
12.7953
23.6885
13.2812
12.7960
12.8029
12.7992
12.7991
12.7993
12.7966
12.7988
12.8212
12.8275
12.8043
12.7999
23.5322
13.2480
12.8717
12.8029
12.8003
12.8002
12.8003
12.8003
12.8003
12.8003
12.8003
12.8004
12.8004
23.3720
13.2483
12.8718
12.8032
12.8005
12.8004
12.8004
12.8004
12.8004
12.8004
12.8004
12.8004
12.8004
23.2035
13.2474
12.8744
12.8032
12.8005
12.8005
12.8005
12.8005
12.8005
12.8005
12.8005
12.8005
12.8005
23.0624
13.2536
12.8705
12.8032
12.8006
12.8005
12.8005
12.8005
12.8005
12.8005
12.8005
12.8005
12.8005
22.9294
13.2601
12.8663
12.8031
12.8006
12.8079
12.7303
12.7903
12.7980
12.7986
12.7989
12.7991
12.7992
22.9264
13.3014
12.7503
12.7971
12.8973
12.7546
12.7948
12.7979
12.7985
12.8034
12.8040
12.8022
12.8016
12.8014
12.8013
12.8012
13.0671
12.7079
12.7921
12.7990
12.9297
12.8737
12.8322
12.8143
12.8177
12.8124
12.8111
12.8092
12.8104
12.8036
12.8020
12.8019
12.8018
12.8017
12.8014
12.8012
12.8011
12.8009
12.7932
12.7890
12.8076
12.8036
12.8030
12.8097
12.7995
12.8015
12.8005
12.8003
12.8000
12.8011
12.8011
12.7902
12.7924
12.7946
12.8041
12.8074
12.8133
12.8047
12.8187
12.7268
12.7950
12.7957
12.7905
12.7975
12.7973
12.7751
12.7969
12.8178
12.8656
12.8147
12.8218
12.7793
12.8016
12.7988
12.7949
12.7967
12.7886
12.7544
12.7971
12.7141
12.7963
12.7967
12.7978
12.8036
12.7993
12.8700
12.8385
12.8064
12.8074
12.8193
12.8029
12.8049
12.8093
12.8018
12.8017
12.8015
12.8015
12.8016
12.8015
12.7997
12.8192
12.7142
12.7955
12.7977
12.7990
12.7996
12.7995
12.7995
12.7999
12.7998
12.8429
12.8552
12.8106
12.7997
12.7834
12.8000
12.7990
12.8001
12.7985
12.7788
12.7989
12.8122
12.8065
12.7910
12.7842
12.7995
12.8065
12.8096
12.8033
12.8205
12.8057
12.7977
12.7979
12.7919
12.7968
12.7911
12.7894
12.7910
12.7626
12.7669
12.7339
12.8246
12.7915
12.7698
12.7988
12.8162
12.7605
12.7939
21.3310
21.3321
21.3324
21.3343
21.3376
21.3419
17.7061
17.1581
16.7098
16.6346
16.5797
16.5361
16.5003
16.4704
16.4453
16.6009
16.7645
17.2869
17.6456
17.6533
20.7891
20.9683
21.0534
21.1169
21.1681
21.2115
21.2494
21.2832
21.3136
21.3415
21.3673
21.3912
21.4137
21.4348
21.4544
21.4729
21.4903
21.5067
21.5224
21.5375
21.5522
21.5665
21.5805
21.5942
21.6076
21.6207
21.6336
21.6461
17.8490
17.3067
17.0409
16.9750
16.9261
16.8872
16.8553
16.8287
16.9829
16.9683
17.3073
17.4806
24.0026
16.0256
20.6897
21.1772
21.3186
21.3972
21.4549
21.5019
21.5418
21.5768
21.6080
21.6365
21.6629
24.0027
20.8736
21.5681
21.7037
21.7431
21.7666
21.7861
21.8039
21.8208
21.8371
21.8527
21.8679
21.8827
24.0027
21.1348
21.7754
21.8934
21.9240
21.9407
21.9544
21.9671
21.9794
21.9914
22.0031
22.0146
22.0259
24.0026
21.3129
21.9198
22.0286
22.0554
22.0693
22.0807
22.0913
22.1015
22.1115
22.1215
22.1311
22.1406
24.0027
21.4589
22.0381
22.1400
22.1645
22.1769
22.1869
22.1962
22.2053
22.2141
22.2228
22.2313
22.2398
24.0028
21.5863
22.1417
22.2379
22.2605
22.2718
22.2808
22.2893
22.2975
22.3056
22.3135
22.3214
22.3291
24.0029
21.7003
22.2350
22.3260
22.3468
22.3566
22.3668
22.3714
22.3765
22.3816
22.3867
22.3918
22.3968
22.4018
22.4067
22.4115
22.4162
22.4207
22.4223
22.4282
22.4327
22.4364
22.4397
22.4424
22.4447
22.4465
22.4479
22.4490
22.4497
22.4502
22.4504
22.4504
22.4502
22.4499
22.4495
22.4490
22.4484
22.4477
22.4470
22.4462
22.4453
22.4444
22.4434
22.4423
22.4411
22.4397
22.4382
22.4365
22.4346
22.4325
22.4303
22.4280
22.4255
22.4230
22.4204
22.4177
22.4150
22.4122
22.4095
22.4069
22.4042
22.4015
22.3989
22.3961
22.3935
22.3908
22.3882
22.3856
22.3830
22.3803
22.3775
22.3746
22.3716
22.3686
22.3655
22.3623
22.3592
22.3559
22.3527
22.3495
22.3464
22.3433
22.3404
22.3376
22.3349
22.3323
22.3297
22.3271
22.3246
22.3221
22.3196
22.3172
22.3149
22.3127
22.3106
22.3086
22.3067
22.3049
22.3032
22.3015
22.2999
22.2982
22.2966
22.2949
22.2933
22.2917
22.2901
22.2886
22.2871
22.2857
22.2843
22.2829
22.2816
22.2804
22.2792
22.2780
22.2769
22.2759
22.2751
22.2743
22.2736
22.2731
22.2726
22.2721
22.2717
22.2713
22.2709
22.2705
22.2702
22.2698
22.2695
22.2692
22.2688
22.2685
22.2682
22.2680
22.2678
22.2676
22.2702
22.2684
22.2678
22.2675
22.2673
22.2673
22.2673
22.2675
22.2677
22.2680
22.2684
22.2689
24.0006
21.6045
22.1475
22.2359
22.2516
22.2563
22.2591
22.2614
22.2638
22.2663
22.2689
22.2716
22.2743
24.0022
21.6186
22.1617
22.2513
22.2686
22.2748
22.2791
22.2829
22.2866
22.2903
22.2940
22.2978
22.3016
24.0025
21.6557
22.1938
22.2828
22.3006
22.3074
22.3123
22.3167
22.3210
22.3252
22.3295
22.3337
22.3379
24.0026
21.7042
22.2342
22.3218
22.3396
22.3468
22.3520
22.3567
22.3613
22.3658
22.3704
22.3749
22.3793
24.0026
21.7585
22.2793
22.3652
22.3829
22.3902
22.3955
22.4004
22.4052
22.4099
22.4146
22.4193
22.4239
24.0027
21.8175
22.3278
22.4116
22.4291
22.4364
22.4419
22.4470
22.4519
22.4568
22.4616
22.4663
22.4710
24.0029
21.8800
22.3789
22.4605
22.4777
22.4850
22.4906
22.4957
22.5008
22.5057
22.5105
22.5154
22.5202
24.0032
21.9448
22.4319
22.5112
22.5280
22.5354
22.5410
22.5461
22.5511
22.5560
22.5608
22.5657
22.5705
24.0034
22.0116
22.4857
22.5625
22.5787
22.5858
22.5912
22.5961
22.6008
22.6056
22.6103
22.6150
22.6196
24.0033
22.0762
22.5380
22.6122
22.6278
22.6346
22.6398
22.6445
22.6491
22.6536
22.6581
22.6626
22.6670
24.0033
22.1383
22.5882
22.6599
22.6748
22.6812
22.6861
22.6906
22.6949
22.6992
22.7034
22.7076
22.7115
24.0030
22.1933
22.6295
22.6959
22.7076
22.7112
22.7136
22.7158
22.7179
22.7201
22.7222
22.7242
22.7261
24.0025
22.2094
22.6426
22.7082
22.7192
22.7220
22.7233
22.7241
22.7247
22.7252
22.7255
22.7256
22.7256
24.0023
22.2044
22.6363
22.7001
22.7092
22.7102
22.7097
22.7088
22.7077
22.7065
22.7051
22.7036
22.7021
24.0020
22.1695
22.6064
22.6700
22.6780
22.6777
22.6760
22.6738
22.6716
22.6692
22.6667
22.6641
22.6615
24.0017
22.1130
22.5598
22.6244
22.6318
22.6307
22.6282
22.6254
22.6224
22.6194
22.6164
22.6134
22.6103
24.0015
22.0452
22.5043
22.5713
22.5791
22.5782
22.5758
22.5732
22.5705
22.5678
22.5651
22.5625
22.5598
24.0015
21.9798
22.4513
22.5211
22.5297
22.5293
22.5272
22.5248
22.5223
22.5198
22.5173
22.5148
22.5122
24.0013
21.9171
22.4003
22.4723
22.4813
22.4809
22.4789
22.4765
22.4741
22.4716
22.4692
22.4668
22.4645
24.0012
21.8548
22.3498
22.4244
22.4341
22.4341
22.4323
22.4302
22.4280
22.4258
22.4235
22.4213
22.4191
24.0011
21.7964
22.3019
22.3790
22.3897
22.3903
22.3893
22.3880
22.3867
22.3855
22.3844
22.3834
22.3825
24.0018
21.7517
22.2668
22.3471
22.3595
22.3616
22.3619
22.3619
22.3618
22.3619
22.3620
22.3623
22.3626
24.0022
21.7286
22.2494
22.3322
22.3462
22.3498
22.3516
22.3531
22.3546
22.3561
22.3578
22.3594
22.3612
24.0026
21.7299
22.2520
22.3362
22.3517
22.3567
22.3598
22.3626
22.3653
22.3680
22.3708
22.3736
22.3765
24.0029
21.7523
22.2718
22.3563
22.3726
22.3786
22.3826
22.3862
22.3897
22.3932
22.3967
22.4002
22.4038
24.0029
21.7888
22.3029
22.3867
22.4033
22.4097
22.4142
22.4183
22.4223
22.4262
22.4302
22.4341
22.4380
24.0029
21.8347
22.3408
22.4233
22.4399
22.4466
22.4514
22.4558
22.4601
22.4643
22.4685
22.4726
22.4767
24.0028
21.8860
22.3830
22.4638
22.4803
22.4870
22.4920
22.4966
22.5010
22.5054
22.5098
22.5141
22.5184
24.0029
21.9416
22.4283
22.5071
22.5232
22.5300
22.5350
22.5395
22.5439
22.5483
22.5526
22.5569
22.5612
24.0030
21.9984
22.4743
22.5510
22.5669
22.5736
22.5786
22.5832
22.5877
22.5921
22.5964
22.6007
22.6050
24.0032
22.0561
22.5212
22.5959
22.6114
22.6180
22.6230
22.6276
22.6320
22.6363
22.6407
22.6450
22.6493
24.0034
22.1147
22.5690
22.6415
22.6566
22.6631
22.6680
22.6724
22.6768
22.6812
22.6855
22.6898
22.6941
24.0035
22.1739
22.6171
22.6874
12.1954
12.8000
12.8002
12.8002
12.8002
12.7876
12.7928
12.7921
12.7988
22.8208
13.2622
12.8610
12.7869
12.7451
12.7998
12.7989
12.7982
12.7989
12.7990
12.7994
12.8004
12.7999
12.7999
12.8007
12.9964
12.7558
12.7818
12.7924
12.9165
12.8536
12.8294
12.8380
12.8213
12.8065
12.8101
12.8067
12.8116
12.8142
12.8048
12.8051
12.8039
12.8043
12.8059
12.8060
12.8057
12.8049
12.7939
12.7987
12.8118
12.8062
12.8208
12.8011
12.8041
12.8040
12.8037
12.7969
12.8064
12.8026
12.8015
12.7848
12.7923
12.7973
12.7987
12.8142
12.8109
12.8064
12.7917
12.7351
12.7958
12.8003
12.8012
12.8015
12.8010
12.7999
12.8011
12.8783
12.8079
12.8063
12.8141
12.8003
12.7815
12.8016
12.7930
12.7964
12.7826
12.7827
12.7694
12.7151
12.7989
12.7990
12.7993
12.8002
12.8263
12.7999
12.8691
12.8132
12.8215
12.8243
12.8074
12.8114
12.8055
12.8037
12.8031
12.8029
12.8028
12.8027
12.8026
12.8015
12.8084
12.7175
12.7975
12.7974
12.7987
12.7990
12.7997
12.8000
12.8002
12.8013
12.8358
12.8612
12.8105
12.8033
12.7827
12.8014
12.8023
12.7957
12.7854
12.8109
12.8098
12.8036
12.7991
12.7852
12.7990
12.8031
12.8210
12.8010
12.8097
12.8011
12.8058
12.7983
12.7975
12.7942
12.7931
12.7854
12.7935
12.7934
12.7916
12.7469
12.7127
12.8107
12.7703
12.8066
12.7546
12.8439
12.7606
12.7693
12.7895
12.7712
12.8172
12.8252
12.7945
12.7954
12.7977
12.7523
12.7972
12.7962
12.7966
12.7967
12.7971
12.7965
12.7962
12.8334
12.8441
12.8212
12.8048
12.7348
12.7984
12.7980
12.8272
12.7826
12.7518
12.7901
12.7970
12.7561
12.7992
12.7983
12.7988
12.8182
12.8001
12.8651
12.8021
12.8233
12.8023
12.8097
12.8007
12.8006
12.7693
12.7997
12.7995
12.7996
12.7997
12.7997
12.7997
12.8009
23.9453
24.5766
24.9381
13.3102
12.8275
12.7981
12.7973
12.7978
12.7950
12.7956
12.7975
12.8032
12.7982
12.8119
12.7843
23.9411
13.2855
12.7956
12.8038
12.7990
12.7977
12.8039
12.8153
