0.0567
0.0567
0.0567
0.0567
0.0567
0.0000
0.0567
0.0567
0.0567
0.0567
0.0567
0.0567
0.0567
0.0567
0.0567
0.0567
0.0567
0.0567
0.0000
0.0567
0.0567
0.0567
0.0567
0.0567
0.0567
0.0567
0.0567
0.0567
0.0567
0.0567
0.0567
0.0000
0.0567
0.0567
0.0567
0.0567
0.0567
0.0567
0.0567
0.0567
0.0567
0.0567
0.0567
0.0567
0.0000
0.0567
0.0567
0.0567
0.0567
0.0567
0.0567
0.0567
0.0567
0.0567
0.0567
0.0567
0.0567
0.0000
0.0567
0.0567
0.0567
0.0567
0.0567
0.0567
0.0567
0.0567
0.0567
0.0567
0.0567
0.0567
0.0000
0.0567
0.0567
0.0567
0.0567
0.0567
0.0567
0.0567
0.0567
0.0567
0.0567
0.0567
0.0567
0.0567
0.0567
0.0567
0.0567
0.0567
0.0567
0.0567
0.0567
0.0567
0.0567
0.0567
0.0567
0.0567
0.0567
0.0567
0.0567
0.0567
0.0567
0.0567
0.0567
0.0567
0.0567
0.0567
0.0567
0.0567
0.0567
0.0567
0.0567
0.0567
0.0567
0.0567
0.0567
0.0567
0.0567
0.0567
0.0567
0.0567
0.0567
0.0567
0.0567
0.0567
0.0567
0.0567
0.0567
0.1674
0.2826
0.2834
0.2834
0.2834
0.2834
0.2834
0.2834
0.2834
0.2834
0.2834
0.2491
0.2099
0.1593
0.0659
0.0604
0.0577
0.0567
0.0567
0.0567
0.0567
0.0567
0.0567
0.0567
0.0567
0.0567
0.0567
0.0567
0.0567
0.0567
0.0567
0.0567
0.0567
0.0567
0.0567
0.0567
0.0567
0.0567
0.0567
0.0567
0.0567
0.0567
0.1927
0.2834
0.2834
0.2834
0.2834
0.2834
0.2834
0.2834
0.2834
0.2834
0.2834
0.2834
0.2202
0.1618
0.0758
0.0698
0.0666
0.0643
0.0626
0.0612
0.0600
0.0590
0.0581
0.0572
0.0567
0.0567
0.0567
0.0567
0.0567
0.0567
0.0567
0.0567
0.0567
0.0567
0.0567
0.0567
0.0567
0.0567
0.0567
0.0567
0.0567
0.0567
0.0567
0.0567
0.0567
0.0567
0.0567
0.0567
0.0567
0.0567
0.0567
0.0567
0.0567
0.0567
0.1292
0.1566
0.1658
0.1677
0.1692
0.1703
0.1713
0.1721
0.1728
0.1737
0.1740
0.1621
0.0645
0.0597
0.0578
0.0567
0.0567
0.0567
0.0567
0.0567
0.0567
0.0567
0.0567
0.0567
0.0567
0.0567
0.0567
0.0567
0.0567
0.0567
0.0567
0.0567
0.0567
0.0567
0.0567
0.0567
0.0567
0.0567
0.0567
0.0567
0.0567
0.0567
0.0000
0.0000
0.0000
0.0837
0.0665
0.0676
0.0692
0.0707
0.0719
0.0730
0.0711
0.0691
0.0586
0.0567
0.0567
0.0000
0.0567
0.0567
0.0567
0.0567
0.0567
0.0567
0.0567
0.0567
0.0567
0.0567
0.0567
0.0567
0.0000
0.0567
0.0567
0.0567
0.0567
0.0567
0.0567
0.0567
0.0567
0.0567
0.0567
0.0567
0.0567
0.0000
0.0567
0.0567
0.0567
0.0567
0.0567
0.0567
0.0567
0.0567
0.0567
0.0567
0.0567
0.0567
0.0000
0.0567
0.0567
0.0567
0.0567
0.0567
0.0567
0.0567
0.0567
0.0567
0.0567
0.0567
0.0567
0.0000
0.0567
0.0567
0.0567
0.0567
0.0567
0.0567
0.0567
0.0567
0.0567
0.0567
0.0567
0.0567
0.0000
0.0567
0.0567
0.0567
0.2834
0.2834
0.2834
0.2834
0.2834
0.2834
0.2834
0.2834
0.2834
0.0000
0.2834
0.2834
0.2834
0.2834
0.2834
0.2834
0.2834
0.2834
0.2834
0.2834
0.2834
0.2834
0.2834
0.2834
0.0567
0.0567
0.0567
0.0567
0.0567
0.0567
0.0567
0.0567
0.0567
0.0567
0.0567
0.0567
0.0567
0.0567
0.0567
0.0567
0.0567
0.0567
0.0567
0.0567
0.0567
0.0567
0.0567
0.0567
0.0567
0.0567
0.0567
0.0567
0.0567
0.0567
0.0567
0.0567
0.0567
0.0567
0.0567
0.0567
0.0567
0.0567
0.0567
0.0567
0.0567
0.0567
0.1633
0.2834
0.2834
0.2834
0.2834
0.2834
0.2834
0.2834
0.2834
0.2834
0.2834
0.2264
0.1774
0.1480
0.0679
0.0627
0.0601
0.0582
0.0568
0.0567
0.0567
0.0567
0.0567
0.0567
0.0567
0.0567
0.0567
0.0567
0.0567
0.0567
0.1647
0.0567
0.0567
0.0567
0.0567
0.0567
0.0567
0.0567
0.0567
0.0567
0.0567
0.0567
0.0567
0.0567
0.0567
0.0567
0.0567
0.0567
0.0567
0.0662
0.0693
0.0716
0.0673
0.0567
0.0567
0.0567
0.0567
0.0567
0.0567
0.0567
0.0567
0.0567
0.0567
0.0567
0.0567
0.0567
0.0567
0.0567
0.0567
0.0567
0.0567
0.0567
0.0567
0.0567
0.0567
0.0567
0.0567
0.0567
0.2045
0.1188
0.0991
0.0937
0.0895
0.0878
0.0849
0.0834
0.0818
0.0801
0.0785
0.0775
0.0765
0.0754
0.0741
0.0738
0.0732
0.0721
0.1503
0.1794
0.1872
0.1886
0.1895
0.1902
0.1907
0.1910
0.1913
0.1873
0.1839
0.1692
0.1642
0.0800
0.0755
0.0731
0.0713
0.0697
0.0683
0.0669
0.0662
0.0650
0.0644
0.0636
0.0628
0.0621
0.0616
0.0612
0.0603
0.0597
0.0590
0.0587
0.0582
0.0577
0.0573
0.0568
0.0567
0.0567
0.0567
0.0567
0.0567
0.0567
0.0000
0.0000
0.0000
0.1024
0.0750
0.0749
0.0761
0.0771
0.0780
0.0787
0.0766
0.0716
0.0637
0.0639
0.0567
0.0000
0.0567
0.0567
0.0567
0.0567
0.0567
0.0567
0.0567
0.0567
0.0567
0.0567
0.0567
0.0567
0.0000
0.0567
0.0567
0.0567
0.0567
0.0567
0.0567
0.0567
0.0567
0.0567
0.0567
0.0567
0.0567
0.0000
0.0567
0.0567
0.0567
0.0567
0.0567
0.0567
0.0567
0.0567
0.0567
0.0567
0.0567
0.0567
0.0000
0.0567
0.0567
0.0567
0.0567
0.0567
0.0567
0.0567
0.0567
0.0567
0.0567
0.0567
0.0567
0.0000
0.0567
0.0567
0.0567
0.0567
0.0567
0.0567
0.0567
0.0567
0.0567
0.0567
0.0567
0.0567
0.0000
0.0567
0.0567
0.0567
0.0567
0.0567
0.0567
0.0567
0.0567
0.0567
0.0567
0.0567
0.0567
0.0000
0.0567
0.0567
0.0567
0.0567
0.0567
0.0567
0.0567
0.0567
0.0567
0.0567
0.0567
0.0567
0.0567
0.0567
0.0567
0.0567
0.0567
0.0567
0.0567
0.0567
0.0567
0.0567
0.0567
0.0567
0.0567
0.0567
0.0567
0.0567
0.0567
0.0567
0.0567
0.0567
0.0567
0.0567
0.0567
0.0567
0.0567
0.0567
0.0567
0.0567
0.0567
0.0567
0.0567
0.0567
0.0567
0.0567
0.0567
0.0567
0.0567
0.0567
0.0567
0.0567
0.0567
0.0567
0.0567
0.0567
0.2146
0.2834
0.2834
0.2834
0.2834
0.2834
0.2834
0.2834
0.2834
0.2834
0.2834
0.2619
0.2076
0.1606
0.0754
0.0698
0.0669
0.0648
0.0631
0.0618
0.0608
0.0594
0.0592
0.0585
0.0579
0.0575
0.0570
0.0569
0.0567
0.0567
0.0567
0.0567
0.0567
0.0567
0.0567
0.0567
0.0567
0.0567
0.0567
0.0567
0.0567
0.0567
0.2202
0.2834
0.2834
0.2834
0.2834
0.2834
0.2834
0.2834
0.2834
0.2834
0.2834
0.2755
0.2045
0.0868
0.0794
0.0758
0.0732
0.0712
0.0696
0.0683
0.0672
0.0663
0.0655
0.0648
0.0640
0.0635
0.0631
0.0627
0.0624
0.0620
0.0617
0.0614
0.0612
0.0610
0.0608
0.0607
0.0605
0.0604
0.0603
0.0600
0.0600
0.0601
0.0601
0.0601
0.0600
0.0600
0.0598
0.0600
0.0600
0.0596
0.0599
0.0602
0.0599
0.0597
0.1432
0.1679
0.1764
0.1782
0.1796
0.1807
0.1816
0.1824
0.1830
0.1794
0.1758
0.1622
0.1574
0.0738
0.0695
0.0674
0.0658
0.0647
0.0633
0.0626
0.0615
0.0609
0.0604
0.0598
0.0592
0.0587
0.0582
0.0582
0.0574
0.0569
0.0567
0.0567
0.0567
0.0567
0.0567
0.0567
0.0567
0.0567
0.0567
0.0567
0.0567
0.0567
0.0000
0.0000
0.0000
0.0968
0.0714
0.0714
0.0727
0.0739
0.0748
0.0755
0.0763
0.0769
0.0664
0.0611
0.0567
0.0000
0.0567
0.0567
0.0567
0.0567
0.0567
0.0567
0.0567
0.0567
0.0567
0.0567
0.0567
0.0567
0.0000
0.0567
0.0567
0.0567
0.0567
0.0567
0.0567
0.0567
0.0567
0.0567
0.0567
0.0567
0.0567
0.0000
0.0567
0.0567
0.0567
0.0567
0.0567
0.0567
0.0567
0.0567
0.0567
0.0567
0.0567
0.0567
0.0000
0.0567
0.0567
0.0567
0.0567
0.0567
0.0567
0.0567
0.0567
0.0567
0.0567
0.0567
0.0567
0.0000
0.0567
0.0567
0.0567
0.0567
0.0567
0.0567
0.0567
0.0567
0.0567
0.0567
0.0567
0.0567
0.0000
0.0567
0.0567
0.0567
0.0567
0.0567
0.0567
0.0567
0.0567
0.0567
0.0567
0.0567
0.0567
0.0000
0.0567
0.0567
0.0567
0.0567
0.0567
0.0567
0.0567
0.0567
0.0567
0.0567
0.0567
0.0567
0.0567
0.0567
0.0567
0.0567
0.0567
0.0567
0.0567
0.0567
0.0567
0.0567
0.0567
0.0567
0.0567
0.0567
0.0567
0.0567
0.0567
0.0567
0.0567
0.0567
0.0567
0.0567
0.0567
0.0567
0.0567
0.0567
0.0567
0.0567
0.0567
0.0567
0.0567
0.0567
0.0567
0.0567
0.0567
0.0567
0.0567
0.0567
0.0567
0.0567
0.0567
0.0567
0.0567
0.0567
0.1897
0.2834
0.2834
0.2834
0.2834
0.2834
0.2834
0.2834
0.2834
0.2834
0.2834
0.2834
0.2174
0.1676
0.0809
0.0748
0.0716
0.0694
0.0676
0.0662
0.0651
0.0637
0.0630
0.0627
0.0620
0.0618
0.0616
0.0608
0.0604
0.0602
0.0599
0.0597
0.0596
0.0594
0.0593
0.0591
0.0591
0.0590
0.0589
0.0588
0.0588
0.0587
0.2259
0.2834
0.2834
0.2834
0.2834
0.2834
0.2834
0.2834
0.2834
0.2834
0.2834
0.2834
0.2093
0.1739
0.0901
0.0835
0.0800
0.0774
0.0754
0.0738
0.0726
0.0714
0.0704
0.0695
0.0687
0.0681
0.0676
0.0669
0.0665
0.0662
0.0658
0.0655
0.0652
0.0649
0.0646
0.0645
0.0643
0.0641
0.0640
0.0638
0.0631
0.0637
0.0635
0.0634
0.0632
0.0635
0.0631
0.0631
0.0630
0.0631
0.0632
0.0630
0.0629
0.0626
0.1419
0.1711
0.1794
0.1813
0.1826
0.1837
0.1846
0.1853
0.1859
0.1865
0.1827
0.1700
0.1610
0.0767
0.0719
0.0700
0.0683
0.0669
0.0660
0.0649
0.0642
0.0632
0.0627
0.0621
0.0615
0.0613
0.0604
0.0599
0.0596
0.0590
0.0587
0.0582
0.0580
0.0575
0.0572
0.0567
0.0567
0.0567
0.0567
0.0567
0.0567
0.0567
0.0000
0.0000
0.0000
0.1107
0.0767
0.0758
0.0768
0.0777
0.0758
0.0765
0.0743
0.0666
0.0567
0.0567
0.0567
0.0000
0.0567
0.0567
0.0567
0.0567
0.0567
0.0567
0.0567
0.0567
0.0567
0.0567
0.0567
0.0567
0.0000
0.0567
0.0567
0.0567
0.0567
0.0567
0.0567
0.0567
0.0567
0.0567
0.0567
0.0567
0.0567
0.0000
0.0567
0.0567
0.0567
0.0567
0.0567
0.0567
0.0567
0.0567
0.0567
0.0567
0.0567
0.0567
0.0000
0.0567
0.0567
0.0567
0.0567
0.0567
0.0567
0.0567
0.0567
0.0567
0.0567
0.0567
0.0567
0.0000
0.0567
0.0567
0.0567
0.0567
0.0567
0.0567
0.0567
0.0567
0.0567
0.0567
0.0567
0.0567
0.0000
0.0567
0.0567
0.0567
0.0567
0.0567
0.0567
0.0567
0.0567
0.0567
0.0567
0.0567
0.0567
0.0000
0.0567
0.0567
0.0567
0.0567
0.0567
0.0567
0.0567
0.0567
0.0567
0.0567
0.0567
0.0567
0.0567
0.0567
0.0567
0.0567
0.0567
0.0567
0.0567
0.0567
0.0567
0.0567
0.0567
0.0567
0.0567
0.0567
0.0567
0.0567
0.0567
0.0567
0.0567
0.0567
0.0567
0.0567
0.0567
0.0567
0.0567
0.0567
0.0567
0.0567
0.0567
0.0567
0.0567
0.0567
0.0567
0.0567
0.0567
0.0567
0.0567
0.0567
0.0567
0.0567
0.0567
0.0567
0.0567
0.0567
0.0567
0.0567
0.0567
0.0567
0.0567
0.0567
0.0567
0.0567
0.0567
0.0567
0.0567
0.0567
0.0567
0.0567
0.0567
0.0567
0.0567
0.0567
0.0567
0.0567
0.0567
0.0567
0.0567
0.0567
0.0567
0.0567
0.0567
0.0567
0.0567
0.0567
0.0567
0.0567
0.0567
0.0567
0.0567
0.0567
0.0567
0.0567
0.0567
0.0567
0.0567
0.0567
0.0567
0.0567
0.0567
0.0567
0.0567
0.0567
0.0567
0.0567
0.0567
0.0567
0.0567
0.0567
0.0567
0.0567
0.0567
0.0567
0.0567
0.0567
0.0567
0.0567
0.0567
0.0567
0.0567
0.0567
0.0567
0.0567
0.0567
0.0567
0.0567
0.0567
0.0567
0.0567
0.0567
0.0567
0.0567
0.0567
0.0567
0.0567
0.0567
0.0567
0.0567
0.0567
0.0567
0.0567
0.0567
0.0567
0.0567
0.0567
0.0000
0.0567
0.0567
0.0567
0.0567
0.0567
0.0567
0.0567
0.0567
0.0567
0.0567
0.0567
0.0567
0.0000
0.0567
0.0567
0.0567
0.0567
0.0567
0.0567
0.0567
0.0567
0.0567
0.0567
0.0567
0.0567
0.0000
0.0567
0.0567
0.0567
0.0567
0.0567
0.0567
0.0567
0.0567
0.0567
0.0567
0.0567
0.0567
0.0000
0.0567
0.0567
0.0567
0.0567
0.0567
0.0567
0.0567
0.0567
0.0567
0.0567
0.0567
0.0567
0.0000
0.0567
0.0567
0.0567
0.0567
0.0567
0.0567
0.0567
0.0567
0.0567
0.0567
0.0567
0.0567
0.0000
0.0567
0.0567
0.0567
0.0567
0.0567
0.0567
0.0567
0.0567
0.0567
0.0567
0.0567
0.0567
0.0000
0.0567
0.0567
0.0567
0.0567
0.0567
0.0567
0.0567
0.0567
0.0567
0.0567
0.0567
0.0567
0.0000
0.0567
0.0567
0.0567
0.0567
0.0567
0.0567
0.0567
0.0567
0.0567
0.0567
0.0567
0.0567
0.0000
0.0567
0.0567
0.0567
0.0567
0.0567
0.0567
0.0567
0.0567
0.0567
0.0567
0.0567
0.0567
0.0000
0.0567
0.0567
0.0567
0.0567
0.0567
0.0567
0.0567
0.0567
0.0567
0.0567
0.0567
0.0567
0.0000
0.0567
0.0567
0.0567
0.0567
0.0567
0.0567
0.0567
0.0567
0.0567
0.0567
0.0567
0.0567
0.0000
0.0567
0.0567
0.0567
0.0567
0.0567
0.0567
0.0567
0.0567
0.0567
0.0567
0.0567
0.0567
0.0000
0.0567
0.0567
0.0567
0.0567
0.0567
0.0567
0.0567
0.0567
0.0567
0.0567
0.0567
0.0567
0.0000
0.0567
0.0567
0.0567
0.0567
0.0567
0.0567
0.0567
0.0567
0.0567
0.0567
0.0567
0.0567
0.0000
0.0567
0.0567
0.0567
0.0567
0.0567
0.0567
0.0567
0.0567
0.0567
0.0567
0.0567
0.0567
0.0000
0.0567
0.0567
0.0567
0.0567
0.0567
0.0567
0.0567
0.0567
0.0567
0.0567
0.0567
0.0567
0.0000
0.0567
0.0567
0.0567
0.0567
0.0567
0.0567
0.0567
0.0567
0.0567
0.0567
0.0567
0.0567
0.0000
0.0567
0.0567
0.0567
0.0567
0.0567
0.0567
0.0567
0.0567
0.0567
0.0567
0.0567
0.0567
0.0000
0.0567
0.0567
0.0567
0.0567
0.0567
0.0567
0.0567
0.0567
0.0567
0.0567
0.0567
0.0567
0.0000
0.0567
0.0567
0.0567
0.0567
0.0567
0.0567
0.0567
0.0567
0.0567
0.0567
0.0567
0.0567
0.0000
0.0567
0.0567
0.0567
0.0567
0.0567
0.0567
0.0567
0.0567
0.0567
0.0567
0.0567
0.0567
0.0000
0.0567
0.0567
0.0567
0.0567
0.0567
0.0567
0.0567
0.0567
0.0567
0.0567
0.0567
0.0567
0.0000
0.0567
0.0567
0.0567
0.0567
0.0567
0.0567
0.0567
0.0567
0.0567
0.0567
0.0567
0.0567
0.0000
0.0567
0.0567
0.0567
0.0567
0.0567
0.0567
0.0567
0.0567
0.0567
0.0567
0.0567
0.0567
0.0000
0.0567
0.0567
0.0567
0.0567
0.0567
0.0567
0.0567
0.0567
0.0567
0.0567
0.0567
0.0567
0.0000
0.0567
0.0567
0.0567
0.0567
0.0567
0.0567
0.0567
0.0567
0.0567
0.0567
0.0567
0.0567
0.0000
0.0567
0.0567
0.0567
0.0567
0.0567
0.0567
0.0567
0.0567
0.0567
0.0567
0.0567
0.0567
0.0000
0.0567
0.0567
0.0567
0.0567
0.0567
0.0567
0.0567
0.0567
0.0567
0.0567
0.0567
0.0567
0.0000
0.0567
0.0567
0.0567
0.0567
0.0567
0.0567
0.0567
0.0567
0.0567
0.0567
0.0567
0.0567
0.0000
0.0567
0.0567
0.0567
0.0567
0.0567
0.0567
0.0567
0.0567
0.0567
0.0567
0.0567
0.0567
0.0000
0.0567
0.0567
0.0567
0.0567
0.0567
0.0567
0.0567
0.0567
0.0567
0.0567
0.0567
0.0567
0.0000
0.0567
0.0567
0.0567
0.0567
0.0567
0.0567
0.0567
0.0567
0.0567
0.0567
0.0567
0.0567
0.0000
0.0567
0.0567
0.0567
0.0567
0.0567
0.0567
0.0567
0.0567
0.0567
0.0567
0.0567
0.0567
0.0000
0.0567
0.0567
0.0567
0.0567
0.0567
0.0567
0.0567
0.0567
0.0567
0.0567
0.0567
0.0567
0.0567
0.0567
0.0567
0.0567
0.0567
0.0567
0.0567
0.0567
0.0567
0.0567
0.0567
0.0567
0.0567
0.0567
0.0567
0.0567
0.0567
0.0567
0.0567
0.0567
0.0567
0.0567
0.0567
0.0567
0.0567
0.0567
0.0567
0.0567
0.0567
0.0567
0.0567
0.0567
0.0567
0.0567
0.0567
0.0567
0.0567
0.0567
0.0567
0.0567
0.0567
0.0567
0.0567
0.0567
0.2098
0.2834
0.2834
0.2834
0.2834
0.2834
0.2834
0.2834
0.2834
0.2834
0.2834
0.2834
0.2440
0.1891
0.0812
0.0747
0.0715
0.0693
0.0676
0.0663
0.0652
0.0643
0.0635
0.0630
0.0624
0.0620
0.0617
0.0613
0.0610
0.0608
0.0605
0.0605
0.0603
0.0602
0.0602
0.0601
0.0601
0.0601
0.0601
0.0601
0.0601
0.0601
0.2367
0.2834
0.2834
0.2834
0.2834
0.2834
0.2834
0.2834
0.2834
0.2834
0.2834
0.2834
0.2317
0.1767
0.0930
0.0863
0.0829
0.0804
0.0783
0.0768
0.0755
0.0745
0.0735
0.0726
0.0719
0.0713
0.0709
0.0703
0.0700
0.0695
0.0692
0.0690
0.0688
0.0686
0.0684
0.0682
0.0681
0.0679
0.0678
0.0677
0.0675
0.0679
0.0675
0.0676
0.0677
0.0675
0.0673
0.0674
0.0675
0.0675
0.0674
0.0674
0.0674
0.0673
0.1548
0.1813
0.1844
0.1863
0.1877
0.1888
0.1897
0.1904
0.1911
0.1830
0.1789
0.1742
0.1743
0.1611
0.0818
0.0773
0.0753
0.0734
0.0722
0.0711
0.0702
0.0692
0.0686
0.0679
0.0673
0.0667
0.0664
0.0656
0.0652
0.0647
0.0660
0.0629
0.0636
0.0629
0.0627
0.0623
0.0620
0.0616
0.0612
0.0609
0.0606
0.0602
0.0000
0.0000
0.0000
0.1153
0.0795
0.0781
0.0790
0.0799
0.0807
0.0814
0.0821
0.0770
0.0719
0.0639
0.0567
0.0000
0.0567
0.0567
0.0567
0.0567
0.0567
0.0567
0.0567
0.0567
0.2834
0.2834
0.2834
0.2834
0.0000
0.2834
0.2834
0.2834
0.2834
0.2834
0.2834
0.2834
0.2834
0.2834
0.2834
0.2834
0.2834
0.0000
0.2834
0.2834
0.2834
0.2834
0.2834
0.2834
0.2834
0.2834
0.2834
0.2834
0.2834
0.2834
0.0000
0.2834
0.2834
0.2834
0.2834
0.2834
0.2834
0.2834
0.2834
0.2834
0.2834
0.2834
0.2834
0.0000
0.2834
0.2834
0.2834
0.2834
0.2834
0.2834
0.2834
0.2834
0.2834
0.2834
0.2834
0.2834
0.0000
0.2834
0.2834
0.2834
0.2834
0.2834
0.2834
0.2834
0.2834
0.2834
0.2834
0.2834
0.2834
0.0000
0.2834
0.2834
0.2834
0.2834
0.2834
0.2834
0.2834
0.2834
0.2834
0.2834
0.2834
0.2834
0.2834
0.2834
0.2834
0.2119
0.1186
0.0937
0.0837
0.0766
0.0710
0.0662
0.0621
0.0584
0.0567
0.0567
0.0567
0.0567
0.0567
0.0567
0.0567
0.0567
0.0567
0.0567
0.0567
0.0567
0.0567
0.0567
0.0567
0.0567
0.0567
0.0567
0.0567
0.0567
0.0567
0.0567
0.0567
0.0567
0.0567
0.0567
0.0567
0.0567
0.0567
0.0567
0.0567
0.0567
0.0567
0.0567
0.0567
0.0567
0.0567
0.0567
0.0567
0.0567
0.0611
0.0639
0.0567
0.0567
0.0567
0.0567
0.0567
0.0567
0.0567
0.0567
0.0567
0.0567
0.0567
0.0567
0.0567
0.0567
0.0567
0.0567
0.0567
0.0567
0.0567
0.0567
0.0567
0.0567
0.0567
0.0567
0.0567
0.0567
0.0567
0.0567
0.0567
0.0567
0.0567
0.0567
0.0567
0.0567
0.0567
0.0676
0.0771
0.0807
0.0833
0.0870
0.0888
0.0904
0.0809
0.0662
0.0567
0.0567
0.0567
0.0567
0.0567
0.0567
0.0567
0.0567
0.0567
0.0567
0.0567
0.0567
0.0567
0.0567
0.0567
0.0567
0.0567
0.0567
0.0567
0.0567
0.0567
0.0567
0.0567
0.0567
0.0567
0.0567
0.0567
0.0567
0.0567
0.0567
0.0567
0.0567
0.0567
0.0567
0.0567
0.0567
0.0567
0.0567
0.0567
0.0567
0.0567
0.0567
0.0567
0.0567
0.0567
0.0567
0.0567
0.0567
0.0567
0.0567
0.0567
0.0567
0.0567
0.0567
0.0567
0.0567
0.0567
0.0567
0.0567
0.0567
0.0567
0.0567
0.0567
0.0567
0.0567
0.0567
0.0567
0.0567
0.0567
0.0567
0.0567
0.0567
0.0567
0.0567
0.0567
0.0567
0.0567
0.0567
0.0567
0.0567
0.0567
0.0567
0.0567
0.0567
0.2834
0.2834
0.2834
0.2834
0.2834
0.2834
0.2834
0.2834
0.2834
0.2834
0.2834
0.2834
0.0000
0.2834
0.2834
0.2834
0.2834
0.2834
0.2834
0.2834
0.2834
0.2834
0.2834
0.2834
0.2834
0.0000
0.2834
0.2834
0.2834
0.2834
0.2834
0.2834
0.2834
0.2834
0.2834
0.2834
0.2834
0.2834
0.0000
0.2834
0.2834
0.2834
0.2834
0.2834
0.2834
0.2834
0.2834
0.2834
0.2834
0.2834
0.2834
0.0000
0.2834
0.2834
0.2834
0.2834
0.2834
0.2834
0.2834
0.2834
0.2834
0.2834
0.2834
0.2834
0.0000
0.2834
0.2834
0.2834
0.2834
0.2834
0.2834
0.2834
0.2834
0.2834
0.2834
0.2834
0.2834
0.0000
0.2834
0.2834
0.2834
0.2834
0.2834
0.2834
0.2834
0.2834
0.2834
0.2834
0.2834
0.2834
0.0000
0.2834
0.2834
0.2834
0.2834
0.2834
0.2834
0.2834
0.2834
0.2834
0.2834
0.2834
0.2834
0.2834
0.2834
0.2834
0.2834
0.2834
0.2834
0.1790
0.0894
0.0690
0.0607
0.0567
0.0567
0.0567
0.0567
0.0567
0.0567
0.0567
0.0567
0.0567
0.0567
0.0567
0.0567
0.0567
0.0567
0.0567
0.0567
0.0567
0.0567
0.0567
0.0567
0.0567
0.0567
0.0567
0.0567
0.0567
0.0567
0.0567
0.0567
0.0567
0.0567
0.0567
0.0567
0.0567
0.0567
0.0567
0.0567
0.0567
0.0567
0.0567
0.0567
0.0567
0.0567
0.0631
0.0680
0.0710
0.0734
0.0723
0.0645
0.0567
0.0567
0.0567
0.0567
0.0567
0.0567
0.0567
0.0567
0.0567
0.0567
0.0567
0.0567
0.0567
0.0567
0.0567
0.0567
0.0567
0.0567
0.0567
0.0567
0.0567
0.0567
0.0567
0.0567
0.0567
0.0567
0.0567
0.0567
0.0567
0.0567
0.0567
0.0567
0.0567
0.0582
0.0837
0.0884
0.0928
0.0950
0.1000
0.1016
0.1029
0.0995
0.0787
0.0573
0.0567
0.0567
0.0567
0.0567
0.0567
0.0567
0.0567
0.0567
0.0567
0.0567
0.0567
0.0567
0.0567
0.0567
0.0567
0.0567
0.0567
0.0567
0.0567
0.0567
0.0567
0.0567
0.0567
0.0567
0.0567
0.0567
0.0567
0.0567
0.0567
0.0567
0.0567
0.0567
0.0567
0.0567
0.0567
0.0567
0.0567
0.0567
0.0567
0.0567
0.0567
0.0567
0.0567
0.0567
0.0567
0.0567
0.0567
0.0567
0.0567
0.0567
0.0567
0.0567
0.0567
0.0567
0.0567
0.0567
0.0567
0.0567
0.0567
0.0567
0.0567
0.0567
0.0567
0.0567
0.0567
0.0567
0.0567
0.0567
0.0567
0.0567
0.0567
0.0567
0.0567
0.0567
0.0567
0.0567
0.0567
0.0567
0.0567
0.0567
0.0567
0.0567
0.0567
0.2834
0.2834
0.2834
0.2834
0.2834
0.2834
0.2834
0.2834
0.2834
0.2834
0.2834
0.2834
0.0000
0.2834
0.2834
0.2834
0.2834
0.2834
0.2834
0.2834
0.2834
0.2834
0.2834
0.2834
0.0567
0.0000
0.0567
0.0567
0.0567
0.0567
0.0567
0.0567
0.0567
0.0567
0.0567
0.0567
0.0567
0.0567
0.0000
0.0567
0.0567
0.0567
0.0567
0.0567
0.0567
0.0567
0.0567
0.0567
0.0567
0.0567
0.0567
0.0000
0.0567
0.0567
0.0567
0.0567
0.0567
0.0567
0.0567
0.0567
0.0567
0.0567
0.0567
0.0567
0.0000
0.0567
0.0567
0.0567
0.0567
0.0567
0.0567
0.0567
0.0567
0.0567
0.0567
0.0567
0.0567
0.0000
0.0567
0.0567
0.0567
0.0567
0.0567
0.0567
0.0567
0.0567
0.0567
0.0567
0.0567
0.0567
0.0000
0.0567
0.0567
0.0567
0.0567
0.0567
0.0567
0.0567
0.0567
0.0567
0.0567
0.0567
0.0567
0.0567
0.0567
0.0567
0.0567
0.0567
0.1316
0.0927
0.0882
0.0864
0.0859
0.0842
0.0829
0.0819
0.0812
0.0804
0.0797
0.0791
0.0786
0.0781
0.0776
0.0772
0.0768
0.0765
0.0763
0.0760
0.0758
0.0756
0.0754
0.0752
0.0752
0.0751
0.0751
0.0749
0.0748
0.0747
0.0746
0.0745
0.0744
0.0742
0.0741
0.0739
0.0739
0.0738
0.0736
0.0736
0.0735
0.0734
0.2237
0.2834
0.2834
0.2834
0.2834
0.2834
0.2834
0.2834
0.2834
0.2834
0.2834
0.2834
0.2521
0.1988
0.1056
0.0984
0.0947
0.0920
0.0898
0.0879
0.0865
0.0847
0.0842
0.0832
0.0824
0.0817
0.0811
0.0806
0.0802
0.0795
0.0790
0.0787
0.0784
0.0781
0.0778
0.0775
0.0773
0.0770
0.0768
0.0766
0.0764
0.0762
0.2222
0.2834
0.2834
0.2834
0.2834
0.2834
0.2834
0.2834
0.2834
0.2834
0.2834
0.2834
0.2575
0.1980
0.1085
0.1011
0.0972
0.0943
0.0920
0.0902
0.0888
0.0874
0.0861
0.0850
0.0841
0.0835
0.0828
0.0820
0.0814
0.0809
0.0804
0.0800
0.0796
0.0792
0.0789
0.0786
0.0783
0.0781
0.0779
0.0776
0.0769
0.0775
0.0770
0.0769
0.0770
0.0767
0.0764
0.0765
0.0763
0.0760
0.0764
0.0760
0.0759
0.0756
0.1592
0.1848
0.1928
0.1946
0.1960
0.1970
0.1978
0.1985
0.1991
0.1996
0.1961
0.1833
0.1732
0.0888
0.0844
0.0821
0.0806
0.0787
0.0777
0.0767
0.0755
0.0749
0.0742
0.0735
0.0728
0.0723
0.0716
0.0713
0.0706
0.0700
0.0695
0.1482
0.1515
0.1537
0.1549
0.1558
0.1564
0.1569
0.1574
0.1577
0.1579
0.1581
0.0000
0.0000
0.0873
0.0801
0.0809
0.0819
0.0827
0.0834
0.0839
0.0844
0.0793
0.0795
0.0716
0.0567
0.0000
0.0567
0.0567
0.0567
0.0567
0.0567
0.0567
0.0567
0.0567
0.0567
0.0567
0.0567
0.0567
0.0000
0.0567
0.0567
0.0567
0.0567
0.0567
0.0567
0.0567
0.0567
0.0567
0.0567
0.0567
0.0567
0.0000
0.0567
0.0567
0.0567
0.0567
0.0567
0.0567
0.0567
0.0567
0.0567
0.0567
0.0567
0.0567
0.0000
0.0567
0.0567
0.0567
0.0567
0.0567
0.0567
0.0567
0.0567
0.0567
0.0567
0.0567
0.0567
0.0000
0.0567
0.0567
0.0567
0.0567
0.0567
0.0567
0.0567
0.0567
0.0567
0.0567
0.0567
0.0567
0.0000
0.0567
0.0567
0.0567
0.0567
0.0567
0.0567
0.0567
0.0567
0.0567
0.0567
0.0567
0.0567
0.0000
0.0567
0.0567
0.0567
0.0567
0.0567
0.0567
0.0567
0.0567
0.0567
0.0567
0.0567
0.0567
0.0567
0.0567
0.0567
0.0622
0.0572
0.0571
0.0568
0.0571
0.0567
0.0567
0.0567
0.0567
0.0567
0.0567
0.0567
0.0567
0.0567
0.0567
0.0567
0.0567
0.0567
0.0567
0.0567
0.0567
0.0567
0.0567
0.0567
0.0567
0.0567
0.0567
0.0567
0.0567
0.0567
0.0567
0.0567
0.0567
0.0567
0.0567
0.0567
0.0567
0.0567
0.0567
0.0567
0.0567
0.0567
0.2303
0.2834
0.2834
0.2834
0.2834
0.2834
0.2834
0.2834
0.2834
0.2834
0.2834
0.2671
0.2028
0.0881
0.0809
0.0774
0.0750
0.0731
0.0715
0.0700
0.0692
0.0679
0.0676
0.0669
0.0664
0.0659
0.0655
0.0655
0.0650
0.0645
0.0643
0.0642
0.0639
0.0638
0.0637
0.0636
0.0635
0.0634
0.0633
0.0633
0.0632
0.0632
0.2132
0.2834
0.2834
0.2834
0.2834
0.2834
0.2834
0.2834
0.2834
0.2834
0.2834
0.2834
0.2149
0.1795
0.0929
0.0866
0.0833
0.0810
0.0791
0.0774
0.0763
0.0753
0.0743
0.0734
0.0726
0.0721
0.0716
0.0711
0.0706
0.0704
0.0699
0.0696
0.0693
0.0691
0.0689
0.0687
0.0685
0.0684
0.0681
0.0680
0.0677
0.0682
0.0679
0.0677
0.0678
0.0678
0.0675
0.0676
0.2834
0.2834
0.2834
0.2834
0.2834
0.2834
0.2834
0.2834
0.2834
0.2834
0.2834
0.2834
0.2834
0.2834
0.2834
0.2834
0.2834
0.2834
0.2834
0.2834
0.2834
0.2834
0.2834
0.2834
0.2834
0.2834
0.2834
0.2834
0.2834
0.2834
0.2834
0.2834
0.2834
0.2834
0.2834
0.2834
0.2834
0.2834
0.2834
0.2834
0.2834
0.2834
0.2834
0.2834
0.2834
0.2834
0.2834
0.2834
0.2834
0.2834
0.2834
0.2834
0.2834
0.2834
0.2834
0.2834
0.2834
0.2834
0.2834
0.2834
0.0000
0.2834
0.2834
0.2834
0.2834
0.2834
0.2834
0.2834
0.2834
0.2834
0.2834
0.2834
0.2834
0.0000
0.2834
0.2834
0.2834
0.2834
0.2834
0.2834
0.2834
0.2834
0.2834
0.2834
0.2834
0.2834
0.0000
0.2834
0.2834
0.2834
0.2834
0.2834
0.2834
0.2834
0.2834
0.2834
0.2834
0.2834
0.2834
0.0000
0.2834
0.2834
0.2834
0.2834
0.2834
0.2834
0.2834
0.2834
0.2834
0.2834
0.2834
0.2834
0.0000
0.2834
0.2834
0.2834
0.2834
0.2834
0.2834
0.2834
0.2834
0.2834
0.2834
0.2834
0.2834
0.0000
0.2834
0.2834
0.2834
0.2834
0.2834
0.2834
0.2834
0.2834
0.2834
0.2834
0.2834
0.2834
0.0000
0.2834
0.2834
0.2834
0.2834
0.2834
0.2834
0.2834
0.2834
0.2834
0.2834
0.2834
0.2834
0.2834
0.2834
0.2834
0.2834
0.2834
0.2834
0.2834
0.2834
0.2834
0.2834
0.2834
0.2834
0.2834
0.2834
0.2834
0.2834
0.2834
0.2834
0.2834
0.2834
0.2834
0.2834
0.2834
0.2834
0.2834
0.2834
0.2834
0.2834
0.2834
0.2834
0.2834
0.2834
0.2834
0.2834
0.2834
0.2834
0.2834
0.2834
0.2834
0.2834
0.2834
0.2834
0.2834
0.2834
0.2834
0.2834
0.2834
0.2834
0.2834
0.2834
0.2834
0.2834
0.2834
0.2834
0.2834
0.2834
0.2834
0.2834
0.2834
0.2834
0.2834
0.2834
0.2834
0.2834
0.2834
0.2834
0.2834
0.2834
0.2834
0.2834
0.2834
0.2834
0.2834
0.2834
0.2834
0.2834
0.2834
0.2834
0.2834
0.2834
0.2834
0.2834
0.2834
0.2834
0.2834
0.2834
0.2834
0.2834
0.2834
0.2834
0.2834
0.2834
0.2834
0.2834
0.2834
0.2834
0.2834
0.2834
0.2834
0.2834
0.2834
0.2834
0.2834
0.2834
0.2834
0.2834
0.2834
0.2834
0.2834
0.2834
0.2834
0.2834
0.2834
0.2834
0.2834
0.2834
0.2834
0.2834
0.2834
0.2834
0.2834
0.2834
0.2834
0.2834
0.2834
0.2834
0.2834
0.2834
0.2834
0.2834
0.2834
0.2834
0.2834
0.2834
0.2834
0.2834
0.2834
0.0000
0.2834
0.2834
0.2834
0.2834
0.2834
0.2834
0.2834
0.2834
0.2834
0.2834
0.2834
0.2834
0.0000
0.2834
0.2834
0.2834
0.2834
0.2834
0.2834
0.2834
0.2834
0.2834
0.2834
0.2834
0.2834
0.0000
0.2834
0.2834
0.2834
0.2834
0.2834
0.2834
0.2834
0.2834
0.2834
0.2834
0.2834
0.2834
0.0000
0.2834
0.2834
0.2834
0.2834
0.2834
0.2834
0.2834
0.2834
0.2834
0.2834
0.2834
0.2834
0.0000
0.2834
0.2834
0.2834
0.2834
0.2834
0.2834
0.2834
0.2834
0.2834
0.2834
0.2834
0.2834
0.0000
0.2834
0.2834
0.2834
0.2834
0.2834
0.2834
0.2834
0.2834
0.2834
0.2834
0.2834
0.2834
0.0000
0.2834
0.2834
0.2834
0.2834
0.2834
0.2834
0.2834
0.2834
0.2834
0.2834
0.2834
0.2834
0.0000
0.2834
0.2834
0.2834
0.2834
0.2834
0.2834
0.2834
0.2834
0.2834
0.2834
0.2834
0.2834
0.0000
0.2834
0.2834
0.2834
0.2834
0.2834
0.2834
0.2834
0.2834
0.2834
0.2834
0.2834
0.2834
0.0000
0.2834
0.2834
0.2834
0.2834
0.2834
0.2834
0.2834
0.2834
0.2834
0.2834
0.2834
0.2834
0.0000
0.2834
0.2834
0.2834
0.2834
0.2834
0.2834
0.2834
0.2834
0.2834
0.2834
0.2834
0.2834
0.0000
0.2834
0.2834
0.2834
0.2834
0.2834
0.2834
0.2834
0.2834
0.2834
0.2834
0.2834
0.2834
0.0000
0.2834
0.2834
0.2834
0.2834
0.2834
0.2834
0.2834
0.2834
0.2834
0.2834
0.2834
0.2834
0.0000
0.2834
0.2834
0.2834
0.2834
0.2834
0.2834
0.2834
0.2834
0.2834
0.2834
0.2834
0.2834
0.0000
0.2834
0.2834
0.2834
0.2834
0.2834
0.2834
0.2834
0.2834
0.2834
0.2834
0.2834
0.2834
0.0000
0.2834
0.2834
0.2834
0.2834
0.2834
0.2834
0.2834
0.2834
0.2834
0.2834
0.2834
0.2834
0.0000
0.2834
0.2834
0.2834
0.2834
0.2834
0.2834
0.2834
0.2834
0.2834
0.2834
0.2834
0.2834
0.0000
0.2834
0.2834
0.2834
0.2834
0.2834
0.2834
0.2834
0.2834
0.2834
0.2834
0.2834
0.2834
0.0000
0.2834
0.2834
0.2834
0.2834
0.2834
0.2834
0.2834
0.2834
0.2834
0.2834
0.2834
0.2834
0.0000
0.2834
0.2834
0.2834
0.2834
0.2834
0.2834
0.2834
0.2834
0.2834
0.2834
0.2834
0.2834
0.0000
0.2834
0.2834
0.2834
0.2834
0.2834
0.2834
0.2834
0.2834
0.2834
0.2834
0.2834
0.2834
0.0000
0.2834
0.2834
0.2834
0.2834
0.2834
0.2834
0.2834
0.2834
0.2834
0.2834
0.2834
0.2834
0.0000
0.2834
0.2834
0.2834
0.2834
0.2834
0.2834
0.2834
0.2834
0.2834
0.2834
0.2834
0.2834
0.0000
0.2834
0.2834
0.2834
0.2834
0.2834
0.2834
0.2834
0.2834
0.2834
0.2834
0.2834
0.2834
0.0000
0.2834
0.2834
0.2834
0.2834
0.2834
0.2834
0.2834
0.2834
0.2834
0.2834
0.2834
0.2834
0.0000
0.2834
0.2834
0.2834
0.2834
0.2834
0.2834
0.2834
0.2834
0.2834
0.2834
0.2834
0.2834
0.0000
0.2834
0.2834
0.2834
0.2834
0.2834
0.2834
0.2834
0.2834
0.2834
0.2834
0.2834
0.2834
0.0000
0.2834
0.2834
0.2834
0.2834
0.2834
0.2834
0.2834
0.2834
0.2834
0.2834
0.2834
0.2834
0.0000
0.2834
0.2834
0.2834
0.2834
0.2834
0.2834
0.2834
0.2834
0.2834
0.2834
0.2834
0.2834
0.0000
0.2834
0.2834
0.2834
0.2834
0.2834
0.2834
0.2834
0.2834
0.2834
0.2834
0.2834
0.2834
0.0000
0.2834
0.2834
0.2834
0.2834
0.2834
0.2834
0.2834
0.2834
0.2834
0.2834
0.2834
0.2834
0.0000
0.2834
0.2834
0.2834
0.2834
0.2834
0.2834
0.2834
0.2834
0.2834
0.2834
0.2834
0.2834
0.0000
0.2834
0.2834
0.2834
0.0567
0.0567
0.0567
0.0567
0.0567
0.0567
0.0567
0.0567
0.0567
0.0000
0.0567
0.0567
0.0567
0.0567
0.0567
0.0567
0.0567
0.0567
0.0567
0.0567
0.0567
0.0567
0.0567
0.0567
0.0567
0.0567
0.0567
0.0567
0.0567
0.0567
0.0567
0.0567
0.0567
0.0567
0.0567
0.0567
0.0567
0.0567
0.0567
0.0567
0.0567
0.0567
0.0567
0.0567
0.0567
0.0567
0.0567
0.0567
0.0567
0.0567
0.0567
0.0567
0.0567
0.0567
0.0567
0.0567
0.0567
0.0567
0.0567
0.0567
0.0567
0.0567
0.0567
0.0567
0.0567
0.0567
0.1505
0.2797
0.2834
0.2834
0.2834
0.2834
0.2834
0.2834
0.2834
0.2834
0.2834
0.2497
0.1694
0.1483
0.0643
0.0591
0.0567
0.0567
0.0567
0.0567
0.0567
0.0567
0.0567
0.0567
0.0567
0.0567
0.0567
0.0567
0.0567
0.0567
0.0567
0.0567
0.0567
0.0567
0.0567
0.0567
0.0567
0.0567
0.0567
0.0567
0.0567
0.0567
0.2177
0.2834
0.2834
0.2834
0.2834
0.2834
0.2834
0.2834
0.2834
0.2834
0.2834
0.2756
0.2085
0.1680
0.0781
0.0721
0.0691
0.0668
0.0650
0.0638
0.0627
0.0617
0.0608
0.0601
0.0595
0.0590
0.0587
0.0582
0.0579
0.0576
0.0573
0.0571
0.0569
0.0568
0.0567
0.0567
0.0567
0.0567
0.0567
0.0567
0.0567
0.0567
0.0567
0.0567
0.0567
0.0567
0.0567
0.0567
0.0567
0.0567
0.0567
0.0567
0.0567
0.0567
0.1472
0.1652
0.1729
0.1747
0.1761
0.1772
0.1782
0.1790
0.1797
0.1764
0.1680
0.1634
0.1543
0.0706
0.0666
0.0645
0.0631
0.0617
0.0605
0.0598
0.0591
0.0582
0.0578
0.0573
0.0567
0.0567
0.0567
0.0567
0.0567
0.0567
0.0567
0.0567
0.0567
0.0567
0.0567
0.0567
0.0567
0.0567
0.0567
0.0567
0.0567
0.0567
0.0000
0.0000
0.0000
0.0946
0.0702
0.0705
0.0718
0.0730
0.0741
0.0749
0.0756
0.0652
0.0567
0.0567
0.0567
0.0000
0.0567
0.0567
0.0567
0.0567
0.0567
0.0567
0.0567
