26.2684
25.5543
25.0063
24.6325
24.3811
24.6176
24.3431
24.1494
24.0153
23.9180
23.8434
23.7831
23.7323
23.6906
23.6553
23.6245
23.5973
23.5728
23.9309
23.7703
23.6608
23.5899
23.5419
23.5071
23.4802
23.4582
23.4392
23.4222
23.4066
23.3921
23.3785
23.7399
23.5912
23.4901
23.4264
23.3844
23.3548
23.3326
23.3149
23.3000
23.2870
23.2752
23.2642
23.2539
23.6145
23.4712
23.3738
23.3132
23.2739
23.2467
23.2264
23.2104
23.1968
23.1849
23.1740
23.1638
23.1541
23.5121
23.3712
23.2747
23.2146
23.1741
23.1467
23.1284
23.1136
23.1012
23.0903
23.0804
23.0711
23.0623
23.4179
23.4239
23.5033
23.5989
23.6878
23.7821
23.8677
23.9425
24.0088
24.0656
24.1143
24.1569
24.1957
24.2307
24.2623
24.0109
24.0019
24.0016
24.0016
24.0014
24.0014
24.0029
24.0029
24.0027
24.0026
24.0026
24.0025
24.0026
24.0027
24.0029
24.0030
24.0031
24.0032
24.0033
24.0033
24.0034
24.0034
24.0033
24.0033
24.0032
24.0030
24.0030
24.0031
24.0031
24.0031
24.0032
24.0030
24.0030
24.0031
24.0031
24.0031
24.0030
24.0029
24.0029
24.0029
24.0029
24.0029
24.0030
24.0028
24.0026
24.0024
24.0023
24.0022
24.0021
24.0021
24.0020
24.0020
24.0020
24.0021
24.0023
24.0024
24.0025
24.0025
24.0025
24.0024
24.0023
24.0021
24.0019
24.0017
24.0015
24.0014
24.0013
24.0012
24.0012
24.0013
24.0013
24.0014
24.0015
24.0163
24.0418
24.0602
24.0732
24.0994
24.1148
24.1244
24.1310
24.1357
24.1393
24.1417
24.0992
24.0117
24.0034
24.0025
24.0023
24.0022
24.0022
24.0021
24.0021
24.0021
24.0022
24.0023
24.0025
24.0024
24.0024
24.0251
24.0512
24.0620
24.0529
24.0074
24.0031
24.0114
24.0142
24.0038
24.0028
24.0027
24.0237
24.0223
24.0336
24.0310
24.0360
24.0256
24.0077
24.0036
24.0032
24.0031
24.0030
24.0027
24.0024
24.0021
24.0018
24.0017
24.0008
24.0014
24.0014
24.0013
24.0012
24.0012
24.0011
24.0011
24.0006
24.0005
24.0010
24.0011
24.0011
24.0005
24.0005
24.0005
24.0005
24.0005
24.0005
24.0005
24.0005
24.0004
24.0004
24.0009
24.0010
24.0010
24.0009
24.0009
24.0005
24.0004
24.0004
24.0005
24.0005
24.0005
23.9920
23.9781
23.9604
23.9407
23.9978
24.0008
24.0009
24.0008
24.0008
24.0008
24.0009
24.0009
24.0009
24.0010
24.0010
24.0011
24.0011
24.0011
24.0011
24.0011
25.1119
25.1344
25.1423
24.6998
24.3968
24.2007
24.0705
23.9810
23.9167
23.8682
23.8302
23.7992
24.4778
24.9240
25.2547
25.9901
26.0600
26.1099
26.1546
26.1953
26.2345
26.2690
26.2995
26.3124
25.6031
25.0634
24.6837
24.4290
24.6689
24.3982
24.2062
24.0750
23.9815
23.9114
23.8564
23.8112
23.7740
23.7427
23.7155
23.6916
23.6702
24.0371
23.8816
23.7737
23.7045
23.6582
23.6252
23.6005
23.5810
23.5651
23.5517
23.5400
23.5296
23.5202
23.8938
23.7511
23.6532
23.5926
23.5539
23.5281
23.5100
23.4966
23.4862
23.4776
23.4704
23.4640
23.4584
23.8345
23.6966
23.6020
23.5441
23.5078
23.4833
23.4656
23.4521
23.4411
23.4318
23.4235
23.4160
23.4091
23.7828
23.6442
23.5482
23.4886
23.4522
23.4265
23.4127
23.4038
23.3978
23.3936
23.3910
23.3889
23.3877
23.7673
23.7858
23.8673
23.9487
24.0107
24.0666
24.1058
24.1298
24.1459
24.1530
24.1536
24.1508
24.1468
24.1423
24.1379
24.0061
24.0023
24.0021
24.0021
24.0019
24.0048
24.0048
24.0047
24.0045
24.0044
24.0042
24.0040
24.0042
24.0042
24.0042
24.0041
24.0041
24.0041
24.0040
24.0040
24.0040
24.0039
24.0038
24.0037
24.0036
24.0035
24.0035
24.0036
24.0036
24.0036
24.0036
24.0034
24.0034
24.0034
24.0035
24.0034
24.0032
24.0031
24.0030
24.0031
24.0031
24.0031
24.0032
24.0029
24.0026
24.0025
24.0024
24.0023
24.0022
24.0022
24.0022
24.0023
24.0023
24.0025
24.0026
24.0027
24.0028
24.0028
24.0028
24.0028
24.0027
24.0025
24.0022
24.0020
24.0018
24.0017
24.0016
24.0016
24.0016
24.0017
24.0018
24.0019
24.0018
24.0019
24.0125
24.0528
24.0932
24.1167
24.1317
24.1370
24.1404
24.1434
24.1459
24.1459
24.0574
24.0079
24.0032
24.0027
24.0026
24.0026
24.0025
24.0025
24.0025
24.0025
24.0027
24.0029
24.0212
24.0046
24.0031
24.0507
24.0885
24.0521
24.0516
24.0613
24.0700
24.0881
24.0958
24.0815
24.0420
24.0098
24.0482
24.0482
24.0585
24.0777
24.0920
24.0933
24.0885
24.0659
24.0490
24.0337
24.0216
24.0048
24.0031
24.0027
24.0024
24.0021
24.0011
24.0017
24.0018
24.0017
24.0016
24.0015
24.0015
24.0014
24.0007
24.0006
24.0013
24.0013
24.0014
24.0006
24.0006
24.0005
24.0005
24.0005
24.0005
24.0005
24.0005
24.0005
24.0014
24.0015
24.0014
24.0014
24.0013
24.0013
24.0013
24.0013
24.0013
24.0005
24.0005
24.0005
24.0005
24.0005
24.0005
24.0005
24.0005
24.0012
24.0013
24.0013
24.0013
24.0013
24.0013
24.0013
24.0013
24.0013
24.0013
24.0013
24.0013
24.0013
24.0013
24.0013
25.2248
25.3097
25.3634
24.9497
24.6679
24.4859
24.3655
24.2834
24.2248
24.1810
24.1473
24.8265
25.2934
25.6251
25.8768
26.5941
26.6020
26.6150
26.6368
26.6629
26.6908
26.7026
25.9955
25.4593
25.0874
24.8373
24.6664
24.5460
24.8774
24.6606
24.5106
24.4086
24.3375
24.2852
24.2449
24.2127
24.1863
24.1641
24.1451
24.1285
24.1138
24.5053
24.3489
24.2443
24.1777
24.1344
24.1049
24.0839
24.0668
24.0515
24.0379
24.0248
24.0126
24.0006
24.3902
24.2359
24.1319
24.0642
24.0192
23.9874
23.9639
23.9449
23.9291
23.9153
23.9026
23.8907
23.8793
24.2647
24.1123
24.0098
23.9436
23.9001
23.8694
23.8466
23.8286
23.8133
23.7999
23.7876
23.7762
23.7652
24.1464
23.9956
23.8942
23.8288
23.7868
23.7570
23.7397
23.7270
23.7172
23.7092
23.7026
23.6967
23.6915
24.0761
24.1106
24.1981
24.2839
24.3354
24.3627
24.3642
24.3482
24.3247
24.3036
24.2888
24.2790
24.2731
24.2706
24.2710
24.0118
24.0026
24.0022
24.0022
24.0045
24.0045
24.0042
24.0040
24.0039
24.0038
24.0036
24.0035
24.0036
24.0036
24.0037
24.0038
24.0038
24.0039
24.0039
24.0039
24.0039
24.0040
24.0038
24.0036
24.0036
24.0035
24.0036
24.0036
24.0036
24.0036
24.0036
24.0034
24.0034
24.0034
24.0034
24.0033
24.0033
24.0032
24.0032
24.0032
24.0033
24.0033
24.0032
24.0029
24.0027
24.0026
24.0025
24.0025
24.0025
24.0024
24.0024
24.0025
24.0027
24.0028
24.0029
24.0088
24.0133
24.0226
24.0299
24.0138
24.0040
24.0029
24.0025
24.0022
24.0019
24.0018
24.0017
24.0016
24.0015
24.0015
24.0015
24.0015
24.0016
24.0017
24.0496
24.0802
24.0998
24.1311
24.1528
24.1712
24.1880
24.2040
24.2198
24.2352
24.1911
24.1318
24.1194
24.1135
24.1117
24.1117
24.1127
24.1143
24.1163
24.1186
24.1368
24.1713
24.1832
24.1266
24.1229
24.2097
24.2510
24.2606
24.2419
24.2367
24.2364
24.2693
24.2706
24.2602
24.2264
24.2281
24.2586
24.2880
24.3193
24.3605
24.3939
24.4071
24.4114
24.3673
24.3449
24.3158
24.2931
24.1582
24.0427
24.0060
24.0024
24.0019
24.0017
24.0015
24.0014
24.0014
24.0013
24.0012
24.0012
24.0006
24.0005
24.0010
24.0011
24.0011
24.0012
24.0006
24.0005
24.0005
24.0005
24.0005
24.0005
24.0005
24.0004
24.0005
24.0010
24.0011
24.0012
24.0011
24.0011
24.0011
24.0011
24.0011
24.0011
24.0011
24.0005
24.0005
24.0005
24.0005
24.0005
24.0005
24.0005
24.0009
24.0010
24.0011
24.0011
24.0010
24.0010
24.0010
24.0010
24.0011
24.0011
24.0011
24.0011
24.0011
24.0011
24.0011
25.3139
25.4377
25.5210
25.1209
24.8514
24.6773
24.5637
24.4867
24.4328
24.3929
24.3626
24.3388
24.3192
25.0073
25.4797
26.3039
26.4423
26.5396
26.6185
26.6837
26.7021
26.7026
26.7027
26.0368
25.5251
25.1749
24.9404
24.7800
25.0948
24.8579
24.6947
24.5834
24.5052
24.4479
24.4036
24.3680
24.3376
24.3114
24.2879
24.2666
24.2469
24.6372
24.4719
24.3611
24.2882
24.2392
24.2038
24.1770
24.1537
24.1326
24.1129
24.0943
24.0763
24.0587
24.4427
24.2801
24.1702
24.0972
24.0470
24.0099
23.9808
23.9563
23.9346
23.9148
23.8961
23.8781
23.8607
24.2369
24.0766
23.9686
23.8972
23.8481
23.8118
23.7829
23.7585
23.7368
23.7167
23.6976
23.6793
23.6614
24.0292
23.8707
23.7638
23.6930
23.6490
23.6187
23.6017
23.5906
23.5829
23.5776
23.5740
23.5716
23.5701
23.9522
23.9551
24.0266
24.0619
24.0923
24.1440
24.2033
24.2633
24.3212
24.3778
24.4330
24.4865
24.5382
24.5881
24.6364
24.0371
24.0042
24.0028
24.0026
24.0026
24.0026
24.0047
24.0046
24.0043
24.0040
24.0038
24.0037
24.0037
24.0037
24.0037
24.0037
24.0037
24.0037
24.0036
24.0036
24.0036
24.0035
24.0035
24.0034
24.0032
24.0032
24.0032
24.0032
24.0033
24.0033
24.0033
24.0031
24.0031
24.0232
24.0257
24.0052
24.0032
24.0087
24.0396
24.0784
24.1337
24.1679
24.1642
24.0831
24.0698
24.0654
24.0526
24.0514
24.0522
24.0394
24.0350
24.0491
24.0779
24.0937
24.1256
24.1562
24.1850
24.2045
24.2012
24.1759
24.1515
24.0562
24.0073
24.0016
24.0011
24.0010
24.0009
24.0015
24.0016
24.0017
24.0016
24.0016
24.0016
24.0552
24.1132
24.1729
24.2061
24.2266
24.2578
24.2788
24.2960
24.3117
24.3266
24.3261
24.3035
24.2447
24.2319
24.2282
24.2310
24.2357
24.2382
24.2377
24.2365
24.2349
24.2363
24.2718
24.2896
24.2274
24.2227
24.3068
24.3415
24.3583
24.2949
24.2656
24.2955
24.3345
24.3346
24.3345
24.3179
24.3256
24.3296
24.3108
24.3127
24.3541
24.3662
24.3805
24.3816
24.3476
24.3106
24.2871
24.2647
24.0825
24.0100
24.0031
24.0022
24.0019
24.0017
24.0016
24.0008
24.0013
24.0013
24.0012
24.0011
24.0011
24.0011
24.0011
24.0011
24.0010
24.0011
24.0006
24.0005
24.0005
24.0004
24.0004
24.0004
24.0004
24.0004
24.0004
24.0004
24.0004
24.0010
24.0011
24.0011
24.0010
24.0010
24.0005
24.0004
24.0004
24.0004
24.0005
24.0005
24.0005
24.0005
24.0009
24.0009
24.0009
24.0009
24.0009
24.0010
24.0010
24.0010
24.0010
24.0010
24.0010
24.0010
24.0010
24.0010
24.0010
24.0010
24.0010
25.2785
25.3904
25.4638
25.0623
24.7920
24.6186
24.5055
24.4290
24.3749
24.3352
24.3050
24.9877
25.4554
25.7869
26.0371
26.7571
26.7032
26.7021
26.7022
26.7023
26.7024
26.7024
26.7025
26.0415
25.5309
25.1853
24.9533
24.7939
25.1081
24.8701
24.7064
24.5946
24.5162
24.4584
24.4136
24.3775
24.3473
24.3214
24.2988
24.2785
24.2601
24.6518
24.4880
24.3791
24.3084
24.2614
24.2284
24.2037
24.1845
24.1689
24.1556
24.1441
24.1337
24.1242
24.5201
24.3666
24.2653
24.2013
24.1601
24.1325
24.1126
24.0972
24.0846
24.0738
24.0641
24.0552
24.0468
24.4414
24.2899
24.1895
24.1258
24.0847
24.0572
24.0381
24.0240
24.0131
24.0042
23.9967
23.9902
23.9843
24.3799
24.2332
24.1359
24.0750
24.0375
24.0112
23.9967
23.9875
23.9808
23.9758
23.9717
23.9685
23.9656
24.3657
24.5496
24.8099
24.9793
25.0028
25.0034
25.0032
25.0030
25.0028
25.0027
25.0026
25.0025
25.0024
25.0023
25.0023
24.0687
24.0050
24.0021
24.0018
24.0017
24.0016
24.0015
24.0014
24.0014
24.0013
24.0013
24.0012
24.0012
24.0012
24.0012
24.0011
24.0011
24.0011
24.0011
24.0011
24.0011
24.0010
24.0010
24.0010
24.0010
24.0010
24.0010
24.0010
24.0010
24.0010
24.0010
24.0010
24.0010
24.0009
24.0009
24.0009
24.0009
24.0009
24.0009
24.0009
24.0009
24.0009
24.0009
24.0009
24.0009
24.0009
24.0008
24.0008
24.0008
24.0008
24.0008
24.0008
24.0007
24.0007
24.0007
24.0007
24.0007
24.0007
24.0007
24.0007
24.0007
24.0006
24.0006
24.0006
24.0006
24.0006
24.0006
24.0006
24.0006
24.0006
24.0006
24.0006
24.0006
24.0006
24.0006
24.0006
24.0006
24.0006
24.0006
24.0006
24.0006
24.0006
24.0006
24.0007
24.0007
24.0007
24.0007
24.0007
24.0007
24.0007
24.0007
24.0007
24.0007
24.0007
24.0007
24.0007
24.0007
24.0007
24.0007
24.0007
24.0007
24.0007
24.0007
24.0007
24.0007
24.0008
24.0008
24.0008
24.0008
24.0008
24.0008
24.0008
24.0008
24.0008
24.0008
24.0008
24.0008
24.0008
24.0008
24.0008
24.4515
24.7053
24.8580
24.9532
25.0140
25.0533
25.0764
25.0875
25.0898
25.0853
25.0750
25.0600
25.4952
25.3271
25.2006
25.1084
25.0352
24.9712
24.9187
24.8755
24.8385
24.8053
24.7740
24.7442
24.7159
25.1128
24.9330
24.8059
24.7195
24.6580
24.6111
24.5731
24.5405
24.5112
24.4841
24.4584
24.4379
24.4210
24.8217
24.6597
24.5524
24.4844
24.4405
24.4108
24.3895
24.3734
24.3606
24.3500
24.3407
24.3323
24.3246
24.7299
24.5753
24.4734
24.4094
24.3687
24.3415
24.3224
24.3081
24.2969
24.2881
24.2811
24.2755
24.2709
24.6784
24.5289
24.4312
24.3708
24.3334
24.3096
24.2939
24.2832
24.2743
24.2663
24.2588
24.2515
24.2444
24.6494
24.4969
24.3954
24.3306
24.2886
24.2599
24.2391
24.2234
24.2109
24.2004
24.1913
24.1830
24.1753
24.5773
24.4255
24.3246
24.2607
24.2195
24.1917
24.1716
24.1560
24.1432
24.1321
24.1222
24.1130
24.1043
24.5025
24.3501
24.2484
24.1835
24.1413
24.1123
24.0912
24.0748
24.0614
24.0498
24.0393
24.0297
24.0206
24.4151
24.2633
24.1620
24.0972
24.0551
24.0261
24.0050
23.9885
23.9750
23.9633
23.9527
23.9430
23.9338
24.3247
24.1739
24.0732
24.0088
23.9669
23.9381
23.9170
23.9006
23.8871
23.8753
23.8647
23.8549
23.8457
24.2330
24.0836
23.9853
23.9247
23.8873
23.8635
23.8479
23.8373
23.8299
23.8246
23.8207
23.8178
24.2142
24.9939
25.0543
25.0906
25.1164
25.1107
25.0811
25.0432
25.0184
24.9956
24.9736
24.9562
24.9453
24.9409
25.3783
25.2305
25.1443
25.1002
25.0824
25.0801
25.0847
25.0933
25.1045
25.1176
25.1273
25.1376
25.1512
25.6107
25.4663
25.3843
25.3413
25.3243
25.3214
25.3259
25.3370
25.3507
25.3653
25.3803
25.3957
25.4108
25.8779
25.7251
25.6363
25.5890
25.5693
25.5665
25.5740
25.5880
25.6063
25.6273
25.6507
25.6759
25.7022
26.1924
26.0485
25.9703
25.9353
25.9255
25.9302
25.9486
25.9726
25.9989
26.0223
26.0434
26.0630
26.0814
26.5751
26.4140
26.3170
26.2627
26.2324
26.2155
26.2160
26.2215
26.2281
26.2352
26.2423
26.2639
26.2862
26.7884
26.6194
26.5138
26.4500
26.4091
26.3802
26.3575
26.3363
26.3150
26.2932
26.2720
26.2488
26.2239
26.6853
26.4901
26.3636
26.2867
26.2392
26.2089
26.1892
26.1762
26.1673
26.1612
26.1572
26.1545
26.1530
26.6311
26.4496
26.3359
26.2701
26.2318
26.2087
26.1947
26.1864
26.1812
26.1786
26.1785
26.1737
26.1646
26.6313
26.4380
26.3085
26.2229
26.1623
26.1158
26.0768
26.0417
26.0084
25.9758
25.9453
25.9166
25.8889
26.3330
26.1371
26.0010
25.9072
25.8369
25.7803
25.7316
25.6874
25.6455
25.6058
25.5677
25.5307
25.4944
25.9142
25.7110
25.5688
25.4704
25.3970
25.3380
25.2874
25.2418
25.2006
25.1630
25.1278
25.0942
25.0620
25.4683
25.2744
25.1419
25.0521
24.9872
24.9367
24.8945
24.8586
24.8254
24.7940
24.7637
24.7342
24.7052
25.1035
24.9228
24.8050
24.7298
24.6793
24.6418
24.6133
24.5902
24.5705
24.5531
24.5373
24.5225
24.5081
24.9102
24.7398
24.6292
24.5584
24.5112
24.4773
24.4513
24.4302
24.4117
24.3951
24.3795
24.3652
24.3520
24.7502
24.5848
24.4781
24.4107
24.3665
24.3356
24.3126
24.2942
24.2787
24.2650
24.2512
24.2373
24.2235
24.6159
24.4508
24.3435
24.2740
24.2272
24.1936
24.1675
24.1460
24.1272
24.1098
24.0934
24.0775
24.0620
24.4467
24.2827
24.1759
24.1061
24.0588
24.0243
23.9973
23.9747
23.9551
23.9376
23.9212
23.9056
23.8907
24.2695
24.1084
24.0043
23.9364
23.8907
23.8576
23.8319
23.8101
23.7907
23.7727
23.7555
23.7387
23.7223
24.0932
23.9324
23.8276
23.7584
23.7111
23.6763
23.6489
23.6259
23.6056
23.5870
23.5695
23.5527
23.5364
23.9004
23.7428
23.6395
23.5719
23.5260
23.4921
23.4651
23.4422
23.4217
23.4028
23.3849
23.3677
23.3509
23.7076
23.5517
23.4489
23.3816
23.3419
23.3164
23.3042
23.2981
23.2955
23.2956
23.2973
23.3003
23.3043
23.6819
23.7032
23.7945
23.9059
24.0007
24.0958
24.1867
24.2706
24.3469
24.4136
24.4717
24.5213
24.5646
24.6030
24.6373
24.0368
24.0041
24.0027
24.0025
24.0048
24.0048
24.0045
24.0041
24.0038
24.0036
24.0034
24.0033
24.0033
24.0033
24.0034
24.0034
24.0034
24.0034
24.0034
24.0034
24.0034
24.0033
24.0032
24.0031
26.5879
27.0075
27.3915
27.6784
27.8914
28.0544
28.1701
28.2183
28.3390
28.4434
28.5253
28.5701
28.6127
28.6314
28.6445
28.6750
28.7263
28.7676
28.7635
28.7608
28.7740
28.7950
28.8206
28.8492
28.8773
28.8942
28.9146
28.9487
28.9902
29.0374
29.0842
29.1310
29.1878
29.2303
29.2424
29.2463
29.2437
29.1856
29.1314
28.3400
27.7614
27.3166
27.0062
27.5005
27.8503
28.1053
28.3366
28.5052
28.6736
28.8506
28.9741
29.0845
29.1849
29.2572
29.3134
29.3599
29.4003
29.4368
29.4709
29.4934
29.4973
29.4650
29.4539
29.4531
29.4585
29.4679
29.4756
29.4804
29.4823
29.4816
29.4785
29.4959
29.5107
29.4552
29.4440
29.4814
29.5183
29.5252
29.5237
29.5197
29.4745
29.4538
29.4771
29.4780
29.4564
29.4301
29.4316
29.4389
29.4412
29.4695
29.4837
29.4893
29.4888
29.4845
29.4677
29.4566
29.4363
29.3084
29.2101
29.1279
29.0434
28.9723
28.9248
28.8838
28.8361
28.8038
28.7568
28.7142
28.6857
28.6443
28.6045
28.5771
28.5476
28.5149
28.4723
27.7056
27.1186
26.7074
26.6718
26.6713
26.6714
26.6714
26.6715
26.9852
27.2101
27.3740
27.4961
27.5859
27.6609
27.7126
27.7479
27.7687
27.7831
27.7931
27.7997
27.0611
26.6786
26.6714
26.6713
26.6713
26.6713
26.6713
26.6713
26.6713
24.2755
24.0167
24.0045
24.0032
24.0028
24.0025
24.0023
24.0021
24.0020
24.0018
24.0017
24.0016
25.4405
25.6179
25.7304
25.3503
25.1009
24.9411
24.8355
24.7623
24.7088
24.6674
24.6340
24.6057
24.5800
25.2612
25.7173
26.5207
26.6127
26.6759
26.7018
26.7026
26.7027
26.7028
26.7029
26.0398
23.9082
22.8843
22.3680
22.0757
23.4049
22.5777
22.0447
21.7769
21.6172
21.5075
21.4231
21.3528
21.2912
21.2356
21.1844
21.1368
21.0922
22.4163
21.7763
21.3452
21.1425
21.0302
20.9578
20.9041
20.8603
20.8221
20.7872
20.7546
20.7237
20.6941
21.9695
21.3817
20.9748
20.7872
20.6865
20.6241
20.5790
20.5423
20.5101
20.4805
20.4526
20.4258
20.4000
21.6324
21.0791
20.6836
20.5010
20.4034
20.3436
20.3015
20.2681
20.2393
20.2131
20.1886
20.1653
20.1428
21.3381
20.8152
20.4306
20.2540
20.1645
20.1146
20.0832
20.0613
20.0445
20.0307
20.0191
20.0089
19.9998
21.1864
20.8467
20.6475
20.5689
20.5558
20.5760
20.6086
20.6423
20.6737
20.7025
20.7282
20.7511
20.7715
20.7897
20.8060
24.4387
26.5062
26.6644
26.6698
26.6702
26.6701
26.6700
26.6980
26.7717
26.8700
26.9943
27.1199
27.3100
27.4724
27.6292
27.7683
27.8832
27.9821
28.0666
28.1401
28.2053
28.2527
28.2541
28.2581
28.2983
28.3258
28.3571
28.4016
28.4519
28.4956
28.5270
28.4943
28.5681
28.6287
28.6823
28.7209
28.7504
28.7740
28.7827
28.8143
28.8816
28.9492
28.9653
28.9712
28.9912
29.0196
29.0533
29.0903
29.1252
29.1580
29.1787
29.2018
29.2369
29.3098
29.3733
29.4137
29.4418
29.4630
29.4599
29.4310
29.4050
29.3394
29.2767
29.2243
29.1880
29.1625
29.1464
29.1374
29.1656
29.1876
29.2167
29.2614
29.3167
29.4102
29.4975
29.5705
29.6245
29.6669
29.7004
29.7068
29.7071
29.7073
29.7074
29.7076
29.7074
29.6823
29.6694
29.6652
29.6762
29.6869
29.6974
29.7069
29.7072
29.7073
29.7074
29.7076
29.7081
29.7075
29.7076
29.7084
29.7086
29.7088
29.7089
29.7088
29.7084
29.7088
29.7089
29.7089
29.7093
29.7096
29.7094
29.7093
29.7096
29.7099
29.7100
29.7101
29.7101
29.7102
29.7101
29.7097
29.7096
29.7086
29.7019
29.6883
29.6502
29.6144
29.5713
28.7985
28.9453
29.0604
29.1398
29.1877
29.2141
28.4725
28.6447
28.7800
28.8730
28.9361
28.9760
28.2469
27.7002
27.3280
27.0692
26.8814
26.7383
26.6720
26.6715
26.6718
26.6721
26.6723
26.6724
27.1852
27.5250
27.7585
27.9260
28.0508
28.1499
28.2308
28.2841
27.5783
27.0759
26.7446
26.6732
26.6725
26.6727
26.6728
26.6729
26.6730
26.6731
27.0964
27.3898
27.6114
27.7748
27.9000
28.0002
28.0818
28.1486
28.2036
28.2488
28.2862
26.4205
24.7831
23.8716
23.3874
23.1030
22.9123
23.3969
22.9572
22.7275
22.5820
23.1034
23.3403
25.2213
24.4444
23.9821
23.7768
23.6731
23.6139
23.5742
23.5434
23.5169
23.4924
23.4690
22.7956
22.4562
23.8342
22.9753
22.4419
22.1805
22.0287
21.9267
21.8492
21.7852
21.7292
21.6787
21.6321
21.5878
21.5456
22.9428
22.2601
21.8160
21.6085
21.4938
21.4199
21.3648
21.3192
21.2787
21.2413
21.2058
21.1717
21.1387
22.4810
21.8482
21.4230
21.2258
21.1184
21.0503
21.0004
20.9594
20.9233
20.8901
20.8589
20.8286
20.7995
22.0926
21.4981
21.0885
20.8974
20.7946
20.7304
20.6840
20.6464
20.6131
20.5823
20.5531
20.5250
20.4977
21.7455
21.1822
20.7853
20.5979
20.4968
20.4338
20.3884
20.3588
20.3381
20.3227
20.3107
20.3013
20.2938
21.5289
21.0049
20.6343
20.4745
20.5505
20.6532
20.7094
20.7647
20.8237
20.8847
20.9422
20.9944
21.0365
21.0709
21.0999
21.1251
21.1474
21.1674
24.7931
26.5538
26.6677
26.6705
26.6701
26.7086
26.8019
26.9368
27.0944
27.2340
27.3740
27.5507
27.7574
27.9293
28.0659
28.1759
28.2701
28.3544
28.4325
28.5088
28.5811
28.6491
28.6913
28.7386
28.7985
28.8237
28.8799
28.9535
29.0160
29.0714
29.1130
29.0917
29.1446
29.2111
29.2656
29.2824
29.2958
29.3071
29.3369
29.3776
29.4251
29.4671
29.4655
29.4560
29.4596
29.4715
29.4982
29.5243
29.5481
29.5604
29.5749
29.5862
29.6171
29.6611
29.7053
29.7067
29.7069
29.7071
29.7072
29.7072
29.7072
29.7023
29.6642
29.6424
29.6314
29.6279
29.6292
29.6338
29.6409
29.6497
29.6797
29.7062
29.7072
29.7080
29.7084
29.7087
29.7089
29.7091
29.7093
29.7095
29.7097
29.7099
29.7101
29.7101
29.7097
29.7097
29.7097
29.7097
29.7097
29.7097
29.7097
29.7098
29.7099
29.7099
29.7099
29.7102
29.7106
29.7100
29.7100
29.7108
29.7109
29.7109
29.7108
29.7107
29.7110
29.7112
29.7111
29.7109
29.7104
29.7104
29.7110
29.7110
29.7110
29.7110
29.7111
29.7112
29.7111
29.7111
29.7111
29.7110
29.7105
29.7097
29.7090
29.7046
29.6975
29.6779
29.6577
29.6372
29.6156
29.5936
29.5793
29.5504
29.5187
29.4899
29.4602
29.4292
29.4081
29.3830
29.3472
28.5752
28.0014
27.6138
27.3455
27.1513
27.0042
26.8872
26.7903
26.7076
26.6712
27.2969
27.6890
27.9478
28.1377
28.2728
28.3718
28.4460
28.5036
28.5488
28.5720
27.8459
27.3403
27.0061
26.7790
26.6728
26.6716
26.6719
26.6721
26.6723
26.6724
26.6725
26.6726
27.1290
27.4345
27.6577
27.8154
27.9315
28.0186
28.0851
28.1368
28.1775
25.6767
24.4652
23.7460
23.3153
23.0565
22.8764
22.7398
22.6277
22.5285
22.4414
22.3633
22.2921
24.4920
24.0028
23.6862
23.5608
23.5059
23.4792
23.4636
23.4522
23.4422
23.4324
23.4226
22.7631
23.6867
24.5397
24.6505
24.7138
24.7579
24.7873
24.8070
24.8205
24.8283
24.8335
24.8369
24.8391
24.8405
24.8414
25.2665
25.1057
25.0031
24.9461
24.9123
24.8915
24.8781
24.8689
24.8623
24.8572
24.8479
24.8357
24.8213
25.2294
25.0511
24.9303
24.8544
24.8015
24.7621
24.7296
24.7010
24.6746
24.6500
24.6266
24.6039
24.5815
24.9747
24.7944
24.6726
24.5957
24.5416
24.5003
24.4663
24.4366
24.4094
24.3838
24.3591
24.3351
24.3115
24.6930
24.5147
24.3948
24.3182
24.2639
24.2223
24.1878
24.1693
24.1516
24.1404
24.1339
24.1298
24.1274
24.5252
24.3774
24.2804
24.2281
24.2920
24.3793
24.4832
24.5699
24.6582
24.7441
24.8228
24.8943
24.9668
25.0019
25.0027
25.0027
25.0027
25.0027
24.0753
24.0068
24.0030
24.0027
24.0026
24.0043
24.0042
24.0038
24.0036
24.0033
24.0032
24.0283
24.1259
24.1975
24.2448
24.3053
24.3452
24.3778
24.4043
24.4127
24.4263
24.4416
24.4279
24.4146
24.4048
24.3497
24.3763
24.4479
24.4854
24.5105
24.5289
24.4451
24.4842
24.5326
24.5448
24.5549
24.5255
24.5183
24.5318
24.5868
24.6167
24.6228
24.6352
24.5675
24.5535
24.5548
24.5481
24.5521
24.5512
24.5361
24.5300
24.5486
24.5552
24.5558
24.5991
24.6457
24.6647
24.6784
24.6866
24.6502
24.6206
24.5355
24.4402
24.3680
24.3422
24.3162
24.3051
24.3004
24.3131
24.3340
24.3605
24.3675
24.4151
24.5388
24.6131
24.6684
24.7149
24.7433
24.7606
24.7700
24.7746
24.7757
24.7741
24.7524
24.7141
24.6056
24.5612
24.5318
24.5220
24.5065
24.4942
24.4854
24.4823
24.4759
24.4797
24.5096
24.5015
24.4712
24.4714
24.5610
24.6179
24.6471
24.6242
24.6193
24.6228
24.6537
24.6830
24.6831
24.6607
24.6573
24.6592
24.6747
24.7118
24.7596
24.7821
24.7935
24.7994
24.7602
24.7411
24.7172
24.6982
24.5279
24.4273
24.3641
24.2938
24.2470
24.1970
24.1558
24.1225
24.0974
24.0600
24.0261
24.0034
24.0008
24.0010
24.0011
24.0011
24.0010
24.0011
24.0006
24.0005
24.0005
24.0005
24.0005
24.0005
24.0005
24.0005
24.0005
24.0005
24.0011
24.0012
24.0011
24.0011
24.0011
24.0011
24.0006
24.0005
24.0005
24.0005
24.0004
24.0004
24.0004
24.0004
24.0005
24.0005
24.0011
24.0012
24.0012
24.0012
24.0012
24.0012
24.0011
24.0011
24.0011
24.0011
24.0011
24.0011
24.0011
24.0011
24.0010
25.3488
25.4893
25.1350
24.8963
24.7430
24.6411
24.5705
24.5192
24.4796
24.4480
24.4219
24.3986
24.3788
25.0647
25.9848
26.1879
26.3382
26.4615
26.5618
26.6286
26.6843
26.7021
26.7026
26.0287
25.5196
25.1805
24.9547
25.2323
24.9624
24.7799
24.6553
24.5674
24.5023
24.4515
24.4104
24.3752
24.3448
24.3177
24.2930
24.2702
24.6558
24.4833
24.3707
24.2964
24.2461
24.2093
24.1811
24.1578
24.1380
24.1204
24.1044
24.0895
24.0756
24.4626
24.3000
24.1955
24.1282
24.0838
24.0526
24.0291
24.0103
23.9943
23.9801
23.9672
23.9550
23.9434
24.3281
24.1699
24.0681
24.0031
23.9605
23.9308
23.9085
23.8905
23.8753
23.8618
23.8494
23.8377
23.8266
24.2077
24.0521
23.9514
23.8871
23.8451
23.8206
23.8043
23.7980
23.7960
23.7967
23.7991
23.8028
23.8075
24.2055
24.0709
24.0706
24.1303
24.2032
24.2726
24.3537
24.4388
24.5216
24.6003
24.6689
24.7275
24.7782
24.8226
24.8619
24.8972
24.0601
24.0053
24.0027
24.0024
24.0043
24.0043
24.0041
24.0038
24.0036
24.0034
24.0032
24.0031
24.0031
24.0257
24.0485
24.0707
24.0921
24.1126
24.1291
24.1279
24.1326
24.1246
24.1239
24.1118
24.1270
24.1069
24.1168
24.1689
24.1940
24.2104
24.2235
24.1347
24.1730
24.2224
24.2503
24.2538
24.2630
24.2743
24.2158
24.2111
24.2434
24.2908
24.2634
24.2008
24.1888
24.1871
24.2042
24.2177
24.2259
24.2140
24.2139
24.2182
24.2860
24.3398
24.3839
24.4018
24.4042
24.4091
24.3857
24.3500
24.3063
24.1963
24.1380
24.0949
24.0699
24.0547
24.0450
24.0395
24.0351
24.0434
24.0710
24.0940
24.1358
24.2750
24.3390
24.4041
24.4420
24.4798
24.5041
24.5221
24.5368
24.5495
24.5615
24.5582
24.5070
24.4418
24.4252
24.4159
24.4106
24.4072
24.4056
24.4045
24.4045
24.4048
24.4270
24.4683
24.4679
24.4269
24.4215
24.4935
24.5552
24.5451
24.5153
24.5419
24.5560
24.5783
24.5870
24.5744
24.5674
24.5513
24.5575
24.5723
24.5772
24.6088
24.6318
24.6370
24.6363
24.6175
24.5777
24.5537
24.5207
24.3564
24.2532
24.1773
24.1066
24.0565
24.0102
24.0024
24.0016
24.0015
24.0013
24.0013
24.0002
24.0001
24.0007
24.0002
24.0002
24.0002
24.0002
24.0006
24.0006
24.0006
24.0006
24.0006
24.0005
24.0005
24.0005
24.0005
24.0005
24.0005
24.0002
24.0002
24.0002
24.0002
24.0002
24.0005
24.0005
24.0005
24.0005
24.0005
24.0005
24.0005
24.0005
24.0005
24.0005
24.0003
24.0002
24.0002
24.0002
24.0002
24.0002
24.0003
24.0003
24.0003
24.0003
24.0003
24.0003
24.0003
24.0003
24.0003
24.0006
24.0007
24.0008
24.0009
24.0010
24.0010
24.0011
24.0011
24.0012
24.0012
24.0013
24.0007
25.2691
24.1404
24.0137
24.0019
24.0009
24.0008
24.0007
24.0007
24.0007
24.0007
24.0007
24.0014
24.0015
24.5185
24.0494
24.0062
24.0021
24.0017
24.0017
24.0016
24.0016
24.0016
24.0015
24.0015
24.0015
24.0015
24.4236
24.0405
24.0053
24.0020
24.0017
24.0016
24.0016
24.0016
24.0015
24.0015
24.0015
24.0015
24.0015
24.3748
24.0359
24.0049
24.0020
24.0017
24.0016
24.0016
24.0015
24.0015
24.0015
24.0015
24.0015
24.0015
24.3447
24.0332
24.0047
24.0020
24.0017
24.0017
24.0016
24.0016
24.0016
24.0016
24.0016
24.0016
24.0016
24.3203
24.0309
24.0046
24.0021
24.0018
24.0017
24.0017
24.0017
24.0017
24.0017
24.0016
24.0016
24.0016
24.3178
24.0308
24.0046
24.0021
24.0017
24.0015
24.0019
24.0017
24.0014
24.0012
24.0011
24.0010
24.0009
24.0008
24.0007
24.0006
24.0006
24.0005
24.0001
24.0001
24.0002
24.0002
24.0002
24.0002
24.0003
24.0003
24.0003
24.0003
24.0003
24.0003
24.0003
24.0003
24.0003
24.0003
24.0003
24.0003
24.0003
24.0003
24.0003
24.0003
24.0003
24.0003
24.0003
24.0003
24.0003
24.0003
24.0003
24.0003
24.0003
24.0003
24.0003
24.0003
24.0003
24.0003
24.0003
24.0003
24.0003
24.0003
24.0003
24.0003
24.0003
24.0003
24.0003
24.0003
24.0003
24.0003
24.0003
24.0003
24.0003
24.0003
24.0003
24.0004
24.0004
24.0004
24.0004
24.0004
24.0004
24.0004
24.0004
24.0004
24.0004
24.0004
24.0004
24.0004
24.0003
24.0003
24.0003
24.0003
24.0003
24.0003
24.0003
24.0003
24.0003
24.0003
24.0003
24.0003
24.0003
24.0003
24.0003
24.0003
24.0003
24.0003
24.0003
24.0003
24.0003
24.0003
24.0003
24.0003
24.0003
24.0003
24.0003
24.0003
24.0003
24.0003
24.0003
24.0003
24.0003
24.0003
24.0003
24.0004
24.0004
24.0004
24.0004
24.0004
24.0004
24.0004
24.0004
24.0004
24.0004
24.0004
24.0004
24.0004
24.0004
24.0004
24.0004
24.0004
24.0004
24.0004
24.0007
24.0007
24.0007
24.0006
24.0006
24.0005
24.0005
24.0005
24.0005
24.0005
24.0004
24.0004
24.6579
24.0616
24.0061
24.0011
24.0007
24.0008
24.0009
24.0010
24.0010
24.0011
24.0011
24.0012
24.0012
24.5348
24.0509
24.0061
24.0019
24.0015
24.0015
24.0015
24.0015
24.0014
24.0014
24.0014
24.0014
24.0014
24.4587
24.0439
24.0056
24.0020
24.0017
24.0016
24.0016
24.0015
24.0015
24.0015
24.0015
24.0015
24.0015
24.4222
24.0405
24.0054
24.0021
24.0017
24.0016
24.0016
24.0016
24.0016
24.0015
24.0015
24.0015
24.0015
24.3873
24.0372
24.0051
24.0020
24.0017
24.0017
24.0016
24.0016
24.0016
24.0016
24.0016
24.0015
24.0015
24.3481
24.0335
24.0048
24.0021
24.0018
24.0017
24.0017
24.0017
24.0017
24.0017
24.0017
24.0016
24.0016
24.3044
24.0295
24.0045
24.0022
24.0019
24.0019
24.0019
24.0018
24.0018
24.0018
24.0018
24.0018
24.0018
24.2601
24.0255
24.0043
24.0023
24.0021
24.0020
24.0020
24.0020
24.0020
24.0019
24.0019
24.0019
24.0019
24.2397
24.0236
24.0042
24.0024
24.0021
24.0021
24.0020
24.0020
24.0020
24.0019
24.0019
24.0019
24.0019
24.2336
24.0231
24.0042
24.0023
24.0021
24.0021
24.0020
24.0020
24.0020
24.0019
24.0019
24.0019
24.0019
24.2307
24.0228
24.0041
24.0023
24.0021
24.0020
24.0020
24.0019
24.0019
24.0019
24.0018
24.0018
24.0016
24.6613
24.0627
24.0071
24.0020
24.0015
24.0014
24.0014
24.0014
24.0014
24.0014
24.0014
24.0014
24.0013
24.6177
24.0586
24.0068
24.0020
24.0015
24.0014
24.0014
24.0013
24.0013
24.0013
24.0013
24.0012
24.0012
24.7093
24.0670
24.0074
24.0019
24.0013
24.0013
24.0012
24.0012
24.0012
24.0011
24.0011
24.0011
24.0011
24.8041
24.0757
24.0081
24.0018
24.0012
24.0011
24.0011
24.0011
24.0010
24.0010
24.0010
24.0010
24.0010
24.8842
24.0831
24.0086
24.0017
24.0011
24.0010
24.0009
24.0009
24.0009
24.0009
24.0009
24.0008
24.0008
24.9406
24.0883
24.0090
24.0017
24.0010
24.0009
24.0009
24.0009
24.0009
24.0009
24.0009
24.0009
24.0009
24.9588
24.0901
24.0092
24.0017
24.0010
24.0009
24.0009
24.0009
24.0009
24.0008
24.0008
24.0008
24.0008
25.0245
24.0961
24.0096
24.0017
24.0010
24.0009
24.0009
24.0009
24.0009
24.0009
24.0009
24.0009
24.0009
24.9972
24.0936
24.0095
24.0018
24.0011
24.0010
24.0010
24.0010
24.0010
24.0010
24.0010
24.0010
24.0010
24.9459
24.0889
24.0092
24.0019
24.0012
24.0012
24.0011
24.0011
24.0012
24.0012
24.0012
24.0012
24.0012
24.7852
24.0741
24.0081
24.0020
24.0015
24.0014
24.0014
24.0014
24.0014
24.0014
24.0014
24.0014
24.0014
24.6490
24.0616
24.0072
24.0021
24.0017
24.0016
24.0016
24.0016
24.0016
24.0016
24.0016
24.0016
24.0016
24.5163
24.0495
24.0063
24.0022
24.0018
24.0018
24.0018
24.0017
24.0017
24.0017
24.0017
24.0017
24.0017
24.4278
24.0411
24.0056
24.0023
24.0019
24.0019
24.0018
24.0018
24.0018
24.0017
24.0017
24.0017
24.0017
24.3910
24.0377
24.0053
24.0022
24.0019
24.0018
24.0018
24.0017
24.0017
24.0017
24.0017
24.0017
24.0016
24.3631
24.0350
24.0050
24.0022
24.0018
24.0018
24.0017
24.0017
24.0017
24.0017
24.0016
24.0016
24.0016
24.3334
24.0322
24.0047
24.0021
24.0018
24.0018
24.0017
24.0017
24.0017
24.0017
24.0016
24.0016
24.0016
24.3054
24.0296
24.0045
24.0021
24.0019
24.0018
24.0018
24.0018
24.0017
24.0017
24.0017
24.0017
24.0017
24.2792
24.0272
24.0044
24.0022
24.0020
24.0019
24.0019
24.0018
24.0018
24.0018
24.0018
24.0018
24.0018
24.2471
24.0243
24.0042
24.0023
24.0021
24.0020
24.0020
24.0020
24.0019
24.0019
24.0019
24.0019
24.0019
24.2141
24.0212
24.0040
24.0024
24.0022
24.0021
24.0021
24.0020
24.0020
24.0020
24.0020
24.0020
24.0020
24.1790
24.0180
24.0038
24.0024
23.7452
23.6096
23.5230
23.4662
23.4281
23.4009
23.3819
23.3681
23.3580
23.7276
24.0028
24.3698
24.5220
24.6004
24.6584
24.6840
24.6827
24.6688
24.6476
24.6245
24.6033
24.5855
24.5715
24.5614
24.0273
24.0021
24.0012
24.0012
24.0019
24.0020
24.0021
24.0022
24.0022
24.0022
24.0022
24.0023
24.0025
24.0028
24.0029
24.0031
24.0032
24.0032
24.0033
24.0034
24.0034
24.0035
24.0034
24.0034
24.0033
24.0032
24.0032
24.0033
24.0033
24.0033
24.0033
24.0032
24.0032
24.0033
24.0033
24.0033
24.0032
24.0032
24.0031
24.0031
24.0371
24.0587
24.0321
24.0057
24.0031
24.0027
24.0026
24.0025
24.0025
24.0024
24.0024
24.0077
24.0030
24.0348
24.0528
24.0905
24.1219
24.1500
24.1684
24.1673
24.1552
24.0667
24.0082
24.0026
24.0019
24.0017
24.0016
24.0016
24.0016
24.0015
24.0015
24.0016
24.0198
24.1052
24.1739
24.2404
24.2763
24.3140
24.3380
24.3562
24.3714
24.3851
24.3979
24.4099
24.3773
24.2929
24.2677
24.2539
24.2460
24.2409
24.2377
24.2358
24.2346
24.2341
24.2396
24.2601
24.2760
24.2261
24.2305
24.2782
24.3579
24.3805
24.3920
24.3888
24.3459
24.3691
24.3493
24.3528
24.3702
24.3783
24.3849
24.3996
24.4233
24.4475
24.4567
24.4688
24.4688
24.4485
24.4325
24.4018
24.3648
24.2219
24.0671
24.0084
24.0027
24.0020
24.0018
24.0016
24.0009
24.0014
24.0013
24.0012
24.0012
24.0011
24.0011
24.0011
24.0011
24.0011
24.0006
24.0005
24.0005
24.0005
24.0005
24.0005
24.0005
24.0005
24.0005
24.0005
24.0011
24.0012
24.0012
24.0012
24.0011
24.0011
24.0012
24.0011
24.0005
24.0005
24.0005
24.0005
24.0005
24.0005
24.0005
24.0005
24.0005
24.0011
24.0012
24.0013
24.0013
24.0013
24.0013
24.0013
24.0012
24.0012
24.0012
24.0012
24.0012
24.0012
24.0012
24.0012
24.6293
24.9978
25.9724
26.2340
26.4277
25.8508
25.4152
25.8422
26.1546
26.3945
26.5810
26.6995
26.7025
26.7027
26.7029
27.3893
26.7342
26.7042
26.7034
26.7034
26.7035
26.7036
26.1263
