26.6969
26.6971
26.6973
26.6972
26.6971
27.0460
26.7028
26.6970
26.6969
26.6969
26.6968
26.6968
26.6968
26.6967
26.6967
26.6967
26.6967
26.6967
27.0496
26.7023
26.6967
26.6967
26.6967
26.6967
26.6967
26.6966
26.6966
26.6966
26.6966
26.6966
26.6966
27.0401
26.7019
26.6967
26.6967
26.6967
26.6967
26.6967
26.6967
26.6967
26.6967
26.6967
26.6967
26.6967
27.0284
26.7015
26.6967
26.6967
26.6968
26.6968
26.6967
26.6967
26.6967
26.6968
26.6968
26.6968
26.6968
27.0158
26.7011
26.6968
26.6968
25.6457
25.5953
25.5945
25.5946
25.5947
25.5948
25.5949
25.5950
25.5950
26.1450
25.6126
25.5957
25.0201
24.9955
24.9954
24.9959
24.9965
24.9969
24.9973
24.9977
24.9981
24.9984
24.9987
24.9990
24.4922
24.2963
24.1895
24.1225
24.0843
24.0500
24.0258
24.0036
24.0007
24.0008
24.0010
24.0012
24.0013
24.0657
24.0957
24.1141
24.1245
24.1286
24.1295
24.1319
24.1388
24.1605
24.2018
24.2075
24.1850
24.1994
24.2105
24.2151
24.2187
24.2229
24.2306
24.2351
24.2373
24.2369
24.2578
24.2703
24.2610
24.2927
24.3260
24.3345
24.3399
24.3413
24.3088
24.3199
24.3059
24.2972
24.2894
24.2847
24.2855
24.3392
24.3609
24.3729
24.3813
24.3865
24.3872
24.4015
24.3961
24.3961
24.4842
24.4706
24.5007
24.5385
24.5695
24.6124
24.5911
24.5770
24.5754
24.5815
24.5813
24.5886
24.5908
24.6070
24.6460
24.6081
24.5885
24.5762
24.5756
24.5938
24.5848
24.5834
24.5879
24.5893
24.5893
24.6108
24.6094
24.4955
24.4210
24.3871
24.3687
24.3556
24.3446
24.3388
24.3374
24.3350
24.3333
24.3310
24.3241
24.3161
24.3410
24.3381
24.3187
24.3225
24.3439
24.3429
24.3570
24.3625
24.3486
24.3444
24.3479
24.4213
24.4574
24.4878
24.4965
24.5036
24.5072
24.5082
24.5153
24.5373
24.5477
24.5828
24.6372
24.5024
24.4389
24.3901
24.3809
24.3498
24.3329
24.3343
24.3260
24.3169
24.3131
24.3070
24.3230
24.2828
24.2598
24.2685
24.2557
24.2415
24.2368
24.2146
24.2140
24.2119
24.2070
24.2000
24.1918
24.1435
24.1160
24.0991
24.0840
24.0803
24.0658
24.0522
24.0450
24.0365
24.0243
24.0172
24.0084
24.0115
24.0104
24.0059
24.0029
24.0027
24.0026
24.0237
24.0052
24.0023
24.0020
24.0020
24.0019
24.0018
24.0014
24.0011
24.0008
24.0005
24.0003
24.0001
23.9999
23.9997
23.9996
23.9994
25.0100
25.6469
26.1621
26.2479
26.3112
26.3672
26.4163
26.4594
26.4973
26.5308
26.5605
26.5870
26.6110
26.6469
26.6619
26.9743
26.7017
26.6977
26.6976
26.6975
26.6974
26.6973
26.6971
26.6970
26.6972
26.6974
26.6973
26.6972
27.0097
26.7015
26.6971
26.6970
26.6970
26.6969
26.6969
26.6968
26.6968
26.6968
26.6968
26.6967
26.6967
27.0164
26.7010
26.6967
26.6967
26.6967
26.6967
26.6967
26.6967
26.6966
26.6966
26.6966
26.6966
26.6966
27.0106
26.7006
26.6966
26.6966
26.6966
26.6966
26.6966
26.6966
26.6966
26.6966
26.6966
26.6966
26.6966
27.0047
26.7003
26.6966
26.6966
26.6966
26.6966
26.6965
26.6965
26.6965
26.6965
26.6965
26.6965
26.6965
26.9993
26.7000
26.6965
26.6965
25.6441
25.5947
25.5939
25.5941
25.5942
25.5943
25.5944
25.5945
25.5945
26.1393
25.6113
25.5953
25.0191
24.9949
24.9949
24.9956
24.9962
24.9967
24.9972
24.9976
24.9980
24.9984
24.9987
24.9990
24.4854
24.2974
24.1936
24.1282
24.0871
24.0748
24.0377
24.0082
24.0010
24.0009
24.0011
24.0013
24.0014
24.0683
24.0961
24.1105
24.1220
24.1294
24.1325
24.1332
24.1364
24.1435
24.1504
24.2002
24.1803
24.1943
24.2092
24.2193
24.2240
24.2263
24.2331
24.2415
24.2633
24.2579
24.2709
24.2665
24.3136
24.3329
24.3717
24.3349
24.3370
24.3400
24.3391
24.3122
24.3138
24.3179
24.3181
24.3153
24.3145
24.3711
24.3985
24.4162
24.4215
24.4301
24.4320
24.4310
24.4323
24.4398
24.4582
24.4804
24.4972
24.5929
24.6086
24.6298
24.6223
24.6219
24.6206
24.6268
24.6354
24.6504
24.6541
24.6539
24.6781
24.6446
24.6525
24.6404
24.6362
24.6398
24.6432
24.6426
24.6496
24.6579
24.6600
24.6790
24.7096
24.5552
24.4896
24.4596
24.4474
24.4402
24.4487
24.4350
24.4286
24.4283
24.4333
24.4312
24.4279
24.4178
24.4622
24.4561
24.4376
24.4283
24.4227
24.4534
24.4606
24.4651
24.4676
24.4671
24.4707
24.5677
24.6001
24.6324
24.6366
24.6489
24.6562
24.6596
24.6637
24.7182
24.7195
24.7504
24.7655
24.7058
24.6116
24.5671
24.5489
24.5211
24.4991
24.4970
24.4979
24.4946
24.4878
24.4851
24.4821
24.4627
24.4353
24.4453
24.4500
24.4300
24.4204
24.4014
24.3953
24.3891
24.3854
24.3813
24.3749
24.3274
24.3006
24.2840
24.2920
24.2681
24.2514
24.2331
24.2283
24.2228
24.2171
24.2090
24.2002
24.2011
24.2017
24.1940
24.1904
24.1848
24.1796
24.1761
24.1738
24.1734
24.1649
24.1554
24.1441
24.0801
24.0463
24.0260
24.0121
24.0019
24.0012
24.0010
24.0008
24.0007
24.0006
24.0005
25.0909
25.7618
26.2955
26.3996
26.4768
26.5435
26.6013
26.6515
26.6955
26.6982
26.6979
26.6978
26.6976
26.6974
26.6972
27.0829
26.7047
26.6971
26.6969
26.6968
26.6967
26.6963
26.6965
26.6964
26.6964
26.6967
26.6965
26.6964
27.0911
26.7038
26.6963
26.6962
26.6962
26.6961
26.6961
26.6960
26.6960
26.6959
26.6959
26.6959
26.6959
27.1029
26.7036
26.6959
26.6959
26.6959
26.6959
26.6959
26.6959
26.6958
26.6958
26.6958
26.6958
26.6958
27.1027
26.7035
26.6959
26.6959
26.6959
26.6958
26.6958
26.6958
26.6958
26.6958
26.6958
26.6958
26.6958
27.0995
26.7033
26.6959
26.6959
26.6959
26.6958
26.6958
26.6958
26.6958
26.6958
26.6958
26.6958
26.6958
27.0948
26.7031
26.6959
26.6959
25.6469
25.5948
25.5937
25.5939
25.5941
25.5942
25.5943
25.5944
25.5944
26.2140
25.6166
25.5954
25.0222
24.9955
24.9952
24.9959
24.9965
24.9970
24.9978
24.9982
24.9986
24.9989
24.9992
24.9995
24.5859
24.4389
24.3612
24.3112
24.2868
24.2556
24.2265
24.2038
24.1854
24.1685
24.1547
24.1457
24.1386
24.2373
24.2795
24.2973
24.3044
24.3131
24.3209
24.3243
24.3252
24.3253
24.3451
24.3594
24.3557
24.3877
24.3895
24.3962
24.4035
24.4074
24.4081
24.4409
24.4339
24.4320
24.4453
24.4641
24.4481
24.5140
24.5166
24.5330
24.5871
24.5449
24.5273
24.5229
24.4960
24.4854
24.4829
24.4796
24.4740
24.5209
24.5475
24.5653
24.5724
24.5706
24.5740
24.5759
24.5721
24.5744
24.6102
24.6884
24.6651
24.7705
24.7848
24.7829
24.7642
24.7609
24.7595
24.7578
24.7622
24.7706
24.7685
24.7714
24.8096
24.8031
24.7737
24.7648
24.7571
24.7531
24.7563
24.7589
24.7568
24.7620
24.7685
24.7686
24.8028
24.6542
24.5913
24.5576
24.5376
24.5302
24.5272
24.5224
24.5161
24.5091
24.5086
24.5162
24.5229
24.5028
24.5075
24.4967
24.5095
24.5002
24.4944
24.5044
24.5401
24.5339
24.5328
24.5319
24.5289
24.6300
24.6562
24.6741
24.6841
24.6869
24.6964
24.7053
24.7092
24.7547
24.7555
24.7768
24.7572
24.6900
24.6345
24.5925
24.5729
24.5510
24.5392
24.5325
24.5279
24.5291
24.5286
24.5304
24.5301
24.5042
24.4970
24.5132
24.4900
24.4771
24.4742
24.4546
24.4506
24.4446
24.4376
24.4298
24.4248
24.3812
24.3571
24.3423
24.3328
24.3204
24.3079
24.2929
24.2851
24.2766
24.2680
24.2801
24.2786
24.2763
24.2668
24.2597
24.2558
24.2502
24.2437
24.2368
24.2294
24.2312
24.2253
24.2187
24.2123
24.1436
24.1112
24.0915
24.0781
24.0676
24.0588
24.0508
24.0434
24.0362
24.0293
24.0226
25.1347
25.8152
26.3540
26.4604
26.5415
26.6119
26.6733
26.6987
26.6987
26.6983
26.6981
26.6978
26.6975
26.6974
26.6972
27.1192
26.7065
26.6971
26.6969
26.6968
26.6966
26.6960
26.6964
26.6962
26.6965
26.6967
26.6965
26.6964
27.1297
26.7057
26.6963
26.6962
26.6961
26.6960
26.6960
26.6959
26.6959
26.6958
26.6958
26.6958
26.6958
27.1410
26.7054
26.6958
26.6958
26.6958
26.6958
26.6957
26.6957
26.6957
26.6957
26.6957
26.6956
26.6956
27.1374
26.7051
26.6957
26.6957
26.6957
26.6957
26.6957
26.6956
26.6956
26.6956
26.6956
26.6956
26.6956
27.1321
26.7047
26.6957
26.6957
26.6957
26.6956
26.6956
26.6956
26.6956
26.6956
26.6956
26.6956
26.6956
27.1231
26.7042
26.6957
26.6957
25.6474
25.5948
25.5936
25.5938
25.5940
25.5941
25.5942
25.5943
25.5944
26.2355
25.6183
25.5954
25.0231
24.9957
24.9954
24.9960
24.9966
24.9972
24.9977
24.9981
24.9984
24.9987
24.9990
24.9993
24.6159
24.4756
24.4013
24.3531
24.3343
24.3068
24.2881
24.2972
24.2655
24.2441
24.2292
24.2171
24.2074
24.3062
24.3546
24.3779
24.3882
24.3924
24.3979
24.4063
24.4128
24.4314
24.4258
24.4419
24.4384
24.4642
24.4773
24.4831
24.4910
24.4997
24.5055
24.5222
24.5466
24.5346
24.5326
24.5305
24.5564
24.6832
24.6657
24.6317
24.6736
24.6177
24.6401
24.6150
24.5960
24.5835
24.5768
24.5768
24.5766
24.6403
24.6524
24.6637
24.6759
24.6794
24.6753
24.6777
24.6791
24.6785
24.7527
24.7369
24.7153
24.8424
24.9104
24.8860
24.8590
24.8541
24.8572
24.8632
24.8685
24.8845
24.8792
24.8739
24.9214
24.9588
24.9022
24.8772
24.8699
24.8640
24.8603
24.8642
24.8675
24.8655
24.8704
24.9209
24.9148
24.7621
24.6992
24.6677
24.6484
24.6343
24.6263
24.6238
24.6212
24.6161
24.6116
24.6125
24.6085
24.6016
24.6079
24.5951
24.6018
24.6088
24.6145
24.6316
24.6256
24.6209
24.6213
24.6255
24.6271
24.7000
24.7494
24.7777
24.7836
24.7884
24.7887
24.7945
24.8030
24.8369
24.8372
24.8590
24.8462
24.8252
24.7310
24.6701
24.6477
24.6364
24.6290
24.6227
24.6155
24.6172
24.6095
24.6107
24.6116
24.5806
24.5672
24.5556
24.5621
24.5449
24.5431
24.5286
24.5272
24.5226
24.5160
24.5081
24.4993
24.4516
24.4245
24.4078
24.3983
24.3911
24.3828
24.3679
24.3537
24.3457
24.3367
24.3260
24.3185
24.3210
24.3360
24.3240
24.3196
24.3140
24.3074
24.3065
24.2957
24.2866
24.2800
24.2710
24.2641
24.2001
24.1854
24.1577
24.1404
24.1248
24.1165
24.1085
24.1010
24.0936
24.0864
24.0794
25.1959
25.8781
26.4175
26.5239
26.6034
26.6717
26.6991
26.6991
26.6988
26.6985
26.6982
26.6979
26.6977
26.6975
26.6974
27.1315
26.7073
26.6973
26.6971
26.6969
26.6968
26.6967
26.6966
26.6963
26.6966
26.6968
26.6967
26.6965
27.1394
26.7064
26.6965
26.6964
26.6963
26.6962
26.6962
26.6961
26.6961
26.6960
26.6960
26.6960
26.6959
27.1449
26.7059
26.6961
26.6960
26.6960
26.6960
26.6959
26.6959
26.6959
26.6959
26.6959
26.6959
26.6959
27.1386
26.7055
26.6960
26.6960
26.6960
26.6960
26.6959
26.6959
26.6959
26.6959
26.6959
26.6959
26.6959
27.1317
26.7051
26.6960
26.6960
26.6960
26.6960
26.6960
26.6960
26.6960
26.6960
26.6960
26.6960
26.6960
27.1227
26.7048
26.6961
26.6961
25.6480
25.5952
25.5941
25.5942
25.5943
25.5945
25.5946
25.5947
25.5947
26.2360
25.6187
25.5957
25.0228
24.9954
24.9951
24.9958
24.9965
24.9971
24.9976
24.9981
24.9985
24.9988
24.9992
24.9995
24.6274
24.4372
24.3411
24.2816
24.2399
24.2076
24.1808
24.1575
24.1365
24.1174
24.0998
24.0853
24.0725
24.0863
24.0857
24.0795
24.0708
24.0613
24.0515
24.0418
24.0324
24.0232
24.0143
24.0081
24.0032
24.0379
24.0501
24.0527
24.0511
24.0473
24.0427
24.0378
24.0365
24.0363
24.0344
24.0311
24.0272
24.0099
24.0033
24.0029
24.0028
24.0028
24.0028
24.0028
24.0027
24.0027
24.0027
24.0027
24.0026
24.0104
24.0162
24.0196
24.0200
24.0186
24.0165
24.0140
24.0111
24.0120
24.0146
24.0154
24.0143
24.0040
24.0034
24.0032
24.0031
24.0031
24.0030
24.0030
24.0029
24.0029
24.0028
24.0028
24.0028
24.0027
24.0026
24.0026
24.0025
24.0025
24.0025
24.0024
24.0024
24.0024
24.0023
24.0023
24.0023
24.0022
24.0020
24.0019
24.0017
24.0016
24.0015
24.0014
24.0013
24.0012
24.0012
24.0011
24.0011
24.0010
24.0009
24.0008
24.0007
24.0006
24.0005
24.0005
24.0004
24.0003
24.0003
24.0003
24.0002
24.0002
24.0002
24.0003
24.0003
24.0003
24.0003
24.0003
24.0003
24.0003
24.0003
24.0003
24.8151
25.2606
25.5780
25.8247
26.0233
26.1798
26.2988
26.3900
26.4617
26.5198
26.5682
26.6097
26.9460
26.7062
26.7008
26.7003
26.6999
26.6995
26.6992
26.6989
26.6986
26.6984
26.6982
26.6980
26.6978
27.0411
26.7041
26.6978
26.6976
26.6974
26.6973
26.6972
26.6971
26.6969
26.6969
26.6968
26.6967
26.6966
27.0777
26.7035
26.6966
26.6965
26.6965
26.6964
26.6964
26.6963
26.6963
26.6963
26.6962
26.6962
26.6962
27.0979
26.7038
26.6962
26.6962
26.6962
26.6961
26.6961
26.6961
26.6961
26.6960
26.6960
26.6960
26.6960
27.1092
26.7041
26.6961
26.6960
26.6960
26.6960
26.6960
26.6960
26.6959
26.6959
26.6959
26.6959
26.6959
27.1154
26.7043
26.6959
26.6959
26.6959
26.6959
26.6959
26.6959
26.6958
26.6958
26.6958
26.6958
26.6958
27.1176
26.7042
26.6959
26.6958
26.6958
26.6958
26.6958
26.6958
26.6958
26.6958
26.6957
26.6957
26.6957
27.1166
26.7041
26.6958
26.6958
26.6958
26.6958
26.6957
26.6957
26.6957
26.6957
26.6957
26.6957
26.6957
27.1128
26.7039
26.6958
26.6958
26.6958
26.6958
26.6958
26.6957
26.6957
26.6957
26.6957
26.6957
26.6957
27.1069
26.7036
26.6958
26.6958
26.6958
26.6958
26.6958
26.6958
26.6958
26.6958
26.6958
26.6958
26.6958
27.0993
26.7033
26.6959
26.6959
26.6959
26.6958
26.6958
26.6958
26.6958
26.6958
26.6958
26.6958
26.6958
27.0912
26.7030
26.6956
26.6957
26.6957
26.6957
26.6957
26.6957
26.6957
26.6957
26.6958
26.6958
26.6958
27.1352
26.7052
26.6960
26.6959
26.6959
26.6959
26.6959
26.6959
26.6959
26.6958
26.6958
26.6958
26.6958
27.1455
26.7058
26.6960
26.6959
26.6959
26.6959
26.6959
26.6958
26.6958
26.6958
26.6958
26.6958
26.6958
27.1598
26.7065
26.6959
26.6959
26.6959
26.6958
26.6958
26.6958
26.6958
26.6957
26.6957
26.6957
26.6957
27.1777
26.7072
26.6959
26.6958
26.6957
26.6957
26.6957
26.6957
26.6956
26.6956
26.6955
26.6955
26.6955
27.2101
26.7089
26.6960
26.6958
26.6957
26.6957
26.6957
26.6957
26.6956
26.6956
26.6956
26.6956
26.6956
27.2258
26.7102
26.6961
26.6958
26.6958
26.6958
26.6957
26.6957
26.6955
26.6955
26.6955
26.6955
26.6956
27.2614
26.7127
26.6962
26.6959
26.6959
26.6958
26.6958
26.6959
26.6959
26.6958
26.6958
26.6958
26.6957
27.2459
26.7120
26.6963
26.6960
26.6960
26.6959
26.6960
26.6959
26.6959
26.6958
26.6958
26.6957
26.6957
27.2298
26.7108
26.6961
26.6959
26.6958
26.6958
26.6958
26.6957
26.6957
26.6957
26.6956
26.6956
26.6956
27.2351
26.7112
26.6961
26.6958
26.6958
26.6957
26.6957
26.6956
26.6956
26.6956
26.6956
26.6955
26.6955
27.2394
26.7115
26.6960
26.6960
26.6959
26.6958
26.6957
26.6956
26.6955
26.6955
26.6954
26.6954
26.6953
27.2100
26.7091
26.6956
26.6954
26.6954
26.6953
26.6953
26.6952
26.6952
26.6952
26.6952
26.6951
26.6951
27.2069
26.7086
26.6955
26.6953
26.6953
26.6953
26.6952
26.6952
26.6952
26.6952
26.6952
26.6952
26.6952
27.2032
26.7085
26.6955
26.6954
26.6953
26.6953
26.6953
26.6953
26.6952
26.6952
26.6952
26.6952
26.6952
27.1990
26.7082
26.6955
26.6954
26.6954
26.6954
26.6953
26.6953
26.6953
26.6953
26.6953
26.6953
26.6952
27.1926
26.7079
26.6956
26.6954
26.6954
26.6954
26.6953
26.6953
26.6953
26.6953
26.6953
26.6952
26.6952
27.1856
26.7074
26.6955
26.6954
26.6954
26.6953
26.6953
26.6953
26.6953
26.6952
26.6952
26.6952
26.6952
27.1802
26.7070
26.6955
26.6953
26.6953
26.6953
26.6952
26.6952
26.6952
26.6952
26.6952
26.6951
26.6951
27.1806
26.7068
26.6954
26.6953
26.6952
26.6952
26.6951
26.6951
26.6951
26.6951
26.6951
26.6951
26.6951
27.1720
26.7063
26.6953
26.6953
26.6953
26.6953
26.6953
26.6953
26.6953
26.6953
26.6953
26.6953
26.6953
27.1477
26.7052
26.6955
26.6955
25.6478
25.5946
25.5935
25.5937
25.5939
25.5940
25.5942
25.5943
25.5944
26.2551
25.6200
25.5955
25.0236
24.9957
24.9954
24.9961
24.9966
24.9971
24.9976
24.9980
24.9984
24.9988
24.9991
24.9994
24.6266
24.4938
24.4227
24.3758
24.3492
24.3264
24.2987
24.2903
24.2791
24.2708
24.2482
24.2481
24.2288
24.3208
24.3592
24.3752
24.3874
24.3971
24.4017
24.4031
24.4029
24.4082
24.4158
24.4355
24.4101
24.4478
24.4628
24.4751
24.4819
24.4851
24.4885
24.5123
24.5284
24.5218
24.5333
24.5278
24.5303
24.5574
24.5848
24.5832
24.6193
24.6111
24.5953
24.5785
24.5775
24.5820
24.5854
24.5849
24.5818
24.6368
24.6666
24.6819
24.6849
24.6950
24.7000
24.7149
24.7058
24.7090
24.8031
24.8195
24.7994
24.8942
24.9150
24.9084
24.8972
24.8985
24.9113
24.9221
24.9198
24.9158
24.9153
24.9350
24.9443
24.9154
24.9058
24.9038
24.9138
24.9097
24.9126
24.9123
24.9139
24.9209
24.9257
24.9261
24.9508
24.8267
24.7590
24.7239
24.7089
24.7036
24.6991
24.6935
24.6872
24.6848
24.6859
24.6923
24.6874
24.6738
24.6816
24.7057
24.6894
24.6956
24.7107
24.7192
24.7136
24.7168
24.7326
24.7235
24.7340
24.8000
24.8544
24.8660
24.8725
24.8794
24.8898
24.8980
24.9009
24.9212
24.9531
25.0009
24.9670
24.8808
24.8321
24.8261
24.7918
24.7663
24.7478
24.7391
24.7396
24.7399
24.7365
24.7358
24.7345
24.7155
24.6899
24.6945
24.6827
24.6748
24.6692
24.6594
24.6531
24.6465
24.6392
24.6339
24.6302
24.5854
24.5603
24.5448
24.5328
24.5194
24.5080
24.4976
24.4864
24.4783
24.4757
24.4683
24.4620
24.4839
24.4756
24.4810
24.4674
24.4575
24.4489
24.4408
24.4377
24.4314
24.4261
24.4200
24.4417
24.3445
24.3151
24.2913
24.2784
24.2677
24.2587
24.2493
24.2405
24.2320
24.2237
24.2153
25.3449
26.0329
26.5762
26.6813
26.7000
26.6997
26.6993
26.6989
26.6985
26.6982
26.6979
26.6976
26.6973
26.6972
26.6970
27.1869
26.7098
26.6971
26.6968
26.6966
26.6965
26.6964
26.6962
26.6960
25.7211
25.1168
24.8111
24.6413
25.7036
25.1273
24.7509
24.5569
24.4436
24.3682
24.3114
24.2644
24.2229
24.1849
24.1492
24.1151
24.0824
25.1676
24.6641
24.3268
24.1566
24.0599
23.9975
23.9517
23.9144
23.8818
23.8520
23.8239
23.7970
23.7711
24.8345
24.3570
24.0311
23.8678
23.7766
23.7192
23.6782
23.6455
23.6173
23.5916
23.5675
23.5445
23.5222
24.5661
24.1078
23.7895
23.6302
23.5420
23.4872
23.4486
23.4183
23.3923
23.3689
23.3468
23.3258
23.3054
24.3312
23.8885
23.5759
23.4191
23.3327
23.2794
23.2423
23.2134
23.1889
23.1668
23.1462
23.1266
23.1076
24.1166
23.6885
23.3807
23.2264
23.1892
23.1605
23.1376
23.1182
23.1008
23.0849
23.0699
23.0556
23.0420
23.0289
23.0161
25.2791
26.6172
26.6692
26.6695
26.6695
26.6694
26.6693
26.6694
26.6692
26.6692
26.6692
26.6694
26.6694
26.6791
26.7038
26.7352
26.7701
26.8094
26.8559
26.9035
26.9483
27.0039
27.0416
27.0998
27.1407
27.2004
27.2495
27.2955
27.3436
27.3891
27.4291
27.5028
27.5264
27.5590
27.5918
27.6222
27.6759
27.7569
27.8571
27.8783
27.8778
27.9036
27.9113
27.9402
27.9536
27.9691
27.9926
28.0194
28.0424
28.1122
28.1613
28.2031
28.2362
28.2601
28.2851
28.3130
28.3375
28.3569
28.4043
28.4452
28.4545
28.5736
28.6345
28.6722
28.6893
28.7134
28.7413
28.7633
28.7854
28.8222
28.8394
28.8549
28.9309
28.9116
28.9265
28.9281
28.9407
28.9522
28.9683
28.9908
29.0114
29.0287
29.0538
29.0901
29.1054
29.0040
28.9589
28.9498
28.9376
28.9337
28.9397
28.9519
28.9636
28.9729
28.9805
28.9911
29.0061
29.0142
29.0328
29.0472
29.0509
29.0643
29.1024
29.1097
29.1404
29.1537
29.2054
29.2164
29.2306
29.3139
29.3674
29.4134
29.4531
29.4833
29.5166
29.5404
29.5673
29.5902
29.6189
29.6685
29.6985
29.6254
29.6014
29.5542
29.5344
29.5311
29.5347
29.5409
29.5481
29.5558
29.5641
29.5778
29.6038
29.5822
29.5829
29.5761
29.5742
29.5749
29.5781
29.5856
29.5938
29.6000
29.6042
29.6068
29.6081
29.5715
29.5487
29.5348
29.5276
29.5233
29.5196
29.5160
29.5129
29.5102
29.5182
29.5129
29.5298
29.5329
29.5350
29.5399
29.5462
29.5509
29.5541
29.5561
29.5573
29.5581
29.5585
29.5587
29.5589
29.5052
29.4741
29.4555
29.4437
29.4365
29.4322
29.4298
29.4285
29.4281
29.4282
29.4287
28.2898
27.4134
26.8907
26.6093
26.4418
26.3279
26.2407
26.1678
26.1035
26.0447
25.9897
25.9378
27.1804
26.5458
26.1568
25.9613
25.8482
25.7728
25.7160
25.6693
25.6277
25.6028
25.5592
25.5352
25.4795
26.6529
26.0412
25.6659
25.4794
25.3734
25.3037
25.2512
25.2072
25.1677
25.1308
25.0956
25.0615
25.0282
26.2002
25.6362
25.2804
25.1032
25.0029
24.9376
24.8891
24.8491
24.8136
24.7806
24.7494
24.7192
24.6899
25.8345
25.2964
24.9502
24.7782
24.6817
24.6199
24.5747
24.5379
24.5055
24.4756
24.4473
24.4200
24.3935
25.5134
24.9962
24.6581
24.4898
24.3959
24.3364
24.2933
24.2585
24.2280
24.2000
24.1735
24.1480
24.1231
25.2196
24.7225
24.3901
24.2243
24.1320
24.0738
24.0320
23.9985
23.9694
23.9429
23.9178
23.8936
23.8702
24.9448
24.4656
24.1391
23.9759
23.8854
23.8289
23.7893
23.8055
23.8008
23.7884
23.7728
23.7561
23.7390
23.7220
23.7052
23.6888
23.6727
23.6569
25.9048
26.6597
26.6698
26.6699
26.6699
26.6699
26.6700
26.6926
26.7139
26.7729
26.8130
26.8416
26.8765
27.0213
27.1240
27.2092
27.2820
27.3433
27.3969
27.4466
27.5000
27.5532
27.6139
27.6531
27.6923
27.7572
27.8155
27.8647
27.9074
27.9486
27.9935
28.0369
28.0990
28.1238
28.1671
28.2110
28.2505
28.3026
28.4016
28.4205
28.4712
28.4783
28.5034
28.5080
28.5264
28.5488
28.5692
28.5872
28.6106
28.6873
28.7372
28.7699
28.8008
28.8308
28.8542
28.8718
28.8955
28.9213
28.9849
28.9955
29.0185
29.1581
29.1896
29.2500
29.2593
29.2736
29.2899
29.3237
29.3419
29.3561
29.3782
29.4111
29.4526
29.4410
29.4471
29.4555
29.4683
29.4888
29.5087
29.5243
29.5478
29.5729
29.5918
29.6138
29.6402
29.5606
29.5026
29.4774
29.4723
29.4746
29.4788
29.4835
29.4916
29.5048
29.5180
29.5280
29.5354
29.5370
29.5668
29.5816
29.5845
29.5896
29.6162
29.6428
29.6696
29.6825
29.6955
29.6982
29.6982
29.6978
29.6979
29.6980
29.6981
29.6981
29.6982
29.6982
29.6983
29.6983
29.6982
29.6984
29.6984
29.6987
29.6987
29.6984
29.6983
29.6983
29.6982
29.6981
29.6980
29.6978
29.6978
29.6978
29.6977
29.6978
29.6977
29.6974
29.6975
29.6975
29.6974
29.6974
29.6974
29.6973
29.6973
29.6973
29.6972
29.6974
29.6974
29.6973
29.6973
29.6972
29.6972
29.6972
29.6972
29.6971
29.6971
29.6971
29.6970
29.6970
29.6970
29.6970
29.6970
29.6970
29.6970
29.6970
29.6970
29.6970
29.6970
29.6970
29.6970
29.6974
29.6973
29.6972
29.6972
29.6971
29.6971
29.6970
29.6970
29.6970
29.6969
29.6969
28.5661
27.7087
27.1975
26.8984
26.7233
26.6053
26.5156
26.4408
26.3747
26.3141
26.2576
26.2171
27.4905
26.8277
26.4284
26.2284
26.1129
26.0356
25.9768
25.9277
25.8839
25.8568
25.8251
25.8056
26.6877
27.4963
26.7378
26.7000
26.6982
26.6977
26.6974
26.6970
26.6967
26.6965
26.6962
26.6961
26.6959
26.6957
27.4822
26.7308
26.6969
26.6958
26.6956
26.6955
26.6954
26.6953
26.6953
26.6952
26.6951
26.6951
26.6951
27.4501
26.7270
26.6962
26.6953
26.6952
26.6952
26.6951
26.6951
26.6950
26.6950
26.6950
26.6950
26.6949
27.4170
26.7239
26.6960
26.6952
26.6951
26.6951
26.6951
26.6950
26.6950
26.6950
26.6950
26.6949
26.6949
27.3832
26.7210
26.6958
26.6952
26.6951
26.6951
26.6951
25.9630
25.6111
25.5939
25.5937
25.5941
25.5944
26.5957
25.8434
25.6069
25.5961
25.5957
25.5957
25.2950
25.1778
25.1076
25.0585
25.0202
24.9999
24.9992
24.9995
24.9998
25.0001
25.0003
25.0005
24.9336
24.9341
24.9349
24.9309
24.9349
24.9232
24.9215
24.9134
24.8897
24.8869
24.8659
24.8517
24.8438
24.9426
24.9844
25.0015
25.0075
25.0118
25.0183
25.0378
25.0319
25.0425
25.0636
25.0641
25.0548
25.0834
25.0829
25.0845
25.0899
25.0939
25.0942
25.1067
25.1315
25.1188
25.1262
25.1122
25.1775
25.1921
25.2156
25.1841
25.1521
25.1379
25.1631
25.1525
25.1344
25.1228
25.1199
25.1188
25.1136
25.1708
25.1836
25.1964
25.1987
25.1921
25.1912
25.1926
25.1881
25.1831
25.1846
25.2020
25.2214
25.3489
25.3613
25.3492
25.3329
25.3302
25.3320
25.3287
25.3300
25.3349
25.3360
25.3315
25.4048
25.3795
25.3509
25.3431
25.3269
25.3138
25.3103
25.3121
25.3105
25.3085
25.3126
25.3145
25.3139
25.1793
25.1253
25.1109
25.0847
25.0672
25.0598
25.0553
25.0505
25.0405
25.0350
25.0332
25.0277
25.0148
25.0321
25.0239
25.0206
25.0204
25.0201
25.0468
25.0302
25.0357
25.0272
25.0231
25.0202
25.0891
25.1218
25.1420
25.1543
25.1593
25.1611
25.1684
25.1755
25.2059
25.2195
25.2488
25.2529
25.1387
25.0574
25.0167
25.0073
24.9991
24.9876
24.9949
24.9850
24.9756
24.9682
24.9692
24.9830
24.9374
24.9214
24.9067
24.9112
24.8941
24.8889
24.8759
24.8715
24.8643
24.8555
24.8457
24.8353
24.7864
24.7594
24.7577
24.7402
24.7282
24.7107
24.6903
24.6805
24.6698
24.6766
24.6674
24.6472
24.6606
24.6453
24.6400
24.6334
24.6253
24.6164
24.6089
24.5983
24.5926
24.5821
24.5710
24.5631
24.5017
24.4629
24.4424
24.4274
24.4152
24.4044
24.3945
24.3851
24.3761
24.3673
24.3587
25.5006
26.1939
26.4319
26.6138
26.6984
26.6991
26.6987
26.6983
26.6980
26.6977
26.6974
26.6972
26.6970
26.6967
27.2090
26.7112
26.6970
26.6966
26.6965
26.6963
26.6962
26.6960
26.6959
26.6956
26.6961
26.6963
26.6962
27.1910
26.7091
26.6962
26.6960
26.6959
26.6958
26.6957
26.6957
26.6956
26.6955
26.6955
26.6955
26.6954
27.1977
26.7084
26.6957
26.6955
26.6955
26.6955
26.6954
26.6954
26.6954
26.6953
26.6953
26.6953
26.6953
27.1933
26.7079
26.6956
26.6955
26.6954
26.6954
26.6954
26.6954
26.6953
26.6953
26.6953
26.6953
26.6953
27.1881
26.7075
26.6955
26.6954
26.6954
26.6954
26.6954
26.6953
26.6953
26.6953
26.6953
26.6953
26.6953
27.1825
26.7072
26.6955
26.6955
26.6954
25.6482
25.5947
25.5934
25.5937
25.5939
25.5941
25.5942
25.5943
26.2995
25.6240
25.5957
25.5950
25.0249
24.9960
24.9955
24.9962
24.9968
24.9973
24.9978
24.9982
24.9986
24.9989
24.9992
24.9995
24.6809
24.5691
24.5111
24.4719
24.4542
24.4302
24.4080
24.3911
24.3933
24.3734
24.3589
24.3473
24.3379
24.4323
24.4744
24.4990
24.5134
24.5198
24.5222
24.5243
24.5315
24.5390
24.5424
24.5437
24.5625
24.5980
24.6051
24.6100
24.6112
24.6151
24.6230
24.6293
24.6617
24.6469
24.6450
24.6477
24.6644
24.7079
24.7303
24.7486
24.7476
24.7458
24.7448
24.7237
24.7097
24.7027
24.6957
24.6897
24.6903
24.7429
24.7663
24.7755
24.7892
24.7939
24.7943
24.7878
24.7923
24.7970
24.8260
24.8105
24.8673
25.0058
24.9879
24.9911
24.9776
24.9692
24.9664
24.9706
24.9717
24.9771
24.9824
24.9834
24.9804
24.9666
24.9768
24.9645
24.9619
24.9650
24.9659
24.9652
24.9713
24.9768
24.9762
24.9812
24.9905
24.8529
24.7940
24.7685
24.7572
24.7486
24.7402
24.7319
24.7291
24.7291
24.7307
24.7290
24.7203
24.7096
24.7354
24.7495
24.7252
24.7562
24.7270
24.7157
24.7288
24.7352
24.7512
24.7566
24.7492
24.8236
24.8590
24.8752
24.9009
24.9073
24.9116
24.9120
24.9152
24.9963
24.9815
25.0031
24.9874
24.8693
24.8142
24.7874
24.7697
24.7534
24.7562
24.7438
24.7420
24.7414
24.7341
24.7321
24.7741
24.7332
24.7027
24.7175
24.6928
24.6782
24.6676
24.6587
24.6504
24.6432
24.6390
24.6345
24.6279
24.5806
24.5538
24.5355
24.5360
24.5159
24.5011
24.4894
24.4815
24.4745
24.4667
24.4735
24.4576
24.4591
24.4553
24.4494
24.4426
24.4353
24.4288
24.4244
24.4198
24.4135
24.4064
24.3989
24.3913
24.3255
24.2916
24.2711
24.2568
24.2457
24.2361
24.2275
24.2197
24.2134
24.2075
24.2011
24.1945
24.1678
24.1519
24.1402
24.1304
24.1214
24.1128
24.1043
24.0958
24.0874
24.1098
24.1014
25.2015
24.7163
24.3943
24.2415
24.1633
24.1198
24.0929
24.0744
24.0602
24.0640
24.0615
24.0411
24.0121
25.0728
24.5758
24.2495
24.0929
24.0107
24.0006
24.0000
24.0000
23.9999
23.9999
23.9999
23.9999
23.9999
25.0224
24.5113
24.1755
24.0132
24.0006
23.9999
23.9999
23.9999
23.9999
23.9999
23.9998
23.9998
23.9998
24.9872
24.4610
24.1157
24.0064
24.0002
23.9998
23.9998
23.9998
23.9998
23.9998
23.9998
23.9998
23.9998
24.9586
24.4190
24.0653
24.0035
24.0000
23.9998
23.9998
23.9998
23.9998
23.9998
23.9997
23.9997
23.9997
24.9336
24.3819
24.0215
24.0010
23.9998
23.9997
23.9997
23.9997
23.9997
23.9997
23.9997
23.9997
23.9997
24.9100
24.3481
24.0195
24.0008
23.9998
23.9997
23.9998
23.9998
23.9999
24.0000
24.0000
24.0000
24.0001
24.0001
24.0001
24.0001
24.0002
24.0002
24.0001
24.0001
24.0001
24.0001
24.0001
24.0001
24.0001
24.0001
24.0001
24.0001
24.0001
24.0001
24.0001
24.0001
24.0001
24.0001
24.0001
24.0001
24.0001
24.0001
24.0001
24.0002
24.0002
24.0002
24.0002
24.0001
24.0001
24.0001
24.0002
24.0002
24.0002
24.0002
24.0002
24.0002
24.0002
24.0002
24.0002
24.0002
24.0002
24.0002
24.0002
24.0002
24.0002
24.0002
24.0002
24.0002
24.0002
24.0002
24.0002
24.0001
24.0001
24.0001
24.0001
24.0001
24.0001
24.0001
24.0001
24.0001
24.0001
24.0002
24.0002
24.0002
24.0002
24.0002
24.0002
24.0002
24.0002
24.0002
24.0002
24.0002
24.0002
24.0002
24.0002
24.0002
24.0002
24.0002
24.0002
24.0002
24.0002
24.0002
24.0002
24.0002
24.0002
24.0002
24.0002
24.0002
24.0002
24.0002
24.0002
24.0002
24.0002
24.0002
24.0002
24.0002
24.0001
24.0001
24.0001
24.0002
24.0002
24.0002
24.0001
24.0001
24.0001
24.0001
24.0001
24.0001
24.0001
24.0001
24.0001
24.0001
24.0001
24.0001
24.0001
24.0001
24.0001
24.0001
24.0001
24.0001
24.0001
24.0001
24.0001
24.0002
24.0003
24.0003
24.0003
24.0003
24.0003
24.0003
24.0003
24.0002
24.0002
24.0002
24.9842
24.4571
24.1066
24.0060
24.0004
24.0001
24.0001
24.0001
24.0001
24.0001
24.0000
24.0000
24.0000
24.9322
24.3794
24.0214
24.0012
24.0000
23.9999
23.9999
23.9999
23.9998
23.9998
23.9998
23.9998
23.9998
24.9225
24.3672
24.0206
24.0010
23.9998
23.9998
23.9998
23.9997
23.9997
23.9997
23.9997
23.9997
23.9997
24.9120
24.3519
24.0197
24.0009
23.9998
23.9997
23.9997
23.9997
23.9997
23.9997
23.9997
23.9997
23.9997
24.9002
24.3350
24.0188
24.0008
23.9998
23.9997
23.9997
23.9997
23.9997
23.9997
23.9997
23.9997
23.9997
24.8878
24.3166
24.0177
24.0007
23.9997
23.9997
23.9997
23.9997
23.9997
23.9997
23.9997
23.9996
23.9996
24.8751
24.2971
24.0166
24.0006
23.9997
23.9997
23.9996
23.9996
23.9996
23.9996
23.9996
23.9996
23.9996
24.8614
24.2766
24.0154
24.0005
23.9997
23.9996
23.9996
23.9996
23.9996
23.9996
23.9996
23.9996
23.9996
24.8482
24.2560
24.0142
24.0005
23.9997
23.9996
23.9996
23.9996
23.9996
23.9996
23.9996
23.9996
23.9996
24.8351
24.2361
24.0131
24.0004
23.9996
23.9996
23.9996
23.9996
23.9996
23.9996
23.9996
23.9996
23.9996
24.8224
24.2170
24.0120
24.0003
23.9996
23.9996
23.9996
23.9996
23.9996
23.9996
23.9996
23.9995
23.9995
24.8109
24.2003
24.0110
24.0003
23.9997
23.9997
23.9997
23.9997
23.9997
23.9997
23.9997
23.9998
23.9998
24.8438
24.2503
24.0140
24.0006
23.9999
23.9998
23.9998
23.9998
23.9998
23.9998
23.9998
23.9998
23.9998
24.8479
24.2565
24.0144
24.0007
23.9999
23.9998
23.9998
23.9998
23.9998
23.9998
23.9998
23.9998
23.9998
24.8576
24.2717
24.0153
24.0007
23.9999
23.9999
23.9999
23.9998
23.9998
23.9998
23.9998
23.9998
23.9998
24.8712
24.2931
24.0165
24.0008
23.9999
23.9999
23.9999
23.9999
23.9999
23.9999
23.9999
23.9999
23.9999
24.8987
24.3338
24.0188
24.0010
24.0000
23.9999
23.9999
23.9999
23.9999
23.9999
23.9999
23.9999
23.9999
24.9088
24.3478
24.0196
24.0011
24.0000
24.0000
24.0000
24.0000
24.0000
24.0000
24.0000
24.0000
24.0000
24.9415
24.3968
24.0322
24.0019
24.0002
24.0001
24.0001
24.0001
24.0000
24.0000
24.0000
24.0000
24.0000
24.9300
24.3792
24.0214
24.0012
24.0001
24.0000
24.0000
24.0000
24.0000
24.0000
23.9999
23.9999
23.9999
24.9281
24.3756
24.0212
24.0011
24.0000
23.9999
23.9999
23.9999
23.9999
23.9999
23.9999
23.9999
23.9999
24.9355
24.3862
24.0244
24.0013
24.0000
23.9999
23.9999
23.9999
23.9999
23.9999
23.9999
23.9999
23.9999
24.9384
24.3903
24.0290
24.0015
24.0000
23.9999
23.9998
23.9998
23.9998
23.9998
23.9998
23.9998
23.9998
24.9089
24.3463
24.0195
24.0009
23.9998
23.9997
23.9997
23.9997
23.9997
23.9997
23.9997
23.9997
23.9997
24.9029
24.3378
24.0190
24.0008
23.9998
23.9997
23.9997
23.9997
23.9997
23.9997
23.9997
23.9997
23.9997
24.8943
24.3260
24.0183
24.0008
23.9998
23.9997
23.9997
23.9997
23.9997
23.9997
23.9997
23.9997
23.9997
24.8849
24.3119
24.0174
24.0007
23.9997
23.9997
23.9997
23.9997
23.9997
23.9997
23.9997
23.9997
23.9997
24.8743
24.2961
24.0165
24.0006
23.9997
23.9997
23.9997
23.9996
23.9996
23.9996
23.9996
23.9996
23.9996
24.8629
24.2786
24.0155
24.0006
23.9997
23.9996
23.9996
23.9996
23.9996
23.9996
23.9996
23.9996
23.9996
24.8517
24.2611
24.0145
24.0005
23.9997
23.9996
23.9996
23.9996
23.9996
23.9996
23.9996
23.9996
23.9996
24.8394
24.2427
24.0135
24.0004
23.9996
23.9996
23.9996
23.9996
23.9996
23.9996
23.9996
23.9996
23.9996
24.8271
24.2240
24.0124
24.0003
23.9996
23.9996
23.9996
23.9996
23.9996
23.9996
23.9996
23.9996
23.9995
24.8145
24.2050
24.0113
24.0002
24.5719
24.9352
25.1906
25.3927
25.5585
25.5970
25.5971
25.5969
25.5967
26.0337
25.6073
25.5965
25.0185
24.9969
24.9967
24.9971
24.9974
24.9978
24.9981
24.9983
24.9986
24.9988
24.9991
24.9993
24.3652
24.1047
24.0028
23.9981
23.9977
23.9982
23.9987
23.9991
23.9993
23.9995
23.9996
23.9998
23.9999
23.9999
24.0007
24.0014
24.0021
24.0026
24.0030
24.0034
24.0037
24.0112
24.0464
24.0346
24.0380
24.0505
24.0598
24.0633
24.0668
24.0764
24.0865
24.1074
24.1191
24.1129
24.1323
24.1439
24.1354
24.2468
24.2166
24.2255
24.2160
24.2261
24.2465
24.2120
24.2046
24.2001
24.1957
24.1965
24.2009
24.2566
24.2808
24.3019
24.3114
24.3179
24.3202
24.3238
24.3301
24.3366
24.4144
24.4145
24.4358
24.5612
24.5471
24.5745
24.5567
24.5454
24.5469
24.5528
24.5561
24.5588
24.5726
24.5735
24.5911
24.5719
24.6237
24.6036
24.6007
24.5890
24.5809
24.5806
24.5865
24.5897
24.5910
24.6292
24.6531
24.4924
24.4257
24.3961
24.3810
24.3705
24.3619
24.3570
24.3574
24.3578
24.3587
24.3586
24.3525
24.3464
24.3590
24.4118
24.3764
24.3732
24.3756
24.3835
24.4031
24.3967
24.4081
24.4006
24.4038
24.4812
24.5346
24.5437
24.5573
24.5695
24.5768
24.5792
24.5878
24.6283
24.6496
24.6746
24.6805
24.5859
24.5142
24.5358
24.4678
24.4441
24.4318
24.4318
24.4262
24.4310
24.4241
24.4207
24.4211
24.4054
24.4196
24.3963
24.3805
24.3707
24.3633
24.3525
24.3487
24.3471
24.3455
24.3413
24.3354
24.2890
24.2634
24.2500
24.2398
24.2281
24.2177
24.2047
24.2021
24.1971
24.1938
24.1998
24.1813
24.1861
24.2007
24.1855
24.1795
24.1742
24.1715
24.1705
24.1652
24.1656
24.1566
24.1667
24.1516
24.0840
24.0494
24.0294
24.0135
24.0054
24.0014
24.0010
24.0009
24.0008
24.0007
24.0006
25.0997
25.7751
26.3120
26.4184
26.4984
26.5673
26.6272
26.6795
26.6985
26.6984
26.6981
26.6978
26.6976
26.6975
26.6973
27.1010
26.7054
26.6971
26.6969
26.6968
26.6967
26.6966
26.6964
