927.4885
916.8573
906.9196
897.8560
889.3161
881.2696
865.3471
856.6308
850.2126
844.2255
838.5961
833.3006
828.3187
823.6319
819.2263
815.0856
811.1943
807.5378
804.1022
790.7350
786.4470
784.0100
781.7750
779.6861
777.7320
775.9037
774.1924
772.5910
771.0935
769.6936
768.3857
767.1641
755.0271
752.9071
752.3711
751.9227
751.5186
751.1534
750.8239
750.5275
750.2623
750.0265
749.8183
749.6361
749.4787
737.9310
736.8835
737.2671
737.6852
738.1009
738.5118
738.9173
739.3173
739.7120
740.1018
740.4869
740.8675
741.2438
729.9716
729.4950
730.3456
731.2046
726.5140
725.2234
724.2050
723.2570
722.3587
721.5019
720.6813
719.8929
719.1337
708.6048
706.3942
706.1341
708.5551
711.1692
713.7583
716.2851
718.7383
721.1120
723.3855
725.5636
727.6457
730.0274
733.1889
736.6319
746.4951
750.8746
753.6174
755.1688
758.5756
761.6202
764.2466
766.9855
770.3358
774.3178
779.1279
785.0297
791.8122
799.1131
807.2688
816.1674
825.6851
835.6622
845.9108
856.3030
866.7417
877.0134
887.0470
896.2858
905.1829
914.1778
923.1335
931.7819
939.9048
947.9776
956.0537
963.8507
971.5625
979.2358
986.8458
993.7529
999.6226
1004.2749
1007.9175
1011.0129
1014.1053
1017.5249
1020.3937
1020.5183
1022.9881
1027.2963
1032.7849
1038.9704
1045.5312
1052.2473
1058.9498
1065.9305
1072.8654
1077.8973
1081.2471
1083.0610
1083.0050
1083.8178
1085.1661
1086.5505
1087.5739
1087.8229
1086.8895
1081.4762
1075.3804
1068.7297
1061.6831
1054.8184
1048.6385
1043.3916
1038.0947
1033.0313
1028.8384
1025.7617
1023.9490
1023.3993
1023.9740
1025.5706
1028.0915
1031.3434
1035.1665
1039.4288
1044.0219
1048.7554
1053.7627
1056.7021
1060.4905
1065.1547
1070.3726
1075.9321
1081.7204
1087.6227
1093.5501
1099.4632
1105.3705
1111.2113
1114.6551
1116.6739
1117.0313
1117.9192
1119.4375
1121.5392
1123.9051
1126.4330
1129.0391
1131.6175
1134.4483
1137.2640
1140.2237
1143.2032
1146.1720
1149.2703
1152.5627
1156.1284
1159.8938
1185.5258
1207.6546
1226.5515
1242.5045
1255.7443
1266.2775
1273.4040
1277.3450
1278.2183
1275.5961
1261.8892
1256.5158
1253.8579
1250.2401
1244.3000
1237.9314
1230.5012
1222.7519
1207.1166
1191.9345
1186.3802
1181.6757
1176.7402
1173.0332
1158.5320
1145.2533
1132.9046
1121.3469
1110.4737
1100.1875
1090.4200
1081.1113
1072.3527
1075.5889
1079.2804
1080.3201
1079.3591
1077.8085
1075.8091
1073.2940
1070.4419
1059.2568
1048.7090
1038.7005
1029.1422
1019.6434
1010.5528
1001.7261
993.0746
985.1659
989.0690
991.8062
993.4248
995.1403
997.2729
998.7486
999.7276
1000.3053
999.9782
999.4012
998.6935
997.8771
996.9707
995.9901
994.9251
975.3482
956.4003
938.0666
925.9311
914.7375
904.3837
894.8195
885.9979
877.8740
870.4049
863.5275
857.1833
867.5737
877.4028
886.6752
887.1089
894.4548
902.5741
910.3024
917.6319
924.5850
931.1653
937.2600
926.6969
916.8359
907.8483
899.3809
891.4039
875.1722
866.7707
860.4279
854.5047
848.9371
843.7018
838.7786
834.1491
829.7979
825.7089
821.8670
818.2577
814.8677
801.1898
797.1247
794.7424
792.5522
790.5067
788.5945
786.8068
785.1348
783.5715
782.1103
780.7452
779.4704
778.2805
765.8217
763.8730
763.3778
762.9622
762.5889
762.2528
761.9516
761.6827
761.4440
761.2335
761.0496
760.8906
760.7550
748.8823
747.9642
748.3797
748.8232
749.2625
749.6924
750.1122
750.5220
750.9220
751.3128
751.6946
752.0677
752.4327
740.8255
740.4042
741.2460
742.0889
739.0996
738.6110
738.1538
737.6142
737.0044
736.3388
735.6299
734.8882
734.1223
723.1342
721.2836
720.8972
724.4377
727.9313
731.1180
734.0252
736.6930
739.1548
741.4377
743.5635
745.5496
747.4101
749.1562
750.7972
755.2040
756.4104
756.8584
756.7627
756.4027
756.6571
757.5429
758.7137
760.3667
762.6711
765.8585
770.0076
775.2535
781.3424
788.4605
796.5312
805.4469
815.0843
825.2343
835.7481
846.5149
857.4451
868.4259
879.2274
889.7112
899.4809
909.9112
920.0985
930.1639
940.1662
949.9098
959.2046
968.1048
976.7375
985.0989
992.7100
998.7840
1003.0754
1006.5462
1009.6097
1012.7139
1016.0828
1018.9572
1018.1905
1020.0874
1024.0455
1029.3933
1035.6324
1042.3393
1049.2529
1056.1833
1063.2759
1069.8409
1073.4879
1075.5068
1077.0373
1077.2065
1078.1693
1079.6690
1081.1497
1082.2498
1082.0555
1080.8239
1077.5555
1072.5704
1066.9720
1060.9208
1054.5342
1048.4464
1043.0079
1038.4697
1034.1633
1030.8429
1026.6718
1023.6284
1021.7295
1020.9438
1021.3602
1022.8023
1025.0157
1027.8704
1031.2446
1035.0266
1039.0490
1042.8018
1042.7219
1042.4381
1042.0195
1041.5739
1041.1964
1040.9691
1041.7084
1043.0666
1044.9672
1047.1693
1049.3236
1052.1347
1055.7160
1059.9509
1064.7337
1070.1454
1076.1174
1082.4075
1088.6168
1094.9848
1100.9856
1107.0737
1113.1116
1119.0998
1125.0245
1130.9116
1158.8788
1182.7330
1202.6337
1220.0397
1235.5150
1249.3227
1261.7886
1272.7480
1282.2752
1297.7436
1306.9151
1312.7236
1315.7106
1313.3742
1310.4605
1304.6829
1289.0729
1274.9847
1272.3600
1267.0864
1260.9966
1254.4058
1238.6895
1223.0634
1217.3987
1212.2468
1206.7639
1193.1673
1179.3603
1166.4810
1154.4240
1143.0750
1132.3400
1122.1432
1112.4208
1103.1201
1094.5568
1086.8878
1092.6681
1096.5436
1096.8339
1096.1702
1094.7934
1093.4078
1091.3771
1079.9204
1068.9075
1058.3741
1047.6656
1037.3908
1027.5274
1018.0392
1008.8814
1000.1812
992.2865
984.8895
977.6950
970.2542
974.7275
977.8858
980.0086
981.3025
981.9265
982.1340
981.9250
981.3434
980.4411
979.2853
977.9299
975.5391
956.6382
938.3537
926.1805
915.0108
904.6811
895.1146
886.2839
878.1480
870.3916
863.0661
856.3024
866.2906
875.6241
884.3053
884.8615
891.1521
898.7535
906.0049
912.8756
919.3847
908.9997
899.4759
890.5239
881.9829
874.2020
866.8596
859.9326
844.7746
836.8128
831.3276
826.2274
821.4266
816.9047
812.6444
808.6301
804.8462
801.2792
797.9164
794.7458
791.7561
778.8546
774.7080
772.6106
770.6965
768.8980
767.2050
765.6102
764.1068
762.6892
761.3522
760.0909
758.9011
757.7783
745.9968
743.6919
743.1939
742.7827
742.4010
742.0442
741.7099
741.3961
741.1015
740.8250
740.5654
740.3218
740.0934
728.8903
727.4888
727.7593
728.0718
728.3747
728.6661
728.9460
729.2146
729.4724
729.7199
729.9578
730.1865
730.4066
719.5197
718.5893
719.2492
719.9304
715.7613
714.3089
713.0594
711.8753
710.7397
709.6445
708.5846
707.5561
706.5563
696.4697
694.2576
693.7161
696.2029
698.8579
701.4810
704.0387
706.5206
708.9204
711.2107
713.4223
715.5551
717.6073
719.5778
721.4662
726.4737
728.0130
728.8947
729.3154
730.2708
731.3818
732.3648
733.3297
734.5570
736.2536
738.5896
741.5910
745.3116
749.8114
755.0540
761.0075
767.6410
774.8772
782.7481
791.3572
800.5236
810.0798
819.7692
829.4927
839.1580
849.3507
859.8288
870.3302
880.6769
890.9260
900.7108
909.8022
918.3945
926.5634
934.3238
941.3318
947.2028
952.0770
955.8009
959.2938
962.5943
965.9212
968.5766
969.7684
972.8623
977.6200
983.6144
990.5123
998.0328
1005.9417
1014.0398
1022.3207
1030.1360
1036.5248
1040.9240
1044.1440
1045.6402
1047.6626
1050.0891
1052.4835
1054.4456
1055.6109
1055.3701
1051.5869
1046.9856
1041.7213
1035.9508
1030.0796
1023.9085
1018.2174
1013.2303
1008.3184
1003.9098
1000.2488
997.5685
996.1361
995.7365
996.3321
997.8494
1000.1269
1003.0252
1006.4241
1010.2197
1014.2886
1018.7191
1021.2376
1025.1439
1030.2201
1036.1054
1042.5118
1049.2242
1056.0797
1062.9659
1069.7993
1076.6113
1082.5185
1097.5261
1106.5963
1113.5838
1119.2062
1124.0873
1128.4269
1132.4309
1135.9839
1139.2338
1142.1610
1145.0250
1147.8184
1150.6041
1153.2883
1155.9453
1158.6370
1161.1895
1163.9015
1187.5090
1207.7984
1225.2900
1240.4239
1252.9863
1263.2943
1271.5651
1277.8146
1281.4964
1282.3271
1279.6299
1265.1855
1251.5618
1249.7691
1246.4692
1242.1277
1235.7702
1228.8839
1221.7148
1204.8230
1189.0338
1183.9922
1178.8101
1173.3017
1159.7028
1145.8131
1132.9202
1120.9399
1109.7442
1099.2271
1089.2976
1079.8821
1070.9215
1062.7047
1067.9313
1071.7322
1074.0533
1073.3604
1071.9818
1070.0860
1067.7299
1065.9544
1054.4882
1043.8161
1033.4315
1022.8901
1012.7816
1003.0944
993.7894
984.8335
976.1758
968.4393
961.1293
954.0426
947.1618
951.9910
955.4696
957.9534
959.5936
960.5190
960.8386
960.6457
960.0204
959.0314
957.7373
956.1887
937.9893
920.3659
903.3078
892.8362
883.2977
874.5029
866.2319
858.4134
851.1867
844.4819
838.2871
832.5825
843.3880
853.7052
863.2947
864.5748
871.7293
880.1188
888.1083
895.6801
902.5651
892.1703
882.8514
874.1867
866.0436
858.6347
851.6468
845.0569
830.4087
822.5865
817.3896
812.5689
808.0318
803.7591
799.7346
795.9434
792.3717
789.0063
785.8353
782.8472
780.0310
767.5230
763.3848
761.4343
759.6640
758.0014
756.4374
754.9654
753.5788
752.2725
751.0416
749.8816
748.7882
747.7574
736.3032
733.9615
733.5366
733.2008
732.8900
732.6006
732.3307
732.0790
731.8443
731.6254
731.4215
731.2317
731.0552
720.1393
718.6829
718.9941
719.3503
719.6946
720.0253
720.3427
720.6474
720.9400
721.2212
721.4917
721.7522
722.0033
711.3735
710.3910
711.0738
711.7806
707.6900
706.1236
704.7707
703.4883
702.2618
701.0825
699.9449
698.8453
697.7807
687.9723
685.6970
685.2738
687.6846
690.1943
692.6826
695.1164
697.4844
699.7798
701.9979
704.1327
706.1673
708.8452
712.2835
716.0988
726.7012
731.2240
734.2400
736.1945
739.8779
742.9195
745.5421
748.0175
750.7852
754.1860
758.5376
764.0517
770.7087
778.5250
787.2913
796.7693
806.7573
817.0883
827.4594
837.7244
847.8209
857.6749
867.2595
876.4070
884.7550
893.0086
901.1301
909.2681
917.2664
925.0893
932.9178
940.6336
948.1771
955.6948
963.2043
970.5126
976.2744
981.2551
985.4066
988.8575
992.1929
995.9318
999.3816
1000.1545
1003.2627
1008.3017
1014.6357
1021.7192
1029.1798
1036.7780
1044.2867
1051.6879
1058.7664
1065.0449
1068.2546
1069.9802
1070.0596
1071.1120
1072.8586
1074.7740
1076.3074
1077.1218
1076.3881
1072.1710
1065.9506
1059.2303
1052.1407
1045.8963
1040.8704
1035.5564
1030.4891
1025.5292
1021.0995
1017.1918
1014.3403
1012.6993
1012.3339
1013.1725
1015.0195
1017.6904
1021.0190
1024.8666
1029.1195
1033.5843
1037.8705
1040.9469
1045.2542
1050.5372
1056.5040
1062.8835
1069.4410
1076.0052
1082.5015
1088.8748
1094.8610
1100.7348
1103.8708
1106.0717
1106.7147
1107.8003
1109.4812
1111.6342
1114.0182
1116.2320
1118.6894
1121.3463
1124.1944
1127.1010
1129.9368
1132.8785
1135.7479
1138.7454
1141.8658
1145.2079
1169.5581
1190.4133
1208.4285
1224.1092
1237.4091
1248.3796
1257.3520
1264.3868
1268.8113
1270.9033
1268.6066
1254.5827
1241.4209
1239.8834
1236.0431
1232.1686
1226.1851
1210.5318
1195.6193
1181.4933
1178.4089
1174.2586
1169.5166
1163.8606
1159.5490
1144.7216
1131.2097
1118.7521
1107.1779
1096.3556
1086.1801
1076.5654
1067.4399
1058.7473
1050.7517
1043.3422
1036.2957
1028.9925
1034.1217
1037.6196
1039.7334
1030.3369
1021.4482
1012.6580
1004.1352
995.2810
986.6994
978.4090
970.3903
963.2318
956.2886
949.5329
943.1378
936.9108
944.1356
949.6573
953.9884
957.1337
959.3085
959.6945
959.5420
958.9721
958.0526
956.8397
955.3806
953.6338
951.9884
933.8118
916.2319
904.8780
894.4757
884.8714
875.6320
866.8755
858.9028
851.5044
844.6404
838.1092
831.8544
842.3041
852.2522
853.8699
861.1519
869.6104
877.6367
885.2094
892.3567
899.1265
905.4625
911.4356
900.7342
890.9665
881.7780
873.1319
857.5189
847.6649
840.7367
834.2995
828.2484
822.5580
817.2059
812.1715
807.4367
802.9835
798.7951
794.8557
791.1505
778.2604
773.2512
770.5524
768.0846
765.7708
763.5992
761.5604
759.6447
757.8447
756.1533
754.5639
753.0705
751.6673
740.0818
737.3829
736.6450
736.0196
735.4401
734.9013
734.4002
733.9344
733.5016
733.0996
732.7267
732.3811
732.0612
721.1228
719.5379
719.7309
719.9797
720.2264
720.4683
720.7050
720.9366
721.1632
721.3850
721.6024
721.8155
722.0248
711.4166
710.4047
711.0541
711.7324
707.6721
706.0787
704.6995
703.5859
702.5233
701.5040
700.5223
699.5739
698.6555
688.8406
686.5201
686.0499
691.1484
696.5166
701.9468
706.9345
711.4046
715.3232
718.9887
722.3987
725.5594
728.4974
731.2358
733.7928
740.8498
742.7899
743.4960
743.3920
742.6400
741.3546
739.6300
737.5406
735.1471
732.5000
729.6425
726.6113
723.4393
720.1500
716.7596
713.2931
709.7607
706.1839
702.5812
698.9679
695.3561
691.7560
688.1752
684.6202
681.0969
677.6097
674.1622
670.7573
667.3967
664.0823
660.8133
657.5912
654.4164
651.2883
648.2084
645.1767
642.1927
639.2560
636.4340
633.7414
631.0947
628.4540
625.8513
623.3170
620.8495
618.4436
616.0959
613.8030
611.5617
609.0399
606.5707
604.1514
601.7791
599.4515
597.1658
594.9203
592.7103
590.5378
588.4029
586.3047
584.2391
582.3776
580.6132
578.8855
577.1893
575.4762
573.7530
572.0553
570.3938
568.7693
567.1811
565.6280
564.1088
562.6999
561.2677
559.8325
558.4234
557.0450
555.6973
554.3802
553.0929
551.8346
550.5984
549.3448
548.0893
547.1889
546.2886
545.3932
544.5044
543.6234
542.7527
541.8930
541.0450
540.2006
539.3384
538.4720
537.6181
536.9313
536.2507
535.5777
534.9133
534.2587
533.6123
532.9744
532.3453
531.7251
531.1007
530.4623
529.8229
529.1232
528.4392
527.7694
527.1131
526.4696
525.8403
525.2245
524.6215
524.0312
523.4529
522.8633
521.9305
521.0251
520.1465
519.2939
518.4663
517.6630
516.8830
516.1254
515.3894
514.6741
513.9788
513.3028
509.6110
511.8223
514.8128
517.7465
520.5847
523.3519
526.0418
528.6589
531.2067
533.6886
536.1037
538.4510
540.7377
536.1253
537.3885
540.0261
542.6341
545.1797
547.6655
550.0943
552.4557
554.7564
556.9994
559.1872
561.3238
563.4115
558.0388
558.6102
560.8150
563.0211
565.1776
567.2836
569.3402
571.3490
573.3119
575.2307
577.1063
578.9404
580.7346
574.7905
575.0253
576.9827
578.9507
580.8746
582.7533
584.5879
586.3798
588.1307
589.8428
591.5179
593.1574
594.7627
588.3561
588.3970
590.1996
592.0180
593.7958
595.5319
597.2273
598.8833
600.5014
602.0831
603.6298
605.1431
606.6242
599.8268
599.7559
601.4565
603.1747
604.8533
606.4914
608.0900
609.6512
611.1767
612.6680
614.1264
615.5536
616.9508
609.8131
609.6874
611.3245
612.9798
614.5965
616.1737
617.7118
619.2121
620.6764
622.1060
623.5027
624.8680
626.2032
618.7604
618.6089
620.1969
621.8016
623.3673
624.8927
626.3790
627.8278
629.2405
630.6189
631.9644
633.2788
634.5632
626.8413
626.6854
628.2366
629.8016
631.3271
632.8125
634.2588
635.6676
637.0405
638.3792
639.6853
640.9604
642.2058
634.2262
634.0832
635.6164
637.1582
638.6578
640.1161
641.5351
642.9169
644.2633
645.5762
646.8573
648.1082
649.3305
641.1125
640.9972
642.5231
644.0567
645.5499
647.0033
648.4189
649.7987
651.1445
652.4581
653.7412
654.9951
656.2238
647.7623
647.6859
648.9512
650.3358
651.6727
652.9617
654.2043
655.4025
656.5588
657.6761
658.7567
659.8030
660.8169
652.1961
651.7200
652.9103
654.2529
655.5491
656.8000
658.0079
659.1750
660.3029
661.3936
662.4486
663.4695
664.4577
655.7162
655.1593
656.3016
657.6235
658.8956
660.1195
661.2980
662.4337
663.5289
664.5857
665.6059
666.4253
667.2152
658.3941
661.0736
662.5979
664.2789
666.2441
668.4648
670.9178
673.5779
676.4194
679.4166
682.5543
685.8115
689.1634
679.6365
685.1991
689.7259
693.8039
697.7043
701.4527
705.0942
708.6196
712.0230
715.1945
717.9716
720.5241
722.8592
712.2362
715.0525
717.8735
720.0139
721.7745
723.2202
724.5943
725.8124
726.8701
727.7780
728.5474
729.5305
730.5480
719.6695
721.1341
722.8376
724.0047
724.8914
725.5358
725.9511
726.1459
725.8949
725.3866
724.6527
723.7032
722.5156
711.9029
711.1796
710.5624
709.7558
708.9062
708.0400
707.1816
706.5109
705.8546
705.2186
704.6055
704.0170
703.4516
693.4567
694.0451
694.0488
693.8165
693.5470
693.2419
693.0110
692.7510
692.4661
692.1580
691.7912
691.3345
690.7421
681.1587
681.9795
681.4389
680.6224
679.8739
679.1855
678.5523
677.9698
677.4344
676.9424
676.4907
676.0763
675.8806
666.7881
664.9548
665.0134
665.1399
665.4434
665.7352
666.0173
666.2905
666.5555
666.8128
667.0625
667.3052
667.5410
658.7196
657.3515
657.9835
658.7915
659.5636
660.3024
661.0110
661.6936
662.3513
662.9854
663.5969
664.1872
664.7572
656.0167
655.0817
656.0085
656.9357
657.8226
658.6736
659.4903
660.2741
661.0270
661.7505
662.4461
663.1156
663.7614
655.0381
654.1793
655.1884
656.1982
657.1657
658.0937
658.9852
659.8427
660.6686
661.4646
662.2324
662.9737
663.6901
654.9679
654.1609
655.2323
656.3035
657.3294
658.3130
659.2576
660.1660
661.0405
661.8832
662.6960
663.4802
664.2376
655.4989
654.7266
655.8336
656.9407
658.0013
659.0223
660.0057
660.9532
661.8668
662.7484
663.5996
664.4222
665.2178
656.4460
655.7108
656.8418
657.9810
659.0800
660.1388
661.1594
662.1436
663.0935
664.0109
664.8977
665.7557
666.5864
657.7672
657.0711
658.2335
659.4096
660.5448
661.6395
662.6940
663.7078
664.6821
665.5270
666.3452
667.1382
667.9072
659.0414
658.3936
659.4913
660.6156
661.7016
662.7496
663.7611
664.7372
665.6797
666.5903
667.4707
668.3224
669.1467
660.2357
659.6193
660.7711
661.9446
663.0759
664.1656
665.2154
666.2265
667.2011
668.1416
669.0507
669.9302
670.7819
661.8147
661.2401
662.4187
663.6210
664.7826
665.9051
666.9903
668.0403
669.0571
670.0425
670.9984
671.9267
672.8289
663.7924
663.3796
664.6145
665.8692
662.5864
661.5378
660.7008
659.9329
659.2168
658.5421
657.9042
657.2992
656.7242
648.2561
646.3530
646.1672
648.0002
649.8797
651.7605
653.6134
655.4289
657.1856
658.8815
661.5174
664.5995
667.9205
671.4004
674.9704
683.7658
687.4496
689.7268
691.0236
691.7271
693.5495
695.5921
697.9873
700.9910
705.0208
710.1887
716.4163
723.5546
731.6846
740.7069
750.4065
760.6121
771.1488
781.8051
792.4975
803.1581
813.5844
823.8212
833.8438
839.6086
844.6039
850.8534
857.5296
864.0456
870.4037
876.7162
882.9572
889.0286
894.9731
900.7509
906.3096
910.7377
914.1465
917.0582
919.5651
922.1761
925.0398
926.9899
926.9989
931.0463
938.2199
947.3979
957.7535
968.6609
979.7063
990.5898
1001.0882
1011.0764
1019.7709
1024.9457
1026.9549
1024.3673
1023.2320
1023.2191
1023.4245
1023.0035
1022.2148
1020.7304
1018.1702
1014.0283
1009.4052
1004.4180
999.1519
994.5350
990.2024
986.0935
982.3718
979.3511
977.2715
976.2507
976.1750
977.0009
978.7269
981.1627
984.1801
987.6702
991.5422
995.7201
1000.1408
1004.6829
1007.5905
1012.9051
1020.1169
1028.5176
1037.5804
1046.8597
1056.0737
1065.0460
1073.6671
1081.8754
1089.2299
1092.9910
1094.0349
1092.3750
1091.3529
1090.9977
1091.2637
1091.8949
1092.9749
1094.4647
1096.4340
1098.8048
1101.3020
1104.2075
1107.4457
1110.5784
1113.9641
1117.7218
1121.8117
1126.0450
1151.3752
1172.8403
1191.0487
1206.3773
1219.1267
1229.3657
1237.4615
1242.4032
1244.9474
1243.8060
1243.1261
1229.6134
1217.1072
1217.7210
1216.7887
1212.9196
1198.4549
1185.1312
1183.4082
1180.1236
1175.8678
1171.1062
1166.1351
1152.1281
1138.5337
1125.9050
1114.1963
1103.2770
1093.0388
1083.3949
1074.2740
1065.6098
1057.6647
1063.7802
1067.9090
1070.5116
1071.7268
1070.8183
1069.3243
1068.3797
1066.5003
1063.9107
1060.7917
1057.2640
1044.3310
1032.4662
1021.3751
1010.9361
1001.0599
992.2505
983.8582
975.8051
968.0588
963.3462
957.4291
951.8390
945.9515
940.1668
934.4942
943.0835
949.7182
954.7348
958.3943
960.9189
962.4493
960.5196
942.0658
924.2154
912.6680
901.7755
891.4923
881.8924
872.9553
864.6535
856.9576
849.8294
843.1401
836.7806
830.8878
841.6911
843.6572
851.4636
860.8064
869.6152
877.8909
885.6893
876.7421
868.2683
860.3421
863.7759
864.3126
862.6031
859.1670
844.1184
841.6572
837.7706
832.8102
827.0525
820.7150
813.9682
806.9447
799.7465
792.4534
785.1264
777.8120
770.5455
758.4541
753.0965
747.4807
741.6876
735.7832
729.8197
723.8381
717.8707
711.9421
706.0713
700.2725
694.5565
688.9309
679.5147
675.4130
671.1378
666.7435
662.2749
657.7677
653.2503
648.7450
644.2692
639.8363
635.4566
631.1378
626.8858
619.4960
616.4344
613.2322
609.9323
606.5695
603.1724
599.7631
596.3594
592.9749
589.6204
586.3040
583.0319
579.8089
573.9552
571.6710
569.2720
566.7921
564.2606
561.6995
559.1265
556.5554
553.9972
551.4601
548.9508
546.4742
544.0339
539.3577
537.6641
535.8742
537.7289
539.1625
540.2565
541.0773
541.6785
542.1036
542.3877
542.5590
542.6402
542.6496
542.6018
542.5083
541.0662
541.3427
542.8745
545.3987
549.1471
553.2552
557.8050
562.7665
568.0841
573.9030
580.1663
586.9091
594.1186
601.8220
610.0068
618.6701
627.8010
637.3206
647.2132
657.4687
668.0685
678.9826
690.1721
701.5713
713.1318
724.8697
736.7769
748.8738
761.1685
773.6573
786.3290
799.1696
812.1157
825.2158
838.4600
851.8292
865.1762
878.3843
891.4441
904.3944
917.3521
930.3966
943.5188
956.7751
970.1698
983.7309
997.4477
1011.3101
1025.3060
1039.4253
1053.8611
1068.5550
1082.9483
1097.3886
1111.8349
1126.2657
1140.6669
1155.0551
1169.4274
1183.6803
1197.7573
1211.5638
1225.0183
1238.0285
1250.5697
1262.6511
1274.2905
1285.5048
1296.3179
1306.7757
1316.9255
1326.8315
1336.5941
1346.2773
1355.9930
1365.8106
1375.7700
1385.8751
1396.1216
1406.5407
1417.1097
1427.8126
1438.6403
1449.5848
1460.5622
1471.5986
1482.7903
1494.5262
1506.8611
1519.5980
1532.6924
1546.2011
1560.0436
1574.1806
1587.7946
1600.3908
1612.3638
1624.2362
1636.1032
1648.0628
1660.0677
1672.1010
1684.1460
1696.1234
1707.9842
1719.8145
1731.5868
1743.5141
1755.5399
1767.5464
1779.6523
1791.8081
1803.9678
1816.1187
1828.3797
1857.4125
1885.9980
1914.0346
1941.3106
1967.8705
1993.4928
2018.2462
2042.0922
2065.0709
2087.0999
2091.7087
2095.9736
2116.4556
2136.1892
2155.2730
2173.6162
2191.1769
2191.4162
2191.6178
2191.6795
2208.2494
2224.1844
2239.5238
2254.0232
2251.3192
2248.7127
2246.2174
2243.8274
2241.5385
2239.3481
2237.2527
2235.2488
2233.3331
2231.4874
2229.7017
2227.9678
2226.2624
2241.1253
2255.5975
2269.5089
2266.2966
2263.0864
2259.9049
2256.8026
2253.7632
2250.6650
2247.6127
2244.6059
2241.7249
2238.9508
2236.2565
2250.1470
2263.4895
2276.2807
2288.5242
2300.2694
2311.4287
2322.3467
2332.9035
2343.0756
2352.8745
2362.3126
2371.4027
2380.1572
2388.5469
2352.0327
2300.0563
2251.3479
2205.5476
2162.2300
2121.0660
2081.7936
2044.1829
2008.0502
1973.2742
1939.7250
1907.3319
1858.0711
1834.9304
1825.7159
1812.5472
1796.4845
1778.3395
1758.7337
1738.1416
1716.9246
1695.3568
1673.4823
1651.4175
1614.3826
1574.6692
1546.9345
1520.5670
1495.3128
1470.9976
1447.4954
1424.7131
1402.5804
1381.0434
1360.0603
1339.5980
1319.6282
1300.1293
1270.7646
1256.1779
1241.1734
1225.8987
1210.4768
1195.0070
1179.5680
1164.2214
1149.0153
1133.9864
1119.1614
1104.5615
1090.2017
1067.6884
1056.9916
1045.9000
1034.5418
1023.0229
1011.4282
999.8252
988.2668
976.7943
965.4397
954.2274
943.1754
932.2973
914.9234
906.8601
898.4836
889.8940
881.1735
872.3881
863.5905
854.8218
846.1140
837.4920
828.9750
820.5773
812.3096
798.8415
792.7498
786.4113
779.9039
773.2913
766.6248
759.9452
753.2916
746.6875
740.1512
733.6965
727.3341
721.0716
710.6170
706.0469
701.2829
696.3852
691.3992
686.3655
690.7728
694.2707
697.0201
699.1556
700.7887
702.0113
702.8992
703.5144
703.9078
704.1210
704.1877
704.1355
700.1293
700.2371
701.8142
704.4307
707.9508
711.7663
715.7963
720.1230
724.7874
729.8311
735.2984
741.1746
747.4708
754.2217
761.4137
769.0258
777.0377
785.4301
794.1852
803.2863
812.7167
822.4601
832.4984
842.7922
853.2808
863.9420
874.7960
885.8684
897.1706
908.7003
920.4469
932.3947
944.4881
956.7468
969.1749
981.7610
994.3972
1006.9471
1019.3859
1031.6835
1043.9305
1056.2294
1068.6134
1081.0524
1093.6202
1106.3479
1119.2251
1132.4162
1145.9392
1159.7617
1173.8654
1188.0764
1201.9795
1215.4758
1228.9953
1242.5804
1256.2064
1269.8486
1283.4899
1297.0450
1310.1394
1322.9857
1335.5608
1347.7720
1359.5768
1370.9670
1381.9580
1392.5645
1402.8007
1412.6977
1422.2863
1431.6503
1440.8803
1450.0739
1459.3053
1468.6268
1478.0969
1487.7161
1497.4850
1507.3954
1517.4377
1527.6023
1537.8856
1548.2385
1558.5865
1569.0182
1579.6768
1591.5432
1603.9560
1616.9112
1630.3120
1644.3073
1658.7137
1673.4874
1688.2364
1701.5547
1713.2043
1724.7750
1736.3095
1747.9293
1759.5701
1771.1960
1782.8171
1794.6969
1806.6044
1818.4086
1830.2814
1842.1977
1854.1481
1865.1309
1876.0127
1887.0788
1898.0951
1925.7307
1952.6890
1979.1377
2005.0479
2030.2461
2054.2062
2077.7630
2100.1628
2122.8773
2144.9080
2165.5104
2185.0840
2187.5578
2189.9284
2208.4891
2226.3155
2243.0746
2258.9076
2257.4529
2254.6227
2252.2040
2266.3253
2279.3521
2292.2174
2287.9694
2283.5861
2278.9263
2274.4069
2270.0422
2265.7892
2261.6280
2257.5915
2254.2570
2251.0587
2247.9948
2245.0539
2242.2153
2256.0036
2269.2325
2282.1763
2294.6946
2306.6853
2318.1376
2329.0837
2322.8129
2316.6489
2310.6383
2304.4952
2298.7445
2293.1669
2287.7311
2282.3988
2277.1597
2272.0018
2283.4943
2294.4188
2305.6743
2316.6460
2327.3129
2337.6115
2347.2627
2356.5596
2365.5015
2374.1018
2382.3731
2390.3278
2397.9218
2357.5387
2302.9917
2252.5296
2205.4951
2161.3163
2119.5593
2079.8863
2042.0308
2005.7392
1970.8717
1937.2503
1904.7054
1855.2899
1831.8203
1822.4342
1809.2017
1793.1501
1775.0671
1755.5562
1735.0789
1713.9873
1692.5491
1656.1036
1622.8911
1589.8222
1550.7604
1512.2371
1479.0725
1447.9026
1418.3955
1390.4385
1363.9365
1338.8017
1314.9516
1292.3095
1270.8033
1250.3671
1230.9378
1203.5598
1184.3830
1167.9739
1152.4844
1137.7300
1123.6576
1110.2250
1097.3945
1085.1313
1073.4030
1062.1716
1051.4097
1041.0924
1019.9460
1009.3777
1000.7589
992.5745
984.7052
977.1268
969.8228
962.7783
955.9798
949.4157
943.0744
936.9453
931.0182
913.4653
907.0720
902.2415
897.6313
893.1569
888.8062
884.5728
880.4517
876.4377
872.5270
868.7158
865.0007
861.3784
846.1039
841.8735
839.0443
836.3454
833.7012
831.1044
828.5532
825.3401
820.6842
816.4241
812.1638
807.8807
803.5847
790.2593
786.8645
782.6125
778.8016
775.0323
771.2775
778.9227
785.3418
791.3156
796.9418
802.1970
807.1401
812.6844
819.5943
826.7971
834.1187
841.4572
848.6993
860.7049
865.1654
867.4057
868.1657
869.9242
870.7370
871.0632
871.1243
871.3932
872.4608
874.4959
877.6785
881.9803
887.3617
893.6319
900.4985
907.9447
915.8320
923.9962
932.3326
940.7402
949.1574
957.3893
965.2285
972.7270
979.9824
986.9804
993.9782
1001.0890
1008.2379
1015.3405
1022.3469
1028.9176
1035.3123
1041.6220
1047.5733
1052.5173
1056.0279
1058.4764
1060.2025
1062.1369
1064.5926
1067.2457
1068.9144
1072.0988
1076.7952
1082.5152
1088.8185
1095.3719
1101.9991
1108.5232
1114.9093
1120.8968
1126.3825
1130.0640
1131.9710
1132.0056
1132.9645
1134.6836
1136.8327
1138.5185
1139.2602
1138.5196
1134.4569
1129.0893
1122.7123
1115.6356
1108.2228
1101.0960
1094.2926
1088.1268
1082.3366
1077.0985
1072.6000
1069.4775
1067.6543
1067.1997
1067.9979
1069.8124
1072.4400
1075.6733
1079.3495
1083.3389
1087.4655
1091.5647
1094.0276
1097.3529
1101.6619
1106.5926
1111.9164
1117.4747
1123.1320
1128.6432
1134.1255
1139.4786
1144.6349
1148.5209
1150.6901
1151.1558
1152.0550
1153.6079
1155.5792
1157.7900
1160.2322
1162.6832
1165.3000
1168.0932
1170.9925
1173.8575
1195.2396
1212.6459
1227.3869
1240.1739
1251.5452
1261.8853
1271.4877
1280.5007
1288.9562
1296.3663
1302.5024
1307.1884
1310.1130
1310.7430
1309.0942
1292.1937
1277.7093
1275.3725
1271.4042
1266.5864
1260.7026
1252.9184
1244.9863
1236.6639
1227.4216
1210.1317
1194.2997
1189.3641
1183.8168
1169.1435
1154.8172
1141.6242
1129.4500
1118.1408
1107.5689
1097.6283
1088.2303
1079.3067
1083.5253
1086.6139
1088.9206
1089.7715
1087.6170
1084.8836
1081.7904
1079.2248
1075.6983
1062.9680
1051.1900
1039.3899
1028.1415
1017.4639
1007.3015
997.5968
988.6041
979.9510
971.8810
964.2754
969.1853
972.5568
975.4418
976.3790
976.5968
976.2536
975.4455
974.2523
972.7409
970.9680
968.9814
966.8218
964.5234
962.5751
944.1010
931.1504
919.2190
907.7486
896.6442
886.0677
876.2208
867.2819
858.7938
850.8820
843.4969
836.5935
829.9579
832.3740
840.0464
849.3901
858.2635
866.6380
874.5425
882.0032
888.8833
879.0324
869.5292
860.8283
852.9088
845.4460
830.7638
821.6742
815.7237
810.2143
805.0287
800.1451
795.5449
791.2110
787.1276
783.2806
779.6558
776.2401
773.0210
760.7282
755.8716
753.5585
751.4628
749.4921
747.6365
745.8885
744.2413
742.6879
741.2224
739.8396
738.5346
737.3027
726.1830
723.3401
722.7225
722.2165
721.7427
721.2975
720.8785
720.4842
720.1133
719.7642
719.4356
719.1263
718.8353
708.3212
706.4352
706.6284
706.8837
707.1299
707.3659
707.5916
707.8075
708.0139
708.2115
708.4008
708.5821
708.7560
698.5707
697.1651
697.7612
698.3950
699.0007
695.2774
693.5064
691.9395
690.4549
689.0353
687.6712
686.3564
685.0861
675.7119
673.1320
672.3003
671.5804
674.0870
676.5438
678.9694
681.3406
683.6473
685.8747
688.6503
692.1610
695.9049
699.7732
703.6909
707.5963
717.1496
720.8349
723.0043
724.1466
726.5373
728.3039
730.0065
731.9639
734.3643
737.6945
742.1500
747.7722
754.6598
762.7300
771.8275
781.7062
792.1542
802.9927
813.9582
824.9053
835.6948
846.2124
856.1561
865.6976
875.2420
884.1726
892.7832
901.5672
910.3632
919.1330
927.8381
936.4313
944.4864
952.3673
960.1961
967.8097
974.4909
979.9078
983.9114
986.8421
989.6315
992.9117
995.6381
996.8931
1000.1963
1005.2859
1011.5330
1018.5535
1026.0158
1033.7678
1041.3662
1048.8742
1055.6983
1061.0861
1063.5533
1062.9879
1063.5990
1065.1814
1067.4433
1069.7244
1071.5049
1071.6466
1070.2949
1065.8407
1060.4838
1054.3892
1047.7692
1040.9925
1033.9302
1028.0586
1022.7330
1018.0255
1014.0463
1011.0433
1009.5103
1009.3321
1010.3982
1012.6060
1015.7599
1019.6448
1024.0878
1028.9487
1034.1264
1039.5635
1045.0527
1048.3530
1052.5578
1057.5833
1063.1229
1068.9407
1074.8780
1080.8234
1086.6781
1092.4057
1097.9960
1103.4415
1106.3644
1108.6630
1109.3300
1110.4726
1112.2362
1114.5846
1117.1547
1119.8056
1122.5789
1125.4673
1128.5100
1131.6130
1134.6770
1137.6904
1140.6497
1143.7553
1147.1218
1150.5906
1173.9790
1194.0103
1211.3371
1226.4288
1239.2512
1249.8665
1258.3600
1264.7711
1267.6272
1267.8452
1265.1540
1262.0067
1246.6562
1232.1475
1229.5535
1226.1316
1220.2010
1213.7378
1211.2617
1192.3673
1175.4180
1174.8905
1172.4793
1168.8846
1149.4487
1132.7842
1118.3111
1105.6539
1094.4332
1084.3518
1075.1776
1066.7290
1058.8642
1051.4725
1044.4109
1037.5590
1030.8099
1039.1382
1044.3912
1047.2812
1048.3188
1032.8524
1019.3160
1007.2481
996.3617
986.3998
977.1542
968.5029
960.3483
952.6118
945.2305
938.1993
931.5659
925.2786
934.3283
940.5221
944.4707
946.6912
947.5997
947.5275
946.6919
945.2646
943.3809
941.1476
938.6490
935.9517
921.4089
894.1049
871.8884
853.6884
838.6062
825.9472
815.1751
805.8762
797.7314
790.4709
783.9159
777.7534
765.4069
776.9981
784.8310
789.8486
792.7282
793.9909
794.0369
793.1733
791.6351
789.6018
787.1147
769.3164
754.2493
742.6547
731.5183
721.6435
712.7554
704.6470
697.1611
690.1784
683.6078
677.3794
671.4395
665.7466
660.2684
654.9796
646.6320
642.7960
638.8647
634.8746
630.8553
626.8307
622.8196
618.8370
614.8943
611.0004
607.1628
603.3863
599.6743
593.1342
590.4928
587.7251
584.8703
581.9597
579.0185
576.0665
573.1193
570.1889
567.2849
564.4145
561.5830
558.7945
553.5954
551.6508
549.5991
547.4722
545.2957
543.0899
540.8711
538.6518
536.4419
534.2492
532.0795
529.9375
527.8265
523.6428
522.2076
520.6830
519.0948
517.4637
515.8063
514.1357
512.4623
510.7944
509.1381
507.4982
505.8784
504.2814
500.8722
499.8234
498.6994
497.5213
496.3059
495.0668
495.9490
496.5924
497.0484
497.3575
497.5521
497.6573
497.6932
497.6753
497.6159
497.5246
497.4089
497.2745
496.5603
495.8276
495.0844
494.3366
493.5886
492.8434
492.1034
491.3700
490.6446
489.9279
489.2204
488.5227
487.8349
487.1572
486.4897
485.8323
485.1851
484.5478
483.9205
483.3031
482.6953
482.0972
481.5085
480.9292
480.3590
479.7980
479.2458
478.7025
478.1678
477.6416
477.1239
476.6144
476.1130
475.6197
475.1342
474.6565
474.1864
473.7239
473.2687
472.8208
472.3800
471.9463
471.5196
471.0996
470.6864
470.2798
469.8797
469.4860
469.0986
468.7173
468.3421
467.9728
467.6095
467.2519
466.9000
466.5538
466.2130
465.8777
465.5477
465.2230
464.9035
464.5890
464.2795
463.9750
463.6754
463.3805
463.0903
462.8048
462.5238
462.2473
461.9752
461.7075
461.4440
461.1848
460.9298
460.6788
460.4318
460.1888
459.9497
459.7144
459.4829
459.2551
459.0309
458.8103
458.5931
458.3792
458.1687
457.9614
457.7574
457.5566
457.3589
457.1643
456.9728
456.7843
456.5988
456.4162
456.2365
456.0596
455.8854
455.7140
455.5453
455.3793
455.2159
455.0550
454.8967
454.7409
454.5875
454.4365
454.2880
454.1418
453.9979
453.8563
453.7169
453.5797
453.4447
453.3118
453.1811
453.0524
452.9257
452.8010
451.8979
451.0930
450.3785
449.7459
449.1865
448.6918
448.2538
447.8652
447.5195
447.2109
446.9342
446.6851
445.1693
444.3965
443.7391
443.1726
442.6777
442.2397
441.8471
441.4911
441.1646
440.8623
440.5798
440.3139
440.0620
438.7566
438.7161
438.6473
438.5563
438.4482
438.3273
438.1968
438.0595
437.9174
437.7722
437.6252
437.4778
437.3307
436.1120
436.1521
436.1575
436.1356
436.0924
436.0328
435.9605
435.8787
435.7899
435.6960
435.5984
435.4985
435.3972
434.2410
434.3158
434.3564
434.3699
434.3620
434.3375
434.3001
434.2528
434.1980
434.1376
434.0729
434.0053
433.9357
432.8265
432.9250
432.9901
433.0286
433.0461
433.0470
433.0350
433.0130
432.9833
432.9479
432.9081
432.8650
432.8196
431.7463
431.8634
431.9477
432.0059
432.0433
432.0644
432.0725
432.0705
432.0606
432.0446
432.0239
431.9997
431.9727
430.9266
431.0577
431.1564
431.2293
431.2815
431.3175
431.3404
431.3531
431.3578
431.3561
431.3496
431.3393
431.3260
430.3003
430.4416
430.5509
430.6346
430.6978
430.7449
430.7792
430.8034
430.8195
430.8294
430.8343
430.8354
430.8334
429.8239
429.9742
430.0928
430.1860
430.2587
430.3152
430.3588
430.3921
430.4172
430.4358
430.4493
430.4587
430.4650
429.4682
429.6245
429.7493
429.8489
429.9281
429.9911
430.0412
430.0810
430.1125
430.1375
430.1573
430.1730
430.1854
429.1982
429.3590
429.4886
429.5932
429.6777
429.7461
429.8017
429.8470
429.8841
429.9147
429.9401
429.9612
429.9791
428.9985
429.1638
429.2978
429.4066
429.4952
429.5675
429.6269
429.6760
429.7167
429.7508
429.7795
429.8040
429.8250
428.8504
429.0180
429.1545
429.2662
429.3578
429.4333
429.4960
429.5484
429.5925
429.6300
429.6622
429.6901
429.7147
428.7446
428.9152
429.0547
429.1693
429.2639
429.3425
429.4082
429.4636
429.5107
429.5512
429.5863
429.6171
429.6443
428.6791
428.8515
428.9926
429.1089
429.2051
429.2853
429.3526
429.4096
429.4582
429.5002
429.5369
429.5692
429.5981
428.6372
428.8106
428.9530
429.0706
429.1683
429.2500
429.3189
429.3775
429.4278
429.4714
429.5095
429.5434
429.5736
428.6165
428.7904
428.9334
429.0517
429.1502
429.2328
429.3025
429.3620
429.4130
429.4572
429.4959
429.5302
429.5609
428.6057
428.7794
428.9223
429.0406
429.1390
429.2215
429.2911
429.3505
429.4016
429.4460
429.4851
429.5197
429.5509
428.5968
428.7709
428.9143
429.0331
429.1321
429.2151
429.2851
429.3446
429.3956
429.4398
429.4784
429.5125
429.5429
428.5882
428.7612
428.9035
429.0211
429.1189
429.2007
429.2696
429.3282
429.3785
429.4220
429.4601
429.4938
429.5238
428.5674
428.7404
428.8828
429.0005
429.0982
429.1799
429.2487
429.3070
429.3570
429.4002
429.4379
429.4711
429.5008
428.5429
428.7158
428.8579
428.9753
429.0727
429.1540
429.2224
429.2805
429.3302
429.3731
429.4105
429.4435
429.4728
428.5140
428.6868
428.8289
428.9462
429.0435
429.1248
429.1932
429.2512
429.3008
429.3437
429.3811
429.4140
429.4434
428.4838
428.6568
428.7989
428.9162
429.0135
429.0946
429.1629
429.2207
429.2701
429.3127
429.3499
429.3826
429.4116
428.4509
428.6239
428.7661
428.8836
428.9810
429.0624
429.1308
429.1889
429.2386
429.2816
429.3191
429.3521
429.3817
428.4216
428.5951
428.7378
428.8557
428.9537
429.0357
429.1048
429.1636
429.2139
429.2576
429.2958
429.3296
429.3598
428.4003
428.5741
428.7172
428.8355
428.9338
429.0161
429.0854
429.1444
429.1950
429.2388
429.2772
429.3112
429.3416
428.3824
428.5565
428.6998
428.8184
428.9169
428.9995
429.0691
429.1284
429.1793
429.2235
429.2624
429.2968
429.3278
428.3688
428.5436
428.6876
428.8068
428.9061
428.9893
429.0596
429.1196
429.1712
429.2159
429.2551
429.2899
429.3210
428.3622
428.5370
428.6810
428.8002
428.8993
428.9824
429.0526
429.1123
429.1636
429.2081
429.2471
429.2817
429.3126
428.3534
428.5280
428.6719
428.7908
428.8897
428.9726
429.0425
429.1020
429.1532
429.1975
429.2364
429.2709
429.3018
428.3421
428.5168
428.6606
428.7796
428.8786
428.9615
429.0314
429.0908
429.1419
429.1863
429.2251
429.2595
429.2902
428.3301
428.5048
428.6486
428.7675
434.4032
439.8709
445.1785
450.3326
455.3396
459.7162
463.7463
467.5390
471.1936
468.8594
470.4640
473.9659
471.5705
469.7284
467.8173
465.9909
464.2747
462.6553
461.1292
459.6869
458.3195
457.0204
455.7844
454.6088
455.2612
455.6378
456.3913
457.7869
458.8082
459.8629
461.4692
463.9066
467.3877
472.1452
478.1222
485.3153
493.6280
502.4311
512.2344
522.8677
534.1120
545.8868
558.3377
571.3081
584.6703
598.0939
611.3250
624.4359
637.9616
651.3144
664.8856
678.4201
692.0690
705.7290
719.0936
731.8695
744.1443
756.0636
767.4701
778.2605
788.0892
796.7127
803.9098
810.2109
816.3488
822.6586
827.8864
830.7797
836.2966
843.9317
853.0176
863.0459
873.5955
884.3718
895.1315
905.4457
915.0990
922.9322
927.3771
931.6253
934.2637
937.8230
942.0380
946.4119
950.5743
953.8785
955.7184
953.6694
950.6277
946.8123
942.4644
937.7232
932.9865
928.0710
924.5249
921.2594
918.6156
916.9066
916.5434
917.5207
919.8410
923.3035
927.7446
932.9542
938.7540
945.0048
951.5859
958.2774
964.8568
969.5910
975.4776
982.3132
989.7545
997.5459
1005.5049
1013.4980
1021.4307
1029.2235
1037.1756
1043.9287
1048.0494
1051.3264
1052.8742
1054.9150
1057.5021
1060.6987
1064.2426
1067.9438
1071.7722
1075.6452
1079.5857
1083.4093
1087.2205
1090.9385
1114.1844
1133.7610
1150.4509
1164.9761
1177.8277
1189.4340
1200.2387
1210.3381
1219.4013
1227.3135
1233.7822
1238.9328
1242.3200
1242.6727
1239.2807
1235.7170
1230.3019
1214.7112
1199.9193
1197.7316
1192.7822
1186.6090
1179.6829
1163.1617
1148.2341
1144.6617
1140.4053
1135.7019
1130.9579
1116.0733
1102.6754
1090.3987
1079.0565
1068.5058
1058.6335
1049.3450
1040.5692
1032.8652
1025.6300
1018.7151
1025.7114
1028.5822
1030.1773
1030.7518
1031.4974
1030.8424
1028.8622
1017.1985
1006.3386
995.3861
984.9940
975.1221
965.7013
957.0626
948.7661
941.2837
934.0718
927.2265
920.6002
927.2017
932.1947
935.8983
937.7210
938.7648
939.2395
939.2608
938.8898
938.2058
937.2678
936.1319
918.6373
901.6898
885.2807
875.1689
866.0522
857.6502
849.9183
842.8216
836.1261
829.8312
824.0067
834.7353
844.6227
854.0340
862.9095
864.2121
870.9200
878.4986
885.7450
892.7505
899.4871
905.8862
