846.1295
848.1429
849.8301
851.7839
853.5058
855.0213
840.0195
838.9407
840.9964
842.9367
844.6908
846.2721
847.6962
848.9780
850.1356
851.1813
852.1268
852.9818
853.7559
838.7793
837.0804
838.6432
840.1738
841.5906
842.8986
844.1061
845.2202
846.2492
847.2016
848.0846
848.9045
849.6671
834.8297
833.2725
834.8591
836.4230
837.8876
839.2560
840.5346
841.7306
842.8510
843.9025
844.8910
845.8221
846.7013
831.9651
830.6572
832.3617
834.0419
835.6263
837.1174
838.5214
839.8446
841.0938
842.2750
843.3941
844.4560
845.4655
830.7731
829.7239
831.5541
833.3553
822.6490
819.9723
817.9896
816.2224
814.6134
813.1357
811.7704
810.5028
809.3208
795.8415
791.2126
791.0830
789.8867
789.3697
789.1008
788.9895
788.9960
789.0924
789.2269
789.3949
789.5836
789.7722
789.9423
790.1005
788.9870
786.8513
784.2994
781.4172
779.9046
778.5269
793.3215
807.0427
820.0534
832.2646
843.9415
855.4098
866.6501
877.4943
888.3160
899.1427
925.4205
949.3787
971.2346
976.2748
981.9041
987.9090
980.5534
974.2979
984.5922
994.5421
1004.2086
1013.4410
1022.0346
1030.4679
1038.7473
1046.6475
1054.3360
1061.9004
1069.3310
1062.1422
1055.8337
1065.1436
1072.6130
1078.7939
1084.3629
1089.7456
1094.2066
1083.8307
1076.0614
1070.5307
1066.8161
1064.5805
1063.5692
1063.5750
1064.4170
1066.1968
1068.6546
1070.5067
1071.7223
1091.6830
1106.1811
1118.9766
1130.1556
1139.5020
1132.4085
1125.8043
1119.1704
1109.7538
1100.2648
1090.7603
1081.2884
1072.2460
1064.0207
1056.8018
1049.7861
1043.1749
1037.5188
1048.5356
1058.3377
1067.4157
1075.9941
1084.2668
1092.4203
1100.4225
1108.2413
1115.8562
1123.2558
1130.2643
1137.2868
1127.4372
1120.9451
1117.4252
1116.1113
1116.4562
1118.0662
1120.5996
1123.7910
1127.4108
1131.3835
1135.5724
1155.3130
1168.7823
1176.6354
1183.6517
1190.3923
1197.0149
1188.9843
1182.7727
1193.7355
1202.8352
1210.9578
1203.4797
1197.8167
1193.5542
1207.1638
1218.9488
1229.3813
1239.0116
1248.0244
1256.2789
1264.3358
1271.9545
1278.8561
1284.8194
1289.4694
1291.7760
1279.6924
1267.8549
1255.5457
1243.9676
1231.0226
1220.6132
1210.5298
1199.9251
1189.6330
1179.2413
1168.9972
1158.7271
1147.8476
1137.7178
1128.5070
1119.5177
1111.5365
1101.8405
1092.5867
1083.7288
1075.2384
1067.0845
1059.2446
1051.6948
1044.4108
1037.5824
1030.9818
1025.6185
1019.4734
1012.7757
1006.2679
999.9317
993.6317
987.4792
981.3127
974.9509
968.6558
962.4087
955.6066
948.9657
942.5215
936.1323
930.8377
925.8672
921.0965
916.2800
912.1024
908.6362
905.2323
901.9306
898.7379
895.2354
891.8679
888.6534
885.5810
882.6401
879.8210
877.0996
861.4613
846.3144
831.6509
833.0082
834.5359
836.2131
838.0331
839.9859
842.0605
844.2458
846.4877
848.7428
850.8441
852.9236
854.9414
839.9768
841.1053
844.0942
847.0385
849.8982
852.6777
855.3422
857.6811
859.8582
861.7324
863.8699
865.7662
867.4478
852.0711
851.5632
853.7775
855.8545
857.7404
859.4492
860.9966
862.3979
863.6700
864.8258
865.8768
866.8334
867.7053
852.3283
851.0745
852.7389
854.3520
855.8487
857.2341
858.5161
859.7020
860.7999
861.8177
862.7623
863.6402
864.4575
849.1967
847.9686
849.6154
851.2236
852.7292
854.1354
855.4498
856.6794
857.8309
858.9107
859.9248
860.8787
861.7776
846.6143
845.5331
847.2663
848.9622
850.5589
852.0555
853.4580
854.7730
856.0073
857.1673
858.2587
859.2870
860.2573
845.1323
844.1722
845.9659
847.7179
839.8436
838.0838
836.5725
835.0210
833.4390
831.8439
830.2509
828.6721
827.1165
813.1107
808.9868
808.3236
808.9639
809.8014
810.3511
810.6591
810.7918
810.8015
810.7277
810.5996
810.4379
810.2571
810.0668
809.8733
808.1624
805.2799
801.9992
798.4319
794.8340
792.1727
806.4742
819.7314
831.9805
843.4786
854.6295
865.5942
876.4013
886.8136
897.2481
907.6983
918.1215
928.4797
938.7387
948.8694
958.8485
968.5497
978.0019
972.4373
967.9098
980.4069
992.8066
1004.3332
1015.2267
1025.6332
1035.5426
1044.8394
1053.6139
1062.0675
1070.2176
1077.6179
1083.4317
1087.3007
1077.8239
1069.6687
1062.8445
1072.4640
1065.8887
1058.1532
1052.9071
1049.8454
1048.5515
1048.6864
1049.9246
1052.0291
1054.8022
1058.2791
1061.9157
1083.9780
1100.7433
1114.1121
1123.4984
1132.1419
1140.0670
1146.7898
1151.9357
1154.4903
1155.0682
1141.6361
1128.2103
1115.4208
1103.1927
1091.4597
1080.6509
1071.0185
1062.7123
1055.1142
1048.8669
1042.1866
1036.8980
1033.0258
1046.9610
1059.5291
1070.9807
1081.4713
1091.1381
1100.0962
1108.4435
1101.7858
1096.6525
1088.6319
1081.6449
1075.6433
1070.6039
1066.4842
1063.2321
1061.7329
1061.4423
1062.1835
1063.5469
1065.0543
1085.6247
1103.4062
1118.9381
1132.6705
1145.3667
1157.3054
1168.4392
1163.3150
1160.4909
1158.8910
1176.0251
1190.5519
1187.1908
1185.4605
1185.1263
1203.4280
1218.9853
1231.7999
1243.4085
1254.1663
1264.1281
1273.4694
1281.8227
1289.1543
1303.9470
1311.6324
1315.8436
1317.2611
1302.0943
1288.7010
1274.9115
1262.2012
1250.5514
1239.3627
1227.6949
1216.4030
1205.5023
1194.7829
1183.2204
1172.3996
1162.6036
1153.1595
1144.7268
1135.2501
1126.1459
1117.3561
1108.8596
1100.6330
1092.6558
1084.9088
1077.3754
1070.4849
1064.4859
1058.4547
1052.4304
1045.2578
1038.2492
1031.4023
1025.0324
1018.7240
1012.3870
1005.6576
998.9529
991.4140
984.0203
976.7767
969.6816
962.7113
956.1119
950.4716
945.2900
940.1349
934.2935
928.6627
923.2048
917.9100
912.7933
907.8559
903.1645
898.6622
894.3209
890.1237
886.0676
882.1479
866.4004
851.1438
836.3707
837.3005
838.5098
839.8966
841.4150
843.0805
844.8847
846.3440
847.5971
848.9326
850.1800
851.2976
852.2206
837.3835
836.7373
838.8818
841.0746
843.2340
845.3557
846.9898
848.7656
850.3156
851.3605
852.6987
853.8406
854.8096
839.8764
837.7314
839.3075
840.8236
842.1747
843.3717
844.4284
845.3582
846.1719
846.8812
847.4965
848.0275
848.4827
833.7566
831.1754
832.4159
833.6578
834.7872
835.8083
836.7291
837.5575
838.3014
838.9685
839.5658
840.0999
840.5767
826.1077
823.6382
824.9215
826.2156
827.4083
828.5028
829.5054
830.4232
831.2634
832.0326
832.7372
833.3829
833.9749
819.7153
817.4450
818.8362
820.2376
821.5402
822.7470
823.8642
824.8988
825.8574
826.7463
827.5712
828.3377
829.0507
814.9475
812.8764
814.3785
815.8887
806.3721
803.3470
800.9159
798.7093
796.6746
794.7828
793.0137
791.3513
789.7829
776.9939
772.5547
771.9540
771.3652
771.3656
771.5633
771.8781
772.2753
772.7292
773.1776
773.6655
774.1811
774.7112
775.2449
775.7730
775.3647
773.3498
770.9218
768.2136
766.2633
764.7069
779.2922
792.4627
804.2925
815.2671
825.7837
835.9920
846.0252
856.0847
866.1765
876.3174
886.5300
896.7551
906.9456
917.0565
927.0119
936.7177
931.3796
927.0460
939.7804
952.1529
963.9671
975.0806
985.4046
995.1371
1004.2854
1012.7409
1020.7529
1028.4744
1035.9098
1042.6153
1048.0319
1052.3091
1042.8560
1034.9474
1028.3098
1037.9927
1031.2742
1024.4360
1020.0234
1017.8214
1017.4239
1018.5088
1020.7941
1024.0367
1028.0205
1032.6873
1037.4393
1062.1599
1080.5366
1094.4034
1103.5735
1111.9029
1119.5307
1126.1812
1131.3870
1121.7400
1112.3210
1100.7901
1089.4820
1078.4399
1067.6667
1057.4411
1047.4732
1038.4509
1030.5761
1023.1626
1016.5966
1011.1237
1006.9789
1020.4914
1032.2535
1042.7625
1052.3799
1061.2247
1069.3999
1076.9919
1084.0711
1090.6361
1083.2708
1075.7756
1072.1843
1071.8563
1073.9208
1077.6996
1082.6850
1088.4890
1094.8170
1101.4481
1108.3562
1131.6446
1169.5353
1188.2599
1199.5559
1206.5489
1211.4928
1201.9932
1195.5648
1205.6033
1212.9692
1218.3046
1222.8486
1226.7958
1217.3296
1211.0641
1207.2359
1220.4446
1230.0535
1238.0103
1245.2621
1252.4620
1259.6096
1266.5257
1272.1968
1276.7024
1280.0525
1282.0005
1281.5626
1278.2876
1260.3353
1244.7303
1230.4147
1217.3216
1205.1622
1193.7688
1181.8158
1170.4669
1159.6887
1147.7986
1136.1749
1126.1597
1116.9645
1108.1580
1100.6899
1091.4646
1082.7640
1074.5624
1066.7902
1059.3841
1052.2913
1045.4746
1038.8923
1032.9632
1027.4122
1022.0772
1016.7338
1010.3792
1004.1860
998.1244
992.1623
986.8385
981.2227
975.6441
969.7106
962.9748
956.3238
949.7864
943.3633
937.0539
930.8233
925.6738
920.8239
916.0114
911.2432
905.9956
900.9231
896.0466
891.3472
886.8090
882.4176
878.1601
874.0254
870.0033
866.0854
862.2639
847.1598
832.5278
818.3610
820.0898
822.0329
824.0951
825.9565
827.5795
829.2542
830.9211
832.6117
834.3421
835.6353
837.1837
838.4966
824.1247
823.8749
826.3563
828.8591
831.3243
833.2429
834.0919
835.5033
836.8258
837.9127
839.2844
840.4619
841.4676
826.9798
824.5569
826.1696
827.7333
829.1278
830.3653
831.4604
832.4268
833.2770
834.0225
834.6740
835.2409
835.7318
821.4220
818.5750
819.8524
821.1385
822.3088
823.3688
824.3272
825.1921
825.9720
826.6746
827.3069
827.8753
828.3861
814.3037
811.6167
812.9282
814.2620
815.4906
816.6189
817.6545
818.6050
819.4775
820.2789
821.0157
821.6934
822.3174
808.4178
805.9629
807.3836
808.8231
810.1609
811.4007
812.5496
813.6149
814.6035
815.5221
816.3768
817.1731
817.9163
804.1444
801.9328
803.4628
805.0075
795.7234
792.4736
789.8449
787.4566
785.2595
783.2233
781.3254
779.5491
777.8809
765.4621
760.9658
760.5956
760.0827
760.0213
760.1657
760.4359
760.7957
761.2187
761.6840
762.1696
762.6360
763.0701
763.4638
763.8214
763.3422
761.5457
759.3989
757.0117
755.7632
754.5202
753.3498
752.3805
751.7856
751.7158
768.7346
786.1333
802.7722
818.7883
834.2178
849.0630
863.3339
877.0466
890.2169
902.8684
915.0280
926.6950
937.8922
948.5156
943.4544
939.7150
954.0440
967.4754
979.9901
991.6853
1002.6991
1012.9686
1022.5001
1031.5555
1040.2258
1048.3708
1040.8733
1034.4926
1028.9166
1039.3612
1048.1897
1056.2576
1049.0556
1041.4942
1036.6007
1034.1064
1033.5182
1034.3988
1036.4069
1039.2878
1042.7939
1046.8266
1051.1598
1055.3637
1057.6632
1077.9482
1092.5182
1105.2523
1116.4179
1125.8197
1133.1702
1124.7073
1116.3708
1106.2202
1095.2288
1084.4802
1073.9855
1064.6916
1056.8887
1049.2355
1042.1341
1049.5691
1054.8138
1058.4586
1061.7609
1065.3101
1069.4440
1074.2651
1079.6002
1085.2978
1091.2139
1097.2361
1103.2851
1109.1488
1114.2984
1104.2868
1098.3581
1095.6796
1095.4180
1096.9359
1099.7654
1103.5588
1108.0382
1112.9886
1117.9375
1123.1659
1125.0049
1142.6026
1153.0474
1161.5944
1169.2551
1176.1971
1168.5103
1163.0328
1174.9571
1184.6740
1192.8941
1199.7360
1205.4509
1210.7077
1201.7531
1195.8537
1192.2077
1206.3737
1218.3901
1229.0588
1238.8412
1247.8725
1255.6739
1262.0222
1267.1403
1257.3617
1248.4743
1239.9735
1229.6321
1219.9690
1210.3714
1200.5807
1190.4066
1181.2193
1171.2568
1161.3814
1151.1619
1141.0616
1131.5948
1122.3656
1113.4321
1104.4530
1096.7171
1087.8848
1079.4514
1071.4399
1063.8008
1056.4854
1049.4522
1042.6717
1036.1017
1029.6992
1023.8187
1018.3772
1013.1401
1007.3464
1001.0479
994.8947
988.8163
982.9410
977.1087
970.9709
964.8442
957.9125
951.0922
944.4265
937.9121
932.4683
927.1002
921.8075
916.8772
912.0139
907.3029
902.6652
898.2400
893.8924
889.6435
884.9003
880.3252
875.9076
871.6358
867.4979
863.4831
859.5343
844.4751
829.8895
815.7700
817.5458
819.4938
821.5656
823.1017
824.3819
825.9897
827.6044
829.2089
830.5009
831.4415
832.3093
833.4154
819.1792
818.3730
820.2906
822.2388
824.1431
826.0073
827.8618
829.5620
831.1392
832.4375
834.0100
835.3743
836.5540
822.2081
819.8760
821.6420
823.3463
824.8689
826.2245
827.4282
828.4946
829.4387
830.2726
831.0076
831.6537
832.2201
818.0152
815.2233
816.5688
817.9192
819.1518
820.2724
821.2901
822.2124
823.0478
823.8044
824.4896
825.1101
825.6721
811.6812
809.0525
810.4080
811.7866
813.0604
814.2338
815.3145
816.3102
817.2281
818.0751
818.8574
819.5808
820.2508
806.4376
804.0492
805.5093
806.9899
808.3700
809.6526
810.8445
811.9530
812.9850
813.9470
814.8450
815.6845
816.4707
802.7803
800.6335
802.1974
803.7775
794.6568
791.4397
788.8376
786.8193
784.9691
783.2596
781.6697
780.1833
778.7868
766.3689
761.8000
761.3485
760.7837
760.5812
760.5426
760.6345
760.8351
761.1287
761.4740
761.8566
762.2638
762.6831
763.1040
763.5179
762.9054
761.0512
758.8592
756.4311
753.8031
751.0035
748.0572
744.9861
741.8096
738.5450
735.2078
731.8119
728.3730
724.8996
721.3962
717.8739
714.3353
710.7903
707.2454
703.7071
700.1638
696.5994
693.0342
689.4754
685.9278
682.3966
678.8863
675.4015
671.9456
668.5223
665.1361
661.7911
658.4976
655.2509
652.0500
648.8953
645.7875
642.7267
639.7595
636.8992
634.0912
631.3131
628.5795
625.9037
623.2895
620.7364
618.2426
615.8067
613.4274
610.8512
608.3203
605.8339
603.3912
600.9912
598.6337
596.3174
594.0424
591.8067
589.6089
587.4479
585.3231
583.3768
581.5233
579.7124
577.9393
576.1613
574.3826
572.6325
570.9197
569.2451
567.6077
566.0070
564.4419
562.9878
561.5152
560.0427
558.5993
557.1900
555.8154
554.4755
553.1701
551.8986
550.6533
549.3861
548.1153
547.2986
546.4747
545.6507
544.8292
544.0125
543.2016
542.3970
541.5998
540.7982
539.9614
539.1119
538.2782
537.6930
537.0963
536.4950
535.8911
535.2872
534.6883
534.0977
533.5167
532.9459
532.3641
531.7567
531.1467
530.4318
529.7495
529.0955
528.4665
527.8598
527.2724
526.7006
526.1425
525.5973
525.0636
524.4987
523.4787
522.5099
521.5893
520.7135
519.8796
519.0845
518.3255
517.6000
516.9056
516.2402
515.6018
514.9884
511.2344
517.9547
525.7706
533.1540
540.0637
546.5725
552.6950
558.4626
563.9039
569.0444
573.9001
578.4852
582.8283
576.8328
579.0141
583.8544
588.5281
592.9812
597.2296
601.2892
605.1486
608.8304
612.3487
615.7157
618.9445
622.0453
614.7453
614.7157
618.0589
621.3758
624.5650
627.6300
630.5775
633.4151
636.1500
638.7892
641.3381
643.8027
646.1886
638.0967
637.2472
640.0261
642.8192
645.5142
648.1120
650.6176
653.0366
655.3743
657.6373
659.8305
661.9585
664.0255
655.3494
654.1406
656.6751
659.2388
661.7137
664.1004
666.4033
668.6274
670.7776
672.8589
674.8757
676.8325
678.7330
669.5750
668.1951
670.6041
673.0460
675.4008
677.6692
679.8557
681.9664
684.0064
685.9804
687.8931
689.7486
691.5509
681.9729
680.5247
682.8681
685.2449
687.5350
689.7393
691.8613
693.9062
695.8793
697.7857
699.6299
701.4165
703.1495
693.1910
691.7227
694.0178
696.3434
698.5812
700.7315
702.7991
704.7894
706.7076
708.5589
710.3480
712.0795
713.7573
703.4460
701.9941
704.2560
706.5426
708.7404
710.8503
712.8772
714.8264
716.7034
718.5134
720.2611
721.9512
723.5878
712.9463
711.5386
713.7933
716.0629
718.2381
720.3226
722.3233
724.2462
726.0976
727.8827
729.6067
731.2741
732.8891
721.9376
720.5947
722.8516
725.1207
727.2971
729.3844
731.3891
733.3174
735.1752
736.9677
738.7000
740.3765
742.0008
730.7723
729.4894
731.2046
733.1443
734.9862
736.7321
738.3871
739.9574
741.4498
742.8715
744.2287
745.5267
746.7708
735.3886
733.3537
735.0163
736.9620
738.8068
740.5553
742.2144
743.7908
745.2900
746.7175
748.0782
749.3765
750.6166
739.1164
736.9509
738.5652
740.5110
742.3471
744.0793
745.7156
747.2636
748.7301
750.1213
751.4429
752.4017
753.3139
741.7327
739.3729
740.9005
742.4769
743.9461
745.3109
746.5778
747.7538
748.8459
749.8606
750.8033
751.6796
752.4950
740.9527
738.2225
739.5988
741.0706
742.4574
743.7571
744.9810
746.1304
747.2081
748.2289
749.0195
749.7648
750.4677
738.9850
736.1063
737.4749
738.9182
740.2647
741.5180
742.6804
743.7646
744.7783
745.7266
746.6143
747.4262
748.1771
736.7515
733.9934
735.3831
736.8441
738.2170
739.5013
740.7031
741.8273
742.6261
743.3788
744.0876
744.7572
745.3904
734.0558
730.9638
732.2692
733.6366
734.8860
736.0237
737.0710
738.2987
739.4358
740.4898
741.4668
742.3724
743.2118
731.9383
729.1265
730.5994
732.1146
733.5217
734.8235
736.1959
737.4665
738.6434
739.7338
740.7451
741.6844
742.5588
731.2884
728.6598
730.1703
731.7152
733.1479
734.4716
735.6941
736.8230
737.8659
738.8298
739.7212
740.5461
741.6414
730.4086
727.7564
729.1374
730.5438
732.1573
733.6402
735.0065
736.2671
737.4320
738.5095
739.5075
740.4329
741.2922
730.0694
727.2703
728.8420
730.7285
732.4781
734.1025
735.6146
737.0286
738.3524
739.5933
740.7584
741.8538
742.8856
731.5971
729.1648
730.8942
732.6052
734.2023
735.6981
737.1000
738.4153
739.6510
740.8138
741.9095
742.9442
743.9247
732.5810
730.0976
731.8167
733.5288
735.1323
736.6359
738.0494
739.3811
740.6383
741.8273
742.9540
744.0235
745.0409
733.6591
731.1803
732.9348
734.6854
736.3263
737.8661
739.3149
740.6811
741.9721
743.1945
744.3540
745.4554
746.5039
735.0758
732.6172
734.3989
736.1800
737.8508
739.4276
740.9171
742.3262
743.6613
744.9284
746.1330
747.2804
748.3751
736.8838
734.4703
736.2744
738.0939
739.8154
741.4422
742.9812
744.4392
745.8227
747.1378
748.3902
749.5849
750.7270
739.1541
736.7971
738.6418
740.5127
742.2847
743.9615
745.5470
747.0434
748.4556
749.6246
750.7421
751.8120
752.8381
741.1906
738.9299
740.6544
742.4286
744.1103
745.7029
747.2127
748.6448
750.0051
751.2995
752.5327
753.7095
754.8341
743.1142
740.9257
742.7433
744.5997
746.3551
748.0144
749.5836
751.0679
752.4747
753.8110
755.0840
756.2991
757.4615
745.6509
743.5595
745.4099
747.3040
749.1012
750.8069
752.4280
753.9711
755.4427
756.8486
758.1945
759.4856
760.7265
748.8047
747.0213
748.9528
750.9193
742.7703
739.9615
737.7846
735.8678
734.1545
732.6087
731.2090
729.9370
728.7776
717.9612
713.8485
713.5711
712.4645
711.7128
711.2080
710.8761
710.6826
710.5732
710.5320
710.5195
710.5339
710.5686
710.6161
710.6707
710.2386
708.7696
707.0045
705.0305
702.9799
701.6820
716.8417
730.9760
744.1681
756.6580
768.7360
780.5127
792.0481
803.5418
815.0632
826.5784
838.0510
849.4435
860.6976
871.8109
882.7719
893.4470
903.8786
914.0624
920.9160
913.8873
922.6901
931.3435
939.4920
947.1644
954.5123
961.5605
968.2576
974.6765
980.8087
1001.3731
1017.6947
1030.3819
1026.3871
1023.2263
1021.2147
1020.3589
1019.0540
1006.1113
997.5188
992.5194
990.3197
990.3067
991.9755
994.9373
998.8708
1003.5002
1008.6235
1013.5772
1016.6211
1017.7495
1032.5190
1045.4225
1041.1748
1037.7010
1034.2790
1031.0099
1027.5600
1023.5471
1018.4828
1013.1663
1007.6567
1002.0001
996.9393
992.1860
1002.8900
1010.8433
1017.1127
1022.5159
1027.6643
1032.6809
1037.7685
1043.1354
1048.6170
1054.1469
1059.6779
1065.1759
1070.6168
1075.9843
1081.1302
1070.6887
1065.8594
1065.4925
1068.2863
1073.2540
1079.5214
1086.4804
1093.7297
1100.9976
1108.1067
1114.2957
1133.1225
1143.1450
1145.9242
1148.7951
1152.0326
1155.6769
1159.3237
1163.1372
1153.7708
1147.2152
1158.1965
1167.3770
1175.7547
1183.5383
1175.9193
1170.7447
1183.7015
1195.2070
1205.3538
1214.1077
1222.1518
1229.6290
1236.3528
1242.1368
1246.6496
1250.0268
1250.7708
1237.5608
1224.1170
1213.1929
1202.4717
1192.3273
1183.1649
1174.3997
1164.5898
1155.1529
1146.0660
1137.2859
1128.4988
1119.8393
1111.4526
1103.4169
1095.9801
1087.8546
1080.0138
1072.5465
1065.4072
1058.5490
1051.9330
1045.5409
1039.3330
1033.6260
1028.2728
1022.9288
1017.6401
1012.3355
1006.5099
1000.8218
995.7958
990.6129
985.3593
980.0733
974.7727
968.9116
963.1448
957.4727
951.8892
946.3867
941.6627
936.9717
932.2858
927.6097
926.4571
923.4005
920.5088
916.9479
913.2854
909.5488
905.7999
902.0345
898.2648
894.5000
890.7466
886.9824
871.0227
855.5637
840.5978
840.9278
841.0300
841.0206
841.0936
841.2746
841.5740
841.9958
842.5264
842.9868
843.2334
843.5754
843.9191
829.3198
827.2614
828.8869
830.5053
832.0662
833.6114
835.1048
836.2170
837.2090
861.4338
873.3615
877.4455
876.5284
860.9932
860.5611
856.9680
851.3958
844.6076
837.0985
829.1898
821.0898
812.9322
804.8035
796.7587
788.8321
781.0445
768.6661
763.9287
758.4169
752.4480
746.2293
739.8954
733.5337
727.2010
720.9333
714.7535
708.6759
702.7091
696.8576
687.2244
683.7451
679.6604
675.2142
670.5661
665.8202
661.0443
656.2825
651.5634
646.9052
642.3195
637.8135
633.3912
625.8213
623.2567
620.2103
616.8742
613.3740
609.7921
606.1819
602.5784
599.0041
595.4738
591.9966
588.5784
585.2226
579.2175
577.3319
575.0602
572.5550
569.9174
567.2122
564.4819
561.7542
559.0469
556.3717
553.7360
551.1444
548.5998
543.7950
542.4254
540.7433
542.8831
544.2357
545.0608
545.5316
545.7636
545.8345
545.7962
545.6839
545.5211
545.3240
545.1033
544.8665
542.4570
544.5642
552.7107
561.7904
572.7000
582.8690
592.7048
602.2073
626.6722
650.9116
674.8583
698.6337
722.2685
745.8617
769.4351
793.0232
816.6436
840.1001
863.4260
886.6578
909.7997
932.8211
939.3757
946.6727
970.9525
994.8534
1018.3956
1041.6496
1064.6615
1087.4525
1110.0280
1132.3870
1154.4390
1176.2969
1197.9646
1219.4288
1224.1019
1229.1393
1250.8351
1271.8891
1292.5440
1312.9686
1333.1660
1336.9136
1341.5761
1347.1573
1353.5931
1360.8230
1368.7877
1377.4336
1387.0172
1397.4211
1407.7349
1418.4768
1429.5505
1440.8989
1468.8284
1496.0090
1522.4784
1548.0915
1556.4335
1564.7317
1572.8238
1580.5323
1587.8056
1594.6555
1601.1082
1607.1882
1612.9326
1618.4174
1640.0650
1660.6370
1680.3639
1699.4026
1717.9916
1736.2863
1754.3830
1772.3108
1790.0821
1807.7179
1825.2253
1842.6048
1859.8589
1876.9900
1877.6012
1879.0815
1881.5007
1885.3446
1890.6946
1897.2339
1904.8521
1913.5935
1923.2786
1933.8182
1943.8502
1952.5267
1976.7885
2000.3447
2023.2263
2045.5001
2067.2592
2072.1889
2077.6460
2083.5058
2106.0505
2127.8868
2149.0711
2169.7831
2173.7445
2194.5777
2215.0837
2235.2265
2254.9578
2274.3092
2293.4550
2312.5554
2331.5988
2334.1169
2337.1306
2340.6399
2344.1671
2347.8574
2351.4782
2354.9670
2358.1400
2361.0631
2363.5475
2365.6081
2367.5719
2369.5625
2371.4030
2372.9913
2374.2927
2375.4534
2376.3166
2377.0532
2377.7181
2378.3534
2378.5580
2378.5573
2378.5442
2378.5539
2378.5856
2378.6382
2378.7122
2378.8066
2378.9202
2379.0521
2379.1744
2379.2746
2379.3431
2379.3434
2379.2818
2379.5028
2379.6934
2379.7667
2379.6295
2379.3381
2378.9880
2378.5588
2377.8613
2377.0782
2376.2168
2375.4027
2374.6170
2373.8250
2372.9832
2372.1557
2371.3067
2370.3968
2369.4795
2368.3895
2367.6808
2367.1139
2366.6180
2366.1839
2365.8053
2365.4772
2365.1956
2364.8797
2332.6354
2296.5997
2258.8763
2220.8282
2183.0266
2145.8102
2109.3716
2073.7813
2039.0709
2005.2919
1972.4155
1940.4706
1890.3898
1872.2052
1850.2792
1826.2063
1800.9945
1775.2878
1749.4951
1723.8733
1698.5814
1673.7148
1649.0588
1624.6126
1600.1864
1561.2199
1545.7503
1527.4756
1507.5383
1486.6836
1465.3954
1443.9876
1422.6626
1401.5501
1380.7319
1360.2589
1340.1602
1320.4533
1290.5831
1278.2558
1264.0897
1248.8397
1233.0001
1216.8929
1200.7273
1184.6390
1168.7153
1153.0119
1137.5625
1122.3885
1107.5022
1084.5370
1075.3081
1064.6537
1053.1538
1041.1885
1029.0059
1016.7677
1004.5789
992.5074
980.5970
968.8750
957.3583
946.0566
928.3167
921.3780
913.3325
904.6281
895.5587
886.3159
877.0249
867.7671
858.5949
849.5424
840.6309
831.8738
823.2787
809.5146
804.2996
798.2222
791.6296
784.7498
777.7315
770.6720
763.6411
756.6779
749.8075
743.0459
736.4029
729.8840
719.1892
715.3003
710.7377
705.7718
700.5795
695.2760
701.0820
704.9184
707.4146
708.9944
709.9440
710.4576
710.6674
710.6641
710.5098
710.2477
709.9079
709.5115
702.7032
709.1802
718.4123
727.8364
737.5517
760.9729
783.6058
805.6873
827.3554
848.7147
869.9065
890.9160
911.8020
932.6625
953.5050
974.3222
995.1072
1015.8537
1036.5557
1057.2079
1077.8053
1098.3433
1118.8132
1122.8239
1127.6031
1149.3891
1170.8465
1192.0165
1212.9712
1233.7500
1254.3915
1274.9080
1295.2275
1315.4125
1335.4944
1339.2325
1343.7235
1348.6593
1370.3629
1391.3093
1411.6271
1431.6089
1435.1347
1439.5967
1444.8586
1450.9364
1457.7728
1465.5420
1474.2659
1483.8758
1494.3131
1505.2769
1516.0763
1526.5235
1553.6114
1580.0054
1605.7597
1630.8733
1655.3780
1679.1591
1703.2181
1726.4247
1732.2430
1737.8702
1743.2198
1748.2670
1753.0303
1757.5269
1761.7730
1765.8156
1769.7001
1773.4860
1777.2944
1797.5843
1817.3114
1836.6053
1855.6291
1874.4095
1892.9715
1911.3233
1929.4690
1947.4118
1965.1583
1982.7058
2000.0140
2000.7619
2002.4603
2006.4422
2011.8609
2018.6764
2026.7031
2036.1244
2046.6227
2058.0916
2069.9136
2079.7080
2087.0378
2111.0784
2134.4012
2157.0549
2179.1567
2200.7089
2221.6918
2242.3707
2246.2640
2250.6271
2255.5987
2260.6982
2282.7059
2301.8546
2320.1717
2338.4053
2356.1590
2373.5011
2390.3724
2407.0691
2423.5445
2439.4534
2453.6883
2451.8113
2449.7495
2450.7247
2452.2494
2452.5343
2452.3140
2452.5759
2452.7223
2452.3948
2451.8975
2450.7142
2449.2506
2447.6038
2442.7813
2438.9524
2435.2687
2430.7359
2427.1864
2423.7063
2419.9112
2415.6260
2411.5391
2407.6767
2403.9532
2400.3294
2396.8698
2394.7147
2392.7146
2390.8668
2389.1507
2387.5297
2385.9909
2384.5067
2383.4857
2382.6462
2381.7787
2380.8233
2379.8493
2378.4354
2376.8600
2375.2311
2373.0738
2371.2891
2369.5214
2367.7256
2365.8420
2363.8721
2361.8146
2359.7487
2357.6120
2357.0360
2356.7507
2356.6895
2356.7120
2356.2980
2355.9405
2355.6158
2355.3222
2355.0571
2354.8187
2354.5033
2323.4654
2288.8208
2252.3315
2215.2472
2178.1992
2141.5754
2105.6052
2070.4180
2036.0136
2002.4814
1969.7598
1937.7544
1887.5208
1868.9163
1846.8492
1822.7892
1797.6765
1772.1129
1746.4819
1721.0254
1695.8936
1671.1777
1646.7518
1622.5095
1595.2531
1556.2305
1516.7656
1486.0143
1457.7383
1431.3467
1406.6597
1383.5332
1361.8378
1341.4564
1322.2823
1304.2183
1287.1781
1271.0814
1242.4811
1225.0575
1212.2506
1200.3370
1188.9945
1178.1620
1167.7987
1157.8705
1148.3470
1139.2010
1130.3988
1121.9191
1113.7439
1090.2793
1080.2310
1073.9394
1068.0202
1062.2456
1056.5952
1051.0625
1045.6429
1040.3330
1035.1313
1030.0354
1025.0431
1020.1525
999.7191
992.7998
989.2832
985.9583
982.6470
979.3399
976.0397
972.7506
969.4766
966.2219
962.9907
959.7867
956.6132
938.2425
932.9328
930.8934
928.9898
927.0525
925.0754
923.0642
918.1858
910.8647
904.7113
898.7049
892.7635
886.8877
870.8651
866.1653
860.2465
855.3650
850.6049
845.8968
855.3332
862.4704
868.7882
874.4912
879.5601
884.1214
888.2008
891.7997
894.9734
897.7838
900.2642
902.4456
901.1447
898.2781
894.8587
891.0869
904.3916
915.3024
924.1058
931.1615
937.0652
942.5692
948.0123
953.7430
959.8929
966.5537
973.6484
981.0621
988.7975
996.7473
1004.8277
1012.9789
1021.1296
1029.2364
1037.1167
1030.4001
1025.3357
1037.6928
1048.6473
1058.7242
1068.2200
1077.1879
1085.6801
1093.7457
1101.0611
1107.9977
1114.7120
1120.9241
1125.8336
1128.9935
1118.3233
1109.2273
1116.1971
1122.5687
1114.4240
1107.2705
1102.7701
1100.7574
1100.6817
1102.0425
1104.3961
1107.4980
1111.1069
1115.1009
1119.1840
1123.1933
1144.6842
1159.8864
1169.5696
1178.1185
1185.8447
1192.7140
1197.8700
1187.7920
1178.3149
1167.3555
1156.3606
1145.4546
1134.6541
1124.1516
1114.4205
1105.4157
1097.3706
1089.9992
1083.4217
1077.7892
1073.7060
1086.9608
1098.3596
1108.4984
1117.6947
1126.1914
1134.0978
1141.5038
1148.4823
1155.0558
1147.1739
1140.0083
1135.7390
1134.1521
1134.5108
1136.3005
1139.1387
1142.7305
1146.6646
1151.0115
1174.0275
1192.2526
1204.9176
1212.2121
1215.0536
1217.9085
1221.3441
1224.9894
1215.2407
1208.5705
1218.8943
1227.2798
1234.3519
1226.5694
1221.3661
1218.1279
1231.8241
1242.8148
1252.1024
1260.3887
1268.1277
1275.6177
1282.9298
1289.9834
1282.0809
1276.4813
1272.0239
1267.7027
1262.4841
1256.0984
1247.2262
1239.0031
1229.8320
1220.5378
1211.5767
1202.5169
1192.4540
1182.6432
1172.7906
1162.3953
1152.6942
1143.0778
1133.8506
1124.9821
1116.8797
1107.8234
1099.2386
1091.1143
1083.3840
1075.9865
1068.8714
1062.0053
1055.3480
1048.8796
1042.9209
1037.4478
1031.8923
1025.2586
1018.7761
1012.4593
1006.7344
1000.7403
994.6914
988.6371
981.7970
974.9601
968.2187
961.5780
955.0361
948.9611
942.9331
937.3242
931.9923
926.7518
921.6063
916.9765
911.9033
906.9836
902.2097
897.5701
893.0542
888.6525
884.3565
880.1591
876.0539
872.0355
856.6017
841.6503
841.3250
841.3916
841.0506
840.2055
839.1641
838.3365
838.0998
837.6799
837.3640
837.1228
836.9224
836.4288
822.1087
819.0805
820.0853
821.2498
822.4629
823.7146
824.9937
826.0226
826.9645
827.2416
827.7177
828.5300
829.1869
815.0884
811.6038
812.9054
814.2018
815.3370
816.3230
817.1745
817.9053
818.5280
819.0552
819.4972
819.8630
820.1612
806.3487
802.6818
803.7772
804.9191
805.9475
806.8688
807.6920
808.4259
809.0775
809.6547
810.1644
810.6133
811.0073
797.4877
794.0627
795.2577
796.5029
797.6420
798.6805
799.6264
800.4881
801.2730
801.9879
802.6392
803.2327
803.7736
790.4867
787.3000
788.6350
790.0144
791.2887
792.4635
793.5462
794.5443
795.4651
796.3151
797.1005
797.8269
798.4992
785.3805
782.3997
783.8544
785.3462
786.7326
778.3572
774.7090
771.6782
768.9262
766.3955
764.0516
761.8690
759.8274
748.0251
743.0280
741.9455
741.1079
741.1833
741.4006
741.7753
742.2494
742.7904
743.3605
743.9164
744.4528
744.9720
745.4693
745.9409
746.3844
746.0492
744.4170
742.4316
740.2073
738.9017
737.5523
736.3906
752.0748
766.5059
779.8548
792.4939
804.6736
816.6371
828.5313
840.3986
852.1796
863.8264
875.3020
886.5813
897.6450
908.4251
918.9257
928.8905
938.4582
947.9790
956.9084
965.4948
989.0332
994.7688
1001.0389
1007.7000
1014.6210
1021.3157
1028.0752
1034.9743
1041.8206
1047.8510
1039.4352
1032.0664
1025.5742
1035.1861
1043.7782
1036.6441
1029.9819
1025.8277
1023.9548
1023.8806
1025.2737
1027.7888
1031.2089
1035.2560
1039.8894
1064.6816
1084.2199
1097.4194
1104.7848
1111.7559
1118.5053
1124.9845
1130.6024
1134.9114
1124.1021
1113.8675
1102.4796
1091.4003
1080.6037
1070.0905
1060.0344
1050.2194
1041.8513
1034.3536
1027.7534
1022.1194
1032.7378
1042.0971
1050.6713
1058.8154
1066.8104
1074.6896
1082.4067
1089.9331
1097.2514
1104.3531
1111.1888
1103.8969
1096.8024
1092.9801
1091.9568
1093.0088
1095.5716
1099.1709
1103.4602
1108.2142
1113.2351
1118.3778
1141.0556
1154.1555
1163.0660
1166.9256
1170.6980
1174.8812
1179.4875
1183.9100
1174.7688
1168.8968
1165.4745
1179.3586
1190.1800
1184.4713
1181.0150
1179.2309
1194.7644
1207.1769
1217.1556
1226.0039
1234.4717
1242.5981
1250.3442
1257.0825
1262.5318
1253.0859
1245.5679
1237.4150
1228.9657
1219.4716
1210.9938
1202.2882
1192.7611
1183.3707
1174.6422
1164.6451
1154.9639
1150.7132
1144.7098
1137.3662
1128.9503
1120.1304
1111.5504
1103.2919
1095.6666
1088.4656
1081.6887
1075.1966
1068.9017
1062.7499
1056.7086
1050.7591
1044.8910
1039.0044
1033.0210
1026.8702
1020.5882
1014.2939
1008.0953
1001.9775
995.8552
989.6235
983.2310
976.7727
970.2595
963.6891
957.1306
950.6263
944.2019
937.8718
931.7204
925.8885
920.3192
915.0115
909.9727
905.1214
900.4640
896.0180
891.8001
887.7479
883.8208
879.9925
876.2460
872.5701
868.9577
856.0467
845.6817
837.0574
829.7135
823.2317
817.3404
811.8632
806.6858
801.7343
796.9208
792.2371
787.3854
774.7289
773.9895
771.7100
768.5781
764.9499
761.0520
757.0277
752.9669
748.9246
744.9338
740.8540
736.4955
731.4180
720.5794
717.5765
713.4745
708.7029
703.5403
698.1674
692.7015
687.2182
681.7663
676.3766
671.0686
665.8538
660.7391
652.2067
649.2230
645.6857
641.8205
637.7734
633.6390
629.4786
625.3317
621.2236
617.1704
613.1828
609.2667
605.4256
598.6995
596.5348
593.9270
591.0543
588.0318
584.9343
581.8105
578.6916
575.5980
572.5429
569.5344
566.5773
563.6748
558.3179
556.7472
554.8184
552.6738
550.4055
548.0733
545.7163
543.3597
541.0195
538.7064
536.4272
534.1859
531.9852
527.6671
526.5376
525.1158
523.5167
521.8148
520.0585
518.2794
516.4981
514.7278
512.9771
511.2513
509.5539
507.8869
504.3612
503.5666
502.5307
501.3474
500.0776
498.7608
499.4681
499.8434
500.0035
500.0249
499.9574
499.8336
499.6748
499.4945
499.3017
499.1019
498.8987
498.6943
497.5499
496.5199
495.5714
494.6824
493.8378
493.0272
492.2436
491.4822
490.7396
490.0135
489.3021
488.6042
487.9190
487.2459
486.5843
485.9338
485.2940
484.6646
484.0455
483.4364
482.8371
482.2474
481.6672
481.0962
480.5344
479.9816
479.4377
478.9024
478.3757
477.8574
477.3473
476.8455
476.3516
475.8657
475.3875
474.9170
474.4539
473.9983
473.5500
473.1088
472.6747
472.2476
471.8272
471.4136
471.0067
470.6062
470.2121
469.8243
469.4427
469.0672
468.6977
468.3340
467.9761
467.6240
467.2774
466.9364
466.6008
466.2705
465.9456
465.6258
465.3110
465.0013
464.6966
464.3967
464.1016
463.8112
463.5254
463.2442
462.9675
462.6952
462.4273
462.1636
461.9042
461.6490
461.3978
461.1506
460.9074
460.6681
460.4326
460.2009
459.9729
459.7485
459.5277
459.3104
459.0965
458.8859
458.6786
458.4745
458.2737
458.0760
457.8814
457.6899
457.5014
457.3159
457.1334
456.9537
456.7768
456.6028
456.4314
456.2628
456.0968
455.9335
455.7727
455.6145
455.4588
455.3055
455.1546
455.0061
454.8600
454.7162
454.5747
454.4354
454.2983
454.1634
454.0306
453.8999
453.7712
453.6447
453.5201
453.3974
451.9728
450.8896
450.0503
449.3876
448.8540
448.4162
448.0504
447.7395
447.4708
447.2352
447.0257
446.8370
445.3161
444.9608
444.6300
444.3179
444.0210
443.7365
443.4628
443.1985
442.9426
442.6944
442.4533
442.2188
441.9906
440.6227
440.7282
440.7324
440.6717
440.5698
440.4420
440.2984
440.1454
439.9873
439.8270
439.6663
439.5065
439.3486
438.0644
438.2170
438.2716
438.2629
438.2134
438.1377
438.0455
437.9432
437.8347
437.7230
437.6097
437.4961
437.3829
436.1623
436.3435
436.4304
436.4562
436.4423
436.4027
436.3465
436.2799
436.2067
436.1296
436.0504
435.9702
435.8897
434.7171
434.9188
435.0293
435.0804
435.0928
435.0799
435.0505
435.0105
434.9639
434.9130
434.8597
434.8050
434.7497
433.6136
433.8314
433.9604
434.0314
434.0643
434.0723
434.0640
434.0449
434.0188
433.9882
433.9547
433.9195
433.8832
432.7751
433.0050
433.1478
433.2336
433.2820
433.3056
433.3129
433.3093
433.2986
433.2831
433.2644
433.2437
433.2217
432.1345
432.3734
432.5265
432.6233
432.6831
432.7185
432.7378
432.7463
432.7476
432.7441
432.7373
432.7284
432.7180
431.6473
431.8940
432.0559
432.1622
432.2316
432.2767
432.3056
432.3235
432.3341
432.3396
432.3418
432.3415
432.3397
431.2821
431.5339
431.7019
431.8146
431.8908
431.9428
431.9785
432.0034
432.0208
432.0331
432.0419
432.0482
432.0528
431.0050
431.2608
431.4333
431.5512
431.6329
431.6905
431.7320
431.7626
431.7857
431.8038
431.8182
431.8301
431.8402
430.8015
431.0604
431.2366
431.3583
431.4439
431.5055
431.5510
431.5855
431.6124
431.6342
431.6522
431.6676
431.6811
430.6484
430.9093
431.0880
431.2127
431.3016
431.3666
431.4154
431.4534
431.4839
431.5091
431.5306
431.5495
431.5665
430.5395
430.8025
430.9837
431.1111
431.2029
431.2708
431.3226
431.3636
431.3970
431.4252
431.4497
431.4714
431.4910
430.4693
430.7334
430.9160
431.0451
431.1386
431.2082
431.2619
431.3046
431.3397
431.3696
431.3958
431.4192
431.4406
430.4232
430.6880
430.8718
431.0023
431.0973
431.1686
431.2239
431.2683
431.3051
431.3367
431.3644
431.3893
431.4121
430.3977
430.6632
430.8478
430.9791
431.0751
431.1474
431.2036
431.2490
431.2867
431.3189
431.3473
431.3729
431.3963
430.3831
430.6488
430.8335
430.9650
431.0611
431.1335
431.1899
431.2354
431.2734
431.3060
431.3349
431.3609
431.3848
430.3720
430.6383
430.8237
430.9558
431.0526
431.1256
431.1824
431.2281
431.2660
431.2985
431.3270
431.3526
431.3760
430.3618
430.6277
430.8124
430.9437
431.0395
431.1116
431.1677
431.2127
431.2502
431.2822
431.3104
431.3357
431.3588
430.3417
430.6083
430.7935
430.9250
431.0209
431.0929
431.1487
431.1935
431.2307
431.2624
431.2902
431.3151
431.3379
430.3204
430.5866
430.7713
430.9024
430.9979
431.0696
431.1251
431.1696
431.2064
431.2379
431.2654
431.2901
431.3126
430.2940
430.5602
430.7449
430.8760
430.9714
431.0429
431.0984
431.1428
431.1796
431.2110
431.2385
431.2631
431.2855
430.2663
430.5326
430.7174
430.8484
430.9437
431.0151
431.0704
431.1146
431.1512
431.1824
431.2096
431.2340
431.2562
430.2356
430.5021
430.6871
430.8183
430.9137
430.9853
431.0408
431.0853
431.1221
431.1535
431.1810
431.2057
431.2283
430.2083
430.4750
430.6603
430.7919
430.8879
430.9600
431.0161
431.0611
431.0984
431.1304
431.1585
431.1838
431.2069
430.1875
430.4545
430.6401
430.7720
430.8682
430.9406
430.9968
431.0421
431.0796
431.1118
431.1402
431.1657
431.1890
430.1698
430.4370
430.6229
430.7550
430.8516
430.9242
430.9808
431.0263
431.0641
431.0967
431.1255
431.1514
431.1752
430.1563
430.4242
430.6106
430.7433
430.8404
430.9137
430.9708
431.0170
431.0554
431.0884
431.1175
431.1437
431.1677
430.1489
430.4168
430.6033
430.7360
430.8331
430.9062
430.9633
431.0092
431.0475
431.0804
431.1094
431.1354
431.1593
430.1402
430.4080
430.5944
430.7270
430.8239
430.8968
430.9537
430.9995
431.0377
431.0705
431.0994
431.1254
431.1493
430.1296
430.3976
430.5840
430.7166
430.8135
430.8865
430.9434
430.9892
431.0273
431.0600
431.0888
431.1148
431.1386
430.1183
430.3864
430.5728
430.7054
441.4554
451.6218
461.2511
470.3835
479.0551
486.3663
492.8924
498.8657
504.4960
501.0743
502.6927
507.9975
501.2029
495.9161
491.1336
486.7357
482.6819
478.9527
475.5252
472.3800
469.4978
466.8598
464.4471
462.2416
461.7051
461.2441
461.1307
461.5245
461.7218
462.0011
478.8279
494.8372
510.1281
525.1811
540.1110
555.0847
570.1149
584.4971
599.0903
613.8048
628.5963
643.3984
658.1410
672.6958
687.0281
700.8287
713.8026
726.2054
738.7555
735.7648
750.6028
764.8112
778.6598
792.1477
805.2450
817.7573
829.7688
841.4698
852.6861
878.2011
884.8213
890.7220
895.5479
899.7822
904.2495
909.2855
913.1716
902.8374
896.3415
893.0176
892.2069
893.4017
896.1764
900.1915
905.1513
910.5900
916.2523
921.1425
942.7212
960.5924
973.6015
985.4988
996.4546
1006.1884
1014.5324
1007.1451
1000.1914
991.1749
982.3136
973.6568
965.2492
957.0846
949.4164
942.0383
936.2855
931.1371
926.8729
923.7831
922.2791
939.1130
954.2322
967.9809
980.6892
992.5042
1003.5531
1013.9424
1023.7616
1032.8724
1041.1680
1032.7834
1028.5249
1027.6034
1029.1155
1032.3810
1036.9269
1042.3880
1048.4764
1054.9587
1062.1164
1067.9937
1087.5800
1101.3722
1108.9184
1115.6680
1122.1421
1128.7466
1121.3939
1116.9414
1129.9777
1140.5186
1149.3577
1156.6621
1163.0314
1168.5948
1160.0709
1155.1202
1168.0089
1178.9303
1188.5316
1197.3527
1205.9139
1214.1959
1221.6043
1227.9562
1232.8520
1236.5221
1238.4329
1224.9404
1210.9541
1199.0725
1187.1852
1176.1325
1164.9342
1155.3215
1144.8274
1134.3337
1124.0013
1113.2344
1103.1723
1094.1260
1085.4711
1077.1321
1069.2339
1060.6150
1052.5342
1044.9073
1037.6720
1030.7698
1024.1569
1017.7931
1011.6471
1006.4052
1001.4089
996.5131
991.5752
985.4997
979.5915
973.8242
968.7122
963.3536
957.6970
952.0032
946.3046
939.8382
933.4924
927.2727
921.1609
915.6167
910.1336
905.3666
900.6238
896.0834
891.5680
887.1603
882.8697
878.6986
874.1819
869.8270
865.6480
861.6404
857.7823
854.0675
850.4868
847.0367
832.4672
818.3500
804.6787
806.1330
808.0142
810.0180
812.1352
814.3641
816.3553
818.1597
819.9521
821.3687
822.3903
823.5861
824.8248
810.9243
809.6883
811.9084
814.2005
816.4571
818.6577
820.6888
