24.5945
24.6040
24.6123
24.6208
24.6290
24.9883
24.8567
24.7773
24.7357
24.7147
24.7048
24.7007
24.6995
24.6998
24.7009
24.7022
24.7036
24.7049
25.0603
24.9215
24.8356
24.7879
24.7617
24.7469
24.7384
24.7332
24.7298
24.7274
24.7255
24.7239
24.7224
25.0763
24.9350
24.8462
24.7963
24.7679
24.7511
24.7407
24.7337
24.7287
24.7247
24.7213
24.7183
24.7155
25.0681
24.9258
24.8357
24.7846
24.7551
24.7373
24.7259
24.7180
24.7120
24.7072
24.7030
24.6993
24.6957
25.0473
24.9047
24.8139
24.7622
24.7308
24.7118
24.7009
24.6926
24.6858
24.6797
24.6736
24.6676
24.6613
25.0089
24.8623
24.7688
24.7148
24.6802
24.6591
24.6444
24.6329
24.6234
24.6147
24.6063
24.5983
24.5904
24.5826
24.5749
24.0275
24.0025
24.0016
24.0015
24.0013
24.0032
24.0034
24.0034
24.0644
24.0970
24.1180
24.1311
24.1424
24.1510
24.1582
24.1644
24.1698
24.1749
24.1795
24.1838
24.1879
24.0661
24.0163
24.0045
24.0033
24.1075
24.1531
24.1744
24.1895
24.1961
24.2023
24.2069
24.2128
24.2168
24.0950
24.0104
24.0048
24.0036
24.0034
24.0034
24.0033
24.1209
24.0418
24.0027
24.0012
24.0010
24.0009
24.0009
24.0008
24.0007
24.0007
24.0006
24.0006
24.0006
24.0014
24.0017
24.0162
24.0386
24.0573
24.0736
24.0078
24.0029
24.0025
24.0010
24.0008
24.0008
24.0007
24.0007
24.0007
24.0007
24.0006
24.0006
24.0006
24.0016
24.0018
24.0020
24.0022
24.0561
24.0897
24.1142
24.1342
24.1515
24.1672
24.1814
24.1956
24.0091
24.0016
24.0012
24.0011
24.0010
24.0009
24.0008
24.0008
24.0007
24.0007
24.0017
24.0018
24.0600
24.0968
24.1276
24.1502
24.1683
24.1844
24.0746
24.0085
24.0096
24.1392
24.1926
24.0982
24.0639
24.1823
24.0171
24.0040
24.1593
24.2259
24.2588
24.2789
24.2927
24.1802
24.0175
24.0042
24.0030
24.0027
24.0024
24.0023
24.0011
24.0009
24.0008
24.0008
24.0007
24.0007
24.0006
24.0006
24.0005
24.0006
24.0005
24.0005
24.0005
24.0005
24.0005
24.0005
24.0005
24.0005
24.0005
24.0005
24.0004
24.0004
24.0003
24.0003
24.0003
24.0003
24.0003
24.0003
24.0003
24.0004
24.0003
24.0004
24.0004
24.0004
24.0004
24.0005
24.0005
24.0005
24.0004
24.0002
24.0002
24.0001
24.0001
24.0001
24.0001
24.0001
24.0001
24.0001
24.0001
24.0001
24.0001
24.0001
24.0001
24.0001
24.0001
24.4592
24.7328
24.9178
24.6861
24.5401
24.4591
24.4153
24.3925
24.3816
24.3777
24.3779
24.3806
24.3851
24.3905
24.3966
24.7484
24.6196
24.5448
24.5070
24.4904
24.4855
24.4871
24.4921
24.4993
24.5085
24.5168
24.5251
24.5334
24.8899
24.7604
24.6813
24.6400
24.6193
24.6096
24.6056
24.6046
24.6051
24.6064
24.6079
24.6095
24.6111
24.9640
24.8275
24.7420
24.6950
24.6692
24.6548
24.6466
24.6417
24.6388
24.6368
24.6354
24.6343
24.6333
24.9851
24.8461
24.7584
24.7093
24.6817
24.6657
24.6560
24.6498
24.6456
24.6425
24.6400
24.6379
24.6360
24.9875
24.8475
24.7588
24.7090
24.6807
24.6641
24.6539
24.6472
24.6425
24.6389
24.6360
24.6336
24.6313
24.9828
24.8424
24.7533
24.7032
24.6749
24.6557
24.6461
24.6395
24.6345
24.6300
24.6257
24.6214
24.6169
24.9653
24.8226
24.7286
24.6791
24.6460
24.6267
24.6139
24.6044
24.5966
24.5897
24.5832
24.5769
24.5707
24.5646
24.5586
24.0266
24.0027
24.0019
24.0018
24.0015
24.0014
24.0014
24.0033
24.0245
24.0515
24.0734
24.0908
24.1063
24.1188
24.1293
24.1385
24.1468
24.1543
24.1611
24.1674
24.1733
24.1783
24.1838
24.0177
24.0047
24.0038
24.1131
24.1577
24.1790
24.1920
24.2009
24.2073
24.2149
24.2206
24.2259
24.2283
24.1056
24.0056
24.0035
24.0035
24.1252
24.1783
24.0168
24.0019
24.0012
24.0010
24.0009
24.0008
24.0008
24.0007
24.0007
24.0007
24.0016
24.0019
24.0594
24.0972
24.1216
24.1442
24.0356
24.0057
24.0031
24.0012
24.0010
24.0009
24.0008
24.0008
24.0007
24.0007
24.0016
24.0017
24.0018
24.0021
24.0893
24.1340
24.1687
24.1926
24.2131
24.2290
24.2433
24.2569
24.2699
24.2821
24.2937
24.3031
24.0634
24.0040
24.0014
24.0012
24.0011
24.0010
24.0009
24.0009
24.0008
24.0007
24.0007
24.0007
24.0649
24.1254
24.1676
24.1998
24.2253
24.2480
24.0227
24.0022
24.1388
24.2171
24.2612
24.1626
24.1298
24.0132
24.0778
24.0088
24.0802
24.2390
24.3043
24.3394
24.3619
24.2552
24.2190
24.0831
24.0050
24.0015
24.0013
24.0012
24.0011
24.0010
24.0009
24.0008
24.0008
24.0008
24.0007
24.0006
24.0006
24.0006
24.0005
24.0005
24.0005
24.0005
24.0005
24.0004
24.0004
24.0003
24.0003
24.0003
24.0003
24.0003
24.0003
24.0003
24.0003
24.0004
24.0004
24.0003
24.0003
24.0003
24.0003
24.0003
24.0003
24.0002
24.0002
24.0002
24.0002
24.0002
24.0002
24.0002
24.0002
24.0002
24.0002
24.0002
24.0002
24.0002
24.0002
24.0002
24.0002
24.0002
24.0002
24.0002
24.0002
24.0002
24.0002
24.0002
24.5271
24.8350
25.0404
24.8208
24.6857
24.6128
24.5752
24.5574
24.5509
24.5508
24.5547
24.5610
24.5690
24.5774
24.5872
24.9474
24.8183
24.7459
24.7107
24.6967
24.6943
24.6982
24.7056
24.7144
24.7253
24.7350
24.7448
24.7544
25.1183
24.9851
24.9073
24.8667
24.8471
24.8385
24.8359
24.8362
24.8381
24.8406
24.8435
24.8465
24.8494
25.2103
25.0697
24.9855
24.9392
24.9145
24.9013
24.8945
24.8910
24.8893
24.8886
24.8885
24.8886
24.8889
25.2489
25.1055
25.0187
24.9701
24.9433
24.9282
24.9195
24.9143
24.9111
24.9089
24.9073
24.9060
24.9049
25.2644
25.1196
25.0314
24.9816
24.9536
24.9375
24.9278
24.9217
24.9175
24.9144
24.9120
24.9099
24.9081
25.2671
25.1215
25.0325
24.9819
24.9528
24.9339
24.9248
24.9185
24.9135
24.9090
24.9046
24.9002
24.8955
25.2509
25.1025
25.0078
24.9567
24.9234
24.9038
24.8907
24.8807
24.8724
24.8642
24.8573
24.8503
24.8433
24.8363
24.8293
24.0485
24.0041
24.0022
24.0020
24.0016
24.0016
24.0015
24.0014
24.0030
24.1200
24.1811
24.2179
24.2433
24.2614
24.2759
24.2880
24.2981
24.3069
24.3149
24.3220
24.3287
24.3346
24.2137
24.0422
24.0998
24.2416
24.2998
24.3257
24.3397
24.3497
24.3570
24.3623
24.3693
24.3742
24.2553
24.0829
24.1342
24.2767
24.2097
24.1870
24.3015
24.3478
24.2472
24.0128
24.0019
24.0013
24.0011
24.0010
24.0009
24.0009
24.0008
24.0008
24.0019
24.0022
24.0080
24.0195
24.1556
24.2206
24.2564
24.2796
24.2963
24.1867
24.0238
24.0023
24.0013
24.0011
24.0010
24.0010
24.0009
24.0009
24.0009
24.0008
24.0008
24.0008
24.0007
24.0700
24.1344
24.1799
24.2139
24.2414
24.2647
24.2851
24.3033
24.3197
24.0875
24.0051
24.0015
24.0012
24.0011
24.0010
24.0009
24.0008
24.0008
24.0007
24.0015
24.0017
24.0307
24.1627
24.2297
24.2694
24.2967
24.1932
24.1604
24.2759
24.2022
24.1816
24.1757
24.1769
24.1784
24.0591
24.0136
24.1197
24.2887
24.3581
24.3953
24.4176
24.4341
24.3238
24.1620
24.0984
24.0695
24.0563
24.0501
24.0412
24.0379
24.0026
24.0010
24.0009
24.0008
24.0007
24.0007
24.0006
24.0006
24.0005
24.0004
24.0004
24.0004
24.0004
24.0004
24.0004
24.0003
24.0003
24.0003
24.0003
24.0003
24.0003
24.0003
24.0003
24.0003
24.0003
24.0003
24.0003
24.0003
24.0003
24.0003
24.0003
24.0003
24.0002
24.0002
24.0003
24.0003
24.0003
24.0003
24.0003
24.0003
24.0002
24.0002
24.0002
24.0002
24.0002
24.0002
24.0002
24.0002
24.0002
24.0002
24.0002
24.0002
24.0002
24.0002
24.0002
24.5547
24.8761
25.0892
24.8723
24.7413
24.6707
24.6351
24.6187
24.6134
24.6141
24.6187
24.6257
24.6345
24.6432
24.6529
25.0155
24.8861
24.8124
24.7771
24.7633
24.7612
24.7655
24.7734
24.7834
24.7941
24.8044
24.8147
24.8247
25.1910
25.0564
24.9787
24.9382
24.9188
24.9106
24.9083
24.9090
24.9112
24.9142
24.9175
24.9208
24.9241
25.2875
25.1457
25.0617
25.0157
24.9913
24.9785
24.9720
24.9688
24.9675
24.9671
24.9673
24.9676
24.9682
25.3305
25.1857
25.0988
25.0503
25.0235
25.0086
25.0000
24.9949
24.9917
24.9896
24.9880
24.9868
24.9857
25.3473
25.2009
25.1123
25.0623
25.0342
25.0179
25.0081
25.0019
24.9975
24.9943
24.9916
24.9893
24.9872
25.3481
25.2007
25.1111
25.0600
25.0309
25.0116
25.0017
24.9951
24.9898
24.9849
24.9801
24.9752
24.9701
25.3269
25.1770
25.0807
25.0039
24.9811
24.9665
24.9557
24.9467
24.9387
24.9312
24.9239
24.9167
24.9095
24.9024
24.8953
24.0548
24.0042
24.0019
24.0017
24.0034
24.0035
24.0034
24.0032
24.0031
24.0029
24.2023
24.2848
24.3258
24.3488
24.3639
24.3753
24.3844
24.3921
24.3989
24.4051
24.4108
24.2928
24.2470
24.3502
24.2637
24.1134
24.1752
24.3190
24.3765
24.4030
24.4184
24.4281
24.4373
24.4439
24.4495
24.4544
24.2118
24.1142
24.0724
24.1754
24.3361
24.4011
24.1861
24.0100
24.0017
24.0012
24.0010
24.0009
24.0008
24.0008
24.0007
24.0014
24.0440
24.0764
24.0941
24.1089
24.2449
24.3090
24.3434
24.2435
24.2095
24.0755
24.0045
24.0013
24.0011
24.0010
24.0009
24.0008
24.0008
24.0008
24.0008
24.0007
24.0015
24.0241
24.1769
24.2508
24.2961
24.3271
24.3517
24.3725
24.3909
24.4074
24.4226
24.3126
24.0170
24.0022
24.0014
24.0012
24.0011
24.0010
24.0009
24.0008
24.0008
24.0007
24.0007
24.0014
24.0402
24.2000
24.2734
24.3202
24.3519
24.3759
24.3956
24.0213
24.0045
24.2439
24.2180
24.2179
24.3468
24.2825
24.1432
24.0866
24.3131
24.4063
24.4514
24.4777
24.4966
24.5117
24.4019
24.3650
24.3522
24.2251
24.1774
24.1553
24.0087
24.0015
24.0011
24.0010
24.0009
24.0009
24.0008
24.0007
24.0007
24.0006
24.0006
24.0006
24.0005
24.0005
24.0005
24.0005
24.0004
24.0004
24.0004
24.0003
24.0003
24.0003
24.0003
24.0003
24.0003
24.0003
24.0003
24.0004
24.0003
24.0003
24.0003
24.0003
24.0003
24.0003
24.0003
24.0004
24.0004
24.0004
24.0004
24.0002
24.0002
24.0002
24.0002
24.0002
24.0002
24.0002
24.0002
24.0002
24.0002
24.0002
24.0002
24.0002
24.0002
24.0002
24.0002
24.0002
24.5745
24.9055
25.1242
24.9111
24.7823
24.7138
24.6797
24.6646
24.6601
24.6617
24.6671
24.6747
24.6836
24.6927
24.7034
25.0677
24.9382
24.8642
24.8291
24.8153
24.8130
24.8170
24.8242
24.8336
24.8437
24.8533
24.8628
24.8719
25.2387
25.1026
25.0238
24.9823
24.9620
24.9529
24.9497
24.9495
24.9509
24.9530
24.9554
24.9578
24.9603
25.3237
25.1805
25.0954
25.0483
25.0229
25.0092
25.0018
24.9978
24.9955
24.9942
24.9935
24.9930
24.9926
25.3549
25.2087
25.1208
25.0712
25.0436
25.0279
25.0185
25.0126
25.0086
25.0057
25.0034
25.0014
24.9996
25.3609
25.2134
25.1241
25.0733
25.0445
25.0276
25.0171
25.0102
25.0052
25.0014
24.9982
24.9953
24.9927
25.3532
25.2052
25.1150
25.0635
25.0340
25.0143
25.0041
24.9971
24.9914
24.9861
24.9808
24.9754
24.9699
25.3264
25.1765
25.0802
25.0035
24.9813
24.9673
24.9570
24.9485
24.9410
24.9339
24.9268
24.9198
24.9127
24.9056
24.8986
24.0546
24.0037
24.0015
24.0013
24.0012
24.0011
24.0010
24.0010
24.0009
24.0008
24.0008
24.0007
24.0007
24.0007
24.0006
24.0006
24.0006
24.0006
24.0005
24.0005
24.0005
24.0005
24.0005
24.0005
24.0005
24.0004
24.0004
24.0004
24.0004
24.0004
24.0004
24.0004
24.0004
24.0004
24.0004
24.0004
24.0004
24.0004
24.0004
24.0004
24.0004
24.0004
24.0004
24.0004
24.0003
24.0003
24.0003
24.0003
24.0003
24.0003
24.0003
24.0003
24.0003
24.0003
24.0003
24.0003
24.0003
24.0003
24.0003
24.0003
24.0003
24.0003
24.0002
24.0002
24.0002
24.0002
24.0002
24.0002
24.0002
24.0002
24.0002
24.0002
24.0002
24.0002
24.0002
24.0002
24.0002
24.0002
24.0002
24.0002
24.0002
24.0002
24.0002
24.0002
24.0002
24.0002
24.0002
24.0002
24.0002
24.0002
24.0002
24.0002
24.0002
24.0002
24.0002
24.0002
24.0002
24.0002
24.0002
24.0002
24.0002
24.0002
24.0002
24.0002
24.0002
24.0002
24.0002
24.0002
24.0002
24.0002
24.0002
24.0002
24.0002
24.0003
24.0003
24.0003
24.0003
24.0003
24.0003
24.0003
24.1350
24.2100
24.2541
24.2821
24.3016
24.3166
24.3295
24.3415
24.3531
24.3649
24.3769
24.3893
24.7459
24.6240
24.5521
24.5183
24.5057
24.5043
24.5091
24.5173
24.5274
24.5383
24.5497
24.5613
24.5729
24.9338
24.8065
24.7322
24.6954
24.6796
24.6749
24.6763
24.6808
24.6869
24.6939
24.7013
24.7087
24.7161
25.0776
24.9435
24.8646
24.8233
24.8033
24.7948
24.7923
24.7932
24.7959
24.7994
24.8034
24.8077
24.8120
25.1735
25.0348
24.9524
24.9080
24.8851
24.8738
24.8688
24.8671
24.8673
24.8685
24.8702
24.8722
24.8744
25.2357
25.0941
25.0094
24.9628
24.9379
24.9247
24.9179
24.9145
24.9131
24.9127
24.9129
24.9134
24.9141
25.2754
25.1317
25.0453
24.9972
24.9710
24.9565
24.9484
24.9438
24.9412
24.9396
24.9387
24.9381
24.9377
25.2990
25.1537
25.0660
25.0169
24.9896
24.9742
24.9652
24.9598
24.9562
24.9538
24.9520
24.9506
24.9494
25.3106
25.1642
25.0756
25.0256
24.9975
24.9814
24.9717
24.9655
24.9613
24.9582
24.9557
24.9536
24.9517
25.3125
25.1655
25.0761
25.0255
24.9968
24.9801
24.9698
24.9630
24.9582
24.9546
24.9516
24.9489
24.9465
25.3068
25.1594
25.0694
25.0182
24.9891
24.9718
24.9610
24.9538
24.9486
24.9445
24.9410
24.9379
24.9351
25.2947
25.1471
25.0567
25.0050
24.9754
24.9577
24.9465
24.9388
24.9332
24.9287
24.9249
24.9214
24.9183
25.2775
25.1305
25.0410
24.9904
24.9620
24.9456
24.9357
24.9294
24.9251
24.9220
24.9195
24.9174
24.9156
25.2761
25.1297
25.0411
24.9909
24.9629
24.9469
24.9376
24.9319
24.9283
24.9260
24.9245
24.9234
24.9228
25.2845
25.1388
25.0515
25.0024
24.9755
24.9606
24.9523
24.9477
24.9451
24.9438
24.9432
24.9434
24.9439
25.3069
25.1611
25.0751
25.0271
25.0011
24.9872
24.9798
24.9760
24.9744
24.9739
24.9742
24.9750
24.9762
25.3410
25.1961
25.1099
25.0630
25.0380
25.0250
25.0186
25.0159
25.0152
25.0157
25.0170
25.0188
25.0209
25.3879
25.2434
25.1573
25.1113
25.0872
25.0751
25.0695
25.0675
25.0676
25.0688
25.0708
25.0732
25.0759
25.4451
25.3002
25.2142
25.1687
25.1452
25.1336
25.1285
25.1270
25.1274
25.1291
25.1314
25.1341
25.1371
25.5082
25.3622
25.2757
25.2300
25.2064
25.1947
25.1895
25.1880
25.1883
25.1899
25.1921
25.1947
25.1977
25.5705
25.4236
25.3367
25.2909
25.2672
25.2555
25.2504
25.2488
25.2492
25.2508
25.2530
25.2557
25.2586
25.6331
25.4851
25.3979
25.3518
25.3279
25.3160
25.3105
25.3086
25.3087
25.3098
25.3116
25.3137
25.3157
25.6913
25.5419
25.4536
25.4066
25.3816
25.3687
25.3624
25.3596
25.3588
25.3591
25.3599
25.3611
25.3624
25.7384
25.5873
25.4973
25.4491
25.4232
25.4092
25.4018
25.3978
25.3958
25.3948
25.3945
25.3944
25.3945
25.7702
25.6173
25.5263
25.4765
25.4492
25.4340
25.4253
25.4201
25.4168
25.4146
25.4130
25.4117
25.4106
25.7852
25.6311
25.5390
25.4879
25.4593
25.4429
25.4330
25.4266
25.4222
25.4189
25.4162
25.4138
25.4117
25.7855
25.6303
25.5374
25.4852
25.4557
25.4383
25.4275
25.4202
25.4149
25.4107
25.4071
25.4039
25.4009
25.7736
25.6177
25.5243
25.4713
25.4409
25.4227
25.4111
25.4031
25.3970
25.3921
25.3878
25.3839
25.3802
25.7516
25.5953
25.5017
25.4480
25.4169
25.3980
25.3858
25.3771
25.3704
25.3648
25.3599
25.3554
25.3511
25.7211
25.5645
25.4707
25.4164
25.3847
25.3653
25.3524
25.3431
25.3359
25.3299
25.3245
25.3195
25.3147
25.6832
25.5265
25.4327
25.3779
25.3458
25.3259
25.3126
25.3029
25.2952
25.2886
25.2827
25.2772
25.2719
25.6389
25.4823
25.3880
25.3330
25.3004
25.2801
25.2663
25.2561
25.2479
25.2409
25.2345
25.2285
25.2227
25.5879
25.4319
25.3371
25.2817
25.2488
25.2280
25.2137
25.2030
25.1944
25.1869
25.1800
25.1736
25.1673
25.5308
25.3754
25.2803
25.2245
25.1912
25.1679
25.1540
25.1434
25.1341
25.1255
25.1169
25.1083
25.0994
25.4575
25.3012
25.2001
25.0082
25.0029
25.0027
25.0026
25.0025
25.0024
25.0023
24.9990
24.9928
24.9851
24.9766
24.9678
24.0629
24.0052
24.0025
24.0022
24.0021
24.0020
24.0039
24.0587
24.2170
24.2884
24.3263
24.3498
24.3666
24.3789
24.3883
24.3964
24.4033
24.4094
24.4148
24.4198
24.4242
24.4281
24.3087
24.1379
24.1630
24.1883
24.2035
24.3321
24.3835
24.4084
24.4227
24.4325
24.4401
24.4467
24.3291
24.1599
24.0880
24.3052
24.2636
24.2510
24.3702
24.2938
24.0160
24.0021
24.0014
24.0012
24.0011
24.0010
24.0009
24.0008
24.0007
24.0007
24.0007
24.0015
24.0017
24.1597
24.2355
24.2818
24.1870
24.1597
24.0285
24.0047
24.0027
24.0013
24.0011
24.0010
24.0009
24.0009
24.0008
24.0008
24.0008
24.0007
24.0007
24.1168
24.1984
24.2522
24.2906
24.3208
24.3463
24.3685
24.3885
24.4067
24.4235
24.4391
24.3333
24.0185
24.0024
24.0015
24.0014
24.0012
24.0011
24.0010
24.0010
24.0009
24.0008
24.0009
24.0246
24.1931
24.2762
24.3291
24.3654
24.3936
24.4148
24.1889
24.1049
24.3234
24.4111
24.3304
24.3076
24.3020
24.3071
24.1873
24.2678
24.4223
24.4889
24.5255
24.5481
24.5656
24.5805
24.3493
24.2628
24.2254
24.0134
24.0021
24.0014
24.0013
24.0012
24.0011
24.0010
24.0010
24.0009
24.0008
24.0008
24.0007
24.0007
24.0007
24.0006
24.0006
24.0006
24.0006
24.0005
24.0005
24.0005
24.0005
24.0004
24.0004
24.0004
24.0004
24.0004
24.0004
24.0004
24.0004
24.0004
24.0004
24.0004
24.0004
24.0004
24.0004
24.0003
24.0003
24.0003
24.0003
24.0003
24.0003
24.0003
24.0003
24.0003
24.0003
24.0004
24.0005
24.0004
24.0004
24.0004
24.0004
24.0004
24.0003
24.0003
24.0003
24.0003
24.0003
24.6175
24.9693
25.2001
24.9923
24.8697
24.8059
24.7755
24.7635
24.7616
24.7655
24.7726
24.7815
24.7916
24.8025
24.8133
25.1807
25.0483
24.9722
24.9363
24.9220
24.9194
24.9232
24.9308
24.9398
23.7133
23.1842
22.9566
22.8376
24.1035
23.3401
22.9364
22.7654
22.6735
22.6123
22.5641
22.5221
22.4834
22.4466
22.4112
22.3769
22.3435
23.5893
22.8963
22.5200
22.3644
22.2838
22.2321
22.1926
22.1587
22.1275
22.0980
22.0696
22.0420
22.0150
23.2253
22.5695
22.2057
22.0572
21.9824
21.9361
21.9017
21.8726
21.8462
21.8213
21.7972
21.7738
21.7509
22.9316
22.3044
21.9496
21.8059
21.7348
21.6918
21.6605
21.6345
21.6110
21.5888
21.5675
21.5467
21.5263
22.6809
22.0770
21.7291
21.5886
21.5199
21.4790
21.4498
21.4256
21.4040
21.3836
21.3640
21.3449
21.3262
22.4570
21.8733
21.5312
21.3936
21.3271
21.2884
21.2614
21.2395
21.2202
21.2024
21.1854
21.1690
21.1530
21.1374
21.1221
24.0986
25.7502
26.6068
26.6664
26.6715
26.6722
26.6708
26.6707
26.6705
26.6702
26.6701
26.6872
26.7387
26.8029
26.8715
26.9409
27.0095
27.0764
27.1416
27.2050
27.2665
27.3261
27.3839
27.3363
27.2343
27.3094
27.3661
27.5207
27.6182
27.6904
27.7503
27.8035
27.8529
27.8997
27.9446
27.9882
28.0305
27.8775
27.0531
27.3501
27.6336
27.8995
27.9512
27.1369
26.6788
26.6757
26.6757
26.6757
26.6757
26.6757
26.6757
26.6756
27.1024
27.3906
27.5783
27.9165
28.1136
28.2410
28.3327
28.4051
28.4663
28.5204
28.4777
27.6271
27.0987
26.7025
26.6743
26.6743
26.6744
26.6744
26.6745
26.6745
26.6745
27.1982
27.8415
28.2080
28.4261
28.5673
28.6682
28.7470
28.8129
28.8707
28.9230
28.9714
28.8421
28.0340
27.5135
27.1263
26.8662
26.6917
26.6719
26.6720
26.6721
26.6722
27.3266
27.9033
28.4138
28.7106
28.8909
29.0109
29.0991
29.0830
29.0984
29.2129
29.2041
29.2189
29.1581
29.1402
28.3815
28.7965
29.1344
29.3241
29.4388
29.5160
29.5736
29.6206
29.6617
29.6993
29.7083
29.7089
29.6133
28.8196
28.2858
27.9022
27.6455
27.4760
27.3653
27.2894
27.2346
27.1929
27.1598
27.1328
27.1101
27.0906
27.0740
27.0594
27.0468
27.0359
27.0268
27.0186
27.0115
27.0052
26.9994
26.9939
26.9886
26.9835
26.9785
26.9736
26.9689
26.9643
26.9601
26.9563
26.9532
26.9504
26.9485
26.9471
26.9462
26.9455
26.9449
26.9443
26.9436
26.9427
26.9416
26.9402
26.9387
26.9373
26.9361
26.9351
26.9346
26.9345
26.9349
26.9361
26.9374
26.9394
26.9416
26.9442
26.9468
26.9496
26.9525
26.9555
25.7077
25.1070
24.7413
24.5628
24.4572
24.3805
24.3165
24.2587
24.2042
24.1518
24.1009
24.0514
25.4975
24.6263
24.2026
24.0248
23.9281
23.8626
23.8103
23.7644
23.7221
23.6821
23.6438
23.6068
23.5710
24.9685
24.1575
23.7557
23.5915
23.5058
23.4497
23.4057
23.3669
23.3306
23.2958
23.2618
23.2286
23.1958
24.5489
23.7762
23.3835
23.2234
23.1408
23.0878
23.0470
23.0116
22.9790
22.9478
22.9176
22.8881
22.8592
24.1736
23.4367
23.0541
22.8990
22.8204
22.7710
22.7337
22.7016
22.6723
22.6443
22.6172
22.5907
22.5646
23.8446
23.1385
22.7642
22.6130
22.5372
22.4904
22.4554
22.4258
22.3986
22.3728
22.3478
22.3234
22.2993
23.5476
22.8684
22.5011
22.3530
22.2793
22.2342
22.2009
22.1728
22.1472
22.1230
22.0995
22.0765
22.0539
23.2725
22.6178
22.2569
22.1113
22.0394
21.9959
21.9644
21.9382
21.9146
21.8925
21.8714
21.8509
21.8308
21.8112
21.7919
21.7730
21.7544
21.7361
24.6954
26.5303
26.6643
26.6705
26.6712
26.6714
26.6715
26.6702
26.6920
26.8670
26.9981
27.1070
27.2031
27.2908
27.3723
27.4490
27.5217
27.5911
27.6576
27.7215
27.7831
27.8426
27.8011
27.7072
27.8838
27.8917
27.9201
28.0553
28.1437
28.2113
28.2686
28.3203
28.3685
28.4144
28.4585
28.5014
28.4508
28.3514
28.3146
28.3072
28.4111
28.5724
28.5772
27.7489
27.2275
26.8336
26.6744
26.6732
26.6733
26.6734
26.6734
26.6735
27.2337
27.7690
28.1145
28.4260
28.6124
28.7353
28.7348
28.7604
28.7073
27.9346
27.4312
27.0574
26.8066
26.6728
26.6718
26.6719
26.6720
26.6721
27.3217
27.8975
28.3035
28.6528
28.8618
28.9981
29.0963
29.1734
29.2382
29.2952
29.3469
29.3948
29.4397
29.4823
29.5230
28.6519
28.1008
27.6926
27.4180
27.2348
27.1160
27.0357
26.9787
26.9360
26.9029
26.8763
27.6335
28.1305
28.7149
29.0778
29.2952
29.4354
29.4520
29.4862
29.5263
29.6497
29.7069
29.7088
29.7081
29.6583
29.6453
29.7071
29.7090
29.7105
29.7109
29.7112
29.7115
29.7118
29.7108
29.7109
29.7098
29.7099
29.0380
28.5480
28.2151
27.9940
27.8529
27.7597
27.6942
27.6461
27.6091
27.5787
27.5515
27.5311
27.5130
27.4965
27.4821
27.4690
27.4570
27.4464
27.4363
27.4272
27.4187
27.4108
27.4032
27.3961
27.3889
27.3820
27.3752
27.3686
27.3622
27.3559
27.3499
27.3444
27.3395
27.3351
27.3317
27.3285
27.3260
27.3237
27.3217
27.3192
27.3170
27.3146
27.3120
27.3094
27.3065
27.3035
27.3005
27.2976
27.2943
27.2913
27.2888
27.2870
27.2850
27.2839
27.2833
27.2832
27.2835
27.2842
26.0328
25.4306
25.0651
24.8549
24.7376
24.6547
24.5866
24.5256
24.4684
24.4136
24.3605
24.3088
25.7846
24.8879
24.4581
24.2777
24.1794
24.1126
24.0591
24.0121
23.9687
23.9275
23.8880
23.8498
24.9518
25.8079
25.9210
25.9919
26.0455
26.0855
26.1163
26.1405
26.1601
26.1762
26.1896
26.2008
26.2103
26.2183
26.6216
26.4625
26.3682
26.3210
26.2966
26.2838
26.2770
26.2732
26.2709
26.2692
26.2676
26.2661
26.2644
26.6610
26.4933
26.3916
26.3375
26.3068
26.2884
26.2763
26.2677
26.2608
26.2548
26.2492
26.2438
26.2385
26.6313
26.4607
26.3562
26.2994
26.2658
26.2446
26.2300
26.2190
26.2098
26.2016
26.1940
26.1866
26.1794
26.5689
26.3975
26.2922
26.2337
26.1985
26.1759
26.1598
25.6241
25.6021
25.6014
25.6014
25.6014
25.6013
26.1648
25.6230
25.6018
25.6012
25.6012
25.6012
25.0326
25.0035
25.0022
25.0020
25.0019
25.0017
25.0016
25.0015
25.0013
25.0013
25.0012
25.0011
24.0770
24.0050
24.0007
24.0004
24.0005
24.0006
24.2115
24.3113
24.4830
24.6788
24.7659
24.8120
24.8403
24.8602
24.8754
24.8876
24.8978
24.9066
24.9143
24.9212
24.9272
24.8145
24.7712
24.7511
24.7440
24.7394
24.7386
24.8551
24.9003
24.9218
24.9339
24.9418
24.9478
24.9528
24.8389
24.7940
24.6572
24.7189
24.6170
24.6958
24.7224
24.8517
24.0646
24.0055
24.0018
24.0014
24.0012
24.0010
24.0009
24.0008
24.0007
24.0007
24.0007
24.0007
24.2192
24.4561
24.5647
24.6289
24.4283
24.3601
24.3356
24.3268
24.0199
24.0020
24.0010
24.0009
24.0008
24.0955
24.1604
24.1995
24.3500
24.4128
24.5709
24.6446
24.6874
24.7169
24.7391
24.7572
24.7735
24.7881
24.8016
24.8141
24.8257
24.8355
24.8487
24.0626
24.0056
24.0021
24.0017
24.0015
24.0013
24.0011
24.0010
24.0010
24.0009
24.2167
24.3231
24.5049
24.5896
24.6416
24.6762
24.7007
24.6013
24.4504
24.5173
24.5431
24.6777
24.6130
24.4755
24.4260
24.6485
24.6132
24.7266
24.7761
24.8029
24.8207
24.8349
24.7273
24.6893
24.5575
24.5051
24.0347
24.0035
24.0016
24.0013
24.0012
24.0010
24.0009
24.0008
24.0008
24.0007
24.0006
24.0006
24.0005
24.0005
24.0005
24.0004
24.0004
24.0004
24.0003
24.0003
24.0003
24.0002
24.0002
24.0002
24.0002
24.0002
24.0002
24.0002
24.0003
24.0003
24.0003
24.0002
24.0002
24.0002
24.0002
24.0002
24.0002
24.0002
24.0001
24.0001
24.0001
24.0001
24.0001
24.0002
24.0002
24.0002
24.0002
24.0002
24.0003
24.0003
24.0002
24.0002
24.0002
24.0002
24.0002
24.0002
24.0002
24.0002
24.0002
24.6792
25.0603
24.9509
24.8886
24.8612
24.8520
24.8527
24.8586
24.8671
24.8774
24.8885
24.8997
24.9115
24.9229
25.2937
25.1606
25.0838
25.0480
25.0336
25.0309
25.0346
25.0415
25.0504
25.0608
25.0715
25.0813
25.0908
25.4645
25.3244
25.2453
25.2037
25.1835
25.1747
25.1717
25.1718
25.1734
25.1758
25.1784
25.1810
25.1836
25.5538
25.4062
25.3202
25.2726
25.2470
25.2332
25.2257
25.2216
25.2193
25.2179
25.2171
25.2165
25.2161
25.5849
25.4340
25.3452
25.2949
25.2668
25.2507
25.2410
25.2349
25.2306
25.2274
25.2248
25.2225
25.2204
25.5881
25.4359
25.3453
25.2935
25.2641
25.2466
25.2357
25.2284
25.2230
25.2187
25.2150
25.2117
25.2086
25.5752
25.4224
25.3307
25.2781
25.2478
25.2298
25.2159
25.2084
25.2025
25.1972
25.1919
25.1863
25.1804
25.5428
25.3887
25.2895
25.2340
25.0092
25.0026
25.0024
25.0023
25.0022
25.0021
25.0020
25.0019
25.0018
25.0018
25.0017
25.0016
24.0661
24.0046
24.0017
24.0015
24.0028
24.0109
24.0151
24.0177
24.2707
24.3730
24.4229
24.4509
24.4691
24.4814
24.4911
24.4993
24.5063
24.5125
24.5181
24.5232
24.5280
24.5325
24.0320
24.0033
24.2620
24.3787
24.4344
24.4656
24.4835
24.4968
24.5072
24.5160
24.5238
24.5311
24.5378
24.4206
24.3763
24.2350
24.1773
24.2726
24.4310
24.4945
24.4049
24.0233
24.0025
24.0014
24.0012
24.0011
24.0010
24.0009
24.0008
24.0007
24.0007
24.0014
24.0016
24.2104
24.3079
24.3611
24.2713
24.2462
24.1172
24.0064
24.0014
24.0010
24.0009
24.0008
24.0008
24.0015
24.0016
24.0017
24.1062
24.1525
24.1814
24.3282
24.3938
24.4323
24.4593
24.4792
24.4965
24.5120
24.5261
24.5393
24.5516
24.5630
24.4545
24.0272
24.0029
24.0016
24.0014
24.0012
24.0011
24.0010
24.0009
24.0009
24.0008
24.0016
24.1061
24.2857
24.3690
24.4198
24.4536
24.2333
24.2768
24.4172
24.3586
24.3454
24.3439
24.3456
24.3494
24.4797
24.4144
24.2733
24.3412
24.3699
24.5054
24.5626
24.5935
24.6128
24.6286
24.5199
24.4822
24.3477
24.2915
24.0175
24.0022
24.0013
24.0012
24.0011
24.0010
24.0009
24.0008
24.0007
24.0007
24.0008
24.0007
24.0006
24.0006
24.0005
24.0005
24.0004
24.0004
24.0003
24.0003
24.0003
24.0003
24.0003
24.0002
24.0002
24.0002
24.0002
24.0002
24.0002
24.0002
24.0002
24.0002
24.0002
24.0002
24.0002
24.0002
24.0002
24.0002
24.0001
24.0001
24.0001
24.0001
24.0001
24.0001
24.0001
24.0001
24.0001
24.0001
24.0001
24.0001
24.0001
24.0001
24.0001
24.0001
24.0001
24.0001
24.0001
24.0001
24.0001
24.0001
24.0001
24.0001
24.0001
24.0001
24.0001
24.0001
24.0001
24.0001
24.0001
24.5892
24.0468
24.0038
24.0004
24.0002
24.0002
24.0002
24.0002
24.0002
24.0002
24.0002
24.0002
24.0002
24.5733
24.0457
24.0038
24.0005
24.0003
24.0002
24.0002
24.0002
24.0002
24.0002
24.0002
24.0002
24.0002
24.5447
24.0434
24.0036
24.0005
24.0003
24.0002
24.0002
24.0002
24.0002
24.0002
24.0002
24.0002
24.0002
24.5157
24.0411
24.0034
24.0005
24.0002
24.0002
24.0002
24.0002
24.0002
24.0002
24.0002
24.0002
24.0002
24.4907
24.0391
24.0033
24.0005
24.0002
24.0002
24.0002
24.0002
24.0002
24.0002
24.0002
24.0002
24.0002
24.4686
24.0374
24.0031
24.0004
24.0002
24.0002
24.0002
24.0002
24.0002
24.0002
24.0002
24.0002
24.0002
24.4480
24.0357
24.0030
24.0004
24.0002
24.0002
24.0006
24.0006
24.0005
24.0005
24.0004
24.0004
24.0004
24.0003
24.0003
24.0002
24.0002
24.0002
23.9999
23.9999
23.9999
23.9999
23.9999
24.0000
24.0000
24.0000
24.0000
24.0000
24.0000
24.0001
24.0001
24.0001
24.0001
24.0001
24.0001
24.0001
24.0001
24.0001
24.0001
24.0001
24.0001
24.0001
24.0001
24.0001
24.0001
24.0001
24.0001
24.0001
24.0001
24.0001
24.0001
24.0001
24.0001
24.0001
24.0001
24.0001
24.0001
24.0001
24.0001
24.0001
24.0001
24.0001
24.0001
24.0001
24.0001
24.0001
24.0001
24.0001
24.0001
24.0001
24.0001
24.0001
24.0001
24.0001
24.0001
24.0001
24.0001
24.0001
24.0001
24.0001
24.0001
24.0001
24.0001
24.0002
24.0002
24.0002
24.0002
24.0002
24.0002
24.0002
24.0002
24.0002
24.0002
24.0002
24.0002
24.0002
24.0002
24.0002
24.0002
24.0002
24.0002
24.0002
24.0002
24.0002
24.0002
24.0002
24.0002
24.0002
24.0002
24.0002
24.0002
24.0002
24.0002
24.0002
24.0002
24.0002
24.0002
24.0002
24.0002
24.0002
24.0002
24.0002
24.0002
24.0002
24.0002
24.0002
24.0002
24.0002
24.0002
24.0002
24.0002
24.0002
24.0002
24.0002
24.0002
24.0002
24.0002
24.0002
24.0005
24.0004
24.0004
24.0004
24.0003
24.0003
24.0003
24.0002
24.0002
24.0002
24.0002
24.0002
24.4506
24.0357
24.0027
24.0001
23.9999
23.9999
23.9999
24.0000
24.0000
24.0000
24.0000
24.0000
24.0001
24.4532
24.0361
24.0030
24.0004
24.0002
24.0002
24.0002
24.0002
24.0002
24.0002
24.0002
24.0002
24.0002
24.4502
24.0359
24.0030
24.0004
24.0002
24.0002
24.0002
24.0002
24.0002
24.0002
24.0002
24.0002
24.0002
24.4441
24.0354
24.0030
24.0005
24.0003
24.0002
24.0002
24.0002
24.0002
24.0002
24.0002
24.0002
24.0002
24.4357
24.0347
24.0030
24.0005
24.0003
24.0002
24.0002
24.0002
24.0002
24.0002
24.0002
24.0002
24.0002
24.4260
24.0339
24.0029
24.0004
24.0002
24.0002
24.0002
24.0002
24.0002
24.0002
24.0002
24.0002
24.0002
24.4155
24.0331
24.0028
24.0004
24.0002
24.0002
24.0002
24.0002
24.0002
24.0002
24.0002
24.0002
24.0002
24.4041
24.0322
24.0027
24.0004
24.0002
24.0002
24.0002
24.0002
24.0002
24.0002
24.0002
24.0002
24.0002
24.3925
24.0313
24.0027
24.0004
24.0003
24.0002
24.0002
24.0002
24.0002
24.0002
24.0002
24.0002
24.0002
24.3808
24.0304
24.0026
24.0004
24.0003
24.0003
24.0002
24.0002
24.0002
24.0002
24.0002
24.0002
24.0002
24.3693
24.0295
24.0026
24.0004
24.0003
24.0003
24.0002
24.0002
24.0002
24.0002
24.0002
24.0002
24.0002
24.3586
24.0286
24.0025
24.0004
24.0003
24.0002
24.0002
24.0002
24.0002
24.0002
24.0002
24.0002
24.0002
24.3544
24.0282
24.0025
24.0004
24.0003
24.0002
24.0002
24.0002
24.0002
24.0002
24.0002
24.0002
24.0002
24.3543
24.0282
24.0025
24.0004
24.0003
24.0002
24.0002
24.0002
24.0002
24.0002
24.0002
24.0002
24.0002
24.3594
24.0286
24.0025
24.0004
24.0003
24.0002
24.0002
24.0002
24.0002
24.0002
24.0002
24.0002
24.0002
24.3684
24.0293
24.0026
24.0004
24.0003
24.0003
24.0002
24.0002
24.0002
24.0002
24.0002
24.0002
24.0002
24.3803
24.0303
24.0026
24.0004
24.0003
24.0002
24.0002
24.0002
24.0002
24.0002
24.0002
24.0002
24.0002
24.3923
24.0312
24.0027
24.0004
24.0003
24.0002
24.0002
24.0002
24.0002
24.0002
24.0002
24.0002
24.0002
24.4036
24.0321
24.0027
24.0004
24.0002
24.0002
24.0002
24.0002
24.0002
24.0002
24.0002
24.0002
24.0002
24.4151
24.0330
24.0028
24.0004
24.0003
24.0002
24.0002
24.0002
24.0002
24.0002
24.0002
24.0002
24.0002
24.4261
24.0340
24.0029
24.0005
24.0003
24.0003
24.0002
24.0002
24.0002
24.0002
24.0002
24.0002
24.0002
24.4349
24.0347
24.0030
24.0005
24.0003
24.0003
24.0002
24.0002
24.0002
24.0002
24.0002
24.0002
24.0002
24.4400
24.0351
24.0030
24.0005
24.0003
24.0003
24.0002
24.0002
24.0002
24.0002
24.0002
24.0002
24.0002
24.4412
24.0352
24.0030
24.0005
24.0003
24.0003
24.0002
24.0002
24.0002
24.0002
24.0002
24.0002
24.0002
24.4384
24.0350
24.0030
24.0005
24.0003
24.0003
24.0003
24.0002
24.0002
24.0002
24.0002
24.0002
24.0002
24.4324
24.0345
24.0030
24.0005
24.0003
24.0003
24.0002
24.0002
24.0002
24.0002
24.0002
24.0002
24.0002
24.4247
24.0339
24.0029
24.0005
24.0003
24.0003
24.0003
24.0002
24.0002
24.0002
24.0002
24.0002
24.0002
24.4158
24.0332
24.0028
24.0005
24.0003
24.0002
24.0002
24.0002
24.0002
24.0002
24.0002
24.0002
24.0002
24.4060
24.0324
24.0028
24.0004
24.0003
24.0002
24.0002
24.0002
24.0002
24.0002
24.0002
24.0002
24.0002
24.3958
24.0316
24.0027
24.0004
24.0002
24.0002
24.0002
24.0002
24.0002
24.0002
24.0002
24.0002
24.0002
24.3852
24.0307
24.0026
24.0004
24.0002
24.0002
24.0002
24.0002
24.0002
24.0002
24.0002
24.0002
24.0002
24.3743
24.0298
24.0026
24.0004
24.0003
24.0002
24.0002
24.0002
24.0002
24.0002
24.0002
24.0002
24.0002
24.3632
24.0290
24.0025
24.0004
24.0142
24.0377
24.0497
24.0560
24.0592
24.0606
24.0619
24.0631
24.0647
24.4014
24.2726
24.1946
24.1514
24.1283
24.1190
24.1156
24.1154
24.1170
24.1193
24.1221
24.1250
24.1279
24.1308
24.1337
24.0030
24.0001
24.0001
24.0001
23.9999
23.9999
23.9999
24.0001
24.0004
24.0007
24.0013
24.0018
24.0023
24.0027
24.0030
24.0032
24.0034
24.0036
24.0041
24.0094
24.0161
24.0046
24.0014
24.0029
24.0034
24.0137
24.0269
24.0356
24.0451
24.0540
24.0624
24.0696
24.0783
24.0856
24.0927
24.0109
24.0043
24.0037
24.0033
24.0031
24.0031
24.0703
24.0036
24.0012
24.0010
24.0009
24.0008
24.0008
24.0007
24.0007
24.0006
24.0016
24.0017
24.0018
24.0020
24.0318
24.0532
24.0745
24.0909
24.1063
24.0114
24.0035
24.0028
24.0011
24.0010
24.0009
24.0008
24.0008
24.0007
24.0007
24.0007
24.0007
24.0016
24.0019
24.0429
24.0760
24.1019
24.1240
24.1436
24.1614
24.1778
24.1930
24.2073
24.0950
24.0103
24.0017
24.0012
24.0011
24.0010
24.0009
24.0008
24.0008
24.0007
24.0007
24.0017
24.0789
24.1215
24.1529
24.1757
24.1987
24.2182
24.2345
24.1230
24.0881
24.0770
24.0746
24.2019
24.2553
24.1613
24.0082
24.0034
24.1721
24.2480
24.2874
24.3132
24.3312
24.3464
24.3598
24.3723
24.2594
24.2207
24.0829
24.0282
24.0025
24.0013
24.0011
24.0010
24.0009
24.0008
24.0008
24.0007
24.0006
24.0006
24.0005
24.0005
24.0005
24.0005
24.0005
24.0004
24.0004
24.0004
24.0003
24.0003
24.0003
24.0003
24.0003
24.0003
24.0003
24.0003
24.0003
24.0003
24.0003
24.0002
24.0002
24.0002
24.0002
24.0002
24.0002
24.0002
24.0002
24.0002
24.0002
24.0002
24.0001
24.0001
24.0002
24.0002
24.0002
24.0002
24.0002
24.0002
24.0002
24.0002
24.0002
24.0002
24.0002
24.0002
24.0002
24.0002
24.0002
24.5335
24.8447
25.0523
24.8332
24.7001
24.6286
24.5924
24.5761
24.5709
24.5722
24.5774
24.5851
24.5940
24.6043
24.6142
24.9757
24.8474
24.7727
24.7382
24.7246
24.7226
24.7271
24.7353
