472.0122
472.0122
472.0122
472.0122
472.0122
0.0000
472.0122
472.0122
472.0122
472.0122
472.0122
472.0122
472.0122
472.0122
472.0122
472.0122
472.0122
472.0122
0.0000
472.0122
472.0122
472.0122
472.0122
472.0122
472.0122
472.0122
472.0122
472.0122
472.0122
472.0122
472.0122
0.0000
472.0122
472.0122
472.0122
472.0122
472.0122
472.0122
472.0122
472.0122
472.0122
472.0122
472.0122
472.0122
0.0000
472.0122
472.0122
472.0122
472.0122
472.0122
472.0122
472.0122
472.0122
472.0122
472.0122
472.0122
472.0122
0.0000
472.0122
472.0122
472.0122
679.8459
472.0122
472.0122
472.0122
472.0122
472.0122
472.0122
472.0122
472.0122
0.0000
550.9715
472.0122
663.2919
519.3217
507.2009
502.8853
499.7012
515.1082
524.8082
530.4266
535.6395
542.3581
549.9203
556.0919
1369.3316
1150.3178
1116.1809
1095.0746
1494.5811
1774.6352
2122.7575
2211.0966
2323.8062
2418.9912
2542.1871
2576.4824
2651.2506
2698.2529
2734.9018
2763.8960
2784.8945
2805.4599
2825.0787
2844.1604
2862.8137
2880.9122
2829.8220
2790.3973
2889.2961
2903.6317
2981.9753
2997.4135
3172.6850
3179.8993
3197.8323
3175.6562
3234.5612
3251.3751
3269.4964
3147.3154
3063.4500
3039.9694
3057.0295
3213.0328
3282.3723
3340.1338
3345.1706
2723.0473
2694.5316
2675.4604
2653.2430
2640.7151
2629.1293
2618.5872
2601.5053
2834.3619
2912.3708
2965.2757
3147.4445
3197.8382
3072.7400
3079.8823
3019.2993
2912.1786
2816.8338
2725.3330
2618.7212
1801.7092
1788.8852
1769.4594
1757.4865
1891.4181
2013.8883
2481.2005
2528.5761
2641.0467
2769.9375
2984.0864
3044.1809
3139.3257
3178.6768
3207.7003
3234.3959
3250.2065
3264.7044
3277.7768
3289.4785
3291.7355
3348.7609
2731.6991
2677.1766
2644.5269
2626.3463
2617.2515
2604.2423
2593.1536
2582.6342
2571.9141
2804.1681
3250.0931
3322.8402
3330.8737
3181.7848
3224.6009
3216.3242
3153.2578
3087.5252
3110.2602
3145.9775
3174.7075
3201.9373
3085.9514
3124.4460
3058.1127
3242.6780
3196.6287
3286.2884
3284.8596
3352.8606
3357.0512
3337.7682
3259.8862
3208.3560
3146.3659
3004.1806
2774.6534
2510.9354
2152.4971
1903.8815
1873.9275
1620.0114
1961.3855
1926.9329
1724.2702
1704.9083
1576.7384
1545.1927
1455.1990
1211.9022
1345.6562
1577.0219
1563.9551
1887.3872
1308.8610
1301.4097
1284.9063
1270.7615
1257.8246
1247.7396
1239.4415
1231.4388
1321.0827
1346.1529
1769.4077
1664.2884
1426.3934
1420.7317
1413.4970
1237.2120
1229.3880
1188.9791
1084.8098
1072.9650
1068.5491
980.7271
976.2719
972.3893
971.5268
1239.2556
1276.9260
1324.2074
1358.1552
1454.6966
1436.4583
1445.5696
1458.4280
1459.7382
1304.2574
1301.4936
1297.3256
1293.8315
1290.5716
1287.4240
1284.3087
0.0000
0.0000
0.0000
472.0122
472.0122
472.0122
472.0122
472.0122
472.0122
472.0122
472.0122
472.0122
472.0122
472.0122
472.0122
0.0000
472.0122
472.0122
472.0122
472.0122
472.0122
472.0122
472.0122
472.0122
472.0122
472.0122
472.0122
472.0122
0.0000
472.0122
472.0122
472.0122
472.0122
472.0122
472.0122
472.0122
472.0122
472.0122
472.0122
472.0122
472.0122
0.0000
472.0122
472.0122
472.0122
472.0122
472.0122
472.0122
472.0122
472.0122
472.0122
472.0122
472.0122
472.0122
0.0000
472.0122
472.0122
472.0122
472.0122
472.0122
472.0122
472.0122
472.0122
472.0122
472.0122
472.0122
472.0122
0.0000
472.0122
472.0122
472.0122
472.0122
472.0122
472.0122
472.0122
472.0122
472.0122
472.0122
472.0122
472.0122
0.0000
472.0122
472.0122
472.0122
879.3190
598.4409
583.9829
580.8405
578.5993
576.7681
575.2085
573.8558
572.6694
0.0000
740.8315
575.3713
867.3303
703.3960
690.1482
685.8539
682.8241
680.4437
678.4977
676.8502
675.4502
674.2275
673.1616
672.2010
1093.0824
929.7720
902.3234
884.5053
1072.2599
1542.1676
1805.2173
1940.6555
2040.1870
2160.4909
2249.9615
2301.5921
2394.7823
2466.3061
2519.7166
2566.6607
2613.5154
2660.3027
2699.9246
2736.2736
2771.2628
2770.6734
2788.9251
2750.1814
2787.9973
2824.7049
2951.7289
3023.1327
3038.8060
3068.1613
3088.6053
3059.5147
3116.5325
3136.2279
3148.0431
2987.6995
2753.3606
2859.0044
2890.9073
3015.3940
3071.9825
3159.8163
3161.5828
2423.4884
2387.7878
2375.0094
2367.3119
2362.4801
2351.7402
2340.9670
2323.7241
2835.0114
2996.7732
3233.5825
3223.9680
3265.6327
3131.5135
3131.3353
3077.8592
3018.8280
2900.7252
2743.2476
2544.6581
2103.7922
1966.7529
1950.1516
1939.4668
1933.9764
2117.5613
2249.0175
2709.3770
2750.9331
2588.3579
2361.9393
2420.3877
2459.1570
2564.3896
2601.0364
2614.6961
2625.4954
2637.4974
2649.7353
2661.8100
2589.6413
2481.8971
1850.0866
1820.5598
1804.7904
1795.1697
1787.9251
1783.4475
1799.1370
1800.3268
1801.1428
2134.2856
2347.6822
2575.2821
2648.4933
2678.1943
2703.6350
2702.6897
2745.8677
2738.7913
2548.1709
2584.7718
2648.1755
2738.8560
2718.8972
2615.9559
2648.4803
2626.6415
2701.0516
2727.1533
2930.5412
2937.8470
2932.9355
2918.1247
2902.2394
2886.1453
2867.9691
3826.5514
3456.7723
3303.3308
3210.7301
2364.6396
2455.4738
2096.6351
2138.2623
2258.0087
2243.1631
2019.9946
1965.9320
1938.4129
1860.1856
1470.9408
1559.8838
1804.2127
1792.6883
1984.7324
1541.2538
1516.1704
1496.2888
1479.3180
1463.7580
1449.2564
1435.4056
1422.3808
1505.3939
1966.1811
2001.7464
2005.8246
1635.0960
1623.3552
1611.4710
1667.3227
1660.8261
1617.9753
1366.2114
1354.9395
1146.0772
1131.0986
1119.9923
1110.4126
1101.6414
1179.5821
1501.7232
1606.6939
1610.5287
1448.8343
1485.2666
1480.3189
1476.2680
1477.7099
1473.2782
1466.6564
1461.7617
1457.3359
1453.1133
1448.6937
1444.1744
0.0000
0.0000
0.0000
472.0122
472.0122
472.0122
472.0122
472.0122
472.0122
472.0122
472.0122
472.0122
472.0122
472.0122
472.0122
0.0000
478.7737
472.0122
472.0122
472.0122
472.0122
472.0122
472.0122
472.0122
472.0122
472.0122
472.0122
472.0122
0.0000
472.0122
472.0122
472.0122
472.0122
472.0122
472.0122
472.0122
472.0122
472.0122
472.0122
472.0122
472.0122
0.0000
472.0122
472.0122
472.0122
472.0122
472.0122
472.0122
472.0122
472.0122
472.0122
472.0122
472.0122
472.0122
0.0000
472.0122
472.0122
472.0122
472.0122
472.0122
472.0122
472.0122
472.0122
472.0122
472.0122
472.0122
472.0122
0.0000
472.0122
472.0122
472.0122
472.0122
472.0122
472.0122
472.0122
472.0122
472.0122
472.0122
472.0122
472.0122
0.0000
472.0122
472.0122
472.0122
745.5577
484.2660
472.0122
472.0122
472.0122
472.0122
472.0122
472.0122
472.0122
0.0000
594.5374
472.0122
721.7427
580.5775
566.2956
561.0351
557.1899
554.0505
481.0525
479.5531
477.5919
475.8145
474.1720
472.6654
1125.3952
897.8453
880.3428
875.5673
1466.3286
1741.1974
1803.1051
1899.8152
2040.1955
2139.2363
2189.7817
2228.5151
2284.2259
2311.6248
2339.7349
2374.6812
2395.6999
2416.7703
2442.0420
2468.7470
2498.9415
2521.2090
2418.2629
2319.8762
2465.4383
2547.4690
2681.6135
2721.2490
2720.5656
2744.6333
2752.2462
2708.5316
2757.5710
2756.0790
2750.9515
2640.0302
2502.4909
2496.8034
2496.8326
2567.4627
2617.8034
2659.7168
2720.5190
2149.7204
2139.3390
2134.3966
2141.5980
2144.9705
2150.4012
2150.5049
2158.3902
2420.3596
2853.9471
2920.7324
2956.9184
2954.5178
2820.2430
2830.5369
2808.6428
2749.0316
2623.1170
2515.9800
2423.6320
1798.9620
1782.5664
1767.7337
1759.9820
1790.7493
1789.7518
2080.1641
2238.0209
2270.5415
2547.1533
2658.9865
2687.9785
2812.5570
2841.9856
2872.5664
2887.6069
2902.4855
2916.9262
2930.9612
2943.9329
2943.7278
3025.9440
2451.4358
2432.3739
2418.5527
2409.9071
2403.3647
2398.9277
2395.3805
2392.9824
2390.9350
2436.3533
2948.4773
3977.3996
3821.0210
3833.1159
3839.0122
3827.4630
3793.1956
3795.7940
3772.8622
3720.5161
3790.6914
3795.0284
3819.3310
3700.7870
3676.3403
3694.3023
3761.3089
3961.8924
3979.1575
4049.9209
4055.1043
4047.3583
3965.4818
3893.3354
3845.4400
3729.8140
3643.4536
3573.9133
3145.7299
2763.5481
2674.5072
2615.6452
2613.2988
2567.2994
2523.8632
2273.1841
2215.7387
2176.7891
1712.4368
1610.2797
1875.9149
1975.9727
1937.8425
2275.5194
1679.9947
1645.5348
1616.8726
1591.9897
1569.1215
1548.4043
1525.7183
1506.5635
1587.4800
1840.1945
1943.4774
1942.6502
1686.4220
1676.8217
1661.4099
1642.1266
1801.0992
1629.5767
1629.1055
1377.2652
1195.3005
1175.7178
1162.5622
1151.8101
1142.5485
1129.4763
1529.5472
1647.2857
1658.5550
1670.0631
1534.9964
1537.5331
1533.7134
1530.5020
1527.3982
1524.3373
1521.2946
1518.2610
1515.2331
1512.2109
1509.1954
0.0000
0.0000
0.0000
472.0122
472.0122
472.0122
472.0122
472.0122
472.0122
472.0122
472.0122
472.0122
472.0122
472.0122
472.0122
0.0000
512.2673
472.0122
472.0122
472.0122
472.0122
472.0122
472.0122
472.0122
472.0122
472.0122
472.0122
472.0122
0.0000
472.0122
472.0122
472.0122
472.0122
472.0122
472.0122
472.0122
472.0122
472.0122
472.0122
472.0122
472.0122
0.0000
472.0122
472.0122
472.0122
472.0122
472.0122
472.0122
472.0122
472.0122
472.0122
472.0122
472.0122
472.0122
0.0000
472.0122
472.0122
472.0122
472.0122
472.0122
472.0122
472.0122
472.0122
472.0122
472.0122
472.0122
472.0122
0.0000
472.0122
472.0122
472.0122
472.0122
472.0122
472.0122
472.0122
472.0122
472.0122
472.0122
472.0122
472.0122
0.0000
472.0122
472.0122
472.0122
756.7018
498.0873
472.5315
472.0122
472.0122
472.0122
472.0122
472.0122
472.0122
0.0000
604.6223
472.0122
740.8251
593.3137
577.8960
571.9474
567.5103
563.8877
560.8386
566.6527
580.2814
590.4105
600.9824
610.9531
1659.8704
1291.5413
1272.0899
1279.6057
2056.2443
2257.7555
2655.7013
2737.9447
2858.3131
2919.5647
3021.0412
3089.9075
3155.9989
3189.0864
3213.8290
3237.7199
3260.8208
3283.2947
3299.1500
3311.7452
3323.1062
3329.9861
3338.9595
3302.9566
3040.2043
3128.8247
3258.1364
3345.7734
3393.8915
3372.3004
3368.6965
3332.2465
3388.0383
3407.1765
3402.2417
3362.4452
3204.2304
3050.0245
3125.6645
3285.9618
3405.3356
3467.3553
3521.0698
2753.3166
2730.1050
2708.8411
2695.2918
2685.5729
2673.4713
2662.0619
2651.2264
2675.0235
3022.9587
3465.2257
3567.2822
3597.2408
3463.4218
3464.4440
3368.1573
3325.9426
3206.1503
3118.8802
3009.0616
2456.9445
1991.2955
1964.8945
1943.8770
2216.6531
2816.7492
2914.8755
2985.7347
3137.9619
3233.5158
3302.5511
3395.5754
3426.2141
3492.0428
3507.4298
3525.3093
3543.4369
3561.6305
3578.9983
3596.3734
3566.1604
3558.3239
3032.2569
3013.6029
3003.0074
2999.2992
2996.4665
2994.0346
2992.0518
2991.3955
2991.5710
3162.3015
3753.5547
3760.8115
3877.1695
3734.8480
3743.3158
3736.3124
3691.6927
3614.2643
3550.6975
3649.6204
3712.8723
3679.4727
3650.5127
3551.3035
3573.1104
3740.5382
3675.0229
3673.6552
3799.2785
3846.1719
3837.5740
3818.9965
3773.7194
3668.9651
3622.5235
3556.6676
3395.2742
3339.8520
3227.9588
2405.6912
2477.4868
2448.6482
2349.3869
2111.0866
2336.5778
2120.6802
2028.9425
1839.4669
1810.9506
1952.3416
1936.4803
1915.4277
1761.9502
2122.5623
1649.0657
1611.2560
1585.6293
1563.7065
1543.5786
1524.8555
1504.6022
1487.7899
1473.5155
1557.8994
1761.4657
2014.3503
1909.9487
1676.1417
1662.4223
1632.5814
1507.1553
1497.7792
1365.9120
1360.6040
1193.7209
1172.2360
1162.5080
1154.4458
1469.5878
1472.3786
1474.2977
1579.5317
1576.1894
1624.6626
1612.9911
1712.2403
1728.2109
1728.8932
1553.1520
1548.4107
1542.8777
1538.1309
1533.7083
1529.4699
1525.2771
0.0000
0.0000
0.0000
472.0122
472.0122
472.0122
472.0122
472.0122
472.0122
472.0122
472.0122
472.0122
472.0122
472.0122
472.0122
0.0000
530.4512
472.0122
472.0122
472.0122
472.0122
472.0122
472.0122
472.0122
472.0122
472.0122
472.0122
472.0122
0.0000
472.0122
472.0122
472.0122
472.0122
472.0122
472.0122
472.0122
472.0122
472.0122
472.0122
472.0122
472.0122
0.0000
472.0122
472.0122
472.0122
472.0122
472.0122
472.0122
472.0122
472.0122
472.0122
472.0122
472.0122
472.0122
0.0000
472.0122
472.0122
472.0122
472.0122
472.0122
472.0122
472.0122
472.0122
472.0122
472.0122
472.0122
472.0122
0.0000
472.0122
472.0122
472.0122
472.0122
472.0122
472.0122
472.0122
472.0122
472.0122
472.0122
472.0122
472.0122
0.0000
472.0122
472.0122
472.0122
758.4862
500.2133
474.4801
472.0122
472.0122
472.0122
472.0122
472.0122
472.0122
0.0000
607.6973
472.0122
850.9805
701.0296
694.4295
678.5633
660.7827
641.2349
634.1783
627.4497
620.9976
615.6367
611.1956
607.4965
1794.3451
1297.4343
1248.7582
1233.3574
1223.1978
1215.4997
1209.9644
1205.9709
1203.2525
1201.5325
1200.6574
1200.5408
1206.8758
1210.8592
1211.7568
1213.8860
1213.0143
1214.0949
1214.4675
1214.7946
1215.9741
1218.1376
1220.1576
1222.5324
1225.9446
1229.7645
1233.8892
1238.2864
1243.1500
1248.1002
1254.0765
1260.8265
1272.1129
1280.5345
1288.3052
1295.9080
1302.3391
1308.4527
1313.0721
1316.9845
1322.1697
1326.4857
1326.9903
1327.6528
1327.1399
1325.8810
1324.3552
1322.6799
1318.2328
1320.1675
1315.4345
1310.7892
1306.0493
1301.2584
1299.9878
1299.8048
1292.3909
1288.5110
1286.4692
1284.6362
1271.1658
1260.1889
1254.3135
1250.4868
1247.7022
1245.9691
1244.3017
1242.7638
1241.7109
1241.1647
1241.0437
1241.2571
1242.2937
1241.8201
1242.8624
1245.1906
1247.6826
1250.1098
1254.6725
1260.3549
1266.5179
1273.0921
1280.0797
1288.3880
1295.7523
1293.2929
1300.3291
1306.9434
1313.5426
1320.0778
1323.7926
1326.1570
1327.9138
1329.2782
1330.6544
1331.0187
1329.8023
1323.7794
1322.3553
1318.6561
1315.1992
1311.7501
1312.3213
1314.1335
1316.0981
1318.1549
1320.6628
1323.4788
1325.8002
1331.6997
1334.2103
1336.1476
1337.8328
1339.2583
1336.2018
1331.1631
1325.3958
1318.9756
1311.9811
1305.2458
472.0122
472.0122
472.0122
472.0122
472.0122
472.0122
472.0122
472.0122
472.0122
472.0122
472.0122
472.0122
0.0000
472.0122
472.0122
472.0122
472.0122
472.0122
472.0122
472.0122
472.0122
472.0122
472.0122
472.0122
472.0122
0.0000
472.0122
472.0122
472.0122
472.0122
472.0122
472.0122
472.0122
472.0122
472.0122
472.0122
472.0122
472.0122
0.0000
472.0122
472.0122
472.0122
472.0122
472.0122
472.0122
472.0122
472.0122
472.0122
472.0122
472.0122
472.0122
0.0000
472.0122
472.0122
472.0122
472.0122
472.0122
472.0122
472.0122
472.0122
472.0122
472.0122
472.0122
472.0122
0.0000
472.0122
472.0122
472.0122
472.0122
472.0122
472.0122
472.0122
472.0122
472.0122
472.0122
472.0122
472.0122
0.0000
472.0122
472.0122
472.0122
472.0122
472.0122
472.0122
472.0122
472.0122
472.0122
472.0122
472.0122
472.0122
0.0000
472.0122
472.0122
472.0122
472.0122
472.0122
472.0122
472.0122
472.0122
472.0122
472.0122
472.0122
472.0122
0.0000
472.0122
472.0122
472.0122
472.0122
472.0122
472.0122
472.0122
472.0122
472.0122
472.0122
472.0122
472.0122
0.0000
472.0122
472.0122
472.0122
472.0122
472.0122
472.0122
472.0122
472.0122
472.0122
472.0122
472.0122
472.0122
0.0000
472.0122
472.0122
472.0122
472.0122
472.0122
472.0122
472.0122
472.0122
472.0122
472.0122
472.0122
472.0122
0.0000
472.0122
472.0122
472.0122
472.0122
472.0122
472.0122
472.0122
472.0122
472.0122
472.0122
472.0122
472.0122
0.0000
472.0122
472.0122
472.0122
472.0122
472.0122
472.0122
472.0122
472.0122
472.0122
472.0122
472.0122
472.0122
0.0000
472.0122
472.0122
472.0122
472.0122
472.0122
472.0122
472.0122
472.0122
472.0122
472.0122
472.0122
472.0122
0.0000
472.0122
472.0122
472.0122
472.0122
472.0122
472.0122
472.0122
472.0122
472.0122
472.0122
472.0122
472.0122
0.0000
472.0122
472.0122
472.0122
472.0122
472.0122
472.0122
472.0122
472.0122
472.0122
472.0122
472.0122
472.0122
0.0000
519.8520
472.0122
472.0122
472.0122
472.0122
472.0122
472.0122
472.0122
472.0122
472.0122
472.0122
472.0122
0.0000
545.3978
472.0122
472.0122
472.0122
472.0122
472.0122
472.0122
472.0122
472.0122
472.0122
472.0122
472.0122
0.0000
537.3072
472.0122
472.0122
472.0122
472.0122
472.0122
472.0122
472.0122
472.0122
472.0122
472.0122
472.0122
0.0000
542.5497
472.0122
472.0122
472.0122
472.0122
472.0122
472.0122
472.0122
472.0122
472.0122
472.0122
472.0122
0.0000
542.3206
472.0122
472.0122
472.0122
472.0122
472.0122
472.0122
472.0122
472.0122
472.0122
472.0122
472.0122
0.0000
540.0416
472.0122
472.0122
472.0122
472.0122
472.0122
472.0122
472.0122
472.0122
472.0122
472.0122
472.0122
0.0000
536.7081
472.0122
472.0122
472.0122
472.0122
472.0122
472.0122
472.0122
472.0122
472.0122
472.0122
472.0122
0.0000
536.9478
472.0122
472.0122
472.0122
472.0122
472.0122
472.0122
472.0122
472.0122
472.0122
472.0122
472.0122
0.0000
524.8869
472.0122
472.0122
472.0122
472.0122
472.0122
472.0122
472.0122
472.0122
472.0122
472.0122
472.0122
0.0000
518.5241
472.0122
472.0122
472.0122
472.0122
472.0122
472.0122
472.0122
472.0122
472.0122
472.0122
472.0122
0.0000
509.8274
472.0122
472.0122
472.0122
472.0122
472.0122
472.0122
472.0122
472.0122
472.0122
472.0122
472.0122
0.0000
500.6149
472.0122
472.0122
472.0122
472.0122
472.0122
472.0122
472.0122
472.0122
472.0122
472.0122
472.0122
0.0000
491.1460
472.0122
472.0122
472.0122
472.0122
472.0122
472.0122
472.0122
472.0122
472.0122
472.0122
472.0122
0.0000
480.7079
472.0122
472.0122
472.0122
472.0122
472.0122
472.0122
472.0122
472.0122
472.0122
472.0122
472.0122
0.0000
472.0122
472.0122
472.0122
472.0122
472.0122
472.0122
472.0122
472.0122
472.0122
472.0122
472.0122
472.0122
0.0000
472.0122
472.0122
472.0122
472.0122
472.0122
472.0122
472.0122
472.0122
472.0122
472.0122
472.0122
472.0122
0.0000
472.0122
472.0122
472.0122
472.0122
472.0122
472.0122
472.0122
472.0122
472.0122
472.0122
472.0122
472.0122
0.0000
472.0122
472.0122
472.0122
758.2744
508.8436
482.2607
476.2465
472.0122
472.0122
472.0122
472.0122
472.0122
0.0000
613.0149
472.0122
751.7452
599.0898
583.0457
576.4846
592.0024
605.6201
613.2030
623.3055
631.0046
638.2950
645.5560
652.6916
1724.2985
1342.2200
1312.4006
1310.5233
1765.2971
2389.6975
2591.7961
2673.7940
2764.7318
2852.6648
2897.6391
2936.2800
2996.7681
3039.4684
3056.1220
3074.3852
3089.7846
3105.9702
3124.3078
3143.2632
3158.4521
3154.2065
3156.9422
3151.5913
1771.6549
1506.6394
1556.8254
1576.2007
1572.6118
1565.8392
1562.2253
1564.0201
1565.1915
1566.4599
1560.9606
1535.0624
1462.3854
1498.0642
1516.9594
1546.3274
1570.2694
1531.1819
1646.3167
1339.8940
1322.2949
1314.0177
1308.4683
1304.4618
1300.6632
1297.4960
1294.7655
1422.6571
1473.8313
1687.0660
1694.2387
1663.3789
1601.2985
1600.4718
1546.6063
1504.4240
1417.1923
1390.5723
1371.1129
1332.9665
1235.9563
1230.0382
1226.2703
1220.8800
1311.0327
1359.0157
1416.4702
1455.3709
1460.0165
1560.8407
1565.9145
1588.3985
1598.5853
1597.3214
1602.3542
1607.7560
1613.3977
1619.2338
1625.2616
1631.4734
1758.9426
1409.9521
1389.7121
1382.9257
1379.4644
1377.7587
1373.9818
1369.5121
1364.9724
1360.3303
1355.5729
1714.9246
1797.7622
1754.8723
1660.6296
1654.7177
1648.7110
1650.9217
1568.8661
1564.1717
1522.5370
1589.5819
1625.6841
1588.1530
1582.8918
1546.0510
1641.5042
1647.4068
1719.9580
1720.8462
1719.9925
1756.8114
1756.9103
1755.9890
1754.6471
1716.6579
1713.6523
1672.8622
1612.2859
1548.1030
1371.3190
1525.4584
1427.8739
1420.5684
1525.0429
1508.8818
1333.0180
1285.5666
1274.3196
1294.5071
1274.5269
1271.5157
1276.3513
1268.4885
1324.5184
1196.1548
1165.4083
1156.1562
1149.1731
1142.9879
1137.1728
1130.3954
1124.8078
1199.8030
1318.6363
1317.1767
1316.4563
1310.3732
1223.9065
1218.4599
1366.7707
1306.0343
1283.0933
1280.4806
1284.0411
1168.0506
1161.7957
1157.3639
1153.6470
1150.3237
1328.1926
1329.0997
1324.4971
1324.4978
3186.5836
2001.3463
2091.9715
1868.6758
1835.2650
1807.0522
1822.2115
1801.9366
1784.1073
1770.1846
1757.8809
1740.5163
0.0000
0.0000
0.0000
472.0122
472.0122
472.0122
472.0122
472.0122
472.0122
472.0122
472.0122
472.0122
472.0122
472.0122
472.0122
0.0000
557.9716
472.0122
472.0122
472.0122
472.0122
472.0122
472.0122
472.0122
4917.3308
4917.3308
4917.3308
4917.3308
0.0000
4917.3308
4917.3308
4917.3308
4917.3308
4917.3308
4917.3308
4917.3308
4917.3308
4917.3308
4917.3308
4917.3308
4917.3308
0.0000
4917.3308
4917.3308
4917.3308
4917.3308
4917.3308
4917.3308
4917.3308
4917.3308
4917.3308
4917.3308
4917.3308
4917.3308
0.0000
4917.3308
4917.3308
4917.3308
4917.3308
4917.3308
4917.3308
4917.3308
4917.3308
4917.3308
4917.3308
4917.3308
4917.3308
0.0000
4917.3308
4917.3308
4917.3308
4917.3308
4917.3308
4917.3308
4917.3308
4917.3308
4917.3308
4917.3308
4917.3308
4917.3308
0.0000
4917.3308
4917.3308
4917.3308
4917.3308
4917.3308
4917.3308
4917.3308
4917.3308
4917.3308
4917.3308
4917.3308
4917.3308
0.0000
4917.3308
4917.3308
4917.3308
4917.3308
4917.3308
4917.3308
4917.3308
4917.3308
4917.3308
4917.3308
4917.3308
4917.3308
4917.3308
4917.3308
4602.0424
2927.7215
1448.9203
879.4264
550.9385
501.2954
472.0122
472.0122
472.0122
472.0122
472.0122
472.0122
472.0122
472.0122
472.0122
472.0122
472.0122
472.0122
472.0122
472.0122
472.0122
472.0122
472.0122
472.0122
472.0122
472.0122
472.0122
472.0122
472.0122
472.0122
472.0122
472.0122
472.0122
472.0122
472.0122
472.0122
472.0122
472.0122
472.0122
472.0122
472.0122
472.0122
472.0122
472.0122
472.0122
472.0122
472.0122
472.0122
472.0122
472.0122
472.0122
472.0122
472.0122
472.0122
472.0122
472.0122
472.0122
472.0122
472.0122
472.0122
472.0122
472.0122
472.0122
472.0122
472.0122
472.0122
472.0122
472.0122
472.0122
472.0122
472.0122
472.0122
472.0122
472.0122
472.0122
472.0122
472.0122
472.0122
472.0122
472.0122
472.0122
472.0122
472.0122
472.0122
472.0122
472.0122
472.0122
472.0122
472.0122
472.0122
472.0122
472.0122
472.0122
472.0122
472.0122
472.0122
472.0122
472.0122
472.0122
472.0122
472.0122
472.0122
472.0122
472.0122
472.0122
472.0122
472.0122
472.0122
472.0122
472.0122
472.0122
472.0122
472.0122
472.0122
472.0122
472.0122
472.0122
472.0122
472.0122
472.0122
472.0122
472.0122
472.0122
472.0122
472.0122
472.0122
472.0122
472.0122
472.0122
472.0122
472.0122
472.0122
472.0122
472.0122
472.0122
472.0122
472.0122
472.0122
472.0122
472.0122
472.0122
472.0122
472.0122
472.0122
472.0122
472.0122
472.0122
472.0122
472.0122
472.0122
472.0122
472.0122
472.0122
472.0122
472.0122
472.0122
472.0122
472.0122
472.0122
472.0122
472.0122
472.0122
472.0122
472.0122
472.0122
472.0122
472.0122
472.0122
472.0122
472.0122
472.0122
472.0122
472.0122
472.0122
472.0122
472.0122
472.0122
472.0122
472.0122
472.0122
4917.3308
4917.3308
4917.3308
4917.3308
4917.3308
4917.3308
4917.3308
4917.3308
4917.3308
4917.3308
4917.3308
4917.3308
0.0000
4917.3308
4917.3308
4917.3308
4917.3308
4917.3308
4917.3308
4917.3308
4917.3308
4917.3308
4917.3308
4917.3308
4917.3308
0.0000
4917.3308
4917.3308
4917.3308
4917.3308
4917.3308
4917.3308
4917.3308
4917.3308
4917.3308
4917.3308
4917.3308
4917.3308
0.0000
4917.3308
4917.3308
4917.3308
4917.3308
4917.3308
4917.3308
4917.3308
4917.3308
4917.3308
4917.3308
4917.3308
4917.3308
0.0000
4917.3308
4917.3308
4917.3308
4917.3308
4917.3308
4917.3308
4917.3308
4917.3308
4917.3308
4917.3308
4917.3308
4917.3308
0.0000
4917.3308
4917.3308
4917.3308
4917.3308
4917.3308
4917.3308
4917.3308
4917.3308
4917.3308
4917.3308
4917.3308
4917.3308
0.0000
4917.3308
4917.3308
4917.3308
4917.3308
4917.3308
4917.3308
4917.3308
4917.3308
4917.3308
4917.3308
4917.3308
4917.3308
0.0000
4917.3308
4917.3308
4917.3308
4917.3308
4917.3308
4917.3308
4917.3308
4917.3308
4917.3308
4917.3308
4917.3308
4917.3308
4917.3308
4917.3308
4917.3308
4917.3308
4917.3308
4511.2810
2178.7943
722.0014
500.0808
472.0122
472.0122
472.0122
472.0122
472.0122
472.0122
472.0122
472.0122
472.0122
472.0122
472.0122
472.0122
472.0122
472.0122
472.0122
472.0122
472.0122
472.0122
472.0122
472.0122
472.0122
472.0122
472.0122
472.0122
472.0122
472.0122
472.0122
472.0122
472.0122
472.0122
472.0122
472.0122
472.0122
472.0122
472.0122
472.0122
472.0122
472.0122
472.0122
472.0122
472.0122
472.0122
472.0122
472.0122
472.0122
472.0122
472.0122
472.0122
472.0122
472.0122
472.0122
472.0122
472.0122
472.0122
472.0122
472.0122
472.0122
472.0122
472.0122
472.0122
472.0122
472.0122
472.0122
472.0122
472.0122
472.0122
472.0122
472.0122
472.0122
472.0122
472.0122
472.0122
472.0122
472.0122
472.0122
472.0122
472.0122
472.0122
472.0122
472.0122
472.0122
472.0122
472.0122
472.0122
472.0122
472.0122
472.0122
472.0122
472.0122
472.0122
472.0122
472.0122
472.0122
472.0122
472.0122
472.0122
472.0122
472.0122
472.0122
472.0122
472.0122
472.0122
472.0122
472.0122
472.0122
472.0122
472.0122
472.0122
472.0122
472.0122
472.0122
472.0122
472.0122
472.0122
472.0122
472.0122
472.0122
472.0122
472.0122
472.0122
472.0122
472.0122
472.0122
472.0122
472.0122
472.0122
472.0122
472.0122
472.0122
472.0122
472.0122
472.0122
472.0122
472.0122
472.0122
472.0122
472.0122
472.0122
472.0122
472.0122
472.0122
472.0122
472.0122
472.0122
472.0122
472.0122
472.0122
472.0122
472.0122
472.0122
472.0122
472.0122
472.0122
472.0122
472.0122
472.0122
472.0122
472.0122
472.0122
472.0122
472.0122
472.0122
472.0122
472.0122
472.0122
472.0122
472.0122
472.0122
472.0122
472.0122
472.0122
472.0122
472.0122
472.0122
472.0122
472.0122
4917.3308
4917.3308
4917.3308
4917.3308
4917.3308
4917.3308
4917.3308
4917.3308
4917.3308
4917.3308
4917.3308
4917.3308
0.0000
4917.3308
4917.3308
4917.3308
4917.3308
4917.3308
4917.3308
4917.3308
4917.3308
4917.3308
4917.3308
4917.3308
472.0122
0.0000
647.6614
508.9902
500.3086
497.8169
495.7763
493.9255
492.2290
490.6684
489.2192
487.8756
486.6126
485.4136
0.0000
657.4753
492.8776
484.4540
482.6532
481.3712
480.2385
479.1747
478.1491
477.1451
476.1675
475.1952
474.1842
0.0000
630.8512
481.0852
473.2233
472.0122
472.0122
472.0122
472.0122
472.0122
472.0122
472.0122
472.0122
472.0122
0.0000
611.4116
472.0122
472.0122
472.0122
472.0122
472.0122
472.0122
472.0122
472.0122
472.0122
472.0122
472.0122
0.0000
590.6307
472.0122
472.0122
472.0122
472.0122
472.0122
954.0951
834.5882
732.5688
711.1769
697.6125
686.1757
0.0000
945.7326
722.2352
664.0504
652.0710
643.7340
1068.7048
942.1816
918.0162
906.9561
899.6947
899.2056
901.9835
910.7048
918.3259
920.3544
922.5899
924.8200
2392.7856
1726.7214
1657.7741
1644.5634
2404.8798
2850.5379
3025.1417
3133.7867
3273.2233
3359.9370
3437.8501
3483.6166
3508.9838
3532.6298
3554.5530
3568.4521
3585.7484
3604.6233
3620.0164
3642.1272
3655.1119
3667.6453
3629.1781
3500.0449
3530.4186
3536.2401
3676.2896
3727.0994
3737.3769
3747.7367
3755.0121
3760.9077
3764.2044
3764.5212
3747.7281
3645.9335
3666.9383
3685.8343
3604.9675
3639.1858
3694.0559
3748.5284
3878.8949
3368.6564
3261.2583
3234.5063
3218.8483
3207.5328
3191.5273
3177.8345
3165.7429
3523.2523
3791.0977
3858.0250
3932.1116
3958.5283
3793.3382
3783.5540
3775.5375
3759.9299
3701.4917
3554.5084
3448.1983
2788.3459
2727.4193
2684.0445
2668.3536
2694.7567
2820.4371
3044.5706
3418.4958
3469.3993
3484.8164
3525.4582
3587.6562
3669.6314
3728.8403
3743.0819
3759.7895
3764.7523
3768.2051
3770.3240
3771.2364
3707.3910
3868.0278
3163.6657
3047.3605
3009.5950
2983.0307
2960.5064
2947.3253
2939.0188
3101.2357
3104.9735
3504.7424
3968.2719
4001.0519
3982.5960
3838.7179
3847.6273
3857.5191
3769.4658
3714.1308
3691.4932
3817.2126
3884.8372
3898.3603
3765.4748
3710.6303
3844.1537
4061.7313
4122.5251
4138.3833
4180.4989
4189.4848
4185.1998
4179.1901
4134.0736
4019.0715
3986.5601
3894.0405
3828.5488
3787.4107
3656.7943
2992.7683
3175.2103
2943.1889
2782.0945
2901.4858
2863.3374
2601.7461
2547.1010
2442.6603
2134.9954
2326.6357
2283.1261
2285.1315
2236.3525
2408.1270
1979.8565
1940.1065
1904.7766
1873.5030
1844.5273
1817.7046
1786.5423
1761.5047
1766.3288
1957.5674
2321.3295
2321.1753
1919.0874
1900.9842
1880.8363
2045.1580
1762.8660
1713.3732
1692.8338
1418.2087
1374.1175
1354.4929
1338.6816
1324.3804
1406.5631
1398.5747
1633.7224
1733.4604
1762.6633
1773.5976
2005.5172
1823.2394
1819.4257
1815.2707
1811.2085
1807.0530
1802.7761
1798.3863
1793.8986
1789.3280
1784.6886
0.0000
0.0000
472.0122
472.0122
472.0122
472.0122
472.0122
472.0122
472.0122
472.0122
472.0122
472.0122
472.0122
472.0122
0.0000
577.0524
472.0122
472.0122
472.0122
472.0122
472.0122
472.0122
472.0122
472.0122
472.0122
472.0122
472.0122
0.0000
472.0122
472.0122
472.0122
472.0122
472.0122
472.0122
472.0122
472.0122
472.0122
472.0122
472.0122
472.0122
0.0000
477.2667
472.0122
472.0122
472.0122
472.0122
472.0122
472.0122
472.0122
472.0122
472.0122
472.0122
472.0122
0.0000
472.0122
472.0122
472.0122
472.0122
472.0122
472.0122
472.0122
472.0122
472.0122
472.0122
472.0122
472.0122
0.0000
472.0122
472.0122
472.0122
472.0122
472.0122
472.0122
472.0122
472.0122
472.0122
472.0122
472.0122
472.0122
0.0000
472.0122
472.0122
472.0122
472.0122
770.3781
533.8542
503.8970
497.4821
493.0670
489.4037
486.2465
483.4689
0.0000
644.6647
486.6363
477.7152
800.0319
637.8446
619.9581
612.5567
606.9550
617.5343
630.0494
636.6214
641.2471
645.3552
649.0967
652.5297
1879.1933
1382.9560
1343.0042
1336.7458
2045.5137
2516.9039
2738.2427
2838.7075
2967.4932
3059.6146
3143.9255
3215.6037
3298.7792
3329.9372
3348.6899
3366.8929
3384.4875
3401.6196
3415.9595
3428.8833
3441.1255
3451.9431
3401.1907
3317.3393
3381.7289
3414.6798
3443.1348
3526.8463
3528.0389
3545.9758
3556.1755
3565.2185
3572.1434
3581.7054
3591.4662
3511.1483
3449.8963
3406.7455
3440.0988
3500.9534
3612.3997
3653.9311
3815.4734
3219.4338
3180.8606
3153.4928
3085.0918
3070.2067
3052.9056
2870.4720
2849.4240
2982.5074
3493.0286
3613.9178
3798.8169
3627.0598
3642.9312
3635.6798
3595.6683
3569.9055
3477.8882
3118.6220
3095.8533
2480.3668
2455.3052
2432.9520
2418.2717
2441.9970
2436.8175
2926.7254
3218.5510
3269.4316
3329.7914
3487.6037
3514.9753
3558.6426
3639.6970
3658.5314
3676.5993
3693.3144
3710.1797
3727.3340
3744.2229
3745.6240
3914.4960
3211.0689
3177.2006
3165.3750
3162.3335
3163.5441
3163.4751
3163.5063
3166.1907
3168.6029
3508.5607
3976.0234
4071.6885
4072.8677
3930.7978
3935.0565
3930.4819
3934.6727
3924.8167
3745.3553
3737.6395
3843.9764
3902.3094
3826.6890
3693.7979
3690.9096
3746.9018
3830.5308
3860.5041
4041.7756
4095.5141
4078.2720
4062.4430
3993.1433
3967.0432
3891.7607
3802.0782
3726.0563
3423.1060
3165.8353
2680.8082
2857.8723
2797.1358
2584.1015
2575.0304
2686.6283
2414.9931
2373.0914
4917.3308
4917.3308
4917.3308
4917.3308
4917.3308
4917.3308
4917.3308
4917.3308
4917.3308
4917.3308
4917.3308
4917.3308
4917.3308
4917.3308
4917.3308
4917.3308
4917.3308
4917.3308
4917.3308
4917.3308
4917.3308
4917.3308
4917.3308
4917.3308
4917.3308
4917.3308
4917.3308
4917.3308
4917.3308
4917.3308
4917.3308
4917.3308
4917.3308
4917.3308
4917.3308
4917.3308
4917.3308
4917.3308
4917.3308
4917.3308
4917.3308
4917.3308
4917.3308
4917.3308
4917.3308
4917.3308
4917.3308
4917.3308
4917.3308
4917.3308
4917.3308
4917.3308
4917.3308
4917.3308
4917.3308
4917.3308
4917.3308
4917.3308
4917.3308
4917.3308
0.0000
4917.3308
4917.3308
4917.3308
4917.3308
4917.3308
4917.3308
4917.3308
4917.3308
4917.3308
4917.3308
4917.3308
4917.3308
0.0000
4917.3308
4917.3308
4917.3308
4917.3308
4917.3308
4917.3308
4917.3308
4917.3308
4917.3308
4917.3308
4917.3308
4917.3308
0.0000
4917.3308
4917.3308
4917.3308
4917.3308
4917.3308
4917.3308
4917.3308
4917.3308
4917.3308
4917.3308
4917.3308
4917.3308
0.0000
4917.3308
4917.3308
4917.3308
4917.3308
4917.3308
4917.3308
4917.3308
4917.3308
4917.3308
4917.3308
4917.3308
4917.3308
0.0000
4917.3308
4917.3308
4917.3308
4917.3308
4917.3308
4917.3308
4917.3308
4917.3308
4917.3308
4917.3308
4917.3308
4917.3308
0.0000
4917.3308
4917.3308
4917.3308
4917.3308
4917.3308
4917.3308
4917.3308
4917.3308
4917.3308
4917.3308
4917.3308
4917.3308
0.0000
4917.3308
4917.3308
4917.3308
4917.3308
4917.3308
4917.3308
4917.3308
4917.3308
4917.3308
4917.3308
4917.3308
4917.3308
4917.3308
4917.3308
4917.3308
4917.3308
4917.3308
4917.3308
4917.3308
4917.3308
4917.3308
4917.3308
4917.3308
4917.3308
4917.3308
4917.3308
4917.3308
4917.3308
4917.3308
4917.3308
4917.3308
4917.3308
4917.3308
4917.3308
4917.3308
4917.3308
4917.3308
4917.3308
4917.3308
4917.3308
4917.3308
4917.3308
4917.3308
4917.3308
4917.3308
4917.3308
4917.3308
4917.3308
4917.3308
4917.3308
4917.3308
4917.3308
4917.3308
4917.3308
4917.3308
4917.3308
4917.3308
4917.3308
4917.3308
4917.3308
4917.3308
4917.3308
4917.3308
4917.3308
4917.3308
4917.3308
4917.3308
4917.3308
4917.3308
4917.3308
4917.3308
4917.3308
4917.3308
4917.3308
4917.3308
4917.3308
4917.3308
4917.3308
4917.3308
4917.3308
4917.3308
4917.3308
4917.3308
4917.3308
4917.3308
4917.3308
4917.3308
4917.3308
4917.3308
4917.3308
4917.3308
4917.3308
4917.3308
4917.3308
4917.3308
4917.3308
4917.3308
4917.3308
4917.3308
4917.3308
4917.3308
4917.3308
4917.3308
4917.3308
4917.3308
4917.3308
4917.3308
4917.3308
4917.3308
4917.3308
4917.3308
4917.3308
4917.3308
4917.3308
4917.3308
4917.3308
4917.3308
4917.3308
4917.3308
4917.3308
4917.3308
4917.3308
4917.3308
4917.3308
4917.3308
4917.3308
4917.3308
4917.3308
4917.3308
4917.3308
4917.3308
4917.3308
4917.3308
4917.3308
4917.3308
4917.3308
4917.3308
4917.3308
4917.3308
4917.3308
4917.3308
4917.3308
4917.3308
4917.3308
4917.3308
4917.3308
4917.3308
4917.3308
4917.3308
0.0000
4917.3308
4917.3308
4917.3308
4917.3308
4917.3308
4917.3308
4917.3308
4917.3308
4917.3308
4917.3308
4917.3308
4917.3308
0.0000
4917.3308
4917.3308
4917.3308
4917.3308
4917.3308
4917.3308
4917.3308
4917.3308
4917.3308
4917.3308
4917.3308
4917.3308
0.0000
4917.3308
4917.3308
4917.3308
4917.3308
4917.3308
4917.3308
4917.3308
4917.3308
4917.3308
4917.3308
4917.3308
4917.3308
0.0000
4917.3308
4917.3308
4917.3308
4917.3308
4917.3308
4917.3308
4917.3308
4917.3308
4917.3308
4917.3308
4917.3308
4917.3308
0.0000
4917.3308
4917.3308
4917.3308
4917.3308
4917.3308
4917.3308
4917.3308
4917.3308
4917.3308
4917.3308
4917.3308
4917.3308
0.0000
4917.3308
4917.3308
4917.3308
4917.3308
4917.3308
4917.3308
4917.3308
4917.3308
4917.3308
4917.3308
4917.3308
4917.3308
0.0000
4917.3308
4917.3308
4917.3308
4917.3308
4917.3308
4917.3308
4917.3308
4917.3308
4917.3308
4917.3308
4917.3308
4917.3308
0.0000
4917.3308
4917.3308
4917.3308
4917.3308
4917.3308
4917.3308
4917.3308
4917.3308
4917.3308
4917.3308
4917.3308
4917.3308
0.0000
4917.3308
4917.3308
4917.3308
4917.3308
4917.3308
4917.3308
4917.3308
4917.3308
4917.3308
4917.3308
4917.3308
4917.3308
0.0000
4917.3308
4917.3308
4917.3308
4917.3308
4917.3308
4917.3308
4917.3308
4917.3308
4917.3308
4917.3308
4917.3308
4917.3308
0.0000
4917.3308
4917.3308
4917.3308
4917.3308
4917.3308
4917.3308
4917.3308
4917.3308
4917.3308
4917.3308
4917.3308
4917.3308
0.0000
4917.3308
4917.3308
4917.3308
4917.3308
4917.3308
4917.3308
4917.3308
4917.3308
4917.3308
4917.3308
4917.3308
4917.3308
0.0000
4917.3308
4917.3308
4917.3308
4917.3308
4917.3308
4917.3308
4917.3308
4917.3308
4917.3308
4917.3308
4917.3308
4917.3308
0.0000
4917.3308
4917.3308
4917.3308
4917.3308
4917.3308
4917.3308
4917.3308
4917.3308
4917.3308
4917.3308
4917.3308
4917.3308
0.0000
4917.3308
4917.3308
4917.3308
4917.3308
4917.3308
4917.3308
4917.3308
4917.3308
4917.3308
4917.3308
4917.3308
4917.3308
0.0000
4917.3308
4917.3308
4917.3308
4917.3308
4917.3308
4917.3308
4917.3308
4917.3308
4917.3308
4917.3308
4917.3308
4917.3308
0.0000
4917.3308
4917.3308
4917.3308
4917.3308
4917.3308
4917.3308
4917.3308
4917.3308
4917.3308
4917.3308
4917.3308
4917.3308
0.0000
4917.3308
4917.3308
4917.3308
4917.3308
4917.3308
4917.3308
4917.3308
4917.3308
4917.3308
4917.3308
4917.3308
4917.3308
0.0000
4917.3308
4917.3308
4917.3308
4917.3308
4917.3308
4917.3308
4917.3308
4917.3308
4917.3308
4917.3308
4917.3308
4917.3308
0.0000
4917.3308
4917.3308
4917.3308
4917.3308
4917.3308
4917.3308
4917.3308
4917.3308
4917.3308
4917.3308
4917.3308
4917.3308
0.0000
4917.3308
4917.3308
4917.3308
4917.3308
4917.3308
4917.3308
4917.3308
4917.3308
4917.3308
4917.3308
4917.3308
4917.3308
0.0000
4917.3308
4917.3308
4917.3308
4917.3308
4917.3308
4917.3308
4917.3308
4917.3308
4917.3308
4917.3308
4917.3308
4917.3308
0.0000
4917.3308
4917.3308
4917.3308
4917.3308
4917.3308
4917.3308
4917.3308
4917.3308
4917.3308
4917.3308
4917.3308
4917.3308
0.0000
4917.3308
4917.3308
4917.3308
4917.3308
4917.3308
4917.3308
4917.3308
4917.3308
4917.3308
4917.3308
4917.3308
4917.3308
0.0000
4917.3308
4917.3308
4917.3308
4917.3308
4917.3308
4917.3308
4917.3308
4917.3308
4917.3308
4917.3308
4917.3308
4917.3308
0.0000
4917.3308
4917.3308
4917.3308
4917.3308
4917.3308
4917.3308
4917.3308
4917.3308
4917.3308
4917.3308
4917.3308
4917.3308
0.0000
4917.3308
4917.3308
4917.3308
4917.3308
4917.3308
4917.3308
4917.3308
4917.3308
4917.3308
4917.3308
4917.3308
4917.3308
0.0000
4917.3308
4917.3308
4917.3308
4917.3308
4917.3308
4917.3308
4917.3308
4917.3308
4917.3308
4917.3308
4917.3308
4917.3308
0.0000
4917.3308
4917.3308
4917.3308
4917.3308
4917.3308
4917.3308
4917.3308
4917.3308
4917.3308
4917.3308
4917.3308
4917.3308
0.0000
4917.3308
4917.3308
4917.3308
4917.3308
4917.3308
4917.3308
4917.3308
4917.3308
4917.3308
4917.3308
4917.3308
4917.3308
0.0000
4917.3308
4917.3308
4917.3308
4917.3308
4917.3308
4917.3308
4917.3308
4917.3308
4917.3308
4917.3308
4917.3308
4917.3308
0.0000
4917.3308
4917.3308
4917.3308
4917.3308
4917.3308
4917.3308
4917.3308
4917.3308
4917.3308
4917.3308
4917.3308
4917.3308
0.0000
4917.3308
4917.3308
4917.3308
472.0122
472.0122
472.0122
472.0122
472.0122
472.0122
472.0122
472.0122
472.0122
0.0000
472.0122
472.0122
667.8273
491.9286
490.7401
487.0843
481.3387
477.4974
474.1325
472.0469
472.0122
472.0122
472.3013
473.8361
1212.9252
1016.1319
938.9175
906.8951
1430.6555
1709.0225
1871.7741
2096.4853
2228.7442
2269.6569
2329.5594
2368.3830
2439.7958
2530.5722
2558.5089
2588.6223
2610.8109
2636.0001
2672.8892
2711.2187
2747.5799
2779.3160
2732.2965
2720.6075
2802.6983
2845.6235
2996.1272
3002.3274
3030.9047
3059.6307
3086.2764
3061.1493
3107.8193
3126.6663
3137.6619
3020.8636
2961.1674
2938.4433
2926.5465
3029.9180
3111.9384
3161.5975
3098.6035
2624.3953
2593.4847
2593.4433
2599.5742
2608.3450
2613.4164
2611.1488
2616.8190
3191.4370
3253.1777
3303.2645
3417.3179
3421.1937
3275.5086
3289.4489
3236.1654
3209.4123
3076.1999
2946.4490
2722.4645
2153.5373
2143.2937
2133.1838
2124.8782
2121.9812
2284.5860
2279.9349
2745.5900
2837.6785
2995.8275
3181.5695
3241.5855
3335.1237
3377.1819
3405.5469
3429.0443
3451.2599
3472.8909
3493.7783
3514.1464
3525.1063
3592.4909
2948.3873
2931.4291
2913.1667
2904.6020
2898.2292
2896.6829
2897.3447
2899.0156
2909.1101
3180.9642
3677.6698
3765.3049
3793.4842
3646.4018
3657.1782
3676.1630
3639.4679
3519.0757
3607.9583
3690.2429
3720.7970
3713.4629
3590.2972
3582.2136
3607.7777
3784.4281
3793.0990
3877.2315
3887.4750
3939.0270
3925.1502
3904.7066
3855.2391
3796.3157
3679.6372
3631.2987
3581.2412
3516.3118
3098.8926
2472.8265
2543.8416
2343.7093
2385.3332
2099.7182
2377.5678
2129.3810
1945.0856
1884.2924
1719.6774
1815.7897
1963.1095
1931.4819
1904.8731
1891.1415
1622.5445
1606.0032
1584.2581
1564.4294
1544.7124
1527.1145
1506.4318
1488.7741
1662.5217
1909.8205
2035.2230
2064.6413
1684.7602
1674.0188
1660.7656
1810.5078
1710.7103
1455.7710
1405.2504
1389.2364
1177.4436
1170.0389
1158.1814
1148.1836
1226.3700
1220.9403
1538.9911
1547.1580
1669.2066
1679.2749
1730.8960
1732.5450
1734.1048
1565.6846
1562.0052
1556.6497
1551.7814
1547.6184
1543.4523
1539.3922
1541.1169
0.0000
0.0000
0.0000
472.0122
472.0122
472.0122
472.0122
472.0122
472.0122
472.0122
472.0122
472.0122
472.0122
472.0122
472.0122
0.0000
591.5133
472.0122
472.0122
472.0122
472.0122
472.0122
472.0122
