0.1056
0.1056
0.1056
0.1056
0.1056
0.0000
0.1056
0.1056
0.1056
0.1056
0.1056
0.1056
0.1056
0.1056
0.1056
0.1056
0.1056
0.1056
0.0000
0.1056
0.1056
0.1056
0.1056
0.1056
0.1056
0.1056
0.1056
0.1056
0.1056
0.1056
0.1056
0.0000
0.1056
0.1056
0.1056
0.1056
0.1056
0.1056
0.1056
0.1056
0.1056
0.1056
0.1056
0.1056
0.0000
0.1056
0.1056
0.1056
0.1056
0.1056
0.1056
0.1056
0.1056
0.1056
0.1056
0.1056
0.1056
0.0000
0.1056
0.1056
0.1056
0.1056
0.1056
0.1056
0.1056
0.1056
0.1056
0.1056
0.1056
0.1056
0.0000
0.1056
0.1056
0.1056
0.1056
0.1056
0.1056
0.1056
0.1056
0.1056
0.1056
0.1056
0.1056
0.1056
0.1056
0.1835
0.1452
0.1451
0.1465
0.1493
0.1504
0.3449
0.3564
0.3675
0.3861
0.4046
0.4087
0.4436
0.4517
0.4637
0.4711
0.4738
0.4763
0.4784
0.4804
0.4823
0.4841
0.4721
0.4691
0.4625
0.4590
0.4741
0.4846
0.4876
0.4885
0.4907
0.4614
0.4945
0.4969
0.4993
0.4964
0.4850
0.4822
0.4883
0.4952
0.5009
0.5070
0.5039
0.4793
0.4833
0.4844
0.4809
0.4818
0.4828
0.4838
0.4803
0.4828
0.4962
0.5019
0.5086
0.5138
0.5143
0.5166
0.5088
0.5007
0.4969
0.4706
0.4657
0.4566
0.4618
0.4619
0.4624
0.4684
0.4689
0.4764
0.4834
0.4938
0.4996
0.5282
0.5282
0.5282
0.5282
0.5282
0.5282
0.5282
0.5282
0.5282
0.5282
0.5282
0.5282
0.5265
0.5145
0.5112
0.5093
0.5120
0.5110
0.5102
0.5096
0.5092
0.5104
0.5201
0.5133
0.4950
0.5026
0.5282
0.5282
0.5282
0.5282
0.5282
0.5188
0.5282
0.5282
0.5173
0.5242
0.5260
0.5282
0.5282
0.5282
0.5282
0.5282
0.5282
0.5282
0.5137
0.5087
0.5037
0.4903
0.4409
0.4264
0.4162
0.4118
0.4089
0.2063
0.3878
0.3931
0.3907
0.3898
0.3870
0.3849
0.3818
0.1807
0.1685
0.3587
0.3618
0.3590
0.1616
0.1516
0.1456
0.1407
0.1364
0.1328
0.1296
0.1267
0.1242
0.1216
0.3128
0.3228
0.3249
0.3277
0.3286
0.1316
0.1219
0.1168
0.1126
0.1094
0.1064
0.1056
0.1056
0.1056
0.1056
0.2822
0.2967
0.3000
0.3014
0.3032
0.3036
0.3046
0.3053
0.3057
0.3052
0.3062
0.3064
0.3065
0.3065
0.3065
0.3064
0.0000
0.0000
0.0000
0.1056
0.1056
0.1056
0.1056
0.1056
0.1056
0.1056
0.1056
0.1056
0.1056
0.1056
0.1056
0.0000
0.1056
0.1056
0.1056
0.1056
0.1056
0.1056
0.1056
0.1056
0.1056
0.1056
0.1056
0.1056
0.0000
0.1056
0.1056
0.1056
0.1056
0.1056
0.1056
0.1056
0.1056
0.1056
0.1056
0.1056
0.1056
0.0000
0.1056
0.1056
0.1056
0.1056
0.1056
0.1056
0.1056
0.1056
0.1056
0.1056
0.1056
0.1056
0.0000
0.1056
0.1056
0.1056
0.1056
0.1056
0.1056
0.1056
0.1056
0.1056
0.1056
0.1056
0.1056
0.0000
0.1056
0.1056
0.1056
0.1056
0.1056
0.1056
0.1056
0.1056
0.1056
0.1056
0.1056
0.1056
0.0000
0.1056
0.1056
0.1056
0.1056
0.1056
0.1056
0.1056
0.1056
0.1056
0.1056
0.1056
0.1056
0.0000
0.1056
0.1056
0.1056
0.1056
0.1056
0.1056
0.1056
0.1056
0.1056
0.1056
0.1056
0.1056
0.1056
0.1056
0.1410
0.1190
0.1179
0.1175
0.1179
0.3232
0.3350
0.3465
0.3620
0.3730
0.3789
0.3843
0.4273
0.4346
0.4452
0.4514
0.4572
0.4629
0.4674
0.4713
0.4748
0.4744
0.4735
0.4762
0.4708
0.4735
0.4902
0.4974
0.5000
0.5030
0.5005
0.4752
0.5032
0.5092
0.5106
0.4975
0.4890
0.4829
0.4875
0.5025
0.5078
0.5093
0.5062
0.4771
0.4827
0.4847
0.4868
0.4890
0.4898
0.4904
0.4864
0.4900
0.4881
0.5068
0.5104
0.5154
0.5189
0.5198
0.5149
0.5056
0.4935
0.4760
0.4708
0.4643
0.4656
0.4660
0.4662
0.4666
0.4774
0.4780
0.4809
0.4792
0.4924
0.5177
0.5282
0.5282
0.5282
0.5282
0.5282
0.5282
0.5282
0.5282
0.5282
0.5282
0.5282
0.5223
0.5198
0.5176
0.5154
0.5137
0.5130
0.5177
0.5178
0.5178
0.5250
0.5243
0.5282
0.5176
0.5161
0.5282
0.5282
0.5282
0.5282
0.5282
0.5282
0.5282
0.5282
0.5282
0.5282
0.5282
0.5282
0.5282
0.5282
0.5282
0.5282
0.5282
0.5282
0.5282
0.5282
0.5282
0.5282
0.4796
0.4649
0.4514
0.4382
0.4343
0.2342
0.4144
0.4222
0.4194
0.4156
0.4137
0.4107
0.4072
0.2046
0.1919
0.3777
0.3847
0.3855
0.1844
0.1737
0.1675
0.1626
0.1584
0.1547
0.1513
0.1482
0.1457
0.3369
0.3429
0.3453
0.3490
0.3518
0.3521
0.3479
0.3470
0.3467
0.1534
0.1435
0.1379
0.1346
0.1315
0.1288
0.1264
0.1245
0.3156
0.3233
0.3304
0.3317
0.3343
0.3351
0.3358
0.3364
0.3367
0.3369
0.3370
0.3370
0.3370
0.3369
0.3367
0.0000
0.0000
0.0000
0.1056
0.1056
0.1056
0.1056
0.1056
0.1056
0.1056
0.1056
0.1056
0.1056
0.1056
0.1056
0.0000
0.1056
0.1056
0.1056
0.1056
0.1056
0.1061
0.1056
0.1056
0.1056
0.1056
0.1056
0.1056
0.0000
0.1056
0.1056
0.1056
0.1056
0.1056
0.1056
0.1056
0.1056
0.1056
0.1056
0.1056
0.1056
0.0000
0.1056
0.1056
0.1056
0.1056
0.1056
0.1056
0.1056
0.1056
0.1056
0.1056
0.1056
0.1056
0.0000
0.1056
0.1056
0.1056
0.1056
0.1056
0.1056
0.1056
0.1056
0.1056
0.1056
0.1056
0.1056
0.0000
0.1056
0.1056
0.1056
0.1056
0.1056
0.1056
0.1056
0.1056
0.1056
0.1056
0.1056
0.1056
0.0000
0.1056
0.1056
0.1056
0.1056
0.1056
0.1056
0.1056
0.1056
0.1056
0.1056
0.1056
0.1056
0.0000
0.1056
0.1056
0.1056
0.1056
0.1056
0.1056
0.1056
0.1056
0.1056
0.1056
0.1056
0.1056
0.1056
0.1056
0.1778
0.1367
0.1350
0.1351
0.3303
0.3401
0.3496
0.3595
0.3823
0.3868
0.3908
0.4080
0.4345
0.4432
0.4517
0.4646
0.4685
0.4722
0.4760
0.4807
0.4848
0.4884
0.4645
0.4635
0.4816
0.4845
0.4968
0.4994
0.5021
0.5052
0.5017
0.4747
0.5056
0.5054
0.5051
0.4951
0.4941
0.4897
0.4934
0.4931
0.4968
0.4960
0.4752
0.4641
0.4697
0.4722
0.4795
0.4825
0.4855
0.4842
0.4873
0.4967
0.5100
0.5157
0.5203
0.5282
0.5282
0.5282
0.5282
0.5282
0.5154
0.4835
0.4699
0.4618
0.4659
0.4665
0.4675
0.4689
0.4699
0.4733
0.4783
0.4786
0.4996
0.5274
0.5282
0.5282
0.5282
0.5282
0.5282
0.5282
0.5282
0.5282
0.5282
0.5282
0.5282
0.5282
0.5282
0.5282
0.5282
0.5282
0.5282
0.5282
0.5282
0.5282
0.5282
0.5282
0.5282
0.5282
0.5282
0.5282
0.5282
0.5282
0.5282
0.5282
0.5282
0.5282
0.5282
0.5282
0.5282
0.5282
0.5282
0.5282
0.5282
0.5282
0.5282
0.5282
0.5282
0.5282
0.5282
0.5282
0.5282
0.5282
0.5282
0.5116
0.5016
0.4927
0.4876
0.4829
0.4821
0.4773
0.4710
0.4671
0.4616
0.2550
0.2392
0.4289
0.4293
0.4193
0.4183
0.2172
0.2052
0.1974
0.1910
0.1854
0.1804
0.1751
0.1707
0.1672
0.3573
0.3687
0.3700
0.3691
0.3705
0.3700
0.3693
0.3650
0.3626
0.3632
0.1693
0.1587
0.1540
0.1500
0.1468
0.1441
0.1417
0.3339
0.3410
0.3434
0.3454
0.3504
0.3522
0.3529
0.3534
0.3538
0.3540
0.3541
0.3541
0.3541
0.3540
0.3539
0.0000
0.0000
0.0000
0.1056
0.1056
0.1056
0.1056
0.1056
0.1056
0.1056
0.1056
0.1056
0.1056
0.1056
0.1056
0.0000
0.1056
0.1056
0.1056
0.1056
0.1131
0.1146
0.1163
0.1056
0.1056
0.1056
0.1056
0.1056
0.0000
0.1056
0.1056
0.1056
0.1056
0.1056
0.1056
0.1056
0.1056
0.1056
0.1056
0.1056
0.1056
0.0000
0.1056
0.1056
0.1056
0.1056
0.1056
0.1056
0.1056
0.1056
0.1056
0.1056
0.1056
0.1056
0.0000
0.1056
0.1056
0.1056
0.1056
0.1056
0.1056
0.1056
0.1056
0.1056
0.1056
0.1056
0.1056
0.0000
0.1056
0.1056
0.1056
0.1056
0.1056
0.1056
0.1056
0.1056
0.1056
0.1056
0.1056
0.1056
0.0000
0.1056
0.1056
0.1056
0.1056
0.1056
0.1056
0.1056
0.1056
0.1056
0.1056
0.1056
0.1056
0.0000
0.1056
0.1056
0.1056
0.1056
0.1056
0.1056
0.1056
0.1056
0.1056
0.1056
0.1056
0.1056
0.1056
0.1056
0.2792
0.1989
0.1954
0.1973
0.2023
0.2030
0.3991
0.4152
0.4310
0.4406
0.4631
0.4805
0.5025
0.5110
0.5146
0.5179
0.5209
0.5238
0.5251
0.5257
0.5261
0.5220
0.5176
0.5173
0.5065
0.5126
0.5218
0.5219
0.5264
0.5264
0.5236
0.4986
0.5230
0.5282
0.5282
0.5196
0.5146
0.5282
0.5282
0.5282
0.5282
0.5282
0.5282
0.5282
0.5282
0.5282
0.5282
0.5282
0.5282
0.5282
0.5282
0.5282
0.5282
0.5282
0.5282
0.5282
0.5282
0.5282
0.5282
0.5282
0.5282
0.5282
0.5211
0.3089
0.2955
0.2914
0.2872
0.4807
0.4924
0.5013
0.5037
0.5150
0.5209
0.5282
0.5282
0.5282
0.5282
0.5282
0.5282
0.5282
0.5282
0.5282
0.5282
0.5282
0.5282
0.5282
0.5282
0.5282
0.5282
0.5282
0.5282
0.5282
0.5282
0.5282
0.5282
0.5282
0.5282
0.5282
0.5282
0.5282
0.5282
0.5282
0.5282
0.5282
0.5282
0.5282
0.5282
0.5282
0.5282
0.5282
0.5282
0.5282
0.5282
0.5282
0.5282
0.5282
0.5282
0.5282
0.5282
0.5282
0.5282
0.5282
0.5199
0.4957
0.4794
0.4783
0.4724
0.4627
0.2625
0.4435
0.4475
0.4410
0.4368
0.4384
0.4311
0.4257
0.4213
0.4207
0.4163
0.2149
0.2024
0.1946
0.1882
0.1827
0.1778
0.1726
0.1684
0.1648
0.1617
0.1588
0.3490
0.3598
0.3614
0.3636
0.3593
0.1651
0.1549
0.1497
0.1464
0.1430
0.1410
0.1388
0.1369
0.3295
0.3371
0.3405
0.3433
0.3443
0.3502
0.3507
0.3519
0.3518
0.3520
0.3511
0.3521
0.3521
0.3519
0.3518
0.3516
0.3513
0.0000
0.0000
0.0000
0.1056
0.1056
0.1056
0.1056
0.1056
0.1056
0.1056
0.1056
0.1056
0.1056
0.1056
0.1056
0.0000
0.1182
0.1115
0.1136
0.1158
0.1177
0.1164
0.1177
0.1056
0.1056
0.1056
0.1056
0.1056
0.0000
0.1056
0.1056
0.1056
0.1056
0.1056
0.1056
0.1056
0.1056
0.1056
0.1056
0.1056
0.1056
0.0000
0.1056
0.1056
0.1056
0.1056
0.1056
0.1056
0.1056
0.1056
0.1056
0.1056
0.1056
0.1056
0.0000
0.1056
0.1056
0.1056
0.1056
0.1056
0.1056
0.1056
0.1056
0.1056
0.1056
0.1056
0.1056
0.0000
0.1056
0.1056
0.1056
0.1056
0.1056
0.1056
0.1056
0.1056
0.1056
0.1056
0.1056
0.1056
0.0000
0.1056
0.1056
0.1056
0.1056
0.1056
0.1056
0.1056
0.1056
0.1056
0.1056
0.1056
0.1056
0.0000
0.1056
0.1056
0.1056
0.1254
0.1316
0.1277
0.1223
0.1159
0.1139
0.1121
0.1105
0.1092
0.1083
0.1076
0.3560
0.2322
0.2176
0.2135
0.2110
0.2091
0.2077
0.2066
0.2059
0.2053
0.2050
0.2048
0.2062
0.2071
0.2079
0.2087
0.2095
0.2105
0.2113
0.2122
0.2131
0.2141
0.2152
0.2163
0.2176
0.2191
0.2206
0.2222
0.2238
0.2255
0.2271
0.2286
0.2301
0.2314
0.2327
0.2341
0.2352
0.2363
0.2373
0.2384
0.2394
0.2399
0.2402
0.2415
0.2423
0.2430
0.2436
0.2441
0.2441
0.2440
0.2438
0.2436
0.2434
0.2431
0.2432
0.2435
0.2422
0.2418
0.2419
0.2422
0.2400
0.2392
0.2391
0.2391
0.2394
0.2394
0.2391
0.2387
0.2382
0.2377
0.2372
0.2365
0.2360
0.2354
0.2345
0.2338
0.2332
0.2326
0.2324
0.2323
0.2322
0.2322
0.2322
0.2322
0.2321
0.2319
0.2318
0.2316
0.2314
0.2312
0.2311
0.2311
0.2312
0.2313
0.2315
0.2317
0.2315
0.2316
0.2318
0.2317
0.2318
0.2320
0.2323
0.2325
0.2327
0.2329
0.2331
0.2333
0.2335
0.2341
0.2346
0.2349
0.2352
0.2354
0.2354
0.2352
0.2350
0.2346
0.2342
0.2338
0.1056
0.1056
0.1056
0.1056
0.1056
0.1056
0.1056
0.1056
0.1056
0.1056
0.1056
0.1056
0.0000
0.1056
0.1056
0.1056
0.1056
0.1056
0.1056
0.1056
0.1056
0.1056
0.1056
0.1056
0.1056
0.0000
0.1056
0.1056
0.1056
0.1056
0.1056
0.1056
0.1056
0.1056
0.1056
0.1056
0.1056
0.1056
0.0000
0.1056
0.1056
0.1056
0.1056
0.1056
0.1056
0.1056
0.1056
0.1056
0.1056
0.1056
0.1056
0.0000
0.1056
0.1056
0.1056
0.1056
0.1056
0.1056
0.1056
0.1056
0.1056
0.1056
0.1056
0.1056
0.0000
0.1056
0.1056
0.1056
0.1056
0.1056
0.1056
0.1056
0.1056
0.1056
0.1056
0.1056
0.1056
0.0000
0.1056
0.1056
0.1056
0.1056
0.1056
0.1056
0.1056
0.1056
0.1056
0.1056
0.1056
0.1056
0.0000
0.1056
0.1056
0.1056
0.1056
0.1056
0.1056
0.1056
0.1056
0.1056
0.1056
0.1056
0.1056
0.0000
0.1056
0.1056
0.1056
0.1056
0.1056
0.1056
0.1056
0.1056
0.1056
0.1056
0.1056
0.1056
0.0000
0.1056
0.1056
0.1056
0.1056
0.1056
0.1056
0.1056
0.1056
0.1056
0.1056
0.1056
0.1056
0.0000
0.1056
0.1056
0.1056
0.1056
0.1056
0.1056
0.1056
0.1056
0.1056
0.1056
0.1056
0.1056
0.0000
0.1056
0.1056
0.1056
0.1056
0.1056
0.1056
0.1056
0.1056
0.1056
0.1056
0.1056
0.1056
0.0000
0.1056
0.1056
0.1056
0.1056
0.1056
0.1056
0.1056
0.1056
0.1056
0.1056
0.1056
0.1056
0.0000
0.1056
0.1056
0.1056
0.1056
0.1056
0.1056
0.1056
0.1056
0.1056
0.1056
0.1056
0.1056
0.0000
0.1056
0.1056
0.1056
0.1056
0.1056
0.1056
0.1056
0.1056
0.1056
0.1056
0.1056
0.1056
0.0000
0.1056
0.1056
0.1056
0.1056
0.1056
0.1056
0.1056
0.1056
0.1056
0.1056
0.1056
0.1056
0.0000
0.1056
0.1056
0.1056
0.1056
0.1056
0.1056
0.1056
0.1056
0.1056
0.1056
0.1056
0.1056
0.0000
0.1056
0.1056
0.1056
0.1056
0.1056
0.1056
0.1056
0.1056
0.1056
0.1056
0.1056
0.1056
0.0000
0.1056
0.1056
0.1056
0.1056
0.1056
0.1056
0.1056
0.1056
0.1056
0.1056
0.1056
0.1056
0.0000
0.1056
0.1056
0.1056
0.1056
0.1056
0.1056
0.1056
0.1056
0.1056
0.1056
0.1056
0.1056
0.0000
0.1056
0.1056
0.1056
0.1056
0.1056
0.1056
0.1056
0.1056
0.1056
0.1056
0.1056
0.1056
0.0000
0.1056
0.1056
0.1056
0.1056
0.1056
0.1056
0.1056
0.1056
0.1056
0.1056
0.1056
0.1056
0.0000
0.1056
0.1056
0.1056
0.1056
0.1056
0.1056
0.1056
0.1056
0.1056
0.1056
0.1056
0.1056
0.0000
0.1056
0.1056
0.1056
0.1056
0.1056
0.1056
0.1056
0.1056
0.1056
0.1056
0.1056
0.1056
0.0000
0.1056
0.1056
0.1056
0.1056
0.1056
0.1056
0.1056
0.1056
0.1056
0.1056
0.1056
0.1056
0.0000
0.1056
0.1056
0.1056
0.1056
0.1056
0.1056
0.1056
0.1056
0.1056
0.1056
0.1056
0.1056
0.0000
0.1056
0.1056
0.1056
0.1056
0.1056
0.1056
0.1056
0.1056
0.1056
0.1056
0.1056
0.1056
0.0000
0.1056
0.1056
0.1056
0.1056
0.1056
0.1056
0.1056
0.1056
0.1056
0.1056
0.1056
0.1056
0.0000
0.1056
0.1056
0.1056
0.1056
0.1056
0.1056
0.1056
0.1056
0.1056
0.1056
0.1056
0.1056
0.0000
0.1056
0.1056
0.1056
0.1056
0.1056
0.1056
0.1056
0.1056
0.1056
0.1056
0.1056
0.1056
0.0000
0.1056
0.1056
0.1056
0.1056
0.1056
0.1056
0.1056
0.1056
0.1056
0.1056
0.1056
0.1056
0.0000
0.1056
0.1056
0.1056
0.1056
0.1056
0.1056
0.1056
0.1056
0.1056
0.1056
0.1056
0.1056
0.0000
0.1056
0.1056
0.1056
0.1056
0.1056
0.1056
0.1056
0.1056
0.1056
0.1056
0.1056
0.1056
0.0000
0.1056
0.1056
0.1056
0.1056
0.1056
0.1056
0.1056
0.1056
0.1056
0.1056
0.1056
0.1056
0.0000
0.1056
0.1056
0.1056
0.1056
0.1056
0.1056
0.1056
0.1056
0.1056
0.1056
0.1056
0.1056
0.1056
0.1056
0.2750
0.1920
0.1863
0.1861
0.3821
0.4043
0.4078
0.4118
0.4202
0.4326
0.4445
0.4519
0.4812
0.4882
0.4947
0.4967
0.4984
0.5000
0.4973
0.4991
0.5004
0.4976
0.4904
0.4919
0.1725
0.1056
0.1056
0.1056
0.1056
0.1056
0.1056
0.1056
0.1056
0.1056
0.1056
0.1056
0.1056
0.1056
0.1056
0.1056
0.1056
0.1056
0.1056
0.1056
0.1056
0.1056
0.1056
0.1056
0.1056
0.1056
0.1056
0.1056
0.1056
0.1056
0.1056
0.1056
0.1056
0.1056
0.1056
0.1056
0.1056
0.1056
0.1056
0.1056
0.1056
0.1056
0.1056
0.1056
0.1056
0.1056
0.1056
0.1056
0.1056
0.1056
0.1056
0.1056
0.1056
0.1056
0.1056
0.1056
0.1056
0.1056
0.1056
0.1056
0.1056
0.1056
0.1056
0.1056
0.1056
0.1056
0.1056
0.1056
0.1056
0.1056
0.1056
0.1056
0.1056
0.1056
0.1056
0.1056
0.1056
0.1056
0.1056
0.1056
0.1056
0.1056
0.1056
0.1056
0.1056
0.1056
0.1056
0.1056
0.1056
0.1056
0.1056
0.1056
0.1056
0.1056
0.1056
0.1056
0.1056
0.1056
0.1056
0.1056
0.1056
0.1056
0.1056
0.1056
0.1056
0.1056
0.1056
0.1056
0.1056
0.1056
0.1056
0.1056
0.1056
0.1056
0.1056
0.1056
0.1056
0.1056
0.1056
0.1056
0.1056
0.1056
0.1056
0.1056
0.1056
0.1056
0.1056
0.1056
0.1056
0.1056
0.1056
0.1056
0.1056
0.1056
0.1056
0.1056
0.1056
0.1056
0.1056
0.1056
0.1056
0.1056
0.1056
0.1056
0.5282
0.2854
0.4298
0.4294
0.4262
0.4221
0.4186
0.4149
0.4117
0.4088
0.4061
0.4035
0.0000
0.0000
0.0000
0.1056
0.1056
0.1056
0.1056
0.1056
0.1056
0.1056
0.1056
0.1056
0.1056
0.1056
0.1056
0.0000
0.1056
0.1056
0.1145
0.1199
0.1214
0.1223
0.1232
0.1056
0.5282
0.5282
0.5282
0.5282
0.0000
0.5282
0.5282
0.5282
0.5282
0.5282
0.5282
0.5282
0.5282
0.5282
0.5282
0.5282
0.5282
0.0000
0.5282
0.5282
0.5282
0.5282
0.5282
0.5282
0.5282
0.5282
0.5282
0.5282
0.5282
0.5282
0.0000
0.5282
0.5282
0.5282
0.5282
0.5282
0.5282
0.5282
0.5282
0.5282
0.5282
0.5282
0.5282
0.0000
0.5282
0.5282
0.5282
0.5282
0.5282
0.5282
0.5282
0.5282
0.5282
0.5282
0.5282
0.5282
0.0000
0.5282
0.5282
0.5282
0.5282
0.5282
0.5282
0.5282
0.5282
0.5282
0.5282
0.5282
0.5282
0.0000
0.5282
0.5282
0.5282
0.5282
0.5282
0.5282
0.5282
0.5282
0.5282
0.5282
0.5282
0.5282
0.5282
0.5282
0.5282
0.3974
0.1649
0.1191
0.1056
0.1056
0.1056
0.1056
0.1056
0.1056
0.1056
0.1056
0.1056
0.1056
0.1056
0.1056
0.1056
0.1056
0.1056
0.1056
0.1056
0.1056
0.1056
0.1056
0.1056
0.1056
0.1056
0.1056
0.1056
0.1056
0.1056
0.1056
0.1056
0.1056
0.1056
0.1056
0.1056
0.1056
0.1056
0.1056
0.1056
0.1056
0.1056
0.1056
0.1056
0.1056
0.1056
0.1056
0.1056
0.1056
0.1056
0.1056
0.1056
0.1056
0.1056
0.1056
0.1056
0.1056
0.1056
0.1056
0.1056
0.1056
0.1056
0.1056
0.1056
0.1056
0.1056
0.1056
0.1056
0.1056
0.1056
0.1056
0.1056
0.1056
0.1056
0.1056
0.1056
0.1056
0.1056
0.1091
0.1107
0.1116
0.1123
0.1129
0.1089
0.1056
0.1056
0.1056
0.1056
0.1056
0.1056
0.1058
0.1074
0.1080
0.1086
0.1108
0.1179
0.1076
0.1095
0.1212
0.1237
0.1244
0.1250
0.1224
0.1164
0.1215
0.1220
0.1223
0.1275
0.1311
0.1270
0.1258
0.1293
0.1328
0.1330
0.1330
0.1329
0.1328
0.1310
0.1244
0.1232
0.1094
0.1056
0.1056
0.1056
0.1056
0.1056
0.1056
0.1056
0.1056
0.1056
0.1056
0.1056
0.1056
0.1056
0.1056
0.1056
0.1056
0.1056
0.1056
0.1056
0.1056
0.1056
0.1056
0.1056
0.1056
0.1056
0.1056
0.1056
0.1056
0.1056
0.1056
0.1056
0.1056
0.1056
0.1056
0.1056
0.1056
0.1056
0.1056
0.1056
0.1056
0.1056
0.1056
0.1056
0.1056
0.1056
0.1056
0.1056
0.1056
0.1056
0.1056
0.1056
0.1056
0.1056
0.1056
0.1056
0.1056
0.1056
0.1056
0.5282
0.5282
0.5282
0.5282
0.5282
0.5282
0.5282
0.5282
0.5282
0.5282
0.5282
0.5282
0.0000
0.5282
0.5282
0.5282
0.5282
0.5282
0.5282
0.5282
0.5282
0.5282
0.5282
0.5282
0.5282
0.0000
0.5282
0.5282
0.5282
0.5282
0.5282
0.5282
0.5282
0.5282
0.5282
0.5282
0.5282
0.5282
0.0000
0.5282
0.5282
0.5282
0.5282
0.5282
0.5282
0.5282
0.5282
0.5282
0.5282
0.5282
0.5282
0.0000
0.5282
0.5282
0.5282
0.5282
0.5282
0.5282
0.5282
0.5282
0.5282
0.5282
0.5282
0.5282
0.0000
0.5282
0.5282
0.5282
0.5282
0.5282
0.5282
0.5282
0.5282
0.5282
0.5282
0.5282
0.5282
0.0000
0.5282
0.5282
0.5282
0.5282
0.5282
0.5282
0.5282
0.5282
0.5282
0.5282
0.5282
0.5282
0.0000
0.5282
0.5282
0.5282
0.5282
0.5282
0.5282
0.5282
0.5282
0.5282
0.5282
0.5282
0.5282
0.5282
0.5282
0.5282
0.5282
0.5282
0.5282
0.3300
0.1117
0.1056
0.1056
0.1056
0.1056
0.1056
0.1056
0.1056
0.1056
0.1056
0.1056
0.1056
0.1056
0.1056
0.1056
0.1056
0.1056
0.1056
0.1056
0.1056
0.1056
0.1056
0.1056
0.1056
0.1056
0.1056
0.1056
0.1056
0.1056
0.1056
0.1056
0.1056
0.1056
0.1056
0.1056
0.1056
0.1056
0.1056
0.1056
0.1056
0.1056
0.1056
0.1056
0.1056
0.1056
0.1056
0.1056
0.1056
0.1056
0.1056
0.1056
0.1056
0.1080
0.1141
0.1157
0.1169
0.1165
0.1159
0.1125
0.1056
0.1056
0.1056
0.1056
0.1056
0.1056
0.1056
0.1056
0.1056
0.1056
0.1103
0.1172
0.1294
0.1321
0.1347
0.1356
0.1364
0.1372
0.1379
0.1385
0.1392
0.1401
0.1377
0.1317
0.1302
0.1303
0.1304
0.1306
0.1307
0.1310
0.1312
0.1314
0.1316
0.1320
0.1371
0.1405
0.1313
0.1314
0.1427
0.1433
0.1421
0.1388
0.1384
0.1412
0.1439
0.1418
0.1382
0.1310
0.1316
0.1402
0.1392
0.1382
0.1370
0.1379
0.1374
0.1369
0.1363
0.1358
0.1353
0.1284
0.1181
0.1108
0.1056
0.1056
0.1056
0.1056
0.1056
0.1056
0.1056
0.1056
0.1056
0.1056
0.1056
0.1056
0.1056
0.1056
0.1056
0.1056
0.1056
0.1056
0.1056
0.1056
0.1056
0.1056
0.1056
0.1056
0.1056
0.1056
0.1056
0.1056
0.1056
0.1056
0.1056
0.1056
0.1056
0.1056
0.1056
0.1056
0.1056
0.1056
0.1056
0.1056
0.1056
0.1056
0.1056
0.1056
0.1056
0.1056
0.1056
0.1056
0.1056
0.1056
0.1056
0.1056
0.1056
0.1056
0.1056
0.1056
0.1056
0.5282
0.5282
0.5282
0.5282
0.5282
0.5282
0.5282
0.5282
0.5282
0.5282
0.5282
0.5282
0.0000
0.5282
0.5282
0.5282
0.5282
0.5282
0.5282
0.5282
0.5282
0.5282
0.5282
0.5282
0.1056
0.0000
0.1056
0.1056
0.1056
0.1056
0.1056
0.1056
0.1056
0.1056
0.1056
0.1056
0.1056
0.1056
0.0000
0.1056
0.1056
0.1056
0.1056
0.1056
0.1056
0.1056
0.1056
0.1056
0.1056
0.1056
0.1056
0.0000
0.1056
0.1056
0.1056
0.1056
0.1056
0.1056
0.1056
0.1056
0.1056
0.1056
0.1056
0.1056
0.0000
0.1056
0.1056
0.1056
0.1056
0.1056
0.1056
0.1056
0.1056
0.1056
0.1056
0.1056
0.1056
0.0000
0.1056
0.1056
0.1056
0.1056
0.1056
0.1056
0.1056
0.1056
0.1056
0.1056
0.1056
0.1056
0.0000
0.1056
0.1056
0.1056
0.1056
0.1056
0.1056
0.1056
0.1056
0.1056
0.1056
0.1056
0.1056
0.1129
0.1221
0.1257
0.1290
0.1320
0.3860
0.2682
0.2565
0.2550
0.2578
0.4568
0.4733
0.4800
0.4948
0.5087
0.5181
0.5282
0.5282
0.5282
0.5282
0.5282
0.5282
0.5282
0.5282
0.5282
0.5282
0.5282
0.5282
0.5282
0.5282
0.5282
0.5282
0.5282
0.5282
0.5282
0.5282
0.5282
0.5282
0.5282
0.5282
0.5282
0.5282
0.5282
0.5282
0.5282
0.5282
0.5282
0.5282
0.5282
0.5282
0.5282
0.5282
0.5282
0.5282
0.5282
0.5282
0.5282
0.5282
0.5282
0.5282
0.5282
0.5282
0.5282
0.5282
0.5282
0.5282
0.5282
0.5282
0.5282
0.5282
0.5282
0.5282
0.5282
0.5282
0.5282
0.5282
0.5282
0.5282
0.5282
0.5282
0.5282
0.5282
0.5282
0.5282
0.5282
0.5282
0.5282
0.5282
0.5282
0.5282
0.5282
0.5282
0.5282
0.5282
0.5282
0.5282
0.5282
0.5282
0.5282
0.5282
0.5282
0.5282
0.5282
0.5282
0.5282
0.5282
0.5282
0.5282
0.5282
0.5282
0.5282
0.5282
0.5282
0.5282
0.5282
0.5282
0.5282
0.5282
0.5282
0.5282
0.5282
0.5282
0.5282
0.5282
0.5282
0.5282
0.5282
0.5282
0.5282
0.5282
0.5282
0.5282
0.5282
0.5282
0.5282
0.5282
0.5282
0.5186
0.3121
0.4904
0.4924
0.4863
0.4786
0.4750
0.2681
0.2539
0.2448
0.2371
0.2303
0.2242
0.2171
0.2116
0.2070
0.2032
0.3985
0.4041
0.4032
0.4056
0.4051
0.4008
0.2040
0.1930
0.1873
0.1820
0.1790
0.1758
0.1729
0.1702
0.1680
0.1654
0.3573
0.3656
0.3683
0.3744
0.3724
0.3706
0.3719
0.3719
0.3717
0.3714
0.3710
0.3704
0.3698
0.3691
0.3683
0.0000
0.0000
0.1056
0.1056
0.1056
0.1056
0.1056
0.1056
0.1056
0.1056
0.1056
0.1056
0.1056
0.1056
0.0000
0.1056
0.1056
0.1056
0.1056
0.1056
0.1056
0.1115
0.1154
0.1056
0.1056
0.1056
0.1056
0.0000
0.1056
0.1056
0.1056
0.1056
0.1056
0.1056
0.1056
0.1056
0.1056
0.1056
0.1056
0.1056
0.0000
0.1056
0.1056
0.1056
0.1056
0.1056
0.1056
0.1056
0.1056
0.1056
0.1056
0.1056
0.1056
0.0000
0.1056
0.1056
0.1056
0.1056
0.1056
0.1056
0.1056
0.1056
0.1056
0.1056
0.1056
0.1056
0.0000
0.1056
0.1056
0.1056
0.1056
0.1056
0.1056
0.1056
0.1056
0.1056
0.1056
0.1056
0.1056
0.0000
0.1056
0.1056
0.1056
0.1056
0.1056
0.1056
0.1056
0.1056
0.1056
0.1056
0.1056
0.1056
0.0000
0.1056
0.1056
0.1056
0.1056
0.1056
0.1056
0.1056
0.1056
0.1056
0.1056
0.1056
0.1056
0.1056
0.1056
0.1056
0.3381
0.2283
0.2184
0.2171
0.4148
0.4339
0.4482
0.4535
0.4678
0.4680
0.4767
0.4940
0.5216
0.5282
0.5282
0.5282
0.5282
0.5282
0.5282
0.5282
0.5282
0.5282
0.5282
0.5282
0.5282
0.5282
0.5282
0.5282
0.5282
0.5282
0.5282
0.5282
0.5282
0.5282
0.5282
0.5282
0.5282
0.5282
0.5282
0.5282
0.5282
0.5282
0.5282
0.5282
0.5282
0.5282
0.5282
0.5282
0.5282
0.5282
0.5282
0.5282
0.5282
0.5282
0.5282
0.5282
0.5282
0.5282
0.5282
0.5282
0.5282
0.5282
0.5282
0.5282
0.5282
0.5282
0.5282
0.5282
0.5282
0.5282
0.5282
0.5282
0.5282
0.5282
0.5282
0.5282
0.5282
0.5282
0.5282
0.5282
0.5282
0.5282
0.5282
0.5282
0.5282
0.5282
0.5282
0.5282
0.5282
0.5282
0.5282
0.5282
0.5282
0.5282
0.5282
0.5282
0.5282
0.5282
0.5282
0.5282
0.5282
0.5282
0.5282
0.5282
0.5282
0.5282
0.5282
0.5282
0.5282
0.5282
0.5282
0.5282
0.5282
0.5282
0.5282
0.5282
0.5282
0.5282
0.5282
0.5282
0.5282
0.5282
0.5282
0.5282
0.5282
0.5282
0.5282
0.5220
0.5121
0.5070
0.5033
0.4993
0.5282
0.5282
0.5282
0.5282
0.5282
0.5282
0.5282
0.5282
0.5282
0.5282
0.5282
0.5282
0.5282
0.5282
0.5282
0.5282
0.5282
0.5282
0.5282
0.5282
0.5282
0.5282
0.5282
0.5282
0.5282
0.5282
0.5282
0.5282
0.5282
0.5282
0.5282
0.5282
0.5282
0.5282
0.5282
0.5282
0.5282
0.5282
0.5282
0.5282
0.5282
0.5282
0.5282
0.5282
0.5282
0.5282
0.5282
0.5282
0.5282
0.5282
0.5282
0.5282
0.5282
0.5282
0.5282
0.5282
0.5282
0.5282
0.5282
0.5282
0.0000
0.5282
0.5282
0.5282
0.5282
0.5282
0.5282
0.5282
0.5282
0.5282
0.5282
0.5282
0.5282
0.0000
0.5282
0.5282
0.5282
0.5282
0.5282
0.5282
0.5282
0.5282
0.5282
0.5282
0.5282
0.5282
0.0000
0.5282
0.5282
0.5282
0.5282
0.5282
0.5282
0.5282
0.5282
0.5282
0.5282
0.5282
0.5282
0.0000
0.5282
0.5282
0.5282
0.5282
0.5282
0.5282
0.5282
0.5282
0.5282
0.5282
0.5282
0.5282
0.0000
0.5282
0.5282
0.5282
0.5282
0.5282
0.5282
0.5282
0.5282
0.5282
0.5282
0.5282
0.5282
0.0000
0.5282
0.5282
0.5282
0.5282
0.5282
0.5282
0.5282
0.5282
0.5282
0.5282
0.5282
0.5282
0.0000
0.5282
0.5282
0.5282
0.5282
0.5282
0.5282
0.5282
0.5282
0.5282
0.5282
0.5282
0.5282
0.5282
0.5282
0.5282
0.5282
0.5282
0.5282
0.5282
0.5282
0.5282
0.5282
0.5282
0.5282
0.5282
0.5282
0.5282
0.5282
0.5282
0.5282
0.5282
0.5282
0.5282
0.5282
0.5282
0.5282
0.5282
0.5282
0.5282
0.5282
0.5282
0.5282
0.5282
0.5282
0.5282
0.5282
0.5282
0.5282
0.5282
0.5282
0.5282
0.5282
0.5282
0.5282
0.5282
0.5282
0.5282
0.5282
0.5282
0.5282
0.5282
0.5282
0.5282
0.5282
0.5282
0.5282
0.5282
0.5282
0.5282
0.5282
0.5282
0.5282
0.5282
0.5282
0.5282
0.5282
0.5282
0.5282
0.5282
0.5282
0.5282
0.5282
0.5282
0.5282
0.5282
0.5282
0.5282
0.5282
0.5282
0.5282
0.5282
0.5282
0.5282
0.5282
0.5282
0.5282
0.5282
0.5282
0.5282
0.5282
0.5282
0.5282
0.5282
0.5282
0.5282
0.5282
0.5282
0.5282
0.5282
0.5282
0.5282
0.5282
0.5282
0.5282
0.5282
0.5282
0.5282
0.5282
0.5282
0.5282
0.5282
0.5282
0.5282
0.5282
0.5282
0.5282
0.5282
0.5282
0.5282
0.5282
0.5282
0.5282
0.5282
0.5282
0.5282
0.5282
0.5282
0.5282
0.5282
0.5282
0.5282
0.5282
0.5282
0.5282
0.5282
0.5282
0.5282
0.5282
0.5282
0.0000
0.5282
0.5282
0.5282
0.5282
0.5282
0.5282
0.5282
0.5282
0.5282
0.5282
0.5282
0.5282
0.0000
0.5282
0.5282
0.5282
0.5282
0.5282
0.5282
0.5282
0.5282
0.5282
0.5282
0.5282
0.5282
0.0000
0.5282
0.5282
0.5282
0.5282
0.5282
0.5282
0.5282
0.5282
0.5282
0.5282
0.5282
0.5282
0.0000
0.5282
0.5282
0.5282
0.5282
0.5282
0.5282
0.5282
0.5282
0.5282
0.5282
0.5282
0.5282
0.0000
0.5282
0.5282
0.5282
0.5282
0.5282
0.5282
0.5282
0.5282
0.5282
0.5282
0.5282
0.5282
0.0000
0.5282
0.5282
0.5282
0.5282
0.5282
0.5282
0.5282
0.5282
0.5282
0.5282
0.5282
0.5282
0.0000
0.5282
0.5282
0.5282
0.5282
0.5282
0.5282
0.5282
0.5282
0.5282
0.5282
0.5282
0.5282
0.0000
0.5282
0.5282
0.5282
0.5282
0.5282
0.5282
0.5282
0.5282
0.5282
0.5282
0.5282
0.5282
0.0000
0.5282
0.5282
0.5282
0.5282
0.5282
0.5282
0.5282
0.5282
0.5282
0.5282
0.5282
0.5282
0.0000
0.5282
0.5282
0.5282
0.5282
0.5282
0.5282
0.5282
0.5282
0.5282
0.5282
0.5282
0.5282
0.0000
0.5282
0.5282
0.5282
0.5282
0.5282
0.5282
0.5282
0.5282
0.5282
0.5282
0.5282
0.5282
0.0000
0.5282
0.5282
0.5282
0.5282
0.5282
0.5282
0.5282
0.5282
0.5282
0.5282
0.5282
0.5282
0.0000
0.5282
0.5282
0.5282
0.5282
0.5282
0.5282
0.5282
0.5282
0.5282
0.5282
0.5282
0.5282
0.0000
0.5282
0.5282
0.5282
0.5282
0.5282
0.5282
0.5282
0.5282
0.5282
0.5282
0.5282
0.5282
0.0000
0.5282
0.5282
0.5282
0.5282
0.5282
0.5282
0.5282
0.5282
0.5282
0.5282
0.5282
0.5282
0.0000
0.5282
0.5282
0.5282
0.5282
0.5282
0.5282
0.5282
0.5282
0.5282
0.5282
0.5282
0.5282
0.0000
0.5282
0.5282
0.5282
0.5282
0.5282
0.5282
0.5282
0.5282
0.5282
0.5282
0.5282
0.5282
0.0000
0.5282
0.5282
0.5282
0.5282
0.5282
0.5282
0.5282
0.5282
0.5282
0.5282
0.5282
0.5282
0.0000
0.5282
0.5282
0.5282
0.5282
0.5282
0.5282
0.5282
0.5282
0.5282
0.5282
0.5282
0.5282
0.0000
0.5282
0.5282
0.5282
0.5282
0.5282
0.5282
0.5282
0.5282
0.5282
0.5282
0.5282
0.5282
0.0000
0.5282
0.5282
0.5282
0.5282
0.5282
0.5282
0.5282
0.5282
0.5282
0.5282
0.5282
0.5282
0.0000
0.5282
0.5282
0.5282
0.5282
0.5282
0.5282
0.5282
0.5282
0.5282
0.5282
0.5282
0.5282
0.0000
0.5282
0.5282
0.5282
0.5282
0.5282
0.5282
0.5282
0.5282
0.5282
0.5282
0.5282
0.5282
0.0000
0.5282
0.5282
0.5282
0.5282
0.5282
0.5282
0.5282
0.5282
0.5282
0.5282
0.5282
0.5282
0.0000
0.5282
0.5282
0.5282
0.5282
0.5282
0.5282
0.5282
0.5282
0.5282
0.5282
0.5282
0.5282
0.0000
0.5282
0.5282
0.5282
0.5282
0.5282
0.5282
0.5282
0.5282
0.5282
0.5282
0.5282
0.5282
0.0000
0.5282
0.5282
0.5282
0.5282
0.5282
0.5282
0.5282
0.5282
0.5282
0.5282
0.5282
0.5282
0.0000
0.5282
0.5282
0.5282
0.5282
0.5282
0.5282
0.5282
0.5282
0.5282
0.5282
0.5282
0.5282
0.0000
0.5282
0.5282
0.5282
0.5282
0.5282
0.5282
0.5282
0.5282
0.5282
0.5282
0.5282
0.5282
0.0000
0.5282
0.5282
0.5282
0.5282
0.5282
0.5282
0.5282
0.5282
0.5282
0.5282
0.5282
0.5282
0.0000
0.5282
0.5282
0.5282
0.5282
0.5282
0.5282
0.5282
0.5282
0.5282
0.5282
0.5282
0.5282
0.0000
0.5282
0.5282
0.5282
0.5282
0.5282
0.5282
0.5282
0.5282
0.5282
0.5282
0.5282
0.5282
0.0000
0.5282
0.5282
0.5282
0.1056
0.1056
0.1056
0.1056
0.1056
0.1056
0.1056
0.1056
0.1056
0.0000
0.1056
0.1056
0.1056
0.1056
0.1056
0.1056
0.1056
0.1056
0.1056
0.1056
0.1056
0.1056
0.1056
0.1056
0.2487
0.1707
0.1643
0.1634
0.3592
0.3728
0.3862
0.3955
0.4033
0.4049
0.4165
0.4283
0.4589
0.4678
0.4714
0.4753
0.4783
0.4818
0.4859
0.4894
0.4925
0.4955
0.4900
0.4886
0.4784
0.4803
0.5017
0.5083
0.5111
0.5135
0.5155
0.4904
0.5187
0.5253
0.5273
0.5240
0.5172
0.5146
0.5120
0.5189
0.5282
0.5282
0.5282
0.5154
0.5172
0.5193
0.5219
0.5247
0.5267
0.5241
0.5260
0.5282
0.5280
0.5282
0.5282
0.5282
0.5282
0.5282
0.5282
0.5282
0.5282
0.5282
0.5163
0.5069
0.5050
0.5093
0.5096
0.5102
0.5121
0.5091
0.5120
0.5146
0.5282
0.5282
0.5282
0.5282
0.5282
0.5282
0.5282
0.5282
0.5282
0.5282
0.5282
0.5282
0.5282
0.5282
0.5282
0.5282
0.5282
0.5282
0.5282
0.5282
0.5282
0.5282
0.5282
0.5282
0.5282
0.5282
0.5282
0.5282
0.5282
0.5282
0.5282
0.5282
0.5282
0.5282
0.5282
0.5282
0.5282
0.5282
0.5282
0.5282
0.5282
0.5282
0.5282
0.5282
0.5282
0.5282
0.5282
0.5282
0.5282
0.5282
0.5282
0.5162
0.5010
0.4915
0.4834
0.4753
0.2738
0.4552
0.4583
0.4513
0.4483
0.4480
0.4412
0.4369
0.4311
0.4311
0.2290
0.2141
0.2073
0.2009
0.1955
0.1906
0.1863
0.1818
0.1780
0.1752
0.3656
0.3731
0.3748
0.3778
0.3804
0.3802
0.3762
0.3739
0.1802
0.1701
0.1652
0.1608
0.1583
0.1557
0.1535
0.1518
0.1498
0.3422
0.3497
0.3539
0.3601
0.3621
0.3630
0.3639
0.3636
0.3651
0.3654
0.3656
0.3657
0.3657
0.3657
0.3656
0.0000
0.0000
0.0000
0.1056
0.1056
0.1056
0.1056
0.1056
0.1056
0.1056
0.1056
0.1105
0.1311
0.1334
0.1345
0.0000
0.2318
0.1429
0.1389
0.1390
0.1393
0.1396
0.1056
