287.5286
287.8256
288.1219
288.4174
288.7123
289.0064
289.2998
289.5925
289.8845
290.1758
290.4663
290.7562
291.0454
291.3339
291.6216
291.9086
292.1948
292.4803
292.7650
293.0490
293.3322
293.6146
293.8964
295.5465
295.8231
296.0990
296.3742
296.6486
298.2915
298.5609
300.1987
300.4630
300.7267
300.9896
301.2519
301.5134
301.7743
302.0345
302.2940
302.5528
302.8109
303.0683
303.3251
303.5812
303.8366
304.0914
304.3454
304.5988
304.8516
305.1036
305.3550
305.6058
305.8559
306.1053
306.3540
306.6022
306.8496
307.0964
307.3426
307.5881
309.2021
309.4427
287.7238
267.8777
249.7391
233.1583
217.9996
204.1393
191.4650
179.8740
169.2730
159.5767
150.7068
142.5923
147.7020
152.5344
157.2998
162.0173
166.8671
171.6836
176.4579
181.1856
185.8646
190.4942
195.0425
199.5399
211.2570
221.1935
230.1243
238.2301
247.1120
257.2172
260.7195
269.9047
274.3757
282.7200
284.8090
295.0893
295.0196
296.3473
300.5702
302.1330
303.8172
305.6006
307.4710
311.9744
313.7191
315.5016
318.6464
320.1900
323.0948
324.9759
326.6508
326.7630
327.0077
327.0907
327.3743
327.7992
329.2024
330.7816
332.4679
334.1952
335.9223
337.7639
341.3211
343.1520
346.0628
347.3071
348.3041
349.0852
349.6863
350.0649
350.2923
350.3622
351.6236
351.3995
351.0299
350.5424
349.9587
349.4483
349.3480
349.1274
348.8292
348.4628
348.0498
347.6630
347.2639
348.1982
347.7445
347.3543
347.0430
346.8079
346.1140
345.3891
344.7459
346.7814
346.0082
348.0276
349.7941
351.3166
352.5284
350.8755
349.1939
347.5050
345.8074
344.1391
342.4620
340.8034
338.2562
336.0479
334.0683
333.2102
331.2683
329.6057
328.1746
326.9455
325.9045
325.0665
325.3364
325.7177
326.1948
326.7514
327.3929
328.0536
330.0760
330.7377
332.6462
333.0549
333.7056
334.4881
335.3695
337.5310
338.3156
339.1961
340.1378
345.3026
347.4346
350.7493
352.6051
354.3132
354.6626
354.9040
355.1697
359.3362
359.2773
361.6558
364.8987
374.0637
375.8355
377.3758
378.7048
379.8273
380.7158
380.3506
380.7393
381.3426
381.3858
380.6685
379.9754
377.5522
376.3260
373.5581
371.1580
368.7037
366.2395
364.9500
361.7863
358.8054
355.8718
352.9516
350.0570
345.2334
340.6738
336.3289
332.1870
328.3334
324.7682
321.6294
318.9209
316.2882
318.3502
316.0241
313.8331
312.0729
310.5476
309.1637
308.0669
307.2541
306.6072
305.9721
305.3828
306.8521
306.0117
305.1383
304.2867
300.3137
296.7924
292.2718
288.3274
284.7184
281.3893
278.3063
275.4436
272.7792
270.2938
267.9704
269.6859
270.0280
270.3695
270.7102
271.0501
271.3892
271.7276
272.0651
272.4019
272.7378
273.0729
273.4072
275.1098
276.8080
277.1325
277.4563
277.7792
278.1013
278.4225
278.7430
279.0626
279.3814
279.6993
280.0165
280.3329
280.6483
280.9630
281.2767
281.5897
281.9018
263.8855
246.1081
229.8562
214.9964
201.4077
188.9800
177.6111
167.2101
157.6941
148.9873
141.0205
133.7306
134.4283
135.1244
135.8187
128.9634
122.6916
116.9532
111.7029
108.2108
103.7037
99.5796
95.8058
92.3525
90.5042
87.5009
84.7526
85.5770
82.9911
80.6248
78.4592
76.4772
74.6632
73.0030
71.4835
70.0927
68.8197
67.6546
66.5882
65.6122
66.4855
65.5174
64.6316
63.8212
63.0797
62.4013
61.7806
61.2127
60.6931
60.2177
59.7827
59.3848
59.0207
59.9122
65.6338
65.2821
65.0323
64.8688
64.7718
64.7360
64.7514
64.8137
64.9142
65.0503
66.0532
67.2839
104.9233
138.1858
164.9581
188.2904
210.5022
231.6883
251.8880
271.1663
289.5898
307.2133
324.0835
340.2422
346.0305
351.7311
356.5988
360.9964
371.5978
378.7145
385.2417
399.7279
406.6131
413.1425
412.8299
419.3953
414.3069
410.3004
406.8161
405.1067
402.4516
401.4489
399.3466
397.5706
396.0691
394.8578
393.8512
394.1749
393.1024
393.1671
391.8886
389.4372
387.2315
385.2588
383.5418
382.0355
380.6951
379.5012
378.4504
377.5729
376.8123
377.2340
377.1779
378.0454
377.6631
377.1145
376.4479
374.7528
373.2556
371.9230
370.7319
369.6719
368.7422
368.1052
367.5042
366.9292
366.4090
365.9460
365.5028
365.0674
364.6798
364.3250
364.5118
364.5533
364.5028
364.4117
364.2866
368.0837
367.6136
367.1916
366.8023
366.4337
366.0755
367.0204
366.5144
365.9786
371.4520
371.0814
373.0558
372.0219
373.4802
371.9902
370.4374
368.8459
366.9385
364.9913
363.0701
361.1797
359.3259
358.8774
357.0794
355.3615
353.7213
352.1544
350.6545
349.2148
347.3525
346.1515
345.1660
344.3814
343.7796
343.3411
343.3855
343.0105
344.0631
343.7929
343.6663
343.7106
343.8827
344.1394
344.4513
344.8128
345.2410
347.1767
347.6509
348.1150
351.2122
352.8065
353.0173
353.2566
353.5129
353.7993
354.0712
354.3257
356.9541
359.2662
365.3053
369.2712
375.4687
375.8614
376.1723
376.4114
376.5948
378.0449
378.0551
378.0565
378.0267
377.2835
377.2385
377.1726
377.1169
377.0653
376.9995
376.2784
375.6258
375.0248
374.4778
373.9733
373.5060
373.0312
372.5941
372.1904
371.8175
371.6545
371.7763
371.9285
372.1027
372.2869
375.4620
375.8064
376.2222
376.7508
377.0070
377.4417
378.0241
378.7300
379.5481
380.4646
381.4497
383.7118
384.4942
385.4947
386.4344
387.1351
387.7781
388.3666
387.9404
387.5515
387.1986
386.8822
386.6147
386.3886
386.1923
386.0225
386.0591
387.4649
387.4978
387.5306
387.5634
359.1686
333.2122
309.4823
287.7859
267.9473
249.8061
233.2161
219.3550
205.3667
192.5727
180.8706
170.1667
170.7689
160.9229
151.9174
143.6799
136.1447
129.2515
124.2571
118.3759
114.3073
109.2735
104.6681
100.4544
96.5991
97.3924
93.7961
90.5058
87.4955
84.7411
82.2208
79.9149
77.8052
75.8750
74.1089
72.4930
71.0145
69.6616
70.5243
69.2128
68.0129
66.9151
65.9105
64.9915
64.1506
63.3812
62.6773
62.0332
61.4439
60.9047
60.4114
61.2984
60.7715
60.2896
59.8486
59.4453
59.0762
58.7386
58.4297
58.1472
57.8887
57.6522
57.4359
57.2381
58.1341
57.8770
57.6418
57.4267
57.2299
57.0499
56.8852
56.7345
56.5967
56.4707
56.3554
56.2499
56.1535
57.0529
56.8883
85.7971
88.9301
90.2174
91.2333
92.0375
92.6719
93.1666
93.5454
93.8277
94.0283
95.0980
95.8952
138.9402
178.3585
214.8443
246.3262
271.8557
295.8801
318.6421
340.2693
360.8520
380.4627
399.1641
417.0064
421.1652
424.4036
427.2259
429.5781
432.6151
439.2264
442.5468
450.1124
455.9437
460.1450
460.2476
464.5356
461.6543
458.3343
452.8090
449.2118
447.1096
444.9818
442.8384
439.3610
435.9985
432.7320
428.4807
425.7737
423.2914
419.8652
416.5147
413.2740
410.1451
407.1268
404.2053
402.6907
399.8451
397.0931
394.4294
391.8509
389.3631
385.9907
382.9056
380.1032
378.6397
377.1640
375.6943
374.2369
372.8020
371.4042
370.0356
368.6957
367.3833
366.1266
364.8990
363.6945
362.5133
361.3553
360.2074
359.0730
357.9513
356.8430
355.7489
354.6744
353.6409
352.7168
351.9179
355.1608
354.2533
353.4913
352.8485
352.3183
355.7945
356.3591
355.5576
360.0806
360.3143
363.0856
361.5719
361.3708
361.0498
359.3099
357.5857
357.2168
355.4604
353.7555
352.1058
350.5098
348.9645
347.3299
345.4933
343.8106
342.3018
341.4276
340.6942
340.1134
339.6824
339.3835
339.2194
339.1400
339.1199
339.2582
339.3114
339.2897
339.2006
339.0630
338.7682
338.5380
338.3888
338.3001
338.2319
338.1785
338.1389
338.2191
339.5995
342.1408
343.1161
343.9768
343.5149
343.1143
342.7370
342.3668
342.0515
341.7424
344.5249
352.3173
352.9843
356.2746
357.9603
358.1908
359.7015
359.2730
360.1515
360.0931
360.0396
359.9945
359.9335
359.3212
358.7045
360.7083
360.4022
360.1158
359.8627
359.0583
358.2912
357.5606
356.8801
356.2526
355.6865
355.1147
354.5894
354.1061
354.0290
354.0553
354.0966
354.1660
354.2589
354.3708
354.9108
355.0353
355.2698
355.6285
356.1200
356.7622
357.5391
358.4272
359.4058
360.4573
361.6538
363.0061
364.3251
365.5737
366.7036
367.5888
367.4435
367.3132
367.2021
367.1136
367.0480
367.0046
366.9817
366.9775
366.9902
367.0181
368.4736
368.5563
368.6388
368.7211
368.8033
341.9845
317.4707
295.0616
274.5745
255.8431
238.7159
223.0545
208.7327
195.6354
183.6572
172.7022
162.6826
163.3038
154.0831
145.6502
137.9373
133.5054
126.8287
120.7214
115.1348
110.0250
105.3510
102.3871
98.3643
94.6842
95.4824
92.0469
88.9043
86.0294
83.3994
80.9932
78.7918
76.7777
74.9350
73.2491
71.7066
70.2953
69.0040
69.8690
68.6138
67.4654
66.4147
65.4534
64.5740
63.7694
63.0333
62.3600
61.7439
62.4922
61.8651
61.2915
62.1777
61.5776
61.0286
60.5265
60.0671
59.6469
59.2626
58.9109
58.5893
58.2951
58.0260
57.7799
57.5548
58.4520
58.1699
57.9120
57.6761
57.4603
57.2631
57.0827
56.9177
56.7669
56.6290
56.5030
56.3878
56.2825
57.1846
57.0119
83.7910
85.5686
86.8240
87.8238
88.6227
89.2597
89.7644
90.1602
90.4651
90.6943
91.5483
92.3563
132.4385
169.0196
201.9823
230.0186
254.0802
277.0390
298.9869
319.9795
340.0621
359.2762
377.6662
395.2451
398.5142
401.3121
403.4200
407.8852
413.3087
414.3381
419.1728
421.6966
425.4461
434.3363
436.2525
439.5530
437.9242
435.6995
431.1611
427.1160
423.5177
420.3278
418.8417
417.3275
415.6682
413.9511
411.1575
409.6100
407.9472
405.2360
401.5291
398.1169
395.0401
392.2645
389.7593
388.5760
387.5595
386.7227
386.0108
385.3969
384.8696
384.7585
384.1969
383.4568
382.5920
381.6261
380.5877
379.4936
378.3546
377.1715
375.9570
374.7225
373.4647
372.1938
370.9072
369.6091
368.2995
366.9867
365.6740
364.8161
363.9481
363.0751
362.1998
362.6449
366.9719
365.7076
364.6125
363.6432
362.8158
362.1192
361.5291
361.0406
361.9294
361.4323
363.5766
366.8562
368.5871
370.1329
372.7520
372.3619
370.4747
368.3223
366.1689
364.0574
361.9991
359.9901
358.0360
356.1364
354.2911
352.4057
350.3475
348.4483
347.1753
346.0583
345.1023
344.2947
343.6051
343.0170
342.5202
342.1130
341.8110
342.8868
342.7303
342.5028
342.2176
343.1164
342.5380
342.0684
341.6742
341.3343
341.0873
340.9130
340.7939
342.1456
343.3741
344.5562
346.9701
347.9103
348.7921
348.3468
347.9533
347.5713
347.2025
346.8745
348.3101
349.6124
350.8331
351.9585
354.3234
355.1680
355.9215
356.0134
356.6202
357.1695
357.6743
358.1178
357.9208
358.2646
358.5783
358.8656
359.1258
359.3613
358.9276
358.5104
358.1255
357.7685
357.4364
357.1263
356.8363
356.5151
356.2184
355.9518
355.7108
355.7515
355.9904
356.2420
356.4985
356.7562
357.4259
358.1472
358.9448
359.8459
360.8143
361.4802
362.2876
363.1990
364.1944
365.2040
366.2191
368.5192
369.3418
370.0966
370.7688
371.5058
371.2417
371.0070
370.8014
370.6273
370.4826
370.3650
370.2722
370.2019
370.1518
370.1199
370.1985
370.2769
370.3552
370.4334
370.5114
343.5527
318.9110
296.3848
275.7906
256.9612
239.7442
225.3116
210.8023
197.5334
185.3983
174.2997
164.1485
164.7682
155.4272
146.8841
139.0702
131.9229
125.3851
120.7161
115.1335
110.0274
105.3567
101.0841
97.1755
93.5998
94.4031
91.0627
88.0069
85.2113
82.6537
80.3138
78.1727
76.2136
74.4208
72.7803
71.2792
69.9055
68.6485
69.5163
68.2917
67.1712
66.1458
65.2076
64.3492
63.5639
62.8454
62.1880
61.5866
61.0363
60.5328
60.0722
60.9623
60.4651
60.0102
59.5941
59.2133
58.8650
58.5462
58.2546
57.9878
57.7436
57.5202
57.3158
57.1288
58.0266
57.7791
57.5526
57.3455
57.1560
56.9826
56.8240
56.6789
56.5461
56.4247
56.3136
56.2120
56.1190
57.0196
56.8580
83.4882
89.2664
91.0745
92.5717
93.8185
94.8610
95.7348
96.4677
97.0823
97.5937
101.1748
101.9559
140.3799
176.3184
209.9527
241.3697
269.8164
293.7821
315.8804
336.6461
356.1952
374.6357
392.0574
408.5385
408.5241
408.6522
408.6796
408.6166
408.4761
408.2697
408.0083
407.7012
407.3566
406.9815
406.5820
406.1559
405.7201
405.2615
404.8045
404.3512
403.9035
403.4625
403.0288
402.6029
402.1855
401.7773
401.3785
400.9931
400.6207
400.2830
399.9565
399.6589
399.3804
399.1171
398.8668
398.6283
398.4071
398.1962
397.9924
397.7944
397.5995
397.3933
397.1904
396.9901
396.7975
396.6094
396.4191
396.2312
396.0418
395.8492
395.6532
395.4539
395.2473
395.0709
394.8941
394.7090
394.5138
394.3088
394.0978
393.8828
393.6526
393.4287
393.2066
392.9819
392.7378
392.4586
392.1789
391.8997
391.6220
391.3584
391.0996
390.8429
390.5888
390.3383
390.0922
389.8510
389.6162
389.3824
389.1650
388.9556
388.7528
388.5558
388.3675
388.1890
388.0202
387.8608
387.7123
387.5850
387.4662
387.3192
387.1807
387.0495
386.9251
386.8066
386.6867
386.5624
386.4327
386.2999
386.1694
386.0318
385.8869
385.7169
385.5392
385.3525
385.1569
384.9524
384.7495
384.5514
384.3583
384.1701
383.9926
383.8261
383.6637
383.5130
383.3642
383.2168
383.0706
382.9253
382.7716
382.6063
382.4294
382.2405
382.0402
381.8391
385.2766
388.6676
392.0116
395.3088
398.6076
401.8794
405.1052
408.2842
411.4164
414.5021
417.5418
420.5360
420.4822
389.0785
360.3944
334.1906
310.2498
288.3743
268.3841
250.1152
233.4181
218.1565
204.2061
191.4535
179.7943
180.3706
169.6614
159.8716
150.9215
142.7384
135.2561
128.4142
122.1577
116.4362
111.2038
106.4187
102.0422
98.0393
98.8294
95.0998
91.6887
88.5689
85.7152
83.1050
80.7174
78.5333
76.5354
74.7078
73.0362
71.5071
70.1086
70.9707
69.6178
68.3805
67.2487
66.2135
65.2665
64.4003
63.6080
62.8832
62.2201
61.6134
61.0582
60.5503
61.4370
60.8966
60.4023
59.9500
59.5362
59.1576
58.8111
58.4941
58.2041
57.9387
57.6959
57.4738
57.2705
58.1655
57.9034
57.6635
57.4441
57.2434
57.0597
56.8917
56.7378
56.5970
56.4680
56.3499
56.2418
56.1428
57.0405
56.8733
56.7203
56.5802
56.4519
56.3344
56.2270
56.1287
56.0387
55.9565
55.8812
55.8123
55.7493
56.6481
56.5139
56.3912
56.2789
56.1762
56.0823
55.9965
55.9179
55.8462
55.7805
55.7205
55.6657
55.6155
56.5150
56.3927
56.2808
56.1785
56.0850
55.9995
55.9213
55.8499
55.7846
55.7249
55.6704
55.6206
55.5751
56.4755
56.3573
56.2493
56.1506
56.0603
55.9777
55.9022
55.8332
55.7700
55.7124
55.6596
55.6114
55.5674
56.4684
56.3515
56.2444
56.1462
56.0563
55.9738
55.8982
55.8289
55.7653
55.7070
55.6535
55.6043
55.5592
56.4585
57.1276
56.9524
56.7920
56.6451
56.5106
56.3875
56.2747
56.1715
56.0769
55.9903
55.9109
55.8383
56.7364
57.0344
56.8655
56.7108
56.5691
56.4394
56.3206
56.2117
56.1119
56.0205
55.9368
55.8600
55.7896
56.6862
57.3117
57.1170
56.9388
56.7755
56.6261
56.4892
56.3638
56.2489
56.1437
56.0473
55.9589
55.8778
56.7723
57.7446
57.5106
57.2964
57.1003
56.9207
56.7563
56.6057
56.4677
56.3413
56.2256
56.1195
56.0223
56.9144
61.1857
60.6559
60.1711
59.8543
59.6659
59.6085
59.6591
59.8020
60.0108
60.5513
61.1127
61.6924
62.5692
73.5105
73.2705
73.0973
72.9917
72.9404
72.9647
73.0356
73.1422
73.2790
73.4407
73.6856
73.9746
74.8205
88.1646
87.3879
86.6867
86.0378
85.4368
84.8764
84.3442
84.2489
84.1249
83.9730
83.7904
83.5753
84.3972
97.0557
95.7190
94.4746
93.3492
92.3330
91.3980
90.1050
88.9215
87.8360
86.8416
85.9315
85.0995
85.9184
96.9504
95.2398
93.6672
92.2201
90.8910
89.3934
88.0275
86.7811
85.6454
84.6166
83.6601
82.7621
83.5876
93.3671
91.6065
89.9430
88.3661
86.8683
85.4411
84.0755
82.7613
81.4914
80.2683
79.0892
77.9521
78.7909
84.8670
83.1088
81.4240
79.8007
78.2234
76.6866
75.1850
73.7138
72.2740
70.8640
69.5109
68.2735
69.1392
70.4017
69.0887
67.8882
66.7907
65.7872
64.8696
64.0307
63.2636
62.5623
61.9211
61.3348
60.7989
61.6855
61.1200
60.6032
60.1308
59.6990
59.3044
58.9439
58.6143
58.3132
58.0381
57.7868
57.5572
57.3475
58.2453
57.9770
57.7317
57.5073
57.3021
57.1145
56.9430
56.7861
56.6426
56.5115
56.3916
56.2819
56.1817
57.0830
56.9145
56.7605
56.6196
56.4908
56.3730
56.2653
56.1668
56.0767
55.9943
55.9190
55.8502
55.7873
56.6900
56.5557
56.4329
56.3206
56.2179
56.1241
56.0383
55.9598
55.8881
55.8226
55.7628
55.7081
55.6581
56.5618
56.4393
56.3273
56.2249
56.1313
56.0458
55.9676
55.8961
55.8308
55.7712
55.7167
55.6668
55.6213
56.5259
56.4074
57.6107
57.3999
57.2072
57.0309
56.8697
56.7223
57.4675
58.1320
58.7660
59.3710
59.9480
60.8421
62.2996
62.7149
63.0634
63.3938
63.7101
64.0134
64.3035
64.5788
66.1511
66.2841
66.4123
66.5354
67.4129
68.5411
68.5327
68.4713
68.4097
68.5009
68.6647
68.8471
69.0396
69.2372
69.4363
69.6341
69.7777
70.6474
71.4929
71.1990
70.8741
70.5693
70.2855
70.0217
69.7761
69.5469
69.3325
69.1310
68.9411
68.7614
69.6345
70.5187
70.2314
69.9350
106.5897
112.4885
116.9224
120.6176
123.7476
126.4212
128.7170
130.6968
132.4104
133.1134
152.9847
158.0407
218.5847
275.5264
326.7367
367.1261
405.0694
440.8379
474.5781
506.4327
536.5195
564.9601
591.8609
617.3188
617.6450
617.2721
615.6000
613.6054
616.6844
619.2545
622.6500
622.9166
623.6594
624.2646
620.8508
621.6921
613.4836
602.5491
592.4647
584.4862
577.2224
569.2225
561.8441
555.0746
548.7995
543.0163
539.1486
536.4348
532.1121
527.6215
523.1531
518.7765
513.1816
507.9217
503.0045
498.4408
494.1921
490.2223
486.5113
483.0744
479.8849
476.9175
474.0783
472.4000
470.4099
468.1826
465.7896
462.4022
459.2448
456.3286
453.6123
451.0742
448.6961
446.6619
444.7152
442.8331
441.0138
439.3013
438.1269
436.7487
435.2080
433.5229
431.7220
429.8635
429.3009
427.3361
425.4600
423.6393
421.8954
420.2242
419.9239
419.5643
417.8169
418.7281
418.1080
416.0853
424.6497
423.1129
421.4771
419.7615
416.6631
413.5946
410.5730
407.6078
406.0311
403.0977
400.2433
397.4621
394.7694
393.3197
390.2693
387.4499
384.8950
382.5741
380.4403
378.4725
376.6586
375.0042
373.5158
372.1614
370.9280
370.0989
369.1943
369.2129
368.2575
366.8658
365.6305
364.6133
363.8208
363.2082
362.7487
362.4259
362.2083
366.1883
369.8785
370.6644
370.0876
369.6223
371.9009
371.4203
371.0171
372.0162
374.2984
373.8080
375.4581
382.4937
383.6619
384.7737
387.0884
387.8360
388.4844
390.3333
390.6292
390.8535
391.0444
391.2061
392.6547
392.6312
392.5719
392.4543
392.3157
392.1574
392.0133
391.8540
391.6541
391.4204
391.1586
390.8778
390.5804
390.2393
389.8876
389.5298
389.1975
388.8875
388.6263
388.4064
388.2214
388.0662
389.2556
389.2935
389.3870
390.8664
390.9720
391.1637
391.4544
391.8401
392.3077
392.8453
393.4105
393.9990
394.5959
395.1349
395.6466
397.3231
397.5501
397.7664
397.9724
397.4929
397.0479
396.6388
396.2654
395.9244
395.6127
395.3274
366.5430
341.5375
317.3710
295.2881
275.1130
256.6839
239.8514
224.4884
210.6425
198.0285
186.5332
176.0571
176.6455
166.2735
156.7888
148.1148
140.1821
132.9270
126.2914
120.2223
114.6713
110.9055
106.1495
101.7993
130.6413
131.3484
156.6361
179.0528
198.9547
216.6113
232.2618
246.1181
258.3687
269.1818
278.7073
287.0792
294.4172
300.8289
301.0889
306.5694
311.3163
315.4076
318.9131
321.8951
324.4094
326.5062
328.2305
330.9345
331.8986
332.5925
333.0481
333.2238
333.3813
333.3861
333.2562
332.9942
332.6047
332.1072
331.5186
330.8536
330.1250
329.3440
328.5204
327.6628
327.8526
326.9194
325.9836
325.0472
324.1119
323.1929
322.2881
321.3963
320.5165
319.6480
318.7905
317.9439
317.1081
317.3257
316.4589
315.6065
314.7686
313.9455
313.1372
312.3438
311.5653
310.8018
310.0533
309.3198
308.6014
307.8981
308.1394
307.4139
306.7058
306.0151
305.3418
304.6854
316.5161
327.7690
338.4424
348.5689
358.1793
367.3023
375.9651
384.1931
392.0103
399.4393
406.5012
413.2161
403.5648
394.4898
385.7137
376.1662
360.2890
343.0227
322.8614
308.3302
291.0852
273.9885
255.7146
242.9234
227.8255
213.9940
201.3227
188.4018
176.5648
167.0333
156.9887
147.7863
139.3554
131.6313
124.5547
118.0713
112.1315
106.6892
101.7029
97.1346
92.9492
89.1147
85.6018
82.3836
79.4353
76.7343
74.2599
71.9932
69.9167
68.0144
66.2717
65.9878
65.7274
64.1764
62.7555
61.4540
60.2618
59.1696
58.1692
57.2528
56.4134
55.6444
54.9400
55.6071
54.9056
54.2631
53.6746
53.1356
52.6419
52.1898
54.4005
53.8002
53.2505
54.0591
53.4871
52.9631
52.4832
52.0437
51.6411
51.2725
53.5593
54.3407
57.6803
63.3618
63.3144
67.2074
65.5229
63.9807
62.5689
61.2765
60.0932
59.0100
58.0183
57.1105
56.2794
55.5185
54.8219
55.4967
54.8026
54.1673
53.5858
53.0535
52.5662
52.1200
51.7116
51.3377
50.9953
50.6819
50.3949
50.1321
49.8915
52.2959
51.8730
51.4857
51.1311
50.8064
50.5091
50.2369
51.2999
50.9611
50.6508
51.6789
51.3080
50.9683
53.2818
54.0878
54.8259
54.1894
53.6065
54.3850
53.7856
53.2367
55.3668
56.0150
56.6166
57.1761
61.6333
61.7857
61.9330
62.0756
62.2141
63.6595
63.6771
63.7013
63.7314
65.0796
65.0211
64.9939
65.0009
65.0419
65.1085
65.1956
65.3012
65.4235
65.5614
65.7139
65.8800
66.0641
66.2602
66.4655
66.6799
66.9021
67.1316
67.3684
67.6120
67.8618
68.1171
68.3785
68.6401
68.9044
70.4837
70.6418
70.8111
70.9911
71.1806
71.3782
71.5818
71.7905
72.0036
72.2181
72.4343
72.6510
74.1808
74.2881
74.4044
74.5286
74.6592
74.7959
74.9385
75.0865
75.2396
75.3971
131.4015
180.5484
223.6115
261.2527
294.0778
322.6231
347.3641
368.7235
387.0770
402.7591
416.0677
427.2685
427.1970
436.2477
445.0071
450.9220
455.6088
459.2074
461.8433
463.6287
464.6643
465.0402
466.1488
467.9213
466.3796
466.2055
464.0785
461.6521
460.2834
457.2777
454.1454
450.9088
447.5885
444.2029
440.7685
437.3003
433.8118
430.3148
430.2353
426.6287
423.0482
419.5005
415.9913
412.5257
409.1080
405.7419
402.4304
399.1762
395.9814
392.8478
389.7559
391.1519
387.8381
385.9203
382.6627
379.4915
376.4077
373.4116
370.5029
367.6808
364.9442
362.2916
359.7214
357.2317
357.3442
354.8528
352.4756
350.2019
348.0229
345.9306
343.9185
341.9806
340.1118
338.3078
336.5646
334.8786
333.2469
333.4226
331.7832
330.1986
328.6662
327.1835
325.7483
324.3586
323.0122
321.7075
320.4428
319.2166
318.0275
316.8742
317.0924
315.9212
314.7879
313.6912
312.6297
311.6021
323.4480
336.0318
346.6266
356.6719
366.1980
375.2333
383.8046
391.9370
399.6545
406.9793
413.9467
420.5771
410.5465
400.8389
391.6359
375.4200
353.8595
330.4244
312.5540
296.1923
281.2182
266.2031
248.5288
237.6074
224.2844
210.7648
197.0655
184.5135
173.0125
162.4745
154.1312
145.1740
136.9668
130.7594
123.7592
117.3455
111.4691
106.0847
101.1511
96.6308
92.4892
88.6948
85.2184
82.0334
79.1155
76.4422
73.9932
71.7496
69.6942
67.8111
67.3986
65.7079
64.1592
64.0529
62.6429
61.3513
60.1681
59.0843
58.0915
57.1820
56.3490
55.5857
54.8865
54.2459
53.6591
53.1216
52.6293
52.1783
51.7652
51.3868
51.0402
50.7228
50.4320
50.1655
49.9214
51.0100
50.6944
50.4053
51.4528
51.0995
50.7759
50.4795
52.8325
53.6744
55.7573
56.3520
63.4572
62.0890
60.8364
59.6896
58.6397
57.6785
56.7984
55.9927
55.2550
54.5796
55.2735
54.5969
53.9778
53.4112
52.8926
52.4178
51.9833
51.5856
51.2214
50.8881
50.5830
50.3036
50.0479
49.8139
49.5996
52.0281
51.6275
51.2606
50.9248
50.6173
50.3358
51.3904
51.0439
50.7267
50.4362
51.4826
51.1284
50.8041
53.1317
52.6386
54.8117
54.1769
53.5957
55.6881
54.9796
54.3308
60.2426
60.4176
65.8377
65.5619
65.3189
65.1054
64.9185
67.3809
67.0183
66.6933
66.4034
66.1465
65.9190
67.0309
66.7454
66.4916
66.2740
66.1082
65.9830
65.8917
65.8313
65.7993
65.7933
65.8112
65.8502
65.9091
65.9856
66.0781
66.1858
66.3073
66.4422
66.5895
66.7480
66.9169
67.0953
67.2825
67.4755
67.6744
67.8785
68.0974
68.3303
68.5767
68.8353
69.1049
69.3835
69.6713
71.2796
71.4720
72.9907
73.0977
74.5355
74.5661
74.6183
74.6908
74.7822
74.8912
75.0162
75.1561
75.3091
75.4742
131.7302
181.0231
224.1488
261.8063
294.6117
323.1100
347.7840
369.0621
387.3248
402.9107
416.1205
427.2226
427.1508
436.1245
443.5163
449.5056
454.2523
457.8991
460.5737
462.3902
463.4507
463.8467
463.6599
464.2667
429.3633
429.2860
429.2089
429.1319
429.0551
397.0643
367.8241
341.0953
316.6603
294.3207
273.8954
255.2194
238.1405
222.5216
208.2373
195.1732
183.2247
183.7936
172.8123
162.7694
153.5842
145.1830
137.4988
130.4702
124.0418
119.4738
113.9845
110.2752
105.5712
101.2687
103.4215
99.3017
95.5339
92.0879
88.9362
86.0535
83.4168
81.0052
78.7993
76.7817
74.9362
73.2482
71.7042
72.5670
71.0810
71.0336
69.6788
68.4398
67.3065
66.2700
65.3221
64.4551
63.6622
62.9371
62.2739
61.6675
62.5587
61.9282
61.3516
60.8245
89.0551
99.6497
101.6316
103.2936
104.7081
105.9041
106.9146
107.7648
108.4788
109.2439
129.1759
128.7309
170.1511
208.3022
244.0749
275.8612
304.0157
330.8125
356.4075
380.7867
403.9932
426.0855
447.1234
467.1615
468.0123
468.5980
468.5354
468.2352
467.9471
472.8453
473.3509
475.7763
479.4971
487.0241
485.0520
484.8175
481.8959
477.1626
472.8511
467.6809
462.9991
458.7932
454.9772
451.5352
448.3836
445.4518
443.7425
441.0137
439.3391
436.5073
433.6655
429.9563
426.5407
423.3854
420.4657
417.7663
415.3199
413.0777
411.0026
409.0781
407.3061
405.7333
404.2580
402.8597
401.5330
400.3084
399.1978
398.1667
397.8033
397.2744
396.6031
395.8341
394.9542
393.9789
392.9209
391.7898
390.5949
389.3446
388.0417
386.6941
385.3170
383.9157
382.4951
385.0165
384.6136
386.8403
384.9171
383.1571
381.5599
380.0919
380.0617
378.7241
378.7890
378.8082
378.7553
385.1721
385.7616
383.5585
382.7078
382.1353
380.5181
380.2091
378.4660
376.3385
374.0873
371.7486
369.4773
367.2610
365.1041
363.0440
361.0568
359.1400
357.2909
355.5064
353.7914
353.4585
351.9336
350.3951
349.0245
347.8408
346.8164
346.1630
345.4915
347.1292
346.3322
345.3711
344.4877
343.7507
343.1935
342.8081
342.5266
342.3176
342.1651
344.7904
345.9216
345.6945
346.7973
347.7961
347.4047
347.0785
346.7631
346.4514
346.1498
349.8627
354.9895
359.7230
360.1604
361.9328
362.2689
362.5547
362.3199
362.5209
362.7065
362.8822
363.0469
363.1840
363.2837
363.3318
363.3472
363.3473
363.3303
363.2805
363.2169
362.6021
361.9967
361.4006
360.8181
360.2510
359.7102
359.1490
358.6318
358.1587
358.1340
358.1783
358.2452
358.3288
358.4247
358.5294
359.0504
359.5780
360.1660
360.4282
360.8767
361.4837
362.2199
363.0617
363.9890
364.9848
366.0344
367.0969
368.1083
369.0980
370.1649
369.9843
369.8196
369.6729
369.5479
369.4447
369.3625
369.2999
369.2547
369.2250
369.2089
369.2050
369.2857
369.3663
369.4468
369.5271
369.6073
342.7010
318.1112
295.6358
275.0909
256.3093
239.1383
223.4387
210.3924
197.1496
185.0381
173.9608
163.8290
164.4484
155.1243
146.5967
138.7971
132.9744
126.3370
120.2656
114.7125
109.6338
104.9888
102.0518
98.0539
94.3970
95.1975
91.7834
88.6606
85.8042
83.1913
80.8011
78.6143
76.6135
74.7831
73.1083
71.5760
70.1740
68.8913
69.7583
68.5105
67.3689
66.3245
65.3689
64.4949
65.0070
64.1639
63.3927
62.6873
62.0419
62.7633
62.1117
62.9969
62.3254
61.7111
61.1492
60.6352
60.1650
59.7349
59.3415
58.9815
58.6523
58.3511
58.0755
57.8235
58.7203
58.4134
59.4444
59.0760
58.7390
58.4308
58.1489
57.8910
57.6552
57.4395
57.2422
57.0618
56.8968
57.7968
57.5694
84.5320
88.1007
89.7413
91.0926
92.2208
93.1699
93.9727
94.6548
95.2367
95.7336
96.5611
97.3542
137.7882
174.5685
208.1103
238.5792
263.6611
287.5687
310.3424
332.0274
352.6772
372.3431
391.0738
408.9161
411.2284
413.3482
415.1713
416.3417
421.3101
428.4682
428.4014
438.8612
437.4541
440.2805
441.8026
442.1831
440.4041
435.4201
430.9534
426.9946
424.7712
421.4568
418.4743
416.8077
415.0361
413.2125
411.3214
409.3635
406.4832
403.6513
400.0075
396.6585
393.5977
390.8360
388.3645
386.1349
384.1197
382.3020
380.7069
379.2940
378.9851
378.7019
378.4262
378.7128
378.7652
378.6315
378.3546
377.4356
376.5897
375.8075
375.0844
374.4222
373.8425
373.6949
373.4198
373.0312
372.5383
371.9547
372.6012
372.1342
371.5802
370.9523
370.2579
370.8456
371.3186
370.4057
369.5825
368.8289
368.1410
367.5128
368.2420
367.5923
368.2811
368.8760
369.3571
371.0179
372.5277
371.1723
371.0967
372.1703
370.3627
368.5557
366.7587
366.2941
364.4030
362.4145
360.4704
358.5790
356.7384
354.9717
353.2900
351.6732
350.1163
348.4092
346.7387
345.1262
343.5748
342.0246
340.4010
338.8728
337.4562
336.1554
335.0557
334.0463
333.0497
332.3598
331.6027
330.9599
331.7135
331.1474
330.7014
330.3447
330.0844
331.2978
332.4229
332.1689
331.9866
333.1788
332.9847
332.8283
332.7060
332.6195
335.1770
334.9047
340.2349
347.7693
348.1648
348.5360
355.4775
355.2672
355.0622
354.8647
354.6761
354.5112
354.3762
354.2662
354.9470
355.6181
356.2332
356.7969
357.3563
357.9086
358.4517
358.9410
359.3818
359.7790
360.1369
360.4595
360.7503
361.0124
361.2487
361.4617
361.6538
361.8269
362.0046
362.2067
362.4286
362.6665
362.9170
363.1993
363.5296
365.2787
365.6727
366.1537
366.7293
367.3842
368.1048
368.8798
369.6992
370.5327
371.3325
372.1019
374.1572
374.7213
375.2566
377.0793
377.4135
377.7005
377.9477
378.1615
378.3473
378.5097
378.6526
378.7793
377.4882
374.7036
371.8860
369.0576
366.2361
363.4362
360.6695
357.9453
355.2710
352.6522
350.0932
348.9089
349.0424
346.4378
343.9571
341.5915
339.3331
337.1750
335.1106
333.1343
331.2409
329.4257
327.6965
326.0148
324.3850
324.5829
322.8839
321.2310
319.6246
318.0651
316.5525
315.0862
313.6659
312.2906
310.9594
309.6715
308.4257
307.2209
307.4637
306.2105
305.0080
303.8533
302.7439
301.6775
300.6520
299.6652
298.7154
297.8007
296.9195
296.0702
295.2515
295.5257
294.6532
293.8195
293.0221
292.2586
291.5268
290.8250
290.1513
289.5041
288.8819
288.2833
287.7072
287.1523
287.4475
286.8333
286.2486
285.6913
285.1594
284.6511
284.1648
283.6992
283.2530
282.8249
282.4140
282.0191
281.6395
281.9489
281.5065
281.0875
280.6901
280.3125
279.9533
279.6110
279.2845
278.9727
278.6745
278.3891
278.1157
277.8534
278.1724
277.8452
277.5375
277.2475
276.9738
276.7149
287.1141
296.9584
306.2769
315.0978
323.4473
331.3507
338.8316
345.9125
352.6147
358.9584
364.9626
370.6455
362.1646
354.5222
347.6420
341.4550
335.8981
330.9144
326.4518
322.4631
318.9055
315.7398
312.9304
310.4451
308.2541
306.3306
304.6502
303.1908
301.9323
300.8563
299.9459
299.1985
298.5866
298.0975
297.7197
297.4425
297.2565
297.1654
297.1478
297.1965
297.3048
297.4669
297.6772
297.9309
298.2234
298.5507
298.9089
299.2948
299.7051
300.1372
300.5884
301.0565
301.5393
302.0348
302.5415
303.0576
303.5818
304.1128
304.6493
305.1903
305.7349
306.2823
306.8316
307.3821
307.9332
308.4842
309.0347
309.5841
310.1320
310.6780
311.2218
311.7631
312.3015
312.8367
313.3686
313.8970
314.4217
314.9425
315.4593
315.9720
316.4805
316.9847
317.4846
317.9801
318.4712
320.2707
320.6431
321.0202
321.4011
321.7852
322.1717
322.5602
322.9501
323.3409
323.7321
324.1233
324.5143
324.9045
325.2938
325.6818
326.0683
326.4531
326.8359
327.2167
327.5952
327.9713
328.3449
328.7159
329.0841
329.4495
329.8120
330.1715
330.5279
330.8813
331.2316
331.5787
331.9226
332.2633
332.6008
332.9351
333.2661
333.5939
333.9184
334.2397
334.5577
334.8725
335.1841
335.4925
335.7977
336.0996
336.3985
336.6942
350.1808
362.8789
374.8385
386.1055
396.7225
406.7289
416.1615
425.0545
433.4397
441.3467
448.8034
455.8358
442.9017
430.9646
419.9451
409.7702
400.3727
391.6906
383.6669
376.2491
369.3890
363.0423
357.1680
351.7288
351.8547
346.7341
341.9966
337.6104
333.5466
329.7791
326.2840
323.0394
320.0253
317.2234
314.6171
312.1910
309.9307
310.1657
307.9778
305.9424
304.0471
302.2805
300.6325
299.0937
297.6555
296.3102
295.0507
293.8704
292.7633
291.7240
292.0065
290.9515
289.9651
289.0415
288.1758
287.3634
286.6002
285.8823
285.2063
284.5692
283.9680
283.4003
282.8636
283.1694
282.5850
282.0372
281.5229
281.0394
280.5842
280.1550
279.7499
279.3670
279.0045
278.6610
278.3350
278.0255
278.3441
277.9746
277.6288
277.3047
277.0003
276.7139
276.4442
276.1896
275.9491
275.7216
275.5060
275.3014
275.1071
275.4335
275.1746
274.9339
274.7096
274.5002
274.3043
274.1208
273.9485
273.7866
273.6340
273.4902
273.3543
273.2257
273.5572
273.3619
273.1820
273.0160
272.8624
272.7201
272.5879
272.4648
272.3500
272.2428
272.1425
272.0484
271.9600
272.2949
272.1388
271.9966
271.8668
271.7482
271.6395
271.5399
271.4484
271.3641
271.2865
271.2147
271.1484
271.0868
271.4237
271.2940
271.1773
271.0722
270.9774
270.8919
270.8145
270.7446
270.6812
270.6237
270.5715
270.5240
270.4808
270.8191
270.7075
270.6082
270.5199
270.4413
270.3714
270.3091
270.2538
270.2045
270.1606
270.1217
270.0870
270.0562
270.3950
270.2956
270.2083
270.1317
270.0645
270.0056
269.9542
269.9094
269.8703
269.8365
269.8072
269.7820
269.7604
270.0999
270.0096
269.9310
269.8627
269.8035
269.7524
269.7084
269.6707
269.6386
269.6114
269.5886
269.5697
269.5542
269.8935
269.8221
269.7608
269.7081
269.6631
269.6249
269.5926
269.5654
269.5428
269.5243
269.5092
269.4973
269.4881
269.8266
269.7483
269.6810
269.6233
269.5741
269.5325
269.4975
269.4683
269.4443
269.4249
269.4094
269.3974
269.3885
269.7263
269.6488
269.5825
269.5261
269.4784
269.4383
269.4050
269.3776
269.3555
269.3381
269.3247
269.3149
269.3082
269.6454
269.5704
269.5066
269.4526
269.4074
269.3698
269.3389
269.3140
269.2943
269.2792
269.2682
269.2607
269.2564
269.5935
269.5208
269.4593
269.4076
269.3646
269.3291
269.3003
269.2773
269.2594
269.2461
269.2367
269.2307
269.2278
269.5648
269.4934
269.4331
269.3825
269.3405
269.3060
269.2782
269.2562
269.2395
269.2272
269.2190
269.2142
269.2124
269.5497
269.4795
269.4204
269.3709
269.3300
269.2965
269.2696
269.2484
269.2323
269.2206
269.2127
269.2081
269.2065
269.5448
269.4745
269.4152
269.3656
269.3244
269.2908
269.2637
269.2424
269.2261
269.2142
269.2062
269.2015
269.1997
269.5388
269.4683
269.4087
269.3589
269.3175
269.2836
269.2563
269.2346
269.2180
269.2059
269.1975
269.1925
269.1905
269.5304
269.4594
269.3995
269.3492
269.3074
269.2731
269.2453
269.2233
269.2063
269.1937
269.1850
269.1797
269.1772
269.5177
269.4463
269.3860
269.3354
269.2933
269.2587
269.2307
269.2085
269.1913
269.1785
269.1696
269.1641
269.1616
269.5029
269.4312
269.3706
269.3197
269.2773
269.2424
269.2141
269.1915
269.1740
269.1609
269.1517
269.1459
269.1430
269.4845
269.4125
269.3517
269.3005
269.2578
269.2227
269.1941
269.1713
269.1536
269.1404
269.1311
269.1252
269.1222
269.4638
269.3919
269.3311
269.2801
269.2376
269.2026
269.1743
269.1518
269.1343
269.1214
269.1124
269.1067
269.1041
269.4459
269.3743
269.3137
269.2629
269.2207
269.1860
269.1579
269.1356
269.1184
269.1057
269.0969
269.0915
269.0890
269.4309
269.3821
269.3608
269.3745
269.4264
269.5092
269.6168
269.7441
269.8867
270.0412
270.2047
270.3745
270.5487
270.8868
271.0323
272.4918
272.5086
272.5394
272.5822
272.6352
272.6967
272.7446
272.7608
274.0638
273.9443
273.8562
274.1858
274.0934
274.0114
273.9269
273.8436
273.7642
273.6908
273.6249
273.5674
273.5191
273.4802
273.4508
273.4308
273.7619
273.6927
273.6672
273.6767
273.7141
273.7733
273.8496
273.9388
274.0375
274.1431
274.2533
274.3661
274.4802
274.8089
274.8897
274.9708
275.0517
275.1320
256.4321
239.3131
223.6449
209.3073
196.1887
184.1865
173.2059
163.1602
163.7804
154.5337
146.5992
143.3022
162.9415
180.7528
195.3118
207.6680
219.3264
230.4197
240.9947
251.1004
260.7759
270.0557
278.9479
287.4854
287.8184
287.9931
288.1377
288.3620
292.6786
296.7684
303.3027
311.6600
310.4484
313.5924
312.8803
315.2113
314.2651
315.2339
313.7924
312.7387
312.0264
311.6221
311.4882
311.6284
313.2585
313.5946
314.7366
315.0392
316.0741
316.0907
316.0066
315.2744
314.7008
314.3085
314.0613
313.9380
314.5550
315.0241
315.3745
315.0886
314.9068
314.8435
314.8878
315.0141
316.5121
316.6383
316.8527
317.1680
317.5401
318.4414
319.1726
319.7556
320.2111
320.2205
320.2468
321.6202
321.9200
322.1404
322.2871
322.3678
322.3866
322.3564
322.2762
322.1565
322.0321
321.9413
321.9404
323.3188
323.3478
323.4489
324.9073
324.9850
325.0914
325.1984
326.6151
331.8656
335.4198
335.9916
335.1110
334.1558
334.4562
333.2873
332.0991
330.9055
329.7324
328.5715
327.4294
326.1162
324.8505
323.8618
323.0483
322.3902
321.8597
322.3265
321.4849
321.2002
321.0260
320.9366
320.9160
320.9704
321.1152
321.3416
322.9260
324.4319
324.6297
324.7036
326.0957
326.1332
326.2530
326.4252
326.6433
326.8944
327.1715
328.8690
331.7141
332.9914
332.8792
334.1267
339.2199
338.6467
338.1447
337.6944
337.3265
336.9967
338.3070
339.4235
345.7377
346.2869
349.4140
349.6394
349.8440
351.3320
350.8455
350.8816
350.9321
350.4530
350.4871
351.8267
351.7531
351.6925
351.6417
351.5994
350.9758
350.3781
349.8089
349.2807
348.7946
348.3504
347.9452
347.5291
347.1524
347.2306
347.3715
347.5203
347.6755
347.8577
348.0574
348.2709
348.8769
349.5168
350.1935
350.9621
351.8190
352.7798
353.4475
354.2602
355.1918
356.2099
357.2950
358.4055
360.7894
361.8487
364.2518
364.9835
365.6431
366.2355
365.9026
365.6048
365.3513
365.1482
364.9801
364.8440
364.7373
364.6577
366.1191
366.2076
366.2961
366.3843
339.7774
315.4547
293.2185
272.8884
254.2998
237.3026
221.7597
208.8572
195.7464
183.7559
172.7896
162.7596
163.3790
154.1490
145.7075
137.9868
132.2363
125.6649
