24.4533
24.4499
24.4448
24.3777
24.3298
24.2937
24.2653
24.2419
24.2220
24.2046
24.1888
24.1743
24.1607
24.1478
24.1372
24.1286
24.1213
24.1152
24.1099
24.1052
24.1009
24.0971
24.0936
24.0903
24.0872
24.0843
24.0815
24.0787
24.0759
24.0730
24.0701
24.0672
24.0641
24.0610
24.0578
24.0547
24.0515
24.0483
24.0452
24.0422
24.0393
24.0364
24.0336
24.0308
24.0282
24.0257
24.0234
24.0211
24.0191
24.0171
24.0150
24.0129
24.0106
24.0083
24.0059
24.0035
24.0011
23.9987
23.9963
23.9938
23.9913
13.3196
12.7953
12.8221
12.8060
12.8039
12.8031
12.8026
12.8022
12.8020
12.8018
12.7249
12.7762
12.8984
12.7336
12.8007
12.8033
12.8121
12.8035
12.8033
12.8026
12.8024
12.8026
12.8005
12.8022
13.0565
12.7826
12.7704
12.7957
12.7926
12.8056
12.7951
12.8824
12.8019
12.8095
12.7957
12.8112
12.7464
12.8371
12.7990
12.8060
12.8024
12.8020
12.8020
12.7989
12.8041
12.8027
12.8748
12.7300
12.8736
12.7724
12.8013
12.7301
12.8004
12.7806
12.8027
12.8013
12.8338
12.8075
12.8059
12.8040
12.8026
12.7576
12.8756
12.8038
12.8049
12.8039
12.8014
12.8015
12.8020
12.7988
12.8022
12.8020
12.8030
12.8130
12.7998
12.8011
12.8029
12.8231
12.8842
12.8022
12.8051
12.8032
12.8047
12.8133
12.7976
12.8000
12.7981
12.8003
12.8004
12.8007
12.7342
12.7855
12.8017
12.8013
12.8034
12.8137
12.7906
12.8015
12.7973
12.8037
12.7994
12.8016
12.8012
12.8031
12.7984
12.8009
12.7278
12.8056
12.7990
12.7748
12.8032
12.8013
12.8004
12.8002
12.8006
12.8024
12.8619
12.8044
12.8027
12.8023
12.8031
12.8009
12.8031
12.8041
12.8742
12.7299
12.8106
12.8049
12.8025
12.7985
12.8029
12.8052
12.8044
12.8151
12.8005
12.8018
12.8058
12.7997
12.8043
12.7954
12.8020
12.7997
12.8030
12.7912
12.7976
12.7468
12.7988
12.7970
12.7971
12.7989
12.7975
12.7565
12.8288
12.8108
12.7979
12.7972
12.8009
12.7862
12.7635
12.8172
12.8149
12.7984
12.7986
12.7645
12.7994
12.7990
12.7990
12.7987
12.7990
12.7911
12.7999
12.7997
12.7997
12.8000
12.8001
12.8094
12.8141
12.8000
12.8532
12.8161
12.8037
12.7830
12.8056
12.8002
12.8039
12.8016
12.8004
12.7956
12.7999
12.7976
12.7974
12.7975
12.8004
12.7919
12.8074
12.7374
12.8027
12.8007
12.8007
12.8007
12.8007
12.8008
12.8008
12.8009
23.3588
23.7347
23.9541
24.1049
24.2096
24.2828
24.3344
24.3710
24.3970
24.4155
24.4287
24.4381
24.4446
24.4491
24.4520
24.4537
24.4545
24.4547
24.4545
24.4540
24.4533
24.4514
24.4495
24.4599
24.4704
24.4767
24.4182
24.3786
24.3533
24.3382
13.3581
12.8005
12.8003
12.8003
12.8003
12.8003
12.8003
12.8003
12.8003
12.8003
12.8003
12.8003
22.9671
23.3514
23.6648
13.3579
12.8006
12.8003
12.8003
12.8003
12.8003
12.8003
12.8003
12.8003
12.8003
12.8003
12.8003
23.1624
13.3401
12.8181
12.8004
12.8004
12.8004
12.8004
12.8004
12.8004
12.8004
12.8004
12.8004
12.8004
23.2739
13.2813
12.8660
12.8040
12.8002
12.7999
12.7999
12.7999
12.7999
12.7999
12.7999
12.7999
12.8000
23.3528
13.4568
12.6517
12.7653
12.7982
12.8001
12.8005
12.8006
12.8008
12.8008
12.8009
12.8349
12.8041
13.0854
12.7202
12.7484
12.7922
12.7997
12.8006
12.7996
12.7994
12.7997
12.7998
12.8000
12.8001
12.9509
12.8316
12.7907
12.8012
12.8012
12.8053
12.7993
12.8719
12.8126
12.8028
12.8026
12.8015
12.7599
12.8222
12.8029
12.8024
12.8052
12.8018
12.8029
12.8027
12.8031
12.8060
12.8030
12.8718
12.7479
12.8047
12.7314
12.8001
12.8004
12.8008
12.8029
12.8021
12.8010
12.8007
12.8012
12.8033
12.8017
12.8759
12.7933
12.7977
12.8186
12.8015
12.8017
12.7284
12.8022
12.8009
12.8012
12.8012
12.8013
12.8117
12.8006
12.8001
12.8017
12.8022
12.8005
12.7998
12.8019
12.8015
12.8804
12.7995
12.8009
12.8005
12.8002
12.8001
12.8000
12.8001
12.8004
12.8007
12.8008
12.8009
12.8009
12.8010
12.8694
12.8009
12.7835
12.7783
12.7964
12.7988
12.7992
12.7996
12.7824
12.7967
12.7997
12.7999
12.7999
12.8000
12.8001
12.8001
12.8003
12.8003
12.8000
12.7997
12.7392
12.8526
12.8031
12.8004
12.8004
12.8001
12.8732
12.7301
12.7988
12.7993
12.7998
12.8020
12.8004
12.7998
12.7997
12.7996
12.8015
12.8137
12.7993
12.7992
12.8003
12.8033
12.8013
12.7984
12.7990
12.8003
12.7967
12.7981
12.8711
12.7453
12.7854
12.7449
12.7882
12.7921
12.7920
12.7966
12.7954
12.7952
12.7975
12.7954
12.7934
12.7316
12.8556
12.7958
12.7980
12.7959
12.7950
12.7426
12.8001
12.7993
12.8006
12.7993
12.7991
12.7922
12.7996
12.7996
12.7997
12.8159
12.8249
12.8032
12.8013
12.7999
12.8677
12.8051
12.8031
12.8069
12.7585
12.8040
12.8014
12.8012
12.8020
12.8023
12.8012
12.7937
12.7981
12.8358
12.8002
12.7857
12.8007
12.8001
12.7278
12.7996
12.7993
12.7995
12.8007
12.8005
12.8000
12.8000
24.0047
24.4930
24.8418
25.0913
25.2690
13.2521
12.8700
12.8019
12.7986
12.7988
12.7990
12.7991
12.7992
12.7993
12.7994
12.7995
12.7995
24.0763
13.2573
12.8464
12.8050
12.8005
12.8001
12.7967
12.8032
12.8003
12.8002
12.8002
12.8002
12.8002
23.8223
13.2603
12.8397
12.8057
12.8010
12.8005
12.8003
12.8002
12.8002
12.8002
12.8002
12.8002
12.8002
23.7395
13.2613
12.8368
12.8060
12.8010
12.8008
12.8008
12.8007
12.8007
12.8007
12.8007
12.8007
12.8007
23.7237
13.2589
12.8430
12.8067
12.7982
12.7920
12.7984
12.7990
12.8024
12.7996
12.8167
12.8009
12.8008
23.6587
13.2546
12.8531
12.8066
12.8015
12.8011
12.8009
12.8009
12.8009
12.8009
12.8008
12.8008
12.8009
23.5917
13.2500
13.1272
12.5798
12.7716
12.7963
12.7980
12.7986
12.7989
12.7992
12.7994
12.7995
12.8363
23.6190
13.6272
12.7495
12.7752
12.7321
12.7783
12.7970
12.7989
12.7997
12.8000
12.8003
12.8005
12.8007
13.0184
12.7773
12.8025
12.7969
12.7857
12.8000
12.7985
12.8774
12.8073
12.8040
12.8001
12.8013
12.7584
12.8192
12.8037
12.8731
12.8060
12.8022
12.8025
12.8080
12.8052
12.8021
12.7319
12.8725
12.7294
12.8210
12.7993
12.8034
12.8019
12.8012
12.8001
12.8011
12.8014
12.8001
12.7995
12.7994
12.8017
12.7296
12.7970
12.7980
12.8712
12.8033
12.8017
12.8010
12.8054
12.8039
12.8009
12.8019
12.8016
12.8113
12.8032
12.8010
12.8010
12.8010
12.7996
12.7997
12.7999
12.7999
12.7998
12.7987
12.7993
12.7996
12.7996
12.7996
12.7995
12.7997
12.7999
12.8010
12.8012
12.8013
12.8014
12.8013
12.8015
12.8017
12.8018
12.8019
12.8019
12.8020
12.8020
12.8021
12.8021
12.8021
12.8022
12.8022
12.8016
12.7792
12.7697
12.7985
12.8008
12.8613
12.8046
12.8077
12.8031
12.8030
12.8052
12.8023
12.8007
12.8564
12.7998
12.8000
12.8000
12.7716
12.7825
12.7980
12.8002
12.8013
12.8001
12.7997
12.7996
12.8124
12.8017
12.8002
12.7993
12.7995
12.8010
12.7990
12.7982
12.7980
12.8003
12.7985
12.7972
12.7511
12.7959
12.7931
12.7907
12.7922
12.7910
12.7341
12.7908
12.8543
12.7913
12.7930
12.7901
12.7263
12.7909
12.7905
12.8540
12.7917
12.7948
12.7341
12.7952
12.7951
12.7962
12.7972
12.7993
12.7912
12.7987
12.7990
12.8378
12.8085
12.7994
12.8011
12.7987
12.7986
12.8693
12.7540
12.8051
12.8051
12.8045
12.8022
12.8000
12.7999
12.7999
12.7998
12.8139
12.8231
12.8001
12.7985
12.7959
12.7893
12.7271
12.7985
12.7983
12.7988
12.7991
12.7993
12.7994
12.7996
12.7996
12.7998
24.0049
24.5226
24.8977
25.1686
25.3615
13.2568
12.8643
12.8020
12.7890
12.7917
12.7919
12.7921
12.7925
12.7927
12.7929
12.7930
12.7932
24.2822
13.2658
12.8329
12.8052
12.8007
12.8004
12.7939
12.7938
12.7938
12.7938
12.7939
12.7939
12.7939
23.9816
13.2658
12.8320
12.7994
12.7948
12.7943
12.7943
12.7944
12.7944
12.7944
12.7944
12.7944
12.7945
23.8544
13.2634
12.8372
12.8002
12.7952
12.7952
12.7952
12.7952
12.7952
12.7952
12.7953
12.7953
12.7953
23.7605
13.2565
12.8534
12.7922
12.7889
12.7922
12.7926
12.8138
12.7958
12.7957
12.7957
12.7957
12.7958
23.6188
13.2484
12.8691
12.8015
12.7966
12.7962
12.7962
12.7961
12.7962
12.7962
12.7962
12.7963
12.7963
23.4774
13.2562
13.0952
12.5615
12.7795
12.7972
12.7984
12.7990
12.7993
12.7996
12.7998
12.7999
12.8292
23.5107
13.6224
12.7543
12.7402
12.7581
12.7942
12.8052
12.8053
12.8053
12.8051
12.8051
12.8070
12.8033
12.9712
12.7878
12.7879
12.8028
12.8054
12.8063
12.8008
12.8764
12.8068
12.8061
12.8035
12.8033
12.7542
12.8220
12.8015
12.8010
12.8009
12.8019
12.8030
12.8725
12.8015
12.8028
12.7288
12.8709
12.8034
12.7490
12.7276
12.7975
12.8007
12.8006
12.8004
12.8580
12.8036
12.8053
12.8035
12.8026
12.8025
12.7475
12.8738
12.8029
12.8021
12.8018
12.8037
12.8021
12.8011
12.8000
12.8034
12.8024
12.8002
12.8026
12.7994
12.8003
12.8003
12.8003
12.8003
12.8228
12.8001
12.8002
12.8002
12.8002
12.8001
12.8001
12.8001
12.8001
12.8001
12.8001
12.8003
12.8005
12.8006
12.8007
12.8008
12.8008
12.8009
12.8010
12.8010
12.8010
12.7985
12.7895
12.8001
12.8007
12.8009
12.8010
12.8010
12.8011
12.8007
12.7790
12.7689
12.7975
12.8572
12.8020
12.8032
12.8037
12.8023
12.8018
12.8017
12.8025
12.8057
12.8009
12.8625
12.7999
12.8006
12.7574
12.7883
12.7976
12.7982
12.7984
12.8004
12.7997
12.7987
12.8110
12.7980
12.8007
12.7986
12.7970
12.7964
12.7988
12.7976
12.7944
12.7961
12.7983
12.7948
12.7472
12.7888
12.7925
12.7947
12.7946
12.7928
12.7363
12.8502
12.7951
12.7948
12.7938
12.7356
12.8464
12.7960
12.7944
12.7944
12.7947
12.7352
12.7978
12.7981
12.7979
12.7979
12.7979
12.7972
12.7902
12.7985
12.7997
12.8005
12.8250
12.8194
12.7996
12.7991
12.7988
12.8734
12.8024
12.8028
12.8048
12.7983
12.7596
12.8016
12.7999
12.7998
12.7955
12.7998
12.7975
12.7975
12.7975
12.7995
12.8268
12.7285
12.7998
12.7992
12.7996
12.7996
12.7996
12.7997
12.7997
12.7997
12.7997
24.0049
24.5029
24.8653
25.1222
25.3051
13.2515
12.8726
12.8016
12.7913
12.7915
12.7918
12.7920
12.7923
12.7925
12.7927
12.7928
12.7996
24.1509
13.2601
12.8422
12.8050
12.7973
12.8033
12.7937
12.7936
12.7936
12.7936
12.7937
12.7937
12.8001
23.9445
13.2670
12.8306
12.7992
12.7946
12.7942
12.7941
12.7941
12.7941
12.7941
12.7941
12.7941
12.8002
23.8428
13.2663
12.8315
12.7997
12.7949
12.7944
12.7942
12.7941
12.7941
12.7941
12.7941
12.7941
12.8001
23.8156
13.2660
12.8317
12.7999
12.7949
12.7945
12.7944
12.7944
12.7943
12.7943
12.7943
12.7943
12.8003
23.8026
13.2649
12.8342
12.8000
12.7949
12.7943
12.7942
12.7941
12.7941
12.7941
12.7941
12.7941
12.8001
23.7950
13.2654
13.0889
12.6252
12.7565
12.8033
12.8074
12.8079
12.8082
12.8084
12.8086
12.8087
12.8614
23.9029
13.5493
12.8008
12.8002
12.7652
12.7955
12.7876
12.7831
12.7963
12.7974
12.7981
12.7986
12.7999
12.9938
12.7307
12.7975
12.8000
12.8003
12.8005
12.8005
12.8006
12.8007
12.8007
12.8008
12.8024
12.8017
12.8061
12.8009
12.8009
12.8009
12.8009
12.8009
12.8009
12.8008
12.8017
12.8014
12.8026
12.8011
12.8077
12.8001
12.8028
12.8021
12.8018
12.8017
12.8017
12.8032
12.8020
12.8014
12.8013
12.8010
12.7986
12.8009
12.8008
12.8016
12.8013
12.8003
12.8008
12.8002
12.8000
12.7998
12.7998
12.7992
12.8045
12.8004
12.7992
12.7988
12.7987
12.7991
12.7993
12.7977
12.8004
12.7999
12.7993
12.7969
12.7946
12.7988
12.7989
12.7991
12.8007
12.7997
12.7994
12.7995
12.7996
12.7998
12.7999
12.8001
12.7995
12.8015
12.8006
12.8005
12.8005
12.8009
12.8021
12.8022
12.8023
12.8027
12.8043
12.8028
12.7976
12.8025
12.8024
12.8024
12.8024
12.8013
12.8008
12.8005
12.8008
12.8015
12.8001
12.8000
12.7972
12.7994
12.7991
12.7989
12.7988
12.8003
12.8008
12.8008
12.8009
12.8018
12.8020
12.8011
12.8023
12.8009
12.8009
12.8008
12.8008
12.7993
12.7986
12.7984
12.7982
12.7981
12.7995
12.4868
12.8002
12.8002
12.8002
12.7247
12.7592
12.7878
12.7904
12.7918
12.7922
12.7921
12.7915
25.3707
13.3114
12.7485
12.7993
12.8027
12.7937
12.7934
12.7932
12.7933
12.7934
12.7936
12.7937
12.7937
24.9197
13.2917
12.7778
12.7994
12.7948
12.7945
12.7945
12.7945
12.7946
12.7946
12.7947
12.7938
12.7937
24.2337
13.2797
12.8010
12.7992
12.7944
12.7939
12.7938
12.7938
12.7937
12.7937
12.7938
12.7938
12.7938
24.1075
13.2777
12.8047
12.7996
12.7946
12.7941
12.7940
12.7939
12.7939
12.7936
12.7936
12.7935
12.7935
24.0622
13.2772
12.8047
12.7994
12.7942
12.7937
12.7935
12.7935
12.7938
12.7939
12.7939
12.7939
12.7940
24.0554
13.2771
12.8055
12.8000
12.7948
12.7943
12.7942
12.7941
12.7940
12.7940
12.7940
12.7940
12.7940
24.0071
13.2745
12.8112
12.8000
12.7948
12.7943
12.7942
12.7942
12.7942
12.7942
12.7942
12.7942
12.7942
23.9595
13.2715
12.8179
12.8002
12.7950
12.7945
12.7944
12.7944
12.7944
12.7944
12.7944
12.7944
12.7944
23.9008
13.2681
12.8256
12.8003
12.7951
12.7947
12.7946
12.7945
12.7945
12.7945
12.7945
12.7945
12.7945
23.8401
13.2648
12.8332
12.8005
12.7953
12.7948
12.7947
12.7947
12.7947
12.7947
12.7947
12.7947
12.7947
23.7790
13.2613
12.8408
12.8001
12.7949
12.7944
12.7942
12.7941
12.7941
12.7941
12.7940
12.7940
12.7818
23.8584
13.3757
12.7164
12.7945
12.8013
12.8003
12.8013
12.8041
12.8036
12.8037
12.8043
12.8050
12.8054
24.4753
13.3586
12.7204
12.8006
12.8062
12.8065
12.8058
12.8056
12.8055
12.8054
12.8048
12.8050
12.8053
24.6731
13.3690
12.7147
12.7986
12.8046
12.8052
12.8054
12.8060
12.8058
12.8057
12.8057
12.8003
12.8003
24.9155
13.3802
12.7075
12.7944
12.8010
12.8016
12.8014
12.8014
12.8014
12.8014
12.8014
12.8014
12.8017
25.1384
13.4201
12.6847
12.7939
12.8019
12.8022
12.8027
12.8019
12.8019
12.8011
12.8025
12.8009
12.8009
25.4717
13.4539
12.6656
12.7928
12.7995
12.7998
12.8011
12.8005
12.8004
12.8004
12.8004
12.8025
12.8014
25.6809
13.4699
12.6583
12.7938
12.7992
12.7994
12.7994
12.8006
12.7999
12.7988
12.7988
12.7987
12.7993
25.7278
13.4539
12.6643
12.7918
12.8003
12.8006
12.8005
12.7981
12.8004
12.8003
12.8003
12.8002
12.8007
25.6000
13.4474
12.6672
12.7917
12.7998
12.8003
12.7983
12.7998
12.7998
12.7998
12.7998
12.7994
12.7991
25.5620
13.4369
12.6697
12.7904
12.7982
12.7985
12.7984
12.7983
12.7983
12.7982
12.7984
12.7985
12.8060
25.2751
13.4001
12.6863
12.7907
12.8045
12.8046
12.8046
12.8045
12.8043
12.8044
12.8044
12.8044
12.8040
24.9586
13.3481
12.7133
12.7998
12.7965
12.7945
12.7945
12.7945
12.7944
12.7943
12.7943
12.7943
12.7944
24.3904
13.2971
12.7632
12.8007
12.7954
12.7949
12.7948
12.7948
12.7949
12.7949
12.7949
12.7950
12.7950
24.0718
13.2815
12.7950
12.8000
12.7949
12.7944
12.7942
12.7942
12.7942
12.7941
12.7941
12.7941
12.7943
23.9279
13.2767
12.8060
12.8003
12.7951
12.7946
12.7945
12.7945
12.7945
12.7945
12.7945
12.7944
12.7943
23.8325
13.2717
12.8173
12.8002
12.7951
12.7946
12.7945
12.7944
12.7944
12.7944
12.7946
12.7947
12.7947
23.7632
13.2674
12.8276
12.8007
12.7955
12.7951
12.7950
12.7950
12.7950
12.7951
12.7951
12.7951
12.7951
23.6578
13.2609
12.8428
12.8010
12.7959
12.7955
12.7954
12.7953
12.8685
12.8004
12.8004
12.8004
12.8004
23.5488
13.4241
12.7620
12.7983
12.8001
12.8003
12.8003
12.8003
12.8003
12.8003
12.8002
12.8002
12.8002
23.4458
13.4162
12.7646
12.7982
12.7999
12.8045
12.8024
12.8010
12.8008
12.8007
12.8006
12.8005
12.7990
23.3309
13.4074
12.7677
12.7983
12.7997
12.7998
12.7998
12.8006
12.8005
12.8004
12.8003
12.8002
12.8001
23.2214
13.3985
12.7712
12.7992
13.0739
12.6211
12.7901
12.7994
12.8004
12.8009
12.8011
12.8013
12.8015
23.2359
13.5976
12.6887
13.0275
12.7834
12.7541
12.7897
12.8062
12.8055
12.8045
12.8039
12.8030
12.8032
12.8031
12.8029
12.8927
12.7983
12.7841
12.7988
12.7995
12.7996
12.7997
12.7997
12.8705
12.8042
12.7994
12.8006
12.7313
12.8164
12.7987
12.7992
12.8015
12.8003
12.7998
12.7997
12.7996
12.8021
12.8709
12.8025
12.8014
12.8043
12.7332
12.8689
12.7316
12.7981
12.7994
12.8011
12.7997
12.7991
12.7991
12.8008
12.8008
12.8008
12.7992
12.8692
12.8038
12.8014
12.8005
12.7306
12.7989
12.8006
12.7996
12.7993
12.7990
12.8106
12.8001
12.7991
12.7989
12.8016
12.8693
12.8015
12.8009
12.8027
12.8016
12.8000
12.8000
12.7999
12.7999
12.7999
12.7999
12.7999
12.7999
12.7995
12.7998
12.7999
12.7999
12.7999
12.7999
12.8000
12.8000
12.7999
12.7999
12.7999
12.8000
12.8000
12.8001
12.8001
12.8001
12.8001
12.8001
12.7745
12.7688
12.7968
12.8011
12.8010
12.7990
12.7984
12.7982
12.7997
12.7995
12.7981
12.7977
12.8669
12.8009
12.7305
12.8664
12.7289
12.7957
12.7978
12.8004
12.7992
12.7987
12.7986
12.7987
12.8134
12.7999
12.7989
12.7986
12.8004
12.8003
12.7990
12.7985
12.8001
12.8004
12.8000
12.7989
12.7786
12.8002
12.7989
12.7980
12.7955
12.7973
12.7971
12.7989
12.7979
12.7965
12.7967
12.7969
12.7912
12.7972
12.7988
12.7979
12.7971
12.7977
12.7972
12.7974
12.7974
12.7974
12.7988
12.7984
12.7897
12.7975
12.7980
12.7981
12.7982
12.7982
12.7983
12.7983
12.7984
12.8000
12.8710
12.8029
12.8023
12.8037
12.8015
12.8013
12.7991
12.7991
12.7990
12.7955
12.8002
12.7991
12.7926
12.7988
12.7862
12.7991
12.7967
12.7989
12.7287
12.7978
12.7980
12.7985
12.7986
12.7987
12.7988
12.4830
12.8004
12.8006
12.8007
12.8008
12.8008
12.8008
12.8015
12.8122
12.8018
12.8012
12.8010
24.0735
13.2544
12.8548
12.8050
12.8007
12.8004
12.8004
12.8004
12.8004
12.8004
12.7971
12.8037
13.9917
22.6529
13.9599
13.1932
12.8953
12.7999
12.7994
12.8000
12.8000
12.7999
12.7999
12.7998
12.7998
12.7997
20.3676
13.9611
12.8007
12.7996
12.7996
12.7995
12.7995
12.7995
12.7994
12.7994
12.7994
12.7994
12.7994
20.1549
13.9613
12.8003
12.7993
12.7993
12.7993
12.7993
12.7993
12.7993
12.7993
12.7993
12.7993
12.7993
20.0260
13.9613
12.8002
12.7993
12.7993
12.7993
12.7993
12.7993
12.7993
12.7993
12.7993
12.7993
12.7993
19.9157
13.9613
12.8003
12.7993
12.7993
12.7993
12.7993
12.7993
12.7993
12.7993
12.7993
12.7993
12.7993
19.8686
13.9613
12.8002
12.7993
12.7993
12.7993
12.8007
12.7997
12.7997
12.7996
12.7996
12.7996
12.7995
12.7995
12.7995
12.7995
12.7995
12.7994
36.7346
40.0032
37.0522
30.9329
28.1833
25.5007
23.8061
22.3611
21.0954
19.9638
18.2883
16.6823
15.7733
14.9392
14.1579
14.0689
13.3878
12.8037
12.8031
12.8028
12.8026
12.8025
12.8024
12.8020
12.8022
29.1802
32.3020
32.4847
32.4481
32.3460
32.1777
31.9724
31.7477
31.5110
31.2668
31.0178
30.7656
30.5118
30.2595
30.0128
29.7899
29.5699
29.3089
29.0283
28.7368
28.4383
28.1352
27.8276
27.6463
27.4900
27.3445
27.2070
27.0770
26.9549
26.9248
27.1087
27.2140
27.2841
27.3537
27.4240
27.4887
27.5561
27.6247
27.6953
27.7662
27.8308
27.8013
27.7102
27.5843
27.4289
27.2522
27.0564
26.8515
26.6311
26.4002
26.1614
25.9183
25.6753
25.5098
25.3759
25.2655
25.1763
25.0757
24.9856
24.8836
24.7840
24.6920
24.6758
24.6365
24.5971
24.5629
24.5366
24.5202
12.8002
12.8002
12.8002
12.8002
12.8002
12.8002
12.8002
12.8002
12.8003
12.8003
12.8003
12.8003
12.8003
12.8003
12.8003
12.8003
12.8003
12.8003
12.8003
12.8003
12.8003
12.8003
12.8003
12.8003
12.8003
12.8003
12.8003
12.8000
12.8003
12.8003
12.8003
12.8003
12.8003
12.8003
12.8003
12.8003
16.4564
12.8003
12.8003
12.8003
12.8003
15.6090
12.7990
12.7987
12.7985
12.7989
12.7991
21.4597
30.3830
31.2920
31.9408
32.4959
33.0906
33.5815
12.7991
12.7991
12.7992
12.7992
12.7992
12.7992
12.7992
12.7992
12.7992
12.7997
12.7996
34.1327
35.1556
35.6390
35.9943
36.2700
36.4938
36.6806
36.8389
36.9753
37.0994
37.2235
37.3409
16.0917
14.8842
14.5588
14.3396
14.1867
14.0763
13.9961
13.9379
13.8961
13.8668
18.4426
17.6184
16.9713
16.4648
16.0310
15.6482
15.3059
14.9967
14.7148
14.4566
14.2195
14.0015
21.5435
14.0311
13.7754
13.5629
13.3786
13.2125
13.0606
12.9206
12.7998
12.7999
12.7997
12.7994
12.7992
20.7317
13.9605
12.8011
12.7999
12.7999
12.7999
12.7999
12.7999
12.7998
12.7998
12.7998
12.7998
12.7998
20.3830
13.9602
12.8008
12.7997
12.7997
12.7997
12.7997
12.7997
12.7997
12.7996
12.7996
12.7996
12.7996
20.2144
13.9602
12.8006
12.7996
12.7996
12.7996
12.7996
12.7996
12.7996
12.7996
12.7996
12.7996
12.7996
20.0694
13.9612
12.8006
12.7996
12.7996
12.7996
12.7996
12.7996
12.7996
12.7996
12.7996
12.7996
12.7996
19.9432
13.9603
12.8006
12.7996
12.7996
12.7996
12.7996
12.7996
12.7996
12.7996
12.7996
12.7996
12.7996
19.8934
13.9612
12.8005
12.7995
12.7995
12.7995
12.8007
12.7997
12.7997
12.7996
12.7996
12.7996
12.7995
12.7995
12.7995
12.7995
12.7994
12.7992
36.7251
40.0016
32.8700
27.5965
25.0142
23.0427
21.2995
19.7487
18.3596
15.9161
14.1394
13.7187
12.8041
12.8040
12.8039
12.8032
12.8033
12.8033
12.8033
12.8037
12.8034
12.8031
12.8030
12.8029
12.8028
20.6410
29.0141
29.4074
29.4745
29.4530
29.3697
12.8021
12.8021
12.8020
12.8020
12.8019
12.8007
14.2328
26.4289
26.7789
26.8444
26.8435
26.8155
26.7669
26.7025
26.6244
26.5357
26.4449
26.4063
26.3725
26.3402
26.4360
26.4664
26.4698
26.3110
26.2261
26.1704
26.1213
26.0769
26.0355
25.9989
25.9651
25.9347
25.9077
25.8803
25.8502
25.7855
25.6821
25.5632
25.4351
25.3172
25.1733
25.0151
24.8443
24.6651
24.4791
24.2885
24.0954
23.9145
23.7408
23.5725
23.4103
23.2740
23.1483
23.0715
23.0166
12.8002
12.8002
12.8002
12.8002
12.8002
12.8002
12.8002
12.8002
12.8002
12.8002
12.8002
12.8002
12.8002
12.8002
12.8002
12.8002
12.8002
12.8002
12.8002
12.8002
12.8002
12.8002
12.8002
12.8002
12.8002
12.8002
12.8002
12.8002
12.8002
12.8002
12.8002
12.8002
12.8003
12.8003
12.8001
12.8002
12.8002
12.8002
12.8002
12.8002
12.8002
12.8002
16.2705
12.8003
12.8003
12.8003
12.8003
12.8003
12.8003
12.8003
12.7998
12.7986
12.7991
12.7993
19.9189
30.4081
31.3029
31.9431
32.4714
32.9394
33.3539
12.7993
12.7993
12.7994
12.7994
12.7994
12.7994
12.7994
12.7994
12.7994
12.7996
33.1662
34.7208
35.2811
35.7020
36.0475
36.3434
36.6034
36.8315
15.7612
15.2943
14.4240
14.2866
14.2045
14.1598
14.1403
14.1396
14.1539
14.1808
14.2177
14.2627
14.3139
14.3701
14.4302
18.7307
17.8206
17.1216
16.6397
16.2177
15.8376
15.4924
15.1771
14.8874
14.6262
14.3910
14.1735
21.5206
14.2492
14.0054
13.8072
13.6361
13.4843
13.3473
13.2223
13.1073
13.0010
12.9025
12.8101
12.1956
21.7388
22.6199
23.2302
23.6809
13.2626
12.8326
12.8028
12.7991
12.7991
12.7993
12.7995
12.7995
12.7996
12.7996
12.7997
12.7997
23.7153
13.2745
12.8073
12.8053
12.8005
12.8001
12.8000
12.8011
12.8012
12.8013
12.8015
12.8014
12.8015
23.7680
13.2692
12.8204
12.8070
12.7841
12.7986
12.7999
12.8000
12.8002
12.8003
12.8033
12.8265
12.8018
23.6204
13.2577
12.8470
12.8074
12.8023
12.8018
12.8017
12.8017
12.8017
12.8017
12.8017
12.8017
12.8017
23.4523
13.2463
12.8746
12.8074
13.0228
12.6268
12.7476
12.7978
12.7990
12.7994
12.7997
12.7999
12.8008
23.4336
13.5161
12.6312
13.0215
12.7618
12.7743
12.7893
12.7989
12.8060
12.8073
12.8051
12.8040
12.8036
12.8033
12.8033
12.9869
12.7747
12.7897
12.8014
12.8034
12.8033
12.8034
12.8749
12.8073
12.8098
12.8073
12.8034
12.7614
12.8209
12.8002
12.8042
12.8026
12.8041
12.8023
12.8009
12.8025
12.8003
12.8755
12.7344
12.8723
12.7505
12.8011
12.7307
12.8008
12.8003
12.8001
12.8002
12.8027
12.8016
12.8006
12.8004
12.8010
12.8051
12.8023
12.8017
12.8016
12.8034
12.8036
12.8026
12.8739
12.8038
12.8062
12.8013
12.7997
12.8000
12.8002
12.8002
12.8001
12.8001
12.8000
12.7999
12.7998
12.7998
12.7997
12.7997
12.7996
12.7995
12.7995
12.7994
12.7994
12.7982
12.8001
12.8002
12.8000
12.8001
12.8001
12.8011
12.8012
12.8013
12.8013
12.8213
12.8559
12.8033
12.8014
12.7461
12.7891
12.7915
12.7989
12.7992
12.7993
12.7993
12.7993
12.7992
12.7992
12.7991
12.8000
12.8004
12.8158
12.7869
12.8006
12.8036
12.8028
12.8643
12.8029
12.7379
12.8685
12.7501
12.7968
12.8035
12.8018
12.8012
12.8023
12.8010
12.8005
12.8129
12.8009
12.8027
12.8012
12.8004
12.7998
12.8013
12.7995
12.7985
12.7987
12.8008
12.7985
12.7573
12.7922
12.7961
12.7957
12.7905
12.7348
12.8493
12.7955
12.7933
12.7942
12.7922
12.7930
12.7867
12.7925
12.7945
12.7909
12.7878
12.7926
12.7357
12.7941
12.7938
12.7944
12.7948
12.7961
12.7892
12.7987
12.7993
12.8446
12.8055
12.7985
12.7982
12.7980
12.7978
12.8691
12.8015
12.8046
12.7534
12.8077
12.8004
12.7999
12.7997
12.7997
12.7996
12.7995
12.7974
12.7952
12.8079
12.8264
12.7175
12.7994
12.7982
12.7991
12.7993
12.7995
12.7997
12.7998
12.7999
12.8000
12.8001
24.0050
24.5105
24.8691
25.1329
25.3194
13.2564
12.8679
12.8024
12.7897
12.7991
12.7994
12.7996
12.7997
12.7998
12.7999
12.7999
12.8000
24.1429
13.2571
12.8489
12.8053
12.8009
12.8006
12.8005
12.8005
12.8005
12.8005
12.7972
12.8037
12.8007
23.8639
13.2562
12.8510
12.8060
12.8012
12.8009
12.8008
12.8007
12.8007
12.8007
12.8007
12.8007
12.8007
23.7206
13.2528
12.8587
12.8064
12.8014
12.8009
12.8008
12.8007
12.8007
12.8007
12.8007
12.8007
12.8007
23.6547
13.2496
12.8658
12.8063
12.7901
12.7961
12.7986
12.7990
12.7993
12.7995
12.7996
12.8239
12.8009
23.6003
13.2469
12.8723
12.8064
12.8014
12.8010
12.8008
12.8008
12.8008
12.8007
12.8007
12.8007
12.8007
23.5437
13.2497
13.1165
12.5797
12.7724
12.7980
12.7993
12.7999
12.8002
12.8005
12.8006
12.8008
12.8177
23.6391
13.6313
12.7453
12.7628
12.7565
12.7903
12.8066
12.8046
12.8036
12.8031
12.8028
12.8026
12.8024
13.0068
12.7629
12.7997
12.7861
12.8016
12.8015
12.8031
12.8010
12.8809
12.8092
12.8065
12.7998
12.8291
12.7503
12.8013
12.8034
12.8001
12.7997
12.8014
12.8735
12.8054
12.8034
12.8003
12.8019
12.7473
12.8007
12.7292
12.7980
12.7988
12.8006
12.8017
12.8006
12.8003
12.8003
12.8027
12.8018
12.8672
12.8002
12.8003
12.8729
12.8027
12.8011
12.8014
12.7328
12.8006
12.8002
12.8002
12.8005
12.8024
12.8784
12.7998
12.8001
12.8001
12.8001
12.8001
12.8216
12.8000
12.8000
12.8000
12.8000
12.7999
12.7999
12.7999
12.7999
12.7999
12.7999
12.8000
12.8003
12.8004
12.8005
12.8006
12.8007
12.8008
12.8009
12.8009
12.8010
12.8010
12.8010
12.8012
12.8012
12.7991
12.7898
12.8002
12.8012
12.8006
12.8010
12.8011
12.8008
12.8011
12.7696
12.7954
12.7985
12.7993
12.7822
12.7759
12.7971
12.7987
12.7998
12.8433
12.8064
12.7998
12.8311
12.7819
12.7988
12.7987
12.7986
12.7986
12.7988
12.8011
12.8124
12.7986
12.7986
12.8002
12.8005
12.7986
12.7978
12.7990
12.7997
12.7982
12.7975
12.7984
12.7569
12.7909
12.7912
12.7933
12.7914
12.7942
12.7955
12.7941
12.7958
12.7935
12.7935
15.1768
19.9199
20.3456
16.1721
16.2307
16.4018
20.9892
21.2850
21.4625
21.6070
21.7322
21.8434
21.9401
22.0437
22.1265
22.1965
22.2595
18.0927
17.7932
17.7562
17.7420
17.7385
17.7439
17.7562
17.7613
22.1890
22.3645
22.4563
22.5235
22.5784
22.6245
22.6639
22.6985
22.7292
22.7567
22.7816
22.8046
18.6686
18.3203
18.2550
18.2117
18.1818
18.1608
18.1463
18.1366
18.1306
18.1275
18.1266
22.4829
22.6394
22.7226
22.7815
22.8284
22.8697
22.9057
22.9377
22.9667
22.9930
23.0175
23.0403
24.0032
15.6358
18.2453
18.4414
18.4419
18.4273
18.4148
18.4055
18.3990
18.3947
18.5504
22.7824
22.9032
24.0031
22.4668
23.0241
23.1049
23.1425
23.1719
23.1978
23.2210
23.2424
23.2621
23.2806
23.2990
23.3167
24.0016
22.9712
23.3322
23.3745
23.3921
23.4067
23.4205
23.4338
23.4469
23.4597
23.4686
23.4766
23.4842
24.0014
23.2031
23.4816
23.5078
23.5162
23.5226
23.5285
23.5342
23.5397
23.5448
23.5496
23.5543
23.5589
24.0013
23.3090
23.5529
23.5732
23.5789
23.5829
23.5866
23.5903
23.5942
23.5982
23.6022
23.6061
23.6101
24.0014
23.3855
23.6059
23.6232
23.6282
23.6319
23.6354
23.6240
23.6113
23.5981
23.5847
23.5711
23.5573
24.0014
23.2544
23.4951
23.4979
23.4479
23.3979
23.4051
23.3567
23.3175
23.2809
23.2457
23.2117
23.1808
23.1523
23.1264
23.0968
23.0666
23.0344
22.9952
22.9656
22.9306
22.8942
22.8567
22.8182
22.7618
22.6960
22.6264
22.5621
22.4925
22.4195
22.3440
22.2785
22.2080
22.1349
22.0616
21.9834
21.9269
21.8758
21.8261
21.7785
21.7325
21.6898
21.6476
21.6063
21.5659
21.5262
21.4935
21.4585
21.4188
21.3776
21.3361
21.2946
21.2531
21.2117
21.1728
21.1345
21.0966
21.0590
21.0221
20.9855
20.9558
20.9295
20.9046
20.8807
20.8577
20.8357
20.8218
20.8078
20.7933
20.8149
20.8229
20.8209
20.8209
20.8224
20.7789
20.7616
20.7547
20.7503
20.7416
20.7350
20.7290
20.7235
20.7181
20.7114
20.6794
20.6286
20.5651
20.4916
20.4087
20.3606
20.2806
20.1790
20.0665
19.9441
19.8120
19.6706
19.5295
19.3847
19.2344
19.0785
18.9171
18.7504
18.6055
18.4611
18.3139
18.1804
18.0324
17.8778
17.8543
17.8781
17.9363
18.0216
18.1284
18.2547
18.4017
18.5935
18.7862
18.9869
19.2574
19.5071
19.6311
19.7123
19.7830
19.8895
19.9705
20.0366
20.0961
20.1526
20.2071
20.2602
20.3121
20.3633
20.4313
20.5068
20.5852
20.6659
20.7486
20.8331
20.9271
21.0143
21.1059
21.1992
21.2937
21.3891
21.4725
21.5508
21.6277
21.7034
21.7784
21.8527
21.7288
21.8198
21.9041
21.9865
22.0576
22.1300
22.1920
22.2482
22.3013
22.3543
22.4066
22.4575
24.0031
21.7544
22.5242
22.6286
22.6719
22.7062
22.7360
22.7633
22.7928
22.8229
22.8533
22.8839
22.9015
24.0016
22.3226
22.8893
22.9518
22.9713
22.9857
22.9991
23.0121
23.0247
23.0371
23.0493
23.0616
23.0738
24.0014
22.5790
23.0612
23.1124
23.1284
23.1405
23.1519
23.1631
23.1742
23.1852
23.1963
23.2076
23.2189
24.0014
22.8005
23.2130
23.2566
23.2712
23.2826
23.2936
23.3043
23.3151
23.3289
23.3435
23.3582
23.3730
24.0014
23.0473
23.3897
23.4278
23.4450
23.4601
23.4749
23.4895
23.5032
23.5169
23.5306
23.5444
23.5581
24.0014
23.3299
23.5826
23.6102
23.6252
23.6388
23.6521
23.6666
23.6812
23.6958
23.7105
23.7252
23.7398
24.0015
23.6151
23.7786
23.7976
23.8124
23.8267
23.8293
23.8291
23.8283
23.8272
23.8259
23.8245
23.8229
24.0016
23.7015
23.8144
23.8148
23.8126
23.8110
23.8098
23.8086
23.8074
23.8062
23.8049
23.8037
23.8025
24.0016
23.6681
23.7946
23.7968
23.7949
23.7923
23.7895
23.7868
23.7840
23.7812
23.7784
23.7756
23.7728
24.0016
23.6160
23.7581
23.7495
23.7357
23.7212
23.7065
23.6918
23.6768
23.6619
23.6469
23.6318
23.6167
24.0015
23.2890
23.4906
23.4547
23.4063
23.3585
23.3121
23.2670
23.2265
23.1904
23.1581
23.1187
23.0853
24.0025
22.4629
22.9332
22.9381
22.9086
22.8756
22.8421
22.8012
22.7559
22.7085
22.6594
22.6088
22.5569
24.0025
21.6974
22.2551
22.2421
22.1744
22.0999
22.0318
21.9666
21.9025
21.8391
21.7764
21.7143
21.6527
24.0023
20.4361
21.3308
21.3765
21.3307
21.2747
21.2171
21.1590
21.1006
21.0419
20.9831
20.9248
20.8664
24.0022
19.3643
20.4886
20.5649
20.5297
20.4839
20.4375
20.3917
20.3566
20.2855
20.2941
20.2834
20.2717
24.0020
18.6690
20.0195
20.1755
20.1933
20.1945
20.1932
20.1918
20.1908
20.1920
20.1941
20.1970
20.2005
24.0025
18.5029
19.8583
19.9793
19.9431
19.8801
19.8051
19.7670
19.6918
19.5931
19.4838
19.3655
19.2387
24.0025
17.0609
18.6185
18.7619
18.7257
18.6554
18.6013
18.5886
18.5887
18.5971
18.6133
18.6370
18.6682
24.0025
16.5379
18.2335
18.4247
18.4097
18.3486
18.2853
18.2231
18.1585
18.0918
18.0232
17.9532
18.0077
24.0019
16.0462
18.0846
18.5153
18.7365
19.0097
19.2430
19.4643
19.7386
20.0367
20.2939
20.4402
20.5455
24.0022
19.2893
20.6048
20.8271
20.9282
20.9727
21.0357
21.1080
21.1808
21.2535
21.3413
21.4350
21.5296
24.0025
20.6329
21.6787
21.8715
21.9735
22.0641
22.1518
22.2376
22.3214
22.3866
22.4435
22.4966
22.5469
24.0017
21.8654
22.6068
22.7153
22.7639
22.8034
22.8394
22.8761
22.9129
22.9495
22.9860
23.0224
23.0588
24.0016
22.6025
23.0807
23.1340
23.1523
23.1663
23.1791
23.1913
23.2032
23.2146
23.2257
23.2366
23.2473
24.0016
22.8418
23.2372
23.2764
23.2879
23.2963
23.3041
23.3117
23.3190
23.3263
23.3334
23.3404
23.3488
24.0015
22.9956
23.3440
23.3789
23.3905
23.3995
23.4081
23.4166
23.4251
23.4335
23.4420
23.4510
23.4595
24.0014
23.1630
23.4596
23.4885
23.4986
23.5066
23.5143
23.5219
23.5294
23.5368
23.5431
23.5492
23.5553
24.0014
16.5484
18.9757
18.9973
18.9835
18.9581
18.9355
18.9165
18.9007
18.8894
18.8808
18.8742
18.8692
24.0015
15.9743
18.7301
18.8079
18.8348
18.8420
18.8465
19.0083
23.2231
23.3294
19.2527
19.0254
18.9995
24.0015
16.2912
23.0465
23.3852
23.4852
23.5456
23.5930
23.6298
23.6622
23.6905
23.7159
23.7389
23.7601
24.0016
19.3810
19.3930
19.3502
19.3172
19.2935
19.2780
19.2667
19.2595
19.2552
19.2534
19.2536
19.2554
24.0016
16.5371
19.0011
19.2271
19.2587
12.1954
12.8001
12.8004
12.7175
12.7777
12.7971
12.7984
12.7988
23.4674
13.3330
12.8058
12.8276
13.0293
12.7599
12.7595
12.7793
12.7908
12.7962
12.7968
12.7979
12.7988
12.8015
12.7982
12.8006
13.0199
12.7512
12.7881
12.8005
12.8051
12.8027
12.8019
12.8701
12.8075
12.8061
12.7999
12.8000
12.7558
12.8212
12.8066
12.8035
12.8026
12.8028
12.8024
12.8043
12.8007
12.7999
12.8718
12.7322
12.8734
12.7510
12.8009
12.7282
12.7984
12.8013
12.8001
12.7996
12.8727
12.8038
12.8038
12.7304
12.7995
12.8013
12.8031
12.8022
12.8012
12.8010
12.8020
12.8040
12.8018
12.8734
12.8033
12.8046
12.8033
12.7400
12.7993
12.8002
12.8725
12.7998
12.7999
12.7997
12.7996
12.8007
12.8000
12.7997
12.7996
12.7995
12.8004
12.8004
12.8004
12.8004
12.8007
12.8009
12.8011
12.8001
12.8009
12.8014
12.8015
12.8016
12.8017
12.8017
12.8019
12.8020
12.8018
12.8017
12.8016
12.8016
12.8015
12.7729
12.7973
12.8335
12.8040
12.8032
12.8018
12.7439
12.7997
12.8591
12.8047
12.8032
12.8024
12.8042
12.8042
12.8013
12.8009
12.8003
12.8592
12.7488
12.7962
12.8004
12.7999
12.7999
12.7998
12.8013
12.8015
12.8130
12.7995
12.7997
12.8023
12.8007
12.7983
12.7976
12.7999
12.7984
12.7972
12.7968
12.7990
12.7468
12.7890
12.7910
12.7894
12.7899
12.7953
12.7931
12.7360
12.8513
12.7978
12.7326
12.8509
12.7910
12.7947
12.7941
12.7940
12.7942
12.7343
12.7954
12.7946
12.7972
12.7973
12.7978
12.7982
12.7906
12.7985
12.8441
12.8049
12.7993
12.7995
12.8023
12.7989
12.7987
12.8717
12.8010
12.8033
12.8074
12.8005
12.8047
12.7479
12.8025
12.8016
12.8004
12.8001
12.7979
12.7957
12.8238
12.8165
12.7862
12.8010
12.8003
12.7292
12.7987
12.7991
12.8000
12.7992
12.7993
12.7995
12.8000
24.0050
24.5736
24.9825
25.2807
13.2734
12.8345
12.7986
12.7977
12.7982
12.7986
12.7989
12.7991
12.7994
12.7996
12.7997
12.7998
24.3932
13.2712
12.8156
12.8053
12.8007
12.7973
12.8032
