25.0116
25.0146
24.9948
24.9827
24.9749
24.9695
24.9657
24.9629
24.9607
24.9589
24.9573
24.9557
24.9542
24.9531
24.9521
24.9514
24.9507
24.9500
24.9494
24.9488
24.9481
24.9474
24.9567
24.9526
24.9498
24.9477
24.9460
24.9544
24.9497
24.9562
24.9502
24.9458
24.9424
24.9396
24.9372
24.9351
24.9333
24.9316
24.9300
24.9286
24.9272
24.9259
24.9248
24.9238
24.9229
24.9220
24.9212
24.9204
24.9196
24.9187
24.9176
24.9165
24.9153
24.9141
24.9127
24.9113
24.9098
24.9083
24.9067
24.9150
24.9100
24.8123
24.7448
24.6983
24.6644
24.6387
24.6184
24.6018
24.5877
24.5754
24.5645
24.5740
24.5863
24.6017
24.6458
24.6793
24.7050
24.7252
24.7418
24.7556
24.7676
24.7783
24.7882
24.7975
24.8065
24.4415
24.2445
24.1031
23.9989
23.9970
23.9970
23.9973
23.9971
23.9974
23.9974
23.9976
23.9974
23.9977
23.9974
24.0161
24.0121
24.0103
24.0083
24.0058
24.0268
24.0246
24.0246
24.0275
24.0230
24.0274
24.0451
24.0619
24.0711
24.0805
24.0899
24.1020
24.1120
24.1203
24.1252
24.1333
24.1426
24.1491
24.1667
24.1863
24.1910
24.2069
24.2073
24.2063
24.2096
24.2153
24.2193
24.2213
24.2236
24.2401
24.2821
24.3111
24.3323
24.3526
24.3704
24.3846
24.3926
24.4028
24.4116
24.4167
24.4235
24.4319
24.4962
24.5296
24.5582
24.5815
24.5960
24.6080
24.6228
24.6330
24.6635
24.6687
24.6935
24.7105
24.7137
24.7174
24.6983
24.6894
24.6858
24.6807
24.6787
24.6797
24.6790
24.6738
24.6765
24.6780
24.5932
24.5236
24.4723
24.4328
24.4006
24.3737
24.3535
24.3424
24.3306
24.3190
24.3074
24.2981
24.2882
24.2915
24.2813
24.2742
24.2609
24.2567
24.2542
24.2502
24.2556
24.2466
24.2417
24.2388
24.3201
24.3546
24.3884
24.4050
24.4171
24.4118
24.4040
24.4001
24.4288
24.4142
24.4200
24.4050
24.3585
24.2703
24.2015
24.1471
24.1054
24.0745
24.0481
24.0286
24.0103
24.0000
23.9997
23.9997
23.9996
23.9995
23.9994
23.9993
23.9993
23.9992
23.9991
23.9990
23.9990
23.9989
23.9989
23.9988
23.9989
23.9987
23.9986
23.9986
23.9985
23.9984
23.9983
23.9983
23.9982
23.9980
23.9981
23.9981
23.9980
23.9979
23.9979
23.9979
23.9979
23.9979
23.9979
23.9978
23.9978
23.9978
23.9978
23.9978
23.9981
23.9980
23.9980
23.9979
23.9978
23.9978
23.9977
23.9977
23.9976
23.9976
23.9976
24.2986
24.4763
24.5978
24.6825
24.7430
24.7875
24.8212
24.8474
24.8684
24.8857
24.9002
24.9126
24.9333
24.9494
24.9526
24.9570
24.9620
24.9672
24.9724
24.9776
24.9823
24.9870
24.9920
24.9972
25.0021
24.9839
24.9741
24.9707
24.9728
24.9799
24.9074
24.8545
24.8267
24.8149
24.8138
24.8199
24.8311
24.8461
24.8636
24.8829
24.9034
24.9246
25.0458
25.1332
25.2004
25.1590
25.1384
25.1330
25.1367
25.1560
25.1656
25.1785
25.1934
25.2095
25.2360
25.2498
25.2648
25.3825
25.3672
25.3611
25.3630
25.3696
25.3791
25.3902
25.4023
25.4149
25.4278
25.4407
25.4535
25.4661
25.5822
25.5619
25.5517
25.5488
25.5504
25.5548
25.5608
25.5675
25.5748
25.5822
25.5897
25.5973
25.6048
25.7168
25.5980
25.5984
25.5984
25.5983
25.5983
25.5983
25.5983
25.5983
25.5982
25.5982
25.5979
25.5978
25.2642
25.0540
24.9958
24.9954
24.9957
24.9960
24.9962
24.9964
24.9966
24.9968
24.9970
24.9972
24.8545
24.7958
24.7480
24.7102
24.7329
24.7287
24.7248
24.7996
24.8053
24.8118
24.7651
24.7823
24.7427
24.7917
24.8289
24.8707
24.8976
24.9313
24.9477
24.9605
24.9731
24.9883
25.0028
25.0180
25.0249
25.0603
25.0897
25.1080
25.1227
25.1341
25.1475
25.1620
25.1741
25.1831
25.1902
25.2006
25.2114
25.2275
25.2352
25.2537
25.2628
25.2702
25.2753
25.2756
25.2836
25.2931
25.3002
25.3048
25.3095
25.3546
25.3895
25.4132
25.4318
25.4490
25.4618
25.4688
25.4761
25.4843
25.4929
25.4931
25.4971
25.5490
25.5836
25.6373
25.6503
25.6598
25.6657
25.6750
25.6837
25.6976
25.7029
25.7100
25.7544
25.7358
25.7454
25.7331
25.7452
25.7400
25.7376
25.7337
25.7348
25.7389
25.7399
25.7426
25.7478
25.6706
25.6035
25.5540
25.5183
25.4907
25.4679
25.4488
25.4325
25.4276
25.4220
25.4159
25.4094
25.3999
25.3986
25.3920
25.3987
25.3920
25.3855
25.3833
25.3830
25.3813
25.3778
25.3731
25.3711
25.4329
25.4669
25.4892
25.5256
25.5463
25.5518
25.5529
25.5527
25.5550
25.5565
25.5545
25.5543
25.4660
25.4304
25.3902
25.3794
25.3289
25.2886
25.2593
25.2368
25.2273
25.2069
25.1883
25.1709
25.1305
25.1055
25.0824
25.0620
25.0429
25.0250
25.0057
24.9900
24.9754
24.9634
24.9524
24.9407
24.8998
24.8666
24.8386
24.8143
24.7936
24.7750
24.7574
24.7429
24.7299
24.7409
24.7223
24.7056
24.7002
24.6913
24.6841
24.6763
24.6680
24.6607
24.6553
24.6501
24.6544
24.6454
24.6382
24.6295
24.5786
24.5405
24.5108
24.4843
24.4660
24.4507
24.4375
24.4266
24.4176
24.4095
24.4016
24.8957
25.2912
25.5663
25.7591
25.8957
25.8915
25.8956
25.9045
25.9156
25.9274
25.9390
25.9500
25.9696
25.9761
25.9831
25.9901
25.9969
26.1115
26.0831
26.0660
26.0570
26.0529
26.0517
26.0613
26.0598
26.0480
26.0323
26.0226
26.0165
26.0127
26.1186
26.0830
26.0594
26.0446
26.0353
26.0294
26.0257
26.0234
26.0221
26.0214
26.0211
26.0211
26.0213
26.1298
26.0958
26.0732
26.0591
26.0501
26.0441
26.0399
26.0369
26.0345
26.0326
26.0309
26.0294
26.0279
26.1346
26.0988
26.0744
26.0583
26.0474
26.0396
26.0340
26.0296
26.0261
26.0232
26.0208
26.0186
26.0165
26.1227
26.0865
26.0618
26.0454
26.0340
26.0258
26.0197
26.0147
26.0106
26.0070
26.0038
26.0008
25.9978
26.1029
26.0657
25.6306
25.5971
25.5971
25.5972
25.5972
25.5973
25.5973
25.5974
25.5974
25.5975
25.5971
25.8356
25.5067
25.2780
25.1037
24.9971
24.9958
24.9961
24.9963
24.9965
24.9967
24.9969
24.9971
24.9973
24.8801
24.8359
24.8048
24.7808
24.7716
24.7957
24.7922
24.8341
24.8522
24.8554
24.8274
24.8402
24.8395
24.9082
24.9386
24.9640
24.9908
25.0160
25.0388
25.0472
25.0537
25.0593
25.0658
25.0811
25.0981
25.1193
25.1354
25.1533
25.1706
25.1843
25.1941
25.2137
25.2226
25.2306
25.2357
25.2383
25.2437
25.2524
25.2613
25.2665
25.2731
25.2786
25.2843
25.2877
25.2892
25.2933
25.2998
25.3053
25.3085
25.3488
25.3839
25.4130
25.4339
25.4512
25.4681
25.4820
25.4907
25.4991
25.5092
25.5162
25.5192
25.5704
25.6108
25.6675
25.6799
25.6927
25.7026
25.7094
25.7481
25.7588
25.7552
25.7961
25.8000
25.8068
25.7875
25.7875
25.7872
25.7780
25.7760
25.7852
25.7804
25.7815
25.7852
25.7859
25.7879
25.7014
25.6379
25.5893
25.5513
25.5282
25.5101
25.4951
25.4816
25.4693
25.4624
25.4589
25.4550
25.4480
25.4384
25.4328
25.4310
25.4284
25.4254
25.4222
25.4202
25.4213
25.4228
25.4225
25.4204
25.4685
25.5170
25.5642
25.5875
25.6029
25.6078
25.6128
25.6139
25.6118
25.6132
25.6154
25.6238
25.5817
25.5040
25.4658
25.4258
25.3834
25.3587
25.3249
25.3096
25.2915
25.2746
25.2593
25.2443
25.2041
25.1738
25.1682
25.1457
25.1243
25.1052
25.0847
25.0682
25.0519
25.0358
25.0198
25.0064
24.9660
24.9334
24.9057
24.8831
24.8613
24.8411
24.8225
24.8049
24.7882
24.7753
24.7589
24.7477
24.7466
24.7429
24.7374
24.7307
24.7233
24.7155
24.7075
24.7000
24.6937
24.6882
24.6833
24.6778
24.6292
24.5896
24.5620
24.5400
24.5220
24.5069
24.4940
24.4825
24.4722
24.4627
24.4540
24.9621
25.3467
25.6252
25.8201
25.9588
25.9561
25.9613
25.9712
25.9831
25.9956
26.0079
26.0195
26.0301
26.0398
26.0486
26.0566
26.0639
26.1792
26.1506
26.1329
26.1234
26.1369
26.1289
26.1249
26.1231
26.1012
26.0876
26.0880
26.0793
26.0737
26.1788
26.1420
26.1173
26.1017
26.0915
26.0849
26.0804
26.0772
26.0749
26.0731
26.0717
26.0705
26.0694
26.1770
26.1416
26.1176
26.1019
26.0913
26.0837
26.0780
26.0733
26.0694
26.0659
26.0718
26.0656
26.0606
26.1649
26.1267
26.1001
26.0819
26.0690
26.0595
26.0521
26.0461
26.0408
26.0361
26.0318
26.0278
26.0238
26.1281
26.0900
26.0635
26.0449
26.0315
26.0213
26.0132
26.0063
26.0002
25.9946
25.9894
25.9844
25.9794
26.0824
26.0435
25.6061
25.5972
25.5972
25.5973
25.5973
25.5974
25.5974
25.5975
25.5975
25.5975
25.5973
25.8227
25.4803
25.2464
25.0716
24.9965
24.9958
24.9960
24.9962
24.9965
24.9967
24.9969
24.9971
24.9972
24.8924
24.8610
24.8377
24.8419
24.8586
24.8427
24.8627
24.8713
24.8858
24.9390
24.9284
24.9316
24.9332
25.0051
25.0423
25.0719
25.0947
25.1122
25.1389
25.1563
25.1683
25.1777
25.1815
25.1935
25.2039
25.2254
25.2407
25.2546
25.2688
25.2833
25.2951
25.3061
25.3119
25.3211
25.3312
25.3386
25.3435
25.3613
25.3745
25.3832
25.3892
25.3930
25.4003
25.4091
25.4158
25.4196
25.4236
25.4307
25.4373
25.4781
25.5070
25.5330
25.5550
25.5699
25.5805
25.5935
25.6040
25.6100
25.6149
25.6323
25.6759
25.7125
25.7412
25.7650
25.7809
25.7931
25.8060
25.8156
25.8315
25.8382
25.8638
25.8895
25.9033
25.9027
25.9101
25.8997
25.8862
25.8753
25.8674
25.8657
25.8653
25.8621
25.8636
25.8672
25.8672
25.7772
25.7118
25.6642
25.6297
25.5996
25.5773
25.5626
25.5511
25.5401
25.5291
25.5198
25.5148
25.5161
25.5076
25.4958
25.4850
25.4871
25.4812
25.4751
25.4680
25.4602
25.4556
25.4536
25.4507
25.5072
25.5452
25.5759
25.6099
25.6232
25.6294
25.6262
25.6251
25.6217
25.6152
25.6116
25.6097
25.5199
25.4513
25.3969
25.3655
25.3317
25.3045
25.2788
25.2614
25.2428
25.2260
25.2138
25.2017
25.1714
25.1438
25.1200
25.0988
25.0794
25.0598
25.0470
25.0353
25.0229
25.0098
24.9961
24.9819
24.9395
24.9050
24.8773
24.8550
24.8366
24.8191
24.8016
24.7850
24.7691
24.7569
24.7414
24.7271
24.7231
24.7177
24.7117
24.7082
24.7033
24.6976
24.6909
24.6841
24.6873
24.6774
24.6680
24.6595
24.6125
24.5732
24.5459
24.5241
24.5062
24.4911
24.4781
24.4666
24.4562
24.4467
24.4378
24.9333
25.3181
25.5982
25.7943
25.9334
25.9306
25.9357
25.9453
25.9571
25.9695
25.9816
26.0024
26.0102
26.0182
26.0260
26.0336
26.0408
26.1568
26.1293
26.1128
26.1041
26.1001
26.0990
26.1085
26.1070
26.0852
26.0720
26.0638
26.0587
26.0556
26.1622
26.1267
26.1029
26.0878
26.0780
26.0716
26.0672
26.0642
26.0620
26.0604
26.0591
26.0580
26.0570
26.1647
26.1295
26.1055
26.0900
26.0797
26.0726
26.0676
26.0640
26.0613
26.0591
26.0574
26.0559
26.0546
26.1620
26.1265
26.1023
26.0867
26.0762
26.0690
26.0637
26.0598
26.0567
26.0541
26.0519
26.0500
26.0482
26.1549
26.1189
26.0942
26.0781
26.0673
26.0599
26.0546
26.0506
26.0476
26.0452
26.0432
26.0415
26.0400
26.1470
26.1114
25.6745
25.5972
25.5970
25.5971
25.5972
25.5972
25.5973
25.5973
25.5973
25.5973
25.5967
25.8785
25.5718
25.3622
25.2010
25.0746
24.9967
24.9959
24.9961
24.9964
24.9966
24.9969
24.9971
24.9973
24.9128
24.8574
24.8185
24.7889
24.7660
24.7481
24.7339
24.7225
24.7132
24.7056
24.6993
24.6957
24.6940
24.7121
24.7248
24.7339
24.7406
24.7456
24.7495
24.7525
24.7550
24.7571
24.7591
24.7627
24.7675
24.8009
24.8254
24.8439
24.8581
24.8692
24.8781
24.8854
24.8943
24.9037
24.9118
24.9185
24.9240
24.9193
24.9167
24.9153
24.9161
24.9195
24.9235
24.9273
24.9305
24.9332
24.9355
24.9375
24.9389
24.9594
24.9768
24.9908
25.0010
25.0082
25.0132
25.0166
25.0184
25.0220
25.0269
25.0309
25.0327
25.0192
25.0090
25.0012
24.9950
24.9924
24.9920
24.9915
24.9905
24.9889
24.9868
24.9844
24.9818
24.9749
24.9716
24.9698
24.9679
24.9655
24.9629
24.9602
24.9573
24.9544
24.9518
24.9517
24.9526
24.9336
24.9195
24.9085
24.8997
24.8926
24.8866
24.8814
24.8770
24.8737
24.8725
24.8723
24.8715
24.8608
24.8527
24.8461
24.8407
24.8361
24.8323
24.8289
24.8258
24.8229
24.8211
24.8207
24.8206
24.8249
24.8274
24.8286
24.8288
24.8285
24.8274
24.8259
24.8241
24.8220
24.8197
24.8190
25.2332
25.5331
25.7552
25.9129
26.0251
26.1074
26.1692
26.2163
26.2530
26.2819
26.3051
26.3237
26.4508
26.4272
26.4116
26.4035
26.3985
26.3947
26.3920
26.3902
26.3886
26.3869
26.3853
26.3840
26.3825
26.4606
26.4024
26.3615
26.3337
26.3135
26.2981
26.2856
26.2752
26.2659
26.2575
26.2497
26.2429
26.2370
26.3419
26.3020
26.2735
26.2543
26.2405
26.2301
26.2220
26.2154
26.2097
26.2048
26.2004
26.1963
26.1925
26.2988
26.2607
26.2339
26.2160
26.2035
26.1943
26.1873
26.1817
26.1770
26.1731
26.1699
26.1670
26.1645
26.2717
26.2351
26.2098
26.1934
26.1823
26.1746
26.1690
26.1649
26.1615
26.1585
26.1557
26.1532
26.1508
26.2578
26.2211
26.1954
26.1786
26.1669
26.1585
26.1521
26.1471
26.1430
26.1395
26.1364
26.1337
26.1311
26.2380
26.2013
26.1757
26.1589
26.1473
26.1390
26.1327
26.1277
26.1235
26.1200
26.1167
26.1138
26.1110
26.2176
26.1806
26.1547
26.1376
26.1256
26.1170
26.1104
26.1051
26.1007
26.0969
26.0935
26.0904
26.0874
26.1935
26.1563
26.1304
26.1131
26.1011
26.0923
26.0855
26.0802
26.0757
26.0717
26.0682
26.0650
26.0619
26.1677
26.1304
26.1045
26.0871
26.0750
26.0661
26.0593
26.0538
26.0491
26.0451
26.0415
26.0382
26.0350
26.1405
26.1033
26.0777
26.0608
26.0492
26.0410
26.0351
26.0305
26.0270
26.0241
26.0217
26.0197
26.0702
26.2284
26.2303
26.2494
26.2663
26.2780
26.2854
26.2906
26.2967
26.3022
26.3072
26.3122
26.3176
26.3235
26.4404
26.4130
26.3958
26.3889
26.3873
26.3890
26.3925
26.3972
26.4028
26.4091
26.4151
26.4214
26.4284
26.5475
26.5205
26.5037
26.4970
26.4958
26.4978
26.5017
26.5070
26.5131
26.5196
26.5262
26.5330
26.5397
26.6592
26.6310
26.6124
26.6040
26.6013
26.6021
26.6053
26.6101
26.6159
26.6225
26.6297
26.6374
26.6453
26.7673
26.6984
26.6962
26.6983
26.6986
26.6986
26.6985
26.6985
26.6985
26.6984
26.6983
26.6983
26.6983
26.8491
26.6983
26.6983
26.6982
26.6982
26.6982
26.6982
26.6982
26.6982
26.6982
26.6982
26.6981
26.6981
26.8738
26.6985
26.6982
26.6981
26.6981
26.6981
26.6981
26.6981
26.6980
26.6980
26.6980
26.6981
26.6981
26.8828
26.6987
26.6982
26.6982
26.6982
26.6981
26.6982
26.6983
26.6983
26.6983
26.6983
26.6983
26.6983
26.8702
26.6987
26.6983
26.6983
26.6983
26.6983
26.6983
26.6983
26.6983
26.6983
26.6983
26.6983
26.6983
26.8611
26.6985
26.6984
26.6984
26.6984
26.6984
26.6984
26.6984
26.6984
26.6985
26.6985
26.6985
26.6985
26.8399
26.6985
26.6986
26.6986
26.6986
26.6986
26.6986
26.6987
26.6987
26.6987
26.6987
26.6978
26.6944
26.8033
26.6986
26.6877
26.6601
26.6387
26.6210
26.6054
26.5914
26.5784
26.5664
26.5550
26.5440
26.5333
26.6359
26.5900
26.5551
26.5299
26.5101
26.4938
26.4796
26.4669
26.4551
26.4440
26.4333
26.4229
26.4127
26.5152
26.4713
26.4389
26.4159
26.3986
26.3848
26.3734
26.3636
26.3548
26.3469
26.3395
26.3326
26.3259
26.4305
26.3892
26.3592
26.3381
26.3225
26.3102
26.3002
26.2916
26.2839
26.2769
26.2704
26.2643
26.2586
26.3637
26.3236
26.2949
26.2751
26.2606
26.2495
26.2407
26.2332
26.2267
26.2209
26.2154
26.2101
26.2049
26.3099
26.2703
26.2419
26.2222
26.2077
26.1966
26.1875
26.1799
26.1731
26.1669
26.1611
26.1555
26.1501
26.2544
26.2148
26.1958
26.1731
26.1570
26.1448
26.1353
26.1274
26.1212
26.1151
26.1095
26.1044
26.0994
26.2039
26.1662
26.1373
26.1177
26.1035
26.0925
26.0835
26.0758
26.0689
26.0717
26.0627
26.0549
26.0479
26.1503
26.1111
26.0811
26.0605
26.0453
26.0334
26.0238
26.0155
26.0082
26.0016
25.9954
25.9895
25.9837
26.0865
26.0483
26.0191
25.9993
25.9848
25.9734
25.9642
25.9562
25.9490
25.9423
25.9361
25.9300
25.9241
26.0262
25.9877
25.9582
25.9379
25.6003
25.5974
25.5974
25.5975
25.5975
25.5976
25.5976
25.5976
25.5976
25.7809
25.5978
25.5973
25.3086
25.1179
24.9970
24.9956
24.9958
24.9961
24.9963
24.9965
24.9968
24.9970
24.9972
24.9974
24.8844
24.8521
24.8264
24.8072
24.8343
24.8548
24.8809
24.8800
24.8933
24.9036
24.8824
24.8986
24.8982
24.9467
24.9824
25.0198
25.0528
25.0713
25.0860
25.0973
25.1058
25.1171
25.1329
25.1534
25.1592
25.1780
25.2046
25.2250
25.2353
25.2459
25.2549
25.2666
25.2779
25.2860
25.2912
25.2976
25.3061
25.3181
25.3261
25.3340
25.3410
25.3490
25.3546
25.3547
25.3593
25.3669
25.3742
25.3789
25.3811
25.4241
25.4591
25.4842
25.5011
25.5182
25.5367
25.5460
25.5516
25.5601
25.5685
25.5727
25.5856
25.6358
25.6739
25.6985
25.7205
25.7391
25.7599
25.7771
25.7833
25.8058
25.8136
25.8138
25.8906
25.8648
25.8512
25.8436
25.8264
25.8175
25.8142
25.8099
25.8170
25.8164
25.8162
25.8139
25.8166
25.7380
25.6676
25.6151
25.5787
25.5541
25.5350
25.5185
25.5036
25.4929
25.4863
25.4803
25.4731
25.4631
25.4518
25.4517
25.4470
25.4347
25.4255
25.4164
25.4116
25.4086
25.4042
25.3982
25.3910
25.4685
25.5278
25.5503
25.5538
25.5569
25.5812
25.5785
25.5731
25.5790
25.5955
25.5875
25.5781
25.5261
25.4502
25.3931
25.3583
25.3199
25.2887
25.2729
25.2518
25.2363
25.2227
25.2098
25.2076
25.1699
25.1398
25.1175
25.1004
25.0849
25.0705
25.0566
25.0431
25.0298
25.0165
25.0053
24.9958
24.9570
24.9256
24.8993
24.8765
24.8564
24.8382
24.8214
24.8057
24.7910
24.7894
24.7792
24.7664
24.7743
24.7671
24.7593
24.7511
24.7428
24.7344
24.7261
24.7187
24.7135
24.7090
24.7036
24.6979
24.6595
24.6203
24.5899
24.5661
24.5439
24.5289
24.5161
24.5049
24.4948
24.4856
24.4769
24.8680
25.1752
25.4063
25.5717
25.6897
25.7748
25.8375
25.8846
25.9211
25.9498
25.9730
25.9921
26.1163
26.0950
26.0831
26.0779
26.0767
26.0778
26.0801
26.0830
26.0862
26.0986
26.0988
26.1000
25.7229
25.9396
25.5901
25.3203
25.1006
24.9255
24.7884
24.6820
24.5983
24.5311
24.4761
24.4299
24.3902
24.3553
24.8239
24.7163
24.5840
24.4821
24.4033
24.3413
24.2915
24.2504
24.2158
24.1967
24.1676
24.1421
24.1191
24.5913
24.4978
24.3779
24.2859
24.2148
24.1589
24.1143
24.0780
24.0477
24.0217
23.9991
23.9789
23.9606
24.4335
24.3474
24.2334
24.1464
24.0790
24.0263
23.9844
23.9501
23.9218
23.8976
23.8767
23.8580
23.8414
24.3072
24.2271
24.1176
24.0340
23.9689
23.9178
23.8769
23.8442
23.8173
23.7952
23.7772
23.7621
23.7494
24.2132
24.1403
24.0368
23.9586
23.9114
23.8784
23.8574
23.8769
23.8929
23.9064
23.9181
23.9282
23.9372
23.9455
23.9532
23.9605
23.9676
23.9744
25.0120
25.7811
26.2546
26.6006
26.6678
26.6690
26.6690
26.6692
26.6691
26.6691
26.6691
26.6692
26.6691
26.6696
26.6697
26.6698
26.6698
26.6700
26.6728
26.6862
26.7035
26.7225
26.7438
26.7690
26.7950
26.8316
26.8617
26.8896
26.9182
26.9451
26.9687
26.9896
27.0121
27.0360
27.0575
27.0760
27.0928
27.1171
27.1407
27.1688
27.1910
27.2037
27.2207
27.2381
27.2536
27.2676
27.2855
27.3052
27.3224
27.3697
27.4053
27.4448
27.4678
27.4858
27.5036
27.5212
27.5353
27.5451
27.5726
27.5798
27.5862
27.6389
27.6705
27.6955
27.7114
27.7269
27.7427
27.7543
27.7810
27.7969
27.8253
27.8609
27.8605
27.8758
27.8561
27.8507
27.8522
27.8532
27.8569
27.8642
27.8704
27.8740
27.8820
27.8902
27.8943
27.8283
27.7837
27.7562
27.7376
27.7242
27.7178
27.7162
27.7154
27.7137
27.7114
27.7113
27.7143
27.7129
27.7110
27.7242
27.7172
27.7158
27.7164
27.7159
27.7142
27.7118
27.7207
27.7207
27.7200
27.7706
27.7926
27.8106
27.8401
27.8503
27.8552
27.8542
27.8561
27.8635
27.8581
27.8570
27.8653
27.7877
27.7367
27.7005
27.6990
27.6735
27.6545
27.6386
27.6243
27.6191
27.6040
27.5934
27.5851
27.5636
27.5384
27.5183
27.5011
27.4852
27.4711
27.4604
27.4508
27.4407
27.4298
27.4184
27.4066
27.3697
27.3417
27.3198
27.3027
27.2881
27.2743
27.2609
27.2479
27.2352
27.2228
27.2108
27.1996
27.1974
27.2013
27.1952
27.1906
27.1858
27.1806
27.1752
27.1698
27.1645
27.1594
27.1543
27.1494
27.1086
27.0901
27.0682
27.0520
27.0395
27.0293
27.0208
27.0132
27.0063
26.9996
26.9932
26.7522
26.5470
26.3750
26.2241
26.0866
25.9614
25.8469
25.7429
25.6485
25.5623
25.4830
25.4095
25.8401
25.6600
25.5202
25.3932
25.2871
25.1971
25.1195
25.0515
24.9907
24.9400
24.9066
24.8859
24.8439
25.3017
25.1620
25.0062
24.8987
24.8059
24.7336
24.6759
24.6287
24.5890
24.5548
24.5247
24.4975
24.4726
24.9536
24.8471
24.7184
24.6209
24.5461
24.4875
24.4407
24.4023
24.3701
24.3422
24.3175
24.2953
24.2748
24.7644
24.6637
24.5503
24.4534
24.3792
24.3212
24.2749
24.2371
24.2056
24.1787
24.1552
24.1342
24.1152
24.5906
24.4979
24.3802
24.2909
24.2223
24.1688
24.1262
24.0913
24.0622
24.0372
24.0153
23.9956
23.9776
24.4506
24.3619
24.2469
24.1593
24.0915
24.0383
23.9956
23.9620
23.9349
23.9129
23.8946
23.8793
23.8664
24.3374
24.2601
24.1549
24.0765
24.0289
23.9960
23.9752
24.0070
24.0219
24.0353
24.0476
24.0588
24.0692
24.0790
24.0883
24.0974
24.1061
24.1147
25.1599
25.9316
26.4102
26.6641
26.6690
26.6691
26.6693
26.6693
26.6694
26.6694
26.6693
26.6696
26.6695
26.6700
26.6700
26.6847
26.7068
26.7309
26.7643
26.7874
26.8161
26.8552
26.8811
26.9065
26.9315
26.9730
27.0109
27.0434
27.0716
27.0985
27.1272
27.1551
27.1796
27.2016
27.2250
27.2503
27.2739
27.2989
27.3284
27.3493
27.3714
27.3987
27.4123
27.4271
27.4451
27.4627
27.4776
27.4903
27.5058
27.5555
27.5898
27.6129
27.6341
27.6544
27.6712
27.6842
27.6997
27.7160
27.7286
27.7383
27.7518
27.8065
27.8412
27.8755
27.8968
27.9134
27.9346
27.9479
27.9607
27.9699
27.9983
28.0140
28.0323
28.0308
28.0735
28.0573
28.0504
28.0521
28.0554
28.0569
28.0636
28.0715
28.0761
28.0829
28.0985
28.0214
27.9733
27.9440
27.9271
27.9155
27.9061
27.8980
27.8929
27.8919
27.8917
27.8902
27.8876
27.8814
27.8804
27.8965
27.8909
27.8865
27.8821
27.8814
27.8824
27.8893
27.8839
27.8773
27.8726
27.9232
27.9458
27.9563
27.9755
27.9744
27.9891
27.9804
27.9723
27.9844
27.9774
27.9697
27.9913
27.9042
27.8800
27.8312
27.7964
27.7701
27.7489
27.7489
27.7324
27.7189
27.7060
27.6935
27.6812
27.6569
27.6320
27.6138
27.5979
27.5829
27.5687
27.5551
27.5419
27.5289
27.5177
27.5085
27.4992
27.4639
27.4371
27.4153
27.3965
27.3799
27.3648
27.3506
27.3376
27.3270
27.3174
27.3075
27.2974
27.2958
27.2914
27.2855
27.2787
27.2715
27.2642
27.2578
27.2533
27.2492
27.2527
27.2448
27.2459
27.1991
27.1753
27.1493
27.1298
27.1145
27.1017
27.0906
27.0806
27.0712
27.0623
27.0546
26.8189
26.6122
26.4359
26.2799
26.1401
26.0132
25.8972
25.7914
25.6946
25.6060
25.5246
25.4490
25.8717
25.6932
25.5466
25.4255
25.3250
25.2401
25.1670
25.1028
25.0454
24.9933
24.9453
24.9109
25.2787
25.6528
25.9388
26.1441
26.2860
26.2776
26.2740
26.2745
26.2772
26.2810
26.2852
26.2896
26.2939
26.2981
26.3021
26.3060
26.3097
26.4248
26.3936
26.3727
26.3603
26.3530
26.3489
26.3467
26.3449
26.3523
26.3477
26.3529
26.3466
26.3415
26.4578
26.4159
26.3865
26.3664
26.3517
26.3407
26.3319
26.3246
26.3181
26.3122
26.3067
26.3014
26.2960
26.4019
26.3620
26.3422
26.3190
26.3020
26.2889
26.2782
26.2690
26.2608
26.2532
26.2460
26.2389
26.2319
26.3356
26.2942
26.2644
26.2426
25.8042
25.5983
25.5964
25.5964
25.5965
25.5966
25.5967
25.5968
25.5968
25.8596
25.5991
25.5969
25.3464
25.1774
25.0513
24.9964
24.9959
24.9961
24.9963
24.9966
24.9968
24.9970
24.9972
24.9974
24.9272
24.9223
24.9206
24.9226
24.9259
24.9701
24.9728
24.9991
25.0271
25.0801
25.0493
25.0387
25.0537
25.1259
25.1794
25.2095
25.2324
25.2525
25.2728
25.2909
25.3054
25.3168
25.3313
25.3414
25.3580
25.3801
25.3991
25.4134
25.4321
25.4483
25.4604
25.4691
25.4799
25.4917
25.5009
25.5070
25.5119
25.5248
25.5369
25.5453
25.5505
25.5568
25.5653
25.5725
25.5802
25.5824
25.5886
25.5962
25.6004
25.6380
25.6678
25.6932
25.7117
25.7232
25.7347
25.7463
25.7540
25.7573
25.7635
25.7998
25.8061
25.8738
25.9001
25.9208
25.9330
25.9453
25.9672
25.9718
25.9870
26.0019
26.0120
26.0674
26.0743
26.0478
26.0365
26.0339
26.0263
26.0251
26.0172
26.0113
26.0068
26.0023
26.0022
26.0015
25.9969
25.9044
25.8369
25.7848
25.7435
25.7100
25.6871
25.6805
25.6644
25.6482
25.6340
25.6250
25.6194
25.6115
25.6005
25.6067
25.5981
25.5883
25.5827
25.5767
25.5699
25.5638
25.5616
25.5604
25.5577
25.6239
25.6611
25.6818
25.7076
25.7245
25.7255
25.7293
25.7330
25.7330
25.7305
25.7610
25.7844
25.7142
25.6325
25.5799
25.5321
25.4958
25.4637
25.4417
25.4198
25.4001
25.3840
25.3719
25.3609
25.3259
25.2969
25.2719
25.2493
25.2282
25.2115
25.1950
25.1817
25.1675
25.1527
25.1374
25.1217
25.0780
25.0432
25.0155
24.9940
24.9724
24.9522
24.9331
24.9150
24.8977
24.8840
24.8671
24.8514
24.8437
24.8393
24.8344
24.8282
24.8208
24.8126
24.8040
24.7950
24.7858
24.7764
24.7677
24.7614
24.7092
24.6731
24.6446
24.6215
24.6023
24.5858
24.5713
24.5582
24.5462
24.5350
24.5245
25.0217
25.4046
25.6871
25.8844
26.0235
26.0191
26.0223
26.0301
26.0398
26.0503
26.0605
26.0701
26.0880
26.0930
26.0986
26.1046
26.1105
26.2250
26.1950
26.1761
26.1652
26.1682
26.1620
26.1587
26.1569
26.1342
26.1197
26.1190
26.1092
26.1024
26.2066
26.1684
26.1425
26.1254
26.1138
26.1058
26.0999
26.0955
26.0920
26.0891
26.0866
26.0843
26.0822
26.1893
26.1529
26.1280
26.1114
26.0999
26.0917
26.0948
26.0871
26.0814
26.0769
26.0733
26.0792
26.0733
26.1777
26.1395
26.1134
26.0958
26.0835
26.0747
26.0681
26.0630
26.0588
26.0552
26.0520
26.0493
26.0466
26.1527
26.1157
26.0997
26.0797
26.0659
26.0561
26.0487
26.0429
26.0381
26.0340
26.0304
26.0270
26.0238
26.1292
26.0919
25.6548
25.5972
25.5970
25.5971
25.5972
25.5972
25.5973
25.5973
25.5973
25.5973
25.5972
25.8339
25.5035
25.2779
25.1092
24.9971
24.9957
24.9959
24.9962
24.9964
24.9966
24.9968
24.9970
24.9972
24.9066
24.8848
24.8701
24.8584
24.8815
24.9197
24.8986
24.9685
24.9439
24.9542
24.9526
24.9420
24.9472
25.0022
25.0471
25.0859
25.1289
25.1521
25.1700
25.1879
25.2037
25.2189
25.2311
25.2408
25.2470
25.2734
25.2938
25.3127
25.3267
25.3396
25.3540
25.3668
25.3763
25.3828
25.3916
25.4020
25.4133
25.4228
25.4299
25.4430
25.4528
25.4598
25.4645
25.4680
25.4780
25.4871
25.4939
25.4988
25.5072
25.5575
25.5909
25.6144
25.6368
25.6573
25.6820
25.6910
25.7017
25.7128
25.7199
25.7350
25.7512
25.8024
25.8388
25.8688
25.8947
25.9128
25.9371
25.9502
25.9701
25.9848
26.0008
26.0243
26.0398
26.0243
26.0261
26.0355
26.0263
26.0234
26.0209
26.0277
26.0276
26.0285
26.0269
26.0291
26.0335
25.9441
25.8741
25.8248
25.7900
25.7614
25.7391
25.7201
25.7071
25.6978
25.6887
25.6798
25.6700
25.6580
25.6518
25.6441
25.6352
25.6270
25.6170
25.6116
25.6171
25.6086
25.5992
25.5892
25.5832
25.6404
25.6793
25.6946
25.7058
25.7259
25.7298
25.7288
25.7270
25.7274
25.7460
25.7368
25.7572
25.7088
25.6253
25.5600
25.5578
25.5041
25.4616
25.4305
25.4064
25.3856
25.3666
25.3490
25.3425
25.3026
25.2724
25.2476
25.2255
25.2048
25.1855
25.1670
25.1492
25.1327
25.1190
25.1062
25.0929
25.0507
25.0161
24.9868
24.9614
24.9388
24.9182
24.8997
24.8843
24.8705
24.8568
24.8432
24.8300
24.8369
24.8287
24.8199
24.8107
24.8014
24.7929
24.7864
24.7805
24.7741
24.7671
24.7598
24.7627
24.7106
24.6710
24.6507
24.6236
24.6017
24.5837
24.5684
24.5554
24.5447
24.5354
24.5267
24.5289
24.5036
24.4834
24.4667
24.4525
24.4401
24.4291
24.4190
24.4097
24.4010
24.3928
24.3955
24.8871
24.8003
24.6850
24.5982
24.5334
24.4848
24.4477
24.4191
24.3964
24.3782
24.3632
24.3506
24.3398
24.8069
24.7044
24.5768
24.4819
24.4113
24.3584
24.3181
24.2869
24.2623
24.2425
24.2263
24.2126
24.2009
24.6843
24.5979
24.4833
24.3985
24.3355
24.2882
24.2522
24.2242
24.2021
24.1842
24.1696
24.1573
24.1469
24.6297
24.5462
24.4336
24.3503
24.2884
24.2421
24.2070
24.1799
24.1587
24.1417
24.1279
24.1164
24.1067
24.5893
24.5079
24.3965
24.3140
24.2527
24.2069
24.1722
24.1455
24.1247
24.1081
24.0947
24.0837
24.0744
24.5566
24.4767
24.3661
24.2841
24.2232
24.1776
24.1431
24.1169
24.0968
24.0812
24.0688
24.0590
24.0511
24.5341
24.4572
24.3492
24.2695
24.2218
24.1912
24.1704
24.1903
24.2070
24.2210
24.2328
24.2430
24.2521
24.2605
24.2683
24.2758
24.2832
24.2906
24.2980
24.3242
24.3470
24.3671
24.3844
24.3993
24.4126
24.4245
24.4356
24.4458
24.4555
24.4651
24.4745
24.5021
24.5244
24.5430
24.5594
24.5756
24.5911
24.6048
24.6168
24.6275
24.6372
24.6462
24.6546
24.6901
24.7175
24.7402
24.7610
24.7791
24.7941
24.8065
24.8169
24.8258
24.8337
24.8412
24.8507
24.8513
24.8533
24.8559
24.8589
24.8621
24.8653
24.8685
24.8720
24.8779
24.8846
24.8903
24.8950
24.9175
24.9341
24.9460
24.9545
24.9635
24.9725
24.9799
24.9858
24.9902
24.9933
24.9955
24.9978
24.9884
24.9832
24.9796
24.9768
24.9745
24.9728
24.9717
24.9710
24.9726
24.9765
24.9800
24.9827
24.9905
24.9865
24.9840
24.9826
24.9821
24.9843
24.9885
24.9927
24.9964
24.9996
25.0026
25.0047
24.9879
24.9759
24.9676
24.9637
24.9621
24.9608
24.9591
24.9570
24.9546
24.9518
24.9486
24.9450
24.9317
24.9207
24.9116
24.9046
24.8984
24.8923
24.8861
24.8800
24.8737
24.8674
24.8611
24.8548
24.8531
24.8501
24.8462
24.8420
24.8391
24.8364
24.8326
24.8278
24.8222
24.8159
24.8091
24.8018
24.7616
24.7300
24.7045
24.6831
24.6647
24.6485
24.6339
24.6205
24.6087
24.5982
24.5880
24.5810
24.5732
24.5648
24.5560
24.5469
24.5377
24.5285
24.5194
24.5103
24.5014
24.4925
24.4837
24.9827
24.8640
24.7230
24.6167
24.5369
24.4766
24.4303
24.3940
24.3649
24.3410
24.3209
24.3037
24.2888
24.7732
24.6829
24.5652
24.4779
24.4128
24.3637
24.3261
24.2968
24.2736
24.2547
24.2390
24.2257
24.2142
24.6987
24.6133
24.4989
24.4141
24.3508
24.3033
24.2671
24.2390
24.2169
24.1990
24.1843
24.1720
24.1613
24.6448
24.5619
24.4491
24.3654
24.3030
24.2561
24.2204
24.1929
24.1712
24.1536
24.1392
24.1269
24.1164
24.5983
24.5166
24.4045
24.3210
24.2586
24.2116
24.1757
24.1479
24.1260
24.1082
24.0937
24.0814
24.0710
24.5516
24.4710
24.3596
24.2766
24.2145
24.1677
24.1319
24.1042
24.0822
24.0645
24.0499
24.0376
24.0272
24.5065
24.4268
24.3160
24.2332
24.1712
24.1244
24.0888
24.0615
24.0401
24.0233
24.0098
24.0002
23.9999
24.4776
24.3987
24.2885
24.2066
24.1456
24.0999
24.0653
24.0388
24.0183
24.0021
24.0000
23.9999
23.9999
24.4736
24.3929
24.2814
24.1978
24.1355
24.0889
24.0536
24.0267
24.0060
24.0001
23.9999
23.9999
23.9999
24.4711
24.3894
24.2775
24.1932
24.1305
24.0839
24.0489
24.0225
24.0024
24.0000
23.9999
23.9999
23.9999
24.4978
24.4450
24.3578
24.3154
24.2871
24.2675
24.2539
24.2448
24.2388
24.2351
24.2333
24.2331
24.2344
24.7351
24.6664
24.5672
24.4940
24.4416
24.4047
24.3790
24.3614
24.3499
24.3428
24.3389
24.3375
24.3379
24.8419
24.7703
24.6697
24.5969
24.5459
24.5108
24.4871
24.4716
24.4619
24.4565
24.4541
24.4540
24.4556
24.9639
24.8889
24.7858
24.7115
24.6590
24.6225
24.5976
24.5811
24.5704
24.5641
24.5609
24.5604
24.5619
25.0734
24.9955
24.8911
24.8160
24.7627
24.7255
24.6999
24.6825
24.6710
24.6636
24.6588
24.6650
24.6698
25.1871
25.1075
25.0011
24.9229
24.8660
24.8248
24.7950
24.7734
24.7575
24.7458
24.7368
24.7300
24.7245
25.2372
25.1520
25.0404
24.9583
24.8985
24.8555
24.8247
24.8022
24.7866
24.7903
24.7932
24.7956
24.7979
25.3203
25.2412
25.1342
25.0544
24.9957
24.9532
24.9227
24.9000
24.8689
24.8455
24.8276
24.8134
24.8019
25.3117
25.2180
25.1011
25.0134
24.9486
24.9010
24.8665
24.8316
24.8055
24.7856
24.7701
24.7577
24.7474
25.2545
25.1593
25.0396
24.9506
24.8848
24.8353
24.7974
24.7677
24.7435
24.7229
24.7049
24.6892
24.6751
25.1751
25.0777
24.9549
24.8630
24.7940
24.7418
24.7013
24.6691
24.6427
24.6204
24.6010
24.5838
24.5680
25.0624
24.9666
24.8437
24.7508
24.6622
24.5951
24.5432
24.5022
24.4690
24.4415
24.4182
24.3981
24.3804
24.8659
24.7706
24.6486
24.5574
24.4887
24.4363
24.3954
24.3629
24.3364
24.3143
24.2953
24.2786
24.2637
24.7466
24.6561
24.5381
24.4505
24.3851
24.3357
24.2979
24.2684
24.2449
24.2258
24.2100
24.1965
24.1849
24.6681
24.5833
24.4692
24.3846
24.3216
24.2742
24.2382
24.2103
24.1883
24.1706
24.1562
24.1440
24.1336
24.6165
24.5344
24.4222
24.3389
24.2768
24.2302
24.1948
24.1674
24.1459
24.1287
24.1147
24.1029
24.0929
24.5748
24.4944
24.3832
24.3006
24.2390
24.1927
24.1575
24.1304
24.1091
24.0921
24.0783
24.0668
24.0570
24.5382
24.4591
24.3490
24.2672
24.2062
24.1606
24.1261
24.0996
24.0791
24.0628
24.0496
24.0388
24.0297
24.5110
24.4329
24.3342
24.2502
24.1876
24.1406
24.1050
24.0776
24.0562
24.0391
24.0361
24.0219
24.0102
24.4889
24.4098
24.2993
24.2170
24.1555
24.1093
24.0741
24.0469
24.0257
24.0089
24.0002
23.9999
23.9999
24.4738
24.3923
24.2800
24.1963
24.1338
24.0869
24.0511
24.0235
24.0019
24.0000
23.9999
23.9999
23.9999
24.4670
24.3810
24.2655
24.1784
24.1130
24.4517
24.7314
24.9457
25.0998
25.2120
25.2949
25.3574
25.4059
25.5482
25.5480
25.5985
25.5979
25.2681
25.0640
24.9972
24.9966
24.9968
24.9970
24.9971
24.9973
24.9975
24.9976
24.9978
24.9979
24.8694
24.8155
24.7753
24.7450
24.7536
24.7623
24.7922
24.8399
24.8007
24.8020
24.7719
24.7706
24.7584
24.8377
24.8813
24.9180
24.9469
24.9693
24.9870
25.0058
25.0348
25.0480
25.0620
25.0673
25.0828
25.1082
25.1313
25.1461
25.1613
25.1786
25.1953
25.2083
25.2212
25.2302
25.2416
25.2493
25.2581
25.2690
25.2813
25.2946
25.3154
25.3206
25.3251
25.3334
25.3423
25.3519
25.3554
25.3612
25.3694
25.4113
25.4444
25.4803
25.5043
25.5201
25.5301
25.5397
25.5505
25.5596
25.5648
25.5719
25.5809
25.6328
25.6684
25.7082
25.7294
25.7422
25.7657
25.7768
25.7834
25.7904
25.8090
25.8506
25.8715
25.8589
25.8424
25.8293
25.8344
25.8314
25.8271
25.8261
25.8289
25.8304
25.8303
25.8332
25.8373
25.7498
25.6860
25.6400
25.6048
25.5837
25.5581
25.5411
25.5280
25.5182
25.5086
25.4991
25.4906
25.4818
25.4858
25.4871
25.4785
25.4651
25.4692
25.4642
25.4591
25.4531
25.4464
25.4419
25.4405
25.5009
25.5526
25.5785
25.5912
25.6124
25.6556
25.6457
25.6402
25.6374
25.6326
25.6251
25.6207
25.5319
25.5048
25.4423
25.4122
25.3665
25.3325
25.3169
25.2904
25.2726
25.2538
25.2339
25.2217
25.1971
25.1679
25.1432
25.1215
25.1018
25.0810
25.0647
25.0493
25.0371
25.0265
25.0153
25.0034
24.9625
24.9294
24.9036
24.8795
24.8580
24.8396
24.8246
24.8112
24.7982
24.7885
24.7751
24.7626
24.7603
24.7557
24.7501
24.7413
24.7357
24.7317
24.7280
24.7235
24.7182
24.7228
24.7152
24.7179
24.6649
24.6255
24.5950
24.5681
24.5497
24.5350
24.5234
24.5136
24.5048
24.4965
24.4887
25.0004
25.3887
25.6672
25.8621
25.8967
25.9261
25.9527
25.9766
25.9978
26.0166
26.0333
26.0573
26.0674
26.0772
26.0864
26.0950
26.2119
26.1845
26.1679
26.1596
26.1650
26.1612
26.1784
