23.2866
23.2901
23.2933
23.2964
23.2993
23.3020
23.3045
23.3069
23.3092
23.3114
23.3134
23.3153
23.3171
23.3188
23.3203
23.3217
23.3230
23.3242
23.3253
23.3263
23.3272
23.3280
23.3287
23.3293
23.3299
23.3303
23.3307
23.3310
23.3312
23.3313
23.3313
24.1215
24.7257
25.1340
25.4164
25.6198
25.7725
25.8920
25.9891
26.0705
26.1046
26.1444
26.1851
25.4886
25.0409
24.7318
24.5075
24.3386
24.2074
24.1031
24.0184
23.9484
23.8897
23.8398
23.7968
23.7594
23.7266
23.6975
23.6713
23.6476
23.6262
23.4786
23.3508
23.2463
23.1614
23.0921
23.0353
22.9882
22.9486
22.9148
22.8855
22.8588
22.8358
23.6421
24.2789
24.7143
24.9996
25.0035
25.0038
25.0039
25.0040
25.0040
25.0040
25.0037
25.0037
24.0359
23.8570
23.6969
23.5595
23.4429
23.3450
23.2628
23.1950
23.1370
23.0881
23.0464
23.0109
22.9796
22.9536
22.9305
22.9103
22.8927
22.8773
22.8639
22.8524
22.8425
22.8342
22.8280
22.8211
22.8173
22.8130
22.8100
22.8068
22.8053
22.8038
22.8028
22.8020
22.8016
22.8010
22.8005
22.8002
22.8000
22.7993
22.8005
22.8005
22.8008
22.8011
22.8015
22.8021
22.8027
22.8033
22.8041
22.8048
22.8057
22.8066
22.8075
22.8084
22.8094
22.8108
22.8130
22.8140
22.8152
22.8167
22.8183
22.8202
22.8219
22.8239
22.8259
22.8282
22.8306
22.8332
22.8351
22.8381
22.8415
22.8448
22.8483
22.8519
22.8552
22.8587
22.8622
22.8658
22.8693
22.8727
22.8760
22.8792
22.8823
22.8853
22.8872
22.8902
22.8929
22.8951
22.8976
22.8998
22.9017
22.9033
22.9048
22.9060
22.9076
22.9082
22.9085
22.9088
22.9089
22.9089
22.9089
22.9087
22.9094
22.9079
22.9078
22.9075
22.9072
22.9067
22.9063
22.9060
22.9056
22.9053
22.9048
22.9044
22.9041
22.9037
22.9035
22.9033
22.9032
22.9030
22.9030
22.9027
22.9025
22.9016
22.9014
22.9011
22.9008
22.9004
22.8999
22.8990
22.8991
22.8987
22.8981
22.8975
22.8969
22.8961
22.8949
22.8942
22.8930
22.8910
22.8884
22.8848
22.8813
22.8771
22.8724
22.8672
22.8616
22.8556
22.8494
22.8429
22.8363
22.8294
22.8224
22.8154
22.8083
22.8011
22.7945
22.7873
22.7800
22.7726
22.7656
22.7586
22.7518
22.7449
22.7382
22.7314
22.7248
22.7182
22.7117
22.7052
22.6990
22.6927
22.6867
22.6800
22.6743
22.6686
22.6629
22.6572
22.6516
22.6460
22.6404
22.6350
22.7522
22.8411
22.9107
22.9666
23.0131
23.0523
23.0845
23.1109
23.1327
23.1508
23.1659
23.1787
23.1897
23.1992
23.2076
23.2150
23.2218
23.2279
23.2335
23.2388
23.2438
23.2484
23.2528
23.2570
23.2610
23.2648
23.2691
23.2745
23.2820
23.2923
23.1794
23.0867
23.0180
22.9699
22.9378
22.9182
22.9081
22.9053
22.9081
22.9151
22.9252
22.9377
23.0803
23.1977
23.2971
23.2554
23.2212
23.1995
23.1871
23.1817
23.1817
23.1859
23.1932
23.2027
23.2140
24.0565
24.7445
25.3713
25.6558
25.8642
26.0267
26.1583
26.2684
26.3631
25.6765
25.2371
24.9350
24.7162
24.5505
24.4201
24.4637
24.3509
24.2521
24.1695
24.1024
24.0483
24.0046
23.9694
23.9411
23.9182
23.8997
23.8847
23.8725
24.0041
23.9722
23.9378
23.9127
23.8936
23.8787
23.8670
23.8577
23.8503
23.8443
23.8395
23.8361
23.8330
24.6133
25.0006
25.0123
25.0126
25.0186
25.0340
25.0539
25.0758
25.0983
25.1205
25.1421
25.1626
24.3948
24.0140
24.0022
24.0018
24.0017
24.0016
24.0016
24.0015
24.0015
24.0014
24.0014
24.0014
24.0013
24.0013
24.0013
24.0013
24.0007
24.0000
23.9993
23.9990
23.9991
23.9998
24.0010
24.0013
24.0013
24.0013
24.0013
24.0013
24.0013
24.0013
24.0013
24.0013
24.0013
24.0013
24.0013
24.0013
24.0013
24.0014
24.0014
24.0014
24.0014
24.0013
24.0013
24.0013
24.0013
24.0013
24.0013
24.0013
24.0013
24.0013
24.0013
24.0013
24.0013
24.0013
24.0013
24.0014
24.0014
24.0014
24.0014
24.0014
24.0014
24.0014
24.0014
24.0014
24.0014
24.0013
24.0013
24.0013
24.0013
24.0013
24.0013
24.0013
24.0013
24.0013
24.0013
24.2534
24.4583
24.6199
24.7484
24.0911
24.0032
24.0014
24.0014
24.0013
24.0013
24.0013
24.0012
24.0012
24.0012
24.0012
24.0012
24.0012
24.0011
24.0011
24.0011
24.0011
24.0011
24.0011
24.0011
24.0011
24.0011
24.0011
24.0011
24.0011
24.0011
24.0011
24.0011
24.0011
24.0011
24.0011
24.0011
24.0011
24.0011
24.0011
24.0011
24.0011
24.0010
24.0010
24.0010
24.0010
24.0011
24.0011
24.0011
24.0011
24.0010
24.0010
24.0010
24.0010
24.0010
24.0010
24.0010
24.0010
24.0010
24.0009
24.0009
24.0009
24.0009
24.0009
24.0009
24.0009
24.0009
24.0009
24.0008
24.0008
24.0008
24.0008
24.0008
24.0008
24.0008
24.0008
24.0008
24.0008
24.0008
24.0007
24.0007
24.0007
24.0007
24.0007
24.0007
24.0007
24.0007
24.0007
24.0007
24.0006
24.0006
24.0006
24.0006
24.0006
24.0006
24.0006
24.0006
24.0006
24.0006
24.0006
24.0006
24.0006
24.0006
24.0003
23.9990
23.9969
24.1352
24.2428
24.3295
24.4021
24.4635
24.3706
24.2895
24.2231
24.1709
24.1303
24.0988
24.0745
24.0558
24.0415
24.0307
24.0226
24.0166
24.1538
24.1235
24.0965
24.0760
24.0609
24.0499
24.0418
24.0362
24.0322
24.0295
24.0278
24.0268
24.0264
24.1682
24.1407
24.1157
24.0970
24.0831
24.0730
24.0655
24.0601
24.0561
24.0533
24.0513
24.0499
24.0489
24.1908
24.1624
24.1365
24.1169
24.1022
24.0912
24.0829
24.0767
24.0720
24.0684
24.0656
24.0634
24.8828
25.7015
26.1057
26.3843
26.5851
26.7017
26.7040
26.7045
26.7049
26.7048
26.7052
26.1462
25.7638
25.4881
25.4358
25.2344
25.0724
24.9388
24.8288
24.7359
24.6583
24.5936
24.5393
24.4934
24.4544
24.4207
24.3912
24.5130
24.4605
24.4167
24.3738
24.3410
24.3137
24.2902
24.2696
24.2513
24.2347
24.2195
24.2055
24.1928
24.3258
24.9977
25.0292
25.0687
25.1036
25.1406
25.1761
25.2084
25.2377
25.2642
25.2882
25.2692
25.2576
25.2651
25.2578
24.4856
24.0193
24.0026
24.0021
24.0020
24.0019
24.0018
24.0018
24.0017
24.0016
24.0015
24.0015
24.0015
24.0015
24.0015
24.0014
24.0014
24.0014
24.0014
24.0014
24.0013
24.0014
24.0013
24.0013
24.0013
24.0013
24.0013
24.0013
24.0013
24.0013
24.0013
24.0013
24.0013
24.0013
24.0013
24.0012
24.0012
24.0012
24.0013
24.0012
24.0012
24.0012
24.0012
24.0012
24.0012
24.0012
24.0012
24.0012
24.0012
24.0012
24.0012
24.0012
24.0012
24.0012
24.0012
24.0012
24.0011
24.0011
24.0011
24.0011
24.0011
24.0011
24.0011
24.0011
24.0011
24.0011
24.0011
24.0011
24.0011
24.0011
24.0011
24.0011
24.0011
24.0011
24.0011
24.0011
24.0011
24.0011
24.0011
24.0011
24.0011
24.0011
24.0011
24.0011
24.0011
24.0011
24.0011
24.0011
24.0011
24.0011
24.0011
24.0011
24.0011
24.0010
24.0010
24.0011
24.0010
24.0010
24.0010
24.0010
24.0010
24.0010
24.0010
24.0010
24.0010
24.0010
24.0010
24.0010
24.0010
24.0010
24.0010
24.0009
24.0009
24.0009
24.0009
24.0009
24.0009
24.0009
24.0010
24.0009
24.0009
24.0009
24.0009
24.0009
24.0009
24.0009
24.0008
24.0009
24.0009
24.0008
24.0008
24.0008
24.0008
24.0008
24.0008
24.0008
24.0008
24.0008
24.0008
24.0007
24.0007
24.0007
24.0007
24.0007
24.0007
24.0007
24.0007
24.0007
24.0007
24.0007
24.0007
24.0007
24.0006
24.0006
24.0006
24.0006
24.0006
24.0006
24.0006
24.0006
24.0006
24.0006
24.0006
24.0006
24.0006
24.0006
24.0005
24.0005
24.0005
24.0005
24.0005
24.0005
24.0005
24.0005
24.0005
24.0005
24.0005
24.0005
24.1468
24.2600
24.3506
24.4254
24.4892
24.3980
24.3177
24.2534
24.2030
24.1640
24.1340
24.1110
24.0935
24.0802
24.0703
24.0630
24.0577
24.1960
24.1660
24.1391
24.1189
24.1042
24.0935
24.0857
24.0801
24.0763
24.0737
24.0720
24.0710
24.0706
24.2128
24.1850
24.1598
24.1408
24.1268
24.1165
24.1090
24.1034
24.0994
24.0965
24.0943
24.0928
24.0917
24.2337
24.2048
24.1786
24.1586
24.1436
24.1322
24.1236
24.1171
24.1120
24.1080
24.1048
24.9230
25.5839
26.1974
26.4553
26.6422
26.7024
26.7038
26.7043
26.7047
26.1335
25.7460
25.4687
25.2597
25.0947
24.9578
25.0017
24.8789
24.7729
24.6842
24.6109
24.5504
24.5000
24.4578
24.4219
24.3910
24.3642
24.3406
24.3196
24.4474
24.4010
24.3621
24.3235
24.2948
24.2709
24.2505
24.2325
24.2165
24.2021
24.1888
24.1766
24.1655
24.2996
24.9977
25.0253
25.0600
25.0954
25.1323
25.1673
25.1995
25.2288
25.2556
25.2801
25.2617
25.2510
24.4897
24.0197
24.0027
24.0022
24.0021
24.0020
24.0019
24.0019
24.0018
24.0018
24.0017
24.0017
24.0016
24.0016
24.0016
24.0015
24.0015
24.0015
24.0015
24.0015
24.0015
24.0015
24.0015
24.0015
24.0015
24.0015
24.0014
24.0015
24.0015
24.0015
24.0015
24.0015
24.0015
24.0015
24.0015
24.0015
24.0015
24.0015
24.0015
24.0015
24.0015
24.0015
24.0015
24.0014
24.0014
24.0014
24.0014
24.0014
24.0014
24.0014
24.0014
24.0014
24.0014
24.0014
24.0014
24.3972
24.7004
24.9335
25.1186
25.2637
25.3781
25.4696
25.5442
25.6052
25.6557
25.6983
25.7350
25.7674
25.7963
25.8224
25.8463
25.8685
25.8891
25.8325
25.0051
24.3909
24.0153
24.0023
24.0019
24.0018
24.0017
24.0016
24.0016
24.0015
24.0015
24.0014
24.0014
24.0013
24.0013
24.0013
24.0013
24.0013
24.0013
24.0012
24.0012
24.0012
24.0012
24.0012
24.0012
24.0012
24.0011
24.0011
24.0011
24.0011
24.0011
24.0011
24.0011
24.0010
24.0010
24.0010
24.0010
24.0010
24.0010
24.0010
24.0010
24.0010
24.0010
24.0010
24.0010
24.0010
24.0010
24.0010
24.0010
24.0009
24.0009
24.0009
24.0009
24.0009
24.0009
24.0009
24.0009
24.0009
24.0008
24.0009
24.0008
24.0008
24.0008
24.0008
24.0008
24.0008
24.0008
24.0008
24.0008
24.0008
24.0007
24.0007
24.0007
24.0007
24.0007
24.0007
24.0007
24.0007
24.0007
24.0007
24.0007
24.0007
24.0006
24.0006
24.0006
24.0006
24.0006
24.0006
24.0006
24.0006
24.0006
24.0006
24.0006
24.0006
24.0006
24.0006
24.0006
24.0006
24.0005
24.0005
24.0005
24.0005
24.0005
24.0005
24.0005
24.0005
24.1462
24.2590
24.3493
24.4241
24.4875
24.3961
24.3160
24.2513
24.2006
24.1613
24.1309
24.1076
24.0898
24.0762
24.0661
24.0585
24.0531
24.1911
24.1610
24.1340
24.1138
24.0989
24.0881
24.0802
24.0747
24.0709
24.0684
24.0668
24.0659
24.0655
24.2077
24.1799
24.1546
24.1356
24.1215
24.1111
24.1034
24.0977
24.0935
24.0904
24.0881
24.0864
24.0852
24.2270
24.1981
24.1717
24.1515
24.1364
24.1249
24.1161
24.1094
24.1042
24.1001
24.0969
24.0942
24.0921
24.2334
24.2035
24.1761
24.1551
24.1392
24.1269
24.1174
24.1101
24.1042
24.0995
24.0957
24.0925
24.0898
24.2309
24.2005
24.1726
24.1512
24.1347
24.1220
24.1121
24.1043
24.0981
24.0930
24.0888
24.0853
24.0823
24.2234
24.1927
24.1679
24.1432
24.1260
24.1131
24.1029
24.0945
24.0874
24.0812
24.0757
24.0707
24.0667
24.2059
24.1778
24.1479
24.1256
24.1086
24.0961
24.0865
24.0789
24.0729
24.0680
24.0639
24.0603
24.0572
24.0041
24.0027
24.0027
24.0026
24.0026
24.0026
24.0025
24.0025
24.0025
24.0025
24.0024
24.0024
24.0024
24.0024
24.0023
24.0023
24.0023
24.0023
24.0023
24.0022
24.0022
24.0022
24.0022
24.0022
24.0021
24.0021
24.0021
24.0021
24.0021
24.0021
24.0021
24.0021
24.0020
24.0020
24.0020
24.0020
24.0020
24.0020
24.0020
24.0020
24.0020
24.0019
24.0019
24.0019
24.0019
24.0019
24.0019
24.0019
24.0019
24.0019
24.0018
24.0018
24.0018
24.0018
24.0018
24.0018
24.0018
24.0018
24.0017
24.0017
24.0017
24.0017
24.0017
24.0017
24.0017
24.0017
24.0016
24.0016
24.0016
24.0016
24.0016
24.0016
24.0016
24.0015
24.0015
24.0015
24.0015
24.0015
24.0015
24.0015
24.0014
24.0014
24.0014
24.0014
24.0014
24.0014
24.0014
24.0013
24.0013
24.0013
24.0013
24.0013
24.0013
24.0013
24.0012
24.0012
24.0012
24.0012
24.0012
24.0012
24.0012
24.0012
24.0011
24.0011
24.0011
24.0011
24.0011
24.0011
24.0011
24.0011
24.0010
24.0010
24.0010
24.0010
24.0010
24.0010
24.0010
24.0010
24.0010
24.0010
24.0176
24.0337
24.0457
24.0548
24.0609
24.0662
24.0711
24.0754
24.0794
24.0832
24.0871
24.0909
24.2372
24.2133
24.1902
24.1749
24.1645
24.1577
24.1534
24.1511
24.1501
24.1500
24.1506
24.1516
24.1530
24.2975
24.2703
24.2448
24.2266
24.2133
24.2035
24.1964
24.1911
24.1871
24.1841
24.1818
24.1799
24.1783
24.3206
24.2905
24.2626
24.2417
24.2257
24.2135
24.2040
24.1966
24.1906
24.1857
24.1817
24.1782
24.1752
24.3165
24.2853
24.2564
24.2345
24.2177
24.2048
24.1946
24.1865
24.1800
24.1747
24.1702
24.1664
24.1631
24.3042
24.2728
24.2438
24.2217
24.2048
24.1917
24.1815
24.1734
24.1669
24.1616
24.1572
24.1535
24.1503
24.2917
24.2605
24.2316
24.2097
24.1929
24.1799
24.1698
24.1617
24.1553
24.1500
24.1456
24.1418
24.1386
24.2802
24.2489
24.2200
24.1979
24.1810
24.1679
24.1576
24.1495
24.1430
24.1376
24.1332
24.1294
24.1262
24.2679
24.2366
24.2077
24.1856
24.1687
24.1555
24.1452
24.1371
24.1305
24.1251
24.1205
24.1167
24.1133
24.2548
24.2234
24.1946
24.1724
24.1553
24.1421
24.1316
24.1233
24.1166
24.1111
24.1064
24.1024
24.0989
24.2401
24.2087
24.1800
24.1577
24.1405
24.1271
24.1166
24.1081
24.1013
24.0956
24.0909
24.0868
24.0832
24.2241
24.1927
24.1641
24.1417
24.1244
24.1109
24.1003
24.0917
24.0848
24.0791
24.0743
24.0702
24.0665
24.2076
24.1788
24.1497
24.1295
24.1150
24.1045
24.0970
24.0918
24.0882
24.0858
24.0843
24.0836
24.0835
24.2277
24.2009
24.1739
24.1555
24.1424
24.1333
24.1271
24.1231
24.1209
24.1199
24.1200
24.1209
24.1224
24.2687
24.2432
24.2176
24.2007
24.1893
24.1818
24.1773
24.1749
24.1743
24.1749
24.1765
24.1788
24.1816
24.3299
24.3052
24.2804
24.2644
24.2538
24.2472
24.2434
24.2418
24.2417
24.2429
24.2449
24.2476
24.2509
24.4001
24.3757
24.3504
24.3345
24.3241
24.3177
24.3141
24.3127
24.3129
24.3142
24.3164
24.3193
24.3227
24.4728
24.4482
24.4222
24.4060
24.3954
24.3888
24.3850
24.3832
24.3829
24.3837
24.3852
24.3874
24.3900
24.5401
24.5144
24.4871
24.4700
24.4585
24.4510
24.4463
24.4437
24.4425
24.4422
24.4427
24.4436
24.4448
24.5941
24.5660
24.5368
24.5175
24.5037
24.4939
24.4869
24.4820
24.4785
24.4761
24.4746
24.4736
24.4731
24.6211
24.5915
24.5611
24.5407
24.5262
24.5156
24.5080
24.5026
24.4987
24.4960
24.4942
24.4930
24.4922
24.6402
24.6101
24.5794
24.5587
24.5437
24.5327
24.5245
24.5183
24.5136
24.5099
24.5069
24.5044
24.5024
24.6490
24.6169
24.5848
24.5623
24.5457
24.5329
24.5230
24.5152
24.5087
24.5034
24.4987
24.4946
24.4909
24.6359
24.6017
24.5687
24.5450
24.5268
24.5125
24.5011
24.4918
24.4840
24.4772
24.4713
24.4659
24.4609
24.6044
24.5688
24.5356
24.5108
24.4915
24.4761
24.4636
24.4533
24.4445
24.4368
24.4299
24.4237
24.4179
24.5601
24.5240
24.4908
24.4654
24.4454
24.4294
24.4164
24.4055
24.3962
24.3882
24.3810
24.3745
24.3685
24.5101
24.4744
24.4417
24.4165
24.3967
24.3809
24.3681
24.3575
24.3485
24.3407
24.3339
24.3277
24.3221
24.4635
24.4284
24.3964
24.3716
24.3522
24.3367
24.3242
24.3139
24.3053
24.2978
24.2913
24.2855
24.2802
24.4215
24.3870
24.3556
24.3312
24.3122
24.2970
24.2848
24.2748
24.2663
24.2591
24.2528
24.2471
24.2420
24.3830
24.3489
24.3181
24.2940
24.2751
24.2602
24.2482
24.2384
24.2312
24.2240
24.2178
24.2123
24.2073
24.3481
24.3163
24.2841
24.2598
24.2409
24.2258
24.2136
24.2036
24.1952
24.1880
24.1817
24.1760
24.1708
25.0934
25.7232
26.1495
26.4441
26.6534
26.7042
26.7059
26.7064
26.7069
26.7073
26.7077
26.7081
26.7078
26.3451
25.9299
25.6297
25.4050
25.2281
25.0817
24.9603
24.8572
24.7703
24.6970
24.6350
24.5820
24.5363
24.6466
24.5836
24.5239
24.4750
24.4375
24.3994
24.3689
24.3423
24.3185
24.2971
24.2774
24.2593
24.2424
24.3729
24.3336
24.2904
24.9978
25.0342
25.0728
25.1120
25.1498
25.1844
25.2158
25.2442
25.2698
25.2932
25.3144
25.2929
24.5180
24.0214
24.0028
24.0023
24.0021
24.0020
24.0019
24.0019
24.0018
24.0018
24.0017
24.0017
24.0016
24.0016
24.0015
24.0015
24.0015
24.0015
24.0015
24.0015
24.0015
24.0015
24.0015
24.0015
24.0014
24.0014
24.0014
24.0014
24.0014
24.0014
24.0014
24.0014
24.0014
24.0014
24.0014
24.0014
24.0014
24.0014
24.0014
24.0014
24.0014
24.0014
24.0014
24.0014
24.0014
24.0014
24.0014
24.0014
24.0013
24.0013
24.0013
24.0013
24.0013
24.0013
24.0014
24.0014
24.0013
24.0013
24.0013
24.0013
24.0013
24.0013
24.0013
24.0013
24.0013
24.0013
24.0013
24.0013
24.0013
24.0013
24.0013
24.0012
24.0012
24.0012
24.0012
24.0012
24.0012
24.0012
24.0012
24.0012
24.0012
24.0012
24.0012
24.0012
24.0012
24.0011
24.0011
24.0011
24.0011
24.0011
24.0011
24.0011
24.0011
24.0011
24.0011
24.0011
24.0011
24.0011
24.0011
24.0011
24.0011
24.0010
24.0010
24.0010
24.0010
24.0010
24.0010
24.0010
24.0010
24.0010
24.0010
24.0010
24.0010
24.0010
24.0010
24.0010
24.0010
24.0010
24.0010
24.0010
24.0011
24.0010
24.0010
24.0010
24.0010
24.0010
24.0010
24.0010
24.0010
24.0010
24.0010
24.0009
24.0009
24.0009
24.0009
24.0009
24.0009
24.0009
24.0009
24.0009
24.0009
24.0008
24.0008
24.0008
24.0008
24.0008
24.0008
24.0008
24.0007
24.0007
24.0007
24.0007
24.0007
24.0007
24.0007
24.0007
24.0007
24.0006
24.0006
24.0006
24.0006
24.0006
24.0006
24.0006
24.0006
24.0006
24.0006
24.0006
24.0006
24.0006
24.0006
24.0005
24.0005
24.0005
24.0005
24.0005
24.0005
24.0005
24.0005
24.0005
24.0140
24.0270
24.0358
24.0415
24.0451
24.0472
24.0482
24.0487
24.0489
24.0489
24.0490
24.0492
24.1915
24.1643
24.1400
24.1216
24.1084
24.0989
24.0924
24.0880
24.0853
24.0838
24.0831
24.0832
23.6052
23.8643
23.4438
23.1458
22.9449
22.8124
22.7251
22.6645
22.6196
22.5845
22.5556
22.5306
22.5084
22.4881
23.0238
22.8375
22.6687
22.5671
22.5021
22.4578
22.4254
22.4001
22.3792
22.3609
22.3444
22.3292
22.3148
22.8453
22.6685
22.5066
23.1391
23.5973
23.9170
24.1590
24.3531
24.5110
24.6372
24.7380
24.8190
24.8429
25.6348
25.4654
25.3115
25.2201
24.4140
23.7914
23.3541
23.0683
22.8777
22.7457
22.6499
22.5771
22.5193
23.0271
22.8192
22.6313
22.5135
22.4346
22.3785
22.3359
22.3016
22.2727
22.2474
22.2246
22.2038
22.1843
22.7024
22.5257
22.3619
22.2632
22.2000
22.1574
22.1268
22.8764
23.3583
23.6934
23.9440
24.1484
24.3155
24.4493
24.5569
24.6447
24.7159
24.7322
26.1962
26.2637
26.3066
26.3494
26.3800
26.4104
26.4413
26.4721
26.5190
26.5964
26.6730
26.6752
26.6751
26.6759
26.6767
26.6775
26.6781
26.6788
26.6794
26.6799
26.6804
26.6809
26.6813
26.6817
26.6821
26.6825
26.6828
26.6832
26.6835
26.6838
26.6840
26.6843
26.6846
26.6848
26.6851
26.6853
26.6856
26.6858
26.6860
26.6862
26.6864
26.6866
26.6868
26.6869
26.6871
26.6873
26.6874
26.6875
26.6877
26.6875
26.6873
26.6872
26.6870
26.6868
26.6867
26.6865
26.6864
26.6862
26.6861
26.6859
26.6856
26.6854
26.6851
26.6849
26.6848
26.6847
26.6845
26.6844
26.6843
26.6842
26.6841
26.6841
26.6840
26.6839
26.6839
26.9941
27.2268
27.3968
27.5250
26.8872
26.6769
26.6802
26.6807
26.6810
26.6812
26.6813
26.6814
26.6815
26.6815
26.6815
26.6815
26.6815
26.6815
26.6815
26.6815
26.6815
26.6815
26.6815
26.6815
26.6814
26.6814
26.6814
26.6814
26.6813
26.6813
26.6813
26.6812
26.6812
26.6812
26.6811
26.6811
26.6811
26.6810
26.6810
26.6809
26.6809
26.6809
26.6808
26.6808
26.6807
26.6804
26.6804
26.6803
26.6803
26.6802
26.6802
26.6801
26.6801
26.6800
26.6800
26.6800
26.6799
26.6799
26.6799
26.6798
26.6798
26.6798
26.6798
26.6798
26.6798
26.6798
26.6798
26.6798
26.6799
26.6799
26.6800
26.6800
26.6801
26.6801
26.6802
26.6802
26.6803
26.6803
26.6804
26.6805
26.6805
26.6806
26.6806
26.6807
26.6808
26.6808
26.6809
26.6809
26.6810
26.6810
26.6811
26.6811
26.6812
26.6812
26.6813
26.6813
26.6814
26.6814
26.6814
26.6815
26.6815
26.6816
26.6816
26.6817
26.6817
25.9613
25.4145
24.9675
24.6247
24.3563
24.1431
23.9766
23.8423
23.7303
23.6338
23.5487
23.4719
23.9635
23.6893
23.5113
23.3844
23.2882
23.2108
23.1454
23.0878
23.0363
22.9952
22.9605
22.9298
22.9018
23.4550
23.2510
23.0701
22.9594
22.8870
22.8362
22.7980
22.7674
22.7414
22.7184
22.6975
22.6779
22.6595
23.2060
23.0161
22.8458
22.7435
22.6783
22.6338
22.6014
22.5760
22.5549
22.5366
22.5199
22.5045
22.4899
23.0297
22.8481
22.6835
23.3584
23.7982
24.1074
24.3448
24.5319
24.6833
24.8045
24.9011
24.9786
25.0414
25.8282
24.9222
24.1958
23.6615
23.3051
23.0732
22.9176
22.8085
22.7284
22.6666
22.6167
22.5748
22.5387
23.0628
22.8656
22.6871
22.5768
22.5043
22.4533
22.4150
22.3845
22.3587
22.3362
22.3159
22.2971
22.2796
22.8043
22.6267
22.4632
22.3652
22.3030
22.2612
22.9577
23.4062
23.7611
24.0224
24.2321
24.4035
24.5407
24.6504
24.7389
24.8114
24.8296
24.8494
26.3403
26.6682
26.6709
26.6708
26.6709
26.6715
26.6721
26.6725
26.6730
26.6734
26.6738
26.6742
26.6741
26.6748
26.6754
26.6760
26.6766
26.6771
26.6776
26.6781
26.6785
26.6789
26.6793
26.6796
26.6800
26.6803
26.6805
26.6808
26.6810
26.6813
26.6815
26.6817
26.6819
26.6821
26.6823
26.6825
26.6826
26.6828
26.6829
26.6831
26.6832
26.6833
26.6835
26.6836
26.6837
26.6838
26.6839
26.6840
26.6841
26.6841
26.6841
26.6842
26.6842
26.6843
26.6843
26.9817
27.2062
27.3715
27.4969
27.5954
27.6757
27.7429
27.8011
27.8527
27.8990
27.9411
27.9800
28.0163
28.0503
28.0824
28.1129
28.1419
28.1699
28.1965
27.4876
27.0152
26.6749
26.6764
26.6767
26.6770
26.6772
26.6774
26.6775
26.6776
26.6778
26.6778
26.6779
26.6780
26.6780
26.6781
26.6781
26.6782
26.6782
26.6782
26.6783
26.6783
26.6783
26.6783
26.6783
26.6783
26.6783
26.6783
26.6783
26.6784
26.6784
26.6784
26.6784
26.6784
26.6784
26.6784
26.6784
26.6784
26.6784
26.6783
26.6783
26.6783
26.6783
26.6783
26.6783
26.6783
26.6782
26.6782
26.6782
26.6782
26.6782
26.6781
26.6781
26.6781
26.6781
26.6781
26.6781
26.6781
26.6781
26.6780
26.6780
26.6780
26.6780
26.6780
26.6780
26.6780
26.6780
26.6781
26.6781
26.6781
26.6782
26.6782
26.6783
26.6783
26.6784
26.6785
26.6785
26.6786
26.6786
26.6787
26.6788
26.6788
26.6789
26.6790
26.6790
26.6791
26.6792
26.6792
26.6793
26.6793
26.6794
26.6795
26.6795
26.6796
26.6796
26.6797
26.6797
26.6798
26.6798
26.6799
26.6799
26.6800
26.6800
26.6801
26.6801
26.6802
25.9979
25.4619
25.0260
24.6932
24.4331
24.2241
24.0596
23.9261
23.8139
23.7171
23.6317
23.5547
24.0412
23.7723
23.5973
23.4726
23.3781
23.3023
23.2385
23.1825
23.1322
23.0858
23.0426
23.0018
23.4258
23.8188
24.0892
24.2954
24.4546
24.4382
24.4234
24.4136
24.4072
24.4031
24.4006
24.3991
24.3983
24.3980
24.3979
24.3980
24.3982
24.5448
24.5145
24.4872
24.4672
24.4523
24.4413
24.4330
24.4268
24.4221
24.4184
24.4155
24.4131
24.4110
25.3364
25.9701
26.4044
26.7001
26.7047
26.7054
26.7059
26.7065
26.7070
26.7075
26.7074
26.2521
25.9262
25.8463
25.6197
25.4396
25.2883
25.1618
25.0575
24.9720
24.9016
24.8432
24.7943
24.7527
24.7169
24.6857
24.8092
24.7525
24.7026
24.6612
24.6297
24.5979
24.5724
24.5508
24.5314
24.5136
24.4972
24.4818
24.4672
24.6016
24.5608
24.5173
24.9995
25.0736
25.1428
25.2046
25.2589
25.3062
25.3470
25.3821
25.4125
25.4391
25.4626
25.4431
24.6737
24.1073
24.0056
24.0029
24.0026
24.0025
24.0024
24.0023
24.0022
24.0021
24.0021
24.0020
24.0019
24.0019
24.0019
24.0019
24.0018
24.0018
24.0018
24.0018
24.0018
24.0018
24.0018
24.0018
24.0018
24.0018
24.0017
24.0017
24.0017
24.0017
24.0017
24.0017
24.0017
24.0017
24.0017
24.0017
24.0017
24.0017
24.0017
24.0017
24.0017
24.0017
24.0017
24.0017
24.0017
24.0017
24.0017
24.0017
24.0017
24.0016
24.0016
24.0016
24.0016
24.0016
24.0016
24.0016
24.0016
24.0015
24.0015
24.0015
24.0015
24.0015
24.0015
24.0015
24.0015
24.0014
24.0014
24.0014
24.0014
24.0014
24.0014
24.0014
24.0014
24.0014
24.0014
24.3197
24.5689
24.7564
24.9019
24.2556
24.0082
24.0015
24.0014
24.0013
24.0013
24.0013
24.0012
24.0012
24.0012
24.0012
24.0012
24.0012
24.0011
24.0011
24.0011
24.0011
24.0011
24.0011
24.0011
24.0011
24.0011
24.0011
24.0010
24.0010
24.0010
24.0010
24.0010
24.0010
24.0010
24.0010
24.0010
24.0010
24.0010
24.0010
24.0010
24.0010
24.0010
24.0010
24.0010
24.0009
24.0010
24.0010
24.0009
24.0009
24.0009
24.0009
24.0009
24.0009
24.0009
24.0009
24.0009
24.0008
24.0008
24.0008
24.0008
24.0008
24.0008
24.0008
24.0008
24.0007
24.0007
24.0007
24.0007
24.0007
24.0007
24.0007
24.0007
24.0007
24.0007
24.0007
24.0007
24.0007
24.0007
24.0006
24.0006
24.0006
24.0006
24.0006
24.0006
24.0006
24.0006
24.0006
24.0006
24.0006
24.0006
24.0006
24.0005
24.0005
24.0005
24.0005
24.0005
24.0005
24.0005
24.0005
24.0005
24.0005
24.0005
24.0005
24.0005
24.0005
24.1657
24.2920
24.3916
24.4726
24.5410
24.4531
24.3763
24.3152
24.2677
24.2311
24.2029
24.1813
24.1648
24.1522
24.1427
24.1356
24.1303
24.2692
24.2382
24.2107
24.1899
24.1745
24.1632
24.1549
24.1488
24.1444
24.1411
24.1387
24.1371
24.1359
24.2781
24.2489
24.2227
24.2028
24.1880
24.1768
24.1685
24.1621
24.1573
24.1536
24.1506
24.1483
24.1464
24.2883
24.2580
24.2310
24.2100
24.1941
24.1820
24.1726
24.1653
24.1595
24.1548
24.1509
24.1477
24.9667
25.7875
26.1904
26.4678
26.6669
26.7030
26.7041
26.7046
26.7050
26.7054
26.7058
26.7062
26.1791
25.8127
25.7044
25.4600
25.2700
25.1159
24.9881
24.8805
24.7904
24.7152
24.6522
24.5993
24.5543
24.5155
24.4819
24.6014
24.5451
24.4981
24.4526
24.4175
24.3882
24.3629
24.3408
24.3210
24.3031
24.2868
24.2717
24.2578
24.3907
24.9980
25.0418
25.0861
25.1282
25.1694
25.2078
25.2420
25.2726
25.3001
25.3249
25.3473
25.3270
25.3274
24.5470
24.0232
24.0029
24.0023
24.0022
24.0021
24.0020
24.0019
24.0019
24.0018
24.0018
24.0017
24.0017
24.0016
24.0016
24.0016
24.0016
24.0016
24.0016
24.0016
24.0016
24.0015
24.0015
24.0015
24.0015
24.0015
24.0015
24.0015
24.0015
24.0015
24.0015
24.0015
24.0015
24.0015
24.0015
24.0015
24.0015
24.0015
24.0015
24.0015
24.0015
24.0015
24.0015
24.0015
24.0015
24.0015
24.0015
24.0015
24.0015
24.0015
24.0015
24.0014
24.0014
24.0014
24.2784
24.4982
24.6693
24.8039
24.9115
24.9990
25.0711
25.1314
25.1826
25.2266
25.2649
25.2987
25.3289
25.3561
25.3809
25.4037
25.4248
25.4445
25.4629
24.7170
24.1920
24.5683
24.8308
25.0171
24.4001
24.0145
24.0016
24.0012
24.0012
24.0011
24.0011
24.0011
24.0010
24.0010
24.0010
24.0010
24.0009
24.0009
24.0009
24.0009
24.0009
24.0008
24.0008
24.0008
24.0008
24.0008
24.0008
24.0008
24.0008
24.0008
24.0008
24.0008
24.0008
24.0008
24.0008
24.0008
24.0008
24.0008
24.0008
24.0007
24.0007
24.0007
24.0007
24.0007
24.0007
24.0008
24.0008
24.0008
24.0007
24.0007
24.0007
24.0007
24.0007
24.0007
24.0007
24.0007
24.0007
24.0011
24.0012
24.0012
24.0012
24.0012
24.0012
24.0011
24.0011
24.0011
24.0011
24.0011
24.0010
24.0010
24.0010
24.0010
24.0010
24.0010
24.0010
24.0009
24.0009
24.0009
24.0009
24.0009
24.0009
24.0009
24.0009
24.0009
24.0008
24.0008
24.0008
24.0008
24.0008
24.0008
24.0008
24.0008
24.0008
24.0008
24.0008
24.0008
24.0008
24.0008
24.0008
24.0008
24.0008
24.0008
24.0008
24.0008
24.0008
24.0007
24.0007
24.0007
24.0007
24.0007
24.0007
24.0007
24.0007
24.0007
24.0007
24.0008
24.0008
24.1462
24.0050
24.0009
24.0008
24.0008
24.0008
24.0008
24.0009
24.0009
24.0009
24.0009
24.0009
24.0009
24.1371
24.0048
24.0011
24.0009
24.0009
24.0009
24.0010
24.0010
24.0010
24.0010
24.0010
24.0010
24.0010
24.1292
24.0046
24.0011
24.0010
24.0010
24.0010
24.0010
24.0010
24.0010
24.0010
24.0010
24.0010
24.0010
24.1218
24.0044
24.0011
24.0010
24.0010
24.0010
24.0010
24.0010
24.0010
24.0010
24.0010
24.0010
24.0010
24.1152
24.0042
24.0011
24.0010
24.0010
24.0010
24.0010
24.0010
24.0010
24.0010
24.0010
24.0010
24.0010
24.1096
24.0040
24.0011
24.0010
24.0010
24.0010
24.0010
24.0010
24.0010
24.0010
24.0010
24.0010
24.0010
24.1047
24.0039
24.0012
24.0011
24.0011
24.0011
24.0015
24.0015
24.0014
24.0014
24.0013
24.0012
24.0012
24.0011
24.0011
24.0010
24.0009
24.0009
24.0005
24.0005
24.0005
24.0005
24.0005
24.0005
24.0005
24.0005
24.0005
24.0005
24.0005
24.0005
24.0006
24.0006
24.0006
24.0006
24.0006
24.0006
24.0006
24.0006
24.0006
24.0006
24.0006
24.0006
24.0006
24.0006
24.0006
24.0006
24.0006
24.0006
24.0006
24.0006
24.0006
24.0006
24.0006
24.0006
24.0006
24.0006
24.0006
24.0006
24.0006
24.0006
24.0007
24.0007
24.0007
24.0007
24.0007
24.0007
24.0007
24.0007
24.0007
24.0007
24.0007
24.0007
24.0007
24.0007
24.0007
24.0007
24.0007
24.0007
24.0007
24.0007
24.0007
24.0007
24.0007
24.0007
24.0007
24.0007
24.0007
24.0007
24.0007
24.0007
24.0007
24.0007
24.0007
24.0007
24.0007
24.0007
24.0007
24.0007
24.0007
24.0007
24.0007
24.0007
24.0007
24.0007
24.0007
24.0007
24.0007
24.0007
24.0007
24.0007
24.0007
24.0007
24.0007
24.0007
24.0007
24.0007
24.0007
24.0007
24.0007
24.0007
24.0007
24.0007
24.0007
24.0007
24.0007
24.0007
24.0007
24.0007
24.0007
24.0007
24.0007
24.0007
24.0007
24.0007
24.0007
24.0007
24.0007
24.0007
24.0010
24.0009
24.0009
24.0009
24.0008
24.0008
24.0008
24.0008
24.0007
24.0007
24.0007
24.0006
24.0001
24.0001
24.0002
24.0002
24.0002
24.0003
24.0003
24.0003
24.0003
24.0004
24.0004
24.0004
24.1436
24.0047
24.0006
24.0005
24.0006
24.0006
24.0006
24.0006
24.0006
24.0007
24.0007
24.0007
24.0007
24.1332
24.0046
24.0009
24.0008
24.0008
24.0008
24.0008
24.0008
24.0008
24.0008
24.0009
24.0009
24.0009
24.1243
24.0044
24.0010
24.0009
24.0009
24.0009
24.0009
24.0009
24.0009
24.0010
24.0010
24.0010
24.0010
24.1171
24.0042
24.0011
24.0010
24.0010
24.0010
24.0010
24.0010
24.0010
24.0010
24.0010
24.0010
24.0010
24.1111
24.0040
24.0011
24.0010
24.0010
24.0010
24.0010
24.0010
24.0010
24.0010
24.0010
24.0010
24.0010
24.1058
24.0039
24.0011
24.0010
24.0010
24.0010
24.0010
24.0010
24.0010
24.0010
24.0010
24.0010
24.0010
24.1008
24.0037
24.0011
24.0010
24.0010
24.0010
24.0010
24.0010
24.0011
24.0011
24.0011
24.0011
24.0011
24.0965
24.0036
24.0012
24.0011
24.0011
24.0011
24.0011
24.0011
24.0011
24.0011
24.0011
24.0011
24.0011
24.0930
24.0035
24.0012
24.0011
24.0011
24.0011
24.0011
24.0011
24.0011
24.0011
24.0011
24.0011
24.0011
24.0904
24.0034
24.0012
24.0011
24.0011
24.0011
24.0011
24.0011
24.0011
24.0011
24.0011
24.0011
24.0011
24.0885
24.0034
24.0012
24.0011
24.0011
24.0011
24.0011
24.0011
24.0011
24.0011
24.0011
24.0011
24.0011
24.0933
24.0035
24.0012
24.0011
24.0011
24.0011
24.0011
24.0011
24.0011
24.0011
24.0011
24.0011
24.0011
24.1002
24.0037
24.0012
24.0011
24.0011
24.0011
24.0011
24.0011
24.0011
24.0011
24.0011
24.0011
24.0011
24.1108
24.0040
24.0012
24.0011
24.0011
24.0011
24.0011
24.0011
24.0011
24.0011
24.0011
24.0010
24.0010
24.1230
24.0044
24.0012
24.0011
24.0011
24.0011
24.0010
24.0010
24.0010
24.0010
24.0010
24.0010
24.0010
24.1351
24.0048
24.0011
24.0010
24.0010
24.0010
24.0010
24.0010
24.0010
24.0010
24.0010
24.0010
24.0010
24.1440
24.0051
24.0011
24.0010
24.0010
24.0010
24.0010
24.0010
24.0010
24.0010
24.0010
24.0010
24.0009
24.1506
24.0052
24.0011
24.0010
24.0010
24.0009
24.0009
24.0009
24.0009
24.0009
24.0009
24.0009
24.0009
24.1572
24.0054
24.0011
24.0009
24.0009
24.0009
24.0009
24.0009
24.0009
24.0009
24.0009
24.0009
24.0009
24.1604
24.0056
24.0011
24.0010
24.0010
24.0010
24.0010
24.0010
24.0009
24.0009
24.0009
24.0009
24.0009
24.1591
24.0055
24.0011
24.0010
24.0010
24.0010
24.0010
24.0010
24.0010
24.0010
24.0010
24.0010
24.0010
24.1526
24.0053
24.0011
24.0010
24.0010
24.0010
24.0010
24.0010
24.0010
24.0010
24.0010
24.0010
24.0010
24.1425
24.0050
24.0011
24.0010
24.0010
24.0010
24.0010
24.0010
24.0010
24.0010
24.0010
24.0010
24.0010
24.1315
24.0047
24.0012
24.0011
24.0010
24.0010
24.0011
24.0011
24.0011
24.0011
24.0011
24.0011
24.0011
24.1217
24.0044
24.0012
24.0011
24.0011
24.0011
24.0011
24.0011
24.0011
24.0011
24.0011
24.0011
24.0011
24.1142
24.0042
24.0012
24.0011
24.0011
24.0011
24.0011
24.0011
24.0011
24.0011
24.0011
24.0011
24.0011
24.1083
24.0040
24.0012
24.0011
24.0011
24.0011
24.0011
24.0011
24.0011
24.0011
24.0011
24.0011
24.0011
24.1034
24.0038
24.0012
24.0011
24.0011
24.0011
24.0011
24.0011
24.0011
24.0011
24.0011
24.0011
24.0011
24.0997
24.0037
24.0012
24.0011
24.0011
24.0011
24.0011
24.0011
24.0011
24.0011
24.0011
24.0011
24.0011
24.0964
24.3106
24.4670
24.5964
24.7017
24.7874
24.8578
24.9162
24.9644
25.0044
25.0380
25.0668
25.0917
25.8792
24.9220
24.1853
24.0070
24.0014
24.0013
24.0013
24.0013
24.0013
24.0012
24.0012
24.0012
24.0012
24.1202
24.0045
24.0013
24.0012
24.0012
23.9603
23.9344
23.9123
23.8922
23.8757
23.8616
23.8492
23.8384
23.9690
23.9369
23.9054
23.8813
24.6478
24.9949
25.0029
25.0031
25.0152
25.0348
25.0576
25.0816
25.1055
25.0882
25.0811
25.0807
24.3372
24.0082
24.0006
24.0005
24.0004
24.0004
24.0004
24.0004
24.0004
24.0004
24.0004
24.0004
24.0003
24.0003
24.0003
24.0003
24.0003
24.0004
24.0004
24.0004
24.0004
24.0004
24.0004
24.0004
24.0004
24.0004
24.0004
24.0004
24.0004
24.0004
24.0004
24.0004
24.0005
24.0005
24.0005
24.0005
24.0005
24.0005
24.0005
24.0005
24.0005
24.0005
24.0005
24.0005
24.0006
24.0006
24.0006
24.0006
24.0006
24.0006
24.0006
24.0006
24.0006
24.0006
24.0006
24.0006
24.0006
24.0006
24.0006
24.0007
24.0007
24.0007
24.0007
24.0007
24.0007
24.0007
24.0007
24.0007
24.0007
24.0007
24.0007
24.0007
24.0007
24.0007
24.0007
24.0007
24.0007
24.0007
24.0007
24.0007
24.0007
24.0007
24.0007
24.0007
24.0007
24.0007
24.0007
24.0007
24.0007
24.0007
24.0007
24.0007
24.0007
24.0007
24.0007
24.0007
24.0007
24.0007
24.0007
24.0007
24.0008
24.0008
24.0007
24.0007
24.0007
24.0007
24.0007
24.0007
24.0007
24.0007
24.0007
24.0007
24.0007
24.0007
24.0007
24.0007
24.0007
24.0007
24.0007
24.0007
24.0008
24.0008
24.0007
24.0007
24.0007
24.0007
24.0007
24.0007
24.0007
24.0007
24.0007
24.0007
24.0007
24.0007
24.0007
24.0007
24.0007
24.0007
24.0006
24.0006
24.0006
24.0006
24.0006
24.0006
24.0006
24.0006
24.0006
24.0006
24.0006
24.0006
24.0006
24.0006
24.0006
24.0005
24.0005
24.0005
24.0005
24.0005
24.0005
24.0005
24.0005
24.0005
24.0005
24.0005
24.0005
24.0005
24.0005
24.0005
24.0005
24.0005
24.0005
24.0005
24.0005
24.0005
24.0005
24.0004
24.0004
24.0004
24.0004
24.0004
24.1470
24.2605
24.3512
24.4261
24.3455
24.2751
24.2194
24.1763
24.1430
24.1174
24.0980
24.0832
24.0721
24.0640
24.0581
24.0541
24.1934
24.1643
24.1380
24.1187
24.1048
24.0949
24.0881
