0.0000
0.0000
0.0000
0.0000
0.0000
0.0000
0.0000
0.0000
0.0000
0.0000
0.0000
0.0000
0.0000
0.0000
0.0000
0.0000
0.0000
0.0000
0.0000
0.0000
0.0000
0.0000
0.0000
0.0000
0.0000
0.0000
0.0000
0.0000
0.0000
0.0000
0.0000
0.0000
0.0000
0.0000
0.0000
0.0000
0.0000
0.0000
0.0000
0.0000
0.0000
0.0000
0.0000
0.0000
0.0000
0.0000
0.0000
0.0000
0.0000
0.0000
0.0000
0.0000
0.0000
0.0000
0.0000
0.0000
0.0000
0.0000
0.0000
0.0000
0.0000
0.6363
0.4297
0.4123
0.4080
0.4053
0.4033
0.4017
0.4003
0.3991
0.3981
0.4606
0.4848
0.7039
0.5732
0.5742
0.5802
0.6036
0.6100
0.6160
0.6207
0.6249
0.6296
0.6301
0.6339
1.1464
1.1109
1.0504
1.0413
1.0259
1.0368
1.0263
1.1940
1.1974
1.2167
1.2076
1.2304
1.1196
1.1941
1.1908
1.2017
1.2052
1.2076
1.2099
1.2057
1.2121
1.2155
1.3685
1.2203
1.3711
1.3113
1.3123
1.1666
1.1663
1.1252
1.1293
1.1304
1.1973
1.2099
1.2191
1.2242
1.2264
1.1372
1.2903
1.2953
1.3030
1.3088
1.3095
1.3107
1.3132
1.3065
1.3071
1.3056
1.3061
1.3285
1.3230
1.3202
1.3212
1.3643
1.5371
1.5361
1.5424
1.5447
1.5505
1.5773
1.5701
1.5682
1.5618
1.5603
1.5589
1.5582
1.4150
1.3819
1.3829
1.3831
1.3878
1.4150
1.3928
1.3937
1.3855
1.3908
1.3869
1.3876
1.3875
1.3903
1.3824
1.3798
1.2254
1.2334
1.2272
1.1705
1.1722
1.1696
1.1648
1.1594
1.1545
1.1531
1.2737
1.2749
1.2725
1.2692
1.2675
1.2609
1.2587
1.2589
1.4040
1.2487
1.2627
1.2648
1.2620
1.2504
1.2481
1.2503
1.2507
1.2730
1.2645
1.2587
1.2613
1.2511
1.2504
1.2312
1.2257
1.2157
1.2126
1.1871
1.1737
1.0622
1.0570
1.0480
1.0391
1.0339
1.0258
0.9351
0.9901
1.0090
1.0012
0.9919
0.9901
0.9585
0.8837
0.9143
0.9406
0.9339
0.9277
0.8554
0.8527
0.8494
0.8442
0.8387
0.8339
0.8139
0.8115
0.8085
0.8057
0.8034
0.8012
0.8185
0.8448
0.8432
0.9472
0.9761
0.9797
0.9425
0.9505
0.9479
0.9527
0.9527
0.9505
0.9387
0.9356
0.9280
0.9201
0.9123
0.9102
0.8907
0.9024
0.7762
0.7800
0.7797
0.7793
0.7788
0.7781
0.7774
0.7767
0.7759
0.0000
0.0000
0.0000
0.0000
0.0000
0.0000
0.0000
0.0000
0.0000
0.0000
0.0000
0.0000
0.0000
0.0000
0.0000
0.0000
0.0000
0.0000
0.0000
0.0000
0.0000
0.0000
0.0000
0.0000
0.0000
0.0000
0.0000
0.0000
0.0000
0.0000
0.3957
0.3957
0.3957
0.3957
0.3957
0.3957
0.3957
0.3957
0.3957
0.3957
0.3957
0.3957
0.0000
0.0000
0.0000
0.3957
0.3957
0.3957
0.3957
0.3957
0.3957
0.3957
0.3957
0.3957
0.3957
0.3957
0.3957
0.0000
0.4086
0.3957
0.3957
0.3957
0.3957
0.3957
0.3957
0.3957
0.3957
0.3957
0.3957
0.3957
0.0000
0.4582
0.4033
0.4007
0.4008
0.4011
0.4015
0.4019
0.4023
0.4026
0.4030
0.4034
0.4037
0.0000
0.9084
0.6096
0.5421
0.5383
0.5381
0.5387
0.5396
0.5407
0.5420
0.5433
0.6108
0.6182
1.1883
1.0212
0.9146
0.8964
0.8936
0.8913
0.8876
0.8841
0.8816
0.8796
0.8780
0.8768
1.1808
1.2440
1.2229
1.2236
1.2245
1.2340
1.2311
1.3785
1.4036
1.4097
1.4145
1.4173
1.3319
1.3762
1.3798
1.3825
1.3909
1.3923
1.3960
1.3990
1.4033
1.4133
1.4168
1.5671
1.4529
1.4595
1.3131
1.3117
1.3107
1.3105
1.3146
1.3169
1.3170
1.3165
1.3168
1.3216
1.3230
1.4821
1.4659
1.4596
1.4974
1.4989
1.5008
1.3469
1.3498
1.3509
1.3512
1.3515
1.3529
1.3754
1.3743
1.3723
1.3735
1.3757
1.3744
1.3715
1.3731
1.3737
1.5442
1.5426
1.5443
1.5451
1.5453
1.5453
1.5453
1.5453
1.5461
1.5474
1.5490
1.5509
1.5529
1.5550
1.7058
1.7079
1.6722
1.6254
1.6180
1.6159
1.6147
1.6145
1.5769
1.5702
1.5701
1.5704
1.5708
1.5713
1.5720
1.5728
1.5740
1.5752
1.5758
1.5758
1.4445
1.5549
1.5595
1.5586
1.5575
1.5559
1.7138
1.5599
1.5557
1.5523
1.5499
1.5522
1.5511
1.5486
1.5458
1.5428
1.5439
1.5710
1.5670
1.5628
1.5612
1.5659
1.5664
1.5604
1.5554
1.5533
1.5431
1.5359
1.6878
1.5697
1.5382
1.4206
1.3947
1.3769
1.3589
1.3505
1.3395
1.3280
1.3212
1.3101
1.2948
1.1519
1.2654
1.2553
1.2517
1.2433
1.2323
1.1129
1.1117
1.1089
1.1086
1.1057
1.1022
1.0845
1.0822
1.0797
1.0773
1.1081
1.1577
1.1630
1.1646
1.1633
1.3027
1.3121
1.3179
1.3324
1.2448
1.2518
1.2515
1.2510
1.2522
1.2540
1.2537
1.2394
1.2341
1.3089
1.3098
1.2793
1.2805
1.2806
1.1306
1.1288
1.1261
1.1240
1.1243
1.1241
1.1229
1.1216
0.0000
0.0000
0.0000
0.0000
0.0000
0.4876
0.4229
0.4218
0.4232
0.4245
0.4256
0.4265
0.4275
0.4283
0.4291
0.4298
0.4304
0.0000
0.5173
0.4380
0.4340
0.4339
0.4340
0.4371
0.4346
0.4346
0.4347
0.4347
0.4348
0.4349
0.0000
0.5229
0.4413
0.4366
0.4359
0.4357
0.4357
0.4357
0.4358
0.4359
0.4359
0.4360
0.4361
0.0000
0.5248
0.4431
0.4381
0.4375
0.4370
0.4366
0.4362
0.4359
0.4355
0.4351
0.4348
0.4344
0.0000
0.5200
0.4398
0.4343
0.4361
0.4433
0.4450
0.4461
0.4442
0.4447
0.4305
0.4300
0.4296
0.0000
0.5116
0.4348
0.4294
0.4284
0.4278
0.4272
0.4268
0.4263
0.4258
0.4254
0.4249
0.4245
0.0000
0.5028
1.1516
0.6983
0.6351
0.6275
0.6231
0.6199
0.6174
0.6154
0.6138
0.6124
0.6821
0.0000
1.2551
1.1491
1.0967
0.9554
0.9103
0.9009
0.8960
0.8932
0.8914
0.8903
0.8899
0.8899
1.3357
1.2866
1.2906
1.2828
1.2517
1.2504
1.2462
1.4072
1.4222
1.4309
1.4316
1.4334
1.3449
1.3831
1.3885
1.5414
1.5522
1.5534
1.5553
1.5693
1.5771
1.5784
1.4314
1.5833
1.4313
1.4745
1.4714
1.4773
1.4799
1.4812
1.4801
1.4813
1.4832
1.4822
1.4800
1.4776
1.4801
1.3313
1.3246
1.3197
1.4686
1.4744
1.4770
1.4784
1.4891
1.4966
1.4978
1.5012
1.5039
1.5278
1.5351
1.5380
1.5409
1.5438
1.5437
1.5442
1.5451
1.5459
1.5468
1.5454
1.5453
1.5458
1.5465
1.5473
1.5480
1.5491
1.5506
1.5527
1.5551
1.5578
1.5608
1.5634
1.5665
1.5701
1.5739
1.5779
1.5819
1.5861
1.5905
1.5949
1.5995
1.6041
1.6087
1.6135
1.6170
1.5702
1.5034
1.4983
1.4981
1.6274
1.6347
1.6494
1.6541
1.6587
1.6681
1.6722
1.6728
1.7969
1.7966
1.7969
1.7972
1.7336
1.6944
1.6892
1.6887
1.6907
1.6900
1.6885
1.6867
1.7128
1.7153
1.7145
1.7119
1.7098
1.7109
1.7075
1.7024
1.6970
1.6965
1.6923
1.6850
1.5792
1.5705
1.5553
1.5351
1.5182
1.4988
1.3611
1.3434
1.4574
1.4381
1.4224
1.4007
1.2467
1.2278
1.2079
1.3205
1.3034
1.2927
1.1563
1.1460
1.1354
1.1284
1.1229
1.1215
1.1023
1.0982
1.0940
1.1708
1.1877
1.1860
1.1878
1.1847
1.1814
1.3251
1.2288
1.2389
1.2490
1.2579
1.2621
1.2618
1.2614
1.2608
1.2602
1.2886
1.3367
1.3368
1.3337
1.3251
1.3025
1.1526
1.1504
1.1475
1.1453
1.1436
1.1421
1.1408
1.1395
1.1383
1.1372
0.0000
0.0000
0.0000
0.0000
0.0000
0.5031
0.4290
0.4275
0.4290
0.4303
0.4313
0.4323
0.4329
0.4335
0.4339
0.4342
0.4345
0.0000
0.5236
0.4410
0.4366
0.4361
0.4359
0.4358
0.4357
0.4357
0.4357
0.4356
0.4356
0.4356
0.0000
0.5243
0.4417
0.4369
0.4362
0.4359
0.4356
0.4353
0.4350
0.4347
0.4344
0.4341
0.4338
0.0000
0.5200
0.4393
0.4341
0.4332
0.4323
0.4315
0.4307
0.4300
0.4293
0.4286
0.4278
0.4271
0.0000
0.5072
0.4314
0.4326
0.4365
0.4376
0.4382
0.4222
0.4213
0.4205
0.4198
0.4191
0.4183
0.0000
0.4921
0.4221
0.4169
0.4155
0.4146
0.4137
0.4129
0.4121
0.4113
0.4106
0.4098
0.4090
0.0000
0.4764
1.1116
0.6360
0.5962
0.5907
0.5876
0.5856
0.5842
0.5834
0.5829
0.5826
0.6394
0.0000
1.2451
1.1491
1.0242
0.9361
0.9210
0.9283
0.9364
0.9450
0.9538
0.9628
0.9757
0.9812
1.3324
1.3046
1.2777
1.2820
1.2917
1.3034
1.3038
1.4627
1.4753
1.4866
1.4926
1.4980
1.4006
1.4466
1.4490
1.4506
1.4519
1.4534
1.4572
1.6092
1.6091
1.6120
1.4568
1.6060
1.6105
1.4994
1.3450
1.3385
1.3385
1.3383
1.3377
1.4576
1.4626
1.4713
1.4761
1.4791
1.4817
1.3690
1.5243
1.5293
1.5328
1.5359
1.5433
1.5475
1.5496
1.5495
1.5570
1.5625
1.5634
1.5705
1.5709
1.5713
1.5718
1.5722
1.5727
1.6219
1.6220
1.6224
1.6228
1.6232
1.6234
1.6237
1.6239
1.6241
1.6243
1.6246
1.6254
1.6265
1.6279
1.6295
1.6313
1.6332
1.6354
1.6377
1.6401
1.6425
1.6393
1.6167
1.6170
1.6187
1.6208
1.6231
1.6255
1.6281
1.6300
1.5830
1.5147
1.5078
1.6286
1.6305
1.6353
1.6412
1.6442
1.6462
1.6479
1.6515
1.6620
1.6623
1.7996
1.7995
1.8013
1.7069
1.6809
1.6751
1.6708
1.6668
1.6671
1.6658
1.6626
1.6859
1.6809
1.6817
1.6780
1.6699
1.6605
1.6563
1.6494
1.6353
1.6249
1.6192
1.6054
1.4920
1.4681
1.4523
1.4410
1.4294
1.4141
1.2818
1.3865
1.3754
1.3638
1.3517
1.2178
1.3148
1.3069
1.2959
1.2845
1.2738
1.1399
1.1351
1.1308
1.1261
1.1214
1.1166
1.1119
1.0921
1.0889
1.0881
1.0868
1.1372
1.1766
1.1754
1.1731
1.1702
1.3225
1.3274
1.3333
1.3435
1.3402
1.2559
1.2592
1.2589
1.2584
1.2488
1.2482
1.2429
1.2376
1.2322
1.2309
1.2865
1.1384
1.1375
1.1355
1.1341
1.1328
1.1316
1.1304
1.1293
1.1282
1.1272
0.0000
0.0000
0.0000
0.0000
0.0000
0.4941
0.4254
0.4243
0.4258
0.4272
0.4285
0.4295
0.4304
0.4311
0.4317
0.4380
0.4328
0.0000
0.5212
0.4400
0.4358
0.4383
0.4356
0.4356
0.4357
0.4358
0.4359
0.4360
0.4416
0.4361
0.0000
0.5255
0.4424
0.4377
0.4370
0.4367
0.4366
0.4364
0.4363
0.4362
0.4361
0.4414
0.4360
0.0000
0.5246
0.4421
0.4371
0.4363
0.4360
0.4359
0.4358
0.4357
0.4357
0.4357
0.4410
0.4357
0.0000
0.5240
0.4423
0.4372
0.4364
0.4360
0.4357
0.4355
0.4353
0.4352
0.4350
0.4401
0.4348
0.0000
0.5219
0.4411
0.4359
0.4353
0.4351
0.4350
0.4350
0.4350
0.4350
0.4350
0.4403
0.4351
0.0000
0.5228
1.0955
0.7365
0.6510
0.6391
0.6353
0.6324
0.6303
0.6286
0.6273
0.6263
0.7459
0.0000
1.0955
1.0955
1.0955
1.0240
1.0140
0.9875
0.9519
0.9432
0.9367
0.9318
0.9279
0.9249
1.3218
1.1769
1.1708
1.1698
1.1694
1.1694
1.1696
1.1699
1.1703
1.1709
1.1718
1.1758
1.1786
1.1904
1.1917
1.1931
1.1945
1.1959
1.1972
1.1985
1.1998
1.2011
1.2025
1.2069
1.2099
1.2268
1.2284
1.2338
1.2377
1.2412
1.2444
1.2477
1.2541
1.2581
1.2610
1.2637
1.2659
1.2631
1.2653
1.2673
1.2711
1.2744
1.2756
1.2779
1.2792
1.2800
1.2806
1.2812
1.2806
1.2912
1.2932
1.2929
1.2917
1.2904
1.2899
1.2898
1.2864
1.2888
1.2899
1.2899
1.2849
1.2751
1.2740
1.2732
1.2727
1.2756
1.2764
1.2765
1.2768
1.2775
1.2784
1.2796
1.2814
1.2818
1.2864
1.2892
1.2918
1.2943
1.2979
1.3020
1.3064
1.3110
1.3163
1.3249
1.3304
1.3251
1.3300
1.3348
1.3395
1.3443
1.3467
1.3482
1.3491
1.3505
1.3535
1.3535
1.3533
1.3473
1.3459
1.3437
1.3414
1.3387
1.3391
1.3406
1.3422
1.3439
1.3474
1.3514
1.3535
1.3581
1.3599
1.3616
1.3632
1.3646
1.3630
1.3601
1.3567
1.3528
1.3487
1.3476
0.3957
0.3957
0.3957
0.3957
0.4497
0.4808
0.4840
0.4852
0.4857
0.4857
0.4854
0.4848
0.0000
0.6069
0.4883
0.4809
0.4782
0.4759
0.4742
0.4727
0.4712
0.4698
0.4683
0.4669
0.4656
0.0000
0.5718
0.4686
0.4620
0.4600
0.4585
0.4571
0.4558
0.4545
0.4532
0.4519
0.4515
0.4512
0.0000
0.5500
0.4576
0.4521
0.4512
0.4508
0.4505
0.4502
0.4500
0.4499
0.4497
0.4495
0.4493
0.0000
0.5464
0.4560
0.4503
0.4494
0.4490
0.4487
0.4484
0.4482
0.4482
0.4483
0.4484
0.4485
0.0000
0.5457
0.4564
0.4509
0.4504
0.4503
0.4503
0.4505
0.4502
0.4500
0.4497
0.4494
0.4491
0.0000
0.5458
0.4556
0.4496
0.4486
0.4480
0.4476
0.4473
0.4470
0.4467
0.4465
0.4463
0.4460
0.0000
0.5410
0.4526
0.4468
0.4459
0.4454
0.4450
0.4446
0.4443
0.4439
0.4436
0.4433
0.4430
0.0000
0.5357
0.4491
0.4433
0.4423
0.4418
0.4413
0.4409
0.4406
0.4402
0.4399
0.4396
0.4392
0.0000
0.5293
0.4452
0.4396
0.4386
0.4380
0.4376
0.4372
0.4369
0.4365
0.4362
0.4359
0.4355
0.0000
0.5230
0.4414
0.4359
0.4349
0.4344
0.4339
0.4335
0.4332
0.4328
0.4324
0.4321
0.4318
0.0000
0.5164
0.4379
0.4329
0.4323
0.4322
0.4323
0.4324
0.4326
0.4327
0.4329
0.4331
0.5715
0.0000
0.7469
0.5828
0.5613
0.5530
0.5433
0.5356
0.5336
0.5306
0.5279
0.5264
0.5262
0.5268
0.0000
0.7005
0.5446
0.5356
0.5373
0.5397
0.5407
0.5412
0.5414
0.5416
0.5406
0.5401
0.5400
0.0000
0.7204
0.5532
0.5401
0.5388
0.5386
0.5388
0.5402
0.5411
0.5418
0.5424
0.5430
0.5436
0.0000
0.7407
0.5594
0.5486
0.5506
0.5537
0.5564
0.5592
0.5619
0.5646
0.5674
0.5702
0.5728
0.0000
0.8301
0.5983
0.5851
0.5870
0.5894
0.5926
0.5955
0.5983
0.5996
0.6036
0.6045
0.6055
0.0000
0.8965
0.6243
0.6097
0.6080
0.6070
0.6084
0.6088
0.6089
0.6089
0.6089
0.6131
0.6152
0.0000
0.9182
0.6307
0.6180
0.6157
0.6139
0.6121
0.6125
0.6116
0.6088
0.6059
0.6029
0.5996
0.0000
0.8847
0.6159
0.5984
0.5972
0.5967
0.5962
0.5913
0.5911
0.5908
0.5907
0.5905
0.5904
0.0000
0.8719
0.6082
0.5915
0.5904
0.5897
0.5863
0.5859
0.5856
0.5852
0.5848
0.5836
0.5819
0.0000
0.8511
0.5939
0.5753
0.5718
0.5689
0.5658
0.5625
0.5591
0.5556
0.5525
0.5496
0.5467
0.0000
0.7784
0.5550
0.5370
0.5318
0.5270
0.5222
0.5173
0.5124
0.5079
0.5034
0.4993
0.4958
0.0000
0.6773
0.4990
0.4902
0.4874
0.4852
0.4832
0.4812
0.4794
0.4778
0.4763
0.4748
0.4733
0.0000
0.5843
0.4771
0.4693
0.4670
0.4653
0.4637
0.4622
0.4607
0.4593
0.4578
0.4564
0.4549
0.0000
0.5551
0.4608
0.4546
0.4534
0.4527
0.4521
0.4516
0.4512
0.4507
0.4503
0.4499
0.4495
0.0000
0.5457
0.4552
0.4491
0.4479
0.4471
0.4464
0.4458
0.4453
0.4447
0.4442
0.4438
0.4434
0.0000
0.5361
0.4494
0.4437
0.4427
0.4421
0.4417
0.4413
0.4409
0.4406
0.4401
0.4395
0.4389
0.0000
0.5279
0.4441
0.4383
0.4371
0.4363
0.4356
0.4350
0.4344
0.4337
0.4331
0.4324
0.4318
0.0000
0.5157
0.4365
0.4309
0.4297
0.4288
0.4281
0.4275
0.7592
0.7585
0.7579
0.7573
0.7567
0.0000
0.8378
0.7604
0.7556
0.7545
0.7536
0.7528
0.7520
0.7512
0.7504
0.7495
0.7487
0.7479
0.0000
0.8223
0.7504
0.7458
0.7445
0.7522
0.7559
0.7568
0.7574
0.7577
0.7579
0.7579
0.7551
0.0000
0.8054
0.7401
0.7361
0.7349
0.7339
0.7330
0.7322
0.7313
0.7305
0.7297
0.7289
0.7281
0.0000
0.7885
0.7297
0.7275
1.2774
0.9078
0.8852
0.8810
0.8789
0.8777
0.8770
0.8768
0.8768
0.0000
1.1946
0.9620
1.4310
1.3931
1.2934
1.2693
1.2802
1.2903
1.2987
1.3061
1.3121
1.3182
1.3242
1.3302
1.5271
1.5234
1.4896
1.4874
1.4867
1.4863
1.4861
1.4861
1.6387
1.6488
1.6487
1.6513
1.5044
1.5403
1.5380
1.5367
1.5403
1.5413
1.5411
1.5408
1.5403
1.5450
1.6983
1.7034
1.7064
1.7161
1.5716
1.7219
1.5738
1.5707
1.5700
1.5731
1.5731
1.5720
1.5707
1.5730
1.5753
1.5776
1.5765
1.7273
1.7361
1.7399
1.7419
1.5919
1.5909
1.5935
1.5939
1.5936
1.5926
1.6167
1.6180
1.6170
1.6159
1.6206
1.7737
1.7766
1.7783
1.7841
1.7877
1.7878
1.7879
1.7881
1.7882
1.7883
1.7884
1.7885
1.7887
1.7879
1.7877
1.7878
1.7879
1.7881
1.7883
1.7885
1.7888
1.7890
1.7892
1.7894
1.7898
1.7903
1.7909
1.7915
1.7921
1.7927
1.7933
1.7365
1.6680
1.6608
1.6630
1.6648
1.6624
1.6585
1.6543
1.6533
1.6519
1.6475
1.6422
1.7889
1.7909
1.6381
1.7838
1.6278
1.6185
1.6135
1.6142
1.6121
1.6089
1.6056
1.6026
1.6311
1.6304
1.6276
1.6240
1.6243
1.6246
1.6220
1.6184
1.6182
1.6186
1.6183
1.6152
1.5693
1.5700
1.5678
1.5637
1.5539
1.5479
1.5416
1.5392
1.5345
1.5268
1.5195
1.5128
1.4939
1.4877
1.4850
1.4805
1.4741
1.4691
1.4648
1.4608
1.4567
1.4526
1.4514
1.4493
1.4287
1.4246
1.4214
1.4185
1.4157
1.4131
1.4105
1.4079
1.4054
1.4064
1.5591
1.5668
1.5733
1.5828
1.5874
1.5919
1.5916
1.5912
1.5906
1.5825
1.5846
1.5842
1.5699
1.5689
1.5409
1.5407
1.5354
1.5347
1.3841
1.3804
1.3771
1.3747
1.3726
1.3708
1.3691
0.7275
0.7275
0.7275
0.7275
0.7275
0.7275
0.7275
0.7287
0.7520
0.7549
0.7568
0.7582
0.0000
0.5108
0.4338
0.4299
0.4295
0.4294
0.4294
0.4293
0.4292
0.4291
0.4318
0.4290
1.9787
0.0000
1.9787
1.9787
1.9787
1.9787
1.9787
1.9787
1.9787
1.9787
1.9787
1.9787
1.9787
1.9787
0.0000
1.9787
1.9787
1.9787
1.9787
1.9787
1.9787
1.9787
1.9787
1.9787
1.9787
1.9787
1.9787
0.0000
1.9787
1.9787
1.9787
1.9787
1.9787
1.9787
1.9787
1.9787
1.9787
1.9787
1.9787
1.9787
0.0000
1.9787
1.9787
1.9787
1.9787
1.9787
1.9787
1.9787
1.9787
1.9787
1.9787
1.9787
1.9787
0.0000
1.9787
1.9787
1.9787
1.9787
1.9787
1.9787
1.9787
1.9787
1.9787
1.9787
1.9787
1.9787
0.0000
1.9787
1.9787
1.9787
1.9787
1.9787
1.9787
1.9787
1.9787
1.9787
1.9787
1.9787
1.9787
1.9787
1.9787
1.9787
1.9787
1.9787
1.7988
1.4013
1.0254
0.9772
0.7907
0.6597
0.5807
0.5376
0.5198
0.5095
0.4998
0.4906
0.4853
0.4807
0.4764
0.4723
0.4686
0.4650
0.4621
0.4595
0.4570
0.4548
0.4526
0.4509
0.4490
0.4470
0.4452
0.4434
0.4419
0.4403
0.4384
0.4364
0.4345
0.4327
0.4309
0.4290
0.4273
0.4255
0.4237
0.4220
0.4204
0.4188
0.4171
0.4155
0.4137
0.4120
0.4110
0.4107
0.4104
0.4101
0.4098
0.4095
0.4093
0.4090
0.4087
0.4085
0.4082
0.4080
0.4077
0.4256
0.4571
0.4784
0.5010
0.5123
0.5162
0.5183
0.5197
0.5196
0.5106
0.5078
0.4977
0.4831
0.4758
0.4535
0.4408
0.4304
0.4282
0.4277
0.4276
0.4329
0.4328
0.4347
0.4368
0.4374
0.4367
0.4119
0.4132
0.4128
0.4122
0.4115
0.4135
0.4146
0.4002
0.4002
0.4002
0.4002
0.4002
0.4001
0.4001
0.4001
0.4000
0.4000
0.4000
0.3999
0.3999
0.3998
0.3998
0.3997
0.3997
0.3996
0.3995
0.3995
0.3994
0.3994
0.3993
0.3992
0.3991
0.3991
0.3990
0.3989
0.3989
0.3988
0.3987
0.3987
0.3986
0.3985
0.3985
0.3984
0.3984
0.3983
0.3983
0.3982
0.3982
0.3981
0.3987
0.3996
0.4007
0.4019
0.4029
0.4037
0.4045
0.4054
0.4063
0.4071
0.4080
0.4092
0.4101
0.4110
0.4118
0.4126
0.4134
0.4142
0.4150
0.4158
0.4166
0.4174
0.4178
0.4184
0.4188
0.4193
0.4197
0.4201
0.4204
0.4208
0.4211
0.4215
0.4218
0.4221
0.4224
0.4228
0.4231
0.4235
0.4238
0.4241
0.4245
0.4248
0.4252
0.4255
0.4259
0.4262
1.9787
1.9787
1.9787
1.9787
1.9787
1.9787
1.9787
1.9787
1.9787
1.9787
1.9787
1.9787
0.0000
1.9787
1.9787
1.9787
1.9787
1.9787
1.9787
1.9787
1.9787
1.9787
1.9787
1.9787
1.9787
0.0000
1.9787
1.9787
1.9787
1.9787
1.9787
1.9787
1.9787
1.9787
1.9787
1.9787
1.9787
1.9787
0.0000
1.9787
1.9787
1.9787
1.9787
1.9787
1.9787
1.9787
1.9787
1.9787
1.9787
1.9787
1.9787
0.0000
1.9787
1.9787
1.9787
1.9787
1.9787
1.9787
1.9787
1.9787
1.9787
1.9787
1.9787
1.9787
0.0000
1.9787
1.9787
1.9787
1.9787
1.9787
1.9787
1.9787
1.9787
1.9787
1.9787
1.9787
1.9787
0.0000
1.9787
1.9787
1.9787
1.9787
1.9787
1.9787
1.9787
1.9787
1.9787
1.9787
1.9787
1.9787
0.0000
1.9787
1.9787
1.9787
1.9787
1.9787
1.9787
1.9787
1.9787
1.9787
1.9787
1.9787
1.9787
1.9787
1.9787
1.9787
1.9787
1.9787
1.7842
1.2969
0.9899
0.8603
0.6456
0.5585
0.5047
0.4938
0.4863
0.4804
0.4750
0.4700
0.4658
0.4620
0.4584
0.4555
0.4525
0.4495
0.4466
0.4434
0.4405
0.4378
0.4353
0.4329
0.4306
0.4283
0.4261
0.4241
0.4222
0.4204
0.4188
0.4172
0.4157
0.4142
0.4128
0.4115
0.4110
0.4106
0.4102
0.4099
0.4095
0.4092
0.4088
0.4085
0.4082
0.4079
0.4075
0.4072
0.4069
0.4105
0.4173
0.4161
0.4200
0.4212
0.4230
0.4080
0.4125
0.4136
0.4197
0.4325
0.4460
0.4756
0.4967
0.5053
0.5206
0.5202
0.5188
0.5198
0.5183
0.5127
0.5065
0.4934
0.4791
0.4676
0.4505
0.4428
0.4401
0.4423
0.4423
0.4415
0.4446
0.4453
0.4409
0.3957
0.3957
0.3957
0.3957
0.3957
0.3957
0.3957
0.3957
0.3957
0.3957
0.3957
0.3957
0.3957
0.3957
0.3957
0.3957
0.3957
0.3957
0.3957
0.3957
0.3957
0.3957
0.3957
0.3957
0.3957
0.3957
0.3957
0.3957
0.3957
0.3957
0.3957
0.3957
0.3957
0.3957
0.3957
0.3957
0.3957
0.3957
0.3957
0.3957
0.3957
0.3957
0.3957
0.3957
0.3957
0.3957
0.3957
0.3957
0.3957
0.3957
0.3957
0.3957
0.3957
0.3961
0.3973
0.3981
0.3989
0.3996
0.4004
0.4011
0.4019
0.4026
0.4033
0.4041
0.4048
0.4055
0.4061
0.4068
0.4075
0.4082
0.4088
0.4095
0.4102
0.4107
0.4112
0.4117
0.4125
0.4133
0.4140
0.4148
0.4155
0.4163
0.4170
0.4177
0.4184
0.4190
0.4197
0.4203
0.4210
0.4216
0.4223
0.4230
0.4237
0.4244
0.4251
0.4258
0.4265
1.9787
1.9787
1.9787
1.9787
1.9787
1.9787
1.9787
1.9787
1.9787
1.9787
1.9787
1.9787
0.0000
1.9787
1.9787
1.9787
1.9787
1.9787
1.9787
1.9787
1.9787
1.9787
1.9787
1.9787
0.3957
0.0000
0.0000
0.0000
0.0000
0.5279
0.4453
0.4431
0.4441
0.4452
0.4460
0.4468
0.4475
0.4482
0.4488
0.4493
0.4498
0.0000
0.5510
0.4577
0.4530
0.4527
0.4528
0.4530
0.4522
0.4513
0.4503
0.4492
0.4481
0.4470
0.0000
0.5408
0.4504
0.4443
0.4593
0.4609
0.4613
0.4615
0.4615
0.4615
0.4585
0.4347
0.4335
0.0000
0.5183
0.4370
0.4310
0.4293
0.4281
0.4270
0.4259
0.4248
0.4238
0.4227
0.4217
0.4206
0.0000
0.4963
0.4234
0.4178
1.0955
0.7399
0.6310
0.6265
0.6243
0.6228
0.6218
0.6212
0.6224
0.0000
1.0277
0.6811
1.1232
1.0427
0.9869
0.9609
0.9542
0.9623
0.9736
0.9811
0.9869
0.9924
0.9978
1.0032
1.3885
1.3329
1.3090
1.3099
1.3150
1.3198
1.3250
1.4816
1.4964
1.5146
1.5274
1.5320
1.4479
1.4892
1.4862
1.4918
1.4940
1.4995
1.5012
1.4999
1.5020
1.4995
1.6582
1.5137
1.6660
1.5564
1.5567
1.4073
1.4076
1.4068
1.4056
1.4046
1.4089
1.4110
1.4111
1.4109
1.4121
1.4200
1.4219
1.4223
1.4226
1.4267
1.4312
1.4334
1.5891
1.5952
1.6084
1.6108
1.6099
1.6098
1.6101
1.6105
1.6110
1.6114
1.6116
1.6117
1.6118
1.6119
1.6119
1.6119
1.6118
1.6116
1.6115
1.6113
1.6111
1.6084
1.6099
1.6116
1.6131
1.6147
1.6165
1.6184
1.6206
1.6230
1.6254
1.6715
1.7951
1.8032
1.8074
1.6885
1.6644
1.6456
1.6429
1.6409
1.6392
1.6376
1.6358
1.6340
1.6320
1.6299
1.6298
1.6306
1.6616
1.6303
1.6289
1.6340
1.6375
1.7778
1.7836
1.6442
1.7944
1.6821
1.6731
1.6789
1.6810
1.6829
1.6870
1.6883
1.6885
1.7157
1.7166
1.7214
1.7229
1.7227
1.7212
1.7228
1.7206
1.7163
1.7124
1.7133
1.7090
1.6163
1.5997
1.5915
1.5821
1.5616
1.4224
1.5273
1.5174
1.5029
1.4904
1.4736
1.4586
1.4302
1.4144
1.4027
1.3831
1.3585
1.3437
1.2099
1.1974
1.1841
1.1720
1.1607
1.1523
1.1303
1.1266
1.1241
1.2152
1.2260
1.2224
1.2181
1.2133
1.2083
1.3519
1.3542
1.3632
1.2653
1.2807
1.2809
1.2802
1.2792
1.2780
1.2767
1.2754
1.2695
1.2591
1.2750
1.3297
1.1584
1.1569
1.1537
1.1512
1.1488
1.1467
1.1447
1.1427
1.1407
1.1387
1.1368
0.0000
0.0000
0.0000
0.0000
0.0000
0.5012
0.4269
0.4251
0.4261
0.4271
0.4279
0.4284
0.4289
0.4294
0.4297
0.4300
0.4302
0.0000
0.5162
0.4364
0.4321
0.4316
0.4313
0.4312
0.4310
0.4308
0.4306
0.4332
0.4303
0.4300
0.0000
0.5145
0.4353
0.4305
0.4297
0.4292
0.4288
0.4285
0.4281
0.4278
0.4274
0.4270
0.4267
0.0000
0.5080
0.4316
0.4266
0.4257
0.4252
0.4248
0.4244
0.4241
0.4238
0.4236
0.4233
0.4230
0.0000
0.5018
0.4284
0.4235
0.4319
0.4355
0.4370
0.4381
0.4390
0.4397
0.4403
0.4205
0.4201
0.0000
0.4964
0.4253
0.4204
0.4195
0.4190
0.4186
0.4183
0.4179
0.4176
0.4173
0.4170
0.4167
0.0000
0.4906
1.1291
0.6783
0.6240
0.6196
0.6179
0.6172
0.6172
0.6177
0.6185
0.6196
0.6537
0.0000
1.2638
1.1491
1.0709
0.9796
0.9570
0.9673
0.9742
0.9796
0.9844
0.9888
0.9928
0.9966
1.4252
1.3444
1.3417
1.3099
1.3114
1.3141
1.3201
1.3222
1.4912
1.5090
1.5213
1.5193
1.5807
1.4718
1.4723
1.4771
1.4749
1.4718
1.4723
1.6272
1.6359
1.6408
1.6391
1.6413
1.5272
1.5287
1.3776
1.3727
1.3692
1.3696
1.3723
1.3727
1.3723
1.3721
1.3768
1.3798
1.5227
1.5231
1.5239
1.6820
1.6885
1.6918
1.6940
1.5470
1.5470
1.5461
1.5451
1.5448
1.5487
1.7190
1.7186
1.7190
1.7194
1.7199
1.7203
1.7681
1.7682
1.7684
1.7686
1.7688
1.7689
1.7690
1.7691
1.7691
1.7692
1.7693
1.7697
1.7707
1.7719
1.7735
1.7752
1.7771
1.7793
1.7816
1.7840
1.7866
1.7892
1.7919
1.7949
1.7980
1.7962
1.7740
1.7748
1.7779
1.7795
1.7820
1.7847
1.7869
1.7897
1.7225
1.7121
1.7086
1.7069
1.6660
1.6111
1.6025
1.5974
1.5945
1.6878
1.7015
1.7009
1.7670
1.7262
1.7227
1.7190
1.7150
1.7111
1.7076
1.7091
1.7352
1.7311
1.7270
1.7263
1.7264
1.7222
1.7164
1.7134
1.7117
1.7067
1.7003
1.6957
1.6024
1.5828
1.5637
1.5491
1.5305
1.5179
1.5083
1.4957
1.4866
1.4728
1.4589
1.9787
1.9787
1.9787
1.9787
1.9787
1.9787
1.9787
1.9787
1.9787
1.9787
1.9787
1.9787
1.9787
1.9787
1.9787
1.9787
1.9787
1.9787
1.9787
1.9787
1.9787
1.9787
1.9787
1.9787
1.9787
1.9787
1.9787
1.9787
1.9787
1.9787
1.9787
1.9787
1.9787
1.9787
1.9787
1.9787
1.9787
1.9787
1.9787
1.9787
1.9787
1.9787
1.9787
1.9787
1.9787
1.9787
1.9787
1.9787
1.9787
1.9787
1.9787
1.9787
1.9787
1.9787
1.9787
1.9787
1.9787
1.9787
1.9787
1.9787
0.0000
1.9787
1.9787
1.9787
1.9787
1.9787
1.9787
1.9787
1.9787
1.9787
1.9787
1.9787
1.9787
0.0000
1.9787
1.9787
1.9787
1.9787
1.9787
1.9787
1.9787
1.9787
1.9787
1.9787
1.9787
1.9787
0.0000
1.9787
1.9787
1.9787
1.9787
1.9787
1.9787
1.9787
1.9787
1.9787
1.9787
1.9787
1.9787
0.0000
1.9787
1.9787
1.9787
1.9787
1.9787
1.9787
1.9787
1.9787
1.9787
1.9787
1.9787
1.9787
0.0000
1.9787
1.9787
1.9787
1.9787
1.9787
1.9787
1.9787
1.9787
1.9787
1.9787
1.9787
1.9787
0.0000
1.9787
1.9787
1.9787
1.9787
1.9787
1.9787
1.9787
1.9787
1.9787
1.9787
1.9787
1.9787
0.0000
1.9787
1.9787
1.9787
1.9787
1.9787
1.9787
1.9787
1.9787
1.9787
1.9787
1.9787
1.9787
1.9787
1.9787
1.9787
1.9787
1.9787
1.9787
1.9787
1.9787
1.9787
1.9787
1.9787
1.9787
1.9787
1.9787
1.9787
1.9787
1.9787
1.9787
1.9787
1.9787
1.9787
1.9787
1.9787
1.9787
1.9787
1.9787
1.9787
1.9787
1.9787
1.9787
1.9787
1.9787
1.9787
1.9787
1.9787
1.9787
1.9787
1.9787
1.9787
1.9787
1.9787
1.9787
1.9787
1.9787
1.9787
1.9787
1.9787
1.9787
1.9787
1.9787
1.9787
1.9787
1.9787
1.9787
1.9787
1.9787
1.9787
1.9787
1.9787
1.9787
1.9787
1.9787
1.9787
1.9787
1.9787
1.9787
1.9787
1.9787
1.9787
1.9787
1.9787
1.9787
1.9787
1.9787
1.9787
1.9787
1.9787
1.9787
1.9787
1.9787
1.9787
1.9787
1.9787
1.9787
1.9787
1.9787
1.9787
1.9787
1.9787
1.9787
1.9787
1.9787
1.9787
1.9787
1.9787
1.9787
1.9787
1.9787
1.9787
1.9787
1.9787
1.9787
1.9787
1.9787
1.9787
1.9787
1.9787
1.9787
1.9787
1.9787
1.9787
1.9787
1.9787
1.9787
1.9787
1.9787
1.9787
1.9787
1.9787
1.9787
1.9787
1.9787
1.9787
1.9787
1.9787
1.9787
1.9787
1.9787
1.9787
1.9787
1.9787
1.9787
1.9787
1.9787
1.9787
1.9787
1.9787
1.9787
1.9787
1.9787
1.9787
1.9787
1.9787
1.9787
1.9787
1.9787
1.9787
1.9787
1.9787
0.0000
1.9787
1.9787
1.9787
1.9787
1.9787
1.9787
1.9787
1.9787
1.9787
1.9787
1.9787
1.9787
0.0000
1.9787
1.9787
1.9787
1.9787
1.9787
1.9787
1.9787
1.9787
1.9787
1.9787
1.9787
1.9787
0.0000
1.9787
1.9787
1.9787
1.9787
1.9787
1.9787
1.9787
1.9787
1.9787
1.9787
1.9787
1.9787
0.0000
1.9787
1.9787
1.9787
1.9787
1.9787
1.9787
1.9787
1.9787
1.9787
1.9787
1.9787
1.9787
0.0000
1.9787
1.9787
1.9787
1.9787
1.9787
1.9787
1.9787
1.9787
1.9787
1.9787
1.9787
1.9787
0.0000
1.9787
1.9787
1.9787
1.9787
1.9787
1.9787
1.9787
1.9787
1.9787
1.9787
1.9787
1.9787
0.0000
1.9787
1.9787
1.9787
1.9787
1.9787
1.9787
1.9787
1.9787
1.9787
1.9787
1.9787
1.9787
0.0000
1.9787
1.9787
1.9787
1.9787
1.9787
1.9787
1.9787
1.9787
1.9787
1.9787
1.9787
1.9787
0.0000
1.9787
1.9787
1.9787
1.9787
1.9787
1.9787
1.9787
1.9787
1.9787
1.9787
1.9787
1.9787
0.0000
1.9787
1.9787
1.9787
1.9787
1.9787
1.9787
1.9787
1.9787
1.9787
1.9787
1.9787
1.9787
0.0000
1.9787
1.9787
1.9787
1.9787
1.9787
1.9787
1.9787
1.9787
1.9787
1.9787
1.9787
1.9787
0.0000
1.9787
1.9787
1.9787
1.9787
1.9787
1.9787
1.9787
1.9787
1.9787
1.9787
1.9787
1.9787
0.0000
1.9787
1.9787
1.9787
1.9787
1.9787
1.9787
1.9787
1.9787
1.9787
1.9787
1.9787
1.9787
0.0000
1.9787
1.9787
1.9787
1.9787
1.9787
1.9787
1.9787
1.9787
1.9787
1.9787
1.9787
1.9787
0.0000
1.9787
1.9787
1.9787
1.9787
1.9787
1.9787
1.9787
1.9787
1.9787
1.9787
1.9787
1.9787
0.0000
1.9787
1.9787
1.9787
1.9787
1.9787
1.9787
1.9787
1.9787
1.9787
1.9787
1.9787
1.9787
0.0000
1.9787
1.9787
1.9787
1.9787
1.9787
1.9787
1.9787
1.9787
1.9787
1.9787
1.9787
1.9787
0.0000
1.9787
1.9787
1.9787
1.9787
1.9787
1.9787
1.9787
1.9787
1.9787
1.9787
1.9787
1.9787
0.0000
1.9787
1.9787
1.9787
1.9787
1.9787
1.9787
1.9787
1.9787
1.9787
1.9787
1.9787
1.9787
0.0000
1.9787
1.9787
1.9787
1.9787
1.9787
1.9787
1.9787
1.9787
1.9787
1.9787
1.9787
1.9787
0.0000
1.9787
1.9787
1.9787
1.9787
1.9787
1.9787
1.9787
1.9787
1.9787
1.9787
1.9787
1.9787
0.0000
1.9787
1.9787
1.9787
1.9787
1.9787
1.9787
1.9787
1.9787
1.9787
1.9787
1.9787
1.9787
0.0000
1.9787
1.9787
1.9787
1.9787
1.9787
1.9787
1.9787
1.9787
1.9787
1.9787
1.9787
1.9787
0.0000
1.9787
1.9787
1.9787
1.9787
1.9787
1.9787
1.9787
1.9787
1.9787
1.9787
1.9787
1.9787
0.0000
1.9787
1.9787
1.9787
1.9787
1.9787
1.9787
1.9787
1.9787
1.9787
1.9787
1.9787
1.9787
0.0000
1.9787
1.9787
1.9787
1.9787
1.9787
1.9787
1.9787
1.9787
1.9787
1.9787
1.9787
1.9787
0.0000
1.9787
1.9787
1.9787
1.9787
1.9787
1.9787
1.9787
1.9787
1.9787
1.9787
1.9787
1.9787
0.0000
1.9787
1.9787
1.9787
1.9787
1.9787
1.9787
1.9787
1.9787
1.9787
1.9787
1.9787
1.9787
0.0000
1.9787
1.9787
1.9787
1.9787
1.9787
1.9787
1.9787
1.9787
1.9787
1.9787
1.9787
1.9787
0.0000
1.9787
1.9787
1.9787
1.9787
1.9787
1.9787
1.9787
1.9787
1.9787
1.9787
1.9787
1.9787
0.0000
1.9787
1.9787
1.9787
1.9787
1.9787
1.9787
1.9787
1.9787
1.9787
1.9787
1.9787
1.9787
0.0000
1.9787
1.9787
1.9787
1.9787
0.3957
0.3957
0.3957
0.4648
0.4879
0.4911
0.4929
0.4943
0.0000
0.6643
0.6737
0.7258
1.1848
1.1023
1.0199
0.9773
0.9561
0.9466
0.9389
0.9336
0.9304
0.9326
0.9284
0.9290
1.3817
1.2796
1.2551
1.2562
1.2669
1.2727
1.2767
1.4244
1.4409
1.4544
1.4547
1.4551
1.3636
1.4066
1.4189
1.4243
1.4279
1.4318
1.4352
1.4424
1.4419
1.4397
1.5904
1.4430
1.5976
1.4908
1.4914
1.3400
1.3372
1.3405
1.3411
1.3407
1.4929
1.4997
1.5068
1.3580
1.3556
1.3568
1.3618
1.3649
1.3657
1.3661
1.3687
1.3755
1.3774
1.5321
1.5380
1.5470
1.5533
1.4235
1.4204
1.4193
1.5747
1.5751
1.5759
1.5764
1.5768
1.5795
1.5809
1.5817
1.5824
1.5831
1.5838
1.5843
1.5849
1.5856
1.5869
1.5887
1.5908
1.5907
1.5924
1.5950
1.5980
1.6012
1.6046
1.6080
1.6118
1.6158
1.6194
1.6228
1.6261
1.6293
1.6324
1.5713
1.5629
1.6322
1.6380
1.6422
1.6434
1.5199
1.5168
1.6416
1.6490
1.6533
1.6560
1.6629
1.6706
1.6723
1.6732
1.6728
1.8031
1.6892
1.6799
1.6797
1.6785
1.6771
1.6758
1.6775
1.6797
1.7069
1.7046
1.7028
1.7066
1.7070
1.7022
1.6957
1.6944
1.6900
1.6829
1.6750
1.6712
1.5557
1.5319
1.5123
1.4895
1.4678
1.4575
1.4426
1.3092
1.4167
1.4117
1.2709
1.3782
1.3598
1.3490
1.3367
1.3243
1.3122
1.1755
1.1656
1.1556
1.1503
1.1447
1.1394
1.1344
1.1145
1.1107
1.2004
1.2097
1.2076
1.2060
1.2100
1.2070
1.2038
1.3526
1.3532
1.3590
1.3734
1.3734
1.3824
1.2726
1.2770
1.2796
1.2796
1.2790
1.2739
1.2642
1.3128
1.3466
1.3169
1.3185
1.3187
1.1723
1.1701
1.1684
1.1684
1.1667
1.1650
1.1635
1.1622
0.0000
0.0000
0.0000
0.0000
0.4661
0.4351
0.4366
0.4388
0.4406
0.4421
0.4433
0.4443
0.4450
0.4455
0.4460
0.4463
0.0000
0.5438
0.4535
0.4488
0.4483
0.4510
0.4482
