24.4533
24.4499
24.4448
24.3777
24.3298
24.2937
24.2653
24.2419
24.2220
24.2046
24.1888
24.1743
24.1607
24.1478
24.1372
24.1286
24.1213
24.1152
24.1099
24.1052
24.1009
24.0971
24.0936
24.0903
24.0872
24.0843
24.0815
24.0787
24.0759
24.0730
24.0701
24.0672
24.0641
24.0610
24.0578
24.0547
24.0515
24.0483
24.0452
24.0422
24.0393
24.0364
24.0336
24.0308
24.0282
24.0257
24.0234
24.0211
24.0191
24.0171
24.0150
24.0129
24.0106
24.0083
24.0059
24.0035
24.0011
23.9987
23.9963
23.9938
23.9913
13.3196
12.7953
12.8221
12.8060
12.8039
12.8031
12.8026
12.8022
12.8020
12.8018
12.7249
12.7762
12.8984
12.7336
12.8007
12.8033
12.8121
12.8035
12.8033
12.8026
12.8024
12.8026
12.8005
12.8022
13.0565
12.7826
12.7704
12.7957
12.7926
12.8056
12.7951
12.8824
12.8019
12.8095
12.7957
12.8112
12.7464
12.8371
12.7990
12.8060
12.8024
12.8020
12.8020
12.7989
12.8041
12.8027
12.8748
12.7300
12.8736
12.7724
12.8013
12.7301
12.8004
12.7806
12.8027
12.8013
12.8338
12.8075
12.8059
12.8040
12.8026
12.7576
12.8756
12.8038
12.8049
12.8039
12.8014
12.8015
12.8020
12.7988
12.8022
12.8020
12.8030
12.8130
12.7998
12.8011
12.8029
12.8231
12.8842
12.8022
12.8051
12.8032
12.8047
12.8133
12.7976
12.8000
12.7981
12.8003
12.8004
12.8007
12.7342
12.7855
12.8017
12.8013
12.8034
12.8137
12.7906
12.8015
12.7973
12.8037
12.7994
12.8016
12.8012
12.8031
12.7984
12.8009
12.7278
12.8056
12.7990
12.7748
12.8032
12.8013
12.8004
12.8002
12.8006
12.8024
12.8619
12.8044
12.8027
12.8023
12.8031
12.8009
12.8031
12.8041
12.8742
12.7299
12.8106
12.8049
12.8025
12.7985
12.8029
12.8052
12.8044
12.8151
12.8005
12.8018
12.8058
12.7997
12.8043
12.7954
12.8020
12.7997
12.8030
12.7912
12.7976
12.7468
12.7988
12.7970
12.7971
12.7989
12.7975
12.7565
12.8288
12.8108
12.7979
12.7972
12.8009
12.7862
12.7635
12.8172
12.8149
12.7984
12.7986
12.7645
12.7994
12.7990
12.7990
12.7987
12.7990
12.7911
12.7999
12.7997
12.7997
12.8000
12.8001
12.8094
12.8141
12.8000
12.8532
12.8161
12.8037
12.7830
12.8056
12.8002
12.8039
12.8016
12.8004
12.7956
12.7999
12.7976
12.7974
12.7975
12.8004
12.7919
12.8074
12.7374
12.8027
12.8007
12.8007
12.8007
12.8007
12.8008
12.8008
12.8009
23.3588
23.7347
23.9541
24.1049
24.2096
24.2828
24.3344
24.3710
24.3970
24.4155
24.4287
24.4381
24.4446
24.4491
24.4520
24.4537
24.4545
24.4547
24.4545
24.4540
24.4533
24.4514
24.4495
24.4599
24.4704
24.4767
24.4182
24.3786
24.3533
24.3382
13.3581
12.8005
12.8003
12.8003
12.8003
12.8003
12.8003
12.8003
12.8003
12.8003
12.8003
12.8003
22.9671
23.3514
23.6648
13.3579
12.8006
12.8003
12.8003
12.8003
12.8003
12.8003
12.8003
12.8003
12.8003
12.8003
12.8003
23.1624
13.3401
12.8181
12.8004
12.8004
12.8004
12.8004
12.8004
12.8004
12.8004
12.8004
12.8004
12.8004
23.2739
13.2813
12.8660
12.8040
12.8002
12.7999
12.7999
12.7999
12.7999
12.7999
12.7999
12.7999
12.8000
23.3528
13.4568
12.6517
12.7653
12.7982
12.8001
12.8005
12.8006
12.8008
12.8008
12.8009
12.8349
12.8041
13.0854
12.7202
12.7484
12.7922
12.7997
12.8006
12.7996
12.7994
12.7997
12.7998
12.8000
12.8001
12.9509
12.8316
12.7907
12.8012
12.8012
12.8053
12.7993
12.8719
12.8126
12.8028
12.8026
12.8015
12.7599
12.8222
12.8029
12.8024
12.8052
12.8018
12.8029
12.8027
12.8031
12.8060
12.8030
12.8718
12.7479
12.8047
12.7314
12.8001
12.8004
12.8008
12.8029
12.8021
12.8010
12.8007
12.8012
12.8033
12.8017
12.8759
12.7933
12.7977
12.8186
12.8015
12.8017
12.7284
12.8022
12.8009
12.8012
12.8012
12.8013
12.8117
12.8006
12.8001
12.8017
12.8022
12.8005
12.7998
12.8019
12.8015
12.8804
12.7995
12.8009
12.8005
12.8002
12.8001
12.8000
12.8001
12.8004
12.8007
12.8008
12.8009
12.8009
12.8010
12.8694
12.8009
12.7835
12.7783
12.7964
12.7988
12.7992
12.7996
12.7824
12.7967
12.7997
12.7999
12.7999
12.8000
12.8001
12.8001
12.8003
12.8003
12.8000
12.7997
12.7392
12.8526
12.8031
12.8004
12.8004
12.8001
12.8732
12.7301
12.7988
12.7993
12.7998
12.8020
12.8004
12.7998
12.7997
12.7996
12.8015
12.8137
12.7993
12.7992
12.8003
12.8033
12.8013
12.7984
12.7990
12.8003
12.7967
12.7981
12.8711
12.7453
12.7854
12.7449
12.7882
12.7921
12.7920
12.7966
12.7954
12.7952
12.7975
12.7954
12.7934
12.7316
12.8556
12.7958
12.7980
12.7959
12.7950
12.7426
12.8001
12.7993
12.8006
12.7993
12.7991
12.7922
12.7996
12.7996
12.7997
12.8159
12.8249
12.8032
12.8013
12.7999
12.8677
12.8051
12.8031
12.8069
12.7585
12.8040
12.8014
12.8012
12.8020
12.8023
12.8012
12.7937
12.7981
12.8358
12.8002
12.7857
12.8007
12.8001
12.7278
12.7996
12.7993
12.7995
12.8007
12.8005
12.8000
12.8000
24.0047
24.4930
24.8418
25.0913
25.2690
13.2521
12.8700
12.8019
12.7986
12.7988
12.7990
12.7991
12.7992
12.7993
12.7994
12.7995
12.7995
24.0763
13.2573
12.8464
12.8050
12.8005
12.8001
12.7967
12.8032
12.8003
12.8002
12.8002
12.8002
12.8002
23.8223
13.2603
12.8397
12.8057
12.8010
12.8005
12.8003
12.8002
12.8002
12.8002
12.8002
12.8002
12.8002
23.7395
13.2613
12.8368
12.8060
12.8010
12.8008
12.8008
12.8007
12.8007
12.8007
12.8007
12.8007
12.8007
23.7237
13.2589
12.8430
12.8067
12.7982
12.7920
12.7984
12.7990
12.8024
12.7996
12.8167
12.8009
12.8008
23.6587
13.2546
12.8531
12.8066
12.8015
12.8011
12.8009
12.8009
12.8009
12.8009
12.8008
12.8008
12.8009
23.5917
13.2500
13.1272
12.5798
12.7716
12.7963
12.7980
12.7986
12.7989
12.7992
12.7994
12.7995
12.8363
23.6190
13.6272
12.7495
12.7752
12.7321
12.7783
12.7970
12.7989
12.7997
12.8000
12.8003
12.8005
12.8007
13.0184
12.7773
12.8025
12.7969
12.7857
12.8000
12.7985
12.8774
12.8073
12.8040
12.8001
12.8013
12.7584
12.8192
12.8037
12.8731
12.8060
12.8022
12.8025
12.8080
12.8052
12.8021
12.7319
12.8725
12.7294
12.8210
12.7993
12.8034
12.8019
12.8012
12.8001
12.8011
12.8014
12.8001
12.7995
12.7994
12.8017
12.7296
12.7970
12.7980
12.8712
12.8033
12.8017
12.8010
12.8054
12.8039
12.8009
12.8019
12.8016
12.8113
12.8032
12.8010
12.8010
12.8010
12.7996
12.7997
12.7999
12.7999
12.7998
12.7987
12.7993
12.7996
12.7996
12.7996
12.7995
12.7997
12.7999
12.8010
12.8012
12.8013
12.8014
12.8013
12.8015
12.8017
12.8018
12.8019
12.8019
12.8020
12.8020
12.8021
12.8021
12.8021
12.8022
12.8022
12.8016
12.7792
12.7697
12.7985
12.8008
12.8613
12.8046
12.8077
12.8031
12.8030
12.8052
12.8023
12.8007
12.8564
12.7998
12.8000
12.8000
12.7716
12.7825
12.7980
12.8002
12.8013
12.8001
12.7997
12.7996
12.8124
12.8017
12.8002
12.7993
12.7995
12.8010
12.7990
12.7982
12.7980
12.8003
12.7985
12.7972
12.7511
12.7959
12.7931
12.7907
12.7922
12.7910
12.7341
12.7908
12.8543
12.7913
12.7930
12.7901
12.7263
12.7909
12.7905
12.8540
12.7917
12.7948
12.7341
12.7952
12.7951
12.7962
12.7972
12.7993
12.7912
12.7987
12.7990
12.8378
12.8085
12.7994
12.8011
12.7987
12.7986
12.8693
12.7540
12.8051
12.8051
12.8045
12.8022
12.8000
12.7999
12.7999
12.7998
12.8139
12.8231
12.8001
12.7985
12.7959
12.7893
12.7271
12.7985
12.7983
12.7988
12.7991
12.7993
12.7994
12.7996
12.7996
12.7998
24.0049
24.5226
24.8977
25.1686
25.3615
13.2568
12.8643
12.8020
12.7890
12.7917
12.7919
12.7921
12.7925
12.7927
12.7929
12.7930
12.7932
24.2822
13.2658
12.8329
12.8052
12.8007
12.8004
12.7939
12.7938
12.7938
12.7938
12.7939
12.7939
12.7939
23.9816
13.2658
12.8320
12.7994
12.7948
12.7943
12.7943
12.7944
12.7944
12.7944
12.7944
12.7944
12.7945
23.8544
13.2634
12.8372
12.8002
12.7952
12.7952
12.7952
12.7952
12.7952
12.7952
12.7953
12.7953
12.7953
23.7605
13.2565
12.8534
12.7922
12.7889
12.7922
12.7926
12.8138
12.7958
12.7957
12.7957
12.7957
12.7958
23.6188
13.2484
12.8691
12.8015
12.7966
12.7962
12.7962
12.7961
12.7962
12.7962
12.7962
12.7963
12.7963
23.4774
13.2562
13.0952
12.5615
12.7795
12.7972
12.7984
12.7990
12.7993
12.7996
12.7998
12.7999
12.8292
23.5107
13.6224
12.7543
12.7402
12.7581
12.7942
12.8052
12.8053
12.8053
12.8051
12.8051
12.8070
12.8033
12.9712
12.7878
12.7879
12.8028
12.8054
12.8063
12.8008
12.8764
12.8068
12.8061
12.8035
12.8033
12.7542
12.8220
12.8015
12.8010
12.8009
12.8019
12.8030
12.8725
12.8015
12.8028
12.7288
12.8709
12.8034
12.7490
12.7276
12.7975
12.8007
12.8006
12.8004
12.8580
12.8036
12.8053
12.8035
12.8026
12.8025
12.7475
12.8738
12.8029
12.8021
12.8018
12.8037
12.8021
12.8011
12.8000
12.8034
12.8024
12.8002
12.8026
12.7994
12.8003
12.8003
12.8003
12.8003
12.8228
12.8001
12.8002
12.8002
12.8002
12.8001
12.8001
12.8001
12.8001
12.8001
12.8001
12.8003
12.8005
12.8006
12.8007
12.8008
12.8008
12.8009
12.8010
12.8010
12.8010
12.7985
12.7895
12.8001
12.8007
12.8009
12.8010
12.8010
12.8011
12.8007
12.7790
12.7689
12.7975
12.8572
12.8020
12.8032
12.8037
12.8023
12.8018
12.8017
12.8025
12.8057
12.8009
12.8625
12.7999
12.8006
12.7574
12.7883
12.7976
12.7982
12.7984
12.8004
12.7997
12.7987
12.8110
12.7980
12.8007
12.7986
12.7970
12.7964
12.7988
12.7976
12.7944
12.7961
12.7983
12.7948
12.7472
12.7888
12.7925
12.7947
12.7946
12.7928
12.7363
12.8502
12.7951
12.7948
12.7938
12.7356
12.8464
12.7960
12.7944
12.7944
12.7947
12.7352
12.7978
12.7981
12.7979
12.7979
12.7979
12.7972
12.7902
12.7985
12.7997
12.8005
12.8250
12.8194
12.7996
12.7991
12.7988
12.8734
12.8024
12.8028
12.8048
12.7983
12.7596
12.8016
12.7999
12.7998
12.7955
12.7998
12.7975
12.7975
12.7975
12.7995
12.8268
12.7285
12.7998
12.7992
12.7996
12.7996
12.7996
12.7997
12.7997
12.7997
12.7997
24.0049
24.5029
24.8653
25.1222
25.3051
13.2515
12.8726
12.8016
12.7913
12.7915
12.7918
12.7920
12.7923
12.7925
12.7927
12.7928
12.7996
24.1509
13.2601
12.8422
12.8050
12.7973
12.8033
12.7937
12.7936
12.7936
12.7936
12.7937
12.7937
12.8001
23.9445
13.2670
12.8306
12.7992
12.7946
12.7942
12.7941
12.7941
12.7941
12.7941
12.7941
12.7941
12.8002
23.8428
13.2663
12.8315
12.7997
12.7949
12.7944
12.7942
12.7941
12.7941
12.7941
12.7941
12.7941
12.8001
23.8156
13.2660
12.8317
12.7999
12.7949
12.7945
12.7944
12.7944
12.7943
12.7943
12.7943
12.7943
12.8003
23.8026
13.2649
12.8342
12.8000
12.7949
12.7943
12.7942
12.7941
12.7941
12.7941
12.7941
12.7941
12.8001
23.7950
13.2654
13.0889
12.6252
12.7565
12.8033
12.8074
12.8079
12.8082
12.8084
12.8086
12.8087
12.8614
23.9029
13.5493
12.8008
12.8002
12.7652
12.7955
12.7876
12.7831
12.7963
12.7974
12.7981
12.7986
12.7999
12.9938
12.7307
12.7975
12.8000
12.8003
12.8005
12.8005
12.8006
12.8007
12.8007
12.8008
12.8024
12.8017
12.8061
12.8009
12.8009
12.8009
12.8009
12.8009
12.8009
12.8008
12.8017
12.8014
12.8026
12.8011
12.8077
12.8001
12.8028
12.8021
12.8018
12.8017
12.8017
12.8032
12.8020
12.8014
12.8013
12.8010
12.7986
12.8009
12.8008
12.8016
12.8013
12.8003
12.8008
12.8002
12.8000
12.7998
12.7998
12.7992
12.8045
12.8004
12.7992
12.7988
12.7987
12.7991
12.7993
12.7977
12.8004
12.7999
12.7993
12.7969
12.7946
12.7988
12.7989
12.7991
12.8007
12.7997
12.7994
12.7995
12.7996
12.7998
12.7999
12.8001
12.7995
12.8015
12.8006
12.8005
12.8005
12.8009
12.8021
12.8022
12.8023
12.8027
12.8043
12.8028
12.7976
12.8025
12.8024
12.8024
12.8024
12.8013
12.8008
12.8005
12.8008
12.8015
12.8001
12.8000
12.7972
12.7994
12.7991
12.7989
12.7988
12.8003
12.8008
12.8008
12.8009
12.8018
12.8020
12.8011
12.8023
12.8009
12.8009
12.8008
12.8008
12.7993
12.7986
12.7984
12.7982
12.7981
12.7995
12.4868
12.8002
12.8002
12.8002
12.7247
12.7592
12.7878
12.7904
12.7918
12.7922
12.7921
12.7915
25.3707
13.3114
12.7485
12.7993
12.8027
12.7937
12.7934
12.7932
12.7933
12.7934
12.7936
12.7937
12.7937
24.9197
13.2917
12.7778
12.7994
12.7948
12.7945
12.7945
12.7945
12.7946
12.7946
12.7947
12.7938
12.7937
24.2337
13.2797
12.8010
12.7992
12.7944
12.7939
12.7938
12.7938
12.7937
12.7937
12.7938
12.7938
12.7938
24.1075
13.2777
12.8047
12.7996
12.7946
12.7941
12.7940
12.7939
12.7939
12.7936
12.7936
12.7935
12.7935
24.0622
13.2772
12.8047
12.7994
12.7942
12.7937
12.7935
12.7935
12.7938
12.7939
12.7939
12.7939
12.7940
24.0554
13.2771
12.8055
12.8000
12.7948
12.7943
12.7942
12.7941
12.7940
12.7940
12.7940
12.7940
12.7940
24.0071
13.2745
12.8112
12.8000
12.7948
12.7943
12.7942
12.7942
12.7942
12.7942
12.7942
12.7942
12.7942
23.9595
13.2715
12.8179
12.8002
12.7950
12.7945
12.7944
12.7944
12.7944
12.7944
12.7944
12.7944
12.7944
23.9008
13.2681
12.8256
12.8003
12.7951
12.7947
12.7946
12.7945
12.7945
12.7945
12.7945
12.7945
12.7945
23.8401
13.2648
12.8332
12.8005
12.7953
12.7948
12.7947
12.7947
12.7947
12.7947
12.7947
12.7947
12.7947
23.7790
13.2613
12.8408
12.8001
12.7949
12.7944
12.7942
12.7941
12.7941
12.7941
12.7940
12.7940
12.7818
23.8584
13.3757
12.7164
12.7945
12.8013
12.8003
12.8013
12.8041
12.8036
12.8037
12.8043
12.8050
12.8054
24.4753
13.3586
12.7204
12.8006
12.8062
12.8065
12.8058
12.8056
12.8055
12.8054
12.8048
12.8050
12.8053
24.6731
13.3690
12.7147
12.7986
12.8046
12.8052
12.8054
12.8060
12.8058
12.8057
12.8057
12.8003
12.8003
24.9155
13.3802
12.7075
12.7944
12.8010
12.8016
12.8014
12.8014
12.8014
12.8014
12.8014
12.8014
12.8017
25.1384
13.4201
12.6847
12.7939
12.8019
12.8022
12.8027
12.8019
12.8019
12.8011
12.8025
12.8009
12.8009
25.4717
13.4539
12.6656
12.7928
12.7995
12.7998
12.8011
12.8005
12.8004
12.8004
12.8004
12.8025
12.8014
25.6809
13.4699
12.6583
12.7938
12.7992
12.7994
12.7994
12.8006
12.7999
12.7988
12.7988
12.7987
12.7993
25.7278
13.4539
12.6643
12.7918
12.8003
12.8006
12.8005
12.7981
12.8004
12.8003
12.8003
12.8002
12.8007
25.6000
13.4474
12.6672
12.7917
12.7998
12.8003
12.7983
12.7998
12.7998
12.7998
12.7998
12.7994
12.7991
25.5620
13.4369
12.6697
12.7904
12.7982
12.7985
12.7984
12.7983
12.7983
12.7982
12.7984
12.7985
12.8060
25.2751
13.4001
12.6863
12.7907
12.8045
12.8046
12.8046
12.8045
12.8043
12.8044
12.8044
12.8044
12.8040
24.9586
13.3481
12.7133
12.7998
12.7965
12.7945
12.7945
12.7945
12.7944
12.7943
12.7943
12.7943
12.7944
24.3904
13.2971
12.7632
12.8007
12.7954
12.7949
12.7948
12.7948
12.7949
12.7949
12.7949
12.7950
12.7950
24.0718
13.2815
12.7950
12.8000
12.7949
12.7944
12.7942
12.7942
12.7942
12.7941
12.7941
12.7941
12.7943
23.9279
13.2767
12.8060
12.8003
12.7951
12.7946
12.7945
12.7945
12.7945
12.7945
12.7945
12.7944
12.7943
23.8325
13.2717
12.8173
12.8002
12.7951
12.7946
12.7945
12.7944
12.7944
12.7944
12.7946
12.7947
12.7947
23.7632
13.2674
12.8276
12.8007
12.7955
12.7951
12.7950
12.7950
12.7950
12.7951
12.7951
12.7951
12.7951
23.6578
13.2609
12.8428
12.8010
12.7959
12.7955
12.7954
12.7953
12.8685
12.8004
12.8004
12.8004
12.8004
23.5488
13.4241
12.7620
12.7983
12.8001
12.8003
12.8003
12.8003
12.8003
12.8003
12.8002
12.8002
12.8002
23.4458
13.4162
12.7646
12.7982
12.7999
12.8045
12.8024
12.8010
12.8008
12.8007
12.8006
12.8005
12.7990
23.3309
13.4074
12.7677
12.7983
12.7997
12.7998
12.7998
12.8006
12.8005
12.8004
12.8003
12.8002
12.8001
23.2214
13.3985
12.7712
12.7992
13.0739
12.6211
12.7901
12.7994
12.8004
12.8009
12.8011
12.8013
12.8015
23.2359
13.5976
12.6887
13.0275
12.7834
12.7541
12.7897
12.8062
12.8055
12.8045
12.8039
12.8030
12.8032
12.8031
12.8029
12.8927
12.7983
12.7841
12.7988
12.7995
12.7996
12.7997
12.7997
12.8705
12.8042
12.7994
12.8006
12.7313
12.8164
12.7987
12.7992
12.8015
12.8003
12.7998
12.7997
12.7996
12.8021
12.8709
12.8025
12.8014
12.8043
12.7332
12.8689
12.7316
12.7981
12.7994
12.8011
12.7997
12.7991
12.7991
12.8008
12.8008
12.8008
12.7992
12.8692
12.8038
12.8014
12.8005
12.7306
12.7989
12.8006
12.7996
12.7993
12.7990
12.8106
12.8001
12.7991
12.7989
12.8016
12.8693
12.8015
12.8009
12.8027
12.8016
12.8000
12.8000
12.7999
12.7999
12.7999
12.7999
12.7999
12.7999
12.7995
12.7998
12.7999
12.7999
12.7999
12.7999
12.8000
12.8000
12.7999
12.7999
12.7999
12.8000
12.8000
12.8001
12.8001
12.8001
12.8001
12.8001
12.7745
12.7688
12.7968
12.8011
12.8010
12.7990
12.7984
12.7982
12.7997
12.7995
12.7981
12.7977
12.8669
12.8009
12.7305
12.8664
12.7289
12.7957
12.7978
12.8004
12.7992
12.7987
12.7986
12.7987
12.8134
12.7999
12.7989
12.7986
12.8004
12.8003
12.7990
12.7985
12.8001
12.8004
12.8000
12.7989
12.7786
12.8002
12.7989
12.7980
12.7955
12.7973
12.7971
12.7989
12.7979
12.7965
12.7967
12.7969
12.7912
12.7972
12.7988
12.7979
12.7971
12.7977
12.7972
12.7974
12.7974
12.7974
12.7988
12.7984
12.7897
12.7975
12.7980
12.7981
12.7982
12.7982
12.7983
12.7983
12.7984
12.8000
12.8710
12.8029
12.8023
12.8037
12.8015
12.8013
12.7991
12.7991
12.7990
12.7955
12.8002
12.7991
12.7926
12.7988
12.7862
12.7991
12.7967
12.7989
12.7287
12.7978
12.7980
12.7985
12.7986
12.7987
12.7988
12.4830
12.8004
12.8006
12.8007
12.8008
12.8008
12.8008
12.8015
12.8122
12.8018
12.8012
12.8010
24.0735
13.2544
12.8548
12.8050
12.8007
12.8004
12.8004
12.8004
12.8004
12.8004
12.7971
12.8037
13.9917
22.6529
13.9599
13.1932
12.8953
12.7999
12.7994
12.8000
12.8000
12.7999
12.7999
12.7998
12.7998
12.7997
20.3676
13.9611
12.8007
12.7996
12.7996
12.7995
12.7995
12.7995
12.7994
12.7994
12.7994
12.7994
12.7994
20.1549
13.9613
12.8003
12.7993
12.7993
12.7993
12.7993
12.7993
12.7993
12.7993
12.7993
12.7993
12.7993
20.0260
13.9613
12.8002
12.7993
12.7993
12.7993
12.7993
12.7993
12.7993
12.7993
12.7993
12.7993
12.7993
19.9157
13.9613
12.8003
12.7993
12.7993
12.7993
12.7993
12.7993
12.7993
12.7993
12.7993
12.7993
12.7993
19.8686
13.9613
12.8002
12.7993
12.7993
12.7993
12.8007
12.7997
12.7997
12.7996
12.7996
12.7996
12.7995
12.7995
12.7995
12.7995
12.7995
12.7994
36.7346
36.6256
36.6185
36.7738
36.6989
36.7265
36.7570
36.7766
37.3135
38.6507
40.1069
40.1197
40.1186
40.1414
40.1637
40.1854
40.2066
40.2273
40.2475
40.2672
40.2865
40.3053
40.3238
40.3418
40.3594
40.3767
40.3937
40.4103
40.4267
40.4427
40.4585
40.4741
40.4895
40.5046
40.5196
40.5343
40.5489
40.5633
40.5776
40.5916
40.6055
40.6192
40.6327
40.6461
40.6594
40.6725
40.6853
40.6979
40.7098
40.7114
40.7115
40.7115
40.7116
40.7116
40.7117
40.7117
40.7118
40.7118
40.7119
40.7096
40.7036
40.6985
40.6933
40.6904
40.6898
40.6895
40.6894
40.6896
40.6916
40.6921
40.6943
40.6969
40.6987
40.7026
40.7055
12.8125
12.8030
12.8009
12.8004
12.7939
30.2400
40.7071
40.7070
40.7068
40.7069
40.7096
40.7108
40.7108
40.7109
40.7110
40.7108
40.7106
40.7118
40.7126
40.7126
40.7126
40.7126
40.7126
40.7126
40.7126
40.7126
40.7126
40.7126
40.7126
40.7127
40.7127
40.7127
40.7127
40.7127
40.7127
40.7127
40.7127
40.7127
40.7127
40.7127
40.7127
40.7127
40.7127
40.7127
40.7127
40.6973
40.6962
40.6953
40.6944
40.6935
40.6926
40.6916
40.6907
40.6899
40.6893
40.6886
40.6877
40.6867
40.6856
40.6844
40.6833
40.6819
40.6806
40.6793
40.6782
40.6770
40.6761
40.6750
40.6739
40.6730
40.6721
40.6713
40.6705
40.6698
40.6690
40.6683
40.6677
40.6670
40.6664
40.6658
40.6652
40.6649
40.6646
40.6644
40.6641
40.6638
40.6634
40.6631
40.6628
40.6626
40.6624
40.6622
40.6621
40.6619
40.6616
40.6614
40.6612
40.6609
40.6607
40.6607
40.6606
40.6603
40.6601
40.6598
40.6595
18.4426
17.6184
16.9713
16.4648
16.0310
15.6482
15.3059
14.9967
14.7148
14.4566
14.2195
14.0015
21.5435
14.0311
13.7754
13.5629
13.3786
13.2125
13.0606
12.9206
12.7998
12.7999
12.7997
12.7994
12.7992
20.7317
13.9605
12.8011
12.7999
12.7999
12.7999
12.7999
12.7999
12.7998
12.7998
12.7998
12.7998
12.7998
20.3830
13.9602
12.8008
12.7997
12.7997
12.7997
12.7997
12.7997
12.7997
12.7996
12.7996
12.7996
12.7996
20.2144
13.9602
12.8006
12.7996
12.7996
12.7996
12.7996
12.7996
12.7996
12.7996
12.7996
12.7996
12.7996
20.0694
13.9612
12.8006
12.7996
12.7996
12.7996
12.7996
12.7996
12.7996
12.7996
12.7996
12.7996
12.7996
19.9432
13.9603
12.8006
12.7996
12.7996
12.7996
12.7996
12.7996
12.7996
12.7996
12.7996
12.7996
12.7996
19.8934
13.9612
12.8005
12.7995
12.7995
12.7995
12.8007
12.7997
12.7997
12.7996
12.7996
12.7996
12.7995
12.7995
12.7995
12.7995
12.7994
12.7992
36.7251
35.0949
40.0224
40.0189
40.0213
40.0357
40.0487
40.0603
40.0722
40.0842
40.0960
40.1076
40.1078
40.1283
40.1484
40.1681
40.1873
40.2061
40.2246
40.2427
40.2605
40.2779
40.2949
40.3116
40.3277
40.3436
40.3591
40.3744
40.3893
40.4040
40.4184
40.4326
40.4465
40.4602
40.4737
40.4870
40.5002
40.5131
40.5259
40.5385
40.5509
40.5632
40.5753
40.5872
40.5990
40.6107
40.6222
40.6335
40.6434
40.6526
40.6611
40.6704
40.6794
40.6884
40.6973
12.8194
12.7942
12.7988
12.7924
12.7844
12.7847
12.7693
12.7832
12.8045
12.8080
12.8000
12.7995
12.8007
12.7995
12.7974
12.7968
12.7947
12.8132
12.8114
12.8183
12.8090
12.8033
33.4996
34.9512
35.9139
36.6469
37.2302
37.7076
38.1086
38.4462
38.7352
38.9886
39.2106
39.4058
39.5785
39.7318
39.8679
39.9879
40.0917
40.1838
40.2677
40.3418
40.4063
40.4617
40.5071
40.5430
40.5702
40.5896
40.6038
40.6148
40.6237
40.6312
40.6376
40.6436
40.6497
40.6553
40.6594
40.6614
40.6614
40.6596
40.6560
40.6506
40.6435
40.6350
40.6253
40.6062
40.5994
40.5867
40.5725
40.5571
40.5405
40.5230
40.5053
40.4894
40.4764
40.4657
40.4563
40.4487
40.4450
40.4502
40.4603
40.4823
40.5169
40.5624
40.6161
40.6531
40.6522
40.6513
40.6504
40.6496
40.6488
40.6480
40.6473
40.6466
40.6460
40.6453
40.6447
40.6440
40.6434
40.6428
40.6421
40.6418
40.6415
40.6412
40.6408
40.6405
40.6401
40.6398
40.6395
40.6392
40.6389
40.6386
40.6384
40.6381
40.6379
40.6377
40.6375
40.6373
40.6371
40.6369
40.6367
40.6365
40.6363
40.6361
40.6359
18.7307
17.8206
17.1216
16.6397
16.2177
15.8376
15.4924
15.1771
14.8874
14.6262
14.3910
14.1735
21.5206
14.2492
14.0054
13.8072
13.6361
13.4843
13.3473
13.2223
13.1073
13.0010
12.9025
12.8101
12.1956
21.7388
22.6199
23.2302
23.6809
13.2626
12.8326
12.8028
12.7991
12.7991
12.7993
12.7995
12.7995
12.7996
12.7996
12.7997
12.7997
23.7153
13.2745
12.8073
12.8053
12.8005
12.8001
12.8000
12.8011
12.8012
12.8013
12.8015
12.8014
12.8015
23.7680
13.2692
12.8204
12.8070
12.7841
12.7986
12.7999
12.8000
12.8002
12.8003
12.8033
12.8265
12.8018
23.6204
13.2577
12.8470
12.8074
12.8023
12.8018
12.8017
12.8017
12.8017
12.8017
12.8017
12.8017
12.8017
23.4523
13.2463
12.8746
12.8074
13.0228
12.6268
12.7476
12.7978
12.7990
12.7994
12.7997
12.7999
12.8008
23.4336
13.5161
12.6312
13.0215
12.7618
12.7743
12.7893
12.7989
12.8060
12.8073
12.8051
12.8040
12.8036
12.8033
12.8033
12.9869
12.7747
12.7897
12.8014
12.8034
12.8033
12.8034
12.8749
12.8073
12.8098
12.8073
12.8034
12.7614
12.8209
12.8002
12.8042
12.8026
12.8041
12.8023
12.8009
12.8025
12.8003
12.8755
12.7344
12.8723
12.7505
12.8011
12.7307
12.8008
12.8003
12.8001
12.8002
12.8027
12.8016
12.8006
12.8004
12.8010
12.8051
12.8023
12.8017
12.8016
12.8034
12.8036
12.8026
12.8739
12.8038
12.8062
12.8013
12.7997
12.8000
12.8002
12.8002
12.8001
12.8001
12.8000
12.7999
12.7998
12.7998
12.7997
12.7997
12.7996
12.7995
12.7995
12.7994
12.7994
12.7982
12.8001
12.8002
12.8000
12.8001
12.8001
12.8011
12.8012
12.8013
12.8013
12.8213
12.8559
12.8033
12.8014
12.7461
12.7891
12.7915
12.7989
12.7992
12.7993
12.7993
12.7993
12.7992
12.7992
12.7991
12.8000
12.8004
12.8158
12.7869
12.8006
12.8036
12.8028
12.8643
12.8029
12.7379
12.8685
12.7501
12.7968
12.8035
12.8018
12.8012
12.8023
12.8010
12.8005
12.8129
12.8009
12.8027
12.8012
12.8004
12.7998
12.8013
12.7995
12.7985
12.7987
12.8008
12.7985
12.7573
12.7922
12.7961
12.7957
12.7905
12.7348
12.8493
12.7955
12.7933
12.7942
12.7922
12.7930
12.7867
12.7925
12.7945
12.7909
12.7878
12.7926
12.7357
12.7941
12.7938
12.7944
12.7948
12.7961
12.7892
12.7987
12.7993
12.8446
12.8055
12.7985
12.7982
12.7980
12.7978
12.8691
12.8015
12.8046
12.7534
12.8077
12.8004
12.7999
12.7997
12.7997
12.7996
12.7995
12.7974
12.7952
12.8079
12.8264
12.7175
12.7994
12.7982
12.7991
12.7993
12.7995
12.7997
12.7998
12.7999
12.8000
12.8001
24.0050
24.5105
24.8691
25.1329
25.3194
13.2564
12.8679
12.8024
12.7897
12.7991
12.7994
12.7996
12.7997
12.7998
12.7999
12.7999
12.8000
24.1429
13.2571
12.8489
12.8053
12.8009
12.8006
12.8005
12.8005
12.8005
12.8005
12.7972
12.8037
12.8007
23.8639
13.2562
12.8510
12.8060
12.8012
12.8009
12.8008
12.8007
12.8007
12.8007
12.8007
12.8007
12.8007
23.7206
13.2528
12.8587
12.8064
12.8014
12.8009
12.8008
12.8007
12.8007
12.8007
12.8007
12.8007
12.8007
23.6547
13.2496
12.8658
12.8063
12.7901
12.7961
12.7986
12.7990
12.7993
12.7995
12.7996
12.8239
12.8009
23.6003
13.2469
12.8723
12.8064
12.8014
12.8010
12.8008
12.8008
12.8008
12.8007
12.8007
12.8007
12.8007
23.5437
13.2497
13.1165
12.5797
12.7724
12.7980
12.7993
12.7999
12.8002
12.8005
12.8006
12.8008
12.8177
23.6391
13.6313
12.7453
12.7628
12.7565
12.7903
12.8066
12.8046
12.8036
12.8031
12.8028
12.8026
12.8024
13.0068
12.7629
12.7997
12.7861
12.8016
12.8015
12.8031
12.8010
12.8809
12.8092
12.8065
12.7998
12.8291
12.7503
12.8013
12.8034
12.8001
12.7997
12.8014
12.8735
12.8054
12.8034
12.8003
12.8019
12.7473
12.8007
12.7292
12.7980
12.7988
12.8006
12.8017
12.8006
12.8003
12.8003
12.8027
12.8018
12.8672
12.8002
12.8003
12.8729
12.8027
12.8011
12.8014
12.7328
12.8006
12.8002
12.8002
12.8005
12.8024
12.8784
12.7998
12.8001
12.8001
12.8001
12.8001
12.8216
12.8000
12.8000
12.8000
12.8000
12.7999
12.7999
12.7999
12.7999
12.7999
12.7999
12.8000
12.8003
12.8004
12.8005
12.8006
12.8007
12.8008
12.8009
12.8009
12.8010
12.8010
12.8010
12.8012
12.8012
12.7991
12.7898
12.8002
12.8012
12.8006
12.8010
12.8011
12.8008
12.8011
12.7696
12.7954
12.7985
12.7993
12.7822
12.7759
12.7971
12.7987
12.7998
12.8433
12.8064
12.7998
12.8311
12.7819
12.7988
12.7987
12.7986
12.7986
12.7988
12.8011
12.8124
12.7986
12.7986
12.8002
12.8005
12.7986
12.7978
12.7990
12.7997
12.7982
12.7975
12.7984
12.7569
12.7909
12.7912
12.7933
12.7914
12.7942
12.7955
12.7941
12.7958
12.7935
12.7935
20.2445
20.2469
20.2527
20.2632
20.2774
20.2951
20.3158
20.3392
20.3652
20.3934
20.4231
20.4538
20.4852
20.5171
20.5494
20.5820
20.6151
20.6484
20.6817
20.7147
20.7475
20.7801
20.8123
20.8439
20.8748
20.9050
20.9348
20.9641
20.9930
21.0213
21.0491
21.0762
21.1029
21.1289
21.1541
21.1789
21.2031
21.2267
21.2497
21.2720
21.2940
21.3159
21.3376
21.3593
21.3806
21.4016
21.4223
21.4425
21.4605
21.4819
21.5016
21.5212
21.5406
21.5596
21.5782
21.5964
21.6143
21.6317
21.6489
21.6657
24.0032
20.0474
21.6460
21.7139
21.7306
21.7438
21.7560
21.7678
21.7793
21.7907
21.8020
21.8134
21.8251
24.0031
20.2986
21.7996
21.8605
21.8746
21.8856
21.8959
21.9060
21.9159
21.9260
21.9362
21.9466
21.9572
24.0016
20.5132
21.9334
21.9898
22.0026
22.0127
22.0222
22.0315
22.0408
22.0501
22.0595
22.0693
22.0792
24.0014
20.7116
22.0573
22.1097
22.1215
22.1306
22.1391
22.1474
22.1556
22.1639
22.1723
22.1808
22.1894
24.0013
20.8901
22.1678
22.2161
22.2264
22.2342
22.2414
22.2484
22.2553
22.2624
22.2695
22.2767
22.2842
24.0014
21.0427
22.2622
22.3069
22.3157
22.3223
22.3284
22.3343
22.3403
22.3464
22.3525
22.3588
22.3652
24.0014
21.1713
22.3418
22.3827
22.3894
22.3929
22.4016
22.3946
22.3921
22.3895
22.3865
22.3834
22.3801
22.3768
22.3734
22.3698
22.3660
22.3619
22.3525
22.3520
22.3470
22.3412
22.3345
22.3270
22.3185
22.3091
22.2988
22.2878
22.2759
22.2633
22.2501
22.2363
22.2219
22.2072
22.1921
22.1767
22.1611
22.1451
22.1290
22.1127
22.0962
22.0797
22.0630
22.0462
22.0293
22.0122
21.9949
21.9774
21.9596
21.9417
21.9237
21.9056
21.8875
21.8695
21.8515
21.8337
21.8160
21.7986
21.7818
21.7653
21.7490
21.7331
21.7175
21.7020
21.6871
21.6726
21.6585
21.6448
21.6314
21.6181
21.6050
21.5921
21.5793
21.5669
21.5547
21.5428
21.5311
21.5196
21.5083
21.4974
21.4869
21.4768
21.4675
21.4587
21.4504
21.4426
21.4351
21.4279
21.4207
21.4137
21.4066
21.3997
21.3930
21.3866
21.3806
21.3748
21.3692
21.3638
21.3584
21.3530
21.3476
21.3422
21.3366
21.3310
21.3254
21.3199
21.3147
21.3096
21.3048
21.3002
21.2960
21.2923
21.2893
21.2869
21.2852
21.2843
21.2841
21.2849
21.2865
21.2892
21.2927
21.2971
21.3021
21.3077
21.3138
21.3201
21.3267
21.3335
21.3405
21.3476
21.3548
21.3621
21.3696
21.3772
21.3849
21.3928
21.4009
21.4093
21.4221
21.4275
21.4364
21.4456
21.4552
21.4652
21.4756
21.4863
21.4975
21.5089
21.5206
21.5326
21.5370
21.5562
21.5699
21.5837
21.5979
21.6125
21.6274
21.6426
21.6580
21.6736
21.6893
21.7051
24.0031
20.1166
21.6851
21.7538
21.7717
21.7863
21.8000
21.8135
21.8268
21.8403
21.8538
21.8675
21.8813
24.0016
20.3992
21.8630
21.9245
21.9401
21.9528
21.9646
21.9761
21.9873
21.9986
22.0099
22.0213
22.0327
24.0014
20.6410
22.0130
22.0677
22.0805
22.0907
22.1001
22.1092
22.1181
22.1272
22.1363
22.1455
22.1549
24.0014
20.8353
22.1336
22.1832
22.1940
22.2023
22.2100
22.2175
22.2249
22.2324
22.2401
22.2479
22.2560
24.0014
20.9979
22.2347
22.2805
22.2901
22.2974
22.3042
22.3109
22.3175
22.3243
22.3313
22.3385
22.3457
24.0014
21.1449
22.3258
22.3687
22.3774
22.3841
22.3903
22.3963
22.4024
22.4086
22.4151
22.4216
22.4283
24.0015
21.2734
22.4096
22.4495
22.4573
22.4633
22.4690
22.4745
22.4801
22.4857
22.4914
22.4973
22.5032
24.0016
21.3922
22.4842
22.5210
22.5275
22.5322
22.5365
22.5407
22.5449
22.5492
22.5536
22.5582
22.5628
24.0016
21.4857
22.5420
22.5761
22.5813
22.5850
22.5882
22.5914
22.5946
22.5980
22.6015
22.6052
22.6089
24.0016
21.5586
22.5869
22.6191
22.6233
22.6261
22.6285
22.6308
22.6332
22.6357
22.6382
22.6409
22.6435
24.0015
21.6091
22.6099
22.6319
22.6257
22.6178
22.6097
22.6020
22.5947
22.5879
22.5816
22.5756
22.5698
24.0025
21.4703
22.5162
22.5392
22.5327
22.5242
22.5151
22.5057
22.4961
22.4865
22.4767
22.4670
22.4571
24.0025
21.2760
22.3868
22.4083
22.3976
22.3846
22.3710
22.3569
22.3426
22.3282
22.3139
22.2997
22.2855
24.0023
20.9851
22.1974
22.2202
22.2069
22.1915
22.1758
22.1599
22.1442
22.1286
22.1133
22.0982
22.0834
24.0022
20.6555
21.9868
22.0146
22.0016
21.9862
21.9705
21.9549
21.9395
21.9245
21.9099
21.8959
21.8824
24.0020
20.3327
21.7848
21.8207
21.8114
21.7998
21.7882
21.7769
21.7660
21.7559
21.7464
21.7376
21.7296
24.0025
20.0957
21.6428
21.6875
21.6831
21.6757
21.6677
21.6595
21.6513
21.6433
21.6357
21.6284
21.6213
24.0025
19.9181
21.5303
21.5775
21.5726
21.5646
21.5561
21.5477
21.5393
21.5314
21.5241
21.5174
21.5115
24.0025
19.7427
21.4243
21.4778
21.4772
21.4737
21.4698
21.4661
21.4628
21.4600
21.4577
21.4560
21.4548
24.0019
19.6611
21.3791
21.4383
21.4426
21.4441
21.4456
21.4475
21.4502
21.4538
21.4583
21.4637
21.4700
24.0022
19.7060
21.4187
21.4848
21.4964
21.5050
21.5131
21.5215
21.5303
21.5396
21.5497
21.5605
21.5719
24.0025
19.8862
21.5396
21.6079
21.6242
21.6376
21.6505
21.6636
21.6770
21.6909
21.7052
21.7200
21.7351
24.0017
20.1622
21.7178
21.7839
21.8019
21.8168
21.8310
21.8451
21.8591
21.8732
21.8875
21.9020
21.9166
24.0016
20.4580
21.9034
21.9638
21.9802
21.9937
22.0064
22.0186
22.0307
22.0428
22.0548
22.0669
22.0789
24.0016
20.7173
22.0633
22.1167
22.1298
22.1403
22.1500
22.1593
22.1685
22.1777
22.1870
22.1963
22.2057
24.0015
20.9183
22.1865
22.2344
22.2449
22.2530
22.2606
22.2678
22.2751
22.2824
22.2898
22.2973
22.3048
24.0014
21.0773
22.2844
22.3284
22.3372
22.3440
22.3502
22.3562
22.3622
22.3683
22.3746
22.3811
22.3878
24.0014
21.2076
22.3662
22.4064
22.4133
22.4183
22.4229
22.4273
22.4317
22.4362
22.4410
22.4459
22.4510
24.0015
21.3059
22.4281
22.4658
22.4719
22.4762
22.4801
22.4839
22.4878
22.4920
22.4966
22.5014
22.5061
24.0015
13.9613
12.8009
12.7999
12.7990
12.7990
12.7990
12.7990
12.7990
12.7990
12.7990
12.7990
12.7990
24.0016
13.9613
12.8001
19.0364
21.2715
21.5124
21.6450
21.7488
21.8339
21.9066
21.9702
22.0262
22.0763
24.0016
20.7920
22.1512
22.2259
22.2591
12.1954
12.8001
12.8004
12.7175
12.7777
12.7971
12.7984
12.7988
23.4674
13.3330
12.8058
12.8276
13.0293
12.7599
12.7595
12.7793
12.7908
12.7962
12.7968
12.7979
12.7988
12.8015
12.7982
12.8006
13.0199
12.7512
12.7881
12.8005
12.8051
12.8027
12.8019
12.8701
12.8075
12.8061
12.7999
12.8000
12.7558
12.8212
12.8066
12.8035
12.8026
12.8028
12.8024
12.8043
12.8007
12.7999
12.8718
12.7322
12.8734
12.7510
12.8009
12.7282
12.7984
12.8013
12.8001
12.7996
12.8727
12.8038
12.8038
12.7304
12.7995
12.8013
12.8031
12.8022
12.8012
12.8010
12.8020
12.8040
12.8018
12.8734
12.8033
12.8046
12.8033
12.7400
12.7993
12.8002
12.8725
12.7998
12.7999
12.7997
12.7996
12.8007
12.8000
12.7997
12.7996
12.7995
12.8004
12.8004
12.8004
12.8004
12.8007
12.8009
12.8011
12.8001
12.8009
12.8014
12.8015
12.8016
12.8017
12.8017
12.8019
12.8020
12.8018
12.8017
12.8016
12.8016
12.8015
12.7729
12.7973
12.8335
12.8040
12.8032
12.8018
12.7439
12.7997
12.8591
12.8047
12.8032
12.8024
12.8042
12.8042
12.8013
12.8009
12.8003
12.8592
12.7488
12.7962
12.8004
12.7999
12.7999
12.7998
12.8013
12.8015
12.8130
12.7995
12.7997
12.8023
12.8007
12.7983
12.7976
12.7999
12.7984
12.7972
12.7968
12.7990
12.7468
12.7890
12.7910
12.7894
12.7899
12.7953
12.7931
12.7360
12.8513
12.7978
12.7326
12.8509
12.7910
12.7947
12.7941
12.7940
12.7942
12.7343
12.7954
12.7946
12.7972
12.7973
12.7978
12.7982
12.7906
12.7985
12.8441
12.8049
12.7993
12.7995
12.8023
12.7989
12.7987
12.8717
12.8010
12.8033
12.8074
12.8005
12.8047
12.7479
12.8025
12.8016
12.8004
12.8001
12.7979
12.7957
12.8238
12.8165
12.7862
12.8010
12.8003
12.7292
12.7987
12.7991
12.8000
12.7992
12.7993
12.7995
12.8000
24.0050
24.5736
24.9825
25.2807
13.2734
12.8345
12.7986
12.7977
12.7982
12.7986
12.7989
12.7991
12.7994
12.7996
12.7997
12.7998
24.3932
13.2712
12.8156
12.8053
12.8007
12.7973
12.8032
