828.9911
826.4198
823.8634
821.3217
818.7946
816.2822
813.7843
811.3009
808.8318
806.3771
803.9365
801.5101
799.0978
796.6995
794.3156
791.9461
789.5908
787.2497
784.9227
782.6097
780.3106
778.0253
775.7538
773.4959
771.2516
769.0208
766.8035
764.5994
762.4086
760.2310
758.0665
755.9150
753.7765
751.6508
749.5379
747.4377
745.3502
743.2752
741.2127
739.1626
737.1249
735.0994
733.0861
731.0849
729.0957
727.1185
725.1532
723.1997
721.2579
719.3278
717.4093
715.5024
713.6069
711.7228
709.8500
707.9885
706.1382
704.2991
702.4710
700.6539
698.8477
697.0524
699.1538
701.2424
703.3184
705.3820
707.4333
709.4724
711.4995
713.5146
715.5178
717.5092
719.4889
721.4569
720.3740
719.0740
717.7700
716.4808
715.3883
714.3240
713.2783
712.2461
711.2249
710.2132
709.1780
708.1499
708.3045
707.8293
707.5044
707.2426
707.4431
708.7107
709.2294
708.7017
708.4251
708.1806
708.4482
708.6531
713.3890
717.1398
720.9884
724.8478
728.7865
732.8209
736.9526
741.1637
745.3682
750.7761
751.9626
756.1455
757.2933
759.0802
759.6471
763.6176
767.7302
772.2015
776.6820
781.2201
785.5763
789.9408
794.2260
798.5035
802.8111
807.4281
807.9973
808.2670
808.2268
808.0506
807.7709
807.3776
806.8339
806.2341
805.4468
804.5459
803.4701
801.8899
800.2647
798.5885
796.8447
794.8772
792.3312
789.7780
787.1975
784.6116
782.0177
779.3842
776.8326
774.3622
772.0025
769.7482
767.6122
765.5915
763.9462
762.4693
761.0500
759.6750
758.3046
756.9047
755.6114
754.2737
752.8750
751.3727
749.8016
748.1511
746.4287
744.6519
742.8576
741.0361
742.2503
743.4519
744.8163
747.8503
750.8903
753.9722
757.1521
760.4445
763.8441
767.2515
769.8371
772.4918
775.2590
778.1415
781.0980
784.1465
787.2621
790.4710
789.7442
793.0111
796.2673
799.5926
803.0468
806.6342
810.2971
813.9083
817.5147
820.4549
823.4934
826.5813
829.5919
832.6652
835.8008
839.0740
842.3041
845.5896
848.9390
852.4502
851.6350
851.1504
850.6651
850.1849
849.7103
849.2100
848.6711
847.9210
847.3182
846.7863
846.3564
846.0630
845.7517
845.8316
845.7768
845.8857
846.0550
846.2887
846.5758
846.8079
847.1403
847.4887
847.8823
848.3284
848.8240
849.7499
850.7035
851.6890
852.7046
853.7319
854.7731
855.7958
856.7930
857.8307
858.1002
858.4735
858.9299
859.4137
859.9851
860.7064
861.5340
862.4822
863.5534
864.7550
866.0352
867.2920
868.6894
870.1363
871.6167
873.4969
875.3766
877.4412
879.4917
881.5534
883.6304
885.7240
887.8348
889.9629
892.1083
894.2709
891.3195
888.3838
885.4642
882.5609
879.6740
876.8037
873.9499
871.1126
868.2920
865.4877
862.7000
859.9285
857.1737
854.4354
851.7135
849.0079
846.3186
843.6454
840.9882
838.3470
835.7217
833.1122
830.5184
827.9401
825.3774
822.8302
820.2984
817.7818
815.2805
812.7941
814.2073
815.6117
817.0077
818.3952
819.7745
821.1456
822.5092
823.8654
825.2143
826.5559
827.8903
829.2175
826.6459
824.0892
821.5473
822.9161
824.2772
825.6309
826.9769
828.3153
829.6461
830.9694
832.2852
833.5937
834.8948
836.1886
837.4751
834.8506
836.1463
837.4346
838.7159
839.9904
841.2580
842.5189
843.7730
845.0204
846.2612
847.4954
848.7229
849.9440
847.2425
848.4742
849.6985
850.9155
852.1251
853.3274
854.5225
855.7104
856.8912
858.0648
859.2314
860.3910
861.5436
858.7653
863.8828
866.6155
869.2214
871.8389
874.4699
877.1185
879.7868
882.4760
885.1859
887.9168
890.7643
893.7391
891.6341
887.1852
884.7811
882.6877
880.4853
878.1805
875.7792
873.2965
870.7488
868.1495
865.5107
862.8429
863.3389
862.8084
862.0502
861.2540
860.4910
859.7317
859.0252
856.9050
854.9480
853.2764
851.9334
850.9333
854.6122
857.2885
860.0631
862.8366
865.5504
868.2559
870.9688
873.7255
876.4120
878.9570
881.4623
879.1106
877.0013
873.5889
875.2208
876.9467
878.7366
880.5723
882.2867
883.9378
885.6005
887.2946
888.9877
890.5227
892.0198
888.1372
884.0783
879.8302
875.6326
871.3969
867.1574
867.5842
868.0210
868.4966
869.0423
869.6538
870.2481
870.0796
869.9559
869.9172
869.8475
869.7084
869.6142
869.6128
869.5473
869.4477
864.7889
860.2032
855.7095
851.3546
847.1396
843.0758
839.1727
835.4424
831.8617
828.4116
825.0763
821.8308
818.6503
815.5180
812.5156
809.4971
806.4449
803.5174
800.5257
797.4669
794.3514
791.1964
787.9041
784.5807
781.2573
777.9390
774.6334
771.3986
768.2194
765.0967
762.0308
759.0219
756.0700
753.1753
752.6611
752.2792
752.1437
752.2376
752.5348
753.0274
750.5472
750.9884
751.6715
752.5157
753.5289
754.5957
755.7868
757.1089
758.5417
760.0815
761.6157
762.4426
763.3502
764.3680
765.4264
766.4529
767.5635
768.8243
770.1593
771.4977
773.9824
775.5006
774.6489
775.0933
774.5583
774.1806
773.8541
773.5756
773.3311
773.0841
772.8569
772.6567
772.4879
772.3664
772.2863
772.2191
772.2001
772.2050
772.2321
772.2987
772.3987
772.5027
772.6182
772.7442
772.8704
773.0071
773.1563
773.3711
773.5911
773.8162
774.0456
774.2398
774.3948
774.5534
774.7318
774.9356
774.8083
774.7066
774.6866
774.7561
774.9911
775.3862
775.9553
776.6791
777.5423
778.5309
779.6283
780.7980
781.9681
783.0222
784.0507
785.0108
785.9255
786.8001
787.4678
788.1211
788.7679
789.4087
790.0446
790.6748
791.2981
791.9144
789.5911
787.2784
784.9767
782.6866
780.4086
782.0236
783.6294
785.2259
786.8134
788.3916
789.9608
791.5209
793.0720
794.6143
796.1477
797.6722
799.1880
796.8034
798.3252
799.8380
801.3421
802.8374
804.3240
805.8020
807.2718
808.7335
810.1870
811.6325
813.0699
814.4994
812.0186
813.4558
814.8850
816.3061
817.7193
819.1245
820.5216
821.9105
823.2913
824.6641
826.0288
827.3855
828.7343
826.1642
827.5209
828.8695
830.2103
831.5431
832.8679
834.1848
835.4938
836.7950
838.0883
839.3739
840.6518
841.9221
839.2675
840.5462
841.8172
843.0805
844.3360
845.5839
846.8243
848.0570
849.2823
850.5001
852.7683
853.9650
855.1544
852.4141
853.6128
854.8042
855.9882
857.1651
858.3348
859.4974
860.6529
861.8015
862.9430
864.0777
865.2054
866.3263
863.5134
864.6445
874.0198
880.8266
885.9971
890.9536
895.7682
900.4690
905.0738
909.5959
914.0453
918.4291
922.8527
919.6967
923.2402
924.9997
925.4776
924.6917
924.2395
923.5327
922.6306
921.5715
920.3803
919.0776
917.6801
916.1961
917.4545
918.3214
918.9772
919.4040
920.5810
920.5611
920.4493
918.7622
917.2986
916.0358
915.0210
914.3055
917.6830
920.0299
922.4373
919.7285
916.6060
913.4698
910.1508
906.6065
902.9854
899.3206
900.4151
896.7607
898.8793
894.8113
890.7186
886.5793
882.4306
878.2905
874.1702
870.0592
865.9575
861.8852
857.8515
853.8606
849.8897
850.5115
851.4154
852.5233
848.7292
844.9141
841.1193
837.3594
833.5832
829.8301
826.1356
822.4857
818.8841
815.2333
811.6146
808.0496
804.5380
801.0794
797.6772
794.3306
791.0349
787.7902
784.5965
781.4705
778.4261
775.5296
772.7996
770.2183
767.8025
765.5535
763.4468
761.4775
759.6037
757.8006
756.0518
754.3710
752.7741
751.1580
749.4744
747.7129
745.8664
743.9417
741.9443
739.9062
737.8250
735.7123
733.5778
731.4255
729.2635
727.1847
726.8065
726.7111
726.7370
726.3687
726.0709
725.8153
725.6673
725.6086
725.5076
725.4148
725.3653
723.5187
721.6778
719.8438
718.0173
716.4584
715.9092
715.5766
715.3380
715.1059
714.9174
714.7903
714.7291
714.0560
713.3308
712.6196
711.9696
711.3716
710.8250
710.4083
711.1648
710.9648
710.7954
710.7156
710.4704
710.4895
710.6248
710.8507
711.1066
711.3981
711.7204
711.9753
712.2430
712.5611
712.9272
713.3335
713.7760
714.2447
714.7243
715.2220
715.6928
716.2065
716.7521
717.3451
717.9394
718.5405
719.1459
719.7541
720.3547
720.9918
721.6272
722.2604
722.7950
723.3169
723.8435
724.3709
724.9221
725.4950
725.8302
726.1947
726.6197
727.1268
727.7386
728.5017
729.4272
730.4960
731.6912
732.9974
734.3605
735.7276
737.1178
738.5018
739.8469
741.0754
742.0114
742.9242
743.8245
744.7138
745.5924
746.4604
747.3178
748.1644
749.0002
749.8247
747.7523
745.6895
743.6366
741.5942
739.5628
741.4261
743.2790
745.1214
746.9533
748.7749
750.5862
752.3872
754.1777
755.9577
757.7274
759.4867
761.2358
759.0810
760.8331
762.5748
764.3062
766.0274
767.7384
769.4394
771.1303
772.8113
774.4824
776.1436
777.7951
779.4369
777.1679
778.8139
780.4502
782.0767
783.6935
785.3008
786.8985
788.4867
790.0655
791.6349
793.1950
794.7458
796.2875
793.9123
795.4593
796.9969
798.5254
800.0446
801.5546
803.0553
804.5469
806.0294
807.5028
808.9672
810.4226
811.8691
809.3935
810.8460
812.2895
813.7241
815.1498
816.5667
817.9750
820.4324
821.8170
823.1931
824.5608
825.9200
827.2708
824.6952
826.0532
827.4028
828.7439
830.0766
831.4010
832.7172
834.0251
835.3249
836.6166
837.9002
839.1758
840.4434
837.7805
839.0561
847.2409
852.2218
856.7186
861.0743
865.3262
869.4978
873.6055
877.6616
881.6752
885.6533
889.7437
886.7848
888.7526
888.9997
887.4462
886.1563
885.2246
884.1951
883.0672
881.8447
880.5307
879.1288
878.6718
877.0656
877.2195
877.2987
877.0415
876.6767
876.2943
875.8656
875.4039
873.6453
872.0425
870.6748
869.6872
868.9608
871.9169
873.7933
875.6969
877.6600
879.6861
881.7659
883.8053
881.1031
878.2378
875.2773
877.7989
875.7157
872.4075
868.6838
869.6569
870.8464
872.0182
873.1913
874.4093
875.3143
876.2507
877.0396
877.7826
878.5262
879.2766
880.2041
876.2115
872.1237
867.9943
863.8413
859.6601
855.4834
851.3301
847.2089
843.0840
838.9768
834.9076
830.8489
826.8340
822.8640
818.9357
815.0549
811.2226
807.6530
804.1507
800.7153
797.3466
794.0519
790.8775
787.8598
785.0337
782.3612
779.8629
777.5316
775.3446
773.2982
771.3566
769.4915
767.6717
765.9242
764.2816
762.6586
760.9828
759.2011
757.2876
755.1250
752.8671
750.5551
748.2046
745.8172
743.4038
740.9694
738.5225
736.1931
735.5539
735.2131
734.6889
734.3417
734.0446
733.7483
733.5065
733.3345
733.2268
733.1316
732.9708
732.9017
730.7407
728.5880
726.4440
725.3427
724.9381
724.7628
724.7449
724.8529
725.0032
725.2248
725.5614
725.3583
725.2832
725.2343
725.2935
725.5420
725.9681
726.4541
727.0251
727.7409
728.5951
729.4698
728.9974
728.8544
728.8209
728.8476
728.9326
729.0433
729.1813
729.2176
729.3685
729.5472
729.7631
729.9962
730.1880
730.4695
730.7703
731.1049
731.4710
731.8659
732.2599
732.6451
733.0364
733.4352
733.8405
734.2520
734.6691
735.1367
735.6036
736.0618
736.5123
736.8998
737.2560
737.6369
738.0411
738.4669
738.5962
738.8099
739.1303
739.5707
740.1518
740.8440
741.6939
742.6852
743.8010
745.0144
746.2717
747.5595
748.8469
750.1074
751.3015
752.3083
753.0735
753.8197
754.5570
755.2870
756.0099
756.7260
757.4351
758.1369
758.8313
759.5179
757.3800
755.2519
753.1342
751.0274
748.9319
750.7300
752.5178
754.2954
756.0629
757.8202
759.5674
761.3046
763.0317
764.7489
766.4561
768.1534
769.8410
767.6276
769.3192
771.0008
772.6725
774.3345
775.9869
777.6295
779.2626
780.8861
782.5001
784.1046
785.6997
787.2855
784.9640
786.5549
788.1362
789.7082
791.2709
792.8244
794.3691
795.9051
797.4325
798.9512
800.4613
801.9630
803.4561
801.0347
802.5348
804.0263
805.5093
806.9839
808.4497
809.9068
811.3552
812.7950
814.2263
815.6490
817.0632
818.4691
815.9540
817.3669
818.7713
820.1672
821.5548
822.9342
824.3054
825.6684
827.0234
828.3704
829.7093
831.0404
832.3635
829.7618
831.0931
832.4164
833.7317
835.0391
836.3387
837.6304
838.9145
840.1908
841.4595
842.7206
843.9741
845.2201
842.5374
843.7924
852.6950
860.3084
866.1499
871.7687
877.2484
882.6185
887.8989
893.1041
898.2442
903.3266
907.8368
904.7802
904.6206
903.8030
902.4205
900.8160
899.0547
897.4164
895.2021
892.7216
890.0389
887.1965
884.2278
881.1597
878.9395
877.7809
876.6182
875.4205
874.1903
872.9318
871.6508
870.3521
869.0399
867.7181
866.3890
865.0280
863.6598
862.2143
860.7838
859.3699
857.9736
856.5960
855.2381
853.9005
852.5836
851.2875
850.0126
848.7448
847.4926
846.2001
844.9357
843.6966
842.4823
841.2921
840.1254
838.9810
837.8482
836.7343
835.6414
834.5693
833.5176
832.4963
831.4930
830.5068
829.5337
828.5733
827.6294
826.7003
825.7865
824.8881
824.0046
823.1354
822.2814
821.4255
820.5804
819.7494
818.9330
818.1309
817.3416
816.5641
815.8019
815.0477
814.3026
813.5678
812.8491
812.1518
811.4648
810.7875
810.1191
809.4552
808.7981
808.1483
807.5052
806.8681
806.2364
805.6095
804.9867
804.3691
803.7524
803.1383
802.5268
801.9179
801.3102
800.7029
800.0959
799.4891
798.8818
798.2708
797.6596
797.0582
796.4570
795.8562
795.2562
794.6568
794.0610
793.4697
792.8836
792.3022
791.7242
791.1522
790.5863
790.0319
789.4846
788.9451
788.4137
787.8904
787.3719
786.8569
786.3452
785.8368
785.3299
784.8242
784.3213
783.8190
783.3197
782.8236
782.3308
781.8414
781.3585
780.8833
780.4161
779.9575
779.5075
779.0634
778.1037
777.1386
776.1684
775.1936
774.2633
773.3487
772.4307
771.5081
770.5809
769.6490
768.7126
767.7718
765.5942
767.3269
769.0485
770.7591
772.4588
774.1476
775.8256
777.4928
779.1493
780.7951
782.4303
784.0550
785.6695
783.3729
784.9908
786.5986
788.1962
789.7837
791.3612
792.9288
794.4866
796.0345
797.5726
799.1011
800.6206
802.1312
799.7268
801.2435
802.7512
804.2501
805.7402
807.2216
808.6944
810.1585
811.6141
813.0613
814.4996
815.9292
817.3500
814.8516
816.2788
817.6971
819.1068
820.5078
821.9002
823.2841
824.6595
826.0265
827.3855
828.7366
830.0798
831.4151
828.8292
830.1727
831.5083
832.8360
834.1559
835.4681
836.7727
838.0696
839.3588
840.6405
841.9146
843.1813
844.4404
841.7732
843.0413
844.3017
845.5547
846.8003
848.0384
849.2693
850.4932
851.7102
852.9204
854.1239
855.3206
856.5105
853.7677
854.9681
856.1617
857.3486
858.5288
859.7023
860.8689
862.0286
863.1813
864.3273
865.4665
866.5989
867.7246
864.9111
866.0473
867.1768
868.2995
869.4154
870.5246
871.6271
872.7229
873.8120
874.8945
875.9704
877.0398
878.1028
875.2220
876.2959
877.3632
878.4240
879.4781
880.5258
881.5670
882.6018
883.6302
884.6523
885.6680
886.6775
887.6807
884.7364
885.7512
886.7596
887.7619
888.7580
889.7479
890.7318
891.7096
892.6815
893.6474
894.6073
895.5614
896.5096
893.5068
894.4674
895.4228
896.3729
897.3179
898.2579
899.1927
900.1226
901.0474
901.9673
902.8823
903.7923
904.6976
901.6489
902.4834
903.3982
904.3079
905.2126
906.1123
907.0070
907.8968
908.7817
909.6617
910.5369
911.4072
912.2728
909.1785
910.2370
911.1117
911.9817
912.8471
913.7079
914.5642
915.4159
916.2631
917.1059
917.9443
918.7783
919.6079
916.4722
917.5521
918.3913
919.2261
920.0566
920.8827
921.7045
922.5221
923.3354
924.1446
924.9495
925.7503
926.5472
923.3730
925.6950
926.4946
927.2901
928.1889
929.2503
930.4454
931.7716
933.2269
934.8093
936.5202
938.3563
940.3174
937.0647
944.0406
946.5305
949.0228
951.6005
954.2701
957.0989
960.0555
963.1225
966.2568
969.4506
972.6967
975.9914
972.5223
981.9741
985.5901
989.0719
992.5371
995.9894
999.5279
1003.1025
1006.6950
1010.3009
1013.9155
1017.6831
1021.5237
1017.7767
1028.5458
1032.6193
1036.4868
1040.2839
1044.0110
1047.6647
1051.2273
1054.6907
1058.0485
1061.2979
1064.4344
1067.4540
1063.4280
1072.4249
1075.5099
1078.4162
1081.2783
1084.1068
1086.9077
1089.6840
1092.4408
1095.1792
1097.9008
1100.6071
1103.2985
1099.0518
1107.6647
1110.4729
1113.1127
1115.7176
1118.2904
1120.8329
1123.3488
1125.8386
1128.3028
1130.7282
1133.1017
1135.4041
1130.9587
1138.7615
1141.0026
1142.9997
1144.8822
1146.6547
1148.3168
1149.8669
1151.3012
1152.6183
1153.8325
1154.9496
1155.9741
1151.3992
1156.9356
1157.8447
1158.5073
1159.0224
1159.3906
1159.6124
1159.6872
1159.6138
1159.4037
1159.0619
1158.5902
1157.9890
1153.3916
1155.8097
1155.2071
1154.6073
1154.0101
1153.4155
1152.8236
1152.2344
1151.6477
1151.0636
1150.4820
1149.9030
1149.3264
1144.7721
1144.2242
1143.6782
1143.1343
1142.5923
1142.0522
1141.5140
1140.9777
1140.4433
1139.9107
1139.3800
1138.8510
1138.3239
1133.8270
1133.3297
1132.8351
1132.3433
1131.8543
1131.3679
1130.8843
1130.4033
1129.9249
1129.4492
1128.9760
1128.5055
1128.0376
1123.6018
1123.1632
1122.7272
1122.2937
1121.8626
1121.4340
1121.0079
1120.5841
1120.1627
1119.7438
1119.3271
1118.9128
1118.5006
1114.1216
1113.7379
1113.3563
1112.9768
1112.5993
1112.2238
1111.8503
1111.4788
1111.1093
1110.7418
1110.3761
1110.0123
1109.6504
1105.3223
1104.9881
1104.6556
1104.3248
1103.9957
1103.6682
1103.3424
1103.0181
1102.6955
1102.3746
1102.0553
1101.7377
1101.4217
1097.1409
1096.8523
1096.5651
1096.2794
1095.9952
1095.7124
1095.4311
1095.1512
1094.5018
1093.8552
1093.2495
1092.6832
1092.1547
1087.9273
1087.4376
1086.9868
1086.5755
1086.1969
1085.8490
1085.5303
1085.2391
1084.9726
1084.7294
1084.5067
1084.3049
1084.1232
1079.9417
1079.9455
1079.8096
1079.6853
1079.5758
1079.5092
1079.4740
1079.4598
1079.4648
1079.4874
1079.5266
1079.5813
1079.6366
1075.4804
1075.7173
1075.7270
1075.7386
1075.7598
1075.7908
1075.8311
1075.8802
1075.9375
1076.0024
1076.0744
1076.1528
1076.2372
1072.0993
1072.5308
1072.6441
1072.7536
1082.1428
1084.8381
1087.1657
1089.3869
1091.5403
1093.6475
1095.7238
1097.7799
1099.8244
1095.5603
1102.3622
1104.7169
1118.6128
1131.4053
1138.8984
1146.0716
1152.3790
1157.9026
1162.7153
1166.8836
1170.4675
1173.5195
1176.0871
1178.2124
1180.4813
1181.9685
1182.1766
1181.9078
1181.2987
1180.4591
1179.3767
1178.1159
1175.3822
1172.6531
1170.0155
1167.5179
1168.0417
1167.4014
1166.8294
1166.2994
1165.6737
1164.9977
1164.3204
1163.6900
1163.0473
1162.1884
1155.6371
1148.6392
1141.2988
1133.6749
1130.9486
1123.0862
1120.1346
1117.3410
1114.5988
1111.7747
1108.9981
1106.3126
1103.7224
1101.1014
1098.4447
1095.7518
1093.0993
1085.3850
1077.4934
1069.5095
1061.4997
1058.0269
1054.7176
1051.4344
1048.2459
1045.1746
1042.2289
1038.5590
1034.9121
1031.3637
1027.9231
1024.3977
1016.9458
1009.4947
1002.0746
994.6705
987.3087
980.0525
972.9344
965.9856
959.2602
952.7219
946.3891
940.2551
934.3031
928.5269
922.8946
917.3911
911.9812
906.6602
901.4869
896.3408
891.1839
886.0279
880.8752
875.7090
870.5493
865.4089
860.3122
855.2533
850.2396
845.2699
840.3645
835.5926
832.7328
830.2197
827.7796
825.4108
823.2089
821.1994
819.3830
817.6668
816.0750
814.6830
813.5049
809.6035
805.7155
804.6276
800.8530
800.0562
799.6202
799.4601
799.4140
799.5408
799.8578
800.3559
801.0030
800.9500
800.9547
801.0731
801.3081
801.5787
801.8997
802.3362
802.8953
803.4839
804.0764
804.7004
804.4562
803.6011
802.7561
801.9982
801.2700
800.5430
799.8292
799.1078
798.3385
797.5701
796.8449
796.1612
795.5170
794.9246
794.3403
793.7256
793.1213
792.5332
791.9886
791.4545
790.9023
790.3367
789.7612
789.1728
788.5761
788.0095
787.4422
786.8748
786.3379
785.8289
785.3749
784.9702
784.6096
784.2883
783.9963
783.4700
783.0041
782.6223
782.2939
782.0638
781.9489
781.9621
782.0927
782.3310
782.6564
783.0338
783.4548
783.8907
784.3287
784.7240
785.1062
785.4965
785.8800
786.0881
786.2960
786.5068
786.7194
786.9325
787.1446
787.3546
788.5989
789.8630
791.1448
792.4432
793.7575
795.0866
796.4297
797.7824
799.0764
800.3806
801.6982
803.0299
800.6193
802.1191
803.6100
805.0921
806.5653
808.0299
809.4857
810.9330
812.3716
813.8017
815.2234
816.6366
817.0514
814.5529
813.9948
812.7366
810.9231
808.6350
805.9422
802.9053
799.5769
796.0029
792.2234
788.2735
784.1842
779.9823
777.7170
773.4405
769.0999
764.7132
760.2961
755.8623
751.4237
746.9911
742.5736
738.1794
733.7943
729.4278
725.0882
723.1520
718.8580
714.6300
710.4693
706.3633
702.3022
698.2927
694.3399
690.4482
686.6210
682.8611
679.1707
675.5514
673.9108
670.4055
666.9860
663.6496
660.3940
657.2306
654.1545
651.1611
648.2466
645.4075
642.6407
639.9437
637.3140
635.9010
633.3779
630.9160
628.5137
626.1695
623.8818
621.6492
619.4708
617.3452
615.2714
613.2479
611.2739
609.3480
608.1041
606.2669
604.4736
602.7234
601.0156
599.3492
596.9781
594.7054
592.4973
590.3563
588.2842
586.2821
584.3508
582.4907
580.7016
578.9834
577.3353
575.7567
576.0071
576.8751
578.7885
581.2358
585.2855
588.1567
590.9108
593.5164
595.8074
599.1746
601.5538
604.0079
607.6114
611.2100
614.8039
618.3931
621.9774
625.5570
629.1318
632.7018
636.2671
639.8277
644.4437
647.9932
651.5381
655.0782
658.6136
662.1443
665.6704
669.1918
672.7085
676.2206
679.7280
683.2307
686.7289
690.2225
693.7116
697.1962
700.6764
704.1521
707.6234
711.0902
714.5526
718.0106
721.4642
724.9135
728.3583
731.7988
735.2348
738.6662
742.0930
745.5153
748.9331
752.3463
755.7549
759.1590
762.5584
765.9531
769.3433
772.7288
776.1100
779.4869
782.8595
786.2278
789.5919
792.9517
796.3072
799.6584
803.0054
806.3482
809.6867
813.0210
816.3507
819.6758
822.9964
826.3124
829.6238
832.9307
836.2330
839.5308
842.8240
846.1126
849.3967
852.6762
855.9512
859.2218
862.4878
865.7494
869.0066
872.2593
875.5075
878.7513
881.9906
885.2255
888.4559
891.6819
894.9035
898.1206
901.3333
904.5416
907.7454
910.9449
914.1400
917.3306
921.5772
924.7575
927.9334
931.1050
934.2721
937.4349
940.5932
943.7472
946.8968
950.0420
953.1828
956.3192
961.5718
964.6964
967.8166
970.9324
973.8921
976.8547
979.8184
982.7836
985.7493
988.7154
991.6818
994.6485
997.6155
1000.5809
1003.5448
1006.5088
1009.4726
1012.4362
1015.3980
1018.3568
1021.3142
1024.2703
1027.2254
1030.1787
1033.1303
1036.0793
1039.0257
1041.9695
1044.9111
1047.8505
1050.7877
1053.7228
1056.6569
1059.5899
1062.5220
1065.4541
1068.3863
1071.3186
1074.2509
1077.1844
1080.1218
1083.0637
1086.0111
1088.9638
1091.9230
1094.8895
1097.8632
1100.8441
1103.8310
1106.8236
1109.8219
1112.8235
1115.8271
1118.8315
1121.8365
1124.8422
1127.8483
1130.8549
1133.8607
1136.8656
1139.8698
1142.8730
1145.8754
1148.8768
1158.9249
1166.3012
1171.3383
1174.3044
1175.4547
1175.0116
1173.1706
1170.1034
1165.9618
1160.8804
1154.9783
1148.3616
1143.8675
1136.5347
1128.7091
1120.4601
1111.8713
1102.9950
1093.8782
1084.5632
1075.0882
1065.4875
1055.7921
1045.9998
1036.1284
1032.3267
1022.3545
1012.3752
1002.4087
992.4729
982.6267
972.8774
963.2320
953.6967
944.2773
934.9792
925.8074
916.7661
913.6844
904.7963
896.0518
887.4523
878.9994
870.6940
862.5372
854.5293
846.6709
838.9619
831.4022
823.9914
816.7076
814.2235
807.0292
799.9806
793.0769
786.3112
779.6853
773.2001
766.8562
760.6535
754.5915
748.6693
742.8859
737.2397
735.2280
729.7373
724.4119
719.2427
714.2220
709.3426
704.5982
699.9834
695.4930
691.1223
686.8672
682.7238
678.6885
677.0241
673.1250
669.3276
665.6289
662.0260
658.5163
655.0972
651.7673
648.5242
645.3655
642.2892
639.2930
636.3750
634.9677
632.1573
629.4204
626.7550
624.1596
621.6324
618.5290
615.5373
612.6372
609.8314
607.1199
604.5020
601.9767
599.5429
597.1993
594.9442
592.7900
590.7353
590.5827
591.1004
592.7684
596.3842
598.7070
600.7364
602.9503
605.2477
607.6099
610.0263
612.4981
615.0248
618.6105
622.1913
625.7675
629.3388
632.9054
636.4672
640.0243
643.5767
647.1243
650.6672
655.2655
658.7974
663.3849
667.9662
671.4812
674.9916
678.4975
681.9989
685.4958
688.9882
692.4761
695.9596
699.4387
702.9133
706.3835
709.8492
713.3105
716.7674
720.2199
723.6679
727.1115
730.5507
733.9855
737.4158
740.8416
744.2631
747.6800
751.0925
754.5005
757.9040
761.3031
764.6976
768.0877
771.4733
774.8545
778.2312
781.6035
784.9713
788.3350
791.6946
795.0502
798.4017
801.7492
805.0926
808.4320
811.7673
815.0986
818.4258
821.7491
825.0683
828.3832
831.6937
834.9998
838.3016
841.5991
844.8921
848.1809
851.4652
854.7453
858.0209
861.2923
864.5593
867.8218
871.0797
874.3331
877.5819
880.8261
884.0658
887.3009
890.5315
893.7574
896.9789
900.1957
903.4080
906.6157
909.8189
913.0174
916.2114
919.4008
922.5857
925.7659
930.0018
933.1714
936.3363
939.4967
942.6523
945.8034
948.9499
952.0918
955.2291
958.3618
961.4899
964.6135
967.7324
970.8467
973.9565
977.0617
980.1623
983.0960
986.0323
988.9709
991.9111
995.9119
998.8506
1001.7894
1004.7285
1007.6659
1010.6018
1013.5369
1016.4721
1019.4061
1022.3389
1025.2712
1028.2023
1031.1315
1034.0577
1036.9823
1039.9046
1042.8247
1045.7418
1048.6560
1051.5671
1054.4758
1057.3820
1060.2856
1063.1869
1066.0867
1068.9850
1071.8829
1074.7803
1077.6773
1080.5738
1083.4699
1086.3655
1089.2620
1092.1604
1095.0608
1097.9672
1100.8799
1103.7998
1106.7270
1109.6614
1112.6028
1115.5514
1118.5071
1121.4697
1124.4391
1127.4131
1130.3905
1133.3702
1136.3499
1139.3296
1142.3092
1145.2887
1148.2682
1151.2475
1154.2265
1157.2054
1167.0918
1174.2267
1178.9611
1181.5975
1182.3987
1181.5939
1179.3840
1175.9456
1171.4344
1165.9878
1159.7275
1152.7614
1148.2139
1140.5648
1132.4532
1123.9463
1115.1038
1105.9795
1096.6215
1087.0729
1077.3727
1067.5557
1057.6534
1047.6850
1047.7031
1043.8146
1039.9454
1036.0964
1032.2683
1032.3807
1032.4929
1032.6046
1032.7160
1032.8271
1032.9378
1033.0481
1033.1586
1033.2692
1033.3799
1033.4908
1033.6017
1029.7825
1029.9174
1030.0523
1030.1872
1030.3220
1030.4568
1030.5916
1030.7247
1030.8562
1030.9861
1031.1145
1031.2412
1031.3663
1027.5509
1027.6967
1027.8408
1027.9832
1028.1239
1028.2630
1028.4005
1028.5365
1028.6710
1028.8041
1028.9357
1030.1235
1030.2458
1026.4232
1026.5665
1026.7083
1026.8486
1026.9874
1027.1244
1027.2598
1027.3936
1027.5258
1027.6563
1027.7851
1027.9124
1028.0381
1024.2152
1024.3617
1024.5066
1024.6497
1030.0883
1036.1521
1040.7926
1045.2596
1049.6376
1053.9513
1058.2167
1062.4455
1066.6482
1062.6012
1066.7523
1071.5865
1067.4863
1062.2693
1057.7099
1053.8619
1050.3806
1046.8654
1043.3291
1039.7445
1036.1035
1032.4112
1028.6744
1024.9008
1022.0971
1019.5150
1016.5621
1013.4812
1010.4913
1007.5112
1005.6224
1001.3213
997.3382
993.6402
990.3831
987.5193
987.9806
987.3877
986.9329
986.5754
986.2972
985.9947
985.6263
985.3300
985.0403
985.8072
980.5784
979.7860
974.4273
969.6618
963.8038
962.4597
961.1915
960.0074
958.9212
957.9249
956.8266
955.7070
954.6360
953.6283
952.6383
951.4270
950.1862
948.9715
947.7926
946.5171
945.1622
943.8146
938.0916
932.3742
926.6318
920.9622
915.3590
909.8215
904.3491
898.9417
893.5993
888.3223
883.1071
877.9552
872.8759
867.8690
862.9344
858.0925
853.3677
848.8154
844.4322
840.2376
836.2368
832.4148
828.7494
825.2334
821.8363
818.5345
815.2922
812.0804
808.9567
805.8336
802.6829
799.6643
796.5080
793.3165
790.0981
786.9330
783.6980
780.4021
777.1263
773.8599
770.6102
767.4185
764.2669
761.1580
758.0939
755.0761
752.1045
749.1791
747.0886
746.0889
745.3312
744.6189
743.9785
741.2396
738.5249
737.4888
734.8552
733.7494
733.0723
732.5179
732.1222
731.8415
731.5286
731.2430
731.0037
730.1440
729.3333
728.4759
727.6161
726.7883
726.0435
725.3096
724.6459
724.0992
723.6600
723.2574
722.8127
722.6488
722.5755
722.5874
723.6870
723.7341
723.6985
723.7594
723.8478
723.9812
724.1506
724.3505
724.5630
724.8154
725.0814
725.3622
725.6837
726.0477
726.4346
726.8268
727.2225
727.6280
728.0436
728.4693
728.9024
729.3766
729.8497
730.3187
730.6897
731.0599
731.4593
731.8856
732.3370
732.8118
733.0662
733.3522
733.6986
734.1535
734.7337
735.4895
736.4008
737.4492
738.6183
739.8933
741.2608
742.7003
744.1653
745.5598
746.8234
747.6739
748.4985
749.3118
750.1156
750.9113
751.6992
752.4793
753.2515
754.0155
754.7711
755.5181
753.4104
751.3123
749.2241
747.1465
745.0797
746.9102
748.7297
750.5385
752.3364
754.1236
755.9001
757.6659
759.4218
761.1677
762.9037
764.6298
766.3461
764.1571
765.8775
767.5880
769.2886
770.9795
772.6607
774.3323
775.9940
777.6459
779.2880
780.9204
782.5432
784.1563
781.8549
783.4726
785.0806
786.6789
788.2677
789.8470
791.4172
792.9784
794.5307
796.0740
797.6084
799.1340
800.6508
798.2452
799.7684
801.2827
802.7882
804.2850
805.7727
807.2515
808.7214
810.1824
811.6345
813.0780
814.5127
815.9387
813.4354
814.8681
816.2920
817.7072
819.1140
820.5122
821.9021
823.2837
824.6570
826.0220
827.3788
828.7275
830.0682
827.4747
828.8232
830.1634
831.4955
832.8193
834.1351
835.4429
836.7426
838.0345
839.3184
840.5945
841.8628
843.1233
840.4456
841.7147
850.2850
856.7217
861.9288
867.0006
871.9881
876.9167
881.8035
886.6611
891.4989
896.3230
901.1998
898.1785
900.1454
900.2542
898.8668
897.3186
896.3604
895.3015
894.1083
892.7766
891.3126
889.7254
888.0250
886.2222
885.7522
885.6646
885.4700
884.9234
884.3482
883.7621
883.1068
882.4874
880.6634
879.0369
877.6896
876.7158
874.4843
875.8231
877.3086
878.7668
880.2965
881.8719
883.4792
880.5096
877.3705
874.1353
871.8594
869.4388
865.6103
861.7361
862.0618
862.6044
863.2871
863.9836
864.6258
865.2955
866.0198
866.7969
867.4603
868.0680
868.1584
868.2429
868.3068
864.2808
860.1824
856.0587
851.9439
851.2386
850.6101
850.0617
849.5962
849.1919
848.7070
844.5192
840.3699
836.2573
832.1800
828.1410
824.1395
820.3778
816.6495
812.9582
809.3038
805.7161
802.2166
798.8341
795.6111
792.5276
789.5799
786.7611
784.0545
781.4563
778.9369
776.4845
774.0670
771.6537
769.3261
766.9757
764.5692
762.0855
759.5312
756.9237
754.2741
751.5951
748.8820
746.1008
743.3115
740.5192
737.7311
734.9715
732.2562
729.5723
726.9171
724.3224
721.7675
719.2508
716.7719
714.4241
712.9908
711.8306
710.8368
709.9542
707.6346
705.3608
703.1129
700.9592
699.7931
698.7977
697.9444
697.2651
696.7653
696.4073
696.0686
695.1586
694.3841
693.7589
693.2098
692.7100
692.3451
692.1463
692.0346
691.9744
692.0368
692.2535
692.1339
692.2657
693.5369
693.7735
694.0782
694.4139
694.7571
695.1027
695.4615
695.8392
696.2580
696.7149
696.8099
696.9491
697.0824
697.2098
697.3752
697.5739
697.8014
698.0102
698.2018
698.3778
698.5398
698.6889
698.8262
698.9529
699.0698
699.1778
699.2776
699.3699
699.4773
699.6200
699.7937
699.9947
700.2198
700.4887
700.8188
701.2705
701.8082
702.4445
703.1902
704.0327
704.9608
705.9643
707.0347
708.1414
709.2353
710.3175
711.3891
712.4060
713.3960
714.3615
715.2596
716.0977
716.8821
717.6182
718.3111
718.9648
719.5831
720.1693
717.1903
714.0552
710.7939
707.4321
703.9922
700.4934
696.9524
693.3839
689.8002
686.2124
682.6298
679.0607
677.4100
673.8872
670.4337
667.0479
663.7286
660.4747
657.2851
654.1592
651.0962
648.0954
645.1687
642.2806
639.4379
638.0195
635.1837
632.3832
629.6211
626.8999
624.2215
621.5877
618.9996
616.4584
613.9648
611.5192
609.1221
606.7736
605.5476
603.2356
600.9776
598.7725
596.6194
594.5173
592.4652
590.4622
588.5073
586.5996
584.7384
582.9228
581.1519
580.0771
578.3391
576.6487
575.0045
573.4048
571.8482
570.3336
568.8596
567.4251
566.0289
564.6700
563.3473
562.0599
561.0988
559.8352
558.6094
557.4200
556.2654
555.1445
554.0559
552.9986
551.9716
550.9738
550.0042
549.0619
548.1462
547.2679
546.3672
545.4956
544.6517
543.8343
543.0422
542.2743
541.5299
540.8081
540.1078
539.4285
538.7693
538.1296
537.3116
536.6800
536.0705
535.4818
534.9130
534.3631
532.4010
530.4699
528.5718
526.7086
524.8817
523.0926
521.3421
519.6311
517.9602
516.3298
514.7400
513.1910
513.5051
513.9394
514.4822
515.1229
515.8521
516.6611
517.5423
518.4886
519.4936
520.5514
521.6569
522.8052
523.9920
525.2132
526.4653
527.7449
529.0489
530.3744
531.7188
533.0927
534.4804
535.8798
537.2891
538.7065
540.1303
541.5721
543.0171
544.4639
545.9115
547.3587
548.8046
550.2483
551.6889
553.1258
554.5582
555.9854
557.4070
558.8224
560.2311
561.6327
563.0268
564.4129
565.7908
567.1601
568.5207
569.8721
571.2143
572.5469
573.8700
575.1833
576.4867
577.7800
579.0631
580.3360
581.5985
582.8506
584.0922
585.3232
586.5436
587.7534
588.9524
590.1406
591.3180
592.4846
593.6404
594.7854
595.9197
597.0432
598.1560
599.2582
600.3497
601.4307
602.5012
603.5613
604.6111
605.6506
606.6798
607.6990
608.7080
609.7070
610.6960
611.6751
612.6444
613.6039
614.5535
615.4933
616.4233
617.3437
618.2544
619.1557
620.0474
620.9298
621.8028
622.6666
623.5212
624.3667
625.2032
626.0307
626.8494
627.6593
628.4604
629.2529
630.0369
630.8123
631.5794
632.3381
633.0887
633.8310
634.5653
635.2916
636.0099
636.7205
637.4233
638.1184
638.8059
639.4859
640.1585
640.8236
641.4815
642.1322
640.8402
639.4653
638.0236
636.5293
634.9946
633.4299
631.8445
630.2462
628.6419
627.0376
625.4381
623.8479
621.6792
619.5022
617.3239
615.1503
612.9866
610.8371
608.7055
606.5952
604.5088
602.4485
600.4164
598.4140
597.2447
595.2598
593.3125
591.4030
589.5311
587.6969
585.9002
584.1408
582.4185
580.7331
579.0841
577.4714
575.8946
574.8552
573.3023
571.7893
570.3148
568.8779
567.4774
566.1125
564.7823
563.4858
562.2223
560.9910
559.7910
558.6216
557.6836
556.5332
555.4162
554.3314
553.2776
552.2536
551.2584
550.2910
549.3505
548.4361
547.5469
546.6823
545.8414
544.9783
544.1496
543.3474
542.5703
541.8172
541.0872
540.3793
539.6925
539.0262
538.3795
537.7518
537.1424
536.5507
535.7420
535.1565
534.5913
534.0454
533.5178
533.0076
532.5140
532.0362
531.5737
531.1257
530.6918
530.2712
529.8635
529.0939
528.6877
528.2971
527.9212
527.5592
527.2102
526.8737
526.5488
526.2350
525.9317
525.6386
525.3550
525.0807
524.3389
524.0623
523.7978
523.5445
523.3016
523.0685
522.8447
522.6296
522.4228
522.2237
522.0321
521.8475
521.6695
520.9478
520.7652
520.5922
520.4280
520.2719
520.1234
519.9818
519.8467
519.7177
519.5943
519.4762
519.3631
519.2548
518.5477
518.4327
518.3252
518.2248
518.1306
518.0422
517.9590
517.8807
517.8069
517.7371
517.6712
517.6088
517.5496
516.8530
516.7857
516.7247
516.6693
516.6191
516.5736
516.5322
516.4946
516.4604
516.4293
516.4011
516.3755
516.3522
515.6641
515.6319
515.6049
515.5827
515.5645
515.5500
515.5387
515.5302
515.5242
515.5205
515.5187
515.5186
515.5201
514.8379
514.8296
514.8259
514.8264
514.8303
514.8374
514.8472
514.8593
514.8734
514.8893
514.9067
514.9255
514.9453
514.2677
514.2908
514.3171
514.3459
514.3769
514.4097
514.4439
514.4792
514.5154
514.5523
514.5897
514.6275
514.6654
513.9914
514.0181
514.0482
514.0809
514.1160
514.1530
514.1915
514.2313
514.2721
514.3137
514.3558
514.3984
514.4414
513.7705
513.8026
513.8380
513.8763
513.9169
513.9596
514.0039
514.0495
514.0961
514.1436
514.1916
514.2400
514.2887
513.6203
513.6579
513.6989
513.7427
513.7887
513.8366
513.8860
513.9366
513.9881
514.0403
514.0928
514.1455
514.1983
513.5310
513.5724
513.6170
513.6642
513.7134
513.7643
513.8166
513.8698
513.9238
513.9784
514.0334
514.0885
514.1437
513.4771
513.5210
513.5680
513.6175
513.6691
513.7223
513.7769
513.8323
513.8882
513.9444
514.0007
514.0569
514.1129
513.4459
513.4901
513.5372
513.5865
513.6377
513.6902
513.7439
513.7983
513.8533
513.9086
513.9640
514.0194
514.0745
513.4058
513.4492
513.4955
513.5441
513.5945
513.6464
513.6993
513.7530
513.8072
513.8616
513.9162
513.9706
514.0247
513.3546
513.3970
513.4422
513.4897
513.5390
513.5898
513.6416
513.6942
513.7474
513.8008
513.8543
513.9077
513.9609
513.2896
513.3310
513.3752
513.4218
513.4703
513.5203
513.5713
513.6232
513.6757
513.7284
513.7814
513.8342
513.8869
513.2147
513.2557
513.2995
513.3456
513.3937
513.4431
513.4937
513.5451
513.5971
513.6493
513.7017
513.7540
513.8061
513.1327
513.1731
513.2164
513.2621
513.3098
513.3590
513.4094
513.4606
513.5125
513.5648
513.6172
513.6697
513.7220
513.0490
513.0898
513.1337
513.1801
513.2285
513.2785
513.3298
513.3820
513.4349
513.4883
513.5420
513.5957
513.6493
512.9766
513.0187
513.0639
513.1115
513.1611
513.2122
513.2646
513.3180
513.3719
513.4263
513.4810
513.5357
513.5903
512.9176
512.9607
513.0068
513.0554
513.1060
513.1581
513.2115
513.2658
513.3207
513.3760
513.4317
513.4875
513.5432
512.8707
512.9384
513.0268
513.1452
513.2983
513.4804
513.6865
513.9123
514.1543
514.4092
514.6744
514.9477
515.2272
514.5445
514.8588
515.1727
515.4643
515.7577
516.0519
516.3461
516.6395
516.9100
517.1392
517.3327
517.5169
517.7141
517.0162
517.2544
517.4834
517.6916
517.8834
518.0626
518.2324
518.3951
518.5529
518.7074
518.8599
519.0113
519.1625
518.4553
518.6101
518.7960
519.0065
519.2362
519.4806
519.7357
519.9984
520.2659
520.5362
520.8072
521.0776
521.3459
520.6250
520.9196
521.2072
521.4877
521.7609
524.9042
528.0325
531.1451
534.2416
537.3217
540.3851
543.4317
546.4613
545.5876
548.7993
552.4443
556.1009
555.9681
555.0109
554.5400
554.0629
553.4216
552.6749
551.8442
550.9488
550.0049
550.0543
549.0096
547.9433
549.7371
551.6284
553.5064
555.3953
557.3435
559.3260
561.3749
562.6303
564.1158
565.8265
567.8164
570.0862
576.3300
581.9087
587.4413
593.0013
598.6129
604.2668
609.9485
615.5589
621.1423
626.7119
628.6983
633.9841
635.6113
636.6901
637.6194
642.1508
646.7460
651.2277
655.6684
660.0994
660.5843
660.9165
661.1182
664.8344
668.6415
672.4187
676.0525
679.5877
683.0830
686.5530
689.9696
693.2208
696.4132
695.7886
695.0644
694.2381
693.3359
695.1071
697.0095
698.9229
697.7242
696.5189
695.3044
694.0840
692.8569
691.6207
690.3769
689.1349
687.9268
686.7905
685.7831
684.8839
684.1005
683.4233
682.8234
682.2966
681.8187
681.3713
680.9421
680.5360
680.1943
679.7941
679.3027
678.6663
677.9014
677.0180
676.0375
674.9774
673.8672
672.7031
671.4954
670.3520
669.5092
669.8127
670.2058
670.6460
671.1767
672.1011
673.0604
673.7136
674.3572
675.0192
675.7184
676.4454
677.1931
677.9652
678.7485
679.5640
678.4816
678.8823
679.5346
680.2395
681.0306
681.8846
682.7970
683.6723
684.4975
684.6849
684.8954
685.1244
685.2717
685.4378
685.7261
686.1675
686.6290
687.1804
687.9232
688.8329
690.0519
690.3771
690.7949
691.2652
691.7798
692.3224
692.8711
693.4303
693.8887
694.4310
694.9843
695.5072
696.0750
696.6800
697.3106
697.9669
698.6477
699.3511
700.0441
700.7326
701.4232
702.1066
702.7901
703.4755
704.1625
704.8895
705.6139
706.2555
706.8956
707.5390
708.1825
708.8205
709.4798
710.1584
710.5881
711.0837
711.6294
712.2506
713.0017
713.8683
714.9132
716.1009
717.4188
718.8494
720.3777
721.9829
723.6178
725.1672
726.6380
728.0026
729.2915
730.5123
731.4716
732.4101
733.3389
734.2592
735.1689
736.0682
736.9569
737.8347
735.8394
733.8531
731.8763
729.9094
731.8360
733.7518
735.6570
737.5514
739.4352
741.3082
743.1706
745.0223
746.8633
748.6937
750.5134
752.3226
750.2262
752.0377
753.8386
755.6289
757.4087
759.1780
