830.1438
825.5595
821.0231
817.9463
813.4890
809.0783
806.1261
801.7921
797.5035
793.2599
789.0608
784.9057
780.7942
776.7259
772.7011
768.7194
764.7804
760.8835
757.0284
753.2144
749.4413
745.7086
742.0158
738.3625
734.7483
731.1727
727.6354
724.1359
720.6739
717.2488
713.8605
710.5083
707.1920
703.9112
700.6655
697.4545
694.2778
691.1351
688.0260
684.9502
681.9073
678.8969
675.9187
672.9723
670.0575
667.1738
664.3209
661.4986
658.7064
655.9441
653.2113
650.5078
647.8331
645.1870
642.5693
639.9795
637.4174
634.8827
632.3751
629.8942
627.4400
625.0119
657.4249
667.5940
675.8058
683.4762
690.7831
697.8012
704.5753
711.1351
717.5021
723.6922
736.4600
751.6732
741.5448
733.4498
725.7767
718.5396
713.0613
708.0488
703.4030
699.0821
695.0517
691.2800
687.4997
683.9509
689.5986
690.5419
691.8467
697.3334
702.7000
706.2319
725.6686
729.8106
737.1784
746.6034
757.0649
759.4552
788.8214
801.1206
811.8090
821.9186
831.8080
841.5608
852.5569
861.9251
870.7466
879.2344
874.2873
882.6795
877.6953
871.8341
866.0901
874.6170
883.1588
892.8093
901.9648
910.9003
918.3090
925.3959
931.8286
937.9423
943.9422
951.4782
942.8038
935.2676
925.9732
917.0548
908.5962
900.5118
892.6300
885.3684
878.1622
871.2330
864.3502
856.4768
849.1074
842.1595
835.5375
828.7332
820.7178
813.2518
806.2019
799.5821
793.3380
788.6293
783.0607
777.9954
772.1600
766.9082
762.2234
758.0527
757.6537
754.9005
752.3984
750.0968
749.2326
756.3041
754.8967
754.7309
752.9824
752.3436
750.1338
747.7848
745.3183
744.1081
741.4814
738.8576
743.7120
749.6936
754.3332
762.9224
771.1835
779.2340
787.2383
795.2493
803.2615
811.0239
816.2668
821.5323
826.9242
832.4523
837.9936
843.6103
849.2332
856.3598
851.2053
857.1014
862.7359
869.8247
875.5714
881.5412
887.5621
893.2928
900.3446
905.3595
909.1494
913.0701
918.1777
921.9675
927.3532
930.2264
933.0776
936.1883
942.4285
946.2060
938.9973
931.9834
925.4581
919.4251
913.8435
908.5938
903.6122
898.5475
894.0748
890.0435
886.5336
883.6005
880.8136
879.2238
877.4741
876.2297
875.2202
874.4710
873.9380
873.3800
873.1410
872.9933
873.0092
873.2012
873.5520
875.0619
876.6273
878.2606
879.9565
881.6656
883.3938
885.0388
886.5780
888.2151
887.7263
887.5712
887.6771
887.9079
888.3885
889.2867
890.4684
891.9675
893.7850
895.9409
898.2829
900.5294
903.1476
905.8743
908.6478
912.5249
916.3033
920.6824
924.9095
929.0808
933.2107
937.3055
941.3691
945.4043
949.4136
953.3987
947.5464
941.7456
935.9989
930.3080
924.6735
919.0958
913.5752
908.1114
902.7042
897.3533
892.0583
886.8187
881.6346
876.5055
871.4309
866.4103
861.4430
856.5286
851.6666
846.8563
842.0973
837.3891
834.1433
829.5197
824.9456
820.4205
815.9439
811.5151
807.1336
802.7989
807.8358
812.8173
817.7453
822.6207
827.4446
832.2177
836.9425
841.6194
846.2491
850.8321
855.3690
859.8602
854.9574
850.1043
845.3011
849.9125
854.4757
858.9918
863.4610
867.8838
872.2611
876.5933
880.8809
885.1245
889.3246
893.4815
897.5958
892.2758
897.7842
901.8582
905.8909
909.8827
913.8343
917.7460
921.6184
925.4518
929.2466
933.0033
936.7222
940.4038
934.6132
945.0336
949.4457
953.5288
957.5803
961.6255
965.6693
969.7118
973.7524
977.7899
981.8229
985.8508
989.8707
983.5244
1006.1159
1029.1001
1044.7225
1059.5972
1074.1364
1088.4229
1102.4984
1116.3894
1130.1139
1143.6847
1163.0636
1182.3418
1145.0454
1113.0025
1087.0856
1064.1875
1042.9978
1023.3077
1005.0491
988.0991
972.3297
957.6365
943.9286
931.1268
927.7364
920.6440
913.6852
911.2906
905.0792
903.4484
904.7262
901.0970
897.9806
899.6794
903.1484
904.2346
917.4295
921.8361
926.3369
932.0492
934.6286
937.1950
942.5108
944.9947
947.3188
949.3027
951.2308
940.8111
929.3941
918.2361
920.2904
922.5464
924.9214
927.3657
929.4607
931.3694
933.2894
935.2705
937.2293
938.7745
940.2277
927.0056
915.6283
903.1608
891.5788
880.6149
870.2852
871.4349
872.5492
873.6988
874.9583
876.3143
877.5695
876.9719
876.5159
876.2876
876.0023
875.5717
875.2712
875.2060
874.9957
874.7173
863.7978
853.6507
845.6021
836.8663
828.8753
821.5966
814.9978
809.0569
803.6734
798.7638
794.2591
790.0730
787.4768
794.3848
791.2145
786.6729
782.1905
779.4687
776.5730
773.5088
770.3106
768.3756
764.6383
760.8667
757.1356
753.4526
752.5317
750.1915
747.8910
745.6338
743.4224
741.2579
739.1414
737.0742
740.3228
743.5587
747.0406
750.7314
754.5749
758.5593
755.2664
760.2452
764.0327
767.9253
771.9469
775.8248
779.7466
783.7394
787.7628
791.8168
795.6344
797.5135
800.8521
804.2430
806.1652
807.9290
809.8309
810.6756
811.7417
814.1971
815.4635
817.0323
813.8657
814.2641
812.1199
809.1970
806.7043
804.5604
802.6925
800.9875
799.4791
798.1638
797.0323
796.1049
795.3532
794.7491
794.2543
793.8658
793.5646
793.3828
793.2993
793.2825
793.3004
793.3511
793.4097
793.4982
793.6190
793.8849
794.1587
794.4398
794.7264
794.9250
795.0275
795.1413
795.2992
795.5113
795.0154
794.6072
794.3885
794.3629
794.6964
795.3385
796.3054
797.5458
799.0183
800.6863
802.5116
804.4208
806.2704
807.8163
809.2661
810.5539
811.7259
812.7978
813.4993
814.1730
814.8333
815.4817
816.1199
816.7467
817.3611
817.9630
814.9904
812.0370
809.1058
806.1990
803.3181
819.4950
828.6480
837.5920
846.5947
855.6406
864.7124
873.7945
882.8834
891.9689
901.0426
910.0981
919.1294
915.0189
933.2668
942.8727
951.9531
960.9237
969.8215
980.3656
989.1218
997.7912
1006.3804
1014.8892
1023.3181
1031.6674
1026.3230
1044.0912
1052.9255
1061.1574
1069.2383
1077.2116
1085.0971
1092.9048
1100.6386
1108.3006
1115.8922
1123.4143
1130.8676
1124.4255
1141.4248
1149.4445
1156.8381
1164.0898
1171.2142
1178.2148
1185.1009
1191.8733
1198.5327
1205.0801
1211.5162
1217.8409
1210.4439
1226.0161
1232.7683
1238.8498
1244.7553
1250.5250
1256.1824
1261.7284
1267.1689
1272.5018
1277.7477
1282.8789
1287.9103
1279.7501
1293.6648
1299.1379
1303.9737
1308.6497
1313.2061
1317.6546
1322.0013
1326.2505
1330.4047
1334.4655
1338.4341
1342.3108
1333.5571
1345.9311
1336.7870
1354.2827
1369.1205
1383.4298
1397.4201
1411.1471
1424.6431
1437.9306
1451.0261
1463.9424
1483.0363
1472.8208
1419.8600
1369.3888
1325.3583
1289.8899
1259.5962
1231.8591
1206.2253
1182.4284
1160.2839
1139.6421
1120.3760
1102.3638
1091.4399
1078.2402
1065.9322
1059.7819
1049.6254
1041.5601
1038.1220
1031.1237
1023.8015
1016.1672
1017.8252
1015.8635
1028.8096
1028.6326
1028.7962
1015.5509
1002.2563
989.9185
980.7166
968.8279
957.5571
946.9205
948.7155
938.6997
942.2793
931.8459
921.9582
912.5058
903.5314
895.0316
886.9892
879.3378
872.0416
865.1146
858.5462
852.3151
846.3407
851.1972
856.3732
861.6882
855.1026
848.7306
842.6463
836.8579
831.2219
825.8140
820.6972
815.8165
811.1632
806.4960
801.9990
797.7084
793.6090
789.6868
785.9370
782.3470
778.8960
775.5757
772.3787
769.3361
769.1728
767.7222
763.8159
760.3658
757.3816
754.8372
754.0002
752.0076
750.2375
748.6200
749.8098
754.9226
755.5218
755.8623
754.5055
752.9344
751.1459
749.1683
748.3749
746.0183
743.5904
741.1209
738.6331
736.1362
733.6484
730.0364
730.5366
731.6179
732.8766
733.0893
733.4116
733.7728
734.3262
735.0216
735.5437
736.0245
736.5519
732.7876
729.2264
725.8506
722.6444
720.1973
720.1916
720.6387
721.2300
721.7566
722.3127
722.9416
723.6534
724.2002
723.1552
722.1738
721.3620
726.0883
726.3665
724.1694
722.4614
723.8882
722.5281
721.4935
721.4478
723.3509
725.3352
724.6510
724.1303
723.7726
723.5538
723.2505
723.0346
722.9676
723.0365
723.2203
723.5018
723.8613
724.2558
724.6916
725.0575
725.5124
726.0352
726.6648
727.2961
727.9329
728.5698
729.2041
729.8141
730.4945
731.1628
731.8186
732.2570
732.6674
733.0914
733.5215
734.0040
734.5318
734.5712
734.6917
734.9547
735.3922
736.0409
736.9844
738.2325
739.7354
741.4500
743.3384
745.2878
747.1903
749.0857
750.9249
752.6483
754.1113
754.9955
755.8488
756.6816
757.4972
758.2971
759.0816
759.8511
760.6059
761.3458
762.0707
758.2752
754.5097
750.7763
747.0770
743.4130
760.4646
769.5246
778.3202
787.1608
796.0494
804.9647
813.8901
822.7949
831.6629
840.4844
849.2527
857.9618
853.0993
871.2652
880.4433
889.0646
897.5460
905.9202
914.1882
922.3658
930.4561
938.4600
946.3779
954.2106
961.9587
955.9572
973.1903
981.4006
989.0101
996.4652
1003.8080
1011.0417
1018.1683
1025.1897
1032.1073
1038.9217
1045.6337
1052.2432
1045.2419
1061.1316
1068.1721
1074.5743
1080.8115
1086.8898
1092.8187
1098.6036
1104.2482
1109.7544
1115.1238
1120.3569
1125.4543
1117.6283
1131.3926
1136.8297
1141.6000
1146.1794
1150.6129
1154.9097
1159.0930
1163.1336
1167.0495
1170.8434
1174.5171
1178.0717
1169.6651
1181.2340
1185.1178
1188.3923
1191.4894
1194.4490
1197.2826
1199.9962
1202.5936
1205.0774
1207.4497
1209.7121
1211.8647
1203.0778
1212.5715
1209.3528
1224.9113
1237.9528
1250.5576
1262.9009
1275.0352
1286.9944
1298.8033
1310.4784
1322.0290
1338.4282
1328.3347
1283.0742
1239.3571
1204.3291
1173.8910
1146.5061
1120.7465
1096.5115
1073.7226
1052.3137
1032.2210
1013.3896
995.7306
984.8125
974.8553
965.1415
964.1937
957.8547
951.9795
951.9576
946.0454
943.5938
944.4576
945.9745
945.1478
950.5823
950.2444
950.1468
950.3568
950.8645
951.6272
953.7489
942.4103
932.8844
922.4349
923.7344
913.7662
904.1310
894.1960
896.1784
898.6048
900.8891
903.0875
905.3131
906.6098
907.9469
908.8892
909.7056
910.5169
911.3385
912.6681
902.0316
891.8095
882.0777
872.8277
863.9998
855.6274
847.7114
840.2299
833.0619
826.2269
819.7408
813.5117
807.5914
801.9567
796.5772
791.4458
786.5452
782.3731
778.4131
774.6507
771.0723
767.6838
765.9302
765.7484
761.6839
758.0942
754.9959
752.3412
751.4008
749.3137
747.4721
745.7970
748.2562
755.8621
756.0500
754.7539
753.3026
751.5825
749.5490
746.9454
745.5115
743.8699
740.7225
737.5653
734.4209
731.2973
729.5595
728.0171
728.9223
730.3744
731.2471
732.4010
733.5329
734.5349
735.5435
736.5989
737.6901
738.6992
740.8041
741.5597
737.3245
733.3135
729.5062
728.2901
730.0607
730.8097
731.8399
733.0678
734.2898
735.5785
737.0388
737.1163
738.8214
739.0660
740.8901
741.6433
744.1237
743.8478
743.8455
744.2431
745.0020
745.8204
748.7532
750.7800
750.1535
751.0777
749.3541
747.8726
746.6152
745.2883
744.3396
743.5627
742.9624
742.4784
741.9872
741.7443
741.5868
741.5420
741.5964
741.7366
741.9067
742.0792
742.2789
742.5068
742.7592
743.0335
743.3271
743.7331
744.1395
744.5286
744.9036
745.1465
745.3281
745.5688
745.8642
746.2084
745.9498
745.8857
746.0559
746.4755
747.1743
748.0828
749.2902
750.7454
752.4060
754.2116
756.0536
757.9050
759.7075
761.4130
762.9497
764.0850
764.7426
765.3803
766.0082
766.6293
767.2443
767.8532
768.4558
769.0517
769.6404
770.2212
766.3254
762.4605
758.6289
754.8325
751.0723
767.0641
775.6449
784.0043
792.4316
800.9215
809.4532
818.0089
826.5679
835.1162
843.6445
852.1455
860.6193
855.7147
873.5547
882.5750
891.0588
901.1333
909.4066
917.5898
925.6992
933.7366
941.7009
949.5910
957.4057
965.1499
959.1046
976.3881
984.6063
992.2312
999.7074
1007.0771
1014.3535
1021.5422
1028.6460
1035.6666
1042.6050
1049.4619
1056.2436
1049.1962
1065.5048
1072.7847
1079.4461
1085.9562
1092.3666
1098.6939
1104.9456
1111.1256
1117.2366
1123.2802
1129.2578
1135.1763
1127.2515
1142.7193
1149.2130
1155.0837
1160.8095
1166.4338
1171.9686
1177.4200
1182.7904
1188.0883
1193.3141
1198.4687
1203.5585
1194.8790
1209.4156
1215.0658
1220.0962
1225.0019
1229.8329
1234.6029
1239.3179
1243.9819
1248.5974
1253.1661
1257.6895
1262.1741
1252.8590
1266.8609
1260.8380
1275.4228
1290.7252
1305.6029
1320.1933
1334.5379
1348.6662
1362.5986
1376.3501
1389.9368
1406.6988
1395.8867
1339.9898
1289.0665
1242.6295
1200.0758
1161.6643
1128.1222
1098.5656
1071.6102
1046.9354
1024.2858
1003.4515
984.2537
969.3972
958.4293
948.4060
939.1552
930.6031
922.6883
915.3594
908.5687
902.2724
896.4306
891.0040
885.8935
881.1238
876.4968
872.2090
868.2325
864.5420
861.1139
857.9274
854.9625
852.2009
849.6255
847.2213
844.9411
842.7938
840.6393
838.6324
836.7550
834.9963
833.3457
831.7931
830.3289
828.9225
827.5858
826.3188
825.1160
823.9727
822.9075
821.8874
820.9083
819.9582
819.0348
818.1453
817.2843
816.4516
815.6459
814.8650
814.1066
813.3718
812.6216
811.8859
811.1713
810.4784
809.8058
809.1494
808.5071
807.8858
807.2689
806.6592
806.0597
805.4831
804.9407
804.4064
803.8788
803.3567
802.8305
802.3061
801.7852
801.2667
800.7494
800.2324
799.7150
799.1959
798.6785
798.1532
797.6245
797.0932
796.5598
796.0216
795.4773
794.9273
794.3719
793.8101
793.2356
792.6565
792.0964
791.5324
790.9657
790.3969
789.8266
789.2611
788.7029
788.1530
787.6099
787.0706
786.5410
786.0210
785.5221
785.0338
784.5573
784.0927
783.6398
783.1906
782.7424
782.2951
781.8486
781.3992
780.9468
780.4954
780.0400
779.5866
779.1359
778.6879
778.2431
777.8083
777.3862
776.9771
776.5813
776.1989
775.8231
773.9695
772.1234
770.2858
768.4580
766.3151
764.0492
761.8060
759.5951
757.4188
755.2781
753.1736
751.1053
747.4249
775.4847
790.6525
804.9123
818.7535
832.1989
845.3221
858.1533
870.7015
882.9696
894.9544
906.6616
918.1094
912.6185
935.3445
946.8163
957.4690
967.8036
977.8691
987.6805
997.2461
1006.5715
1015.6610
1024.5178
1033.2391
1041.8406
1034.9815
1054.1755
1063.2489
1071.6417
1079.8527
1087.9331
1095.8979
1103.7551
1111.5099
1119.1660
1126.7204
1134.1740
1141.5283
1133.5675
1151.4039
1159.3000
1166.5022
1173.5308
1180.4384
1187.2397
1193.9422
1200.5507
1207.0904
1213.5653
1219.9813
1226.3457
1217.4451
1234.3373
1241.3969
1247.7889
1254.0546
1260.2454
1266.3756
1272.4523
1278.4404
1284.3346
1290.1347
1295.8413
1301.4552
1291.7473
1307.8488
1314.0324
1319.5064
1324.8124
1330.0002
1335.0840
1340.0792
1344.9922
1349.8260
1354.5830
1359.2649
1363.8735
1353.4944
1368.4360
1373.6594
1378.2053
1382.6046
1386.9065
1391.1166
1395.2398
1399.2800
1403.2399
1407.1214
1410.9259
1414.6549
1403.7296
1417.5605
1421.8804
1425.5314
1429.0360
1432.4414
1435.7613
1439.0024
1442.1686
1445.2627
1448.2867
1451.2419
1454.1298
1442.7744
1455.4917
1458.9770
1461.8149
1464.5161
1467.1270
1469.6610
1472.1248
1474.5225
1476.8566
1479.1291
1481.3414
1483.4949
1471.8127
1483.5246
1486.2840
1488.4168
1490.4226
1492.3466
1494.1998
1495.9904
1497.7228
1499.3924
1501.0049
1502.5632
1504.0718
1492.1594
1502.9289
1505.0925
1506.6962
1508.2252
1509.7302
1511.2247
1512.7232
1514.2209
1515.7205
1517.2258
1518.7351
1535.2036
1522.9619
1549.5082
1566.6950
1581.5457
1595.3467
1607.9447
1619.5823
1630.8774
1641.7316
1652.1783
1662.3511
1672.3937
1682.3920
1668.5901
1696.6556
1708.1414
1718.7211
1729.3755
1740.1771
1750.9721
1761.7034
1772.3535
1782.9106
1793.2443
1803.4137
1813.4668
1798.2883
1824.1152
1835.1956
1844.9321
1854.4270
1863.8072
1873.1082
1882.4671
1891.8251
1901.1563
1910.4586
1919.7188
1928.9471
1912.5699
1934.7885
1945.3474
1954.8582
1964.3392
1973.8311
1983.3382
1992.8620
2002.4019
2011.9563
2021.5290
2031.1180
2040.7187
2023.1895
2029.4787
2041.1258
2051.1995
2061.1011
2070.9105
2080.6037
2090.2004
2099.7253
2109.0875
2118.2845
2127.3085
2136.1609
2117.6343
2110.3017
2120.6146
2129.3131
2137.6694
2145.7663
2153.7155
2161.4818
2169.0789
2176.5132
2183.7910
2191.1061
2198.3685
2179.1690
2167.1036
2175.7447
2183.1295
2190.2587
2197.1914
2203.9334
2212.1779
2218.4917
2224.5799
2230.4531
2236.1079
2241.5380
2221.8691
2212.1357
2218.7962
2224.3414
2229.7236
2234.9981
2240.1781
2245.2677
2250.2807
2255.2175
2260.0817
2264.8762
2269.6036
2249.6139
2241.4753
2247.4960
2252.4398
2257.2451
2261.9534
2266.5706
2271.1087
2275.5689
2279.9543
2284.2603
2288.4564
2292.5269
2272.2706
2266.5983
2271.7144
2275.6812
2279.4288
2283.0106
2286.4150
2289.6282
2292.6479
2295.4723
2298.1259
2300.6202
2302.9727
2282.5837
2286.2803
2289.4627
2291.5446
2293.3399
2294.8836
2296.1831
2297.2397
2298.0541
2298.6471
2299.0288
2299.2031
2299.1720
2278.7806
2294.8414
2295.2030
2294.6034
2293.7109
2292.5857
2291.2453
2289.6985
2287.9757
2286.0935
2284.0587
2281.8767
2279.5522
2259.3184
2269.2412
2267.4455
2264.8199
2261.9728
2258.9636
2255.8078
2252.5190
2249.0983
2245.5493
2241.8750
2238.0781
2234.1608
2214.3610
2221.5312
2218.4170
2214.6681
2210.8293
2206.9525
2203.0542
2199.1429
2195.2234
2191.2991
2187.3723
2183.4449
2179.5065
2160.2816
2167.0015
2163.8535
2160.0790
2156.2153
2152.3092
2148.3735
2144.4146
2140.4363
2136.4410
2132.4304
2128.4169
2124.4059
2105.7652
2112.0147
2108.8284
2105.0587
2101.2176
2097.3557
2093.4856
2089.6137
2085.7435
2081.8773
2077.9935
2074.0883
2070.1621
2052.0914
2058.0197
2054.8205
2051.0243
2047.1379
2043.2056
2039.2404
2035.2485
2031.2335
2027.1905
2023.1212
2019.0260
2014.9052
1997.4153
2002.6032
1999.1671
1995.1576
1991.0579
1986.9128
1982.7337
1978.5263
1969.7086
1960.9787
1952.4748
1944.1871
1936.1062
1919.4536
1913.3993
1906.0327
1898.7004
1891.5161
1884.4827
1877.5950
1870.8436
1864.2160
1857.7046
1851.2977
1844.9926
1838.7841
1823.1708
1821.1257
1815.4336
1809.5890
1803.7859
1797.8740
1791.9483
1786.0625
1780.2239
1774.4347
1768.6958
1763.0066
1757.3975
1742.6542
1742.4437
1737.5109
1732.3643
1727.2263
1722.1101
1717.0183
1711.9505
1706.9053
1701.8806
1696.8746
1691.8852
1686.9108
1672.9203
1673.6867
1669.0777
1664.3526
1665.9225
1668.7212
1670.4008
1671.8981
1673.2982
1674.6277
1675.8991
1677.1220
1678.3033
1664.5191
1665.6290
1668.6787
1637.1262
1614.2214
1593.4328
1574.3847
1554.6143
1534.4140
1514.0710
1493.8067
1473.8185
1454.2238
1435.1176
1416.5748
1399.8097
1381.8349
1362.9404
1348.9114
1340.8672
1324.9552
1315.3830
1307.5959
1294.1904
1281.8683
1276.1141
1265.6110
1269.0906
1261.1165
1253.9379
1251.5012
1244.8945
1238.6670
1236.9838
1231.4207
1226.2488
1220.9283
1201.9506
1183.1357
1164.6819
1146.6629
1141.1850
1123.9055
1118.9494
1114.5318
1110.3716
1106.1418
1102.1418
1098.4566
1095.0762
1091.6918
1088.2896
1084.8676
1081.5990
1068.1345
1053.4777
1039.2745
1025.6234
1022.6292
1019.9637
1017.3050
1014.8075
1012.5158
1010.4408
1006.6705
1002.9618
999.4809
996.2367
992.7870
980.5386
968.7660
957.4910
946.6345
936.2164
926.3422
917.0432
911.0434
901.4177
892.5097
884.3086
876.7489
871.0954
864.4659
858.2495
852.3847
848.1155
852.0210
847.2576
842.5127
837.6987
832.8485
827.9711
823.0311
818.0796
814.4957
809.5060
804.5894
799.7595
796.3575
792.9438
788.3091
787.8173
787.8754
787.8688
787.8047
787.9034
788.2226
788.7621
789.3141
789.9424
790.8203
791.9765
786.7835
781.7480
784.4661
779.4229
781.2117
783.5906
786.3529
789.1208
792.0382
795.1482
798.4306
801.8133
804.6761
807.4081
808.8034
810.3571
811.8741
813.3950
813.7238
814.3513
815.0414
815.7310
817.8411
813.8958
812.6637
815.5336
812.8424
810.4178
808.1858
806.1380
804.2079
802.2918
800.4924
798.8914
797.4680
796.2028
795.1100
794.0814
793.0283
792.0380
791.1172
790.3189
789.5650
788.7916
788.0086
787.2233
786.4289
785.6345
784.9184
784.2127
783.5174
782.8951
782.3358
781.8921
781.5458
781.2817
781.0866
780.9373
780.3066
779.8038
779.4723
779.2429
779.2001
779.3704
779.7694
780.3674
781.1371
782.0313
782.9778
783.9593
784.9186
785.8355
786.6232
787.3516
788.0641
788.7341
789.0286
789.3220
789.6126
789.8988
790.1782
790.4488
790.7091
795.0625
799.4359
803.8229
808.2203
812.6249
817.0343
821.4461
825.9674
832.6051
839.4972
846.5489
853.7185
848.8937
865.7189
874.1704
882.1177
889.9470
897.6862
905.3401
912.9089
920.3916
927.7860
936.8022
944.0080
933.8372
929.5569
918.4792
906.9522
895.2749
883.5820
871.9778
860.5433
849.3407
838.4164
827.8042
817.5276
807.6019
798.0354
795.2536
786.1162
777.3499
768.9453
760.8922
753.1795
745.7956
738.7285
731.9658
725.4947
719.2534
713.2401
707.4514
705.6295
700.0639
694.7766
689.7457
684.9208
680.2630
675.7742
671.4538
667.2999
663.3095
659.4784
655.8021
652.2755
651.0349
647.6990
644.5324
641.5192
638.6461
635.9334
633.3621
630.9165
628.5832
626.3511
624.2107
622.1539
620.1738
619.2706
617.3974
615.5878
613.8372
612.1419
610.4990
608.9057
607.3603
605.8608
604.4053
602.9922
601.6199
600.2870
599.5967
598.3327
597.1024
595.9051
594.7383
593.6014
590.2753
587.2798
584.5112
581.9574
579.6060
577.4452
575.4634
573.6494
571.9926
570.4827
569.1100
567.8655
574.1224
575.6545
577.6749
584.1620
592.4244
600.4168
614.7591
629.6200
638.9852
652.7076
672.1598
683.1622
703.1756
713.2130
723.2280
734.6393
744.6064
754.5512
767.3104
777.2028
787.0720
796.9177
806.7398
816.5380
826.3124
836.0629
845.7894
855.4920
865.1705
874.8248
884.4553
894.0623
903.6461
913.2068
922.7445
932.2596
941.7519
952.6400
962.0837
972.9233
982.3185
991.6915
1001.0422
1010.3708
1019.6774
1028.9621
1038.2250
1047.4662
1056.6849
1065.8813
1075.0553
1084.2068
1093.3359
1102.4426
1111.5268
1120.5883
1129.6271
1138.6432
1147.6365
1156.6071
1166.9742
1174.4792
1181.9660
1189.4347
1196.8855
1204.3184
1213.1519
1220.5458
1227.9222
1235.2812
1244.0411
1257.0354
1265.7419
1275.8451
1284.5045
1293.1423
1301.7584
1310.3529
1320.3442
1330.3104
1338.8331
1347.3342
1355.8139
1364.2721
1372.7092
1381.1254
1389.5205
1397.8948
1406.2481
1414.5807
1422.8925
1431.1836
1439.4539
1447.7036
1455.9327
1464.1401
1472.3253
1481.9068
1491.4625
1499.5741
1507.6637
1515.7313
1523.7770
1531.8009
1539.8030
1547.7833
1555.7419
1563.6788
1574.4309
1582.3174
1590.1822
1599.4439
1607.2621
1615.0589
1622.8343
1629.1700
1635.4881
1641.7886
1649.4901
1655.7521
1658.9683
1663.6094
1669.6622
1672.8720
1676.0855
1679.3026
1682.5230
1685.7466
1688.9731
1692.1980
1695.4211
1698.6463
1701.8729
1705.1005
1708.3034
1711.4643
1714.5807
1717.6484
1720.6790
1723.6749
1726.6373
1729.5634
1732.4532
1735.3069
1738.1250
1740.8981
1743.6350
1746.3395
1749.0152
1751.6631
1754.2839
1756.8807
1759.4541
1762.0044
1764.5321
1767.0405
1769.5494
1772.0569
1774.5673
1777.0816
1779.6028
1782.1342
1784.6761
1787.2288
1789.7901
1792.3602
1794.9394
1797.5223
1800.1042
1802.6819
1805.2555
1807.8253
1810.3913
1812.9539
1815.5099
1818.0589
1820.6006
1823.1348
1825.6615
1828.1808
1778.7391
1729.8961
1682.0168
1635.3196
1590.0013
1546.1952
1503.9857
1463.4195
1424.5144
1387.2644
1351.6468
1317.6261
1307.9167
1275.7287
1245.1204
1216.0113
1188.3737
1162.1228
1137.1789
1113.4671
1090.9167
1069.4601
1050.3750
1030.7056
1011.8862
1005.4512
987.5869
970.5318
954.2383
938.6636
923.8675
909.7922
896.3861
883.6032
871.4018
859.7443
848.5969
837.9283
833.3278
823.3098
813.7134
804.5108
795.6782
787.1944
779.0400
771.1978
763.6515
756.3866
749.3889
742.6457
736.0956
732.5626
726.2250
720.1049
714.1923
708.4649
702.9223
697.5626
692.3830
687.3799
682.5491
677.8859
673.3853
669.0421
666.2100
662.1536
658.3038
654.6356
651.1285
647.7654
644.5325
641.4179
638.4118
635.5058
632.6929
629.9670
627.3231
624.9265
622.5124
620.1582
617.8618
615.6216
613.4361
611.3041
609.2258
607.2000
605.2257
603.3018
601.4272
599.6008
597.5023
595.8701
594.2692
592.7005
591.1638
589.6595
586.2520
583.1319
580.2332
577.5484
575.0637
572.7664
570.6441
568.6852
566.8788
566.5534
564.9041
563.4263
564.7290
565.2001
566.1976
574.0581
579.6101
587.4459
602.9691
617.1442
627.1214
638.5736
655.7324
668.6531
685.8633
697.3590
707.4094
720.2732
730.2695
740.2423
754.4471
764.3633
774.2571
785.5470
795.3927
805.2164
815.0181
824.7978
834.5557
844.2917
854.0059
863.6983
873.3686
883.0165
892.6419
902.2446
911.8245
921.3815
930.9156
940.4266
949.9146
960.7980
970.2363
979.6516
989.0439
998.4132
1007.7597
1017.0834
1026.3843
1035.6624
1044.9178
1054.1504
1063.3602
1072.5472
1081.7115
1090.8531
1099.9720
1109.0683
1118.1421
1127.1934
1136.2223
1145.2288
1155.6322
1163.1739
1170.6980
1178.2045
1185.6935
1193.1652
1202.0381
1209.4719
1216.8887
1224.2885
1234.5083
1253.2144
1264.7822
1274.9031
1283.5807
1292.2371
1300.8724
1309.4866
1318.0800
1328.0708
1336.6188
1345.1461
1353.6526
1363.5569
1373.4362
1381.8722
1390.2867
1398.6799
1407.0517
1415.4022
1423.7315
1432.0395
1440.3260
1448.5894
1456.8297
1465.0470
1473.2413
1482.8309
1490.9755
1499.0972
1507.1960
1515.2720
1523.3252
1531.3554
1539.3628
1547.3472
1555.3086
1563.2470
1571.1627
1579.0555
1586.9255
1594.7728
1605.4342
1613.2288
1622.4192
1628.7467
1635.0554
1641.3454
1647.6170
1653.8702
1657.2157
1663.3980
1668.1512
1671.4831
1674.8171
1678.1514
1681.4855
1684.8193
1688.1485
1691.4733
1694.7956
1698.1173
1701.4356
1704.7505
1708.0638
1711.3736
1714.6652
1717.9025
1721.1030
1724.2703
1727.4051
1730.5045
1733.5689
1736.5987
1739.5965
1742.5617
1745.4959
1748.3999
1751.2768
1754.1272
1756.9540
1759.7576
1762.5383
1765.2964
1768.0323
1770.7462
1773.4467
1776.1373
1778.8188
1781.4916
1784.1558
1786.8145
1789.4682
1792.1175
1794.7636
1797.4060
1800.0453
1802.6821
1805.3189
1807.9498
1810.5723
1813.1836
1815.7783
1818.3557
1820.9155
1823.4574
1825.9819
1828.4888
1830.9789
1833.4521
1783.9583
1734.8802
1686.6371
1639.5301
1593.7734
1549.5146
1506.8503
1465.8364
1426.4973
1388.8321
1352.8213
1318.4319
1308.6641
1276.1818
1245.3432
1216.0586
1188.2431
1161.8164
1136.7023
1112.8282
1090.1253
1068.5279
1049.3149
1029.5796
1033.6182
1026.9176
1020.2725
1013.6863
1007.1619
1024.1134
1032.1009
1039.7698
1047.4732
1055.2096
1062.9621
1070.7166
1078.4723
1086.2219
1093.9583
1101.6761
1109.3705
1101.7847
1120.3331
1128.6961
1136.4700
1144.1387
1151.7419
1159.2892
1166.6691
1173.8716
1180.8915
1187.7174
1194.3558
1200.8071
1192.1835
1208.7730
1215.4383
1221.3375
1226.9639
1232.4195
1237.6731
1242.7484
1247.6527
1252.3958
1256.9796
1261.4263
1265.6910
1256.3188
1269.8072
1274.3529
1278.1951
1281.8192
1285.2695
1288.5582
1291.6917
1294.6738
1297.5075
1300.1949
1302.7371
1305.1357
1295.3119
1305.9731
1308.6306
1310.6483
1306.3035
1316.1446
1328.4776
1340.5664
1352.4931
1364.2930
1375.9883
1387.5950
1399.1267
1388.3721
1385.8260
1402.6132
1356.0951
1321.5242
1289.1809
1259.3982
1232.3256
1206.8885
1182.8932
1160.4290
1139.4696
1119.9337
1101.7361
1084.7927
1072.9177
1062.4858
1051.9808
1048.6616
1038.8257
1032.3775
1030.4342
1030.6571
1024.4156
1024.4392
1025.1007
1022.2320
1027.8211
1024.9429
1022.5863
1020.6150
1018.9645
1017.3637
1022.5035
1020.5485
1018.7490
1017.1172
1003.7705
1001.7958
989.0556
976.0226
963.6613
962.3958
961.2988
960.3818
959.6695
959.1339
958.3207
957.4322
956.6365
955.9642
955.3040
954.0971
952.8199
951.6053
950.4736
949.1106
947.5679
946.0571
934.3798
923.2919
912.6677
902.6845
893.2720
884.3790
875.9600
867.9747
860.3873
853.1661
846.2736
839.6869
833.4040
827.4020
821.6605
816.2080
812.4316
807.6089
801.8511
796.6606
792.0129
787.8372
785.4059
781.8487
778.5690
775.4963
772.5377
777.7168
774.1832
772.0390
769.7340
769.0190
766.4501
763.7413
760.9207
759.4912
756.3691
754.4343
751.0602
747.7138
745.7600
742.4608
739.2619
736.1632
733.1638
730.2619
727.4531
724.7331
723.8803
725.3588
727.1598
728.8330
730.4538
727.0958
723.8541
724.4679
721.3007
721.6579
722.8571
724.1647
725.6664
727.2578
728.6011
729.8523
731.0664
733.4035
735.5456
734.5907
733.6382
732.7683
733.4453
731.3081
729.4699
728.0180
733.6563
732.0408
730.3968
732.2242
732.7144
731.9991
731.4740
731.0805
730.5495
730.2843
730.1163
730.0792
730.1435
730.2902
730.4725
730.7523
731.0623
731.4034
731.8256
732.3140
732.8332
733.3485
733.8601
734.3763
734.8984
735.4267
735.9556
736.5587
737.1421
737.7007
738.0309
738.3529
738.7353
739.1716
739.6550
740.1793
740.2297
740.3538
740.6133
741.1027
741.8482
742.9337
744.3041
745.9101
747.7089
749.6636
751.7426
753.9013
756.0460
757.9870
759.6097
760.3807
761.1157
761.8327
762.5367
763.2300
763.9136
764.5880
765.2527
765.9075
766.5521
767.1862
763.3346
759.5131
755.7239
751.9689
748.2493
765.0531
773.8404
782.3301
790.8273
799.3416
807.8462
816.3247
824.7710
833.1768
841.5344
849.8383
858.0829
853.2111
870.5892
879.2835
887.4332
895.4423
903.3454
911.1505
918.8574
926.4658
933.9755
943.0966
950.4022
957.5993
951.6349
967.8740
975.4594
982.4464
989.2759
995.9835
1002.5794
1009.0678
1015.4513
1021.7315
1027.9094
1033.9854
1039.9603
1033.0807
1047.8327
1054.1993
1059.9573
1065.5573
1071.0423
1076.4272
1081.7190
1086.9217
1092.0378
1097.0694
1102.0172
1106.8829
1099.2497
1112.6650
1117.9962
1122.7365
1127.3252
1131.8194
1136.2282
1140.5556
1144.8041
1148.9754
1153.0710
1157.1121
1161.0606
1152.8343
1165.0882
1169.5125
1173.3616
1177.0737
1180.6913
1184.2261
1187.6840
1191.0684
1194.3822
1197.6270
1200.8030
1203.9122
1195.2152
1206.3753
1202.6745
1220.1958
1234.3447
1248.0919
1261.6129
1274.9606
1288.1661
1301.2513
1314.2319
1327.1201
1342.8446
1332.7278
1288.2255
1244.8622
1208.8568
1176.8650
1148.6596
1122.1375
1097.3500
1074.2513
1052.7546
1032.7685
1014.2012
996.9626
987.9618
978.0974
968.9569
963.9651
959.3428
952.3936
953.9967
954.1095
948.5259
943.7634
945.3427
942.1049
944.6599
943.6674
943.2298
945.5896
945.3275
945.3344
946.9132
935.5710
924.6464
914.2562
904.3829
894.9157
885.3164
876.1632
877.4885
879.2475
881.2409
883.1588
884.8452
886.5109
888.2254
889.9853
891.3891
892.5968
892.4471
892.3044
892.1332
882.1799
872.6395
863.5744
855.0149
854.8491
854.8142
854.9140
855.1505
855.4680
855.5319
846.8672
838.7327
831.0755
823.8483
817.0189
810.5498
804.8867
799.4872
794.3374
789.4154
784.7717
780.4346
776.4493
771.5429
767.1246
763.1510
759.5757
757.6814
754.6075
751.7615
749.1014
747.8896
756.0031
755.1786
754.1505
751.5110
748.7142
745.7830
742.7644
739.6871
736.5825
733.4385
730.1736
726.9355
723.7329
720.5790
718.8734
715.8158
712.8629
710.0014
707.2858
704.6700
702.1456
699.7074
697.5581
697.4541
697.8443
698.4685
700.5483
699.0590
696.2448
693.5422
691.1083
690.9584
691.1045
691.4685
692.1178
693.0555
694.1847
695.2175
694.7950
695.9884
695.9871
696.1014
696.2653
696.6787
696.0534
695.6720
695.4360
695.5028
695.9289
696.8780
699.6518
701.0500
703.7921
703.7472
703.8113
703.9216
704.0617
704.2546
704.5091
704.8728
705.3319
704.9213
704.6650
704.4362
704.2310
704.1485
704.1685
704.2741
704.3489
704.3982
704.4265
704.4375
704.4345
704.4203
704.3972
704.3671
704.3317
704.2923
704.2502
704.2571
704.3560
704.5316
704.7705
705.0616
705.4474
705.9634
706.7422
707.6872
708.8189
710.1539
711.6532
713.2839
715.0183
716.8332
718.6570
720.3782
722.0091
723.5601
724.9361
726.2141
727.4063
728.4202
729.2840
730.0215
730.6529
731.1953
731.6632
732.0688
732.4224
725.3168
718.2837
711.3670
704.5999
698.0067
691.6047
685.4055
679.4160
673.6399
668.0775
662.7272
657.5858
654.8894
650.1220
645.6402
641.4155
637.4222
633.6406
630.0532
626.6447
623.4012
621.6526
618.5884
618.3022
615.1464
612.8911
609.8640
606.9311
604.0917
601.3446
598.6892
596.1243
593.6485
591.2595
588.9552
586.7330
584.5901
582.5240
580.6090
578.6628
576.7948
574.9992
573.2710
571.6069
570.0035
568.4577
566.9669
565.5284
564.1401
562.7995
561.5046
559.8090
558.5996
557.4375
556.3187
555.2399
554.1987
553.1930
552.2209
551.2807
550.3709
549.4901
548.6370
547.8105
546.2592
545.4967
544.7634
544.0564
543.3735
542.7131
542.0739
541.4548
540.8544
540.2720
539.7066
539.1576
538.6243
537.1699
536.6881
536.2251
535.7786
535.3472
534.9295
534.5247
534.1319
533.7506
533.3800
533.0196
532.6691
532.3278
530.9410
530.6440
530.3594
530.0856
529.8213
529.5656
525.6816
522.0812
518.7411
515.6402
512.7596
510.0816
507.5903
505.2710
503.1105
501.0963
499.2173
497.4632
499.9063
502.4101
504.9537
507.5198
510.0942
512.6654
515.2238
517.7618
520.2734
522.7538
525.1994
527.6074
529.9762
532.3045
534.5913
536.8365
539.0398
541.2016
544.6681
546.6401
548.5838
550.4986
552.3845
554.2414
557.4152
559.1061
560.7800
562.4360
564.0733
565.6915
567.2903
568.8694
570.4287
571.9681
573.4877
574.9876
576.4680
577.9290
579.3708
580.7938
582.1981
583.5841
584.9521
586.3022
587.6349
588.9504
590.2490
591.5310
592.7968
594.0467
595.2809
596.4998
597.7035
598.8924
600.0667
601.2266
602.3725
603.5045
604.6229
605.7279
606.8196
607.8983
608.9641
610.0172
611.0579
612.0864
613.1028
614.1073
615.1002
616.0816
617.0516
618.0105
618.9585
619.8958
620.8225
621.7387
622.6447
623.5405
624.4263
625.3021
626.1683
627.0248
627.8718
628.7094
629.5375
630.3561
631.1654
631.9655
632.7566
633.5386
634.3118
635.0762
635.8319
636.5790
637.3177
638.0480
638.7700
639.4838
640.1895
640.8872
641.5770
642.2590
642.9333
643.5999
644.2591
644.9107
645.5551
646.1921
646.8220
647.4448
648.0606
648.6695
649.2716
649.8669
650.4555
651.0375
651.6130
652.1821
652.7447
653.3010
649.2810
645.3729
641.5924
637.9502
634.4527
631.1036
627.9041
624.8533
621.9490
619.1877
616.5651
614.0763
610.8836
607.7742
604.7546
601.8289
598.9994
596.2672
593.6319
591.0926
588.6477
586.2949
584.0317
581.8553
579.9592
577.9115
575.9516
574.0739
572.2732
570.5449
568.8851
567.2904
565.7574
564.2832
562.8648
561.4995
560.1850
558.5101
557.2848
556.1112
554.9851
553.9027
552.8611
551.8579
550.8909
549.9582
549.0579
548.1885
547.3484
546.5362
545.0028
544.2551
543.5376
542.8475
542.1822
541.5401
540.9197
540.3197
539.7389
539.1764
538.6311
538.1023
537.5893
536.1482
535.6862
535.2427
534.8158
534.4037
534.0052
533.6194
533.2454
532.8823
532.5298
532.1873
531.8543
531.5303
530.1517
529.8714
529.6031
529.3454
529.0968
528.8566
528.6238
528.3979
528.1783
527.9646
527.7564
527.5534
527.3553
526.0196
525.8603
525.7091
525.5646
525.4256
525.2915
525.1615
525.0352
524.9120
524.7916
524.6739
524.5586
524.4455
523.1393
523.0618
522.9896
522.9215
522.8566
522.7943
522.7342
522.6759
522.6189
522.5632
522.5084
522.4544
522.4011
521.1161
521.0967
521.0811
521.0682
521.0571
521.0471
521.0377
521.0286
521.0194
521.0099
520.9999
520.9894
520.9783
519.7090
519.7301
519.7536
519.7786
519.8043
519.8299
519.8551
519.8795
519.9029
519.9250
519.9457
519.9650
519.9828
518.7246
518.7735
518.8240
518.8753
518.9267
518.9776
519.0275
519.0761
519.1231
519.1684
519.2118
519.2534
519.2930
518.0433
518.1138
518.1852
518.2566
518.3273
518.3968
518.4645
518.5302
518.5936
518.6546
518.7132
518.7692
518.8228
517.5784
517.6621
517.7465
517.8307
517.9140
517.9958
518.0758
518.1535
518.2289
518.3018
518.3720
518.4396
518.5045
518.6771
518.6501
518.6359
518.6322
518.6369
518.6487
518.6660
518.6878
518.7132
518.7413
518.7716
518.8035
518.8364
517.5962
517.6628
517.7326
517.8045
517.8776
517.9510
518.0242
518.0966
518.1679
518.2377
518.3060
518.3725
518.4373
517.2053
517.3008
517.3972
517.4937
517.5895
517.6840
517.7766
517.8672
517.9554
518.0410
518.1240
518.2042
518.2817
517.0554
517.1624
517.2695
517.3758
517.4807
517.5836
517.6842
517.7822
517.8773
517.9692
518.0579
518.1434
518.2256
517.0026
517.1135
517.2241
517.3335
517.4412
517.5466
517.6493
517.7491
517.8459
517.9395
518.0298
518.1169
518.2008
516.9793
517.0919
517.2042
517.3154
517.4249
517.5320
517.6366
517.7379
517.8357
517.9299
518.0206
518.1076
518.1910
516.9688
517.0801
517.1909
517.3003
517.4076
517.5124
517.6143
517.7130
517.8085
517.9006
517.9891
518.0742
518.1559
516.9309
517.0407
517.1502
517.2583
517.3645
517.4682
517.5691
517.6668
517.7611
517.8520
517.9394
518.0233
518.1037
516.8765
516.9851
517.0932
517.2000
517.3049
517.4073
517.5069
517.6034
517.6967
517.7865
517.8728
517.9557
518.0351
516.8061
516.9138
517.0211
517.1272
517.2314
517.3332
517.4323
517.5283
517.6212
517.7107
517.7967
517.8794
517.9587
516.7276
516.8353
516.9426
517.0486
517.1527
517.2544
517.3532
517.4491
517.5416
517.6307
517.7164
517.7987
517.8775
516.6438
516.7511
516.8581
516.9640
517.0681
517.1699
517.2689
517.3651
517.4580
517.5476
517.6339
517.7168
517.7963
516.5629
516.6713
516.7794
516.8866
516.9920
517.0952
517.1959
517.2936
517.3882
517.4796
517.5677
517.6524
517.7339
516.5007
516.6109
516.7207
516.8294
516.9364
517.0410
517.1429
517.2418
517.3375
517.4300
517.5190
517.6047
517.6871
516.4539
516.5650
516.6758
516.7854
516.8933
516.9988
517.1016
517.2014
517.2981
517.3914
517.4815
517.5683
517.6519
516.4187
516.5854
518.1313
518.2475
518.4450
518.7052
519.0132
519.3567
519.7256
520.1117
520.5084
520.9105
521.3139
520.0421
520.5749
521.0840
521.5215
521.9487
522.3645
522.7681
523.1592
523.4878
523.7153
523.8613
523.9917
524.1583
522.8558
523.1841
523.4824
523.7256
523.9282
524.1012
524.2536
524.3923
524.5228
524.6490
524.7742
524.9005
525.0295
523.7165
523.9195
524.1898
524.5089
524.8615
525.2356
525.6216
526.0119
526.4008
526.7836
527.1572
527.5189
527.8671
526.5229
526.9892
527.4213
527.8225
528.1951
536.0832
543.9051
551.6579
566.6379
583.9121
601.3576
618.8213
636.2604
633.7569
665.7020
700.0246
732.9900
712.8467
692.9218
676.0967
661.8671
649.1657
637.6346
627.1337
617.5313
608.7184
600.6163
593.1197
586.1829
588.0484
588.8374
589.7189
593.4244
595.7382
599.4453
608.5375
617.7061
622.5708
627.6166
637.0255
645.0006
663.5908
671.1357
678.3612
685.4976
692.6251
699.7258
708.1330
714.7409
721.1994
728.9282
725.1769
731.1415
728.3769
723.5713
718.9804
724.5896
730.3012
735.6337
740.8046
745.9092
740.3968
735.0953
730.0228
734.6478
739.4477
744.0987
748.3166
752.2440
756.0519
759.7847
763.3655
766.5075
769.5163
762.6231
756.0972
749.8856
744.0128
745.3511
747.0644
748.8286
742.8106
737.2447
732.0798
727.2840
722.8189
718.6453
714.7381
711.0926
709.1077
708.7138
704.4966
700.8412
697.7214
695.0739
694.1462
692.0692
690.2554
688.6415
689.8823
697.7627
698.2368
698.4949
697.1267
695.5061
693.6819
691.6844
689.5688
688.7272
686.3972
684.0596
681.7342
681.0255
679.6325
680.9867
682.4526
683.9276
685.5192
687.9689
690.3650
691.8739
693.2776
694.6523
696.0483
697.4434
698.8217
700.1953
701.5379
702.9045
699.6593
700.1791
701.2910
702.4825
703.8314
705.2770
706.8060
708.1875
709.4009
709.0358
708.7822
708.6200
710.9988
710.5045
710.3675
709.2884
708.4027
711.9158
711.5519
711.6957
711.3959
714.2990
713.1212
712.2290
711.5810
711.1189
710.7732
710.5442
710.1869
710.0835
710.0710
710.0625
710.1861
710.4287
710.7593
711.1710
711.6546
712.2008
712.7503
713.3060
713.8745
714.4341
715.0004
715.5770
716.1625
716.8397
717.5122
717.9972
718.4825
718.9840
719.4944
720.0003
720.5580
721.1611
721.2386
721.4740
721.8331
722.3607
723.1603
724.1899
725.5705
727.2213
729.0953
731.1486
733.3451
735.6385
737.9322
739.9927
741.8401
743.4366
744.8615
746.1356
746.8952
747.6390
748.3786
749.1158
749.8463
750.5699
751.2860
751.9938
748.3157
744.6658
741.0466
737.4598
750.6654
760.4488
770.2994
780.2858
790.3606
800.4876
810.6403
820.7988
830.9308
841.0183
851.0511
861.0215
856.1374
876.4540
886.9320
896.8015
906.5194
917.8318
