764.2446
761.2433
758.2662
755.3129
752.3834
749.4774
746.5948
743.7354
740.8990
738.0855
735.2946
732.5262
729.7802
727.0563
724.3549
721.6760
719.0192
716.3844
713.7715
711.1801
708.6102
706.0616
703.5340
701.0274
698.5415
696.0761
693.6312
691.2064
688.8017
686.4169
684.0518
681.7063
679.3801
677.0732
674.7854
672.5165
670.2663
668.0348
665.8217
663.6269
661.4503
659.2916
657.1508
655.0277
652.9221
650.8339
648.7630
646.7092
644.6724
642.6524
640.6491
638.6623
636.6920
634.7380
632.8001
630.8782
628.9722
627.0820
625.2074
623.3483
621.5046
619.6761
624.3386
628.9616
633.5459
638.0921
642.6007
647.0723
651.5074
655.9062
660.2692
664.5968
668.8899
673.1489
672.3661
671.2162
670.0561
668.9173
668.1020
667.3281
666.5790
665.8466
665.1262
664.4157
663.6602
662.9107
663.1921
663.2535
663.3750
663.5295
663.9246
664.3189
664.8903
664.9090
665.0532
665.2151
665.6404
666.0383
668.6423
670.7592
672.9377
675.1288
677.3670
679.6591
682.0044
684.3919
686.7811
689.1880
690.2240
692.6206
693.6487
694.4536
695.1974
697.4317
699.7195
699.1069
698.4956
697.8855
697.2767
696.6692
696.0629
695.4580
694.8543
694.2518
693.6505
693.0505
692.4517
691.8541
691.2578
690.6628
690.0690
689.4765
688.8852
688.2952
687.7064
687.1189
686.5327
685.9477
685.3640
685.6612
690.0970
694.1263
697.6720
700.7971
703.5289
705.8489
707.9876
709.9720
711.8742
713.7009
715.4903
717.2471
716.8957
716.4826
716.0808
715.6848
715.2792
714.8532
714.4556
714.0288
713.5646
713.0472
712.4889
711.8859
711.2403
710.5589
709.8550
709.1257
709.5611
709.9974
710.5079
711.6801
712.8759
714.1117
715.4091
716.7739
718.2029
719.6570
720.8234
722.0400
723.3181
724.6593
726.0447
727.4805
728.9574
730.4840
730.5303
732.0893
733.6540
735.2647
736.9439
738.6904
740.4838
742.2773
744.0938
745.6853
747.3341
749.0207
750.6986
752.4187
754.1857
756.0268
757.8742
759.7664
761.7099
763.7388
764.1425
764.6536
765.1484
765.6294
766.0971
766.5380
766.9446
767.2060
767.5433
767.9076
768.3044
768.7499
769.1761
769.7685
770.2641
770.8421
771.4548
772.0938
772.7540
773.3591
774.0072
774.6603
775.3330
776.0294
776.7485
777.6780
778.6233
779.5876
780.5701
781.5622
782.5655
783.5705
784.5765
785.6087
786.2513
786.9515
787.6987
788.4522
789.2572
790.1493
791.1075
792.1408
793.2510
794.4411
795.6839
796.9215
798.2456
799.6062
800.9918
802.6087
804.2349
805.9323
807.6211
809.3240
811.0429
812.7781
814.5298
816.2978
818.0820
819.8822
816.4350
813.0144
809.6207
806.2539
802.9138
799.6003
796.3134
793.0530
789.8188
786.6107
783.4285
780.2722
777.1417
774.0371
770.9579
767.9042
764.8755
761.8719
758.8930
755.9386
753.0087
750.1029
747.2212
744.3632
741.5289
738.7182
735.9307
733.1663
730.4248
727.7059
731.4842
735.2305
738.9453
742.6292
746.2827
749.9062
753.5011
757.0679
760.6067
764.1179
767.6018
771.0586
768.0046
764.9746
761.9688
765.4798
768.9630
772.4186
775.8465
779.2470
782.6204
785.9669
789.2870
792.5807
795.8483
799.0901
802.3063
798.9885
802.2083
805.4024
808.5716
811.7162
814.8363
817.9323
821.0044
824.0527
827.0775
830.0789
833.0572
836.0124
832.4111
835.3756
838.3157
841.2317
844.1239
846.9925
849.8377
852.6596
855.4585
858.2346
860.9880
863.7189
866.4274
862.5623
863.3854
866.0989
868.7907
871.4610
874.1101
876.7381
879.3450
881.9308
884.4956
887.0396
889.5639
892.0687
890.6120
888.2846
886.3569
884.5770
882.7348
880.8347
878.8799
876.8783
874.8386
872.7680
870.6726
868.5581
867.5610
866.5905
865.5504
864.5031
863.4725
862.4487
861.4485
859.9705
858.5410
857.2035
855.9755
854.8651
855.3665
855.5614
855.8188
856.1053
856.4010
856.7224
857.0744
857.4690
857.8680
858.3920
858.9695
857.7351
856.1551
854.4451
854.7483
855.1385
855.5972
856.1176
856.6221
857.1325
857.6780
858.2662
858.8821
859.4559
860.0380
858.2075
856.2535
854.1616
852.0471
849.8681
847.6350
847.6006
847.5968
847.6320
847.7231
847.8690
848.0196
847.7936
847.5931
847.4393
847.2736
847.0758
846.9024
846.7776
846.6215
846.4484
843.9276
841.4158
838.8957
836.4011
833.9411
831.5251
829.1613
826.8583
824.6030
822.3855
820.1991
818.0317
815.8713
813.7097
809.0214
804.4126
800.4750
798.3078
796.2407
794.1902
792.1418
790.0836
787.9650
785.8360
783.7081
781.5804
779.4523
777.3482
775.2593
773.1843
771.1183
769.0630
767.0251
765.0094
764.0696
763.1955
762.4407
761.7981
761.2564
760.8123
759.0984
758.6338
758.2855
758.0198
757.8416
757.7045
757.6390
757.6492
757.7281
757.8752
758.0458
757.9448
757.8968
757.9156
757.9731
758.0390
758.1645
758.3811
758.6583
758.9668
759.3530
759.8233
759.7098
759.9608
760.2130
760.0234
759.7987
759.5698
759.3343
759.0767
758.8114
758.5434
758.2765
758.0182
757.7660
757.4995
757.2531
757.0036
756.7531
756.5086
756.2701
756.0206
755.7738
755.5276
755.2797
755.0330
754.7879
754.5699
754.3598
754.1575
753.9627
753.7638
753.5601
753.3632
753.1783
753.0074
752.7360
752.4762
752.2471
752.0525
751.9143
751.8366
751.8249
751.8743
751.9807
752.1407
752.3493
752.5940
752.8514
753.0866
753.3245
753.5482
753.7668
753.9813
754.1228
754.2663
754.4142
754.5666
754.7239
754.8856
755.0511
755.2202
752.3112
749.4246
746.5604
743.7187
740.8994
744.5858
748.2419
751.8679
755.4644
759.0317
762.5701
766.0799
769.5616
773.0153
776.4414
779.8401
783.2116
780.0618
783.4338
786.7786
790.0964
793.3876
796.6523
799.8908
803.1040
806.2920
809.4550
812.5933
815.7071
818.7965
815.3456
818.4413
821.5125
824.5595
827.5825
830.5816
833.5566
836.5075
839.4347
842.3383
845.2184
848.0754
850.9093
847.1853
850.0283
852.8482
855.6450
858.4191
861.1705
863.8993
866.6058
869.2900
871.9523
874.5927
877.2115
879.8088
875.8360
878.4457
881.0337
883.6003
886.1455
888.6696
891.1728
893.6552
896.1170
898.5584
900.9791
903.3794
905.7594
901.5625
903.9581
906.3334
908.6884
911.0234
913.3385
915.6341
917.9102
920.1671
922.4049
924.6238
926.8239
929.0056
924.6135
926.8141
926.0122
928.1873
930.3583
932.5113
934.6466
936.7642
938.8645
940.9475
943.0134
945.0624
947.1001
942.5584
942.5304
941.9572
941.0280
939.6546
938.4634
937.1569
935.7630
934.2997
932.7786
931.2091
929.5991
927.9522
927.3855
926.7143
925.9948
925.2187
924.3635
923.4851
922.5892
921.1678
919.8209
918.5431
917.3523
916.2682
916.5916
916.5992
916.6551
915.0083
913.2086
911.3881
909.4894
907.4964
905.3769
903.1901
902.8099
900.5707
900.2187
897.7900
895.3043
892.7489
890.1396
887.4845
884.8067
882.1091
879.3948
876.6752
873.9562
871.2409
868.5196
867.8478
867.3233
866.9103
864.3399
861.7560
859.1492
856.5171
853.8330
851.1133
848.3743
845.6090
842.8206
839.9588
837.0668
834.1556
831.2262
828.2802
825.3541
822.4428
819.5415
816.6514
813.7741
810.9427
808.1511
805.4288
802.7867
800.2167
797.7317
795.3322
793.0055
790.7501
788.5448
786.3774
784.2399
782.1440
780.0982
778.0433
775.9507
773.8130
771.6248
769.3887
767.1061
764.7949
762.4526
760.0856
757.6993
755.2958
752.8900
750.5508
749.3422
748.3399
747.4400
746.2931
745.2142
744.1823
743.2402
742.3767
741.5053
740.6590
739.8611
737.8877
735.9265
733.9712
732.0220
730.2551
729.1698
728.2436
727.3964
726.5702
725.7899
725.0675
724.4061
723.3506
722.2724
721.2150
720.2095
719.2498
718.3360
717.5199
716.8046
716.1837
715.5939
715.0724
714.4509
714.0026
713.6356
713.3310
713.0516
712.7996
712.5713
712.3098
712.0617
711.8463
711.6563
711.4884
711.3382
711.1956
711.0581
710.9246
710.7784
710.6410
710.5152
710.4036
710.2957
710.1906
710.0875
709.9861
709.8839
709.7936
709.7040
709.6157
709.4997
709.3889
709.2887
709.1977
709.1235
709.0653
708.9404
708.8287
708.7450
708.6971
708.6932
708.7499
708.8718
709.0539
709.2915
709.5802
709.9038
710.2455
710.6095
710.9855
711.3619
711.7108
711.9621
712.2147
712.4717
712.7334
712.9998
713.2707
713.5458
713.8250
714.1078
714.3941
711.8218
709.2694
706.7370
704.2247
701.7323
705.7466
709.7280
713.6769
717.5938
721.4791
725.3331
729.1563
732.9485
736.7102
740.4416
744.1430
747.8145
744.9604
748.6274
752.2645
755.8720
759.4503
762.9996
766.5203
770.0124
773.4764
776.9124
780.3207
783.7015
787.0550
783.8693
787.2233
790.5499
793.8494
797.1220
800.3680
803.5876
806.7810
809.9484
813.0900
816.2060
819.2967
822.3623
818.8761
821.9466
824.9917
828.0119
831.0072
833.9777
836.9235
839.8449
842.7421
845.6152
848.4644
851.2900
854.0920
850.3314
853.1419
855.9287
858.6922
861.4324
864.1498
866.8444
869.5165
872.1663
874.7940
877.3996
879.9835
882.5458
878.5363
881.1108
883.6636
886.1946
888.7043
891.1927
893.6595
896.1051
898.5295
900.9330
903.3158
905.6780
908.0198
903.7900
906.1473
905.2586
907.6047
909.9318
912.2402
914.5300
916.8015
919.0549
921.2903
923.5078
925.7077
927.8908
923.5026
922.7354
921.4308
919.4978
917.6103
915.9197
914.1940
912.4321
910.6354
908.8049
906.9423
905.0505
903.1255
902.0034
900.8738
899.6290
898.3532
897.0820
895.8028
894.5234
892.6591
890.8662
889.1804
887.6747
886.3006
886.7620
886.7562
886.8053
886.9274
887.1250
887.3945
887.6794
885.5930
883.4214
881.1904
881.1905
878.9138
876.5637
873.9991
873.7664
873.6685
873.5853
873.5257
873.5173
873.3866
873.2972
873.1617
873.0308
872.9283
872.8580
872.9035
870.2665
867.5355
864.7281
861.8538
858.9132
855.9279
852.9102
849.8758
846.7993
843.6927
840.5805
837.4472
834.3157
831.1869
828.0606
824.9413
821.8302
818.8554
815.9091
812.9883
810.0940
807.2322
804.4341
801.7246
799.1279
796.6224
794.2229
791.9259
789.7193
787.6020
785.5526
783.5543
781.5882
779.6721
777.8278
776.0013
774.1460
772.2266
770.2258
768.0679
765.8441
763.5809
761.2869
758.9614
756.6109
754.2377
751.8512
749.5458
748.3993
747.4700
746.4226
745.5126
744.6527
743.8091
743.0185
742.2911
741.6230
740.9786
740.3045
739.7064
737.7097
735.7285
733.7548
732.4778
731.6689
731.0228
730.4925
730.0577
729.6637
729.3289
729.0812
728.5013
728.0127
727.5509
727.1659
726.9079
726.7686
726.6748
726.6405
726.6996
726.8470
727.0124
726.4158
726.0048
725.6546
725.3369
725.0497
724.7751
724.5144
724.2013
723.9487
723.7071
723.4822
723.2643
723.0224
722.8237
722.6287
722.4447
722.2701
722.1041
721.9311
721.7578
721.5872
721.4206
721.2572
721.0958
720.9358
720.7905
720.6535
720.5219
720.3959
720.2588
720.1202
719.9970
719.8888
719.7950
719.6140
719.4664
719.3609
719.3029
719.3001
719.3400
719.4430
719.6047
719.8205
720.0815
720.3707
720.6835
721.0092
721.3387
721.6583
721.9297
722.1184
722.3084
722.5028
722.7018
722.9055
723.1137
723.3262
723.5428
723.7632
723.9872
721.3266
718.6868
716.0677
713.4695
710.8920
714.8182
718.7119
722.5736
726.4036
730.2024
733.9704
737.7079
741.4153
745.0927
748.7404
752.3589
755.9482
753.0186
756.6048
760.1619
763.6902
767.1900
770.6615
774.1050
777.5207
780.9087
784.2695
787.6030
790.9097
794.1896
790.9387
794.2204
797.4753
800.7037
803.9058
807.0820
810.2329
813.3589
816.4602
819.5370
822.5894
825.6177
828.6221
825.0807
828.0925
831.0803
834.0443
836.9848
839.9011
842.7936
845.6625
848.5079
851.3301
854.1293
856.9055
859.6591
855.8537
858.6174
861.3582
864.0764
866.7723
869.4461
872.0981
874.7284
877.3372
879.9247
882.4910
885.0364
887.5609
883.5177
886.0562
888.5737
891.0703
893.5463
896.0019
898.4372
900.8525
903.2478
905.6234
907.9794
910.3160
912.6333
908.3749
910.7093
909.8333
911.5988
913.9071
916.1968
918.4681
920.7210
922.9558
925.1727
927.3717
929.5531
931.1442
926.7328
925.4849
924.0327
922.4004
920.5825
918.6897
916.8618
914.7615
912.5364
910.2155
907.8181
905.3596
902.8525
899.7092
898.0570
896.4379
894.8185
893.1971
891.5739
889.9502
888.3275
886.7069
885.0893
883.4751
881.8521
880.2262
878.5651
876.9134
875.2718
873.6411
872.0218
870.4152
868.8219
867.2421
865.6761
864.1245
862.5800
861.0462
859.4935
857.9578
856.4375
854.9330
853.4443
851.9719
850.5157
849.0705
847.6408
846.2282
844.8329
843.4557
842.1029
840.7675
839.4492
838.1458
836.8586
835.5897
834.3366
833.1006
831.8820
830.6808
829.4966
828.3308
827.1730
826.0309
824.9065
823.7997
822.7104
821.6371
820.5790
819.5396
818.5133
817.5004
816.5013
815.5210
814.5615
813.6157
812.6830
811.7630
810.8528
809.9540
809.0666
808.1902
807.3242
806.4681
805.6213
804.7834
803.9548
803.1329
802.3184
801.5112
800.7112
799.9175
799.1295
798.3470
797.5699
796.7975
796.0282
795.2634
794.5086
793.7586
793.0133
792.2726
791.5367
790.8068
790.0835
789.3673
788.6576
787.9539
787.2574
786.5682
785.8890
785.2178
784.5547
783.8999
783.2534
782.6135
781.9794
781.3509
780.7280
780.1095
779.4954
778.8864
778.2814
777.6816
777.0869
776.4974
775.9130
775.3350
774.7641
774.2004
773.6439
773.0947
772.5513
771.2294
769.9060
768.5816
767.2566
766.0124
764.8004
763.5881
762.3736
761.1566
759.9370
758.7149
757.4905
754.5798
758.1936
761.7768
765.3299
768.8530
772.3464
775.8102
779.2447
782.6501
786.0267
789.3747
792.6943
795.9863
792.7425
796.0343
799.2983
802.5349
805.7444
808.9269
812.0828
815.2121
818.3152
821.3922
824.4434
827.4700
830.4722
826.9297
829.9383
832.9225
835.8825
838.8185
841.7309
844.6197
847.4853
850.3278
853.1475
855.9438
858.7170
861.4672
857.6626
860.4221
863.1585
865.8720
868.5629
871.2314
873.8777
876.5020
879.1044
881.6858
884.2464
886.7863
889.3058
885.2641
887.7978
890.3109
892.8035
895.2759
897.7282
900.1607
902.5735
904.9666
907.3404
909.6948
912.0301
914.3464
910.0907
912.4243
914.7387
917.0342
919.3108
921.5688
923.8084
926.0303
928.2346
930.4216
932.5913
934.7439
936.8796
932.4303
934.5875
936.7275
938.8505
940.9566
943.0461
945.1185
947.1739
949.2124
951.2339
953.2385
955.2264
957.1977
952.5761
954.5704
956.5481
958.5091
960.4536
962.3815
964.2931
966.1884
968.0676
969.9310
971.7785
973.6104
975.4267
970.6527
972.4940
974.3198
976.1298
977.9243
979.7033
981.4671
983.2157
984.9494
986.6682
988.3722
990.0617
991.7367
986.8240
988.5260
990.2134
991.8863
993.5449
995.1892
996.8196
998.4360
1000.0386
1001.6275
1003.2030
1004.7650
1006.3137
1001.2775
1002.8555
1004.4212
1005.9746
1007.5160
1009.0453
1010.5628
1012.0686
1013.5628
1015.0455
1016.5168
1017.9769
1019.4267
1014.2869
1015.4361
1016.9117
1018.3760
1019.8291
1021.2710
1022.7017
1024.1214
1025.5297
1026.9270
1028.3132
1029.6885
1031.0529
1025.8152
1027.4481
1028.8348
1030.2109
1031.5764
1032.9314
1034.2762
1035.6107
1036.9352
1038.2497
1039.5542
1040.8490
1042.1341
1036.8140
1038.3976
1039.7070
1041.0064
1042.2961
1043.5761
1044.8465
1046.1075
1047.3590
1048.6013
1049.8343
1051.0584
1052.2736
1046.8789
1048.4927
1049.7336
1050.9654
1052.1883
1053.4022
1054.6073
1055.8037
1056.9914
1058.1706
1059.3411
1060.5030
1061.6564
1056.1939
1057.4783
1058.6604
1059.8339
1060.9986
1062.1548
1063.3024
1064.4416
1065.5724
1066.6937
1067.8056
1068.9081
1070.0013
1064.4702
1065.6330
1066.7530
1067.8637
1068.9649
1070.0566
1071.1391
1072.2124
1073.2771
1074.3334
1075.3813
1076.4210
1077.4524
1071.8534
1073.1439
1074.2040
1075.2557
1076.2990
1077.3339
1078.3606
1079.3784
1080.3875
1081.3879
1082.3797
1083.3630
1084.3378
1078.6794
1080.0086
1081.0107
1082.0041
1082.9889
1083.9652
1084.9328
1085.8917
1086.8420
1087.7838
1088.7172
1089.6422
1090.5590
1084.8446
1086.2213
1087.1649
1088.1001
1089.0269
1089.9455
1090.8560
1091.7585
1092.6530
1093.5396
1094.4185
1095.2896
1096.1530
1090.3866
1091.7807
1092.6721
1093.5557
1094.4312
1095.2988
1096.1584
1097.0102
1097.8543
1098.6906
1099.5194
1100.3406
1101.1543
1095.3439
1096.7197
1097.5618
1098.3958
1099.2215
1100.0391
1100.8487
1101.6503
1102.4440
1103.2297
1104.0077
1104.7779
1105.5405
1099.6867
1100.8867
1101.6780
1102.4613
1103.2366
1104.0041
1104.7638
1105.5158
1106.2601
1106.9968
1107.7259
1108.4476
1109.1618
1103.2688
1104.0230
1104.7689
1105.5065
1106.2359
1106.9571
1107.6702
1108.3753
1109.0725
1109.7617
1110.4431
1111.1167
1111.7826
1105.8570
1106.5662
1107.2690
1107.9653
1108.6554
1109.3392
1110.0168
1110.6883
1111.3538
1112.0133
1112.6668
1113.3144
1113.9563
1108.0113
1108.6972
1109.3770
1110.0508
1110.7186
1111.3805
1112.0365
1112.6868
1113.3313
1113.9702
1114.6034
1115.2309
1115.8527
1109.8906
1110.5564
1111.2162
1111.8699
1112.5178
1113.1597
1113.7959
1114.4263
1115.0510
1115.6700
1116.2833
1116.8910
1117.4931
1111.5137
1112.1599
1112.8001
1113.4343
1114.0627
1114.6852
1115.3020
1115.9131
1116.5185
1117.1184
1117.7128
1118.3018
1118.8854
1112.8909
1113.5190
1114.1415
1114.7582
1115.3692
1115.9747
1116.5746
1117.1690
1117.0991
1117.0272
1117.0165
1117.0642
1117.1675
1111.1839
1111.3163
1111.5425
1111.8291
1112.1626
1112.5395
1112.9574
1113.4133
1113.9024
1114.4227
1114.9694
1115.5430
1116.1424
1110.1635
1111.0253
1111.6930
1112.3751
1113.0741
1113.8302
1114.6266
1115.4486
1116.2932
1117.1582
1118.0418
1118.9424
1119.8382
1113.8252
1114.9839
1115.8124
1116.6400
1117.4765
1118.3223
1119.1767
1120.0386
1120.9073
1121.7817
1122.6611
1123.5445
1124.4311
1118.3764
1119.7778
1120.7058
1121.6224
1122.8947
1124.3292
1125.6511
1126.9279
1128.1681
1129.3755
1130.5527
1131.7020
1132.8248
1126.7203
1127.5425
1128.5576
1131.7164
1135.0342
1138.1725
1141.2936
1143.9879
1146.2940
1148.2470
1149.8789
1151.2172
1152.2888
1153.1178
1153.7254
1153.9038
1153.7977
1153.2376
1152.5171
1151.6793
1150.7612
1149.7532
1148.6772
1147.0026
1145.3132
1143.6444
1142.0183
1141.5522
1140.6358
1139.7559
1138.9033
1138.0212
1137.1266
1136.2408
1135.3858
1134.5342
1133.5983
1130.1549
1126.4452
1122.4935
1118.3182
1116.3346
1111.8892
1109.7217
1107.6080
1105.5051
1103.3498
1101.2051
1099.0933
1097.0178
1094.9169
1092.7881
1090.6308
1088.4835
1083.7135
1078.7960
1073.7546
1068.6032
1065.7852
1063.0184
1060.2390
1057.4856
1054.7734
1052.1164
1049.0272
1045.9298
1042.8678
1039.8486
1036.7596
1031.2867
1025.7839
1020.2477
1014.6714
1009.0745
1003.4974
997.9629
992.4932
987.1234
981.8355
976.6428
971.5426
966.5273
961.6434
956.8414
952.1004
947.3988
942.7340
938.1397
933.5460
928.9310
924.3019
919.6604
914.9975
910.3159
905.6187
900.9193
896.2136
891.5057
886.7948
882.0989
877.4783
874.0992
870.9427
867.8360
864.7801
861.8559
859.0870
856.4755
853.9605
851.5576
849.3161
847.2450
843.4623
839.7359
837.7879
834.2038
832.4780
830.9928
829.6968
828.4933
827.4160
826.4746
825.6631
824.9631
823.8939
822.8805
821.9533
821.1139
820.3167
819.5687
818.9046
818.3276
817.7871
817.2691
816.7898
815.3279
814.1181
812.9258
811.7897
810.6813
809.5853
808.5079
807.4391
806.3600
805.2927
804.2571
803.2511
802.2728
801.3269
800.3943
799.4589
798.5366
797.6298
796.7478
795.8776
795.0081
794.1407
793.2765
792.4142
791.5551
790.7131
789.8768
789.0458
788.2302
787.4295
786.6530
785.8991
785.1665
784.4538
783.7579
782.9891
782.2458
781.5364
780.8512
780.2058
779.6070
779.0598
778.5619
778.1108
777.7003
777.3191
776.9647
776.6273
776.3025
775.9748
775.6538
775.3464
775.0474
774.6967
774.3545
774.0218
773.6980
773.3826
773.0749
772.7745
775.6726
778.5885
781.5191
784.4632
787.4196
790.3871
793.3644
796.3446
799.2138
802.0867
804.9681
807.8596
804.5025
807.6762
810.8240
813.9462
817.0430
820.1145
823.1611
826.1829
829.1802
832.1531
835.1018
838.0266
837.7412
834.1337
832.3874
829.5841
825.9883
821.7497
816.9949
811.8311
806.3491
800.6258
794.7263
788.7055
782.6100
776.4789
773.3959
767.3456
761.3217
755.3460
749.4362
743.6072
737.8711
732.2375
726.7143
721.3073
715.9860
710.7603
705.6379
703.1384
698.1869
693.3877
688.7359
684.2042
679.7721
675.4458
671.2300
667.1278
663.1409
659.2701
655.5153
651.8758
649.8169
646.3924
643.0963
639.9209
636.8594
633.9284
631.1167
628.4147
625.8142
623.3081
620.8900
618.5545
616.2967
614.5287
612.4403
610.4142
608.4475
606.5379
604.6831
602.8811
601.1304
599.4294
597.7764
596.1700
594.6086
593.0909
591.5156
590.1341
588.7857
587.4703
586.1870
584.9354
582.2748
579.7970
577.4400
575.2036
573.0864
571.0866
569.2016
567.4285
565.7642
564.2051
562.7477
561.3881
562.9192
565.3498
569.3539
574.0907
584.9425
598.3275
609.2722
619.7009
629.8477
639.6788
649.2712
658.6738
672.5522
685.9046
698.7609
711.1564
723.1218
734.6835
745.9359
756.9195
767.6566
778.1644
788.4559
798.5830
808.5225
818.2663
827.8170
837.1786
846.3954
855.4467
864.2879
872.8881
881.2616
889.4111
897.3382
905.0441
912.5295
919.7959
926.8461
933.6851
940.3186
946.7521
952.9769
958.9898
964.7818
970.3500
975.8129
981.2659
986.7085
992.1407
997.5625
1002.9739
1008.3750
1013.7657
1019.1461
1024.5162
1029.8759
1035.2254
1040.5646
1045.8935
1051.2128
1056.5225
1061.8226
1067.1132
1072.3942
1077.6656
1082.9276
1088.1800
1093.4230
1098.6564
1103.8804
1109.0948
1114.2992
1119.4935
1124.6778
1129.8519
1135.0161
1140.1701
1145.3142
1150.4482
1155.5722
1160.6862
1165.7903
1170.8844
1175.9687
1181.0433
1186.1081
1191.1632
1196.2084
1201.2430
1206.2670
1211.2805
1216.2836
1221.2761
1226.2582
1231.2298
1236.1911
1241.1419
1246.0824
1251.0125
1255.9323
1260.8418
1265.7410
1270.6299
1275.5086
1280.3771
1285.2354
1290.0835
1294.9215
1299.7493
1304.5670
1309.3746
1314.1722
1318.9597
1323.7371
1328.5046
1333.2621
1338.0096
1342.7472
1347.4748
1350.9197
1354.3691
1357.8199
1361.2728
1364.7262
1368.1799
1371.6337
1375.0876
1378.5414
1381.9921
1385.4396
1388.8868
1392.3329
1395.7780
1399.2815
1402.8808
1406.5960
1410.4378
1414.3740
1418.3904
1422.4828
1426.6498
1430.8907
1435.2048
1439.5921
1444.0783
1448.6392
1453.2646
1457.9530
1462.7019
1467.5092
1472.3757
1477.2999
1482.2807
1487.3170
1492.4096
1497.5210
1502.6451
1507.7820
1512.9303
1518.0920
1523.2690
1528.4604
1533.6653
1538.8802
1544.1045
1549.3376
1554.5734
1559.8119
1565.0509
1570.2902
1575.5292
1580.7671
1586.0037
1591.2364
1596.4661
1601.6937
1606.9195
1612.1438
1617.3659
1597.9189
1576.5119
1553.6186
1529.5964
1504.7765
1479.4307
1453.7842
1428.0232
1402.3014
1376.7448
1351.4564
1326.5194
1318.8916
1294.4396
1270.5235
1247.1701
1224.4346
1202.3241
1180.8417
1159.9870
1139.7564
1120.1431
1101.1386
1082.6837
1064.7563
1059.3142
1041.9483
1025.1324
1008.8529
993.0969
977.9218
963.3013
949.2110
935.6285
922.5325
909.9031
897.7221
885.9714
881.9996
870.7611
859.9250
849.4730
839.3884
829.6563
820.2622
811.1930
802.4359
793.9789
785.8103
777.9191
770.2598
767.2332
759.7801
752.5732
745.6028
738.8508
732.3140
725.9888
719.8706
713.9548
708.2361
702.7092
697.3685
692.2083
689.8168
684.8952
680.1907
675.6844
671.3603
667.2047
663.2056
659.3525
655.6360
652.0481
648.5814
645.2294
641.9863
640.0029
636.9412
633.9742
631.0976
628.3076
625.6009
622.9742
620.4258
617.9530
615.5530
613.2235
610.9621
608.7665
607.0603
605.0040
603.0043
601.0597
599.1684
597.3290
594.2627
591.3745
588.6261
586.0186
583.5481
581.2102
579.0006
576.9145
574.9473
573.0941
571.3732
569.7801
571.1311
573.4218
577.4251
585.5843
600.5854
613.8825
624.3284
634.0799
643.3714
652.3051
660.9309
669.2827
681.1330
692.5270
703.4943
714.1367
724.4400
734.4052
744.0305
753.2733
762.1821
770.7888
779.1107
787.1637
794.9620
802.4852
809.7640
816.8188
823.6606
830.2984
836.7666
843.0660
849.1968
855.1646
860.9734
866.6356
872.2873
877.9287
883.5596
889.1801
894.7903
900.3901
905.9796
911.5587
917.1275
922.6860
928.2342
933.7722
939.2998
944.8172
950.3243
955.8211
961.3078
966.7842
972.2505
977.7066
983.1525
988.5883
994.0140
999.4296
1004.8357
1010.2324
1015.6197
1020.9976
1026.3662
1031.7254
1037.0753
1042.4159
1047.7472
1053.0693
1058.3821
1063.6856
1068.9794
1074.2633
1079.5374
1084.8017
1090.0563
1095.3011
1100.5361
1105.7614
1110.9771
1116.1830
1121.3792
1126.5658
1131.7423
1136.9088
1142.0651
1147.2115
1152.3478
1157.4741
1162.5903
1167.6966
1172.7921
1177.8766
1182.9502
1188.0128
1193.0645
1198.1052
1203.1349
1208.1538
1213.1617
1218.1588
1223.1449
1228.1202
1233.0847
1238.0384
1242.9812
1247.9133
1252.8346
1257.7453
1262.6453
1267.5347
1272.4134
1277.2815
1282.1390
1286.9860
1291.8224
1296.6482
1301.4635
1306.2683
1309.9489
1313.6314
1317.3152
1320.9993
1324.6828
1328.3645
1332.0442
1335.7217
1339.3941
1343.0614
1346.7250
1350.3863
1354.0432
1357.6958
1361.3454
1364.9905
1368.6698
1372.4814
1376.3854
1380.3655
1384.4170
1388.5349
1392.7173
1396.9626
1401.2658
1405.6285
1410.0460
1414.5157
1419.0378
1423.6101
1428.2333
1432.9062
1437.6281
1442.3982
1447.2158
1452.0800
1456.9782
1461.9101
1466.8745
1471.8751
1476.9112
1481.9849
1487.0955
1492.2425
1497.4258
1502.6450
1507.8994
1513.1879
1518.5055
1523.8487
1529.2146
1534.6004
1540.0016
1545.4189
1550.8537
1556.3059
1561.7755
1567.2620
1572.7647
1578.2828
1562.3310
1543.9960
1523.8114
1502.2149
1479.5707
1456.1803
1432.2947
1408.1227
1383.8376
1359.5827
1335.4758
1311.6132
1304.0691
1280.6213
1257.6524
1235.1926
1213.2650
1191.8868
1171.0695
1150.8200
1131.1415
1112.0334
1093.4927
1075.4994
1076.4333
1070.8716
1065.3499
1059.8696
1054.4313
1055.5451
1056.6503
1057.7472
1058.8357
1059.9159
1060.9879
1062.0518
1063.1084
1064.1577
1065.1998
1066.2347
1067.2626
1061.7500
1062.8180
1063.8785
1064.9317
1065.9775
1067.0161
1068.0475
1069.0694
1070.0818
1071.0848
1072.0785
1073.0629
1074.0381
1068.4495
1069.4611
1070.4632
1071.4559
1072.4392
1073.4132
1074.3783
1075.3345
1076.2819
1077.2205
1078.1505
1079.0718
1079.9847
1074.3214
1075.2722
1076.2141
1077.1473
1078.0717
1078.9873
1079.8941
1080.7919
1081.6810
1082.5613
1083.4329
1084.2960
1085.1505
1079.4270
1080.3201
1081.2044
1082.0798
1079.0233
1079.0419
1079.9406
1080.8335
1081.7207
1082.6024
1083.4784
1084.3490
1085.2140
1079.5106
1077.3359
1078.4476
1075.8788
1072.9075
1069.7952
1066.8222
1064.0147
1061.1883
1058.3491
1055.4854
1052.5941
1049.6782
1046.7411
1043.7867
1040.6860
1038.2101
1035.5580
1032.8203
1030.1016
1027.3639
1024.6295
1021.1656
1017.8316
1014.6049
1011.5787
1008.7395
1007.8339
1006.3494
1004.9628
1003.6530
1002.4110
1001.1761
999.9232
998.7349
997.5727
996.4422
992.2339
990.8064
986.4617
981.8247
977.1111
975.3071
973.5570
971.8716
970.2623
968.7252
967.1318
965.5352
963.9829
962.4854
961.0117
959.3957
957.7683
956.1679
954.6015
952.9752
951.2986
949.6325
944.7521
939.8399
934.8493
929.8560
924.9034
919.9852
915.0958
910.2354
905.4053
900.6068
895.8413
891.1124
886.4287
881.7911
877.2007
872.6737
868.2309
863.9153
859.7257
855.6775
851.7753
848.0359
844.3983
840.8617
837.4108
834.0292
830.6909
827.3740
824.1218
820.8675
817.5896
814.4034
811.0948
807.7671
804.4265
801.1590
797.8459
794.5044
791.1957
787.9232
784.6871
781.5159
778.3964
775.3308
772.3207
769.3676
766.4578
763.5858
761.3169
759.8488
758.5686
757.3356
756.1692
753.4853
750.8260
749.3898
746.7782
745.2974
744.1382
743.0824
742.1571
741.3312
740.4975
739.6995
738.9509
737.7589
736.6138
735.4434
734.2806
733.1511
732.0936
731.0552
730.0799
729.2021
728.4144
727.6649
726.8895
726.3256
725.8369
725.4176
725.0420
724.6955
724.2997
723.9741
723.6687
723.3944
723.1442
722.9131
722.6893
722.4863
722.2884
722.0947
721.9165
721.7525
721.5976
721.4407
721.2879
721.1390
720.9937
720.8520
720.7128
720.5861
720.4587
720.3306
720.1696
720.0070
719.8550
719.7130
719.5795
719.4533
719.2562
719.0652
718.8991
718.7748
718.7022
718.6988
718.7592
718.8785
719.0519
719.2753
719.5450
719.8542
720.1874
720.5131
720.8119
720.9736
721.1359
721.3032
721.4759
721.6543
721.8382
722.0276
722.2221
722.4215
722.6255
722.8338
720.1909
717.5684
714.9662
712.3844
709.8229
713.7710
717.6857
721.5676
725.4172
729.2349
733.0209
736.7758
740.5007
744.1960
747.8621
751.4990
755.1072
752.1890
755.7946
759.3712
762.9194
766.4392
769.9310
773.3951
776.8311
780.2392
783.6198
786.9729
790.2990
793.5980
790.3535
793.6538
796.9271
800.1735
803.3935
806.5872
809.7553
812.8982
816.0160
819.1090
822.1772
825.2210
828.2405
824.7001
827.7264
830.7283
833.7059
836.6597
839.5891
842.4943
845.3756
848.2332
851.0673
853.8780
856.6656
859.4303
855.6209
858.3951
861.1462
863.8743
866.5800
869.2633
871.9245
874.5638
877.1814
879.7774
882.3521
884.9055
887.4380
883.3868
885.9329
888.4577
890.9613
893.4440
895.9060
898.3474
900.7683
903.1685
905.5484
907.9081
910.2477
912.5674
908.3006
910.6370
909.5988
912.0254
914.3328
916.6218
918.8926
921.1453
923.3801
925.5973
927.7970
929.9793
932.1448
927.7298
927.0772
925.8383
924.1056
922.2169
920.6247
918.9964
917.3149
915.5774
913.7865
911.9459
910.0599
908.1334
906.6766
905.5275
904.3528
903.0391
901.7266
900.4231
899.0995
897.8044
895.9226
894.1347
892.4818
891.0197
888.9260
888.7294
888.6565
888.6110
888.6462
888.7491
888.9070
886.5129
884.0150
881.4449
878.8117
876.1016
873.1963
870.2300
869.6796
869.2791
868.9831
868.7186
868.4464
868.2143
868.0390
867.9200
867.7580
867.5863
867.9644
868.3158
868.6165
862.0616
855.5601
849.1833
842.9788
842.5600
842.2503
842.0533
841.9717
841.9675
841.8043
835.4749
829.3616
823.4490
817.7225
812.1766
806.7997
801.9282
797.1907
792.5865
788.1081
783.7993
779.6884
775.8157
772.2437
768.9288
765.8564
763.0075
760.3473
757.8641
755.5037
753.2430
751.0263
748.8014
746.7056
744.5545
742.2944
739.8940
737.3686
734.7516
732.0640
729.3294
726.5402
723.6376
720.7289
717.8230
714.9463
712.1321
709.4017
706.7284
704.1044
702.1636
700.3471
698.5838
696.8615
695.2591
694.4707
693.9042
693.4619
693.0947
691.4835
689.9025
688.3302
686.8239
686.1163
685.5348
685.0549
684.7016
684.4786
684.3552
684.2360
683.6693
683.1954
682.8247
682.5025
682.2089
682.0062
681.9157
681.8798
681.8729
681.9446
682.1161
682.0643
682.1713
682.3393
682.5292
682.7521
682.9829
683.2066
683.4198
683.6285
683.8359
684.0541
684.2803
685.4767
686.6650
687.7664
688.7866
689.8042
690.8138
691.8117
692.7218
693.5521
694.3098
695.0015
695.6331
696.2098
696.7367
697.2180
697.6578
698.0598
698.4273
698.7996
699.2106
699.6533
700.1215
700.6100
701.1515
701.7743
702.5767
703.4958
704.5499
705.7545
707.0856
708.5226
710.0475
711.6448
713.2642
714.8250
716.3327
717.7922
719.1333
720.4066
721.6188
722.7021
723.6729
724.5456
725.3325
726.0443
726.6903
727.2787
727.8165
722.8356
717.7470
712.5962
707.4205
702.2508
697.1123
692.0256
687.0072
682.0704
677.2256
672.4810
667.8427
665.6542
661.2168
656.9573
652.8652
648.9312
645.1467
641.5040
637.9960
634.6163
631.3587
628.2386
625.1924
622.2285
620.4101
617.4973
614.6428
611.8499
609.1215
606.4593
603.8644
601.3373
598.8783
596.4870
594.1629
591.9052
589.7129
588.1591
586.0397
583.9894
582.0057
580.0863
578.2288
576.4310
574.6908
573.0061
571.3751
569.7960
568.2670
566.7863
565.4193
563.9924
562.6161
561.2880
560.0055
558.7667
557.5694
556.4118
555.2922
554.2090
553.1608
552.1460
551.1634
549.9248
548.9786
548.0673
547.1891
546.3419
545.5242
544.7343
543.9710
543.2328
542.5187
541.8274
541.1581
540.5098
539.3589
538.7349
538.1353
537.5584
537.0027
536.4669
535.9498
535.4504
534.9678
534.5011
534.0495
533.6123
533.1888
532.0991
531.6922
531.3028
530.9294
530.5707
530.2258
527.3717
524.6390
522.0240
519.5229
517.1321
514.8478
512.6660
510.5832
508.5955
506.6991
504.8905
503.1660
504.4691
505.8984
507.4341
509.0591
510.7584
512.5188
514.3290
516.1788
518.0598
519.9643
521.8858
523.8186
525.7578
527.6993
529.6394
531.5748
533.5028
535.4211
537.3276
539.2420
541.1401
543.0205
544.8824
546.7250
548.5476
550.3711
552.1723
553.9510
555.7071
557.4404
559.1510
560.8391
562.5047
564.1481
565.7694
567.3689
568.9469
570.5037
572.0395
573.5547
575.0497
576.5247
577.9800
579.4160
580.8331
582.2315
583.6116
584.9737
586.3182
587.6454
588.9556
590.2492
591.5264
592.7875
594.0327
595.2624
596.4768
597.6761
598.8607
600.0308
601.1864
602.3279
603.4554
604.5692
605.6696
606.7566
607.8306
608.8917
609.9402
610.9762
611.9999
613.0116
614.0114
614.9996
615.9764
616.9419
617.8963
618.8397
619.7724
620.6944
621.6058
622.5070
623.3979
624.2788
625.1495
626.0102
626.8610
627.7020
628.5333
629.3552
630.1676
630.9707
631.7647
632.5496
633.3255
634.0926
634.8510
635.6007
636.3419
637.0746
637.7991
638.5152
639.2233
639.9233
640.6154
641.2996
641.9760
642.6448
643.3060
643.9598
644.6062
645.2452
645.8771
646.5019
647.1196
647.7303
648.3342
648.9313
649.5216
650.1053
647.4381
644.7435
642.0436
639.3568
636.6978
634.0786
631.5087
628.9955
626.5447
624.1604
621.8458
619.6027
616.7239
613.8828
611.0874
608.3440
605.6573
603.0312
600.4681
597.9700
595.5380
593.1726
590.8739
588.6417
587.1066
584.9488
582.8622
580.8446
578.8939
577.0078
575.1843
573.4213
571.7167
570.0685
568.4749
566.9339
565.4438
564.0936
562.6598
561.2789
559.9484
558.6658
557.4287
556.2350
555.0828
553.9702
552.8955
551.8570
550.8534
549.8830
548.6587
547.7255
546.8282
545.9646
545.1328
544.3310
543.5576
542.8112
542.0903
541.3938
540.7205
540.0694
539.4394
538.2994
537.6937
537.1124
536.5538
536.0164
535.4988
534.9998
534.5182
534.0533
533.6040
533.1696
532.7494
532.3428
531.2599
530.8695
530.4962
530.1387
529.7958
529.4662
529.1492
528.8437
528.5492
528.2648
527.9901
527.7244
527.4672
526.4236
526.1774
525.9438
525.7213
525.5091
525.3061
525.1115
524.9247
524.7449
524.5716
524.4044
524.2429
524.0866
523.0699
522.9210
522.7815
522.6502
522.5262
522.4086
522.2970
522.1907
522.0891
521.9920
521.8988
521.8092
521.7230
520.7254
520.6446
520.5713
520.5044
520.4431
520.3865
520.3340
520.2850
520.2391
520.1958
520.1548
520.1159
520.0788
519.0953
519.0619
519.0346
519.0122
518.9940
518.9792
518.9672
518.9575
518.9497
518.9434
518.9383
518.9342
518.9309
517.9572
517.9565
517.9607
517.9692
517.9810
517.9955
518.0122
518.0304
518.0499
518.0703
518.0912
518.1126
518.1341
517.1686
517.1923
517.2203
517.2516
517.2854
517.3212
517.3583
517.3964
517.4349
517.4736
517.5123
517.5506
517.5885
516.6289
516.6682
516.7115
516.7578
516.8063
516.8565
516.9077
516.9596
517.0117
517.0638
517.1156
517.1669
517.2175
516.2631
516.3370
516.4120
516.4877
516.5632
516.6382
516.7122
516.7851
516.8565
516.9263
516.9945
517.0608
517.1251
516.1748
516.2389
516.3056
516.3741
516.4435
516.5135
516.5835
516.6532
516.7222
516.7904
516.8575
516.9235
516.9882
516.0421
516.1072
516.1755
516.2459
516.3178
516.3906
516.4637
516.5368
516.6096
516.6817
516.7529
516.8230
516.8918
515.9490
516.0183
516.0906
516.1651
516.2410
516.3177
516.3947
516.4717
516.5481
516.6237
516.6983
516.7715
516.8433
515.9018
515.9737
516.0484
516.1250
516.2029
516.2814
516.3601
516.4384
516.5162
516.5931
516.6690
516.7436
516.8168
515.8763
515.9496
516.0259
516.1041
516.1835
516.2637
516.3440
516.4237
516.5026
516.5803
516.6566
516.7314
516.8045
515.8633
515.9359
516.0111
516.0880
516.1659
516.2442
516.3224
516.4002
516.4771
516.5530
516.6275
516.7006
516.7721
515.8283
515.8995
515.9734
516.0491
516.1259
516.2031
516.2802
516.3568
516.4326
516.5073
516.5807
516.6525
516.7228
515.7768
515.8467
515.9193
515.9937
516.0691
516.1450
516.2209
516.2963
516.3710
516.4445
516.5168
516.5876
516.6568
515.7087
515.7777
515.8494
515.9229
515.9976
516.0728
516.1481
516.2229
516.2970
516.3700
516.4419
516.5123
516.5811
515.6314
515.7002
515.7716
515.8450
515.9194
515.9943
516.0692
516.1437
516.2174
516.2900
516.3614
516.4314
516.4997
515.5479
515.6162
515.6874
515.7604
515.8347
515.9096
515.9845
516.0591
516.1330
516.2059
516.2777
516.3481
516.4170
515.4653
515.5345
515.6066
515.6807
515.7560
515.8321
515.9083
515.9843
516.0596
516.1341
516.2074
516.2795
516.3501
515.3987
515.4695
515.5432
515.6188
515.6956
515.7730
515.8505
515.9277
516.0042
516.0798
516.1542
516.2272
516.2988
515.3474
515.4193
515.4939
515.5705
515.6483
515.7267
515.8052
515.8833
515.9608
516.0373
516.1128
516.1869
516.2597
515.3084
515.4202
515.5628
515.7509
515.9913
516.2730
516.5870
516.9256
517.2824
517.6522
518.0305
518.4138
518.7991
517.8268
518.2827
518.7278
519.1264
519.5202
519.9083
520.2894
520.6631
520.9932
521.2506
521.4475
521.6290
521.8324
520.8346
521.1273
521.4013
521.6378
521.8456
522.0317
522.2019
522.3609
522.5122
522.6588
522.8029
522.9463
523.0902
522.0810
522.2536
522.4767
522.7380
523.0275
523.3370
523.6597
523.9901
524.3238
524.6572
524.9875
525.3124
525.6302
524.5992
524.9795
525.3423
525.6881
526.0174
531.4609
536.8595
542.2140
547.5251
552.7933
558.0191
563.2030
568.3455
566.9643
572.0796
577.1559
581.7489
580.9953
579.9496
579.0450
578.1442
577.1621
576.1311
575.0628
573.9674
572.8534
571.7291
570.5928
569.4509
569.5892
569.7059
569.8474
570.0223
570.2482
570.5169
570.8410
570.9030
571.0721
571.3475
571.7554
572.3033
574.4250
576.3920
578.4249
580.5567
582.7884
585.1263
587.5775
590.0943
592.6874
595.3603
596.6124
599.3021
600.4965
601.4294
602.3194
604.8541
607.5013
610.1603
612.8552
615.5987
616.5336
617.3832
618.1650
620.6409
623.2243
625.8388
628.4290
631.0134
633.6192
636.2528
638.9099
641.5348
644.1686
644.8068
645.3631
645.8416
646.2506
648.1354
650.1231
652.1150
652.3214
652.4872
652.6133
652.7014
652.7517
652.7690
652.7509
652.7025
652.6455
652.6054
652.6212
652.6812
652.7930
652.9521
653.1421
653.3621
653.5979
653.8299
654.0558
654.2821
654.5370
654.7390
654.8651
654.8772
654.7852
654.5943
654.3180
653.9675
653.5626
653.1002
652.5873
652.0938
651.7874
652.2567
652.7793
653.3295
653.9371
654.7943
655.6816
656.3761
657.0561
657.7474
658.4618
659.1950
659.9410
660.7026
661.4711
662.2606
661.7680
662.2559
662.9132
663.6039
664.3504
665.1367
665.9601
666.7570
667.5187
667.8575
668.2031
668.5539
668.8471
669.1467
669.5164
669.9732
670.4316
670.9351
671.5468
672.2490
672.5171
672.8764
673.2711
673.6751
674.0833
674.4799
674.8619
675.2344
675.5298
675.8694
676.1969
676.4845
676.7946
677.1026
677.4077
677.7093
678.0061
678.2977
678.5631
678.8228
679.0757
679.3189
679.5554
679.7862
680.0128
680.2470
680.4759
680.6800
680.8773
681.0715
681.2618
681.4470
681.6356
681.8300
681.9549
682.1065
682.2801
682.4854
682.7407
683.0426
683.4065
683.8286
684.3055
684.8322
685.4043
686.0151
686.6486
687.2701
687.8797
688.4626
689.0301
689.5840
690.0444
690.5039
690.9658
691.4307
691.8975
692.3661
692.8361
693.3075
690.9148
688.5404
686.1845
683.8469
688.0158
692.1507
696.2520
700.3201
704.3555
708.3584
712.3293
716.2684
720.1759
724.0521
727.8972
731.7114
728.9959
732.8035
736.5802
740.3264
744.0424
747.7284
