0.0000
0.0000
0.0000
0.0000
0.0000
0.0000
0.0000
0.0000
0.0000
0.0000
0.0000
0.0000
0.0000
0.0000
0.0000
0.0000
0.0000
0.0000
0.0000
0.0000
0.0000
0.0000
0.0000
0.0000
0.0000
0.0000
0.0000
0.0000
0.0000
0.0000
0.0000
0.0000
0.0000
0.0000
0.0000
0.0000
0.0000
0.0000
0.0000
0.0000
0.0000
0.0000
0.0000
0.0000
0.0000
0.0000
0.0000
0.0000
0.0000
0.0000
0.0000
0.0000
0.0000
0.0000
0.0000
0.0000
0.0000
0.0000
0.0000
0.0000
0.0000
0.0623
0.0623
0.0623
0.0623
0.0623
0.0623
0.0623
0.0623
0.0623
0.0623
0.0623
0.0623
0.0623
0.0623
0.0623
0.0623
0.0623
0.0623
0.0623
0.0623
0.0623
0.0623
0.0623
0.0623
0.0623
0.0776
0.1044
0.1079
0.1105
0.1129
0.1191
0.1307
0.1232
0.1251
0.1310
0.1373
0.1379
0.1401
0.1366
0.1422
0.1435
0.1447
0.1461
0.1388
0.1400
0.1370
0.1391
0.1387
0.1374
0.0623
0.0623
0.0623
0.0623
0.0623
0.0623
0.0623
0.1274
0.1402
0.1434
0.1459
0.1478
0.0623
0.0623
0.0623
0.0623
0.0623
0.0623
0.0623
0.0623
0.0623
0.0623
0.0623
0.0623
0.0623
0.0623
0.0623
0.0623
0.0623
0.0623
0.0623
0.0623
0.0623
0.0623
0.0623
0.0623
0.0623
0.0623
0.0623
0.0623
0.0623
0.0623
0.0623
0.0623
0.0623
0.0623
0.0623
0.0623
0.0623
0.0623
0.0623
0.0623
0.0623
0.0623
0.0623
0.0623
0.0623
0.0623
0.0623
0.0623
0.0627
0.0649
0.0652
0.0652
0.0650
0.0647
0.0644
0.1812
0.1897
0.1912
0.1918
0.1910
0.1904
0.1898
0.1882
0.1879
0.1833
0.1881
0.1878
0.1876
0.1875
0.1875
0.1876
0.1868
0.1861
0.1893
0.1886
0.1878
0.1869
0.1895
0.1874
0.1855
0.1833
0.1810
0.1741
0.1633
0.1603
0.1588
0.1565
0.1542
0.1524
0.1465
0.0623
0.1179
0.1424
0.1425
0.1417
0.1405
0.1347
0.0623
0.0994
0.1319
0.1322
0.1315
0.0623
0.0623
0.0623
0.0623
0.0623
0.0623
0.0623
0.0623
0.0623
0.0623
0.0623
0.0623
0.0816
0.1104
0.1121
0.1089
0.1088
0.1087
0.0623
0.0623
0.0623
0.0623
0.0623
0.0623
0.0623
0.0623
0.0623
0.0623
0.0623
0.0623
0.0833
0.0996
0.1007
0.1023
0.1030
0.1036
0.1041
0.1046
0.1049
0.1052
0.1055
0.0000
0.0000
0.0000
0.0000
0.0000
0.0000
0.0000
0.0000
0.0000
0.0000
0.0000
0.0000
0.0000
0.0000
0.0000
0.0000
0.0000
0.0000
0.0000
0.0000
0.0000
0.0000
0.0000
0.0000
0.0000
0.0000
0.0000
0.0000
0.0000
0.0000
0.0623
0.0623
0.0623
0.0623
0.0623
0.0623
0.0623
0.0623
0.0623
0.0623
0.0623
0.0623
0.0000
0.0000
0.0000
0.0623
0.0623
0.0623
0.0623
0.0623
0.0623
0.0623
0.0623
0.0623
0.0623
0.0623
0.0623
0.0000
0.0623
0.0623
0.0623
0.0623
0.0623
0.0623
0.0623
0.0623
0.0623
0.0623
0.0623
0.0623
0.0000
0.0623
0.0623
0.0623
0.0623
0.0623
0.0623
0.0623
0.0623
0.0623
0.0623
0.0623
0.0623
0.0000
0.0978
0.0641
0.0633
0.0639
0.0645
0.0650
0.0656
0.0661
0.0666
0.0671
0.0684
0.0699
0.1551
0.0623
0.0623
0.0623
0.0623
0.0623
0.0623
0.0623
0.0623
0.0623
0.0623
0.0623
0.0623
0.1386
0.1457
0.1488
0.1511
0.1616
0.1595
0.1624
0.1722
0.1743
0.1764
0.1785
0.1804
0.1837
0.1857
0.1838
0.1861
0.1841
0.1860
0.1878
0.1895
0.1913
0.1929
0.1913
0.0695
0.0653
0.0639
0.0640
0.0642
0.0646
0.0650
0.0653
0.0657
0.0661
0.0665
0.0669
0.0674
0.0683
0.0683
0.0689
0.0696
0.0700
0.0710
0.0716
0.0732
0.0744
0.0756
0.0769
0.0773
0.0777
0.0779
0.0781
0.0783
0.0785
0.0785
0.0783
0.0781
0.0778
0.0781
0.0772
0.0782
0.0786
0.0786
0.0786
0.0785
0.0784
0.0789
0.0799
0.0811
0.0825
0.0841
0.0857
0.0880
0.0901
0.0922
0.0942
0.0964
0.0984
0.1002
0.1016
0.1029
0.1047
0.1063
0.1078
0.1091
0.1104
0.1117
0.1129
0.1142
0.1156
0.1166
0.1171
0.1171
0.2434
0.2543
0.2577
0.2602
0.2623
0.2655
0.2620
0.2637
0.2642
0.2644
0.2645
0.2643
0.2640
0.2636
0.2630
0.2623
0.2616
0.2603
0.2592
0.2580
0.2612
0.2637
0.2616
0.2592
0.2567
0.2496
0.2467
0.2405
0.2289
0.2256
0.2212
0.2183
0.2146
0.2071
0.2042
0.2014
0.1986
0.2002
0.1976
0.1905
0.0689
0.1800
0.1798
0.1824
0.1804
0.1745
0.0623
0.0623
0.0623
0.0623
0.0623
0.0623
0.0623
0.0623
0.0623
0.0623
0.0948
0.1464
0.1541
0.1552
0.1557
0.1525
0.1515
0.1517
0.1518
0.0623
0.0623
0.0623
0.0623
0.0623
0.0623
0.0623
0.0623
0.0623
0.1361
0.1445
0.1462
0.1476
0.1486
0.1483
0.1498
0.1502
0.1506
0.1508
0.1510
0.1511
0.1512
0.0000
0.0000
0.0000
0.0000
0.0000
0.0623
0.0623
0.0623
0.0623
0.0623
0.0623
0.0623
0.0623
0.0623
0.0623
0.0623
0.0623
0.0000
0.0623
0.0623
0.0623
0.0623
0.0623
0.0623
0.0623
0.0623
0.0623
0.0623
0.0623
0.0623
0.0000
0.0623
0.0623
0.0623
0.0623
0.0623
0.0623
0.0623
0.0623
0.0623
0.0623
0.0623
0.0623
0.0000
0.0623
0.0623
0.0623
0.0623
0.0623
0.0623
0.0623
0.0623
0.0623
0.0623
0.0623
0.0623
0.0000
0.0623
0.0623
0.0623
0.0623
0.0623
0.0623
0.0623
0.0623
0.0623
0.0623
0.0623
0.0623
0.0000
0.0623
0.0623
0.0623
0.0623
0.0623
0.0623
0.0623
0.0623
0.0623
0.0623
0.0623
0.0623
0.0000
0.0623
0.1184
0.0757
0.0740
0.0739
0.0738
0.0738
0.0739
0.0739
0.0740
0.0741
0.0750
0.0000
0.2150
0.0623
0.0623
0.0623
0.0623
0.0623
0.0623
0.0623
0.0623
0.0623
0.0623
0.0623
0.2069
0.1577
0.1600
0.1614
0.1628
0.1645
0.1617
0.1730
0.1823
0.1842
0.1858
0.1875
0.1886
0.1867
0.1924
0.1953
0.1959
0.1977
0.1950
0.1922
0.1937
0.1952
0.1957
0.1951
0.1897
0.0738
0.0691
0.0679
0.0674
0.0673
0.0668
0.0662
0.0656
0.0650
0.0645
0.0639
0.0634
0.0625
0.0624
0.0623
0.0623
0.0623
0.0623
0.0623
0.0629
0.0649
0.0664
0.0680
0.0695
0.0712
0.0728
0.0745
0.0762
0.0779
0.0777
0.0778
0.0783
0.0787
0.0791
0.0782
0.0780
0.0782
0.0785
0.0789
0.0792
0.0797
0.0806
0.0820
0.0837
0.0857
0.0879
0.0899
0.0924
0.0952
0.0982
0.1014
0.1048
0.1083
0.1118
0.1155
0.1193
0.1231
0.1270
0.1309
0.1341
0.1369
0.1397
0.1430
0.1459
0.2704
0.2793
0.2944
0.2999
0.3048
0.3095
0.3114
0.3114
0.3114
0.3114
0.3114
0.3114
0.3114
0.3114
0.3114
0.3114
0.3114
0.3114
0.3114
0.3114
0.3114
0.3114
0.3114
0.3114
0.3114
0.3114
0.3114
0.3114
0.3114
0.3114
0.3114
0.3114
0.3114
0.3114
0.3042
0.2931
0.2854
0.2744
0.1467
0.1348
0.2520
0.2495
0.2449
0.2351
0.1088
0.0976
0.0892
0.2059
0.2035
0.2012
0.0754
0.0682
0.0636
0.0623
0.0623
0.0623
0.0623
0.0623
0.0623
0.1412
0.1627
0.1646
0.1693
0.1693
0.1689
0.1695
0.0623
0.0623
0.0623
0.0623
0.0623
0.0623
0.0623
0.0623
0.0623
0.0906
0.1460
0.1501
0.1519
0.1531
0.1582
0.1582
0.1597
0.1602
0.1605
0.1608
0.1610
0.1611
0.1612
0.1613
0.1613
0.0000
0.0000
0.0000
0.0000
0.0000
0.0623
0.0623
0.0623
0.0623
0.0623
0.0623
0.0623
0.0623
0.0623
0.0623
0.0623
0.0623
0.0000
0.0623
0.0623
0.0623
0.0623
0.0623
0.0623
0.0623
0.0623
0.0623
0.0623
0.0623
0.0623
0.0000
0.0623
0.0623
0.0623
0.0623
0.0623
0.0623
0.0623
0.0623
0.0623
0.0623
0.0623
0.0623
0.0000
0.0623
0.0623
0.0623
0.0623
0.0623
0.0623
0.0623
0.0623
0.0623
0.0623
0.0623
0.0623
0.0000
0.0623
0.0623
0.0623
0.0623
0.0623
0.0623
0.0623
0.0623
0.0623
0.0623
0.0623
0.0623
0.0000
0.0623
0.0623
0.0623
0.0623
0.0623
0.0623
0.0623
0.0623
0.0623
0.0623
0.0623
0.0623
0.0000
0.0623
0.0926
0.0650
0.0648
0.0651
0.0654
0.0658
0.0661
0.0665
0.0670
0.0674
0.0694
0.0000
0.2073
0.0623
0.0623
0.0623
0.0623
0.0623
0.0623
0.0623
0.0623
0.0623
0.0623
0.0623
0.1638
0.1566
0.1591
0.1620
0.1651
0.1719
0.1698
0.1773
0.1783
0.1802
0.1908
0.1929
0.1898
0.1971
0.1988
0.2007
0.2027
0.2047
0.2063
0.2047
0.2005
0.2018
0.1974
0.1965
0.1961
0.0784
0.0732
0.0719
0.0710
0.0704
0.0705
0.1896
0.1959
0.1996
0.2026
0.2053
0.2078
0.0913
0.0883
0.0872
0.0874
0.0880
0.0885
0.0892
0.0899
0.0900
0.0905
0.0913
0.0915
0.0916
0.0918
0.0920
0.0922
0.0924
0.0926
0.0930
0.0930
0.0932
0.0934
0.0936
0.0938
0.0938
0.0939
0.0940
0.0940
0.0942
0.0948
0.0957
0.0969
0.0983
0.0999
0.1017
0.1036
0.1058
0.1080
0.1102
0.1126
0.1150
0.1178
0.1207
0.1236
0.1264
0.1292
0.1319
0.1341
0.1359
0.1377
0.1398
0.2630
0.2703
0.2753
0.2797
0.2836
0.2871
0.2904
0.2935
0.3010
0.3037
0.3081
0.3091
0.3114
0.3114
0.3114
0.3114
0.3114
0.3114
0.3114
0.3114
0.3114
0.3114
0.3114
0.3114
0.3114
0.3085
0.3050
0.3014
0.2976
0.2892
0.2850
0.2808
0.2712
0.2652
0.2548
0.2490
0.2435
0.2381
0.2294
0.1053
0.2165
0.2200
0.2174
0.2101
0.0870
0.1982
0.2020
0.1995
0.1967
0.1940
0.0684
0.0623
0.0623
0.0623
0.0623
0.0623
0.0623
0.0623
0.0623
0.0623
0.0623
0.1144
0.1570
0.1597
0.1604
0.1606
0.1616
0.1602
0.1603
0.1605
0.1561
0.0623
0.0623
0.0623
0.0623
0.0623
0.0623
0.0623
0.0623
0.0623
0.0702
0.1437
0.1472
0.1500
0.1513
0.1523
0.1530
0.1536
0.1540
0.1544
0.1546
0.1548
0.0000
0.0000
0.0000
0.0000
0.0000
0.0623
0.0623
0.0623
0.0623
0.0623
0.0623
0.0623
0.0623
0.0623
0.0623
0.0623
0.0623
0.0000
0.0623
0.0623
0.0623
0.0623
0.0623
0.0623
0.0623
0.0623
0.0623
0.0623
0.0623
0.0623
0.0000
0.0623
0.0623
0.0623
0.0623
0.0623
0.0623
0.0623
0.0623
0.0623
0.0623
0.0623
0.0623
0.0000
0.0623
0.0623
0.0623
0.0623
0.0623
0.0623
0.0623
0.0623
0.0623
0.0623
0.0623
0.0623
0.0000
0.0623
0.0623
0.0623
0.0623
0.0623
0.0623
0.0623
0.0623
0.0623
0.0623
0.0623
0.0623
0.0000
0.0623
0.0623
0.0623
0.0623
0.0623
0.0623
0.0623
0.0623
0.0623
0.0623
0.0623
0.0623
0.0000
0.0623
0.0623
0.0623
0.0623
0.0623
0.0623
0.0623
0.0623
0.0623
0.0623
0.0623
0.0623
0.0000
0.0623
0.0623
0.0623
0.0623
0.0623
0.0623
0.0623
0.0623
0.0623
0.0623
0.0623
0.0623
0.0623
0.0623
0.0623
0.0623
0.0623
0.0623
0.0623
0.0623
0.0623
0.0623
0.0623
0.0623
0.0623
0.0623
0.0623
0.0623
0.0623
0.0623
0.0623
0.0623
0.0623
0.0623
0.0623
0.0623
0.0623
0.0623
0.0623
0.0659
0.0682
0.0700
0.0716
0.0731
0.0741
0.0753
0.0766
0.0779
0.0790
0.0801
0.0812
0.0822
0.0833
0.0836
0.0841
0.0855
0.0865
0.0873
0.0880
0.0886
0.0889
0.0892
0.0893
0.0894
0.0894
0.0895
0.0897
0.0901
0.0893
0.0891
0.0894
0.0897
0.0884
0.0879
0.0880
0.0881
0.0883
0.0884
0.0886
0.0891
0.0899
0.0910
0.0922
0.0936
0.0953
0.0971
0.0985
0.1003
0.1023
0.1045
0.1071
0.1099
0.1129
0.1160
0.1192
0.1224
0.1256
0.1287
0.1320
0.1351
0.1383
0.1415
0.1433
0.1445
0.1453
0.1459
0.1461
0.1461
0.1463
0.1460
0.1453
0.1445
0.1434
0.1420
0.1425
0.1435
0.1447
0.1459
0.1472
0.1485
0.1497
0.1510
0.1522
0.1535
0.1546
0.1557
0.1552
0.1538
0.1523
0.1505
0.1486
0.1465
0.0623
0.0623
0.0623
0.0623
0.0623
0.0623
0.0623
0.0623
0.0623
0.0623
0.0623
0.0623
0.0000
0.0623
0.0623
0.0623
0.0623
0.0623
0.0623
0.0623
0.0623
0.0623
0.0623
0.0623
0.0623
0.0000
0.0623
0.0623
0.0623
0.0623
0.0623
0.0623
0.0623
0.0623
0.0623
0.0623
0.0623
0.0623
0.0000
0.0623
0.0623
0.0623
0.0623
0.0623
0.0623
0.0623
0.0623
0.0623
0.0623
0.0623
0.0623
0.0000
0.0623
0.0623
0.0623
0.0623
0.0623
0.0623
0.0623
0.0623
0.0623
0.0623
0.0623
0.0623
0.0000
0.0623
0.0623
0.0623
0.0623
0.0623
0.0623
0.0623
0.0623
0.0623
0.0623
0.0623
0.0623
0.0000
0.0623
0.0623
0.0623
0.0623
0.0623
0.0623
0.0623
0.0623
0.0623
0.0623
0.0623
0.0623
0.0000
0.0623
0.0623
0.0623
0.0623
0.0623
0.0623
0.0623
0.0623
0.0623
0.0623
0.0623
0.0623
0.0000
0.0623
0.0623
0.0623
0.0623
0.0623
0.0623
0.0623
0.0623
0.0623
0.0623
0.0623
0.0623
0.0000
0.0623
0.0623
0.0623
0.0623
0.0623
0.0623
0.0623
0.0623
0.0623
0.0623
0.0623
0.0623
0.0000
0.0623
0.0623
0.0623
0.0623
0.0623
0.0623
0.0623
0.0623
0.0623
0.0623
0.0623
0.0623
0.0000
0.0623
0.0623
0.0623
0.0623
0.0623
0.0623
0.0623
0.0623
0.0623
0.0623
0.0623
0.0623
0.0000
0.0623
0.0623
0.0623
0.0623
0.0623
0.0623
0.0623
0.0623
0.0623
0.0623
0.0623
0.0623
0.0000
0.0623
0.0623
0.0623
0.0623
0.0623
0.0623
0.0623
0.0623
0.0623
0.0623
0.0623
0.0623
0.0000
0.0623
0.0623
0.0623
0.0623
0.0623
0.0623
0.0623
0.0623
0.0623
0.0623
0.0623
0.0623
0.0000
0.0623
0.0623
0.0623
0.0623
0.0623
0.0623
0.0623
0.0623
0.0623
0.0623
0.0623
0.0623
0.0000
0.0623
0.0623
0.0623
0.0623
0.0623
0.0623
0.0623
0.0623
0.0623
0.0623
0.0623
0.0623
0.0000
0.0623
0.0623
0.0623
0.0623
0.0623
0.0623
0.0623
0.0623
0.0623
0.0623
0.0623
0.0623
0.0000
0.0623
0.0623
0.0623
0.0623
0.0623
0.0623
0.0623
0.0623
0.0623
0.0623
0.0623
0.0623
0.0000
0.0623
0.0623
0.0623
0.0623
0.0623
0.0623
0.0623
0.0623
0.0623
0.0623
0.0623
0.0623
0.0000
0.0623
0.0623
0.0623
0.0623
0.0623
0.0623
0.0623
0.0623
0.0623
0.0623
0.0623
0.0623
0.0000
0.0623
0.0623
0.0623
0.0623
0.0623
0.0623
0.0623
0.0623
0.0623
0.0623
0.0623
0.0623
0.0000
0.0623
0.0623
0.0623
0.0623
0.0623
0.0623
0.0623
0.0623
0.0623
0.0623
0.0623
0.0623
0.0000
0.0623
0.0623
0.0623
0.0623
0.0623
0.0623
0.0623
0.0623
0.0623
0.0623
0.0623
0.0623
0.0000
0.0623
0.0623
0.0623
0.0623
0.0623
0.0623
0.0623
0.0623
0.0623
0.0623
0.0623
0.0623
0.0000
0.0623
0.0623
0.0623
0.0623
0.0623
0.0623
0.0623
0.0623
0.0623
0.0623
0.0623
0.0623
0.0000
0.0623
0.0623
0.0623
0.0623
0.0623
0.0623
0.0623
0.0623
0.0623
0.0623
0.0623
0.0623
0.0000
0.0623
0.0623
0.0623
0.0623
0.0623
0.0623
0.0623
0.0623
0.0623
0.0623
0.0623
0.0623
0.0000
0.0623
0.0623
0.0623
0.0623
0.0623
0.0623
0.0623
0.0623
0.0623
0.0623
0.0623
0.0623
0.0000
0.0623
0.0623
0.0623
0.0623
0.0623
0.0623
0.0623
0.3114
0.3114
0.3114
0.3114
0.3114
0.0000
0.3114
0.3114
0.3114
0.3114
0.3114
0.3114
0.3114
0.3114
0.3114
0.3114
0.3114
0.3114
0.0000
0.3114
0.3114
0.3114
0.3114
0.3114
0.3114
0.3114
0.3114
0.3114
0.3114
0.3114
0.3114
0.0000
0.3114
0.3114
0.3114
0.3114
0.3114
0.3114
0.3114
0.3114
0.3114
0.3114
0.3114
0.3114
0.0000
0.3114
0.3114
0.3114
0.3114
0.3114
0.3114
0.3114
0.3114
0.3114
0.3114
0.3114
0.3114
0.0000
0.3114
0.3114
0.3114
0.3114
0.3114
0.3114
0.3114
0.3114
0.3114
0.3114
0.3114
0.3114
0.3114
0.3114
0.3114
0.3114
0.3114
0.3114
0.3114
0.3114
0.3114
0.3114
0.3114
0.3114
0.3114
0.3114
0.3114
0.3114
0.3114
0.3114
0.3114
0.3114
0.3114
0.3114
0.3114
0.3114
0.3114
0.3114
0.3114
0.3114
0.3114
0.3114
0.3114
0.3114
0.3114
0.3114
0.3114
0.3114
0.3114
0.3114
0.3114
0.3114
0.3114
0.3114
0.3114
0.3114
0.3114
0.3114
0.3114
0.3114
0.3114
0.3114
0.3114
0.3114
0.3114
0.3114
0.3114
0.3114
0.3114
0.3114
0.3114
0.3114
0.3114
0.3114
0.3114
0.3114
0.3114
0.3114
0.3114
0.3114
0.3114
0.3114
0.3114
0.3114
0.3114
0.3114
0.3114
0.3114
0.3114
0.3114
0.3114
0.3114
0.3114
0.3114
0.3114
0.3114
0.3114
0.3114
0.3114
0.3114
0.3114
0.3114
0.3114
0.3114
0.3114
0.3114
0.3114
0.3114
0.3114
0.3114
0.3114
0.3114
0.3114
0.3114
0.3114
0.3114
0.3114
0.3114
0.3114
0.3114
0.3114
0.3114
0.3114
0.3114
0.3114
0.3114
0.3114
0.3114
0.3114
0.3114
0.3114
0.3114
0.3114
0.3114
0.3114
0.3114
0.3114
0.3114
0.3114
0.3114
0.3114
0.3114
0.3114
0.3114
0.3114
0.3114
0.3114
0.3114
0.3114
0.3114
0.3114
0.3114
0.3114
0.3114
0.3114
0.3114
0.3114
0.3114
0.3114
0.3114
0.3114
0.3114
0.3114
0.3114
0.3114
0.3114
0.3114
0.3114
0.3114
0.3114
0.3114
0.3114
0.3114
0.3114
0.3114
0.3114
0.3114
0.3114
0.3114
0.3114
0.3114
0.3114
0.3114
0.3114
0.3114
0.3114
0.3114
0.3114
0.3114
0.3114
0.3114
0.3114
0.3114
0.3114
0.3114
0.3114
0.3114
0.3114
0.3114
0.3114
0.3114
0.3114
0.3114
0.3114
0.3114
0.3114
0.0000
0.0623
0.0623
0.0623
0.0623
0.0623
0.0623
0.0623
0.0623
0.0623
0.0623
0.0623
0.3114
0.0000
0.3114
0.3114
0.3114
0.3114
0.3114
0.3114
0.3114
0.3114
0.3114
0.3114
0.3114
0.3114
0.0000
0.3114
0.3114
0.3114
0.3114
0.3114
0.3114
0.3114
0.3114
0.3114
0.3114
0.3114
0.3114
0.0000
0.3114
0.3114
0.3114
0.3114
0.3114
0.3114
0.3114
0.3114
0.3114
0.3114
0.3114
0.3114
0.0000
0.3114
0.3114
0.3114
0.3114
0.3114
0.3114
0.3114
0.3114
0.3114
0.3114
0.3114
0.3114
0.0000
0.3114
0.3114
0.3114
0.3114
0.3114
0.3114
0.3114
0.3114
0.3114
0.3114
0.3114
0.3114
0.0000
0.3114
0.3114
0.3114
0.3114
0.3114
0.3114
0.3114
0.3114
0.3114
0.3114
0.3114
0.3114
0.3114
0.3114
0.3114
0.3114
0.3114
0.3114
0.1914
0.0623
0.0623
0.0623
0.0623
0.0623
0.0623
0.0623
0.0623
0.0623
0.0623
0.0623
0.0623
0.0623
0.0623
0.0623
0.0623
0.0623
0.0623
0.0623
0.0623
0.0623
0.0623
0.0623
0.0623
0.0623
0.0623
0.0623
0.0623
0.0623
0.0623
0.0623
0.0623
0.0623
0.0623
0.0623
0.0623
0.0623
0.0623
0.0623
0.0623
0.0623
0.0623
0.0623
0.0623
0.0623
0.0623
0.0623
0.0623
0.0623
0.0623
0.0623
0.0623
0.0623
0.0623
0.0623
0.0623
0.0623
0.0623
0.0623
0.0623
0.0623
0.0623
0.0623
0.0623
0.0623
0.0623
0.0623
0.0623
0.0623
0.0623
0.0623
0.0623
0.0623
0.0623
0.0623
0.0623
0.0623
0.0623
0.0623
0.0623
0.0623
0.0623
0.0623
0.0623
0.0623
0.0623
0.0623
0.0623
0.0623
0.0623
0.0623
0.0623
0.0623
0.0623
0.0623
0.0623
0.0623
0.0623
0.0623
0.0623
0.0623
0.0623
0.0623
0.0623
0.0623
0.0623
0.0623
0.0623
0.0623
0.0623
0.0623
0.0623
0.0623
0.0623
0.0623
0.0623
0.0623
0.0623
0.0623
0.0623
0.0623
0.0623
0.0623
0.0623
0.0623
0.0623
0.0623
0.0623
0.0623
0.0623
0.0623
0.0623
0.0623
0.0623
0.0623
0.0623
0.0623
0.0623
0.0623
0.0623
0.0623
0.0623
0.0623
0.0623
0.0623
0.0623
0.0623
0.0623
0.0623
0.0623
0.0623
0.0623
0.0623
0.0623
0.0623
0.0623
0.0623
0.0623
0.0623
0.0623
0.0623
0.0623
0.0623
0.0623
0.0623
0.0623
0.0623
0.0623
0.0623
0.0623
0.0623
0.0623
0.0623
0.0623
0.0623
0.0623
0.0623
0.0623
0.3114
0.3114
0.3114
0.3114
0.3114
0.3114
0.3114
0.3114
0.3114
0.3114
0.3114
0.3114
0.0000
0.3114
0.3114
0.3114
0.3114
0.3114
0.3114
0.3114
0.3114
0.3114
0.3114
0.3114
0.3114
0.0000
0.3114
0.3114
0.3114
0.3114
0.3114
0.3114
0.3114
0.3114
0.3114
0.3114
0.3114
0.3114
0.0000
0.3114
0.3114
0.3114
0.3114
0.3114
0.3114
0.3114
0.3114
0.3114
0.3114
0.3114
0.3114
0.0000
0.3114
0.3114
0.3114
0.3114
0.3114
0.3114
0.3114
0.3114
0.3114
0.3114
0.3114
0.3114
0.0000
0.3114
0.3114
0.3114
0.3114
0.3114
0.3114
0.3114
0.3114
0.3114
0.3114
0.3114
0.3114
0.0000
0.3114
0.3114
0.3114
0.3114
0.3114
0.3114
0.3114
0.3114
0.3114
0.3114
0.3114
0.3114
0.0000
0.3114
0.3114
0.3114
0.3114
0.3114
0.3114
0.3114
0.3114
0.3114
0.3114
0.3114
0.3114
0.3114
0.3114
0.3114
0.3114
0.3114
0.3114
0.1625
0.0623
0.0623
0.0623
0.0623
0.0623
0.0623
0.0623
0.0623
0.0623
0.0623
0.0623
0.0623
0.0623
0.0623
0.0623
0.0623
0.0623
0.0623
0.0623
0.0623
0.0623
0.0623
0.0623
0.0623
0.0623
0.0623
0.0623
0.0623
0.0623
0.0623
0.0623
0.0623
0.0623
0.0623
0.0623
0.0623
0.0623
0.0623
0.0623
0.0623
0.0623
0.0623
0.0623
0.0623
0.0623
0.0623
0.0623
0.0623
0.0623
0.0623
0.0623
0.0623
0.0623
0.0623
0.0623
0.0623
0.0623
0.0623
0.0623
0.0623
0.0623
0.0623
0.0623
0.0623
0.0623
0.0623
0.0623
0.0623
0.0623
0.0623
0.0623
0.0623
0.0623
0.0623
0.0623
0.0623
0.0623
0.0623
0.0623
0.0623
0.0623
0.0623
0.0623
0.0623
0.0623
0.0623
0.0623
0.0623
0.0623
0.0623
0.0623
0.0623
0.0623
0.0623
0.0623
0.0623
0.0623
0.0623
0.0623
0.0623
0.0623
0.0623
0.0623
0.0623
0.0623
0.0623
0.0623
0.0623
0.0623
0.0623
0.0623
0.0623
0.0623
0.0623
0.0623
0.0623
0.0623
0.0623
0.0623
0.0623
0.0623
0.0623
0.0623
0.0623
0.0623
0.0623
0.0623
0.0623
0.0623
0.0623
0.0623
0.0623
0.0623
0.0623
0.0623
0.0623
0.0623
0.0623
0.0623
0.0623
0.0623
0.0623
0.0623
0.0623
0.0623
0.0623
0.0623
0.0623
0.0623
0.0623
0.0623
0.0623
0.0623
0.0623
0.0623
0.0623
0.0623
0.0623
0.0623
0.0623
0.0623
0.0623
0.0623
0.0623
0.0623
0.0623
0.0623
0.0623
0.0623
0.0623
0.0623
0.0623
0.0623
0.0623
0.0623
0.0623
0.0623
0.0623
0.3114
0.3114
0.3114
0.3114
0.3114
0.3114
0.3114
0.3114
0.3114
0.3114
0.3114
0.3114
0.0000
0.3114
0.3114
0.3114
0.3114
0.3114
0.3114
0.3114
0.3114
0.3114
0.3114
0.3114
0.0623
0.0000
0.0000
0.0000
0.0000
0.0623
0.0623
0.0623
0.0623
0.0623
0.0623
0.0623
0.0623
0.0623
0.0623
0.0623
0.0623
0.0000
0.0623
0.0623
0.0623
0.0623
0.0623
0.0623
0.0623
0.0623
0.0623
0.0623
0.0623
0.0623
0.0000
0.0623
0.0623
0.0623
0.0623
0.0623
0.0623
0.0623
0.0623
0.0623
0.0623
0.0623
0.0623
0.0000
0.0623
0.0623
0.0623
0.0623
0.0623
0.0623
0.0623
0.0623
0.0623
0.0623
0.0623
0.0623
0.0000
0.0623
0.0623
0.0623
0.0623
0.0623
0.0623
0.0623
0.0623
0.0623
0.0623
0.0623
0.0637
0.0000
0.1124
0.0713
0.0623
0.0623
0.0623
0.0623
0.0623
0.0623
0.0623
0.0623
0.0623
0.0623
0.0623
0.0623
0.1724
0.1621
0.1650
0.1683
0.1714
0.1743
0.1773
0.1815
0.1834
0.1908
0.2026
0.2058
0.2080
0.2118
0.2098
0.2164
0.2190
0.2216
0.2195
0.2172
0.2191
0.2167
0.2200
0.2193
0.2194
0.1005
0.0961
0.0945
0.0947
0.0948
0.0950
0.0953
0.0957
0.0962
0.0968
0.0974
0.0981
0.0989
0.0997
0.1006
0.1014
0.1023
0.1034
0.1047
0.1067
0.1074
0.1089
0.1103
0.1096
0.1094
0.1096
0.1098
0.1100
0.1103
0.1104
0.1105
0.1105
0.1105
0.1105
0.1105
0.1104
0.1102
0.1101
0.1099
0.1098
0.1079
0.1088
0.1100
0.1111
0.1124
0.1138
0.1153
0.1171
0.1189
0.1209
0.1231
0.2459
0.2541
0.2583
0.1402
0.1362
0.1350
0.1342
0.1338
0.1334
0.1329
0.1322
0.1315
0.1306
0.1296
0.1301
0.1312
0.2530
0.2610
0.2659
0.2699
0.2735
0.2785
0.2848
0.2875
0.2945
0.2948
0.2994
0.3072
0.3105
0.3114
0.3114
0.3114
0.3114
0.3114
0.3114
0.3114
0.3114
0.3114
0.3114
0.3114
0.3114
0.3114
0.3114
0.3114
0.3114
0.3114
0.3114
0.3114
0.3064
0.2932
0.1646
0.2745
0.2754
0.2700
0.2641
0.2535
0.2471
0.2404
0.2339
0.2317
0.2249
0.2181
0.2094
0.0862
0.0779
0.0725
0.0679
0.0640
0.0623
0.0623
0.0623
0.0623
0.1553
0.1729
0.1741
0.1741
0.1737
0.1731
0.1734
0.1670
0.1665
0.0623
0.0623
0.0623
0.0623
0.0623
0.0623
0.0623
0.0623
0.0623
0.0623
0.0879
0.1447
0.1519
0.1547
0.1557
0.1564
0.1568
0.1571
0.1572
0.1572
0.1572
0.1571
0.1569
0.0000
0.0000
0.0000
0.0000
0.0000
0.0623
0.0623
0.0623
0.0623
0.0623
0.0623
0.0623
0.0623
0.0623
0.0623
0.0623
0.0623
0.0000
0.0623
0.0623
0.0623
0.0623
0.0623
0.0623
0.0623
0.0623
0.0623
0.0623
0.0623
0.0623
0.0000
0.0623
0.0623
0.0623
0.0623
0.0623
0.0623
0.0623
0.0623
0.0623
0.0623
0.0623
0.0623
0.0000
0.0623
0.0623
0.0623
0.0623
0.0623
0.0623
0.0623
0.0623
0.0623
0.0623
0.0623
0.0623
0.0000
0.0623
0.0623
0.0623
0.0623
0.0623
0.0623
0.0623
0.0623
0.0623
0.0623
0.0623
0.0623
0.0000
0.0623
0.0623
0.0623
0.0623
0.0623
0.0623
0.0623
0.0623
0.0623
0.0623
0.0623
0.0623
0.0000
0.0623
0.0958
0.0681
0.0683
0.0692
0.0700
0.0708
0.0717
0.0725
0.0734
0.0742
0.0757
0.0000
0.2177
0.0623
0.0623
0.0623
0.0623
0.0623
0.0623
0.0623
0.0623
0.0623
0.0623
0.0623
0.1826
0.1673
0.1694
0.1719
0.1747
0.1771
0.1793
0.1769
0.1888
0.1941
0.2005
0.2024
0.2054
0.2060
0.2087
0.2106
0.2079
0.2051
0.2065
0.2092
0.2095
0.2109
0.2079
0.2048
0.0869
0.0824
0.0809
0.0809
0.0806
0.0806
0.0809
0.0813
0.0819
0.0827
0.0835
0.0843
0.0857
0.0862
0.0872
0.0889
0.0894
0.0906
0.0917
0.0924
0.0941
0.0953
0.0964
0.0975
0.0980
0.0990
0.0988
0.0991
0.0995
0.0999
0.1003
0.1008
0.1009
0.1011
0.1014
0.1015
0.1016
0.1017
0.1018
0.1018
0.1019
0.1020
0.1024
0.1034
0.1047
0.1062
0.1079
0.1098
0.1120
0.1143
0.1167
0.1193
0.1219
0.1246
0.1276
0.1307
0.1340
0.1373
0.1408
0.1451
0.1478
0.1511
0.1545
0.1573
0.1606
0.1637
0.1667
0.1688
0.1715
0.1735
0.1753
0.1772
0.1787
0.1800
0.1821
0.1826
0.1835
0.3063
0.3114
0.3114
0.3114
0.3114
0.3114
0.3114
0.3114
0.3114
0.3114
0.3114
0.3114
0.3114
0.3114
0.3114
0.3114
0.3114
0.3114
0.3114
0.3114
0.3114
0.3061
0.2963
0.2902
0.2801
0.2746
0.2692
0.2636
0.2625
0.2570
0.2514
0.3114
0.3114
0.3114
0.3114
0.3114
0.3114
0.3114
0.3114
0.3114
0.3114
0.3114
0.3114
0.3114
0.3114
0.3114
0.3114
0.3114
0.3114
0.3114
0.3114
0.3114
0.3114
0.3114
0.3114
0.3114
0.3114
0.3114
0.3114
0.3114
0.3114
0.3114
0.3114
0.3114
0.3114
0.3114
0.3114
0.3114
0.3114
0.3114
0.3114
0.3114
0.3114
0.3114
0.3114
0.3114
0.3114
0.3114
0.3114
0.3114
0.3114
0.3114
0.3114
0.3114
0.3114
0.3114
0.3114
0.3114
0.3114
0.3114
0.3114
0.0000
0.3114
0.3114
0.3114
0.3114
0.3114
0.3114
0.3114
0.3114
0.3114
0.3114
0.3114
0.3114
0.0000
0.3114
0.3114
0.3114
0.3114
0.3114
0.3114
0.3114
0.3114
0.3114
0.3114
0.3114
0.3114
0.0000
0.3114
0.3114
0.3114
0.3114
0.3114
0.3114
0.3114
0.3114
0.3114
0.3114
0.3114
0.3114
0.0000
0.3114
0.3114
0.3114
0.3114
0.3114
0.3114
0.3114
0.3114
0.3114
0.3114
0.3114
0.3114
0.0000
0.3114
0.3114
0.3114
0.3114
0.3114
0.3114
0.3114
0.3114
0.3114
0.3114
0.3114
0.3114
0.0000
0.3114
0.3114
0.3114
0.3114
0.3114
0.3114
0.3114
0.3114
0.3114
0.3114
0.3114
0.3114
0.0000
0.3114
0.3114
0.3114
0.3114
0.3114
0.3114
0.3114
0.3114
0.3114
0.3114
0.3114
0.3114
0.3114
0.3114
0.3114
0.3114
0.3114
0.3114
0.3114
0.3114
0.3114
0.3114
0.3114
0.3114
0.3114
0.3114
0.3114
0.3114
0.3114
0.3114
0.3114
0.3114
0.3114
0.3114
0.3114
0.3114
0.3114
0.3114
0.3114
0.3114
0.3114
0.3114
0.3114
0.3114
0.3114
0.3114
0.3114
0.3114
0.3114
0.3114
0.3114
0.3114
0.3114
0.3114
0.3114
0.3114
0.3114
0.3114
0.3114
0.3114
0.3114
0.3114
0.3114
0.3114
0.3114
0.3114
0.3114
0.3114
0.3114
0.3114
0.3114
0.3114
0.3114
0.3114
0.3114
0.3114
0.3114
0.3114
0.3114
0.3114
0.3114
0.3114
0.3114
0.3114
0.3114
0.3114
0.3114
0.3114
0.3114
0.3114
0.3114
0.3114
0.3114
0.3114
0.3114
0.3114
0.3114
0.3114
0.3114
0.3114
0.3114
0.3114
0.3114
0.3114
0.3114
0.3114
0.3114
0.3114
0.3114
0.3114
0.3114
0.3114
0.3114
0.3114
0.3114
0.3114
0.3114
0.3114
0.3114
0.3114
0.3114
0.3114
0.3114
0.3114
0.3114
0.3114
0.3114
0.3114
0.3114
0.3114
0.3114
0.3114
0.3114
0.3114
0.3114
0.3114
0.3114
0.3114
0.3114
0.3114
0.3114
0.3114
0.3114
0.3114
0.3114
0.3114
0.3114
0.3114
0.3114
0.3114
0.3114
0.3114
0.3114
0.3114
0.3114
0.3114
0.3114
0.3114
0.3114
0.3114
0.3114
0.0000
0.3114
0.3114
0.3114
0.3114
0.3114
0.3114
0.3114
0.3114
0.3114
0.3114
0.3114
0.3114
0.0000
0.3114
0.3114
0.3114
0.3114
0.3114
0.3114
0.3114
0.3114
0.3114
0.3114
0.3114
0.3114
0.0000
0.3114
0.3114
0.3114
0.3114
0.3114
0.3114
0.3114
0.3114
0.3114
0.3114
0.3114
0.3114
0.0000
0.3114
0.3114
0.3114
0.3114
0.3114
0.3114
0.3114
0.3114
0.3114
0.3114
0.3114
0.3114
0.0000
0.3114
0.3114
0.3114
0.3114
0.3114
0.3114
0.3114
0.3114
0.3114
0.3114
0.3114
0.3114
0.0000
0.3114
0.3114
0.3114
0.3114
0.3114
0.3114
0.3114
0.3114
0.3114
0.3114
0.3114
0.3114
0.0000
0.3114
0.3114
0.3114
0.3114
0.3114
0.3114
0.3114
0.3114
0.3114
0.3114
0.3114
0.3114
0.0000
0.3114
0.3114
0.3114
0.3114
0.3114
0.3114
0.3114
0.3114
0.3114
0.3114
0.3114
0.3114
0.0000
0.3114
0.3114
0.3114
0.3114
0.3114
0.3114
0.3114
0.3114
0.3114
0.3114
0.3114
0.3114
0.0000
0.3114
0.3114
0.3114
0.3114
0.3114
0.3114
0.3114
0.3114
0.3114
0.3114
0.3114
0.3114
0.0000
0.3114
0.3114
0.3114
0.3114
0.3114
0.3114
0.3114
0.3114
0.3114
0.3114
0.3114
0.3114
0.0000
0.3114
0.3114
0.3114
0.3114
0.3114
0.3114
0.3114
0.3114
0.3114
0.3114
0.3114
0.3114
0.0000
0.3114
0.3114
0.3114
0.3114
0.3114
0.3114
0.3114
0.3114
0.3114
0.3114
0.3114
0.3114
0.0000
0.3114
0.3114
0.3114
0.3114
0.3114
0.3114
0.3114
0.3114
0.3114
0.3114
0.3114
0.3114
0.0000
0.3114
0.3114
0.3114
0.3114
0.3114
0.3114
0.3114
0.3114
0.3114
0.3114
0.3114
0.3114
0.0000
0.3114
0.3114
0.3114
0.3114
0.3114
0.3114
0.3114
0.3114
0.3114
0.3114
0.3114
0.3114
0.0000
0.3114
0.3114
0.3114
0.3114
0.3114
0.3114
0.3114
0.3114
0.3114
0.3114
0.3114
0.3114
0.0000
0.3114
0.3114
0.3114
0.3114
0.3114
0.3114
0.3114
0.3114
0.3114
0.3114
0.3114
0.3114
0.0000
0.3114
0.3114
0.3114
0.3114
0.3114
0.3114
0.3114
0.3114
0.3114
0.3114
0.3114
0.3114
0.0000
0.3114
0.3114
0.3114
0.3114
0.3114
0.3114
0.3114
0.3114
0.3114
0.3114
0.3114
0.3114
0.0000
0.3114
0.3114
0.3114
0.3114
0.3114
0.3114
0.3114
0.3114
0.3114
0.3114
0.3114
0.3114
0.0000
0.3114
0.3114
0.3114
0.3114
0.3114
0.3114
0.3114
0.3114
0.3114
0.3114
0.3114
0.3114
0.0000
0.3114
0.3114
0.3114
0.3114
0.3114
0.3114
0.3114
0.3114
0.3114
0.3114
0.3114
0.3114
0.0000
0.3114
0.3114
0.3114
0.3114
0.3114
0.3114
0.3114
0.3114
0.3114
0.3114
0.3114
0.3114
0.0000
0.3114
0.3114
0.3114
0.3114
0.3114
0.3114
0.3114
0.3114
0.3114
0.3114
0.3114
0.3114
0.0000
0.3114
0.3114
0.3114
0.3114
0.3114
0.3114
0.3114
0.3114
0.3114
0.3114
0.3114
0.3114
0.0000
0.3114
0.3114
0.3114
0.3114
0.3114
0.3114
0.3114
0.3114
0.3114
0.3114
0.3114
0.3114
0.0000
0.3114
0.3114
0.3114
0.3114
0.3114
0.3114
0.3114
0.3114
0.3114
0.3114
0.3114
0.3114
0.0000
0.3114
0.3114
0.3114
0.3114
0.3114
0.3114
0.3114
0.3114
0.3114
0.3114
0.3114
0.3114
0.0000
0.3114
0.3114
0.3114
0.3114
0.3114
0.3114
0.3114
0.3114
0.3114
0.3114
0.3114
0.3114
0.0000
0.3114
0.3114
0.3114
0.3114
0.3114
0.3114
0.3114
0.3114
0.3114
0.3114
0.3114
0.3114
0.0000
0.3114
0.3114
0.3114
0.3114
0.0623
0.0623
0.0623
0.0623
0.0623
0.0623
0.0623
0.0623
0.0000
0.0919
0.0650
0.0623
0.1516
0.0623
0.0623
0.0623
0.0623
0.0623
0.0623
0.0623
0.0623
0.0623
0.0623
0.0623
0.2015
0.1585
0.1579
0.1599
0.1705
0.1724
0.1745
0.1733
0.1788
0.1850
0.1869
0.1890
0.1907
0.1897
0.1961
0.1984
0.2009
0.2034
0.2053
0.2071
0.2045
0.2017
0.2001
0.1991
0.1986
0.0802
0.0757
0.0739
0.0738
0.0737
0.0739
0.0743
0.0753
0.0755
0.0762
0.0766
0.0778
0.0787
0.0801
0.0813
0.0824
0.0834
0.0847
0.0862
0.0870
0.0888
0.0898
0.0914
0.0925
0.0931
0.0947
0.0947
0.0958
0.0961
0.0965
0.0967
0.0969
0.0985
0.0992
0.0996
0.0999
0.1002
0.1005
0.1007
0.1009
0.1012
0.1020
0.1033
0.1048
0.1050
0.1065
0.1086
0.1110
0.1137
0.1166
0.1196
0.1229
0.1265
0.1296
0.1325
0.1354
0.1381
0.1408
0.1429
0.1450
0.2676
0.2755
0.2796
0.2827
0.1637
0.1604
0.2822
0.2887
0.2927
0.2961
0.3037
0.3110
0.3114
0.3114
0.3114
0.3114
0.3114
0.3114
0.3114
0.3114
0.3114
0.3114
0.3114
0.3114
0.3114
0.3114
0.3114
0.3114
0.3114
0.3114
0.3114
0.3114
0.3114
0.3114
0.3114
0.3110
0.2964
0.2879
0.2798
0.2675
0.2580
0.2520
0.2428
0.1176
0.2284
0.2314
0.1034
0.2146
0.2178
0.2150
0.2117
0.2082
0.2048
0.0786
0.0714
0.0669
0.0633
0.0623
0.0623
0.0623
0.0623
0.0623
0.1534
0.1684
0.1700
0.1705
0.1749
0.1748
0.1745
0.1752
0.1736
0.1691
0.1689
0.1687
0.1686
0.0623
0.0623
0.0623
0.0623
0.0623
0.0623
0.0623
0.1146
0.1543
0.1576
0.1593
0.1603
0.1644
0.1660
0.1665
0.1668
0.1670
0.1671
0.1672
0.1673
0.0000
0.0000
0.0000
0.0000
0.0623
0.0623
0.0623
0.0623
0.0623
0.0623
0.0623
0.0623
0.0623
0.0623
0.0623
0.0623
0.0000
0.0623
0.0623
0.0623
0.0623
0.0623
0.0623
