0.0000
0.0000
0.0000
0.0000
0.0000
0.0000
0.0000
0.0000
0.0000
0.0000
0.0000
0.0000
0.0000
0.0000
0.0000
0.0000
0.0000
0.0000
0.0000
0.0000
0.0000
0.0000
0.0000
0.0000
0.0000
0.0000
0.0000
0.0000
0.0000
0.0000
0.0000
0.0000
0.0000
0.0000
0.0000
0.0000
0.0000
0.0000
0.0000
0.0000
0.0000
0.0000
0.0000
0.0000
0.0000
0.0000
0.0000
0.0000
0.0000
0.0000
0.0000
0.0000
0.0000
0.0000
0.0000
0.0000
0.0000
0.0000
0.0000
0.0000
0.0000
337.0628
225.1521
225.1521
225.1521
225.1521
225.1521
225.1521
225.1521
225.1521
225.1521
225.1521
225.1521
397.6960
284.6537
285.4237
290.2656
309.3155
314.6914
319.6876
323.6720
327.2566
331.2535
331.6657
334.9873
906.5504
858.7399
780.1533
768.5768
749.2463
762.8632
749.7114
972.3927
977.2875
1004.5887
991.6487
1024.2996
870.3937
972.6559
968.0129
983.3244
988.2001
991.6902
994.9527
989.0072
998.0758
1002.8522
1231.7386
1009.7440
1235.7580
1143.6911
1145.2954
934.2618
933.9294
877.9519
883.4146
884.8533
977.0557
994.9889
1008.0458
1015.3164
1018.4674
894.0162
1112.0743
1119.5529
1131.1373
1139.8975
1140.9905
1142.7461
1146.6065
1136.4412
1137.3949
1135.0616
1135.9357
1169.8498
1161.5216
1157.2196
1158.6796
1225.1436
1508.0896
1506.3780
1517.1648
1521.1004
1531.1482
1577.5824
1565.0596
1561.7196
1550.7216
1547.9754
1545.6740
1544.3473
1305.4465
1252.8291
1254.3706
1254.6362
1262.1305
1305.4282
1270.0088
1271.4250
1258.4753
1266.8559
1260.6618
1261.8135
1261.7160
1265.9977
1253.5435
1249.4819
1017.0743
1028.5475
1019.6613
939.7195
941.9659
938.3595
931.8326
924.3157
917.6766
915.7787
1087.4407
1089.3001
1085.7455
1080.8417
1078.2672
1068.6011
1065.4352
1065.6407
1287.8158
1050.7003
1071.2080
1074.3815
1070.2655
1053.2870
1049.8397
1053.0255
1053.7341
1086.4342
1073.9056
1065.4086
1069.2545
1054.2295
1053.1654
1025.3534
1017.5480
1003.2274
998.8015
962.8368
944.1051
795.1847
788.5185
777.0429
765.8234
759.3008
749.1912
639.8362
705.1438
728.2507
718.7465
707.3497
705.2054
667.2897
581.3988
615.8738
646.2494
638.4614
631.2381
550.3509
547.5346
543.8731
538.3729
532.4589
527.3570
506.3514
503.7969
500.7324
497.7498
495.4036
493.1797
511.0563
539.0028
537.2589
653.9331
688.2588
692.5529
648.4732
657.9018
654.7664
660.3859
660.4138
657.8067
643.9941
640.4427
631.6431
622.4913
613.6201
611.2760
589.2924
602.3729
467.6983
471.5779
471.2735
470.8491
470.2857
469.6387
468.9314
468.1790
467.3929
0.0000
0.0000
0.0000
0.0000
0.0000
0.0000
0.0000
0.0000
0.0000
0.0000
0.0000
0.0000
0.0000
0.0000
0.0000
0.0000
0.0000
0.0000
0.0000
0.0000
0.0000
0.0000
0.0000
0.0000
0.0000
0.0000
0.0000
0.0000
0.0000
0.0000
225.1521
225.1521
225.1521
225.1521
225.1521
225.1521
225.1521
225.1521
225.1521
225.1521
225.1521
225.1521
0.0000
0.0000
0.0000
225.1521
225.1521
225.1521
225.1521
225.1521
225.1521
225.1521
225.1521
225.1521
225.1521
225.1521
225.1521
0.0000
225.1521
225.1521
225.1521
225.1521
225.1521
225.1521
225.1521
225.1521
225.1521
225.1521
225.1521
225.1521
0.0000
225.1521
225.1521
225.1521
225.1521
225.1521
225.1521
225.1521
225.1521
225.1521
225.1521
225.1521
225.1521
0.0000
609.2330
314.3705
260.2799
257.3688
257.2426
257.6886
258.3864
259.2589
260.2014
261.2200
315.3249
321.5917
964.4558
743.4582
616.2465
595.6931
592.4524
589.9124
585.7570
581.9419
579.1091
576.8790
575.1595
573.8278
954.0254
1043.9492
1013.5426
1014.4777
1015.7636
1029.4425
1025.2286
1247.5161
1287.1846
1296.9250
1304.5988
1309.1023
1175.1092
1243.8619
1249.4932
1253.7227
1267.0500
1269.2111
1275.0807
1279.9332
1286.7008
1302.7355
1308.4026
1559.7813
1366.9072
1377.8129
1146.4928
1144.2844
1142.8292
1142.4398
1148.6440
1152.2236
1152.3324
1151.5520
1152.1285
1159.4300
1161.4176
1415.1493
1388.3833
1378.0174
1440.7619
1443.2794
1446.5354
1198.2014
1202.6065
1204.3877
1204.7400
1205.2344
1207.4537
1242.5434
1240.9006
1237.6255
1239.5195
1243.0320
1240.9338
1236.4754
1238.9492
1239.8879
1520.1899
1517.4762
1520.4928
1521.8474
1522.1164
1522.1534
1522.0765
1522.1410
1523.4869
1525.8134
1528.5803
1531.7201
1535.1721
1538.8770
1809.0264
1812.8954
1747.1316
1662.5520
1649.4621
1645.6070
1643.5534
1643.1096
1576.8334
1565.2774
1565.0097
1565.5117
1566.1962
1567.1932
1568.4134
1569.8011
1571.8948
1573.9313
1575.0617
1574.9077
1353.1973
1538.7482
1546.6808
1545.1140
1543.2427
1540.3508
1824.0185
1547.4044
1540.0171
1534.2441
1530.0904
1534.0284
1532.1800
1527.7824
1522.9550
1517.8929
1519.6841
1566.5463
1559.7367
1552.4438
1549.5663
1557.7034
1558.6500
1548.1879
1539.6162
1535.8579
1518.3537
1505.9906
1775.8736
1564.2803
1509.9050
1314.5385
1273.0655
1244.8906
1216.6960
1203.7673
1186.7244
1169.0614
1158.7890
1141.9397
1118.9342
914.1268
1075.1667
1060.4045
1055.1316
1042.8867
1026.9831
861.4929
859.9241
856.1326
855.8067
851.9237
847.2469
824.0912
820.9981
817.7411
814.6389
855.0345
921.9827
929.3680
931.5289
929.6876
1130.7742
1144.8807
1153.6819
1175.9164
1045.0515
1055.3385
1054.8168
1054.1269
1055.8153
1058.5584
1058.0511
1037.3082
1029.6350
1140.0562
1141.4387
1095.7721
1097.5629
1097.7117
885.1398
882.7005
879.1682
876.3474
876.6411
876.4663
874.8061
873.1082
0.0000
0.0000
0.0000
0.0000
0.0000
225.1521
225.1521
225.1521
225.1521
225.1521
225.1521
225.1521
225.1521
225.1521
225.1521
225.1521
225.1521
0.0000
241.6555
225.1521
225.1521
225.1521
225.1521
225.1521
225.1521
225.1521
225.1521
225.1521
225.1521
225.1521
0.0000
245.8077
225.1521
225.1521
225.1521
225.1521
225.1521
225.1521
225.1521
225.1521
225.1521
225.1521
225.1521
0.0000
247.1759
225.1521
225.1521
225.1521
225.1521
225.1521
225.1521
225.1521
225.1521
225.1521
225.1521
225.1521
0.0000
243.5987
225.1521
225.1521
225.1521
225.1521
225.1521
225.1521
225.1521
225.1521
225.1521
225.1521
225.1521
0.0000
237.4246
225.1521
225.1521
225.1521
225.1521
225.1521
225.1521
225.1521
225.1521
225.1521
225.1521
225.1521
0.0000
230.9791
913.7125
392.5243
335.9546
329.4415
325.7554
323.0500
320.9386
319.2474
317.8682
316.7128
377.5851
0.0000
1060.0952
910.3094
840.0910
663.6604
611.3267
600.7584
595.1992
592.0121
590.0132
588.8608
588.3502
588.3284
1180.9526
1106.6252
1112.5688
1100.9702
1055.0745
1053.2542
1047.0615
1292.9630
1317.0163
1331.0338
1332.2509
1335.1367
1195.0936
1254.7373
1263.1869
1515.3992
1533.9752
1536.0504
1539.3102
1563.6526
1577.3338
1579.5026
1331.9905
1588.1302
1331.6844
1402.5615
1397.4205
1407.1585
1411.5202
1413.6397
1411.9255
1413.8520
1417.0466
1415.3169
1411.6932
1407.6880
1411.9488
1174.2099
1163.9575
1156.4461
1392.7386
1402.4429
1406.7598
1408.9813
1426.7991
1439.5168
1441.4905
1447.1893
1451.6697
1492.1531
1504.6656
1509.5376
1514.5105
1519.5559
1519.4667
1520.2041
1521.7764
1523.2398
1524.6513
1522.2853
1522.0780
1523.0564
1524.2707
1525.6500
1526.8442
1528.6052
1531.3146
1534.8617
1538.9930
1543.6727
1548.8328
1553.3610
1558.8739
1565.0959
1571.6843
1578.5698
1585.7127
1593.0772
1600.6923
1608.5234
1616.5290
1624.6841
1632.9674
1641.3589
1647.6129
1565.2019
1450.7870
1442.2212
1442.0142
1666.1799
1679.3683
1705.6773
1714.2769
1722.6741
1739.8016
1747.1136
1748.2958
1981.4224
1980.9393
1981.5109
1982.1258
1860.9732
1787.9782
1778.4248
1777.4935
1781.0813
1779.8271
1777.0509
1773.7135
1822.0168
1826.7316
1825.3193
1820.4622
1816.5523
1818.4584
1812.1604
1802.8242
1792.7472
1791.9385
1784.0747
1770.6416
1580.8491
1565.6956
1539.4015
1504.6990
1475.8965
1443.0797
1220.1772
1192.8320
1374.3732
1342.8327
1317.3234
1282.6264
1047.8815
1020.5695
992.1280
1157.6170
1131.8122
1115.7999
920.0430
906.0124
891.6696
882.2022
874.8269
872.9030
847.4633
841.9414
836.4810
940.0257
963.6273
961.2237
963.7487
959.4554
954.8640
1164.6743
1022.0112
1036.4590
1051.1401
1064.1574
1070.4248
1069.9685
1069.3334
1068.4935
1067.5124
1109.6696
1182.4436
1182.6128
1177.8175
1164.6597
1130.4243
915.0038
911.9673
908.0086
905.0971
902.7138
900.7426
898.9128
897.2075
895.6000
894.0987
0.0000
0.0000
0.0000
0.0000
0.0000
231.2320
225.1521
225.1521
225.1521
225.1521
225.1521
225.1521
225.1521
225.1521
225.1521
225.1521
225.1521
0.0000
246.2899
225.1521
225.1521
225.1521
225.1521
225.1521
225.1521
225.1521
225.1521
225.1521
225.1521
225.1521
0.0000
246.8034
225.1521
225.1521
225.1521
225.1521
225.1521
225.1521
225.1521
225.1521
225.1521
225.1521
225.1521
0.0000
243.6284
225.1521
225.1521
225.1521
225.1521
225.1521
225.1521
225.1521
225.1521
225.1521
225.1521
225.1521
0.0000
234.1823
225.1521
225.1521
225.1521
225.1521
225.1521
225.1521
225.1521
225.1521
225.1521
225.1521
225.1521
0.0000
225.1521
225.1521
225.1521
225.1521
225.1521
225.1521
225.1521
225.1521
225.1521
225.1521
225.1521
225.1521
0.0000
225.1521
859.7300
336.7798
303.2466
298.7413
296.2405
294.5733
293.4706
292.7793
292.3736
292.1697
339.7276
0.0000
1045.4638
910.3094
747.0763
640.9645
623.6131
631.9885
641.3296
651.3356
661.6990
672.3667
687.7732
694.4026
1175.7963
1133.5977
1093.4464
1099.7256
1114.2644
1131.7576
1132.3362
1383.0131
1403.8654
1422.7840
1432.6645
1441.8000
1282.3726
1356.6383
1360.6441
1363.2435
1365.3851
1367.8285
1373.9531
1633.7951
1633.5352
1638.7136
1373.2967
1628.0687
1636.0452
1444.2096
1195.1855
1185.1897
1185.2909
1184.9021
1183.9740
1374.6626
1382.8956
1397.3179
1405.2176
1410.1849
1414.5963
1232.5509
1486.2446
1494.7080
1500.6865
1505.9450
1518.7645
1525.9530
1529.5212
1529.4610
1542.3301
1551.8362
1553.3931
1565.7732
1566.4232
1567.1956
1567.9473
1568.7093
1569.5526
1656.3600
1656.5028
1657.2414
1657.9458
1658.6045
1659.1066
1659.5218
1659.8941
1660.2429
1660.6048
1661.2187
1662.5768
1664.5857
1667.0770
1669.9392
1673.1374
1676.6207
1680.5175
1684.6873
1689.0548
1693.2822
1687.5328
1647.0920
1647.5646
1650.6770
1654.3872
1658.4796
1662.8507
1667.4041
1670.7672
1587.6471
1469.8617
1458.3501
1668.2665
1671.6871
1680.3263
1690.9565
1696.3782
1699.9052
1703.1084
1709.4859
1728.6815
1729.1967
1986.7780
1986.4770
1990.0635
1811.1750
1763.0452
1752.5684
1744.5640
1737.2640
1737.8295
1735.6164
1729.6512
1772.3718
1763.1380
1764.6640
1757.7747
1742.9160
1725.8757
1718.3403
1705.8147
1680.3786
1661.6897
1651.5826
1627.1169
1431.6648
1392.0536
1365.9500
1347.4668
1328.6792
1303.9629
1099.5245
1260.1014
1242.5229
1224.3568
1205.6584
1006.1733
1149.0483
1137.1318
1120.4811
1103.5594
1087.5635
897.6929
891.1853
885.4796
879.1007
872.7706
866.3999
860.1471
834.0307
829.7422
828.6860
827.0678
894.1173
948.0678
946.4802
943.2279
939.2843
1160.6495
1168.1422
1177.2809
1192.9375
1187.7749
1061.2611
1066.0526
1065.5926
1064.9001
1050.9714
1050.0291
1042.3305
1034.6569
1026.9233
1024.9718
1106.4281
895.7177
894.5489
891.8043
889.9448
888.1665
886.5106
884.9398
883.4296
881.9654
880.5379
0.0000
0.0000
0.0000
0.0000
0.0000
225.1521
225.1521
225.1521
225.1521
225.1521
225.1521
225.1521
225.1521
225.1521
225.1521
225.1521
225.1521
0.0000
244.5413
225.1521
225.1521
225.1521
225.1521
225.1521
225.1521
225.1521
225.1521
225.1521
225.1521
225.1521
0.0000
247.7211
225.1521
225.1521
225.1521
225.1521
225.1521
225.1521
225.1521
225.1521
225.1521
225.1521
225.1521
0.0000
247.0385
225.1521
225.1521
225.1521
225.1521
225.1521
225.1521
225.1521
225.1521
225.1521
225.1521
225.1521
0.0000
246.6011
225.1521
225.1521
225.1521
225.1521
225.1521
225.1521
225.1521
225.1521
225.1521
225.1521
225.1521
0.0000
245.0418
225.1521
225.1521
225.1521
225.1521
225.1521
225.1521
225.1521
225.1521
225.1521
225.1521
225.1521
0.0000
245.6882
838.4664
428.5960
349.7829
339.4089
336.1284
333.6968
331.8577
330.4349
329.3141
328.4276
437.7639
0.0000
838.4664
838.4664
838.4664
746.8591
734.4597
702.0703
659.4660
649.2772
641.7117
635.9658
631.5166
628.0867
1159.6829
948.5927
940.1073
938.6866
938.1763
938.1707
938.4000
938.8226
939.4484
940.2633
941.4086
947.0269
950.9181
967.4193
969.2370
971.1590
973.1144
975.1168
976.9370
978.7335
980.5704
982.4737
984.3802
990.6429
995.0074
1019.1438
1021.4413
1029.1457
1034.8331
1039.8171
1044.5575
1049.3111
1058.6524
1064.4220
1068.7165
1072.6781
1075.8937
1071.8309
1075.0093
1078.0348
1083.6734
1088.5426
1090.2876
1093.6578
1095.5711
1096.7458
1097.7337
1098.5840
1097.7489
1113.4201
1116.5132
1115.9597
1114.2542
1112.2817
1111.5605
1111.3838
1106.3749
1109.8272
1111.5445
1111.4728
1104.0156
1089.5365
1087.9541
1086.7624
1086.0049
1090.3316
1091.4585
1091.6032
1092.0455
1093.0152
1094.4502
1096.2740
1098.8242
1099.4754
1106.3267
1110.4893
1114.3482
1118.1386
1123.4957
1129.7449
1136.3480
1143.2687
1151.2392
1164.3399
1172.7155
1164.7630
1172.2162
1179.5050
1186.8209
1194.1180
1197.9129
1200.1177
1201.5214
1203.7659
1208.3573
1208.3800
1208.0581
1198.7272
1196.5460
1193.2777
1189.6361
1185.5662
1186.1659
1188.3784
1190.8510
1193.4730
1198.9975
1205.0948
1208.3404
1215.4985
1218.3358
1220.9334
1223.4314
1225.7139
1223.2198
1218.5754
1213.2786
1207.3045
1200.9195
1199.2068
225.1521
225.1521
225.1521
225.1521
225.1521
225.1521
225.1521
225.1521
225.1521
225.1521
225.1521
225.1521
0.0000
312.0578
225.1521
225.1521
225.1521
225.1521
225.1521
225.1521
225.1521
225.1521
225.1521
225.1521
225.1521
0.0000
283.4920
225.1521
225.1521
225.1521
225.1521
225.1521
225.1521
225.1521
225.1521
225.1521
225.1521
225.1521
0.0000
266.3747
225.1521
225.1521
225.1521
225.1521
225.1521
225.1521
225.1521
225.1521
225.1521
225.1521
225.1521
0.0000
263.6372
225.1521
225.1521
225.1521
225.1521
225.1521
225.1521
225.1521
225.1521
225.1521
225.1521
225.1521
0.0000
263.0677
225.1521
225.1521
225.1521
225.1521
225.1521
225.1521
225.1521
225.1521
225.1521
225.1521
225.1521
0.0000
263.1184
225.1521
225.1521
225.1521
225.1521
225.1521
225.1521
225.1521
225.1521
225.1521
225.1521
225.1521
0.0000
259.4710
225.1521
225.1521
225.1521
225.1521
225.1521
225.1521
225.1521
225.1521
225.1521
225.1521
225.1521
0.0000
255.3907
225.1521
225.1521
225.1521
225.1521
225.1521
225.1521
225.1521
225.1521
225.1521
225.1521
225.1521
0.0000
250.5866
225.1521
225.1521
225.1521
225.1521
225.1521
225.1521
225.1521
225.1521
225.1521
225.1521
225.1521
0.0000
245.8648
225.1521
225.1521
225.1521
225.1521
225.1521
225.1521
225.1521
225.1521
225.1521
225.1521
225.1521
0.0000
240.9588
225.1521
225.1521
225.1521
225.1521
225.1521
225.1521
225.1521
225.1521
225.1521
225.1521
283.2799
0.0000
438.7337
292.3240
275.1668
268.7248
261.1834
255.3515
253.8167
251.5734
249.5383
248.4053
248.2497
248.6784
0.0000
394.5809
262.2331
255.3411
256.6459
258.4701
259.2239
259.5734
259.7942
259.9253
259.1265
258.7294
258.6568
0.0000
413.2197
268.8312
258.7425
257.7527
257.6392
257.7673
258.8572
259.5368
260.0347
260.5147
260.9691
261.4198
0.0000
432.6518
273.7102
265.2905
266.8295
269.2178
271.3749
273.5352
275.7019
277.8266
280.0333
282.1942
284.3349
0.0000
523.3558
304.9753
294.1668
295.7135
297.7104
300.3222
302.6775
304.9948
306.0673
309.3432
310.0743
310.9487
0.0000
595.7186
326.7080
314.4044
312.9781
312.1426
313.3895
313.6491
313.7301
313.7787
313.7934
317.3103
319.0449
0.0000
620.4180
332.2318
321.4389
319.4869
317.9782
316.4360
316.8135
316.0526
313.6456
311.2614
308.7439
306.0697
0.0000
582.5736
319.6578
305.0273
304.0805
303.6513
303.2251
299.2330
299.0466
298.8491
298.7001
298.5910
298.4937
0.0000
568.3872
313.1649
299.3581
298.4655
297.9162
295.1475
294.8534
294.5577
294.2961
293.9193
292.9471
291.5947
0.0000
545.7642
301.3431
286.2772
283.5239
281.1938
278.7516
276.1578
273.4609
270.7074
268.3094
266.0472
263.8104
0.0000
469.9797
270.2771
256.4261
252.4882
248.8550
245.2635
241.6605
238.0355
234.6837
231.4506
228.4769
225.9863
0.0000
373.2927
228.2350
225.1521
225.1521
225.1521
225.1521
225.1521
225.1521
225.1521
225.1521
225.1521
225.1521
0.0000
293.5281
225.1521
225.1521
225.1521
225.1521
225.1521
225.1521
225.1521
225.1521
225.1521
225.1521
225.1521
0.0000
270.3693
225.1521
225.1521
225.1521
225.1521
225.1521
225.1521
225.1521
225.1521
225.1521
225.1521
225.1521
0.0000
263.0836
225.1521
225.1521
225.1521
225.1521
225.1521
225.1521
225.1521
225.1521
225.1521
225.1521
225.1521
0.0000
255.6907
225.1521
225.1521
225.1521
225.1521
225.1521
225.1521
225.1521
225.1521
225.1521
225.1521
225.1521
0.0000
249.5240
225.1521
225.1521
225.1521
225.1521
225.1521
225.1521
225.1521
225.1521
225.1521
225.1521
225.1521
0.0000
240.4811
225.1521
225.1521
225.1521
225.1521
225.1521
225.1521
450.8232
450.0897
449.4814
448.8978
448.3208
0.0000
531.4787
451.9773
447.2823
446.1227
445.2686
444.4903
443.6988
442.9052
442.1020
441.2951
440.4662
439.6557
0.0000
515.1357
442.1340
437.6709
436.3871
443.8849
447.5243
448.4459
448.9888
449.3154
449.4850
449.5337
446.7489
0.0000
497.5195
432.0882
428.1948
427.0724
426.1450
425.2873
424.4640
423.6599
422.8679
422.0850
421.3101
420.5456
0.0000
480.1513
422.0619
419.9593
1092.8986
608.4560
583.1120
578.4454
576.1189
574.7955
574.0628
573.7644
573.8014
0.0000
973.2354
671.3804
1331.2684
1270.4675
1116.7762
1080.9886
1097.0402
1112.1119
1124.6480
1135.8183
1144.9539
1154.1605
1163.3617
1172.4135
1491.0660
1484.7476
1427.7117
1424.1030
1422.9203
1422.1825
1421.8748
1421.8838
1686.4946
1704.6704
1704.4608
1709.2466
1452.4737
1513.5135
1509.6604
1507.3324
1513.5460
1515.3499
1514.9837
1514.4601
1513.5250
1521.6064
1795.1249
1804.6082
1810.1693
1828.1793
1567.6576
1839.0040
1571.5446
1566.0130
1564.8871
1570.2587
1570.3450
1568.2825
1566.0510
1570.1031
1574.1805
1578.1590
1576.1257
1849.1791
1865.7304
1872.7781
1876.5129
1603.1555
1601.5252
1605.9959
1606.7010
1606.1201
1604.3624
1647.0774
1649.3252
1647.7080
1645.6906
1654.0298
1937.0099
1942.5395
1945.8041
1956.7779
1963.6793
1963.9735
1964.2297
1964.4491
1964.6558
1964.8633
1965.0884
1965.3769
1965.6857
1964.1076
1963.7513
1963.9239
1964.2027
1964.5308
1964.9409
1965.3908
1965.8433
1966.2833
1966.7050
1967.1040
1967.8663
1968.8319
1969.8844
1971.0083
1972.1986
1973.4524
1974.5434
1866.4803
1739.5637
1726.4965
1730.4196
1733.7868
1729.2507
1722.2074
1714.6472
1712.7761
1710.3587
1702.3221
1692.8058
1966.0778
1969.8790
1685.4106
1956.2661
1666.9154
1650.2547
1641.4872
1642.7063
1638.9382
1633.2274
1627.4655
1622.0207
1672.8335
1671.5902
1666.4793
1660.0828
1660.6609
1661.1586
1656.5651
1650.1479
1649.7095
1650.5165
1649.8615
1644.3749
1563.6430
1564.9498
1561.0268
1553.8492
1536.8809
1526.6468
1515.7887
1511.7000
1503.6190
1490.4829
1478.1322
1466.6970
1434.8280
1424.4734
1420.0361
1412.5002
1401.8572
1393.6326
1386.5576
1379.9690
1373.2272
1366.4888
1364.5298
1361.0990
1327.5582
1320.9286
1315.7940
1311.1043
1306.6200
1302.3591
1298.1804
1294.0450
1290.1336
1291.6855
1546.0301
1559.2777
1570.6571
1587.2109
1595.3607
1603.1162
1602.6451
1601.9246
1600.9254
1586.6569
1590.3806
1589.6964
1564.7424
1563.0370
1514.6546
1514.2512
1505.2446
1504.0003
1256.3368
1250.4655
1245.2264
1241.4852
1238.1877
1235.2790
1232.6657
419.9593
419.9593
419.9593
419.9593
419.9593
419.9593
419.9593
421.0861
443.7096
446.5736
448.4227
449.8443
0.0000
236.8202
225.1521
225.1521
225.1521
225.1521
225.1521
225.1521
225.1521
225.1521
225.1521
225.1521
2345.5902
0.0000
2345.5902
2345.5902
2345.5902
2345.5902
2345.5902
2345.5902
2345.5902
2345.5902
2345.5902
2345.5902
2345.5902
2345.5902
0.0000
2345.5902
2345.5902
2345.5902
2345.5902
2345.5902
2345.5902
2345.5902
2345.5902
2345.5902
2345.5902
2345.5902
2345.5902
0.0000
2345.5902
2345.5902
2345.5902
2345.5902
2345.5902
2345.5902
2345.5902
2345.5902
2345.5902
2345.5902
2345.5902
2345.5902
0.0000
2345.5902
2345.5902
2345.5902
2345.5902
2345.5902
2345.5902
2345.5902
2345.5902
2345.5902
2345.5902
2345.5902
2345.5902
0.0000
2345.5902
2345.5902
2345.5902
2345.5902
2345.5902
2345.5902
2345.5902
2345.5902
2345.5902
2345.5902
2345.5902
2345.5902
0.0000
2345.5902
2345.5902
2345.5902
2345.5902
2345.5902
2345.5902
2345.5902
2345.5902
2345.5902
2345.5902
2345.5902
2345.5902
2345.5902
2345.5902
2345.5902
2345.5902
2345.5902
1985.2265
1283.5536
748.5901
689.5326
482.4301
357.4649
290.6233
256.8603
243.4665
235.9159
228.8646
225.1521
225.1521
225.1521
225.1521
225.1521
225.1521
225.1521
225.1521
225.1521
225.1521
225.1521
225.1521
225.1521
225.1521
225.1521
225.1521
225.1521
225.1521
225.1521
225.1521
225.1521
225.1521
225.1521
225.1521
225.1521
225.1521
225.1521
225.1521
225.1521
225.1521
225.1521
225.1521
225.1521
225.1521
225.1521
225.1521
225.1521
225.1521
225.1521
225.1521
225.1521
225.1521
225.1521
225.1521
225.1521
225.1521
225.1521
225.1521
225.1521
225.1521
225.1521
229.6788
237.9338
240.8451
242.3998
243.4118
243.3017
236.6751
234.6339
227.3570
225.1521
225.1521
225.1521
225.1521
225.1521
225.1521
225.1521
225.1521
225.1521
225.1521
225.1521
225.1521
225.1521
225.1521
225.1521
225.1521
225.1521
225.1521
225.1521
225.1521
225.1521
225.1521
225.1521
225.1521
225.1521
225.1521
225.1521
225.1521
225.1521
225.1521
225.1521
225.1521
225.1521
225.1521
225.1521
225.1521
225.1521
225.1521
225.1521
225.1521
225.1521
225.1521
225.1521
225.1521
225.1521
225.1521
225.1521
225.1521
225.1521
225.1521
225.1521
225.1521
225.1521
225.1521
225.1521
225.1521
225.1521
225.1521
225.1521
225.1521
225.1521
225.1521
225.1521
225.1521
225.1521
225.1521
225.1521
225.1521
225.1521
225.1521
225.1521
225.1521
225.1521
225.1521
225.1521
225.1521
225.1521
225.1521
225.1521
225.1521
225.1521
225.1521
225.1521
225.1521
225.1521
225.1521
225.1521
225.1521
225.1521
225.1521
225.1521
225.1521
225.1521
225.1521
225.1521
225.1521
225.1521
225.1521
225.1521
225.1521
225.1521
225.1521
225.1521
225.1521
225.1521
225.1521
225.1521
225.1521
225.1521
2345.5902
2345.5902
2345.5902
2345.5902
2345.5902
2345.5902
2345.5902
2345.5902
2345.5902
2345.5902
2345.5902
2345.5902
0.0000
2345.5902
2345.5902
2345.5902
2345.5902
2345.5902
2345.5902
2345.5902
2345.5902
2345.5902
2345.5902
2345.5902
2345.5902
0.0000
2345.5902
2345.5902
2345.5902
2345.5902
2345.5902
2345.5902
2345.5902
2345.5902
2345.5902
2345.5902
2345.5902
2345.5902
0.0000
2345.5902
2345.5902
2345.5902
2345.5902
2345.5902
2345.5902
2345.5902
2345.5902
2345.5902
2345.5902
2345.5902
2345.5902
0.0000
2345.5902
2345.5902
2345.5902
2345.5902
2345.5902
2345.5902
2345.5902
2345.5902
2345.5902
2345.5902
2345.5902
2345.5902
0.0000
2345.5902
2345.5902
2345.5902
2345.5902
2345.5902
2345.5902
2345.5902
2345.5902
2345.5902
2345.5902
2345.5902
2345.5902
0.0000
2345.5902
2345.5902
2345.5902
2345.5902
2345.5902
2345.5902
2345.5902
2345.5902
2345.5902
2345.5902
2345.5902
2345.5902
0.0000
2345.5902
2345.5902
2345.5902
2345.5902
2345.5902
2345.5902
2345.5902
2345.5902
2345.5902
2345.5902
2345.5902
2345.5902
2345.5902
2345.5902
2345.5902
2345.5902
2345.5902
1956.9542
1122.0264
704.9185
555.7474
345.1349
272.9680
232.4009
225.1521
225.1521
225.1521
225.1521
225.1521
225.1521
225.1521
225.1521
225.1521
225.1521
225.1521
225.1521
225.1521
225.1521
225.1521
225.1521
225.1521
225.1521
225.1521
225.1521
225.1521
225.1521
225.1521
225.1521
225.1521
225.1521
225.1521
225.1521
225.1521
225.1521
225.1521
225.1521
225.1521
225.1521
225.1521
225.1521
225.1521
225.1521
225.1521
225.1521
225.1521
225.1521
225.1521
225.1521
225.1521
225.1521
225.1521
225.1521
225.1521
225.1521
225.1521
225.1521
225.1521
225.1521
225.1521
226.5808
232.7993
244.0404
243.7492
242.7025
243.4463
242.3715
238.2351
233.6892
225.1521
225.1521
225.1521
225.1521
225.1521
225.1521
225.1521
225.1521
225.1521
225.1521
225.1521
225.1521
225.1521
225.1521
225.1521
225.1521
225.1521
225.1521
225.1521
225.1521
225.1521
225.1521
225.1521
225.1521
225.1521
225.1521
225.1521
225.1521
225.1521
225.1521
225.1521
225.1521
225.1521
225.1521
225.1521
225.1521
225.1521
225.1521
225.1521
225.1521
225.1521
225.1521
225.1521
225.1521
225.1521
225.1521
225.1521
225.1521
225.1521
225.1521
225.1521
225.1521
225.1521
225.1521
225.1521
225.1521
225.1521
225.1521
225.1521
225.1521
225.1521
225.1521
225.1521
225.1521
225.1521
225.1521
225.1521
225.1521
225.1521
225.1521
225.1521
225.1521
225.1521
225.1521
225.1521
225.1521
225.1521
225.1521
225.1521
225.1521
225.1521
225.1521
225.1521
225.1521
225.1521
225.1521
225.1521
225.1521
225.1521
225.1521
225.1521
225.1521
225.1521
225.1521
225.1521
225.1521
225.1521
225.1521
225.1521
225.1521
225.1521
225.1521
225.1521
225.1521
225.1521
225.1521
225.1521
225.1521
225.1521
2345.5902
2345.5902
2345.5902
2345.5902
2345.5902
2345.5902
2345.5902
2345.5902
2345.5902
2345.5902
2345.5902
2345.5902
0.0000
2345.5902
2345.5902
2345.5902
2345.5902
2345.5902
2345.5902
2345.5902
2345.5902
2345.5902
2345.5902
2345.5902
225.1521
0.0000
0.0000
0.0000
0.0000
249.5519
225.1521
225.1521
225.1521
225.1521
225.1521
225.1521
225.1521
225.1521
225.1521
225.1521
225.1521
0.0000
267.1236
225.1521
225.1521
225.1521
225.1521
225.1521
225.1521
225.1521
225.1521
225.1521
225.1521
225.1521
0.0000
259.2689
225.1521
225.1521
225.1521
225.1521
225.1521
225.1521
225.1521
225.1521
225.1521
225.1521
225.1521
0.0000
242.3929
225.1521
225.1521
225.1521
225.1521
225.1521
225.1521
225.1521
225.1521
225.1521
225.1521
225.1521
0.0000
226.3467
225.1521
225.1521
838.4664
431.8897
332.4432
328.6333
326.7543
325.4666
324.6384
324.1308
325.1408
0.0000
751.5678
376.7268
875.2169
770.3561
701.2826
670.1415
662.2534
671.8202
685.2806
694.2700
701.2778
707.9763
714.5864
721.2080
1263.1821
1176.5795
1140.2887
1141.5731
1149.2673
1156.6697
1164.5934
1414.4374
1439.0746
1469.6822
1491.5469
1499.3950
1358.8273
1427.0578
1422.0349
1431.3762
1435.0697
1444.2740
1447.1352
1444.9245
1448.5030
1444.3119
1721.7316
1468.3013
1735.8596
1541.2827
1541.8523
1293.1627
1293.6036
1292.4037
1290.4379
1288.8342
1295.7219
1299.0156
1299.2588
1298.9154
1300.8488
1313.5059
1316.5443
1317.2842
1317.7177
1324.2497
1331.5704
1335.1916
1598.3539
1609.0921
1632.3318
1636.6130
1635.0512
1634.8320
1635.4274
1636.1317
1636.8753
1637.6355
1638.0529
1638.2807
1638.4341
1638.5339
1638.5900
1638.6108
1638.4087
1638.1012
1637.7755
1637.4685
1637.2184
1632.3812
1635.0148
1638.0969
1640.6795
1643.5673
1646.7468
1650.2087
1654.0907
1658.2641
1662.6162
1745.9542
1977.9301
1993.6550
2001.8426
1777.1584
1733.0082
1698.8874
1694.0970
1690.4807
1687.4227
1684.4226
1681.2700
1677.9895
1674.4665
1670.6538
1670.4444
1671.8600
1727.9678
1671.3192
1668.8909
1678.0310
1684.2879
1944.7684
1955.8261
1696.3873
1976.6404
1765.4076
1748.8289
1759.4763
1763.4044
1766.7603
1774.3544
1776.7266
1777.1243
1827.5454
1829.2018
1838.1825
1840.8489
1840.5801
1837.6539
1840.8016
1836.5940
1828.6333
1821.3940
1823.0617
1815.0881
1646.4123
1617.0005
1602.5387
1586.0320
1550.2284
1317.3907
1491.3521
1474.5770
1450.0383
1428.9869
1401.0495
1376.2436
1329.9561
1304.4988
1285.8205
1254.7405
1216.2098
1193.2945
994.9249
977.2510
958.6324
941.7806
926.1850
914.6136
884.7408
879.7717
876.3907
1002.4115
1017.9784
1012.7292
1006.6055
999.8395
992.7288
1205.9652
1209.4980
1223.4829
1075.0619
1097.8313
1098.1061
1097.1123
1095.5897
1093.8353
1091.9352
1089.9315
1081.2375
1065.9746
1089.4169
1171.7361
923.0292
920.9377
916.5267
913.0563
909.8915
906.9603
904.2345
901.5061
898.8109
896.1513
893.5635
0.0000
0.0000
0.0000
0.0000
0.0000
229.8349
225.1521
225.1521
225.1521
225.1521
225.1521
225.1521
225.1521
225.1521
225.1521
225.1521
225.1521
0.0000
240.7808
225.1521
225.1521
225.1521
225.1521
225.1521
225.1521
225.1521
225.1521
225.1521
225.1521
225.1521
0.0000
239.5414
225.1521
225.1521
225.1521
225.1521
225.1521
225.1521
225.1521
225.1521
225.1521
225.1521
225.1521
0.0000
234.8159
225.1521
225.1521
225.1521
225.1521
225.1521
225.1521
225.1521
225.1521
225.1521
225.1521
225.1521
0.0000
230.2851
225.1521
225.1521
225.1521
225.1521
225.1521
225.1521
225.1521
225.1521
225.1521
225.1521
225.1521
0.0000
226.4272
225.1521
225.1521
225.1521
225.1521
225.1521
225.1521
225.1521
225.1521
225.1521
225.1521
225.1521
0.0000
225.1521
883.1136
374.1531
326.4609
322.7752
321.3108
320.7398
320.7382
321.1434
321.8509
322.7681
352.1837
0.0000
1072.8061
910.3094
806.3646
692.4922
665.5086
677.7734
685.9918
692.4493
698.2434
703.5526
708.4767
713.1054
1321.8569
1194.3462
1190.1424
1141.6411
1143.9250
1147.9604
1157.0086
1160.3173
1430.4359
1460.3250
1481.0904
1477.7410
1583.4803
1398.1143
1398.8909
1406.8569
1403.2003
1398.0296
1398.8795
1665.7798
1681.4848
1690.2459
1687.1838
1691.1604
1491.1675
1493.6768
1245.9955
1238.2845
1232.8838
1233.5189
1237.6894
1238.2689
1237.7364
1237.3831
1244.7979
1249.4694
1483.5066
1484.1194
1485.5356
1765.1236
1777.0180
1783.1125
1787.2567
1525.0379
1525.0196
1523.5604
1521.8486
1521.3100
1527.9576
1833.5447
1832.8437
1833.6335
1834.3823
1835.2885
1836.1225
1926.1541
1926.3456
1926.8399
1927.2656
1927.6234
1927.8290
1927.9844
1928.1084
1928.2040
1928.2976
1928.4597
1929.3449
1931.1794
1933.5733
1936.4732
1939.8031
1943.4970
1947.5923
1952.0083
1956.6783
1961.5605
1966.6742
1971.8510
1977.5914
1983.6753
1980.2111
1937.4710
1939.0275
1944.8930
1948.1026
1952.8586
1958.0931
1962.2667
1967.6040
1840.1062
1820.8122
1814.2594
1811.0662
1735.8638
1637.2208
1621.9740
1612.9408
1607.8642
1775.8063
1801.0858
1799.9330
1924.1069
1847.1241
1840.4806
1833.6270
1826.0820
1818.9021
1812.4348
1815.0995
1863.9428
1856.2365
1848.5002
1847.3210
1847.3793
1839.6751
1828.8493
1823.1020
1819.9323
1810.7368
1798.9464
1790.4107
1621.6397
1587.1617
1553.9305
1528.6891
1496.8334
1475.3874
1459.1272
1437.8848
1422.7465
1399.7468
1376.8467
2345.5902
2345.5902
2345.5902
2345.5902
2345.5902
2345.5902
2345.5902
2345.5902
2345.5902
2345.5902
2345.5902
2345.5902
2345.5902
2345.5902
2345.5902
2345.5902
2345.5902
2345.5902
2345.5902
2345.5902
2345.5902
2345.5902
2345.5902
2345.5902
2345.5902
2345.5902
2345.5902
2345.5902
2345.5902
2345.5902
2345.5902
2345.5902
2345.5902
2345.5902
2345.5902
2345.5902
2345.5902
2345.5902
2345.5902
2345.5902
2345.5902
2345.5902
2345.5902
2345.5902
2345.5902
2345.5902
2345.5902
2345.5902
2345.5902
2345.5902
2345.5902
2345.5902
2345.5902
2345.5902
2345.5902
2345.5902
2345.5902
2345.5902
2345.5902
2345.5902
0.0000
2345.5902
2345.5902
2345.5902
2345.5902
2345.5902
2345.5902
2345.5902
2345.5902
2345.5902
2345.5902
2345.5902
2345.5902
0.0000
2345.5902
2345.5902
2345.5902
2345.5902
2345.5902
2345.5902
2345.5902
2345.5902
2345.5902
2345.5902
2345.5902
2345.5902
0.0000
2345.5902
2345.5902
2345.5902
2345.5902
2345.5902
2345.5902
2345.5902
2345.5902
2345.5902
2345.5902
2345.5902
2345.5902
0.0000
2345.5902
2345.5902
2345.5902
2345.5902
2345.5902
2345.5902
2345.5902
2345.5902
2345.5902
2345.5902
2345.5902
2345.5902
0.0000
2345.5902
2345.5902
2345.5902
2345.5902
2345.5902
2345.5902
2345.5902
2345.5902
2345.5902
2345.5902
2345.5902
2345.5902
0.0000
2345.5902
2345.5902
2345.5902
2345.5902
2345.5902
2345.5902
2345.5902
2345.5902
2345.5902
2345.5902
2345.5902
2345.5902
0.0000
2345.5902
2345.5902
2345.5902
2345.5902
2345.5902
2345.5902
2345.5902
2345.5902
2345.5902
2345.5902
2345.5902
2345.5902
2345.5902
2345.5902
2345.5902
2345.5902
2345.5902
2345.5902
2345.5902
2345.5902
2345.5902
2345.5902
2345.5902
2345.5902
2345.5902
2345.5902
2345.5902
2345.5902
2345.5902
2345.5902
2345.5902
2345.5902
2345.5902
2345.5902
2345.5902
2345.5902
2345.5902
2345.5902
2345.5902
2345.5902
2345.5902
2345.5902
2345.5902
2345.5902
2345.5902
2345.5902
2345.5902
2345.5902
2345.5902
2345.5902
2345.5902
2345.5902
2345.5902
2345.5902
2345.5902
2345.5902
2345.5902
2345.5902
2345.5902
2345.5902
2345.5902
2345.5902
2345.5902
2345.5902
2345.5902
2345.5902
2345.5902
2345.5902
2345.5902
2345.5902
2345.5902
2345.5902
2345.5902
2345.5902
2345.5902
2345.5902
2345.5902
2345.5902
2345.5902
2345.5902
2345.5902
2345.5902
2345.5902
2345.5902
2345.5902
2345.5902
2345.5902
2345.5902
2345.5902
2345.5902
2345.5902
2345.5902
2345.5902
2345.5902
2345.5902
2345.5902
2345.5902
2345.5902
2345.5902
2345.5902
2345.5902
2345.5902
2345.5902
2345.5902
2345.5902
2345.5902
2345.5902
2345.5902
2345.5902
2345.5902
2345.5902
2345.5902
2345.5902
2345.5902
2345.5902
2345.5902
2345.5902
2345.5902
2345.5902
2345.5902
2345.5902
2345.5902
2345.5902
2345.5902
2345.5902
2345.5902
2345.5902
2345.5902
2345.5902
2345.5902
2345.5902
2345.5902
2345.5902
2345.5902
2345.5902
2345.5902
2345.5902
2345.5902
2345.5902
2345.5902
2345.5902
2345.5902
2345.5902
2345.5902
2345.5902
2345.5902
2345.5902
2345.5902
2345.5902
2345.5902
2345.5902
2345.5902
2345.5902
2345.5902
2345.5902
2345.5902
2345.5902
2345.5902
2345.5902
2345.5902
2345.5902
0.0000
2345.5902
2345.5902
2345.5902
2345.5902
2345.5902
2345.5902
2345.5902
2345.5902
2345.5902
2345.5902
2345.5902
2345.5902
0.0000
2345.5902
2345.5902
2345.5902
2345.5902
2345.5902
2345.5902
2345.5902
2345.5902
2345.5902
2345.5902
2345.5902
2345.5902
0.0000
2345.5902
2345.5902
2345.5902
2345.5902
2345.5902
2345.5902
2345.5902
2345.5902
2345.5902
2345.5902
2345.5902
2345.5902
0.0000
2345.5902
2345.5902
2345.5902
2345.5902
2345.5902
2345.5902
2345.5902
2345.5902
2345.5902
2345.5902
2345.5902
2345.5902
0.0000
2345.5902
2345.5902
2345.5902
2345.5902
2345.5902
2345.5902
2345.5902
2345.5902
2345.5902
2345.5902
2345.5902
2345.5902
0.0000
2345.5902
2345.5902
2345.5902
2345.5902
2345.5902
2345.5902
2345.5902
2345.5902
2345.5902
2345.5902
2345.5902
2345.5902
0.0000
2345.5902
2345.5902
2345.5902
2345.5902
2345.5902
2345.5902
2345.5902
2345.5902
2345.5902
2345.5902
2345.5902
2345.5902
0.0000
2345.5902
2345.5902
2345.5902
2345.5902
2345.5902
2345.5902
2345.5902
2345.5902
2345.5902
2345.5902
2345.5902
2345.5902
0.0000
2345.5902
2345.5902
2345.5902
2345.5902
2345.5902
2345.5902
2345.5902
2345.5902
2345.5902
2345.5902
2345.5902
2345.5902
0.0000
2345.5902
2345.5902
2345.5902
2345.5902
2345.5902
2345.5902
2345.5902
2345.5902
2345.5902
2345.5902
2345.5902
2345.5902
0.0000
2345.5902
2345.5902
2345.5902
2345.5902
2345.5902
2345.5902
2345.5902
2345.5902
2345.5902
2345.5902
2345.5902
2345.5902
0.0000
2345.5902
2345.5902
2345.5902
2345.5902
2345.5902
2345.5902
2345.5902
2345.5902
2345.5902
2345.5902
2345.5902
2345.5902
0.0000
2345.5902
2345.5902
2345.5902
2345.5902
2345.5902
2345.5902
2345.5902
2345.5902
2345.5902
2345.5902
2345.5902
2345.5902
0.0000
2345.5902
2345.5902
2345.5902
2345.5902
2345.5902
2345.5902
2345.5902
2345.5902
2345.5902
2345.5902
2345.5902
2345.5902
0.0000
2345.5902
2345.5902
2345.5902
2345.5902
2345.5902
2345.5902
2345.5902
2345.5902
2345.5902
2345.5902
2345.5902
2345.5902
0.0000
2345.5902
2345.5902
2345.5902
2345.5902
2345.5902
2345.5902
2345.5902
2345.5902
2345.5902
2345.5902
2345.5902
2345.5902
0.0000
2345.5902
2345.5902
2345.5902
2345.5902
2345.5902
2345.5902
2345.5902
2345.5902
2345.5902
2345.5902
2345.5902
2345.5902
0.0000
2345.5902
2345.5902
2345.5902
2345.5902
2345.5902
2345.5902
2345.5902
2345.5902
2345.5902
2345.5902
2345.5902
2345.5902
0.0000
2345.5902
2345.5902
2345.5902
2345.5902
2345.5902
2345.5902
2345.5902
2345.5902
2345.5902
2345.5902
2345.5902
2345.5902
0.0000
2345.5902
2345.5902
2345.5902
2345.5902
2345.5902
2345.5902
2345.5902
2345.5902
2345.5902
2345.5902
2345.5902
2345.5902
0.0000
2345.5902
2345.5902
2345.5902
2345.5902
2345.5902
2345.5902
2345.5902
2345.5902
2345.5902
2345.5902
2345.5902
2345.5902
0.0000
2345.5902
2345.5902
2345.5902
2345.5902
2345.5902
2345.5902
2345.5902
2345.5902
2345.5902
2345.5902
2345.5902
2345.5902
0.0000
2345.5902
2345.5902
2345.5902
2345.5902
2345.5902
2345.5902
2345.5902
2345.5902
2345.5902
2345.5902
2345.5902
2345.5902
0.0000
2345.5902
2345.5902
2345.5902
2345.5902
2345.5902
2345.5902
2345.5902
2345.5902
2345.5902
2345.5902
2345.5902
2345.5902
0.0000
2345.5902
2345.5902
2345.5902
2345.5902
2345.5902
2345.5902
2345.5902
2345.5902
2345.5902
2345.5902
2345.5902
2345.5902
0.0000
2345.5902
2345.5902
2345.5902
2345.5902
2345.5902
2345.5902
2345.5902
2345.5902
2345.5902
2345.5902
2345.5902
2345.5902
0.0000
2345.5902
2345.5902
2345.5902
2345.5902
2345.5902
2345.5902
2345.5902
2345.5902
2345.5902
2345.5902
2345.5902
2345.5902
0.0000
2345.5902
2345.5902
2345.5902
2345.5902
2345.5902
2345.5902
2345.5902
2345.5902
2345.5902
2345.5902
2345.5902
2345.5902
0.0000
2345.5902
2345.5902
2345.5902
2345.5902
2345.5902
2345.5902
2345.5902
2345.5902
2345.5902
2345.5902
2345.5902
2345.5902
0.0000
2345.5902
2345.5902
2345.5902
2345.5902
2345.5902
2345.5902
2345.5902
2345.5902
2345.5902
2345.5902
2345.5902
2345.5902
0.0000
2345.5902
2345.5902
2345.5902
2345.5902
2345.5902
2345.5902
2345.5902
2345.5902
2345.5902
2345.5902
2345.5902
2345.5902
0.0000
2345.5902
2345.5902
2345.5902
2345.5902
225.1521
225.1521
225.1521
225.1521
225.1521
225.1521
225.1521
225.1521
0.0000
361.5856
370.0240
418.3348
959.5397
847.3698
741.8026
689.6583
664.4967
653.2928
644.2496
638.0510
634.3486
636.9057
632.0439
632.7818
1252.5223
1096.1580
1060.0706
1061.6538
1077.4129
1085.9269
1091.8327
1320.5824
1347.3141
1369.3747
1369.8520
1370.6130
1224.0605
1292.0569
1311.7006
1320.4980
1326.2937
1332.5330
1338.0409
1349.7226
1348.9780
1345.3657
1600.5270
1350.8165
1613.2619
1429.7269
1430.7761
1187.5157
1183.1651
1188.2405
1189.2353
1188.5961
1433.2835
1444.6293
1456.5344
1215.4024
1211.6721
1213.5254
1221.2704
1226.0823
1227.4485
1228.0538
1232.1168
1242.6521
1245.7767
1499.5629
1509.6469
1525.0325
1535.9380
1319.2208
1314.2049
1312.3654
1573.1271
1573.7704
1575.1289
1576.0200
1576.7285
1581.5059
1583.8969
1585.2455
1586.5993
1587.7081
1588.9034
1589.8685
1590.9904
1592.1501
1594.4333
1597.5650
1601.3009
1601.1379
1604.0277
1608.7282
1613.8927
1619.5307
1625.5851
1631.5879
1638.3030
1645.5039
1651.8639
1657.9021
1663.8209
1669.5984
1675.2099
1567.0870
1552.5564
1674.8789
1685.1675
1692.8566
1694.9154
1478.7531
1473.5665
1691.6633
1705.0627
1712.8230
1717.6723
1730.2195
1744.2173
1747.4671
1748.9882
1748.3622
1993.5499
1778.4185
1761.3325
1760.9350
1758.7235
1756.2589
1753.7692
1756.9880
1760.9040
1811.1747
1806.9235
1803.5455
1810.6101
1811.2093
1802.3239
1790.4616
1788.0638
1779.8369
1766.8566
1752.4066
1745.4001
1539.9904
1499.1269
1465.9473
1427.5541
1391.4691
1374.5371
1350.1616
1140.6047
1308.2046
1300.1203
1083.2540
1246.9845
1218.1866
1201.3642
1182.5007
1163.4338
1145.0151
946.6240
932.8842
919.1682
911.9024
904.2420
897.0632
890.2805
863.6209
858.5183
981.4133
994.6246
991.6432
989.3845
995.0583
990.8124
986.2630
1207.0439
1207.9769
1216.8544
1239.5035
1239.3979
1253.5201
1085.8848
1092.3844
1096.1325
1096.1862
1095.3702
1087.7049
1073.4274
1145.9909
1197.7293
1152.2775
1154.6188
1154.9486
942.1586
939.1487
936.7681
936.7028
934.3656
932.1136
930.0541
928.2007
0.0000
0.0000
0.0000
0.0000
225.1521
225.1521
225.1521
225.1521
225.1521
225.1521
225.1521
225.1521
225.1521
225.1521
225.1521
225.1521
0.0000
261.6178
225.1521
225.1521
225.1521
225.1521
225.1521
