23.1248
23.1242
23.1227
23.1203
23.1172
23.1135
23.1092
23.1044
23.0992
23.0936
23.0876
23.0813
23.0746
23.0688
23.0637
23.0593
23.0554
23.0519
23.0487
23.0459
23.0433
23.0409
23.0387
23.0367
23.0348
23.0329
23.0310
23.0291
23.0272
23.0252
23.0232
23.0212
23.0191
23.0170
23.0150
23.0129
23.0108
23.0088
23.0069
23.0051
23.0034
23.0018
23.0003
22.9989
22.9975
22.9963
22.9950
22.9939
22.9927
22.9914
22.9900
22.9884
22.9866
22.9847
22.9827
22.9806
22.9783
22.9760
22.9736
22.9712
22.9687
22.8208
22.6953
22.5961
22.5169
22.4534
22.4021
22.3602
22.3257
22.2969
22.2726
22.2952
22.3261
22.3614
22.3948
22.4319
22.4682
22.5023
22.5339
22.5627
22.5892
22.6142
22.6377
22.6597
22.6803
22.7039
22.7220
22.7396
22.7573
22.7744
22.7913
22.8074
22.8244
22.8393
22.8541
22.8683
22.8826
22.8949
22.9077
22.9189
22.9296
22.9396
22.9491
22.9581
22.9666
22.9749
22.9829
22.9919
22.9984
23.0076
23.0153
23.0239
23.0317
23.0410
23.2025
23.3335
23.4427
23.5357
23.6165
23.6865
23.7477
23.8009
23.8474
23.8874
23.9218
23.9518
23.9782
24.0013
24.0218
24.0401
24.0566
24.0716
24.0854
24.0983
24.1105
24.1221
24.1332
24.1440
23.9898
24.0050
24.0056
24.0154
24.0323
24.0529
24.0756
24.0965
24.1166
24.1355
24.1534
24.1700
24.1856
24.0036
23.9462
23.8920
23.8432
23.8006
23.7640
23.7323
23.7054
23.6830
23.6644
23.6488
23.6360
23.6248
23.6146
23.6053
23.5966
23.5874
23.5801
23.5719
23.5627
23.5531
23.5429
23.5323
23.5215
23.5111
23.5012
23.4928
23.4840
23.4756
23.4676
23.4607
23.4546
23.4494
23.4451
23.4423
23.4371
23.4334
23.4297
23.4261
23.4225
23.4191
23.4157
23.4101
23.4026
23.3931
23.3824
23.3708
23.3582
23.3439
23.3273
23.3090
23.2889
23.2673
23.2442
23.2212
23.1976
23.1749
23.1520
23.1288
23.1060
23.0843
23.0623
23.0423
23.0227
23.0036
22.9852
22.9666
22.9476
22.9280
22.9092
22.8901
22.8705
22.8513
22.8320
22.8138
22.7960
22.7785
22.7613
22.7449
22.7290
22.7139
22.6995
22.6855
22.6720
22.6589
22.6464
22.6342
22.6222
22.6114
22.6001
22.5891
22.5780
22.5676
22.5572
22.5469
22.5366
22.5263
22.5160
22.5057
22.4954
22.4851
22.4749
22.4654
22.4567
22.4489
22.4407
22.4342
22.4280
22.4221
22.4164
22.4110
22.4059
22.4009
22.3961
22.5361
22.6459
22.7336
22.8047
22.8629
22.9114
22.9523
22.9865
23.0152
23.0393
23.0598
23.0772
23.0920
23.1048
23.1159
23.1256
23.1340
23.1414
23.1478
23.1534
23.1567
23.1595
23.1620
23.1642
23.1659
23.1669
23.1681
23.1719
23.1777
23.1862
23.0513
22.9364
22.8498
22.7861
22.7401
22.7079
22.6868
22.6742
22.6683
22.6675
22.6703
22.6758
22.8315
22.9628
23.0744
23.0247
22.9820
22.9519
22.9312
22.9183
22.9128
22.9127
22.9169
22.9240
22.9335
22.9445
22.9567
23.1186
23.1037
23.0893
23.0819
23.0797
23.0813
23.0856
23.0919
23.0995
23.1080
23.1172
23.1267
23.1364
23.2983
23.2781
23.2598
23.2472
23.2395
23.2355
23.2340
23.2344
23.2361
23.2387
23.2420
23.2457
23.2496
23.4079
23.3850
23.3588
23.3427
23.3329
23.3271
23.3244
23.3238
23.3248
23.3270
23.3300
23.3944
23.4735
23.5429
23.5945
23.6391
23.6740
23.6997
23.7192
23.7326
23.7414
23.7472
23.7510
23.7534
23.7549
23.7583
23.7593
23.7598
23.7608
23.7619
23.7634
23.7668
23.7740
23.7825
23.7929
23.8051
23.8188
23.8354
23.8550
23.8753
23.8964
23.9182
23.9405
23.9619
23.9821
24.0012
24.0025
24.0025
24.0026
24.0026
24.0026
24.0026
24.0026
24.0027
24.0027
24.0027
24.0027
24.0027
24.0027
24.0027
24.0027
24.0027
24.0028
24.0028
24.0027
24.0027
24.0027
24.0027
24.0027
24.0027
24.0027
24.0027
24.0027
24.0027
24.0027
24.0027
24.0027
24.0027
24.0027
24.0027
24.0026
24.0026
24.0026
24.0026
24.0026
24.0026
24.0025
24.0025
24.0025
24.0024
24.0024
24.0024
24.0024
24.0023
24.0023
24.0023
24.0023
25.1488
26.0222
26.6603
26.6746
26.6742
26.6739
26.6737
26.6736
26.6735
26.6734
26.6733
26.6732
26.6731
26.6731
26.6730
26.6730
26.6730
26.6730
26.6729
26.6729
26.6728
26.6728
26.6728
26.6727
26.6727
26.6727
26.6727
26.6727
26.6726
26.6726
26.6726
26.6726
26.6726
26.6726
26.6726
26.6726
26.6726
26.6726
26.6726
26.6726
26.6726
26.6726
26.6726
26.6727
26.6727
26.6727
26.6727
26.6728
25.4844
24.5963
24.0250
24.0022
24.0016
24.0015
24.0014
24.0013
24.0013
24.0012
24.0012
24.0011
24.0011
24.0010
24.0010
24.0010
24.0010
24.0009
24.0009
24.0009
24.0008
24.0008
24.0008
24.0008
24.0008
23.9977
23.9925
23.9856
23.9772
23.9680
23.9580
23.9468
23.9352
23.9231
23.9117
23.8989
23.8867
23.8751
23.8634
23.8529
23.8427
23.8328
23.8232
23.8140
23.8050
23.7962
23.7877
23.7801
23.7721
23.7642
23.7569
23.7498
23.7419
23.7355
23.7292
23.7229
23.7168
23.7107
23.7047
23.6987
23.8524
23.9777
24.0793
24.1625
24.2315
24.1241
24.0330
23.9594
23.9003
23.8527
23.8141
23.7824
23.7567
23.7356
23.7186
23.7051
23.6945
23.8477
23.8150
23.7840
23.7592
23.7395
23.7239
23.7118
23.7025
23.6951
23.6893
23.6846
23.6808
23.6778
23.8367
23.8081
23.7801
23.7577
23.7397
23.7251
23.7138
23.7051
23.6983
23.6932
23.6893
23.6864
23.6842
23.8447
23.8172
23.7902
23.7687
23.7518
23.7378
23.7259
23.7158
23.7071
23.6996
23.6928
23.6867
23.6811
23.8383
23.8066
23.7754
23.7495
23.7279
23.7095
23.6943
23.6815
23.6707
23.6612
23.6532
23.6458
23.6391
23.7945
23.7614
23.7291
23.7021
23.6797
23.6614
23.6463
23.6336
23.6229
23.6136
23.6055
23.5981
23.5915
23.7454
23.7112
23.6827
23.6519
23.6310
23.6152
23.6028
23.5929
23.5850
23.5785
23.5732
23.5687
23.6316
23.8649
23.8977
23.9114
23.9199
23.9197
23.9140
23.9049
23.8957
23.8874
23.8806
23.8752
23.8713
23.8688
23.8707
23.8695
23.8698
23.8711
23.8730
23.8759
23.8795
23.8852
23.8906
23.8968
23.9038
23.9115
23.9196
23.9295
23.9397
23.9515
23.9626
23.9742
23.9867
24.0010
24.0024
24.0024
24.0024
24.0025
24.0025
24.0025
24.0025
24.0026
24.0026
24.0026
24.0026
24.0025
24.0025
24.0025
24.0024
24.0024
24.0024
24.0023
24.0023
24.0023
24.0023
24.0022
24.0022
24.0022
24.0022
24.0022
24.0023
24.0023
24.0023
24.0023
24.0023
24.0023
24.0023
24.0023
24.0023
24.0023
24.0023
24.0023
24.0022
24.0022
24.0022
24.0022
24.0021
24.0021
24.0021
24.0021
24.0021
24.0021
24.0021
24.0020
24.0020
24.0020
24.0020
24.0020
24.0020
24.0020
24.0020
24.0020
24.0020
24.0020
24.0020
24.0020
24.0020
24.0019
24.0019
24.0019
24.0019
24.0018
24.0018
24.0018
24.0018
24.0018
24.0018
24.0018
24.0018
24.0018
24.0017
24.0018
24.0017
24.0017
24.0017
24.0017
24.0017
24.0016
24.0016
24.0016
24.0016
24.0016
24.0016
24.0016
24.0015
24.0015
24.0015
24.0015
24.0015
24.0015
24.0014
24.0014
24.0014
24.0014
24.0014
24.0014
24.0013
24.0013
24.0012
24.0012
24.0012
24.0011
24.0011
24.0011
24.0010
24.0010
24.0010
24.0009
24.0009
24.0009
24.0008
24.0008
24.0008
24.0008
24.0007
24.0007
24.0007
24.0007
24.0007
24.0007
24.0007
24.0007
24.0007
23.9976
23.9922
23.9851
23.9767
23.9670
23.9575
23.9452
23.9346
23.9247
23.9155
23.9068
23.8986
23.8908
23.8834
23.8763
23.8698
23.8636
23.8573
23.8512
23.8453
23.8396
23.8331
23.8281
23.8231
23.8182
23.8133
23.8085
23.8038
23.7991
23.7945
23.7901
23.9530
24.0852
24.1926
24.2810
24.3550
24.2497
24.1605
24.0886
24.0312
23.9854
23.9486
23.9190
23.8947
23.8745
23.8576
23.8434
23.8313
23.9868
23.9508
23.9165
23.8886
23.8660
23.8475
23.8320
23.8191
23.8082
23.7989
23.7909
23.7839
23.7777
23.9378
23.9064
23.8758
23.8511
23.8311
23.8148
23.8012
23.7895
23.7793
23.7703
23.7623
23.7551
23.7485
23.9065
23.8744
23.8430
23.8172
23.7959
23.7774
23.7610
23.7461
23.7327
23.7205
23.7091
23.6985
23.6884
23.8408
23.8045
23.7688
23.7381
23.7117
23.6893
23.6701
23.6536
23.6388
23.6254
23.6131
23.6018
23.5911
23.7405
23.7016
23.6636
23.6317
23.6054
23.5834
23.5646
23.5483
23.5338
23.5207
23.5087
23.4974
23.4867
23.6336
23.5915
23.5587
23.5269
23.5069
23.4926
23.4823
23.4750
23.4699
23.4666
23.4645
23.4636
23.5183
23.7437
23.7566
23.7599
23.7739
23.7949
23.8193
23.8449
23.8710
23.8970
23.9225
23.9477
23.9724
23.9966
24.0030
24.0031
24.0031
24.0031
24.0032
24.0032
24.0032
24.0033
24.0032
24.0032
24.0032
24.0032
24.0031
24.0031
24.0031
24.0031
24.0031
24.0031
24.0031
24.0031
24.0031
24.0030
24.0029
24.0030
24.0029
24.0028
24.0027
24.0027
24.0027
24.0027
24.0027
24.0028
24.0028
24.0028
24.0028
24.0028
24.0028
24.0028
24.0029
24.0028
24.0028
24.0028
24.0028
24.0028
24.0028
24.0028
24.0027
24.0027
24.0027
24.0027
24.0026
24.0026
24.0025
24.0025
24.0025
24.0025
24.0024
24.0024
24.0024
24.0023
24.0023
24.0023
24.0022
24.0022
24.0022
24.0021
24.0021
24.0021
24.0021
24.0020
24.0020
24.0020
24.0020
24.0020
24.0019
24.0019
24.0019
24.0019
24.0018
24.0018
24.0018
24.0018
24.0018
24.0018
24.0018
24.0017
24.0017
24.0017
24.0017
24.0017
24.0017
24.0017
24.0017
24.0016
24.0016
24.0016
24.0016
24.0016
24.0016
24.0016
24.0016
24.0015
24.0015
24.0015
24.0015
24.0014
24.0014
24.0014
24.0014
24.0014
24.0014
24.0014
24.0013
24.0013
24.0013
24.0013
24.0013
24.0013
24.0012
24.0012
24.0012
24.0012
24.0012
24.0011
24.0011
24.0010
24.0010
24.0010
24.0010
24.0009
24.0009
24.0009
24.0008
24.0008
24.0008
24.0008
24.0008
24.0008
24.0007
24.0007
24.0007
24.0007
24.0007
24.0007
24.0007
24.0002
23.9968
23.9910
23.9834
23.9746
23.9646
23.9532
23.9411
23.9284
23.9163
23.9025
23.8900
23.8787
23.8682
23.8580
23.8493
23.8412
23.8335
23.8261
23.8192
23.8126
23.8063
23.8003
23.7946
23.7894
23.7828
23.7776
23.7725
23.7675
23.7626
23.7577
23.7528
23.7481
23.7434
23.7387
23.8969
24.0258
24.1306
24.2166
24.2883
24.1826
24.0937
24.0223
23.9655
23.9204
23.8843
23.8552
23.8317
23.8124
23.7966
23.7836
23.7728
23.9293
23.8952
23.8630
23.8371
23.8165
23.8001
23.7867
23.7758
23.7668
23.7593
23.7532
23.7482
23.7441
23.9037
23.8743
23.8455
23.8224
23.8040
23.7891
23.7769
23.7667
23.7582
23.7512
23.7452
23.7402
23.7360
23.8957
23.8660
23.8368
23.8134
23.7945
23.7793
23.7669
23.7567
23.7484
23.7416
23.7361
23.7316
23.7279
23.8883
23.8593
23.8309
23.8082
23.7899
23.7751
23.7627
23.7524
23.7437
23.7364
23.7302
23.7248
23.7203
23.8798
23.8498
23.8203
23.7965
23.7775
23.7622
23.7497
23.7395
23.7313
23.7247
23.7194
23.7150
23.7116
23.8724
23.8439
23.8201
23.7949
23.7774
23.7642
23.7539
23.7456
23.7392
23.7341
23.7301
23.7270
23.8362
24.1535
24.2274
24.2728
24.3079
24.3263
24.3323
24.3277
24.3215
24.3142
24.3062
24.2981
24.2904
24.2832
24.0129
24.0038
24.0035
24.0034
24.0034
24.0033
24.0033
24.0032
24.0032
24.0031
24.0031
24.0030
24.0030
24.0030
24.0030
24.0030
24.0029
24.0029
24.0029
24.0029
24.0029
24.0028
24.0028
24.0028
24.0028
24.0028
24.0027
24.0027
24.0027
24.0027
24.0027
24.0027
24.0026
24.0026
24.0026
24.0026
24.0026
24.0025
24.0025
24.0025
24.0025
24.0024
24.0024
24.0024
24.0024
24.0023
24.0023
24.0023
24.0022
24.0022
24.0022
24.0021
24.0021
24.0021
24.0020
24.0020
24.0020
24.0019
24.0019
24.0019
24.0018
24.0018
24.0018
24.0018
24.0017
24.0017
24.0017
24.0017
24.0016
24.0016
24.0016
24.0016
24.0015
24.0015
24.0015
24.0015
24.0015
24.0014
24.0014
24.0014
24.0014
24.0014
24.0014
24.0013
24.0013
24.0013
24.0013
24.0013
24.0013
24.0013
24.0013
24.0012
24.0012
24.0012
24.0012
24.0012
24.0012
24.0012
24.0012
24.0012
24.0012
24.0011
24.0011
24.0011
24.0011
24.0011
24.0011
24.0011
24.0011
24.0011
24.0011
24.0011
24.0011
24.0011
24.0011
24.0010
24.0010
24.0010
24.0010
24.0010
24.0996
24.1739
24.2276
24.2670
24.2952
24.3171
24.3332
24.3438
24.3497
24.3515
24.3498
24.3451
24.5228
24.4927
24.4568
24.4244
24.3933
24.3627
24.3342
24.3082
24.2842
24.2619
24.2407
24.2207
24.2017
24.3532
24.3055
24.2583
24.2189
24.1849
24.1551
24.1285
24.1044
24.0822
24.0614
24.0419
24.0251
24.0106
24.1662
24.1264
24.0884
24.0581
24.0336
24.0136
23.9971
23.9833
23.9717
23.9617
23.9530
23.9454
23.9385
24.1001
24.0662
24.0331
24.0068
23.9857
23.9684
23.9542
23.9424
23.9323
23.9241
23.9172
23.9116
23.9069
24.0708
24.0397
24.0093
23.9857
23.9671
23.9525
23.9409
23.9316
23.9236
23.9164
23.9100
23.9040
23.8985
24.0614
24.0286
23.9961
23.9701
23.9487
23.9311
23.9162
23.9037
23.8930
23.8837
23.8755
23.8682
23.8617
24.0239
23.9909
23.9584
23.9324
23.9112
23.8938
23.8792
23.8667
23.8558
23.8462
23.8376
23.8298
23.8227
23.9842
23.9506
23.9176
23.8908
23.8689
23.8506
23.8352
23.8221
23.8106
23.8004
23.7913
23.7830
23.7753
23.9348
23.9016
23.8689
23.8422
23.8202
23.8018
23.7862
23.7727
23.7609
23.7505
23.7414
23.7332
23.7259
23.8834
23.8505
23.8182
23.7915
23.7695
23.7510
23.7352
23.7219
23.7105
23.7007
23.6921
23.6845
23.6775
23.8338
23.8008
23.7694
23.7441
23.7241
23.7085
23.6965
23.6873
23.6803
23.6750
23.6710
23.6680
23.7993
24.1279
24.2049
24.2515
24.2864
24.3023
24.3037
24.2975
24.2917
24.2841
24.2754
24.2672
24.2604
24.2558
24.4257
24.3996
24.3726
24.3550
24.3433
24.3369
24.3342
24.3341
24.3362
24.3401
24.3437
24.3481
24.3542
24.5357
24.5172
24.4968
24.4849
24.4786
24.4763
24.4768
24.4801
24.4851
24.4915
24.4987
24.5065
24.5147
24.7013
24.6806
24.6576
24.6437
24.6359
24.6330
24.6340
24.6380
24.6445
24.6530
24.6633
24.6750
24.6882
24.8826
24.8673
24.8497
24.8418
24.8396
24.8413
24.8479
24.8574
24.8687
24.8797
24.8902
24.9003
24.9099
25.1023
25.0799
25.0531
25.0353
25.0221
25.0121
25.0077
25.0056
25.0052
25.0058
25.0072
25.0139
25.0219
25.2147
25.1894
25.1588
25.1370
25.1193
25.1043
25.0911
25.0782
25.0654
25.0524
25.0388
25.0247
25.0100
25.1812
25.1375
25.0926
25.0598
25.0341
25.0139
24.9977
24.9848
24.9744
24.9660
24.9592
24.9537
24.9492
25.1290
25.0931
25.0548
25.0276
25.0069
24.9906
24.9777
24.9674
24.9590
24.9523
24.9472
24.9412
24.9342
25.1092
25.0675
25.0222
24.9862
24.9554
24.9283
24.9038
24.8810
24.8595
24.8387
24.8191
24.8006
24.7831
24.9471
24.8987
24.8487
24.8074
24.7711
24.7381
24.7076
24.6788
24.6513
24.6251
24.6001
24.5761
24.5528
24.7081
24.6549
24.6010
24.5563
24.5171
24.4821
24.4501
24.4205
24.3931
24.3676
24.3437
24.3210
24.2993
24.4519
24.4001
24.3494
24.3073
24.2708
24.2387
24.2098
24.1834
24.1590
24.1360
24.1142
24.0932
24.0729
24.2251
24.1785
24.1348
24.0997
24.0708
24.0467
24.0263
24.0088
23.9935
23.9800
23.9680
23.9571
23.9469
24.1060
24.0671
24.0296
23.9992
23.9739
23.9526
23.9343
23.9183
23.9041
23.8912
23.8794
23.8687
23.8588
24.0168
23.9802
23.9449
23.9164
23.8931
23.8737
23.8572
23.8430
23.8306
23.8198
23.8096
23.8000
23.7908
23.9463
23.9096
23.8738
23.8440
23.8188
23.7971
23.7784
23.7623
23.7480
23.7352
23.7235
23.7126
23.7023
23.8544
23.8160
23.7788
23.7471
23.7211
23.6994
23.6810
23.6652
23.6525
23.6401
23.6289
23.6187
23.6091
23.7597
23.7225
23.6829
23.6521
23.6273
23.6070
23.5899
23.5752
23.5622
23.5505
23.5397
23.5296
23.5200
23.6685
23.6288
23.5888
23.5580
23.5332
23.5130
23.4960
23.4814
23.4686
23.4571
23.4467
23.4370
23.4279
23.5750
23.5350
23.4957
23.4656
23.4419
23.4224
23.4061
23.3920
23.3796
23.3683
23.3580
23.3483
23.3392
23.4844
23.4436
23.4040
23.3738
23.3568
23.3390
23.3297
23.3242
23.3214
23.3207
23.3214
23.3234
23.3263
23.4841
23.5122
23.5577
23.6148
23.6641
23.7127
23.7602
23.8049
23.8460
23.8826
23.9149
23.9429
23.9673
23.9888
24.0080
24.0031
24.0030
24.0030
24.0030
24.0029
24.0029
24.0029
24.0029
24.0029
24.0029
24.0028
24.0028
24.0027
24.0028
24.0027
24.0027
24.0027
24.0027
24.0027
24.0027
24.0027
24.0027
24.0027
24.0027
24.0027
24.0027
24.0026
24.0027
24.0026
24.0026
24.0026
24.0026
24.0026
24.0026
24.0026
24.0026
24.0026
24.0026
24.0025
24.0026
24.0025
24.0025
24.0025
24.0025
24.0025
24.0025
24.0025
24.0025
24.0025
24.0025
24.0025
24.0025
24.0025
24.0025
24.0025
24.0024
24.0024
24.0024
24.0023
24.0023
24.0023
24.0022
24.0022
24.0022
24.0021
24.0021
24.0021
24.0020
24.0020
24.0019
24.0019
24.0019
24.0018
24.0018
24.0018
24.0018
24.0018
24.0017
24.0017
24.0017
24.0017
24.0017
24.0017
24.0017
24.0016
24.0016
24.0016
24.0016
24.0016
24.0016
24.0016
24.0016
24.0015
24.0015
24.0015
24.0015
24.0015
24.0015
24.0014
24.0014
24.0014
24.0013
24.0013
24.0013
24.0013
24.0013
24.0013
24.0013
24.0013
24.0012
24.0012
24.0012
24.0012
24.0012
24.0012
24.0012
24.0012
24.0012
24.0012
24.0012
24.0012
24.0012
24.0012
24.0011
24.0011
24.0011
24.0011
24.0010
24.0010
24.0010
24.0010
24.0009
24.0009
24.0009
24.0009
24.0009
24.0008
24.0008
24.0008
24.0008
24.0008
24.0008
24.0007
24.0007
24.0007
24.0007
24.0007
23.9985
23.9942
23.9883
23.9813
23.9732
23.9644
23.9550
23.9452
23.9360
23.9262
23.9170
23.9085
23.9004
23.8927
23.8854
23.8783
23.8714
23.8648
23.8583
23.8521
23.8458
23.8398
23.8337
23.8279
23.8223
23.8168
23.8105
23.8054
23.8004
23.7954
23.7904
23.7854
23.7803
23.7691
23.7641
23.7590
23.7541
23.7493
23.7447
23.7403
23.7363
23.7329
23.7296
23.7267
23.7242
23.8827
23.8523
23.8226
23.7978
23.7773
23.7600
23.7456
23.7336
23.7233
23.7143
23.7064
23.6993
23.1583
23.4494
22.9857
22.6420
22.3998
22.2328
22.1185
22.0372
21.9769
21.9302
21.8926
21.8612
21.8341
21.8100
22.4021
22.2179
22.0356
21.9209
21.8447
21.7916
21.7526
21.7223
21.6976
21.6766
21.6583
21.6419
21.6268
22.2140
22.0416
21.8682
21.7609
21.6909
21.6431
21.6086
21.5825
21.5616
21.5439
21.5285
21.5145
21.5016
22.0822
21.9143
21.7441
21.6391
21.5710
21.5247
21.4915
21.4664
21.4466
21.4302
21.4161
21.4035
21.3920
21.9656
21.8021
21.6350
21.5325
21.4664
21.4220
21.3905
21.3688
21.3535
21.3423
21.3338
21.3271
21.3216
21.8977
21.7446
21.5860
21.4906
21.5079
21.5512
21.5806
21.6082
21.6372
21.6661
21.6929
21.7169
21.7384
21.7578
21.7751
21.7907
21.8048
21.8177
23.3923
24.4972
25.3178
25.8749
26.2489
26.5939
26.6702
26.6723
26.6725
26.6727
26.6729
26.6731
26.6728
26.6732
26.6735
26.6738
26.6741
26.6743
26.6746
26.6748
26.6750
26.6752
26.6754
26.6757
26.6758
26.6760
26.6762
26.6763
26.6765
26.6766
26.6767
26.6768
26.6768
26.6769
26.6769
26.6769
26.6769
26.6769
26.6769
26.6769
26.6769
26.6769
26.6768
26.6768
26.6767
26.6766
26.6765
26.6765
26.6765
26.6766
26.6766
26.6766
26.6766
26.6766
26.6767
26.6768
26.6769
26.6770
26.6771
26.6771
26.6772
26.6772
26.6772
26.6772
26.6773
26.6774
26.6775
26.6775
26.6776
26.6776
26.6777
26.6778
26.6778
26.6779
26.6780
26.6780
26.6781
26.6781
26.6782
26.6782
26.6783
26.6783
26.6784
26.6784
26.6785
26.6786
26.6786
26.6786
26.6787
26.6787
26.6787
26.6787
26.6787
26.6787
26.6787
26.6786
26.6786
26.6786
26.6786
26.6786
26.6785
26.6785
26.6785
26.6785
26.6785
26.6785
26.6785
26.6785
26.6785
26.6785
26.6785
26.6785
26.6785
26.6785
26.6785
26.6785
26.6786
26.6786
26.6786
26.6787
26.6786
26.6787
26.6788
26.6789
26.6790
26.6791
26.6792
26.6793
26.6794
26.6795
26.6796
26.6797
26.6798
26.6799
26.6801
26.6803
26.6805
26.6807
26.6809
26.6811
26.6812
26.6814
26.6815
26.6817
26.6818
26.6820
26.6822
26.6824
26.6825
26.6826
26.6828
26.6829
26.6830
26.6832
26.6833
26.6834
26.6835
26.6835
26.6835
26.6836
26.6836
26.6836
26.6836
26.6837
26.6837
26.6837
26.6837
26.6837
26.6838
26.6838
26.6838
26.6838
26.6839
26.6839
26.6839
26.6839
26.6840
26.6840
26.6840
26.6841
25.8167
25.1547
24.6148
24.1864
23.8465
23.5863
23.3822
23.2175
23.0805
22.9635
22.8615
22.7712
23.3069
23.0200
22.8273
22.6848
22.5745
22.4850
22.4094
22.3434
22.2848
22.2391
22.2014
22.1691
22.1406
22.7512
22.5540
22.3632
22.2424
22.1618
22.1050
22.0628
22.0297
22.0024
21.9789
21.9581
21.9389
21.9208
22.5243
22.3402
22.1592
22.0461
21.9713
21.9192
21.8809
21.8510
21.8265
21.8055
21.7867
21.7696
21.7535
22.3470
22.1682
21.9912
21.8813
21.8091
21.7591
21.7226
21.6943
21.6713
21.6517
21.6344
21.6188
21.6043
22.1880
22.0147
21.8416
21.7348
21.6650
21.6172
21.5826
21.5561
21.5346
21.5162
21.4999
21.4850
21.4710
22.0455
21.8760
21.7053
21.6001
21.5315
21.4844
21.4504
21.4280
21.4132
21.4035
21.3970
21.3930
21.3905
21.9732
21.8197
21.6633
21.5714
21.5803
21.6176
21.6482
21.6797
21.7140
21.7503
21.7856
21.8188
21.8474
21.8718
21.8930
21.9117
21.9285
21.9437
23.5187
24.6188
25.4517
26.0151
26.3962
26.6643
26.6719
26.6722
26.6724
26.6725
26.6726
26.6728
26.6726
26.6729
26.6731
26.6733
26.6735
26.6737
26.6739
26.6740
26.6741
26.6742
26.6743
26.6744
26.6745
26.6745
26.6746
26.6746
26.6746
26.6747
26.6747
26.6747
26.6747
26.6748
26.6748
26.6748
26.6748
26.6749
26.6749
26.6750
26.6751
26.6751
26.6751
26.6752
26.6752
26.6753
26.6753
26.6754
26.6754
26.6755
26.6755
26.6756
26.6756
26.6757
26.6757
26.6757
26.6757
26.6758
26.6758
26.6758
26.6758
26.6758
26.6758
26.6758
26.6758
26.6758
26.6759
26.6759
26.6759
26.6760
26.6761
26.6761
26.6762
26.6762
26.6763
26.6764
26.6764
26.6765
26.6765
26.6765
26.6766
26.6766
26.6766
26.6767
26.6768
26.6769
26.6769
26.6770
26.6770
26.6771
26.6772
26.6772
26.6773
26.6773
26.6772
26.6772
26.6772
26.6772
26.6771
26.6771
26.6771
26.6771
26.6771
26.6771
26.6772
26.6772
26.6773
26.6774
26.6775
26.6776
26.6777
26.6778
26.6779
26.6781
26.6781
26.6782
26.6783
26.6783
26.6784
26.6784
26.6784
26.6784
26.6785
26.6786
26.6786
26.6786
26.6787
26.6788
26.6788
26.6789
26.6790
26.6791
26.6792
26.6793
26.6794
26.6795
26.6797
26.6799
26.6801
26.6802
26.6803
26.6805
26.6806
26.6807
26.6808
26.6809
26.6811
26.6812
26.6813
26.6814
26.6815
26.6816
26.6817
26.6818
26.6819
26.6820
26.6821
26.6821
26.6822
26.6823
26.6823
26.6824
26.6825
26.6825
26.6826
26.6827
26.6827
26.6828
26.6828
26.6829
26.6830
26.6830
26.6831
26.6832
26.6832
26.6833
26.6834
26.6834
26.6835
26.6836
25.8244
25.1521
24.6089
24.1803
23.8423
23.5832
23.3791
23.2134
23.0742
22.9549
22.8508
22.7581
23.2789
22.9986
22.8133
22.6787
22.5758
22.4934
22.4247
22.3655
22.3131
22.2657
22.2223
22.1823
22.6494
23.0990
23.4158
23.6511
23.8332
23.8240
23.8166
23.8141
23.8148
23.8174
23.8211
23.8254
23.8300
23.8347
23.8394
23.8440
23.8484
24.0164
23.9921
23.9683
23.9509
23.9380
23.9286
23.9217
23.9148
23.9074
23.8996
23.8912
23.8824
23.8731
24.0292
23.9907
23.9529
23.9211
23.8935
23.8693
23.8477
23.8284
23.8110
23.7951
23.7804
23.7668
23.7535
23.9026
23.8601
23.8193
23.7844
23.7551
23.7303
23.7089
23.6899
23.6729
23.6573
23.6427
23.6289
23.6158
23.7617
23.7151
23.6734
23.6389
23.6174
23.5966
23.5840
23.5765
23.5719
23.5697
23.5691
23.5700
23.5719
23.7329
23.7298
23.7430
23.7761
23.8080
23.8450
23.8840
23.9225
23.9594
23.9970
24.0318
24.0631
24.0914
24.1172
24.1408
24.0075
24.0037
24.0036
24.0036
24.0036
24.0036
24.0036
24.0037
24.0036
24.0036
24.0036
24.0036
24.0035
24.0036
24.0036
24.0036
24.0036
24.0036
24.0036
24.0036
24.0036
24.0035
24.0036
24.0035
24.0035
24.0035
24.0034
24.0034
24.0034
24.0034
24.0033
24.0033
24.0033
24.0033
24.0033
24.0033
24.0033
24.0033
24.0033
24.0033
24.0033
24.0033
24.0033
24.0033
24.0033
24.0033
24.0032
24.0032
24.0031
24.0031
24.0030
24.0030
24.0029
24.0029
24.0028
24.0028
24.0027
24.0027
24.0026
24.0026
24.0026
24.0025
24.0025
24.0024
24.0024
24.0023
24.0023
24.0023
24.0022
24.0022
24.0022
24.0022
24.0021
24.0021
24.0021
24.0021
24.0021
24.0021
24.0021
24.0020
24.0019
24.0019
24.0019
24.0018
24.0018
24.0018
24.0017
24.0017
24.0017
24.0016
24.0016
24.0016
24.0016
24.0016
24.0016
24.0015
24.0015
24.0016
24.0016
24.0015
24.0015
24.0015
24.0015
24.0015
24.0015
24.0015
24.0015
24.0015
24.0015
24.0015
24.0015
24.0015
24.0015
24.0015
24.0015
24.0014
24.0014
24.0014
24.0014
24.0014
24.0014
24.0014
24.0013
24.0013
24.0013
24.0012
24.0012
24.0012
24.0011
24.0011
24.0011
24.0010
24.0010
24.0010
24.0009
24.0009
24.0008
24.0008
24.0008
24.0008
24.0007
24.0007
24.0007
24.0007
24.0007
24.0007
24.0006
24.0006
24.0006
24.0006
24.0006
24.0006
24.0006
24.0006
24.0006
24.0006
23.9998
23.9966
23.9932
23.9887
23.9834
23.9775
23.9712
23.9645
23.9575
23.9503
23.9429
23.9356
23.9284
23.9194
23.9118
23.9040
23.8960
23.8880
23.8799
23.8716
23.8634
23.8550
23.8466
23.8382
23.9970
24.1219
24.2217
24.3023
24.3680
24.2555
24.1605
24.0839
24.0223
23.9727
23.9323
23.8989
23.8713
23.8483
23.8289
23.8123
23.7981
23.9514
23.9130
23.8771
23.8478
23.8240
23.8043
23.7878
23.7737
23.7617
23.7514
23.7425
23.7347
23.7278
23.8834
23.8501
23.8182
23.7920
23.7704
23.7523
23.7373
23.7248
23.7141
23.7049
23.6968
23.6896
23.6830
23.8381
23.8041
23.7716
23.7445
23.7221
23.7039
23.6890
23.6768
23.6664
23.6576
23.6500
23.6432
23.6371
23.7918
23.7576
23.7250
23.6979
23.6760
23.6585
23.6444
23.6326
23.6227
23.6142
23.6067
23.6004
23.5942
23.7483
23.7131
23.6797
23.6524
23.6308
23.6134
23.5993
23.5876
23.5778
23.5693
23.5620
23.5554
23.5494
23.7027
23.6666
23.6388
23.6115
23.5954
23.5852
23.5789
23.5756
23.5746
23.5753
23.5773
23.5804
23.6142
23.8194
23.8342
23.8444
23.8661
23.8952
23.9283
23.9630
23.9955
24.0252
24.0521
24.0765
24.0986
24.1187
24.0066
24.0035
24.0035
24.0034
24.0034
24.0034
24.0034
24.0034
24.0034
24.0034
24.0034
24.0034
24.0034
24.0033
24.0034
24.0034
24.0034
24.0034
24.0034
24.0034
24.0033
24.0033
24.0032
24.0032
24.0031
24.0031
24.0030
24.0030
24.0030
24.0030
24.0030
24.0030
24.0030
24.0030
24.0030
24.0030
25.1726
26.0696
26.6519
27.0405
27.3004
27.4849
27.6204
27.7186
27.8012
27.8677
27.9228
27.9697
28.0093
28.0483
28.0757
28.1007
28.1233
28.1445
28.1641
28.1835
28.1994
28.2143
28.2281
28.2409
28.2530
28.2643
28.2748
28.2846
28.2938
28.3026
28.3112
28.3196
28.3281
28.3365
28.3448
28.3530
28.3612
28.3692
28.3772
28.3850
28.3926
28.4000
28.4072
28.4140
28.4204
28.4259
28.4324
28.4386
26.8552
25.8001
25.0075
24.4276
24.0351
24.0023
24.0013
24.0013
24.0012
24.0012
24.0012
24.0011
24.0011
24.0011
24.0011
24.0011
24.0011
24.0011
24.0011
24.0011
24.0011
24.0011
24.0011
24.0011
24.0011
24.0011
24.0011
24.0011
24.0011
24.0011
24.0011
24.0010
24.0010
24.0010
24.0010
24.0010
24.0011
24.0010
24.0010
24.0010
24.0010
24.0009
24.0009
24.0009
24.0009
24.0009
24.0008
24.0008
24.0014
24.0015
24.0015
24.0015
24.0015
24.0015
24.0015
24.0014
24.0014
24.0014
24.0014
24.0014
24.0014
24.0013
24.0013
24.0013
24.0013
24.0013
24.0013
24.0013
24.0013
24.0013
24.0012
24.0012
24.0012
24.0012
24.0012
24.0012
24.0012
24.0012
24.0011
24.0011
24.0011
24.0011
24.0011
24.0011
24.0011
24.0011
24.0011
24.0011
24.0011
24.0011
24.0011
24.0011
24.0011
24.0011
24.0011
24.0011
24.0010
24.0010
24.0010
24.0011
24.0011
24.0012
24.0012
24.0012
24.0013
24.0013
24.0013
24.0014
24.1320
24.0057
24.0017
24.0015
24.0015
24.0016
24.0016
24.0016
24.0016
24.0016
24.0016
24.0016
24.0017
24.1200
24.0054
24.0019
24.0018
24.0018
24.0018
24.0018
24.0018
24.0018
24.0018
24.0018
24.0018
24.0018
24.1084
24.0051
24.0020
24.0018
24.0018
24.0018
24.0018
24.0018
24.0018
24.0018
24.0018
24.0018
24.0018
24.0975
24.0047
24.0020
24.0019
24.0018
24.0018
24.0018
24.0018
24.0018
24.0018
24.0018
24.0018
24.0018
24.0915
24.0045
24.0020
24.0019
24.0018
24.0018
24.0018
24.0018
24.0018
24.0018
24.0018
24.0018
24.0018
24.0867
24.0043
24.0020
24.0019
24.0019
24.0019
24.0019
24.0019
24.0019
24.0019
24.0019
24.0019
24.0018
24.0905
24.0045
24.0020
24.0019
24.0018
24.0017
24.0022
24.0021
24.0020
24.0018
24.0017
24.0016
24.0015
24.0014
24.0013
24.0012
24.0012
24.0011
24.0007
24.0007
24.0007
24.0007
24.0007
24.0007
24.0007
24.0007
24.0007
24.0007
24.0007
24.0007
24.0007
24.0007
24.0007
24.0007
24.0007
24.0007
24.0007
24.0007
24.0007
24.0007
24.0007
24.0007
24.0007
24.0007
24.0007
24.0007
24.0007
24.0007
24.0007
24.0007
24.0007
24.0007
24.0007
24.0007
24.0007
24.0007
24.0007
24.0007
24.0007
24.0007
24.0007
24.0007
24.0007
24.0007
24.0007
24.0007
24.0007
24.0007
24.0007
24.0008
24.0008
24.0008
24.0008
24.0008
24.0008
24.0008
24.0008
24.0008
24.0008
24.0008
24.0008
24.0008
24.0008
24.0008
24.0008
24.0008
24.0008
24.0008
24.0008
24.0008
24.0008
24.0008
24.0007
24.0007
24.0007
24.0007
24.0007
24.0007
24.0007
24.0007
24.0007
24.0007
24.0007
24.0007
24.0007
24.0007
24.0007
24.0007
24.0007
24.0007
24.0007
24.0007
24.0007
24.0007
24.0007
24.0007
24.0008
24.0008
24.0008
24.0008
24.0008
24.0008
24.0008
24.0008
24.0008
24.0008
24.0008
24.0008
24.0008
24.0008
24.0008
24.0008
24.0008
24.0008
24.0008
24.0009
24.0009
24.0009
24.0011
24.0011
24.0011
24.0010
24.0010
24.0010
24.0009
24.0009
24.0009
24.0008
24.0008
24.0008
24.0002
24.0003
24.0003
24.0004
24.0005
24.0006
24.0006
24.0007
24.0008
24.0008
24.0009
24.0009
24.1692
24.0068
24.0013
24.0012
24.0012
24.0012
24.0013
24.0013
24.0013
24.0014
24.0014
24.0014
24.0014
24.1407
24.0061
24.0017
24.0016
24.0016
24.0016
24.0016
24.0016
24.0016
24.0016
24.0016
24.0016
24.0016
24.1275
24.0057
24.0019
24.0017
24.0017
24.0017
24.0017
24.0017
24.0017
24.0017
24.0017
24.0017
24.0017
24.1159
24.0053
24.0019
24.0018
24.0018
24.0018
24.0018
24.0018
24.0018
24.0018
24.0018
24.0018
24.0018
24.1030
24.0049
24.0020
24.0019
24.0018
24.0018
24.0018
24.0018
24.0018
24.0018
24.0018
24.0018
24.0018
24.0880
24.0043
24.0020
24.0019
24.0019
24.0019
24.0019
24.0019
24.0019
24.0019
24.0019
24.0019
24.0019
24.0730
24.0038
24.0021
24.0020
24.0020
24.0020
24.0020
24.0020
24.0020
24.0020
24.0020
24.0020
24.0020
24.0671
24.0037
24.0022
24.0021
24.0021
24.0021
24.0021
24.0021
24.0021
24.0021
24.0020
24.0020
24.0020
24.0677
24.0037
24.0022
24.0021
24.0021
24.0021
24.0021
24.0021
24.0021
24.0021
24.0021
24.0021
24.0020
24.0693
24.0038
24.0022
24.0021
24.0021
24.0021
24.0021
24.0020
24.0020
24.0020
24.0020
24.0020
24.0020
24.1605
24.0069
24.0018
24.0016
24.0016
24.0016
24.0016
24.0016
24.0016
24.0016
24.0017
24.0016
24.0016
24.1827
24.0078
24.0019
24.0017
24.0016
24.0016
24.0016
24.0016
24.0016
24.0016
24.0016
24.0015
24.0015
24.2176
24.0090
24.0018
24.0015
24.0015
24.0015
24.0015
24.0015
24.0014
24.0014
24.0014
24.0014
24.0014
24.2589
24.0104
24.0017
24.0014
24.0014
24.0014
24.0014
24.0014
24.0013
24.0013
24.0013
24.0013
24.0013
24.2929
24.0116
24.0017
24.0013
24.0013
24.0013
24.0012
24.0012
24.0012
24.0012
24.0012
24.0012
24.0012
24.3191
24.0126
24.0016
24.0012
24.0012
24.0012
24.0012
24.0012
24.0012
24.0012
24.0012
24.0012
24.0012
24.3261
24.0129
24.0016
24.0012
24.0012
24.0011
24.0011
24.0011
24.0011
24.0011
24.0011
24.0011
24.0011
24.3505
24.0137
24.0015
24.0011
24.0011
24.0011
24.0011
24.0011
24.0011
24.0011
24.0011
24.0011
24.0011
24.3409
24.0133
24.0016
24.0012
24.0012
24.0012
24.0012
24.0012
24.0012
24.0012
24.0012
24.0012
24.0012
24.3188
24.0126
24.0017
24.0013
24.0013
24.0013
24.0013
24.0013
24.0014
24.0014
24.0014
24.0014
24.0014
24.2572
24.0104
24.0018
24.0015
24.0015
24.0015
24.0015
24.0015
24.0015
24.0016
24.0016
24.0016
24.0016
24.2070
24.0086
24.0020
24.0017
24.0017
24.0017
24.0018
24.0018
24.0018
24.0018
24.0018
24.0018
24.0018
24.1635
24.0071
24.0021
24.0019
24.0019
24.0019
24.0019
24.0019
24.0019
24.0019
24.0019
24.0019
24.0019
24.1289
24.0059
24.0021
24.0020
24.0020
24.0019
24.0019
24.0019
24.0019
24.0019
24.0019
24.0019
24.0019
24.1161
24.0055
24.0021
24.0020
24.0020
24.0020
24.0020
24.0019
24.0019
24.0019
24.0019
24.0019
24.0019
24.1072
24.0051
24.0021
24.0020
24.0020
24.0020
24.0019
24.0019
24.0019
24.0019
24.0019
24.0019
24.0019
24.0977
24.0048
24.0021
24.0019
24.0019
24.0019
24.0019
24.0019
24.0019
24.0019
24.0019
24.0019
24.0019
24.0890
24.0044
24.0020
24.0019
24.0019
24.0019
24.0019
24.0019
24.0019
24.0019
24.0019
24.0019
24.0019
24.0816
24.0042
24.0021
24.0020
24.0020
24.0020
24.0020
24.0020
24.0019
24.0019
24.0019
24.0019
24.0019
24.0718
24.0038
24.0021
24.0020
24.0020
24.0020
24.0020
24.0020
24.0020
24.0020
24.0020
24.0020
24.0020
24.0618
24.0035
24.0021
24.0021
24.0021
24.0021
24.0021
24.0021
24.0021
24.0021
24.0021
24.0021
24.0021
24.0514
24.0031
24.0022
24.0022
24.0021
23.8694
23.7713
23.6920
23.6267
23.5743
23.5322
23.4993
23.4739
23.6115
23.5704
23.6565
23.8411
23.9393
23.9984
24.0424
24.0688
24.0806
24.0839
24.0813
24.0753
24.0678
24.0601
24.0528
24.0466
24.0016
24.0009
24.0009
24.0009
24.0009
24.0009
24.0009
24.0009
24.0010
24.0009
24.0009
24.0009
24.0009
24.0009
24.0009
24.0010
24.0010
24.0010
24.0010
24.0011
24.0011
24.0011
24.0012
24.0011
24.0012
24.0012
24.0012
24.0012
24.0012
24.0012
24.0013
24.0013
24.0013
24.0013
24.0014
24.0013
24.0014
24.0014
24.0014
24.0014
24.0014
24.0015
24.0015
24.0015
24.0016
24.0016
24.0016
24.0016
24.0016
24.0016
24.0016
24.0016
24.0017
24.0017
24.0017
24.0017
24.0016
24.0017
24.0017
24.0016
24.0016
24.0016
24.0016
24.0016
24.0016
24.0016
24.0016
24.0016
24.0016
24.0015
24.0015
24.0015
24.0015
24.0015
24.0015
24.0015
24.0015
24.0015
24.0015
24.0015
24.0015
24.0015
24.0015
24.0015
24.0015
24.0015
24.0015
24.0015
24.0014
24.0014
24.0014
24.0014
24.0014
24.0014
24.0014
24.0014
24.0014
24.0014
24.0014
24.0014
24.0014
24.0014
24.0014
24.0014
24.0014
24.0014
24.0014
24.0014
24.0014
24.0014
24.0014
24.0013
24.0013
24.0013
24.0013
24.0013
24.0013
24.0013
24.0012
24.0012
24.0013
24.0012
24.0012
24.0011
24.0011
24.0010
24.0010
24.0010
24.0009
24.0009
24.0009
24.0009
24.0009
24.0008
24.0008
24.0008
24.0008
24.0008
24.0007
24.0007
24.0007
24.0007
24.0007
24.0007
24.0007
24.0007
24.0006
24.0006
24.0006
24.0006
24.0006
24.0006
24.0006
24.0000
23.9985
23.9942
23.9897
23.9850
23.9801
23.9753
23.9697
23.9651
23.9605
23.9559
23.9513
23.9467
23.9421
23.9380
23.9337
23.9290
23.9246
23.9202
23.9148
23.9107
23.9066
23.9024
23.8982
23.8939
23.8896
23.8854
24.0539
24.1901
24.3015
24.3940
24.3039
24.2258
24.1631
24.1129
24.0725
24.0400
24.0139
23.9928
23.9754
23.9610
23.9489
23.9388
24.0975
24.0632
24.0299
24.0032
23.9817
23.9642
23.9499
