24.4533
24.4499
24.4448
24.3777
24.3298
24.2937
24.2653
24.2419
24.2220
24.2046
24.1888
24.1743
24.1607
24.1478
24.1372
24.1286
24.1213
24.1152
24.1099
24.1052
24.1009
24.0971
24.0936
24.0903
24.0872
24.0843
24.0815
24.0787
24.0759
24.0730
24.0701
24.0672
24.0641
24.0610
24.0578
24.0547
24.0515
24.0483
24.0452
24.0422
24.0393
24.0364
24.0336
24.0308
24.0282
24.0257
24.0234
24.0211
24.0191
24.0171
24.0150
24.0129
24.0106
24.0083
24.0059
24.0035
24.0011
23.9987
23.9963
23.9938
23.9913
13.3196
12.7953
12.8221
12.8060
12.8039
12.8031
12.8026
12.8022
12.8020
12.8018
12.7249
12.7762
12.8984
12.7336
12.8007
12.8033
12.8121
12.8035
12.8033
12.8026
12.8024
12.8026
12.8005
12.8022
13.0565
12.7826
12.7704
12.7957
12.7926
12.8056
12.7951
12.8824
12.8019
12.8095
12.7957
12.8112
12.7464
12.8371
12.7990
12.8060
12.8024
12.8020
12.8020
12.7989
12.8041
12.8027
12.8748
12.7300
12.8736
12.7724
12.8013
12.7301
12.8004
12.7806
12.8027
12.8013
12.8338
12.8075
12.8059
12.8040
12.8026
12.7576
12.8756
12.8038
12.8049
12.8039
12.8014
12.8015
12.8020
12.7988
12.8022
12.8020
12.8030
12.8130
12.7998
12.8011
12.8029
12.8231
12.8842
12.8022
12.8051
12.8032
12.8047
12.8133
12.7976
12.8000
12.7981
12.8003
12.8004
12.8007
12.7342
12.7855
12.8017
12.8013
12.8034
12.8137
12.7906
12.8015
12.7973
12.8037
12.7994
12.8016
12.8012
12.8031
12.7984
12.8009
12.7278
12.8056
12.7990
12.7748
12.8032
12.8013
12.8004
12.8002
12.8006
12.8024
12.8619
12.8044
12.8027
12.8023
12.8031
12.8009
12.8031
12.8041
12.8742
12.7299
12.8106
12.8049
12.8025
12.7985
12.8029
12.8052
12.8044
12.8151
12.8005
12.8018
12.8058
12.7997
12.8043
12.7954
12.8020
12.7997
12.8030
12.7912
12.7976
12.7468
12.7988
12.7970
12.7971
12.7989
12.7975
12.7565
12.8288
12.8108
12.7979
12.7972
12.8009
12.7862
12.7635
12.8172
12.8149
12.7984
12.7986
12.7645
12.7994
12.7990
12.7990
12.7987
12.7990
12.7911
12.7999
12.7997
12.7997
12.8000
12.8001
12.8094
12.8141
12.8000
12.8532
12.8161
12.8037
12.7830
12.8056
12.8002
12.8039
12.8016
12.8004
12.7956
12.7999
12.7976
12.7974
12.7975
12.8004
12.7919
12.8074
12.7374
12.8027
12.8007
12.8007
12.8007
12.8007
12.8008
12.8008
12.8009
23.3588
23.7347
23.9541
24.1049
24.2096
24.2828
24.3344
24.3710
24.3970
24.4155
24.4287
24.4381
24.4446
24.4491
24.4520
24.4537
24.4545
24.4547
24.4545
24.4540
24.4533
24.4514
24.4495
24.4599
24.4704
24.4767
24.4182
24.3786
24.3533
24.3382
13.3581
12.8005
12.8003
12.8003
12.8003
12.8003
12.8003
12.8003
12.8003
12.8003
12.8003
12.8003
22.9671
23.3514
23.6648
13.3579
12.8006
12.8003
12.8003
12.8003
12.8003
12.8003
12.8003
12.8003
12.8003
12.8003
12.8003
23.1624
13.3401
12.8181
12.8004
12.8004
12.8004
12.8004
12.8004
12.8004
12.8004
12.8004
12.8004
12.8004
23.2739
13.2813
12.8660
12.8040
12.8002
12.7999
12.7999
12.7999
12.7999
12.7999
12.7999
12.7999
12.8000
23.3528
13.4568
12.6517
12.7653
12.7982
12.8001
12.8005
12.8006
12.8008
12.8008
12.8009
12.8349
12.8041
13.0854
12.7202
12.7484
12.7922
12.7997
12.8006
12.7996
12.7994
12.7997
12.7998
12.8000
12.8001
12.9509
12.8316
12.7907
12.8012
12.8012
12.8053
12.7993
12.8719
12.8126
12.8028
12.8026
12.8015
12.7599
12.8222
12.8029
12.8024
12.8052
12.8018
12.8029
12.8027
12.8031
12.8060
12.8030
12.8718
12.7479
12.8047
12.7314
12.8001
12.8004
12.8008
12.8029
12.8021
12.8010
12.8007
12.8012
12.8033
12.8017
12.8759
12.7933
12.7977
12.8186
12.8015
12.8017
12.7284
12.8022
12.8009
12.8012
12.8012
12.8013
12.8117
12.8006
12.8001
12.8017
12.8022
12.8005
12.7998
12.8019
12.8015
12.8804
12.7995
12.8009
12.8005
12.8002
12.8001
12.8000
12.8001
12.8004
12.8007
12.8008
12.8009
12.8009
12.8010
12.8694
12.8009
12.7835
12.7783
12.7964
12.7988
12.7992
12.7996
12.7824
12.7967
12.7997
12.7999
12.7999
12.8000
12.8001
12.8001
12.8003
12.8003
12.8000
12.7997
12.7392
12.8526
12.8031
12.8004
12.8004
12.8001
12.8732
12.7301
12.7988
12.7993
12.7998
12.8020
12.8004
12.7998
12.7997
12.7996
12.8015
12.8137
12.7993
12.7992
12.8003
12.8033
12.8013
12.7984
12.7990
12.8003
12.7967
12.7981
12.8711
12.7453
12.7854
12.7449
12.7882
12.7921
12.7920
12.7966
12.7954
12.7952
12.7975
12.7954
12.7934
12.7316
12.8556
12.7958
12.7980
12.7959
12.7950
12.7426
12.8001
12.7993
12.8006
12.7993
12.7991
12.7922
12.7996
12.7996
12.7997
12.8159
12.8249
12.8032
12.8013
12.7999
12.8677
12.8051
12.8031
12.8069
12.7585
12.8040
12.8014
12.8012
12.8020
12.8023
12.8012
12.7937
12.7981
12.8358
12.8002
12.7857
12.8007
12.8001
12.7278
12.7996
12.7993
12.7995
12.8007
12.8005
12.8000
12.8000
24.0047
24.4930
24.8418
25.0913
25.2690
13.2521
12.8700
12.8019
12.7986
12.7988
12.7990
12.7991
12.7992
12.7993
12.7994
12.7995
12.7995
24.0763
13.2573
12.8464
12.8050
12.8005
12.8001
12.7967
12.8032
12.8003
12.8002
12.8002
12.8002
12.8002
23.8223
13.2603
12.8397
12.8057
12.8010
12.8005
12.8003
12.8002
12.8002
12.8002
12.8002
12.8002
12.8002
23.7395
13.2613
12.8368
12.8060
12.8010
12.8008
12.8008
12.8007
12.8007
12.8007
12.8007
12.8007
12.8007
23.7237
13.2589
12.8430
12.8067
12.7982
12.7920
12.7984
12.7990
12.8024
12.7996
12.8167
12.8009
12.8008
23.6587
13.2546
12.8531
12.8066
12.8015
12.8011
12.8009
12.8009
12.8009
12.8009
12.8008
12.8008
12.8009
23.5917
13.2500
13.1272
12.5798
12.7716
12.7963
12.7980
12.7986
12.7989
12.7992
12.7994
12.7995
12.8363
23.6190
13.6272
12.7495
12.7752
12.7321
12.7783
12.7970
12.7989
12.7997
12.8000
12.8003
12.8005
12.8007
13.0184
12.7773
12.8025
12.7969
12.7857
12.8000
12.7985
12.8774
12.8073
12.8040
12.8001
12.8013
12.7584
12.8192
12.8037
12.8731
12.8060
12.8022
12.8025
12.8080
12.8052
12.8021
12.7319
12.8725
12.7294
12.8210
12.7993
12.8034
12.8019
12.8012
12.8001
12.8011
12.8014
12.8001
12.7995
12.7994
12.8017
12.7296
12.7970
12.7980
12.8712
12.8033
12.8017
12.8010
12.8054
12.8039
12.8009
12.8019
12.8016
12.8113
12.8032
12.8010
12.8010
12.8010
12.7996
12.7997
12.7999
12.7999
12.7998
12.7987
12.7993
12.7996
12.7996
12.7996
12.7995
12.7997
12.7999
12.8010
12.8012
12.8013
12.8014
12.8013
12.8015
12.8017
12.8018
12.8019
12.8019
12.8020
12.8020
12.8021
12.8021
12.8021
12.8022
12.8022
12.8016
12.7792
12.7697
12.7985
12.8008
12.8613
12.8046
12.8077
12.8031
12.8030
12.8052
12.8023
12.8007
12.8564
12.7998
12.8000
12.8000
12.7716
12.7825
12.7980
12.8002
12.8013
12.8001
12.7997
12.7996
12.8124
12.8017
12.8002
12.7993
12.7995
12.8010
12.7990
12.7982
12.7980
12.8003
12.7985
12.7972
12.7511
12.7959
12.7931
12.7907
12.7922
12.7910
12.7341
12.7908
12.8543
12.7913
12.7930
12.7901
12.7263
12.7909
12.7905
12.8540
12.7917
12.7948
12.7341
12.7952
12.7951
12.7962
12.7972
12.7993
12.7912
12.7987
12.7990
12.8378
12.8085
12.7994
12.8011
12.7987
12.7986
12.8693
12.7540
12.8051
12.8051
12.8045
12.8022
12.8000
12.7999
12.7999
12.7998
12.8139
12.8231
12.8001
12.7985
12.7959
12.7893
12.7271
12.7985
12.7983
12.7988
12.7991
12.7993
12.7994
12.7996
12.7996
12.7998
24.0049
24.5226
24.8977
25.1686
25.3615
13.2568
12.8643
12.8020
12.7890
12.7917
12.7919
12.7921
12.7925
12.7927
12.7929
12.7930
12.7932
24.2822
13.2658
12.8329
12.8052
12.8007
12.8004
12.7939
12.7938
12.7938
12.7938
12.7939
12.7939
12.7939
23.9816
13.2658
12.8320
12.7994
12.7948
12.7943
12.7943
12.7944
12.7944
12.7944
12.7944
12.7944
12.7945
23.8544
13.2634
12.8372
12.8002
12.7952
12.7952
12.7952
12.7952
12.7952
12.7952
12.7953
12.7953
12.7953
23.7605
13.2565
12.8534
12.7922
12.7889
12.7922
12.7926
12.8138
12.7958
12.7957
12.7957
12.7957
12.7958
23.6188
13.2484
12.8691
12.8015
12.7966
12.7962
12.7962
12.7961
12.7962
12.7962
12.7962
12.7963
12.7963
23.4774
13.2562
13.0952
12.5615
12.7795
12.7972
12.7984
12.7990
12.7993
12.7996
12.7998
12.7999
12.8292
23.5107
13.6224
12.7543
12.7402
12.7581
12.7942
12.8052
12.8053
12.8053
12.8051
12.8051
12.8070
12.8033
12.9712
12.7878
12.7879
12.8028
12.8054
12.8063
12.8008
12.8764
12.8068
12.8061
12.8035
12.8033
12.7542
12.8220
12.8015
12.8010
12.8009
12.8019
12.8030
12.8725
12.8015
12.8028
12.7288
12.8709
12.8034
12.7490
12.7276
12.7975
12.8007
12.8006
12.8004
12.8580
12.8036
12.8053
12.8035
12.8026
12.8025
12.7475
12.8738
12.8029
12.8021
12.8018
12.8037
12.8021
12.8011
12.8000
12.8034
12.8024
12.8002
12.8026
12.7994
12.8003
12.8003
12.8003
12.8003
12.8228
12.8001
12.8002
12.8002
12.8002
12.8001
12.8001
12.8001
12.8001
12.8001
12.8001
12.8003
12.8005
12.8006
12.8007
12.8008
12.8008
12.8009
12.8010
12.8010
12.8010
12.7985
12.7895
12.8001
12.8007
12.8009
12.8010
12.8010
12.8011
12.8007
12.7790
12.7689
12.7975
12.8572
12.8020
12.8032
12.8037
12.8023
12.8018
12.8017
12.8025
12.8057
12.8009
12.8625
12.7999
12.8006
12.7574
12.7883
12.7976
12.7982
12.7984
12.8004
12.7997
12.7987
12.8110
12.7980
12.8007
12.7986
12.7970
12.7964
12.7988
12.7976
12.7944
12.7961
12.7983
12.7948
12.7472
12.7888
12.7925
12.7947
12.7946
12.7928
12.7363
12.8502
12.7951
12.7948
12.7938
12.7356
12.8464
12.7960
12.7944
12.7944
12.7947
12.7352
12.7978
12.7981
12.7979
12.7979
12.7979
12.7972
12.7902
12.7985
12.7997
12.8005
12.8250
12.8194
12.7996
12.7991
12.7988
12.8734
12.8024
12.8028
12.8048
12.7983
12.7596
12.8016
12.7999
12.7998
12.7955
12.7998
12.7975
12.7975
12.7975
12.7995
12.8268
12.7285
12.7998
12.7992
12.7996
12.7996
12.7996
12.7997
12.7997
12.7997
12.7997
24.0049
24.5029
24.8653
25.1222
25.3051
13.2515
12.8726
12.8016
12.7913
12.7915
12.7918
12.7920
12.7923
12.7925
12.7927
12.7928
12.7996
24.1509
13.2601
12.8422
12.8050
12.7973
12.8033
12.7937
12.7936
12.7936
12.7936
12.7937
12.7937
12.8001
23.9445
13.2670
12.8306
12.7992
12.7946
12.7942
12.7941
12.7941
12.7941
12.7941
12.7941
12.7941
12.8002
23.8428
13.2663
12.8315
12.7997
12.7949
12.7944
12.7942
12.7941
12.7941
12.7941
12.7941
12.7941
12.8001
23.8156
13.2660
12.8317
12.7999
12.7949
12.7945
12.7944
12.7944
12.7943
12.7943
12.7943
12.7943
12.8003
23.8026
13.2649
12.8342
12.8000
12.7949
12.7943
12.7942
12.7941
12.7941
12.7941
12.7941
12.7941
12.8001
23.7950
13.2654
13.0889
12.6252
12.7565
12.8033
12.8074
12.8079
12.8082
12.8084
12.8086
12.8087
12.8614
23.9029
13.5493
12.8008
12.8002
12.7652
12.7955
12.7876
12.7831
12.7963
12.7974
12.7981
12.7986
12.7999
12.9938
12.7307
12.7975
12.8000
12.8003
12.8005
12.8005
12.8006
12.8007
12.8007
12.8008
12.8024
12.8017
12.8061
12.8009
12.8009
12.8009
12.8009
12.8009
12.8009
12.8008
12.8017
12.8014
12.8026
12.8011
12.8077
12.8001
12.8028
12.8021
12.8018
12.8017
12.8017
12.8032
12.8020
12.8014
12.8013
12.8010
12.7986
12.8009
12.8008
12.8016
12.8013
12.8003
12.8008
12.8002
12.8000
12.7998
12.7998
12.7992
12.8045
12.8004
12.7992
12.7988
12.7987
12.7991
12.7993
12.7977
12.8004
12.7999
12.7993
12.7969
12.7946
12.7988
12.7989
12.7991
12.8007
12.7997
12.7994
12.7995
12.7996
12.7998
12.7999
12.8001
12.7995
12.8015
12.8006
12.8005
12.8005
12.8009
12.8021
12.8022
12.8023
12.8027
12.8043
12.8028
12.7976
12.8025
12.8024
12.8024
12.8024
12.8013
12.8008
12.8005
12.8008
12.8015
12.8001
12.8000
12.7972
12.7994
12.7991
12.7989
12.7988
12.8003
12.8008
12.8008
12.8009
12.8018
12.8020
12.8011
12.8023
12.8009
12.8009
12.8008
12.8008
12.7993
12.7986
12.7984
12.7982
12.7981
12.7995
12.4868
12.8002
12.8002
12.8002
12.7247
12.7592
12.7878
12.7904
12.7918
12.7922
12.7921
12.7915
25.3707
13.3114
12.7485
12.7993
12.8027
12.7937
12.7934
12.7932
12.7933
12.7934
12.7936
12.7937
12.7937
24.9197
13.2917
12.7778
12.7994
12.7948
12.7945
12.7945
12.7945
12.7946
12.7946
12.7947
12.7938
12.7937
24.2337
13.2797
12.8010
12.7992
12.7944
12.7939
12.7938
12.7938
12.7937
12.7937
12.7938
12.7938
12.7938
24.1075
13.2777
12.8047
12.7996
12.7946
12.7941
12.7940
12.7939
12.7939
12.7936
12.7936
12.7935
12.7935
24.0622
13.2772
12.8047
12.7994
12.7942
12.7937
12.7935
12.7935
12.7938
12.7939
12.7939
12.7939
12.7940
24.0554
13.2771
12.8055
12.8000
12.7948
12.7943
12.7942
12.7941
12.7940
12.7940
12.7940
12.7940
12.7940
24.0071
13.2745
12.8112
12.8000
12.7948
12.7943
12.7942
12.7942
12.7942
12.7942
12.7942
12.7942
12.7942
23.9595
13.2715
12.8179
12.8002
12.7950
12.7945
12.7944
12.7944
12.7944
12.7944
12.7944
12.7944
12.7944
23.9008
13.2681
12.8256
12.8003
12.7951
12.7947
12.7946
12.7945
12.7945
12.7945
12.7945
12.7945
12.7945
23.8401
13.2648
12.8332
12.8005
12.7953
12.7948
12.7947
12.7947
12.7947
12.7947
12.7947
12.7947
12.7947
23.7790
13.2613
12.8408
12.8001
12.7949
12.7944
12.7942
12.7941
12.7941
12.7941
12.7940
12.7940
12.7818
23.8584
13.3757
12.7164
12.7945
12.8013
12.8003
12.8013
12.8041
12.8036
12.8037
12.8043
12.8050
12.8054
24.4753
13.3586
12.7204
12.8006
12.8062
12.8065
12.8058
12.8056
12.8055
12.8054
12.8048
12.8050
12.8053
24.6731
13.3690
12.7147
12.7986
12.8046
12.8052
12.8054
12.8060
12.8058
12.8057
12.8057
12.8003
12.8003
24.9155
13.3802
12.7075
12.7944
12.8010
12.8016
12.8014
12.8014
12.8014
12.8014
12.8014
12.8014
12.8017
25.1384
13.4201
12.6847
12.7939
12.8019
12.8022
12.8027
12.8019
12.8019
12.8011
12.8025
12.8009
12.8009
25.4717
13.4539
12.6656
12.7928
12.7995
12.7998
12.8011
12.8005
12.8004
12.8004
12.8004
12.8025
12.8014
25.6809
13.4699
12.6583
12.7938
12.7992
12.7994
12.7994
12.8006
12.7999
12.7988
12.7988
12.7987
12.7993
25.7278
13.4539
12.6643
12.7918
12.8003
12.8006
12.8005
12.7981
12.8004
12.8003
12.8003
12.8002
12.8007
25.6000
13.4474
12.6672
12.7917
12.7998
12.8003
12.7983
12.7998
12.7998
12.7998
12.7998
12.7994
12.7991
25.5620
13.4369
12.6697
12.7904
12.7982
12.7985
12.7984
12.7983
12.7983
12.7982
12.7984
12.7985
12.8060
25.2751
13.4001
12.6863
12.7907
12.8045
12.8046
12.8046
12.8045
12.8043
12.8044
12.8044
12.8044
12.8040
24.9586
13.3481
12.7133
12.7998
12.7965
12.7945
12.7945
12.7945
12.7944
12.7943
12.7943
12.7943
12.7944
24.3904
13.2971
12.7632
12.8007
12.7954
12.7949
12.7948
12.7948
12.7949
12.7949
12.7949
12.7950
12.7950
24.0718
13.2815
12.7950
12.8000
12.7949
12.7944
12.7942
12.7942
12.7942
12.7941
12.7941
12.7941
12.7943
23.9279
13.2767
12.8060
12.8003
12.7951
12.7946
12.7945
12.7945
12.7945
12.7945
12.7945
12.7944
12.7943
23.8325
13.2717
12.8173
12.8002
12.7951
12.7946
12.7945
12.7944
12.7944
12.7944
12.7946
12.7947
12.7947
23.7632
13.2674
12.8276
12.8007
12.7955
12.7951
12.7950
12.7950
12.7950
12.7951
12.7951
12.7951
12.7951
23.6578
13.2609
12.8428
12.8010
12.7959
12.7955
12.7954
12.7953
12.8685
12.8004
12.8004
12.8004
12.8004
23.5488
13.4241
12.7620
12.7983
12.8001
12.8003
12.8003
12.8003
12.8003
12.8003
12.8002
12.8002
12.8002
23.4458
13.4162
12.7646
12.7982
12.7999
12.8045
12.8024
12.8010
12.8008
12.8007
12.8006
12.8005
12.7990
23.3309
13.4074
12.7677
12.7983
12.7997
12.7998
12.7998
12.8006
12.8005
12.8004
12.8003
12.8002
12.8001
23.2214
13.3985
12.7712
12.7992
13.0739
12.6211
12.7901
12.7994
12.8004
12.8009
12.8011
12.8013
12.8015
23.2359
13.5976
12.6887
13.0275
12.7834
12.7541
12.7897
12.8062
12.8055
12.8045
12.8039
12.8030
12.8032
12.8031
12.8029
12.8927
12.7983
12.7841
12.7988
12.7995
12.7996
12.7997
12.7997
12.8705
12.8042
12.7994
12.8006
12.7313
12.8164
12.7987
12.7992
12.8015
12.8003
12.7998
12.7997
12.7996
12.8021
12.8709
12.8025
12.8014
12.8043
12.7332
12.8689
12.7316
12.7981
12.7994
12.8011
12.7997
12.7991
12.7991
12.8008
12.8008
12.8008
12.7992
12.8692
12.8038
12.8014
12.8005
12.7306
12.7989
12.8006
12.7996
12.7993
12.7990
12.8106
12.8001
12.7991
12.7989
12.8016
12.8693
12.8015
12.8009
12.8027
12.8016
12.8000
12.8000
12.7999
12.7999
12.7999
12.7999
12.7999
12.7999
12.7995
12.7998
12.7999
12.7999
12.7999
12.7999
12.8000
12.8000
12.7999
12.7999
12.7999
12.8000
12.8000
12.8001
12.8001
12.8001
12.8001
12.8001
12.7745
12.7688
12.7968
12.8011
12.8010
12.7990
12.7984
12.7982
12.7997
12.7995
12.7981
12.7977
12.8669
12.8009
12.7305
12.8664
12.7289
12.7957
12.7978
12.8004
12.7992
12.7987
12.7986
12.7987
12.8134
12.7999
12.7989
12.7986
12.8004
12.8003
12.7990
12.7985
12.8001
12.8004
12.8000
12.7989
12.7786
12.8002
12.7989
12.7980
12.7955
12.7973
12.7971
12.7989
12.7979
12.7965
12.7967
12.7969
12.7912
12.7972
12.7988
12.7979
12.7971
12.7977
12.7972
12.7974
12.7974
12.7974
12.7988
12.7984
12.7897
12.7975
12.7980
12.7981
12.7982
12.7982
12.7983
12.7983
12.7984
12.8000
12.8710
12.8029
12.8023
12.8037
12.8015
12.8013
12.7991
12.7991
12.7990
12.7955
12.8002
12.7991
12.7926
12.7988
12.7862
12.7991
12.7967
12.7989
12.7287
12.7978
12.7980
12.7985
12.7986
12.7987
12.7988
12.4830
12.8004
12.8006
12.8007
12.8008
12.8008
12.8008
12.8015
12.8122
12.8018
12.8012
12.8010
24.0735
13.2544
12.8548
12.8050
12.8007
12.8004
12.8004
12.8004
12.8004
12.8004
12.7971
12.8037
13.9917
22.6529
13.9599
13.1932
12.8953
12.7999
12.7994
12.8000
12.8000
12.7999
12.7999
12.7998
12.7998
12.7997
20.3676
13.9611
12.8007
12.7996
12.7996
12.7995
12.7995
12.7995
12.7994
12.7994
12.7994
12.7994
12.7994
20.1549
13.9613
12.8003
12.7993
12.7993
12.7993
12.7993
12.7993
12.7993
12.7993
12.7993
12.7993
12.7993
20.0260
13.9613
12.8002
12.7993
12.7993
12.7993
12.7993
12.7993
12.7993
12.7993
12.7993
12.7993
12.7993
19.9157
13.9613
12.8003
12.7993
12.7993
12.7993
12.7993
12.7993
12.7993
12.7993
12.7993
12.7993
12.7993
19.8686
13.9613
12.8002
12.7993
12.7993
12.7993
12.8007
12.7997
12.7997
12.7996
12.7996
12.7996
12.7995
12.7995
12.7995
12.7995
12.7995
12.7994
36.7346
40.0331
40.0427
35.9408
33.7999
32.3839
31.2873
12.7778
12.7908
12.7947
12.7950
12.8011
12.8047
12.8044
12.8043
12.8041
12.8039
12.8037
12.8031
12.8028
13.4566
16.4351
12.8024
12.8020
12.8022
12.8022
12.8022
12.8021
12.8018
12.8019
12.8022
12.8024
12.8023
12.8023
12.8023
12.8023
12.8023
12.8023
12.8023
12.8022
12.8022
12.8021
12.8022
12.8023
12.8024
12.8024
12.8014
12.8006
12.8005
12.8005
12.8005
12.8005
12.8005
12.8005
12.8005
12.8005
12.8005
12.8005
12.8005
12.7773
12.7643
12.7786
12.7880
12.8059
12.8022
12.8012
12.8009
12.7999
12.7956
12.7988
12.7950
12.8091
12.8071
12.8229
12.8144
12.8125
12.8030
12.8009
12.8004
12.7939
12.8004
12.7980
12.7978
12.7993
12.8011
12.8307
12.7986
12.8007
12.8011
12.8011
12.7976
12.7988
12.8193
12.8002
12.8002
12.8002
12.8002
12.8002
12.8002
12.8002
12.8002
12.8003
12.8003
12.8003
12.8003
12.8003
12.8003
12.8003
12.8003
12.8003
12.8003
12.8003
12.8003
12.8003
12.8003
12.8003
12.8003
12.8003
12.8003
12.8003
12.8000
12.8003
12.8003
12.8003
12.8003
12.8003
12.8003
12.8003
13.5754
14.7525
15.2393
15.2305
15.5275
17.5653
17.9979
18.3694
18.7896
19.2392
19.4589
19.2844
19.4772
19.7706
20.0770
20.3821
20.6853
22.9153
23.1687
23.2034
23.0689
23.2296
23.4390
23.6534
23.8655
24.0743
12.7992
12.7992
12.7997
12.7996
12.7996
12.7997
12.7997
12.7997
12.7997
12.7998
12.7998
12.7998
12.7998
12.7998
12.7998
12.7997
12.7998
12.7998
12.7998
12.7998
14.2858
23.6705
24.3866
24.8808
25.2481
25.5409
18.4426
17.6184
16.9713
16.4648
16.0310
15.6482
15.3059
14.9967
14.7148
14.4566
14.2195
14.0015
21.5435
14.0311
13.7754
13.5629
13.3786
13.2125
13.0606
12.9206
12.7998
12.7999
12.7997
12.7994
12.7992
20.7317
13.9605
12.8011
12.7999
12.7999
12.7999
12.7999
12.7999
12.7998
12.7998
12.7998
12.7998
12.7998
20.3830
13.9602
12.8008
12.7997
12.7997
12.7997
12.7997
12.7997
12.7997
12.7996
12.7996
12.7996
12.7996
20.2144
13.9602
12.8006
12.7996
12.7996
12.7996
12.7996
12.7996
12.7996
12.7996
12.7996
12.7996
12.7996
20.0694
13.9612
12.8006
12.7996
12.7996
12.7996
12.7996
12.7996
12.7996
12.7996
12.7996
12.7996
12.7996
19.9432
13.9603
12.8006
12.7996
12.7996
12.7996
12.7996
12.7996
12.7996
12.7996
12.7996
12.7996
12.7996
19.8934
13.9612
12.8005
12.7995
12.7995
12.7995
12.8007
12.7997
12.7997
12.7996
12.7996
12.7996
12.7995
12.7995
12.7995
12.7995
12.7994
12.7992
36.7251
40.0309
39.2863
34.1541
32.1785
30.7855
29.4538
12.7956
12.8069
12.8056
12.8053
12.8049
12.8041
12.8040
12.8039
13.4065
16.1111
16.2623
16.3600
12.8037
12.8034
12.8031
12.8030
12.8029
12.8028
12.8030
12.8027
12.8026
12.8025
12.8024
12.8021
12.8021
12.8021
12.8020
12.8020
12.8019
12.8007
12.8007
12.8007
12.8006
12.8006
12.8006
12.8006
12.8006
12.8006
12.8006
12.8006
12.8006
12.8005
12.7955
12.7914
12.8016
12.7953
12.7986
12.7979
12.8194
12.7942
12.7988
12.7924
12.7844
12.7847
12.7693
12.7832
12.8045
12.8080
12.8000
12.7995
12.8007
12.7995
12.7974
12.7968
12.7947
12.8132
12.8114
12.8183
12.8090
12.8033
12.7978
12.8003
12.8011
12.7967
12.7994
12.8053
12.8573
12.8002
12.8001
12.8002
12.8002
12.8002
12.8002
12.8002
12.8002
12.8002
12.8002
12.8002
12.8002
12.8002
12.8002
12.8002
12.8002
12.8002
12.8002
12.8002
12.8002
12.8002
12.8002
12.8002
12.8002
12.8002
12.8002
12.8002
12.8002
12.8002
12.8002
12.8002
12.8002
12.8002
12.8002
12.8003
12.8003
12.8001
12.8002
12.8002
12.8002
12.8002
12.8002
12.8002
13.8493
14.1424
14.5265
15.0794
15.5843
16.0662
18.0818
17.9997
18.2392
18.6498
19.1031
19.4546
19.7593
20.0471
20.3234
20.2344
20.1657
20.3461
22.4945
22.6821
22.8843
23.0763
23.2648
23.4498
23.6315
23.7082
23.4321
23.5251
12.7994
12.7996
12.7996
12.7996
12.7993
12.7992
12.7993
12.7993
12.7993
12.7993
12.7993
12.7993
12.7993
12.7994
12.7994
12.7994
12.7994
13.6286
24.0439
24.8134
25.3476
25.7533
26.0810
26.3558
26.2430
18.7307
17.8206
17.1216
16.6397
16.2177
15.8376
15.4924
15.1771
14.8874
14.6262
14.3910
14.1735
21.5206
14.2492
14.0054
13.8072
13.6361
13.4843
13.3473
13.2223
13.1073
13.0010
12.9025
12.8101
12.1956
21.7388
22.6199
23.2302
23.6809
13.2626
12.8326
12.8028
12.7991
12.7991
12.7993
12.7995
12.7995
12.7996
12.7996
12.7997
12.7997
23.7153
13.2745
12.8073
12.8053
12.8005
12.8001
12.8000
12.8011
12.8012
12.8013
12.8015
12.8014
12.8015
23.7680
13.2692
12.8204
12.8070
12.7841
12.7986
12.7999
12.8000
12.8002
12.8003
12.8033
12.8265
12.8018
23.6204
13.2577
12.8470
12.8074
12.8023
12.8018
12.8017
12.8017
12.8017
12.8017
12.8017
12.8017
12.8017
23.4523
13.2463
12.8746
12.8074
13.0228
12.6268
12.7476
12.7978
12.7990
12.7994
12.7997
12.7999
12.8008
23.4336
13.5161
12.6312
13.0215
12.7618
12.7743
12.7893
12.7989
12.8060
12.8073
12.8051
12.8040
12.8036
12.8033
12.8033
12.9869
12.7747
12.7897
12.8014
12.8034
12.8033
12.8034
12.8749
12.8073
12.8098
12.8073
12.8034
12.7614
12.8209
12.8002
12.8042
12.8026
12.8041
12.8023
12.8009
12.8025
12.8003
12.8755
12.7344
12.8723
12.7505
12.8011
12.7307
12.8008
12.8003
12.8001
12.8002
12.8027
12.8016
12.8006
12.8004
12.8010
12.8051
12.8023
12.8017
12.8016
12.8034
12.8036
12.8026
12.8739
12.8038
12.8062
12.8013
12.7997
12.8000
12.8002
12.8002
12.8001
12.8001
12.8000
12.7999
12.7998
12.7998
12.7997
12.7997
12.7996
12.7995
12.7995
12.7994
12.7994
12.7982
12.8001
12.8002
12.8000
12.8001
12.8001
12.8011
12.8012
12.8013
12.8013
12.8213
12.8559
12.8033
12.8014
12.7461
12.7891
12.7915
12.7989
12.7992
12.7993
12.7993
12.7993
12.7992
12.7992
12.7991
12.8000
12.8004
12.8158
12.7869
12.8006
12.8036
12.8028
12.8643
12.8029
12.7379
12.8685
12.7501
12.7968
12.8035
12.8018
12.8012
12.8023
12.8010
12.8005
12.8129
12.8009
12.8027
12.8012
12.8004
12.7998
12.8013
12.7995
12.7985
12.7987
12.8008
12.7985
12.7573
12.7922
12.7961
12.7957
12.7905
12.7348
12.8493
12.7955
12.7933
12.7942
12.7922
12.7930
12.7867
12.7925
12.7945
12.7909
12.7878
12.7926
12.7357
12.7941
12.7938
12.7944
12.7948
12.7961
12.7892
12.7987
12.7993
12.8446
12.8055
12.7985
12.7982
12.7980
12.7978
12.8691
12.8015
12.8046
12.7534
12.8077
12.8004
12.7999
12.7997
12.7997
12.7996
12.7995
12.7974
12.7952
12.8079
12.8264
12.7175
12.7994
12.7982
12.7991
12.7993
12.7995
12.7997
12.7998
12.7999
12.8000
12.8001
24.0050
24.5105
24.8691
25.1329
25.3194
13.2564
12.8679
12.8024
12.7897
12.7991
12.7994
12.7996
12.7997
12.7998
12.7999
12.7999
12.8000
24.1429
13.2571
12.8489
12.8053
12.8009
12.8006
12.8005
12.8005
12.8005
12.8005
12.7972
12.8037
12.8007
23.8639
13.2562
12.8510
12.8060
12.8012
12.8009
12.8008
12.8007
12.8007
12.8007
12.8007
12.8007
12.8007
23.7206
13.2528
12.8587
12.8064
12.8014
12.8009
12.8008
12.8007
12.8007
12.8007
12.8007
12.8007
12.8007
23.6547
13.2496
12.8658
12.8063
12.7901
12.7961
12.7986
12.7990
12.7993
12.7995
12.7996
12.8239
12.8009
23.6003
13.2469
12.8723
12.8064
12.8014
12.8010
12.8008
12.8008
12.8008
12.8007
12.8007
12.8007
12.8007
23.5437
13.2497
13.1165
12.5797
12.7724
12.7980
12.7993
12.7999
12.8002
12.8005
12.8006
12.8008
12.8177
23.6391
13.6313
12.7453
12.7628
12.7565
12.7903
12.8066
12.8046
12.8036
12.8031
12.8028
12.8026
12.8024
13.0068
12.7629
12.7997
12.7861
12.8016
12.8015
12.8031
12.8010
12.8809
12.8092
12.8065
12.7998
12.8291
12.7503
12.8013
12.8034
12.8001
12.7997
12.8014
12.8735
12.8054
12.8034
12.8003
12.8019
12.7473
12.8007
12.7292
12.7980
12.7988
12.8006
12.8017
12.8006
12.8003
12.8003
12.8027
12.8018
12.8672
12.8002
12.8003
12.8729
12.8027
12.8011
12.8014
12.7328
12.8006
12.8002
12.8002
12.8005
12.8024
12.8784
12.7998
12.8001
12.8001
12.8001
12.8001
12.8216
12.8000
12.8000
12.8000
12.8000
12.7999
12.7999
12.7999
12.7999
12.7999
12.7999
12.8000
12.8003
12.8004
12.8005
12.8006
12.8007
12.8008
12.8009
12.8009
12.8010
12.8010
12.8010
12.8012
12.8012
12.7991
12.7898
12.8002
12.8012
12.8006
12.8010
12.8011
12.8008
12.8011
12.7696
12.7954
12.7985
12.7993
12.7822
12.7759
12.7971
12.7987
12.7998
12.8433
12.8064
12.7998
12.8311
12.7819
12.7988
12.7987
12.7986
12.7986
12.7988
12.8011
12.8124
12.7986
12.7986
12.8002
12.8005
12.7986
12.7978
12.7990
12.7997
12.7982
12.7975
12.7984
12.7569
12.7909
12.7912
12.7933
12.7914
12.7942
12.7955
12.7941
12.7958
12.7935
12.7935
18.5302
18.9662
19.0354
19.1660
19.3129
19.4631
19.5631
19.6522
19.7299
19.7677
19.7408
19.7835
19.8413
20.3223
20.3734
20.4179
20.4589
20.4981
20.5356
20.5482
20.4968
20.5160
16.4896
16.1979
15.7759
15.4769
15.3317
15.1951
15.1872
15.1857
15.1511
15.0743
15.1884
15.4446
15.4622
15.4786
15.7411
16.3714
16.5015
20.7780
20.9343
21.0169
21.0763
21.1237
21.1416
21.1010
21.1208
21.1442
21.1371
21.3672
21.3849
21.4025
21.4194
21.4359
21.4519
21.4674
21.4826
21.4974
21.5118
21.5260
24.0032
20.0998
21.4377
21.5564
21.5806
21.5944
21.6065
21.6181
21.6293
21.6402
21.6508
21.6613
21.6714
24.0031
20.8401
21.9231
22.0181
22.0352
22.0441
22.0518
22.0593
22.0667
22.0740
22.0812
22.0891
22.0969
24.0016
20.9749
22.0190
22.1117
22.1289
22.1380
22.1460
22.1537
22.1613
22.1686
22.1735
22.1779
22.1820
24.0014
21.0589
22.0963
22.1822
22.1951
22.2002
22.2041
22.2078
22.2113
22.2145
22.2175
22.2204
22.2232
24.0013
21.1064
22.1364
22.2194
22.2311
22.2350
22.2379
22.2406
22.2433
22.2461
22.2487
22.2514
22.2540
24.0014
21.1490
22.1683
22.2501
22.2615
22.2653
22.2681
22.2616
22.2542
22.2464
22.2385
22.2303
22.2221
24.0014
21.0607
22.1022
22.1745
22.0260
21.9588
21.9458
21.4214
21.3855
21.3608
21.3425
21.3245
21.3086
21.2936
21.2776
21.2572
21.2361
21.2153
21.1897
20.9001
20.7951
20.7635
20.7452
20.7288
20.7085
20.6856
20.6615
20.6454
20.6231
20.5977
20.5707
20.2855
20.2680
20.2468
20.1992
20.0925
20.0582
20.0421
20.0302
20.0195
20.0096
19.9959
19.9851
19.5727
19.5716
19.5202
19.4370
19.4182
19.4155
19.4148
19.4142
19.4134
19.4123
19.3919
19.2855
19.3978
19.3926
19.3907
19.3893
19.3877
19.3901
19.3943
19.3773
19.2828
19.2655
19.2684
19.2791
19.0169
19.0316
19.0671
19.0947
19.0141
18.9861
18.9993
18.9956
19.0075
19.0266
19.0464
19.0303
19.1513
19.1430
19.1540
19.1678
19.1811
19.1794
19.1665
19.1462
19.0394
18.9503
18.9264
18.8961
18.9229
18.8741
18.8195
18.7592
18.6934
18.5377
18.4232
18.3436
18.2690
18.1924
18.1127
18.0469
18.2503
18.1794
18.0952
17.9327
17.8387
17.8358
17.8598
17.9049
17.9659
18.0391
18.1232
18.2192
18.4772
18.5970
18.6887
18.7843
18.9274
19.0056
19.0603
19.1086
19.1823
19.2386
19.2849
19.3270
19.2999
19.3403
19.3798
19.4013
19.3488
19.3814
19.4332
19.4892
19.5470
19.6059
19.6661
19.7327
20.2646
20.3187
20.3756
20.4336
20.4927
20.5444
20.5932
20.6414
20.6207
20.6403
20.6849
20.6089
20.6678
20.7217
20.7747
20.8195
20.8657
20.9057
20.9422
20.9770
21.0120
21.0467
21.0807
24.0031
19.9181
21.4877
21.6398
21.6744
21.6959
21.7146
21.7328
21.7507
21.7684
21.7867
21.8051
21.8156
24.0016
20.5361
21.7243
21.8325
21.8523
21.8625
21.8712
21.8795
21.8874
21.8951
21.9027
21.9103
21.9179
24.0014
20.6724
21.8275
21.9291
21.9469
21.9557
21.9633
21.9706
21.9777
21.9846
21.9917
21.9987
22.0057
24.0014
20.7757
21.9206
22.0167
22.0335
22.0420
22.0493
22.0562
22.0631
22.0724
22.0813
22.0911
22.1001
24.0014
20.9231
22.0287
22.1235
22.1414
22.1527
22.1621
22.1721
22.1806
22.1893
22.1985
22.2069
22.2154
24.0014
21.1038
22.1481
22.2370
22.2535
22.2638
22.2724
22.2823
22.2913
22.3011
22.3100
22.3196
22.3285
24.0015
21.2904
22.2689
22.3534
22.3699
22.3806
22.3825
22.3827
22.3825
22.3820
22.3814
22.3806
22.3797
24.0016
21.3484
22.2892
22.3623
22.3693
22.3698
22.3696
22.3693
22.3688
22.3683
22.3677
22.3671
22.3664
24.0016
21.3299
22.2757
22.3504
22.3576
22.3575
22.3564
22.3551
22.3536
22.3521
22.3505
22.3488
22.3472
24.0016
21.2968
22.2518
22.3206
22.3201
22.3124
22.3038
22.2948
22.2858
22.2766
22.2674
22.2582
22.2489
24.0015
20.5228
21.6336
21.4140
21.3945
21.3958
21.4059
21.4109
21.4178
21.4211
21.4199
21.4077
21.3946
24.0025
19.8525
21.2096
21.2975
21.2908
21.2738
21.2557
21.2340
21.2102
21.1855
21.1601
21.1343
21.1080
24.0025
19.4487
20.8404
20.9188
20.8946
20.8587
20.8277
20.7992
20.7713
20.7440
20.7169
20.6902
20.6636
24.0023
18.8692
20.4095
20.5207
20.5125
20.4898
20.4647
20.4387
20.4122
20.3853
20.3567
20.2548
20.2163
24.0022
18.2320
19.9252
20.0507
20.0464
20.0279
20.0075
19.9867
19.9702
19.9511
19.9466
19.8054
19.8048
24.0020
17.6965
19.5866
19.7555
19.7804
19.7878
19.7923
19.7961
19.7998
19.8046
19.8097
19.8150
19.8205
24.0025
17.6691
19.5460
19.6900
19.6822
19.6500
19.6105
19.5800
19.4635
19.1944
19.1364
19.0742
19.0074
24.0025
16.6057
18.5740
18.7406
18.7368
18.7053
18.6815
18.6824
18.8935
18.9032
18.9174
18.9357
18.9581
24.0025
16.6428
18.6347
18.8175
18.8209
18.7750
18.6649
18.7639
18.7261
18.6872
18.6468
18.6051
18.6371
24.0019
16.4123
18.6075
18.9285
19.0685
19.2387
19.3811
19.5148
19.6850
19.8710
20.0289
20.1170
20.1799
24.0022
18.3981
20.1346
20.3328
20.4010
20.4239
20.4602
20.5026
20.5454
20.5881
20.6410
20.6978
20.7554
24.0025
19.1542
20.7658
20.9514
21.2911
21.3453
21.3977
21.4488
21.4986
21.5364
21.5690
21.5992
21.6277
24.0017
20.2745
21.5730
21.7059
21.7420
21.7661
21.7888
21.8112
21.8334
21.8554
21.8774
21.8993
21.9211
24.0016
20.7303
21.8508
21.9525
21.9713
21.9810
21.9892
21.9967
22.0040
22.0110
22.0178
22.0244
22.0308
24.0016
20.8255
21.9426
22.0361
22.0512
22.0578
22.0632
22.0682
22.0730
22.0778
22.0824
22.0869
22.0922
24.0015
20.9037
22.0080
22.0986
22.1136
22.1206
22.1265
22.1321
22.1376
22.1430
22.1484
22.1542
22.1598
24.0014
21.0046
22.0781
22.1663
22.1808
22.1874
22.1930
22.1983
22.2035
22.2085
22.2128
22.2170
22.2210
24.0014
21.0974
22.1376
22.2218
22.2342
22.2389
22.2426
22.2461
22.2493
22.2538
22.2586
22.2634
22.2683
24.0015
21.1765
22.1910
22.2738
22.2873
22.2934
22.2986
22.3036
22.3100
22.3166
22.3232
22.3300
22.3367
24.0015
21.2965
22.2690
22.3505
22.3657
22.3738
22.3811
22.3872
22.3930
22.3987
22.4044
22.4101
22.4158
24.0016
21.4281
22.3484
22.4259
22.4394
22.4460
22.4529
22.4598
22.4665
22.4733
22.4801
22.4869
22.4936
24.0016
21.5659
22.4335
22.5094
22.5236
12.1954
12.8001
12.8004
12.7175
12.7777
12.7971
12.7984
12.7988
23.4674
13.3330
12.8058
12.8276
13.0293
12.7599
12.7595
12.7793
12.7908
12.7962
12.7968
12.7979
12.7988
12.8015
12.7982
12.8006
13.0199
12.7512
12.7881
12.8005
12.8051
12.8027
12.8019
12.8701
12.8075
12.8061
12.7999
12.8000
12.7558
12.8212
12.8066
12.8035
12.8026
12.8028
12.8024
12.8043
12.8007
12.7999
12.8718
12.7322
12.8734
12.7510
12.8009
12.7282
12.7984
12.8013
12.8001
12.7996
12.8727
12.8038
12.8038
12.7304
12.7995
12.8013
12.8031
12.8022
12.8012
12.8010
12.8020
12.8040
12.8018
12.8734
12.8033
12.8046
12.8033
12.7400
12.7993
12.8002
12.8725
12.7998
12.7999
12.7997
12.7996
12.8007
12.8000
12.7997
12.7996
12.7995
12.8004
12.8004
12.8004
12.8004
12.8007
12.8009
12.8011
12.8001
12.8009
12.8014
12.8015
12.8016
12.8017
12.8017
12.8019
12.8020
12.8018
12.8017
12.8016
12.8016
12.8015
12.7729
12.7973
12.8335
12.8040
12.8032
12.8018
12.7439
12.7997
12.8591
12.8047
12.8032
12.8024
12.8042
12.8042
12.8013
12.8009
12.8003
12.8592
12.7488
12.7962
12.8004
12.7999
12.7999
12.7998
12.8013
12.8015
12.8130
12.7995
12.7997
12.8023
12.8007
12.7983
12.7976
12.7999
12.7984
12.7972
12.7968
12.7990
12.7468
12.7890
12.7910
12.7894
12.7899
12.7953
12.7931
12.7360
12.8513
12.7978
12.7326
12.8509
12.7910
12.7947
12.7941
12.7940
12.7942
12.7343
12.7954
12.7946
12.7972
12.7973
12.7978
12.7982
12.7906
12.7985
12.8441
12.8049
12.7993
12.7995
12.8023
12.7989
12.7987
12.8717
12.8010
12.8033
12.8074
12.8005
12.8047
12.7479
12.8025
12.8016
12.8004
12.8001
12.7979
12.7957
12.8238
12.8165
12.7862
12.8010
12.8003
12.7292
12.7987
12.7991
12.8000
12.7992
12.7993
12.7995
12.8000
24.0050
24.5736
24.9825
25.2807
13.2734
12.8345
12.7986
12.7977
12.7982
12.7986
12.7989
12.7991
12.7994
12.7996
12.7997
12.7998
24.3932
13.2712
12.8156
12.8053
12.8007
12.7973
12.8032
