0.0000
0.0000
0.0000
0.0000
0.0000
0.0000
0.0000
0.0000
0.0000
0.0000
0.0000
0.0000
0.0000
0.0000
0.0000
0.0000
0.0000
0.0000
0.0000
0.0000
0.0000
0.0000
0.0000
0.0000
0.0000
0.0000
0.0000
0.0000
0.0000
0.0000
0.0000
0.0000
0.0000
0.0000
0.0000
0.0000
0.0000
0.0000
0.0000
0.0000
0.0000
0.0000
0.0000
0.0000
0.0000
0.0000
0.0000
0.0000
0.0000
0.0000
0.0000
0.0000
0.0000
0.0000
0.0000
0.0000
0.0000
0.0000
0.0000
0.0000
0.0000
0.0491
0.0491
0.0491
0.0491
0.0491
0.0491
0.0491
0.0491
0.0491
0.0491
0.0491
0.0491
0.0491
0.0491
0.0491
0.0491
0.0491
0.0491
0.0491
0.0491
0.0491
0.0491
0.0491
0.0491
0.2456
0.2456
0.1584
0.1465
0.1465
0.1516
0.1480
0.1499
0.1498
0.1512
0.1521
0.1534
0.1534
0.1554
0.1557
0.1566
0.1573
0.1581
0.1589
0.1598
0.1609
0.1662
0.1640
0.1630
0.1661
0.1701
0.1675
0.1676
0.1697
0.1705
0.1720
0.1731
0.1748
0.1755
0.1767
0.1779
0.1788
0.1791
0.1820
0.1818
0.1828
0.1838
0.1846
0.1854
0.1862
0.1869
0.1876
0.1883
0.1890
0.1898
0.1902
0.1909
0.1915
0.1924
0.1941
0.1934
0.1941
0.1947
0.1954
0.1962
0.1963
0.1967
0.1970
0.1973
0.1976
0.1980
0.1972
0.1985
0.1992
0.1996
0.2000
0.2006
0.2006
0.2012
0.2016
0.2022
0.2026
0.2031
0.2032
0.2033
0.2032
0.2032
0.2018
0.2031
0.2024
0.2015
0.2011
0.2003
0.1996
0.1988
0.1982
0.1978
0.1984
0.1972
0.1968
0.1965
0.1966
0.1967
0.1969
0.1973
0.1988
0.1966
0.1981
0.1980
0.1980
0.1978
0.1978
0.1977
0.1968
0.1960
0.1948
0.1938
0.1928
0.1916
0.1903
0.1886
0.1871
0.1853
0.1836
0.1816
0.1802
0.1780
0.1773
0.1757
0.1741
0.1725
0.1712
0.1694
0.1694
0.1681
0.1669
0.1659
0.1648
0.1636
0.1622
0.1618
0.1606
0.1591
0.1580
0.1564
0.1558
0.1547
0.1536
0.1525
0.1516
0.1506
0.1499
0.1490
0.1481
0.1472
0.1463
0.1456
0.1448
0.1439
0.1438
0.1426
0.1417
0.1407
0.1402
0.1393
0.1385
0.1376
0.1367
0.1358
0.1348
0.1338
0.1328
0.1318
0.1312
0.1306
0.1303
0.1291
0.1295
0.1291
0.1288
0.1284
0.1282
0.1279
0.1276
0.1273
0.0000
0.0000
0.0000
0.0000
0.0000
0.0000
0.0000
0.0000
0.0000
0.0000
0.0000
0.0000
0.0000
0.0000
0.0000
0.0000
0.0000
0.0000
0.0000
0.0000
0.0000
0.0000
0.0000
0.0000
0.0000
0.0000
0.0000
0.0000
0.0000
0.0000
0.0491
0.0491
0.0491
0.0491
0.0491
0.0491
0.0491
0.0491
0.0491
0.0491
0.0491
0.0491
0.0000
0.0000
0.0000
0.0491
0.0491
0.0491
0.0491
0.0491
0.0491
0.0491
0.0491
0.0491
0.0491
0.0491
0.0491
0.0000
0.0491
0.0491
0.0491
0.0491
0.0491
0.0491
0.0491
0.0491
0.0491
0.0491
0.0491
0.0491
0.0000
0.0491
0.0491
0.0491
0.0491
0.0491
0.0491
0.0491
0.0491
0.0491
0.0491
0.0491
0.0491
0.0000
0.1386
0.0692
0.0678
0.0681
0.0685
0.0689
0.0693
0.0698
0.0702
0.0707
0.0723
0.0741
0.2456
0.2338
0.1546
0.1518
0.1519
0.1523
0.1527
0.1531
0.1535
0.1540
0.1544
0.1549
0.2456
0.2456
0.2456
0.2456
0.2456
0.2456
0.2456
0.2456
0.2456
0.2456
0.2456
0.2456
0.2456
0.2456
0.2456
0.2456
0.2456
0.2456
0.2456
0.2456
0.2456
0.2456
0.2456
0.2456
0.2456
0.2456
0.2456
0.2456
0.2456
0.2456
0.2456
0.2456
0.2456
0.2456
0.2456
0.2456
0.2456
0.2456
0.2456
0.2456
0.2456
0.2456
0.2456
0.2456
0.2456
0.2456
0.2456
0.2456
0.2456
0.2456
0.2456
0.2456
0.2456
0.2456
0.2456
0.2456
0.2456
0.2456
0.2456
0.2456
0.2456
0.2456
0.2456
0.2456
0.2456
0.2456
0.2456
0.2456
0.2456
0.2456
0.2456
0.2456
0.2456
0.2456
0.2456
0.2456
0.2456
0.2456
0.2456
0.2456
0.2456
0.2456
0.2456
0.2456
0.2456
0.2456
0.2456
0.2456
0.2456
0.2456
0.2456
0.2456
0.2456
0.2456
0.2456
0.2456
0.2456
0.2456
0.2456
0.2456
0.2456
0.2456
0.2456
0.2456
0.2456
0.2456
0.2456
0.2456
0.2456
0.2456
0.2456
0.2456
0.2456
0.2456
0.2456
0.2456
0.2456
0.2456
0.2456
0.2456
0.2456
0.2456
0.2456
0.2456
0.2456
0.2456
0.2456
0.2456
0.2456
0.2456
0.2456
0.2456
0.2456
0.2456
0.2456
0.2456
0.2456
0.2456
0.2456
0.2456
0.2456
0.2456
0.2456
0.2456
0.2456
0.2456
0.2456
0.2456
0.2456
0.2456
0.2456
0.2456
0.2456
0.2456
0.2456
0.2456
0.2456
0.2456
0.2456
0.2456
0.2456
0.2456
0.2456
0.2456
0.2456
0.2456
0.2456
0.2456
0.2456
0.2456
0.2456
0.2456
0.2456
0.2456
0.2456
0.2456
0.2456
0.2456
0.2456
0.2456
0.0000
0.0000
0.0000
0.0000
0.0000
0.0491
0.0491
0.0491
0.0491
0.0491
0.0491
0.0491
0.0491
0.0491
0.0491
0.0491
0.0491
0.0000
0.0491
0.0491
0.0491
0.0491
0.0491
0.0491
0.0491
0.0491
0.0491
0.0491
0.0491
0.0491
0.0000
0.0491
0.0491
0.0491
0.0491
0.0491
0.0491
0.0491
0.0491
0.0491
0.0491
0.0491
0.0491
0.0000
0.0491
0.0491
0.0491
0.0491
0.0491
0.0491
0.0491
0.0491
0.0491
0.0491
0.0491
0.0491
0.0000
0.0491
0.0491
0.0491
0.0491
0.0491
0.0491
0.0491
0.0491
0.0491
0.0491
0.0491
0.0491
0.0000
0.0491
0.0491
0.0491
0.0491
0.0491
0.0491
0.0491
0.0491
0.0491
0.0491
0.0491
0.0491
0.0000
0.0491
0.2456
0.1208
0.1010
0.0987
0.0973
0.0962
0.0954
0.0947
0.0941
0.0936
0.0943
0.0000
0.2456
0.2456
0.2245
0.1647
0.1628
0.1629
0.1630
0.1632
0.1635
0.1638
0.1642
0.1646
0.2456
0.2456
0.2456
0.2456
0.2456
0.2456
0.2456
0.2456
0.2456
0.2456
0.2456
0.2456
0.2456
0.2456
0.2456
0.2456
0.2456
0.2456
0.2456
0.2456
0.2456
0.2456
0.2456
0.2456
0.2456
0.2456
0.2456
0.2456
0.2456
0.2456
0.2456
0.2456
0.2456
0.2456
0.2456
0.2456
0.2456
0.2456
0.2456
0.2456
0.2456
0.2456
0.2456
0.2456
0.2456
0.2456
0.2456
0.2456
0.2456
0.2456
0.2456
0.2456
0.2456
0.2456
0.2456
0.2456
0.2456
0.2456
0.2456
0.2456
0.2456
0.2456
0.2456
0.2456
0.2456
0.2456
0.2456
0.2456
0.2456
0.2456
0.2456
0.2456
0.2456
0.2456
0.2456
0.2456
0.2456
0.2456
0.2456
0.2456
0.2456
0.2456
0.2456
0.2456
0.2456
0.2456
0.2456
0.2456
0.2456
0.2456
0.2456
0.2456
0.2456
0.2456
0.2456
0.2456
0.2456
0.2456
0.2456
0.2456
0.2456
0.2456
0.2456
0.2456
0.2456
0.2456
0.2456
0.2456
0.2456
0.2456
0.2456
0.2456
0.2456
0.2456
0.2456
0.2456
0.2456
0.2456
0.2456
0.2456
0.2456
0.2456
0.2456
0.2456
0.2456
0.2456
0.2456
0.2456
0.2456
0.2456
0.2456
0.2456
0.2456
0.2456
0.2456
0.2456
0.2456
0.2456
0.2456
0.2456
0.2456
0.2456
0.2456
0.2456
0.2456
0.2456
0.2456
0.2456
0.2456
0.2456
0.2456
0.2456
0.2456
0.2456
0.2456
0.2456
0.2456
0.2456
0.2456
0.2456
0.2456
0.2456
0.2456
0.2456
0.2456
0.2456
0.2456
0.2456
0.2456
0.2456
0.2456
0.2456
0.2456
0.2456
0.2456
0.2456
0.2456
0.2456
0.2456
0.2456
0.0000
0.0000
0.0000
0.0000
0.0000
0.0491
0.0491
0.0491
0.0491
0.0491
0.0491
0.0491
0.0491
0.0491
0.0491
0.0491
0.0491
0.0000
0.0491
0.0491
0.0491
0.0491
0.0491
0.0491
0.0491
0.0491
0.0491
0.0491
0.0491
0.0491
0.0000
0.0491
0.0491
0.0491
0.0491
0.0491
0.0491
0.0491
0.0491
0.0491
0.0491
0.0491
0.0491
0.0000
0.0491
0.0491
0.0491
0.0491
0.0491
0.0491
0.0491
0.0491
0.0491
0.0491
0.0491
0.0491
0.0000
0.0491
0.0491
0.0491
0.0491
0.0491
0.0491
0.0491
0.0491
0.0491
0.0491
0.0491
0.0491
0.0000
0.0491
0.0491
0.0491
0.0491
0.0491
0.0491
0.0491
0.0491
0.0491
0.0491
0.0491
0.0491
0.0000
0.0491
0.2313
0.0963
0.0906
0.0891
0.0882
0.0875
0.0870
0.0866
0.0864
0.0862
0.0879
0.0000
0.2456
0.2456
0.2118
0.1608
0.1595
0.1599
0.1604
0.1609
0.1616
0.1624
0.1668
0.1641
0.2456
0.2456
0.2456
0.2456
0.2456
0.2456
0.2456
0.2456
0.2456
0.2456
0.2456
0.2456
0.2456
0.2456
0.2456
0.2456
0.2456
0.2456
0.2456
0.2456
0.2456
0.2456
0.2456
0.2456
0.2456
0.2456
0.2456
0.2456
0.2456
0.2456
0.2456
0.2456
0.2456
0.2456
0.2456
0.2456
0.2456
0.2456
0.2456
0.2456
0.2456
0.2456
0.2456
0.2456
0.2456
0.2456
0.2456
0.2456
0.2456
0.2456
0.2456
0.2456
0.2456
0.2456
0.2456
0.2456
0.2456
0.2456
0.2456
0.2456
0.2456
0.2456
0.2456
0.2456
0.2456
0.2456
0.2456
0.2456
0.2456
0.2456
0.2456
0.2456
0.2456
0.2456
0.2456
0.2456
0.2456
0.2456
0.2456
0.2456
0.2456
0.2456
0.2456
0.2456
0.2456
0.2456
0.2456
0.2456
0.2456
0.2456
0.2456
0.2456
0.2456
0.2456
0.2456
0.2456
0.2456
0.2456
0.2456
0.2456
0.2456
0.2456
0.2456
0.2456
0.2456
0.2456
0.2456
0.2456
0.2456
0.2456
0.2456
0.2456
0.2456
0.2456
0.2456
0.2456
0.2456
0.2456
0.2456
0.2456
0.2456
0.2456
0.2456
0.2456
0.2456
0.2456
0.2456
0.2456
0.2456
0.2456
0.2456
0.2456
0.2456
0.2456
0.2456
0.2456
0.2456
0.2456
0.2456
0.2456
0.2456
0.2456
0.2456
0.2456
0.2456
0.2456
0.2456
0.2456
0.2456
0.2456
0.2456
0.2456
0.2456
0.2456
0.2456
0.2456
0.2456
0.2456
0.2456
0.2456
0.2456
0.2456
0.2456
0.2456
0.2456
0.2456
0.2456
0.2456
0.2456
0.2456
0.2456
0.2456
0.2456
0.2456
0.2456
0.2456
0.2456
0.2456
0.2456
0.2456
0.0000
0.0000
0.0000
0.0000
0.0000
0.0491
0.0491
0.0491
0.0491
0.0491
0.0491
0.0491
0.0491
0.0491
0.0491
0.0491
0.0491
0.0000
0.0491
0.0491
0.0491
0.0491
0.0491
0.0491
0.0491
0.0491
0.0491
0.0491
0.0491
0.0491
0.0000
0.0491
0.0491
0.0491
0.0491
0.0491
0.0491
0.0491
0.0491
0.0491
0.0491
0.0491
0.0491
0.0000
0.0491
0.0491
0.0491
0.0491
0.0491
0.0491
0.0491
0.0491
0.0491
0.0491
0.0491
0.0491
0.0000
0.0491
0.0491
0.0491
0.0491
0.0491
0.0491
0.0491
0.0491
0.0491
0.0491
0.0491
0.0491
0.0000
0.0491
0.0491
0.0491
0.0491
0.0491
0.0491
0.0491
0.0491
0.0491
0.0491
0.0491
0.0491
0.0000
0.0491
0.2456
0.1397
0.1080
0.1057
0.1043
0.1033
0.1026
0.1021
0.1016
0.1013
0.1027
0.0000
0.2456
0.2456
0.2456
0.1741
0.1718
0.1719
0.1722
0.1728
0.1733
0.1738
0.1744
0.1750
0.2456
0.2456
0.2456
0.2456
0.2456
0.2456
0.2456
0.2456
0.2456
0.2456
0.2456
0.2456
0.2456
0.2456
0.2456
0.2456
0.2456
0.2456
0.2456
0.2456
0.2456
0.2456
0.2456
0.2456
0.2456
0.2456
0.2456
0.2456
0.2456
0.2456
0.2456
0.2456
0.2456
0.2456
0.2456
0.2456
0.2456
0.2456
0.2456
0.2456
0.2456
0.2456
0.2456
0.2456
0.2456
0.2456
0.2456
0.2456
0.2456
0.2456
0.2456
0.2456
0.2456
0.2456
0.2456
0.2456
0.2456
0.2456
0.2456
0.2456
0.2456
0.2456
0.2456
0.2456
0.2456
0.2456
0.2456
0.2456
0.2456
0.2456
0.2456
0.2456
0.2456
0.2456
0.2456
0.2456
0.2456
0.2456
0.2456
0.2456
0.2456
0.2456
0.2456
0.2456
0.2456
0.2456
0.2456
0.2456
0.2456
0.2456
0.2456
0.2456
0.2456
0.2456
0.2456
0.2456
0.2456
0.2456
0.2456
0.2456
0.2456
0.2456
0.2456
0.2456
0.2456
0.2456
0.2456
0.2456
0.2456
0.2456
0.2456
0.2456
0.2456
0.2456
0.2456
0.2456
0.2456
0.2456
0.2456
0.2456
0.0491
0.0491
0.0491
0.0491
0.0491
0.0491
0.0491
0.0491
0.0491
0.0491
0.0491
0.0491
0.0000
0.0491
0.0491
0.0491
0.0491
0.0491
0.0491
0.0491
0.0491
0.0491
0.0491
0.0491
0.0491
0.0000
0.0491
0.0491
0.0491
0.0491
0.0491
0.0491
0.0491
0.0491
0.0491
0.0491
0.0491
0.0491
0.0000
0.0491
0.0491
0.0491
0.0491
0.0491
0.0491
0.0491
0.0491
0.0491
0.0491
0.0491
0.0491
0.0000
0.0491
0.0491
0.0491
0.0491
0.0491
0.0491
0.0491
0.0491
0.0491
0.0491
0.0491
0.0491
0.0000
0.0491
0.0491
0.0491
0.0491
0.0491
0.0491
0.0491
0.0491
0.0491
0.0491
0.0491
0.0491
0.0000
0.0491
0.0491
0.0491
0.0491
0.0491
0.0491
0.0491
0.0491
0.0491
0.0491
0.0491
0.0491
0.0000
0.0491
0.0491
0.0491
0.0491
0.0491
0.0491
0.0491
0.0491
0.0491
0.0491
0.0491
0.0491
0.0000
0.0491
0.0491
0.0491
0.0491
0.0491
0.0491
0.0491
0.0491
0.0491
0.0491
0.0491
0.0491
0.0000
0.0491
0.0491
0.0491
0.0491
0.0491
0.0491
0.0491
0.0491
0.0491
0.0491
0.0491
0.0491
0.0000
0.0491
0.0491
0.0491
0.0491
0.0491
0.0491
0.0491
0.0491
0.0491
0.0491
0.0491
0.0491
0.0000
0.0491
0.0491
0.0491
0.0491
0.0491
0.0491
0.0491
0.0491
0.0491
0.0491
0.0491
0.0491
0.0000
0.0491
0.0491
0.0491
0.0491
0.0491
0.0491
0.0491
0.0491
0.0491
0.0491
0.0491
0.0491
0.0000
0.0491
0.0491
0.0491
0.0491
0.0491
0.0491
0.0491
0.0491
0.0491
0.0491
0.0491
0.0491
0.0000
0.0491
0.0491
0.0491
0.0491
0.0491
0.0491
0.0491
0.0491
0.0491
0.0491
0.0491
0.0491
0.0000
0.0626
0.0491
0.0491
0.0505
0.0525
0.0543
0.0560
0.0576
0.0593
0.0610
0.0627
0.0643
0.0000
0.1174
0.0713
0.0715
0.0727
0.0740
0.0762
0.0780
0.0795
0.0806
0.0816
0.0824
0.0833
0.0000
0.1489
0.0879
0.0866
0.0866
0.0867
0.0880
0.0887
0.0892
0.0896
0.0900
0.0922
0.0933
0.0000
0.1667
0.0970
0.0948
0.0942
0.0936
0.0930
0.0921
0.0911
0.0901
0.0890
0.0879
0.0867
0.0000
0.1518
0.0881
0.0861
0.0858
0.0856
0.0854
0.0854
0.0853
0.0853
0.0853
0.0853
0.0854
0.0000
0.1506
0.0873
0.0855
0.0852
0.0850
0.0849
0.0847
0.0846
0.0845
0.0842
0.0837
0.0830
0.0000
0.1440
0.0827
0.0799
0.0786
0.0774
0.0762
0.0749
0.0736
0.0723
0.0711
0.0700
0.0690
0.0000
0.1178
0.0677
0.0647
0.0630
0.0612
0.0595
0.0577
0.0559
0.0542
0.0526
0.0509
0.0493
0.0000
0.0813
0.0491
0.0491
0.0491
0.0491
0.0491
0.0491
0.0491
0.0491
0.0491
0.0491
0.0491
0.0000
0.0491
0.0491
0.0491
0.0491
0.0491
0.0491
0.0491
0.0491
0.0491
0.0491
0.0491
0.0491
0.0000
0.0491
0.0491
0.0491
0.0491
0.0491
0.0491
0.0491
0.0491
0.0491
0.0491
0.0491
0.0491
0.0000
0.0491
0.0491
0.0491
0.0491
0.0491
0.0491
0.0491
0.0491
0.0491
0.0491
0.0491
0.0491
0.0000
0.0491
0.0491
0.0491
0.0491
0.0491
0.0491
0.0491
0.0491
0.0491
0.0491
0.0491
0.0491
0.0000
0.0491
0.0491
0.0491
0.0491
0.0491
0.0491
0.0491
0.0491
0.0491
0.0491
0.0491
0.0491
0.0000
0.0491
0.0491
0.0491
0.0491
0.0491
0.0491
0.0491
0.0491
0.0491
0.0491
0.0491
0.0491
0.0000
0.0491
0.0491
0.0491
0.0491
0.0491
0.0491
0.0491
0.0491
0.0491
0.0491
0.0491
0.0491
0.0000
0.0491
0.0491
0.0491
0.0491
0.0491
0.0491
0.0491
0.0491
0.0491
0.0491
0.0491
0.0491
0.0000
0.0491
0.0491
0.0491
0.0491
0.0491
0.0491
0.0491
0.0491
0.0491
0.0491
0.0491
0.0491
0.0000
0.0491
0.0491
0.0491
0.1424
0.0729
0.0703
0.0697
0.0694
0.0693
0.0693
0.0694
0.0696
0.0000
0.1265
0.0749
0.2456
0.2282
0.1501
0.1473
0.1477
0.1481
0.1485
0.1491
0.1498
0.1505
0.1512
0.1520
0.2456
0.2456
0.2456
0.2456
0.2456
0.2456
0.2456
0.2456
0.2456
0.2456
0.2456
0.2456
0.2456
0.2456
0.2456
0.2456
0.2456
0.2456
0.2456
0.2456
0.2456
0.2456
0.2456
0.2456
0.2456
0.2456
0.2456
0.2456
0.2456
0.2456
0.2456
0.2456
0.2456
0.2456
0.2456
0.2456
0.2456
0.2456
0.2456
0.2456
0.2456
0.2456
0.2456
0.2456
0.2456
0.2456
0.2456
0.2456
0.2456
0.2456
0.2456
0.2456
0.2456
0.2456
0.2456
0.2456
0.2456
0.2456
0.2456
0.2456
0.2456
0.2456
0.2456
0.2456
0.2456
0.2456
0.2456
0.2456
0.2456
0.2456
0.2456
0.2456
0.2456
0.2456
0.2456
0.2456
0.2456
0.2456
0.2456
0.2456
0.2456
0.2456
0.2456
0.2456
0.2456
0.2456
0.2456
0.2456
0.2456
0.2456
0.2456
0.2456
0.2456
0.2456
0.2456
0.2456
0.2456
0.2456
0.2456
0.2456
0.2456
0.2456
0.2456
0.2456
0.2456
0.2456
0.2456
0.2456
0.2456
0.2456
0.2456
0.2456
0.2456
0.2456
0.2456
0.2456
0.2456
0.2456
0.2456
0.2456
0.2456
0.2456
0.2456
0.2456
0.2456
0.2456
0.2456
0.2456
0.2456
0.2456
0.2456
0.2456
0.2456
0.2456
0.2456
0.2456
0.2456
0.2456
0.2456
0.2456
0.2456
0.2456
0.2456
0.2456
0.2456
0.2456
0.2456
0.2456
0.2456
0.2456
0.2456
0.2456
0.2456
0.2456
0.2456
0.2456
0.2456
0.2456
0.2456
0.2456
0.2456
0.2456
0.2456
0.2456
0.2456
0.2456
0.2456
0.2456
0.2456
0.2456
0.2456
0.2456
0.2456
0.2456
0.2456
0.2456
0.2456
0.2456
0.2456
0.2456
0.0491
0.0491
0.0491
0.0491
0.0491
0.0491
0.0491
0.0491
0.0491
0.0491
0.0491
0.0491
0.0000
0.0491
0.0491
0.0491
0.0491
0.0491
0.0491
0.0491
0.0491
0.0491
0.0491
0.0491
0.2456
0.0000
0.2456
0.2456
0.2456
0.2456
0.2456
0.2456
0.2456
0.2456
0.2456
0.2456
0.2456
0.2456
0.0000
0.2456
0.2456
0.2456
0.2456
0.2456
0.2456
0.2456
0.2456
0.2456
0.2456
0.2456
0.2456
0.0000
0.2456
0.2456
0.2456
0.2456
0.2456
0.2456
0.2456
0.2456
0.2456
0.2456
0.2456
0.2456
0.0000
0.2456
0.2456
0.2456
0.2456
0.2456
0.2456
0.2456
0.2456
0.2456
0.2456
0.2456
0.2456
0.0000
0.2456
0.2456
0.2456
0.2456
0.2456
0.2456
0.2456
0.2456
0.2456
0.2456
0.2456
0.2456
0.0000
0.2456
0.2456
0.2456
0.2456
0.2456
0.2456
0.2456
0.2456
0.2456
0.2456
0.2456
0.2456
0.2456
0.2456
0.2456
0.2456
0.2456
0.2456
0.2456
0.2456
0.2456
0.1615
0.0850
0.0697
0.0591
0.0503
0.0491
0.0491
0.0491
0.0491
0.0491
0.0491
0.0491
0.0491
0.0491
0.0491
0.0491
0.0491
0.0491
0.0491
0.0491
0.0491
0.0491
0.0491
0.0491
0.0491
0.0491
0.0491
0.0491
0.0491
0.0491
0.0491
0.0491
0.0491
0.0491
0.0491
0.0491
0.0491
0.0491
0.0491
0.0491
0.0491
0.0491
0.0491
0.0491
0.0491
0.0491
0.0491
0.0491
0.0491
0.0491
0.0491
0.0491
0.0491
0.0491
0.0491
0.0491
0.0491
0.0491
0.0491
0.0491
0.0491
0.0491
0.0491
0.0491
0.0491
0.0491
0.0491
0.0491
0.0491
0.0491
0.0491
0.0491
0.0491
0.0491
0.0491
0.0491
0.0491
0.0491
0.0491
0.0491
0.0491
0.0491
0.0491
0.0491
0.0491
0.0491
0.0491
0.0491
0.0491
0.0491
0.0491
0.0491
0.0491
0.0491
0.0491
0.0491
0.0491
0.0491
0.0491
0.0491
0.0491
0.0491
0.0491
0.0491
0.0491
0.0491
0.0491
0.0491
0.0491
0.0491
0.0491
0.0491
0.0491
0.0491
0.0491
0.0491
0.0491
0.0491
0.0491
0.0491
0.0491
0.0491
0.0491
0.0491
0.0491
0.0491
0.0491
0.0491
0.0491
0.0491
0.0491
0.0491
0.0491
0.0491
0.0491
0.0491
0.0491
0.0491
0.0491
0.0491
0.0491
0.0491
0.0491
0.0491
0.0491
0.0491
0.0491
0.0491
0.0491
0.0491
0.0491
0.0491
0.0491
0.0491
0.0491
0.0491
0.0491
0.0491
0.0491
0.0491
0.0491
0.0491
0.0491
0.0491
0.0491
0.0491
0.0491
0.0491
0.0491
0.0491
0.0491
0.0491
0.0491
0.0491
0.0491
0.0491
0.2456
0.2456
0.2456
0.2456
0.2456
0.2456
0.2456
0.2456
0.2456
0.2456
0.2456
0.2456
0.0000
0.2456
0.2456
0.2456
0.2456
0.2456
0.2456
0.2456
0.2456
0.2456
0.2456
0.2456
0.2456
0.0000
0.2456
0.2456
0.2456
0.2456
0.2456
0.2456
0.2456
0.2456
0.2456
0.2456
0.2456
0.2456
0.0000
0.2456
0.2456
0.2456
0.2456
0.2456
0.2456
0.2456
0.2456
0.2456
0.2456
0.2456
0.2456
0.0000
0.2456
0.2456
0.2456
0.2456
0.2456
0.2456
0.2456
0.2456
0.2456
0.2456
0.2456
0.2456
0.0000
0.2456
0.2456
0.2456
0.2456
0.2456
0.2456
0.2456
0.2456
0.2456
0.2456
0.2456
0.2456
0.0000
0.2456
0.2456
0.2456
0.2456
0.2456
0.2456
0.2456
0.2456
0.2456
0.2456
0.2456
0.2456
0.0000
0.2456
0.2456
0.2456
0.2456
0.2456
0.2456
0.2456
0.2456
0.2456
0.2456
0.2456
0.2456
0.2456
0.2456
0.2456
0.2456
0.2456
0.2456
0.2456
0.2456
0.2065
0.0709
0.0516
0.0491
0.0491
0.0491
0.0491
0.0491
0.0491
0.0491
0.0491
0.0491
0.0491
0.0491
0.0491
0.0491
0.0491
0.0491
0.0491
0.0491
0.0491
0.0491
0.0491
0.0491
0.0491
0.0491
0.0491
0.0491
0.0491
0.0491
0.0491
0.0491
0.0491
0.0491
0.0491
0.0491
0.0491
0.0491
0.0491
0.0491
0.0491
0.0491
0.0491
0.0491
0.0491
0.0491
0.0491
0.0491
0.0491
0.0491
0.0491
0.0491
0.0491
0.0491
0.0491
0.0491
0.0491
0.0491
0.0491
0.0491
0.0491
0.0491
0.0491
0.0491
0.0491
0.0491
0.0491
0.0491
0.0491
0.0491
0.0491
0.0491
0.0491
0.0491
0.0491
0.0491
0.0491
0.0491
0.0491
0.0491
0.0491
0.0491
0.0491
0.0491
0.0491
0.0491
0.0491
0.0491
0.0491
0.0491
0.0491
0.0491
0.0491
0.0491
0.0491
0.0491
0.0491
0.0491
0.0491
0.0491
0.0491
0.0491
0.0491
0.0491
0.0491
0.0491
0.0491
0.0491
0.0491
0.0491
0.0491
0.0491
0.0491
0.0491
0.0491
0.0491
0.0491
0.0491
0.0491
0.0491
0.0491
0.0491
0.0491
0.0491
0.0491
0.0491
0.0491
0.0491
0.0491
0.0491
0.0491
0.0491
0.0491
0.0491
0.0491
0.0491
0.0491
0.0491
0.0491
0.0491
0.0491
0.0491
0.0491
0.0491
0.0491
0.0491
0.0491
0.0491
0.0491
0.0491
0.0491
0.0491
0.0491
0.0491
0.0491
0.0491
0.0491
0.0491
0.0491
0.0491
0.0491
0.0491
0.0491
0.0491
0.0491
0.0491
0.0491
0.0491
0.0491
0.0491
0.0491
0.0491
0.0491
0.0491
0.0491
0.0491
0.0491
0.2456
0.2456
0.2456
0.2456
0.2456
0.2456
0.2456
0.2456
0.2456
0.2456
0.2456
0.2456
0.0000
0.2456
0.2456
0.2456
0.2456
0.2456
0.2456
0.2456
0.2456
0.2456
0.2456
0.2456
0.0491
0.0000
0.0000
0.0000
0.0000
0.0491
0.0491
0.0491
0.0491
0.0491
0.0491
0.0491
0.0491
0.0491
0.0491
0.0491
0.0491
0.0000
0.0491
0.0491
0.0491
0.0491
0.0491
0.0491
0.0491
0.0491
0.0491
0.0491
0.0491
0.0491
0.0000
0.0491
0.0491
0.0491
0.0491
0.0491
0.0491
0.0491
0.0491
0.0491
0.0491
0.0491
0.0491
0.0000
0.0491
0.0491
0.0491
0.0491
0.0491
0.0491
0.0491
0.0491
0.0491
0.0491
0.0491
0.0491
0.0000
0.0491
0.0491
0.0491
0.2456
0.1403
0.1060
0.1042
0.1034
0.1029
0.1026
0.1025
0.1024
0.0000
0.1866
0.1076
0.2456
0.2456
0.1919
0.1709
0.1708
0.1715
0.1723
0.1733
0.1744
0.1756
0.1768
0.1781
0.2456
0.2456
0.2456
0.2456
0.2456
0.2456
0.2456
0.2456
0.2456
0.2456
0.2456
0.2456
0.2456
0.2456
0.2456
0.2456
0.2456
0.2456
0.2456
0.2456
0.2456
0.2456
0.2456
0.2456
0.2456
0.2456
0.2456
0.2456
0.2456
0.2456
0.2456
0.2456
0.2456
0.2456
0.2456
0.2456
0.2456
0.2456
0.2456
0.2456
0.2456
0.2456
0.2456
0.2456
0.2456
0.2456
0.2456
0.2456
0.2456
0.2456
0.2456
0.2456
0.2456
0.2456
0.2456
0.2456
0.2456
0.2456
0.2456
0.2456
0.2456
0.2456
0.2456
0.2456
0.2456
0.2456
0.2456
0.2456
0.2456
0.2456
0.2456
0.2456
0.2456
0.2456
0.2456
0.2456
0.2456
0.2456
0.2456
0.2456
0.2456
0.2456
0.2456
0.2456
0.2456
0.2456
0.2456
0.2456
0.2456
0.2456
0.2456
0.2456
0.2456
0.2456
0.2456
0.2456
0.2456
0.2456
0.2456
0.2456
0.2456
0.2456
0.2456
0.2456
0.2456
0.2456
0.2456
0.2456
0.2456
0.2456
0.2456
0.2456
0.2456
0.2456
0.2456
0.2456
0.2456
0.2456
0.2456
0.2456
0.2456
0.2456
0.2456
0.2456
0.2456
0.2456
0.2456
0.2456
0.2456
0.2456
0.2456
0.2456
0.2456
0.2456
0.2456
0.2456
0.2456
0.2456
0.2456
0.2456
0.2456
0.2456
0.2456
0.2456
0.2456
0.2456
0.2456
0.2456
0.2456
0.2456
0.2456
0.2456
0.2456
0.2456
0.2456
0.2456
0.2456
0.2456
0.2456
0.2456
0.2456
0.2456
0.2456
0.2456
0.2456
0.2456
0.2456
0.2456
0.2456
0.2456
0.2456
0.2456
0.2456
0.2456
0.2456
0.2456
0.2456
0.2456
0.2456
0.2456
0.0000
0.0000
0.0000
0.0000
0.0000
0.0491
0.0491
0.0491
0.0491
0.0491
0.0491
0.0491
0.0491
0.0491
0.0491
0.0491
0.0491
0.0000
0.0491
0.0491
0.0491
0.0491
0.0491
0.0491
0.0491
0.0491
0.0491
0.0491
0.0491
0.0491
0.0000
0.0491
0.0491
0.0491
0.0491
0.0491
0.0491
0.0491
0.0491
0.0491
0.0491
0.0491
0.0491
0.0000
0.0491
0.0491
0.0491
0.0491
0.0491
0.0491
0.0491
0.0491
0.0491
0.0491
0.0491
0.0491
0.0000
0.0491
0.0491
0.0491
0.0491
0.0491
0.0491
0.0491
0.0491
0.0491
0.0491
0.0491
0.0491
0.0000
0.0491
0.0491
0.0491
0.0491
0.0491
0.0491
0.0491
0.0491
0.0491
0.0491
0.0491
0.0491
0.0000
0.0491
0.2456
0.1128
0.0996
0.0983
0.0976
0.0973
0.0971
0.0971
0.0972
0.0973
0.0983
0.0000
0.2456
0.2456
0.2358
0.1698
0.1681
0.1688
0.1695
0.1702
0.1711
0.1720
0.1729
0.1738
0.2456
0.2456
0.2456
0.2456
0.2456
0.2456
0.2456
0.2456
0.2456
0.2456
0.2456
0.2456
0.2456
0.2456
0.2456
0.2456
0.2456
0.2456
0.2456
0.2456
0.2456
0.2456
0.2456
0.2456
0.2456
0.2456
0.2456
0.2456
0.2456
0.2456
0.2456
0.2456
0.2456
0.2456
0.2456
0.2456
0.2456
0.2456
0.2456
0.2456
0.2456
0.2456
0.2456
0.2456
0.2456
0.2456
0.2456
0.2456
0.2456
0.2456
0.2456
0.2456
0.2456
0.2456
0.2456
0.2456
0.2456
0.2456
0.2456
0.2456
0.2456
0.2456
0.2456
0.2456
0.2456
0.2456
0.2456
0.2456
0.2456
0.2456
0.2456
0.2456
0.2456
0.2456
0.2456
0.2456
0.2456
0.2456
0.2456
0.2456
0.2456
0.2456
0.2456
0.2456
0.2456
0.2456
0.2456
0.2456
0.2456
0.2456
0.2456
0.2456
0.2456
0.2456
0.2456
0.2456
0.2456
0.2456
0.2456
0.2456
0.2456
0.2456
0.2456
0.2456
0.2456
0.2456
0.2456
0.2456
0.2456
0.2456
0.2456
0.2456
0.2456
0.2456
0.2456
0.2456
0.2456
0.2456
0.2456
0.2456
0.2456
0.2456
0.2456
0.2456
0.2456
0.2456
0.2456
0.2456
0.2456
0.2456
0.2456
0.2456
0.2456
0.2456
0.2456
0.2456
0.2456
0.2456
0.2456
0.2456
0.2456
0.2456
0.2456
0.2456
0.2456
0.2456
0.2456
0.2456
0.2456
0.2456
0.2456
0.2456
0.2456
0.2456
0.2456
0.2456
0.2456
0.2456
0.2456
0.2456
0.2456
0.2456
0.2456
0.2456
0.2456
0.2456
0.2456
0.2456
0.2456
0.2456
0.2456
0.2456
0.2456
0.2456
0.2456
0.2456
0.2456
0.2456
0.2456
0.2456
0.2456
0.2456
0.2456
0.2456
0.2456
0.2456
0.2456
0.2456
0.2456
0.2456
0.2456
0.2456
0.0000
0.2456
0.2456
0.2456
0.2456
0.2456
0.2456
0.2456
0.2456
0.2456
0.2456
0.2456
0.2456
0.0000
0.2456
0.2456
0.2456
0.2456
0.2456
0.2456
0.2456
0.2456
0.2456
0.2456
0.2456
0.2456
0.0000
0.2456
0.2456
0.2456
0.2456
0.2456
0.2456
0.2456
0.2456
0.2456
0.2456
0.2456
0.2456
0.0000
0.2456
0.2456
0.2456
0.2456
0.2456
0.2456
0.2456
0.2456
0.2456
0.2456
0.2456
0.2456
0.0000
0.2456
0.2456
0.2456
0.2456
0.2456
0.2456
0.2456
0.2456
0.2456
0.2456
0.2456
0.2456
0.0000
0.2456
0.2456
0.2456
0.2456
0.2456
0.2456
0.2456
0.2456
0.2456
0.2456
0.2456
0.2456
0.0000
0.2456
0.2456
0.2456
0.2456
0.2456
0.2456
0.2456
0.2456
0.2456
0.2456
0.2456
0.2456
0.2456
0.2456
0.2456
0.2456
0.2456
0.2456
0.2456
0.2456
0.2456
0.2456
0.2456
0.2456
0.2456
0.2456
0.2456
0.2456
0.2456
0.2456
0.2456
0.2456
0.2456
0.2456
0.2456
0.2456
0.2456
0.2456
0.2456
0.2456
0.2456
0.2456
0.2456
0.2456
0.2456
0.2456
0.2456
0.2456
0.2456
0.2456
0.2456
0.2456
0.2456
0.2456
0.2456
0.2456
0.2456
0.2456
0.2456
0.2456
0.2456
0.2456
0.2456
0.2456
0.2456
0.2456
0.2456
0.2456
0.2456
0.2456
0.2456
0.2456
0.2456
0.2456
0.2456
0.2456
0.2456
0.2456
0.2456
0.2456
0.2456
0.2456
0.2456
0.2456
0.2456
0.2456
0.2456
0.2456
0.2456
0.2456
0.2456
0.2456
0.2456
0.2456
0.2456
0.2456
0.2456
0.2456
0.2456
0.2456
0.2456
0.2456
0.2456
0.2456
0.2456
0.2456
0.2456
0.2456
0.2456
0.2456
0.2456
0.2456
0.2456
0.2456
0.2456
0.2456
0.2456
0.2456
0.2456
0.2456
0.2456
0.2456
0.2456
0.2456
0.2456
0.2456
0.2456
0.2456
0.2456
0.2456
0.2456
0.2456
0.2456
0.2456
0.2456
0.2456
0.2456
0.2456
0.2456
0.2456
0.2456
0.2456
0.2456
0.2456
0.2456
0.2456
0.2456
0.2456
0.2456
0.2456
0.2456
0.2456
0.2456
0.2456
0.2456
0.2456
0.2456
0.2456
0.2456
0.2456
0.2456
0.0000
0.2456
0.2456
0.2456
0.2456
0.2456
0.2456
0.2456
0.2456
0.2456
0.2456
0.2456
0.2456
0.0000
0.2456
0.2456
0.2456
0.2456
0.2456
0.2456
0.2456
0.2456
0.2456
0.2456
0.2456
0.2456
0.0000
0.2456
0.2456
0.2456
0.2456
0.2456
0.2456
0.2456
0.2456
0.2456
0.2456
0.2456
0.2456
0.0000
0.2456
0.2456
0.2456
0.2456
0.2456
0.2456
0.2456
0.2456
0.2456
0.2456
0.2456
0.2456
0.0000
0.2456
0.2456
0.2456
0.2456
0.2456
0.2456
0.2456
0.2456
0.2456
0.2456
0.2456
0.2456
0.0000
0.2456
0.2456
0.2456
0.2456
0.2456
0.2456
0.2456
0.2456
0.2456
0.2456
0.2456
0.2456
0.0000
0.2456
0.2456
0.2456
0.2456
0.2456
0.2456
0.2456
0.2456
0.2456
0.2456
0.2456
0.2456
0.0000
0.2456
0.2456
0.2456
0.2456
0.2456
0.2456
0.2456
0.2456
0.2456
0.2456
0.2456
0.2456
0.0000
0.2456
0.2456
0.2456
0.2456
0.2456
0.2456
0.2456
0.2456
0.2456
0.2456
0.2456
0.2456
0.0000
0.2456
0.2456
0.2456
0.2456
0.2456
0.2456
0.2456
0.2456
0.2456
0.2456
0.2456
0.2456
0.0000
0.2456
0.2456
0.2456
0.2456
0.2456
0.2456
0.2456
0.2456
0.2456
0.2456
0.2456
0.2456
0.0000
0.2456
0.2456
0.2456
0.2456
0.2456
0.2456
0.2456
0.2456
0.2456
0.2456
0.2456
0.2456
0.0000
0.2456
0.2456
0.2456
0.2456
0.2456
0.2456
0.2456
0.2456
0.2456
0.2456
0.2456
0.2456
0.0000
0.2456
0.2456
0.2456
0.2456
0.2456
0.2456
0.2456
0.2456
0.2456
0.2456
0.2456
0.2456
0.0000
0.2456
0.2456
0.2456
0.2456
0.2456
0.2456
0.2456
0.2456
0.2456
0.2456
0.2456
0.2456
0.0000
0.2456
0.2456
0.2456
0.2456
0.2456
0.2456
0.2456
0.2456
0.2456
0.2456
0.2456
0.2456
0.0000
0.2456
0.2456
0.2456
0.2456
0.2456
0.2456
0.2456
0.2456
0.2456
0.2456
0.2456
0.2456
0.0000
0.2456
0.2456
0.2456
0.2456
0.2456
0.2456
0.2456
0.2456
0.2456
0.2456
0.2456
0.2456
0.0000
0.2456
0.2456
0.2456
0.2456
0.2456
0.2456
0.2456
0.2456
0.2456
0.2456
0.2456
0.2456
0.0000
0.2456
0.2456
0.2456
0.2456
0.2456
0.2456
0.2456
0.2456
0.2456
0.2456
0.2456
0.2456
0.0000
0.2456
0.2456
0.2456
0.2456
0.2456
0.2456
0.2456
0.2456
0.2456
0.2456
0.2456
0.2456
0.0000
0.2456
0.2456
0.2456
0.2456
0.2456
0.2456
0.2456
0.2456
0.2456
0.2456
0.2456
0.2456
0.0000
0.2456
0.2456
0.2456
0.2456
0.2456
0.2456
0.2456
0.2456
0.2456
0.2456
0.2456
0.2456
0.0000
0.2456
0.2456
0.2456
0.2456
0.2456
0.2456
0.2456
0.2456
0.2456
0.2456
0.2456
0.2456
0.0000
0.2456
0.2456
0.2456
0.2456
0.2456
0.2456
0.2456
0.2456
0.2456
0.2456
0.2456
0.2456
0.0000
0.2456
0.2456
0.2456
0.2456
0.2456
0.2456
0.2456
0.2456
0.2456
0.2456
0.2456
0.2456
0.0000
0.2456
0.2456
0.2456
0.2456
0.2456
0.2456
0.2456
0.2456
0.2456
0.2456
0.2456
0.2456
0.0000
0.2456
0.2456
0.2456
0.2456
0.2456
0.2456
0.2456
0.2456
0.2456
0.2456
0.2456
0.2456
0.0000
0.2456
0.2456
0.2456
0.2456
0.2456
0.2456
0.2456
0.2456
0.2456
0.2456
0.2456
0.2456
0.0000
0.2456
0.2456
0.2456
0.2456
0.2456
0.2456
0.2456
0.2456
0.2456
0.2456
0.2456
0.2456
0.0000
0.2456
0.2456
0.2456
0.2456
0.2456
0.2456
0.2456
0.2456
0.2456
0.2456
0.2456
0.2456
0.0000
0.2456
0.2456
0.2456
0.2456
0.0491
0.0491
0.0491
0.0491
0.0491
0.0491
0.0491
0.0491
0.0000
0.0516
0.0573
0.0616
0.2456
0.2244
0.1503
0.1490
0.1501
0.1513
0.1525
0.1536
0.1547
0.1595
0.1568
0.1578
0.2456
0.2456
0.2456
0.2456
0.2456
0.2456
0.2456
0.2456
0.2456
0.2456
0.2456
0.2456
0.2456
0.2456
0.2456
0.2456
0.2456
0.2456
0.2456
0.2456
0.2456
0.2456
0.2456
0.2456
0.2456
0.2456
0.2456
0.2456
0.2456
0.2456
0.2456
0.2456
0.2456
0.2456
0.2456
0.2456
0.2456
0.2456
0.2456
0.2456
0.2456
0.2456
0.2456
0.2456
0.2456
0.2456
0.2456
0.2456
0.2456
0.2456
0.2456
0.2456
0.2456
0.2456
0.2456
0.2456
0.2456
0.2456
0.2456
0.2456
0.2456
0.2456
0.2456
0.2456
0.2456
0.2456
0.2456
0.2456
0.2456
0.2456
0.2456
0.2456
0.2456
0.2456
0.2456
0.2456
0.2456
0.2456
0.2456
0.2456
0.2456
0.2456
0.2456
0.2456
0.2456
0.2456
0.2456
0.2456
0.2456
0.2456
0.2456
0.2456
0.2456
0.2456
0.2456
0.2456
0.2456
0.2456
0.2456
0.2456
0.2456
0.2456
0.2456
0.2456
0.2456
0.2456
0.2456
0.2456
0.2456
0.2456
0.2456
0.2456
0.2456
0.2456
0.2456
0.2456
0.2456
0.2456
0.2456
0.2456
0.2456
0.2456
0.2456
0.2456
0.2456
0.2456
0.2456
0.2456
0.2456
0.2456
0.2456
0.2456
0.2456
0.2456
0.2456
0.2456
0.2456
0.2456
0.2456
0.2456
0.2456
0.2456
0.2456
0.2456
0.2456
0.2456
0.2456
0.2456
0.2456
0.2456
0.2456
0.2456
0.2456
0.2456
0.2456
0.2456
0.2456
0.2456
0.2456
0.2456
0.2456
0.2456
0.2456
0.2456
0.2456
0.2456
0.2456
0.2456
0.2456
0.2456
0.2456
0.2456
0.2456
0.2456
0.2456
0.2456
0.2456
0.2456
0.2456
0.2456
0.0000
0.0000
0.0000
0.0000
0.0491
0.0491
0.0491
0.0491
0.0491
0.0491
0.0491
0.0491
0.0491
0.0491
0.0491
0.0491
0.0000
0.0491
0.0491
0.0491
0.0491
0.0491
0.0491
