24.4533
24.4499
24.4448
24.3777
24.3298
24.2937
24.2653
24.2419
24.2220
24.2046
24.1888
24.1743
24.1607
24.1478
24.1372
24.1286
24.1213
24.1152
24.1099
24.1052
24.1009
24.0971
24.0936
24.0903
24.0872
24.0843
24.0815
24.0787
24.0759
24.0730
24.0701
24.0672
24.0641
24.0610
24.0578
24.0547
24.0515
24.0483
24.0452
24.0422
24.0393
24.0364
24.0336
24.0308
24.0282
24.0257
24.0234
24.0211
24.0191
24.0171
24.0150
24.0129
24.0106
24.0083
24.0059
24.0035
24.0011
23.9987
23.9963
23.9938
23.9913
13.3196
12.7953
12.8221
12.8060
12.8039
12.8031
12.8026
12.8022
12.8020
12.8018
12.7249
12.7762
12.8984
12.7336
12.8007
12.8033
12.8121
12.8035
12.8033
12.8026
12.8024
12.8026
12.8005
12.8022
13.0565
12.7826
12.7704
12.7957
12.7926
12.8056
12.7951
12.8824
12.8019
12.8095
12.7957
12.8112
12.7464
12.8371
12.7990
12.8060
12.8024
12.8020
12.8020
12.7989
12.8041
12.8027
12.8748
12.7300
12.8736
12.7724
12.8013
12.7301
12.8004
12.7806
12.8027
12.8013
12.8338
12.8075
12.8059
12.8040
12.8026
12.7576
12.8756
12.8038
12.8049
12.8039
12.8014
12.8015
12.8020
12.7988
12.8022
12.8020
12.8030
12.8130
12.7998
12.8011
12.8029
12.8231
12.8842
12.8022
12.8051
12.8032
12.8047
12.8133
12.7976
12.8000
12.7981
12.8003
12.8004
12.8007
12.7342
12.7855
12.8017
12.8013
12.8034
12.8137
12.7906
12.8015
12.7973
12.8037
12.7994
12.8016
12.8012
12.8031
12.7984
12.8009
12.7278
12.8056
12.7990
12.7748
12.8032
12.8013
12.8004
12.8002
12.8006
12.8024
12.8619
12.8044
12.8027
12.8023
12.8031
12.8009
12.8031
12.8041
12.8742
12.7299
12.8106
12.8049
12.8025
12.7985
12.8029
12.8052
12.8044
12.8151
12.8005
12.8018
12.8058
12.7997
12.8043
12.7954
12.8020
12.7997
12.8030
12.7912
12.7976
12.7468
12.7988
12.7970
12.7971
12.7989
12.7975
12.7565
12.8288
12.8108
12.7979
12.7972
12.8009
12.7862
12.7635
12.8172
12.8149
12.7984
12.7986
12.7645
12.7994
12.7990
12.7990
12.7987
12.7990
12.7911
12.7999
12.7997
12.7997
12.8000
12.8001
12.8094
12.8141
12.8000
12.8532
12.8161
12.8037
12.7830
12.8056
12.8002
12.8039
12.8016
12.8004
12.7956
12.7999
12.7976
12.7974
12.7975
12.8004
12.7919
12.8074
12.7374
12.8027
12.8007
12.8007
12.8007
12.8007
12.8008
12.8008
12.8009
23.3588
23.7347
23.9541
24.1049
24.2096
24.2828
24.3344
24.3710
24.3970
24.4155
24.4287
24.4381
24.4446
24.4491
24.4520
24.4537
24.4545
24.4547
24.4545
24.4540
24.4533
24.4514
24.4495
24.4599
24.4704
24.4767
24.4182
24.3786
24.3533
24.3382
13.3581
12.8005
12.8003
12.8003
12.8003
12.8003
12.8003
12.8003
12.8003
12.8003
12.8003
12.8003
22.9671
23.3514
23.6648
13.3579
12.8006
12.8003
12.8003
12.8003
12.8003
12.8003
12.8003
12.8003
12.8003
12.8003
12.8003
23.1624
13.3401
12.8181
12.8004
12.8004
12.8004
12.8004
12.8004
12.8004
12.8004
12.8004
12.8004
12.8004
23.2739
13.2813
12.8660
12.8040
12.8002
12.7999
12.7999
12.7999
12.7999
12.7999
12.7999
12.7999
12.8000
23.3528
13.4568
12.6517
12.7653
12.7982
12.8001
12.8005
12.8006
12.8008
12.8008
12.8009
12.8349
12.8041
13.0854
12.7202
12.7484
12.7922
12.7997
12.8006
12.7996
12.7994
12.7997
12.7998
12.8000
12.8001
12.9509
12.8316
12.7907
12.8012
12.8012
12.8053
12.7993
12.8719
12.8126
12.8028
12.8026
12.8015
12.7599
12.8222
12.8029
12.8024
12.8052
12.8018
12.8029
12.8027
12.8031
12.8060
12.8030
12.8718
12.7479
12.8047
12.7314
12.8001
12.8004
12.8008
12.8029
12.8021
12.8010
12.8007
12.8012
12.8033
12.8017
12.8759
12.7933
12.7977
12.8186
12.8015
12.8017
12.7284
12.8022
12.8009
12.8012
12.8012
12.8013
12.8117
12.8006
12.8001
12.8017
12.8022
12.8005
12.7998
12.8019
12.8015
12.8804
12.7995
12.8009
12.8005
12.8002
12.8001
12.8000
12.8001
12.8004
12.8007
12.8008
12.8009
12.8009
12.8010
12.8694
12.8009
12.7835
12.7783
12.7964
12.7988
12.7992
12.7996
12.7824
12.7967
12.7997
12.7999
12.7999
12.8000
12.8001
12.8001
12.8003
12.8003
12.8000
12.7997
12.7392
12.8526
12.8031
12.8004
12.8004
12.8001
12.8732
12.7301
12.7988
12.7993
12.7998
12.8020
12.8004
12.7998
12.7997
12.7996
12.8015
12.8137
12.7993
12.7992
12.8003
12.8033
12.8013
12.7984
12.7990
12.8003
12.7967
12.7981
12.8711
12.7453
12.7854
12.7449
12.7882
12.7921
12.7920
12.7966
12.7954
12.7952
12.7975
12.7954
12.7934
12.7316
12.8556
12.7958
12.7980
12.7959
12.7950
12.7426
12.8001
12.7993
12.8006
12.7993
12.7991
12.7922
12.7996
12.7996
12.7997
12.8159
12.8249
12.8032
12.8013
12.7999
12.8677
12.8051
12.8031
12.8069
12.7585
12.8040
12.8014
12.8012
12.8020
12.8023
12.8012
12.7937
12.7981
12.8358
12.8002
12.7857
12.8007
12.8001
12.7278
12.7996
12.7993
12.7995
12.8007
12.8005
12.8000
12.8000
24.0047
24.4930
24.8418
25.0913
25.2690
13.2521
12.8700
12.8019
12.7986
12.7988
12.7990
12.7991
12.7992
12.7993
12.7994
12.7995
12.7995
24.0763
13.2573
12.8464
12.8050
12.8005
12.8001
12.7967
12.8032
12.8003
12.8002
12.8002
12.8002
12.8002
23.8223
13.2603
12.8397
12.8057
12.8010
12.8005
12.8003
12.8002
12.8002
12.8002
12.8002
12.8002
12.8002
23.7395
13.2613
12.8368
12.8060
12.8010
12.8008
12.8008
12.8007
12.8007
12.8007
12.8007
12.8007
12.8007
23.7237
13.2589
12.8430
12.8067
12.7982
12.7920
12.7984
12.7990
12.8024
12.7996
12.8167
12.8009
12.8008
23.6587
13.2546
12.8531
12.8066
12.8015
12.8011
12.8009
12.8009
12.8009
12.8009
12.8008
12.8008
12.8009
23.5917
13.2500
13.1272
12.5798
12.7716
12.7963
12.7980
12.7986
12.7989
12.7992
12.7994
12.7995
12.8363
23.6190
13.6272
12.7495
12.7752
12.7321
12.7783
12.7970
12.7989
12.7997
12.8000
12.8003
12.8005
12.8007
13.0184
12.7773
12.8025
12.7969
12.7857
12.8000
12.7985
12.8774
12.8073
12.8040
12.8001
12.8013
12.7584
12.8192
12.8037
12.8731
12.8060
12.8022
12.8025
12.8080
12.8052
12.8021
12.7319
12.8725
12.7294
12.8210
12.7993
12.8034
12.8019
12.8012
12.8001
12.8011
12.8014
12.8001
12.7995
12.7994
12.8017
12.7296
12.7970
12.7980
12.8712
12.8033
12.8017
12.8010
12.8054
12.8039
12.8009
12.8019
12.8016
12.8113
12.8032
12.8010
12.8010
12.8010
12.7996
12.7997
12.7999
12.7999
12.7998
12.7987
12.7993
12.7996
12.7996
12.7996
12.7995
12.7997
12.7999
12.8010
12.8012
12.8013
12.8014
12.8013
12.8015
12.8017
12.8018
12.8019
12.8019
12.8020
12.8020
12.8021
12.8021
12.8021
12.8022
12.8022
12.8016
12.7792
12.7697
12.7985
12.8008
12.8613
12.8046
12.8077
12.8031
12.8030
12.8052
12.8023
12.8007
12.8564
12.7998
12.8000
12.8000
12.7716
12.7825
12.7980
12.8002
12.8013
12.8001
12.7997
12.7996
12.8124
12.8017
12.8002
12.7993
12.7995
12.8010
12.7990
12.7982
12.7980
12.8003
12.7985
12.7972
12.7511
12.7959
12.7931
12.7907
12.7922
12.7910
12.7341
12.7908
12.8543
12.7913
12.7930
12.7901
12.7263
12.7909
12.7905
12.8540
12.7917
12.7948
12.7341
12.7952
12.7951
12.7962
12.7972
12.7993
12.7912
12.7987
12.7990
12.8378
12.8085
12.7994
12.8011
12.7987
12.7986
12.8693
12.7540
12.8051
12.8051
12.8045
12.8022
12.8000
12.7999
12.7999
12.7998
12.8139
12.8231
12.8001
12.7985
12.7959
12.7893
12.7271
12.7985
12.7983
12.7988
12.7991
12.7993
12.7994
12.7996
12.7996
12.7998
24.0049
24.5226
24.8977
25.1686
25.3615
13.2568
12.8643
12.8020
12.7890
12.7917
12.7919
12.7921
12.7925
12.7927
12.7929
12.7930
12.7932
24.2822
13.2658
12.8329
12.8052
12.8007
12.8004
12.7939
12.7938
12.7938
12.7938
12.7939
12.7939
12.7939
23.9816
13.2658
12.8320
12.7994
12.7948
12.7943
12.7943
12.7944
12.7944
12.7944
12.7944
12.7944
12.7945
23.8544
13.2634
12.8372
12.8002
12.7952
12.7952
12.7952
12.7952
12.7952
12.7952
12.7953
12.7953
12.7953
23.7605
13.2565
12.8534
12.7922
12.7889
12.7922
12.7926
12.8138
12.7958
12.7957
12.7957
12.7957
12.7958
23.6188
13.2484
12.8691
12.8015
12.7966
12.7962
12.7962
12.7961
12.7962
12.7962
12.7962
12.7963
12.7963
23.4774
13.2562
13.0952
12.5615
12.7795
12.7972
12.7984
12.7990
12.7993
12.7996
12.7998
12.7999
12.8292
23.5107
13.6224
12.7543
12.7402
12.7581
12.7942
12.8052
12.8053
12.8053
12.8051
12.8051
12.8070
12.8033
12.9712
12.7878
12.7879
12.8028
12.8054
12.8063
12.8008
12.8764
12.8068
12.8061
12.8035
12.8033
12.7542
12.8220
12.8015
12.8010
12.8009
12.8019
12.8030
12.8725
12.8015
12.8028
12.7288
12.8709
12.8034
12.7490
12.7276
12.7975
12.8007
12.8006
12.8004
12.8580
12.8036
12.8053
12.8035
12.8026
12.8025
12.7475
12.8738
12.8029
12.8021
12.8018
12.8037
12.8021
12.8011
12.8000
12.8034
12.8024
12.8002
12.8026
12.7994
12.8003
12.8003
12.8003
12.8003
12.8228
12.8001
12.8002
12.8002
12.8002
12.8001
12.8001
12.8001
12.8001
12.8001
12.8001
12.8003
12.8005
12.8006
12.8007
12.8008
12.8008
12.8009
12.8010
12.8010
12.8010
12.7985
12.7895
12.8001
12.8007
12.8009
12.8010
12.8010
12.8011
12.8007
12.7790
12.7689
12.7975
12.8572
12.8020
12.8032
12.8037
12.8023
12.8018
12.8017
12.8025
12.8057
12.8009
12.8625
12.7999
12.8006
12.7574
12.7883
12.7976
12.7982
12.7984
12.8004
12.7997
12.7987
12.8110
12.7980
12.8007
12.7986
12.7970
12.7964
12.7988
12.7976
12.7944
12.7961
12.7983
12.7948
12.7472
12.7888
12.7925
12.7947
12.7946
12.7928
12.7363
12.8502
12.7951
12.7948
12.7938
12.7356
12.8464
12.7960
12.7944
12.7944
12.7947
12.7352
12.7978
12.7981
12.7979
12.7979
12.7979
12.7972
12.7902
12.7985
12.7997
12.8005
12.8250
12.8194
12.7996
12.7991
12.7988
12.8734
12.8024
12.8028
12.8048
12.7983
12.7596
12.8016
12.7999
12.7998
12.7955
12.7998
12.7975
12.7975
12.7975
12.7995
12.8268
12.7285
12.7998
12.7992
12.7996
12.7996
12.7996
12.7997
12.7997
12.7997
12.7997
24.0049
24.5029
24.8653
25.1222
25.3051
13.2515
12.8726
12.8016
12.7913
12.7915
12.7918
12.7920
12.7923
12.7925
12.7927
12.7928
12.7996
24.1509
13.2601
12.8422
12.8050
12.7973
12.8033
12.7937
12.7936
12.7936
12.7936
12.7937
12.7937
12.8001
23.9445
13.2670
12.8306
12.7992
12.7946
12.7942
12.7941
12.7941
12.7941
12.7941
12.7941
12.7941
12.8002
23.8428
13.2663
12.8315
12.7997
12.7949
12.7944
12.7942
12.7941
12.7941
12.7941
12.7941
12.7941
12.8001
23.8156
13.2660
12.8317
12.7999
12.7949
12.7945
12.7944
12.7944
12.7943
12.7943
12.7943
12.7943
12.8003
23.8026
13.2649
12.8342
12.8000
12.7949
12.7943
12.7942
12.7941
12.7941
12.7941
12.7941
12.7941
12.8001
23.7950
13.2654
13.0889
12.6252
12.7565
12.8033
12.8074
12.8079
12.8082
12.8084
12.8086
12.8087
12.8614
23.9029
13.5493
12.8008
12.8002
12.7652
12.7955
12.7876
12.7831
12.7963
12.7974
12.7981
12.7986
12.7999
12.9938
12.7307
12.7975
12.8000
12.8003
12.8005
12.8005
12.8006
12.8007
12.8007
12.8008
12.8024
12.8017
12.8061
12.8009
12.8009
12.8009
12.8009
12.8009
12.8009
12.8008
12.8017
12.8014
12.8026
12.8011
12.8077
12.8001
12.8028
12.8021
12.8018
12.8017
12.8017
12.8032
12.8020
12.8014
12.8013
12.8010
12.7986
12.8009
12.8008
12.8016
12.8013
12.8003
12.8008
12.8002
12.8000
12.7998
12.7998
12.7992
12.8045
12.8004
12.7992
12.7988
12.7987
12.7991
12.7993
12.7977
12.8004
12.7999
12.7993
12.7969
12.7946
12.7988
12.7989
12.7991
12.8007
12.7997
12.7994
12.7995
12.7996
12.7998
12.7999
12.8001
12.7995
12.8015
12.8006
12.8005
12.8005
12.8009
12.8021
12.8022
12.8023
12.8027
12.8043
12.8028
12.7976
12.8025
12.8024
12.8024
12.8024
12.8013
12.8008
12.8005
12.8008
12.8015
12.8001
12.8000
12.7972
12.7994
12.7991
12.7989
12.7988
12.8003
12.8008
12.8008
12.8009
12.8018
12.8020
12.8011
12.8023
12.8009
12.8009
12.8008
12.8008
12.7993
12.7986
12.7984
12.7982
12.7981
12.7995
12.4868
12.8002
12.8002
12.8002
12.7247
12.7592
12.7878
12.7904
12.7918
12.7922
12.7921
12.7915
25.3707
13.3114
12.7485
12.7993
12.8027
12.7937
12.7934
12.7932
12.7933
12.7934
12.7936
12.7937
12.7937
24.9197
13.2917
12.7778
12.7994
12.7948
12.7945
12.7945
12.7945
12.7946
12.7946
12.7947
12.7938
12.7937
24.2337
13.2797
12.8010
12.7992
12.7944
12.7939
12.7938
12.7938
12.7937
12.7937
12.7938
12.7938
12.7938
24.1075
13.2777
12.8047
12.7996
12.7946
12.7941
12.7940
12.7939
12.7939
12.7936
12.7936
12.7935
12.7935
24.0622
13.2772
12.8047
12.7994
12.7942
12.7937
12.7935
12.7935
12.7938
12.7939
12.7939
12.7939
12.7940
24.0554
13.2771
12.8055
12.8000
12.7948
12.7943
12.7942
12.7941
12.7940
12.7940
12.7940
12.7940
12.7940
24.0071
13.2745
12.8112
12.8000
12.7948
12.7943
12.7942
12.7942
12.7942
12.7942
12.7942
12.7942
12.7942
23.9595
13.2715
12.8179
12.8002
12.7950
12.7945
12.7944
12.7944
12.7944
12.7944
12.7944
12.7944
12.7944
23.9008
13.2681
12.8256
12.8003
12.7951
12.7947
12.7946
12.7945
12.7945
12.7945
12.7945
12.7945
12.7945
23.8401
13.2648
12.8332
12.8005
12.7953
12.7948
12.7947
12.7947
12.7947
12.7947
12.7947
12.7947
12.7947
23.7790
13.2613
12.8408
12.8001
12.7949
12.7944
12.7942
12.7941
12.7941
12.7941
12.7940
12.7940
12.7818
23.8584
13.3757
12.7164
12.7945
12.8013
12.8003
12.8013
12.8041
12.8036
12.8037
12.8043
12.8050
12.8054
24.4753
13.3586
12.7204
12.8006
12.8062
12.8065
12.8058
12.8056
12.8055
12.8054
12.8048
12.8050
12.8053
24.6731
13.3690
12.7147
12.7986
12.8046
12.8052
12.8054
12.8060
12.8058
12.8057
12.8057
12.8003
12.8003
24.9155
13.3802
12.7075
12.7944
12.8010
12.8016
12.8014
12.8014
12.8014
12.8014
12.8014
12.8014
12.8017
25.1384
13.4201
12.6847
12.7939
12.8019
12.8022
12.8027
12.8019
12.8019
12.8011
12.8025
12.8009
12.8009
25.4717
13.4539
12.6656
12.7928
12.7995
12.7998
12.8011
12.8005
12.8004
12.8004
12.8004
12.8025
12.8014
25.6809
13.4699
12.6583
12.7938
12.7992
12.7994
12.7994
12.8006
12.7999
12.7988
12.7988
12.7987
12.7993
25.7278
13.4539
12.6643
12.7918
12.8003
12.8006
12.8005
12.7981
12.8004
12.8003
12.8003
12.8002
12.8007
25.6000
13.4474
12.6672
12.7917
12.7998
12.8003
12.7983
12.7998
12.7998
12.7998
12.7998
12.7994
12.7991
25.5620
13.4369
12.6697
12.7904
12.7982
12.7985
12.7984
12.7983
12.7983
12.7982
12.7984
12.7985
12.8060
25.2751
13.4001
12.6863
12.7907
12.8045
12.8046
12.8046
12.8045
12.8043
12.8044
12.8044
12.8044
12.8040
24.9586
13.3481
12.7133
12.7998
12.7965
12.7945
12.7945
12.7945
12.7944
12.7943
12.7943
12.7943
12.7944
24.3904
13.2971
12.7632
12.8007
12.7954
12.7949
12.7948
12.7948
12.7949
12.7949
12.7949
12.7950
12.7950
24.0718
13.2815
12.7950
12.8000
12.7949
12.7944
12.7942
12.7942
12.7942
12.7941
12.7941
12.7941
12.7943
23.9279
13.2767
12.8060
12.8003
12.7951
12.7946
12.7945
12.7945
12.7945
12.7945
12.7945
12.7944
12.7943
23.8325
13.2717
12.8173
12.8002
12.7951
12.7946
12.7945
12.7944
12.7944
12.7944
12.7946
12.7947
12.7947
23.7632
13.2674
12.8276
12.8007
12.7955
12.7951
12.7950
12.7950
12.7950
12.7951
12.7951
12.7951
12.7951
23.6578
13.2609
12.8428
12.8010
12.7959
12.7955
12.7954
12.7953
12.8685
12.8004
12.8004
12.8004
12.8004
23.5488
13.4241
12.7620
12.7983
12.8001
12.8003
12.8003
12.8003
12.8003
12.8003
12.8002
12.8002
12.8002
23.4458
13.4162
12.7646
12.7982
12.7999
12.8045
12.8024
12.8010
12.8008
12.8007
12.8006
12.8005
12.7990
23.3309
13.4074
12.7677
12.7983
12.7997
12.7998
12.7998
12.8006
12.8005
12.8004
12.8003
12.8002
12.8001
23.2214
13.3985
12.7712
12.7992
13.0739
12.6211
12.7901
12.7994
12.8004
12.8009
12.8011
12.8013
12.8015
23.2359
13.5976
12.6887
13.0275
12.7834
12.7541
12.7897
12.8062
12.8055
12.8045
12.8039
12.8030
12.8032
12.8031
12.8029
12.8927
12.7983
12.7841
12.7988
12.7995
12.7996
12.7997
12.7997
12.8705
12.8042
12.7994
12.8006
12.7313
12.8164
12.7987
12.7992
12.8015
12.8003
12.7998
12.7997
12.7996
12.8021
12.8709
12.8025
12.8014
12.8043
12.7332
12.8689
12.7316
12.7981
12.7994
12.8011
12.7997
12.7991
12.7991
12.8008
12.8008
12.8008
12.7992
12.8692
12.8038
12.8014
12.8005
12.7306
12.7989
12.8006
12.7996
12.7993
12.7990
12.8106
12.8001
12.7991
12.7989
12.8016
12.8693
12.8015
12.8009
12.8027
12.8016
12.8000
12.8000
12.7999
12.7999
12.7999
12.7999
12.7999
12.7999
12.7995
12.7998
12.7999
12.7999
12.7999
12.7999
12.8000
12.8000
12.7999
12.7999
12.7999
12.8000
12.8000
12.8001
12.8001
12.8001
12.8001
12.8001
12.7745
12.7688
12.7968
12.8011
12.8010
12.7990
12.7984
12.7982
12.7997
12.7995
12.7981
12.7977
12.8669
12.8009
12.7305
12.8664
12.7289
12.7957
12.7978
12.8004
12.7992
12.7987
12.7986
12.7987
12.8134
12.7999
12.7989
12.7986
12.8004
12.8003
12.7990
12.7985
12.8001
12.8004
12.8000
12.7989
12.7786
12.8002
12.7989
12.7980
12.7955
12.7973
12.7971
12.7989
12.7979
12.7965
12.7967
12.7969
12.7912
12.7972
12.7988
12.7979
12.7971
12.7977
12.7972
12.7974
12.7974
12.7974
12.7988
12.7984
12.7897
12.7975
12.7980
12.7981
12.7982
12.7982
12.7983
12.7983
12.7984
12.8000
12.8710
12.8029
12.8023
12.8037
12.8015
12.8013
12.7991
12.7991
12.7990
12.7955
12.8002
12.7991
12.7926
12.7988
12.7862
12.7991
12.7967
12.7989
12.7287
12.7978
12.7980
12.7985
12.7986
12.7987
12.7988
12.4830
12.8004
12.8006
12.8007
12.8008
12.8008
12.8008
12.8015
12.8122
12.8018
12.8012
12.8010
24.0735
13.2544
12.8548
12.8050
12.8007
12.8004
12.8004
12.8004
12.8004
12.8004
12.7971
12.8037
13.9917
22.6529
13.9599
13.1932
12.8953
12.7999
12.7994
12.8000
12.8000
12.7999
12.7999
12.7998
12.7998
12.7997
20.3676
13.9611
12.8007
12.7996
12.7996
12.7995
12.7995
12.7995
12.7994
12.7994
12.7994
12.7994
12.7994
20.1549
13.9613
12.8003
12.7993
12.7993
12.7993
12.7993
12.7993
12.7993
12.7993
12.7993
12.7993
12.7993
20.0260
13.9613
12.8002
12.7993
12.7993
12.7993
12.7993
12.7993
12.7993
12.7993
12.7993
12.7993
12.7993
19.9157
13.9613
12.8003
12.7993
12.7993
12.7993
12.7993
12.7993
12.7993
12.7993
12.7993
12.7993
12.7993
19.8686
13.9613
12.8002
12.7993
12.7993
12.7993
12.8007
12.7997
12.7997
12.7996
12.7996
12.7996
12.7995
12.7995
12.7995
12.7995
12.7995
12.7994
36.7346
36.6256
40.0078
40.0102
40.0109
40.0198
40.0333
38.8120
37.0455
35.4526
34.0031
32.6764
12.8047
12.8044
12.8043
12.8041
12.8039
12.8037
12.8031
12.8028
12.8026
12.8025
12.8024
12.8020
12.8022
12.8022
12.8022
12.8021
12.8018
12.8019
12.8022
12.8024
12.8023
12.8023
12.8023
12.8023
12.8023
12.8023
12.8023
12.8022
12.8022
12.8021
12.8022
12.8023
12.8024
12.8024
12.8014
12.8006
12.8005
12.8005
12.8005
12.8005
12.8005
12.8005
12.8005
12.8005
12.8005
12.8005
12.8005
12.7773
12.7643
12.7786
12.7880
12.8059
12.8022
12.8012
12.8009
12.7999
12.7956
12.7988
12.7950
12.8091
12.8071
12.8229
12.8144
12.8125
12.8030
12.8009
12.8004
12.7939
12.8004
12.7980
12.7978
12.7993
12.8011
12.8307
12.7986
12.8007
12.8011
12.8011
12.7976
12.7988
12.8193
12.8002
12.8002
12.8002
12.8002
12.8002
12.8002
12.8002
12.8002
12.8003
12.8003
12.8003
12.8003
12.8003
12.8003
12.8003
12.8003
12.8003
12.8003
12.8003
12.8003
12.8003
12.8003
12.8003
12.8003
12.8003
12.8003
12.8003
12.8000
12.8003
12.8003
12.8003
23.6807
24.8764
25.7865
26.6654
27.5059
28.2822
29.0071
29.6897
30.2979
30.8907
31.4579
31.9942
32.4978
33.0488
33.5483
34.0215
34.4827
34.9340
35.3772
35.8129
36.2438
36.6987
37.1233
37.5310
37.9296
38.3203
38.7046
39.0828
39.4557
39.8238
40.1872
40.5454
40.6654
40.6652
40.6649
40.6646
40.6643
40.6640
40.6637
40.6634
40.6632
40.6630
40.6628
40.6626
40.6624
40.6622
40.6620
40.6617
40.6615
40.6612
40.6612
40.6611
40.6609
40.6606
40.6604
40.6601
18.4426
17.6184
16.9713
16.4648
16.0310
15.6482
15.3059
14.9967
14.7148
14.4566
14.2195
14.0015
21.5435
14.0311
13.7754
13.5629
13.3786
13.2125
13.0606
12.9206
12.7998
12.7999
12.7997
12.7994
12.7992
20.7317
13.9605
12.8011
12.7999
12.7999
12.7999
12.7999
12.7999
12.7998
12.7998
12.7998
12.7998
12.7998
20.3830
13.9602
12.8008
12.7997
12.7997
12.7997
12.7997
12.7997
12.7997
12.7996
12.7996
12.7996
12.7996
20.2144
13.9602
12.8006
12.7996
12.7996
12.7996
12.7996
12.7996
12.7996
12.7996
12.7996
12.7996
12.7996
20.0694
13.9612
12.8006
12.7996
12.7996
12.7996
12.7996
12.7996
12.7996
12.7996
12.7996
12.7996
12.7996
19.9432
13.9603
12.8006
12.7996
12.7996
12.7996
12.7996
12.7996
12.7996
12.7996
12.7996
12.7996
12.7996
19.8934
13.9612
12.8005
12.7995
12.7995
12.7995
12.8007
12.7997
12.7997
12.7996
12.7996
12.7996
12.7995
12.7995
12.7995
12.7995
12.7994
12.7992
36.7251
37.2686
40.0070
40.0078
40.0116
39.7824
37.6066
35.7668
34.1659
32.8906
31.6824
30.5663
12.8041
12.8040
12.8039
12.8032
12.8033
12.8033
12.8033
12.8037
12.8034
12.8031
12.8030
12.8029
12.8028
12.8030
12.8027
12.8026
12.8025
12.8024
12.8021
12.8021
12.8021
12.8020
12.8020
12.8019
12.8007
12.8007
12.8007
12.8006
12.8006
12.8006
12.8006
12.8006
12.8006
12.8006
12.8006
12.8006
12.8005
12.7955
12.7914
12.8016
12.7953
12.7986
12.7979
12.8194
12.7942
12.7988
12.7924
12.7844
12.7847
12.7693
12.7832
12.8045
12.8080
12.8000
12.7995
12.8007
12.7995
12.7974
12.7968
12.7947
12.8132
12.8114
12.8183
12.8090
12.8033
12.7978
12.8003
12.8011
12.7967
12.7994
12.8053
12.8573
12.8002
12.8001
12.8002
12.8002
12.8002
12.8002
12.8002
12.8002
12.8002
12.8002
12.8002
12.8002
12.8002
12.8002
12.8002
12.8002
12.8002
12.8002
12.8002
12.8002
12.8002
12.8002
12.8002
12.8002
12.8002
12.8002
12.8002
12.8002
12.8002
12.8002
12.8002
12.8002
12.8002
12.8002
12.8003
12.8003
12.8001
12.8002
12.8002
15.8934
24.6582
25.7979
26.6883
27.4312
28.2001
28.9103
29.5703
30.1834
30.7712
31.3427
31.8979
32.4294
32.9172
33.4518
33.9131
34.3519
34.7790
35.1961
35.6046
36.0051
36.3798
36.7588
37.1176
37.4642
37.8017
38.1306
38.4521
38.7669
39.0758
39.3791
39.6774
39.9707
40.1979
40.4134
40.6220
40.6414
40.6411
40.6407
40.6404
40.6401
40.6398
40.6395
40.6393
40.6390
40.6388
40.6386
40.6384
40.6381
40.6380
40.6378
40.6376
40.6374
40.6372
40.6370
40.6369
40.6367
18.7307
17.8206
17.1216
16.6397
16.2177
15.8376
15.4924
15.1771
14.8874
14.6262
14.3910
14.1735
21.5206
14.2492
14.0054
13.8072
13.6361
13.4843
13.3473
13.2223
13.1073
13.0010
12.9025
12.8101
12.1956
21.7388
22.6199
23.2302
23.6809
13.2626
12.8326
12.8028
12.7991
12.7991
12.7993
12.7995
12.7995
12.7996
12.7996
12.7997
12.7997
23.7153
13.2745
12.8073
12.8053
12.8005
12.8001
12.8000
12.8011
12.8012
12.8013
12.8015
12.8014
12.8015
23.7680
13.2692
12.8204
12.8070
12.7841
12.7986
12.7999
12.8000
12.8002
12.8003
12.8033
12.8265
12.8018
23.6204
13.2577
12.8470
12.8074
12.8023
12.8018
12.8017
12.8017
12.8017
12.8017
12.8017
12.8017
12.8017
23.4523
13.2463
12.8746
12.8074
13.0228
12.6268
12.7476
12.7978
12.7990
12.7994
12.7997
12.7999
12.8008
23.4336
13.5161
12.6312
13.0215
12.7618
12.7743
12.7893
12.7989
12.8060
12.8073
12.8051
12.8040
12.8036
12.8033
12.8033
12.9869
12.7747
12.7897
12.8014
12.8034
12.8033
12.8034
12.8749
12.8073
12.8098
12.8073
12.8034
12.7614
12.8209
12.8002
12.8042
12.8026
12.8041
12.8023
12.8009
12.8025
12.8003
12.8755
12.7344
12.8723
12.7505
12.8011
12.7307
12.8008
12.8003
12.8001
12.8002
12.8027
12.8016
12.8006
12.8004
12.8010
12.8051
12.8023
12.8017
12.8016
12.8034
12.8036
12.8026
12.8739
12.8038
12.8062
12.8013
12.7997
12.8000
12.8002
12.8002
12.8001
12.8001
12.8000
12.7999
12.7998
12.7998
12.7997
12.7997
12.7996
12.7995
12.7995
12.7994
12.7994
12.7982
12.8001
12.8002
12.8000
12.8001
12.8001
12.8011
12.8012
12.8013
12.8013
12.8213
12.8559
12.8033
12.8014
12.7461
12.7891
12.7915
12.7989
12.7992
12.7993
12.7993
12.7993
12.7992
12.7992
12.7991
12.8000
12.8004
12.8158
12.7869
12.8006
12.8036
12.8028
12.8643
12.8029
12.7379
12.8685
12.7501
12.7968
12.8035
12.8018
12.8012
12.8023
12.8010
12.8005
12.8129
12.8009
12.8027
12.8012
12.8004
12.7998
12.8013
12.7995
12.7985
12.7987
12.8008
12.7985
12.7573
12.7922
12.7961
12.7957
12.7905
12.7348
12.8493
12.7955
12.7933
12.7942
12.7922
12.7930
12.7867
12.7925
12.7945
12.7909
12.7878
12.7926
12.7357
12.7941
12.7938
12.7944
12.7948
12.7961
12.7892
12.7987
12.7993
12.8446
12.8055
12.7985
12.7982
12.7980
12.7978
12.8691
12.8015
12.8046
12.7534
12.8077
12.8004
12.7999
12.7997
12.7997
12.7996
12.7995
12.7974
12.7952
12.8079
12.8264
12.7175
12.7994
12.7982
12.7991
12.7993
12.7995
12.7997
12.7998
12.7999
12.8000
12.8001
24.0050
24.5105
24.8691
25.1329
25.3194
13.2564
12.8679
12.8024
12.7897
12.7991
12.7994
12.7996
12.7997
12.7998
12.7999
12.7999
12.8000
24.1429
13.2571
12.8489
12.8053
12.8009
12.8006
12.8005
12.8005
12.8005
12.8005
12.7972
12.8037
12.8007
23.8639
13.2562
12.8510
12.8060
12.8012
12.8009
12.8008
12.8007
12.8007
12.8007
12.8007
12.8007
12.8007
23.7206
13.2528
12.8587
12.8064
12.8014
12.8009
12.8008
12.8007
12.8007
12.8007
12.8007
12.8007
12.8007
23.6547
13.2496
12.8658
12.8063
12.7901
12.7961
12.7986
12.7990
12.7993
12.7995
12.7996
12.8239
12.8009
23.6003
13.2469
12.8723
12.8064
12.8014
12.8010
12.8008
12.8008
12.8008
12.8007
12.8007
12.8007
12.8007
23.5437
13.2497
13.1165
12.5797
12.7724
12.7980
12.7993
12.7999
12.8002
12.8005
12.8006
12.8008
12.8177
23.6391
13.6313
12.7453
12.7628
12.7565
12.7903
12.8066
12.8046
12.8036
12.8031
12.8028
12.8026
12.8024
13.0068
12.7629
12.7997
12.7861
12.8016
12.8015
12.8031
12.8010
12.8809
12.8092
12.8065
12.7998
12.8291
12.7503
12.8013
12.8034
12.8001
12.7997
12.8014
12.8735
12.8054
12.8034
12.8003
12.8019
12.7473
12.8007
12.7292
12.7980
12.7988
12.8006
12.8017
12.8006
12.8003
12.8003
12.8027
12.8018
12.8672
12.8002
12.8003
12.8729
12.8027
12.8011
12.8014
12.7328
12.8006
12.8002
12.8002
12.8005
12.8024
12.8784
12.7998
12.8001
12.8001
12.8001
12.8001
12.8216
12.8000
12.8000
12.8000
12.8000
12.7999
12.7999
12.7999
12.7999
12.7999
12.7999
12.8000
12.8003
12.8004
12.8005
12.8006
12.8007
12.8008
12.8009
12.8009
12.8010
12.8010
12.8010
12.8012
12.8012
12.7991
12.7898
12.8002
12.8012
12.8006
12.8010
12.8011
12.8008
12.8011
12.7696
12.7954
12.7985
12.7993
12.7822
12.7759
12.7971
12.7987
12.7998
12.8433
12.8064
12.7998
12.8311
12.7819
12.7988
12.7987
12.7986
12.7986
12.7988
12.8011
12.8124
12.7986
12.7986
12.8002
12.8005
12.7986
12.7978
12.7990
12.7997
12.7982
12.7975
12.7984
12.7569
12.7909
12.7912
12.7933
12.7914
12.7942
12.7955
12.7941
12.7958
12.7935
12.7935
20.5595
20.6863
20.8094
20.9302
21.0477
21.1620
21.2620
21.3550
21.4432
21.5275
21.6083
21.6859
21.7551
21.8242
21.8874
21.9461
22.0005
22.0515
22.1023
22.1531
22.2040
22.2545
22.3042
22.3526
22.3794
22.4048
22.4287
22.4514
22.4731
22.4940
22.5141
22.5336
22.5525
22.5709
22.5888
22.6062
22.6236
22.6406
22.6575
22.6739
22.6900
22.7059
22.7217
22.7373
22.7528
22.7681
22.7832
22.7981
22.7401
22.7606
22.7785
22.7960
22.8134
22.8306
22.8476
22.8644
22.8811
22.8976
22.9140
22.9303
24.0032
22.3593
22.9281
22.9802
22.9978
23.0118
23.0253
23.0386
23.0520
23.0654
23.0789
23.0924
23.1051
24.0031
22.6232
23.1061
23.1497
23.1654
23.1783
23.1908
23.2033
23.2159
23.2287
23.2415
23.2560
23.2707
24.0016
22.8836
23.2853
23.3237
23.3401
23.3544
23.3683
23.3823
23.3964
23.4105
23.4190
23.4262
23.4331
24.0014
23.1144
23.4312
23.4549
23.4622
23.4678
23.4731
23.4784
23.4837
23.4885
23.4931
23.4976
23.5021
24.0013
23.2145
23.4973
23.5160
23.5211
23.5247
23.5280
23.5314
23.5354
23.5396
23.5440
23.5484
23.5529
24.0014
23.2924
23.5511
23.5678
23.5728
23.5766
23.5802
23.5615
23.5407
23.5194
23.4976
23.4756
23.4533
24.0014
23.0619
23.3640
23.3586
22.8192
22.4303
22.2904
22.0872
21.8927
21.7456
21.6199
21.4904
21.3642
21.2360
21.1037
20.9564
20.8005
20.6423
20.4780
20.3193
20.1566
19.9928
19.8283
19.6635
19.5500
19.4612
19.3792
19.3404
19.2835
19.2196
19.1567
19.1485
19.1168
19.0746
19.0335
19.0232
18.9280
18.8243
18.7271
18.6307
18.5349
18.3988
18.2848
18.1843
18.0877
17.9941
17.8732
17.7708
17.7000
17.6412
17.5872
17.5371
17.4908
17.4480
17.4124
17.3808
17.3527
17.3281
17.3071
17.2905
17.2875
17.2931
17.3040
17.3196
17.3392
17.3625
17.3990
17.4393
17.4841
17.5768
17.6527
17.7167
17.7912
17.8692
17.8810
17.9264
17.9840
18.0421
18.0925
18.1398
18.1840
18.2220
18.2598
18.2884
18.2826
18.2581
18.2240
18.1835
18.1381
18.1652
18.1508
18.1132
18.0695
18.0217
17.9709
17.9177
17.8705
17.8258
17.7816
17.7378
17.6944
17.6515
17.6520
17.6613
17.6740
17.6717
17.6800
17.6951
17.7483
17.8414
17.9311
18.0200
18.1118
18.2061
18.3062
18.4015
18.5037
18.6096
18.7115
18.8179
18.9027
18.9776
19.0488
19.1031
19.1651
19.2301
19.2908
19.3506
19.4099
19.4687
19.5271
19.5851
19.6592
19.7405
19.8245
19.9106
19.9984
20.0878
20.1874
20.2815
20.3792
20.4782
20.5782
20.6790
20.7703
20.8573
20.9427
21.0269
21.1101
21.1923
20.9779
21.0804
21.1767
21.2713
21.3644
21.4562
21.5360
21.6095
21.6798
21.7475
21.8130
21.8763
24.0031
20.8498
21.9420
22.0712
22.1264
22.1715
22.2147
22.2552
22.2970
22.3389
22.3823
22.4265
22.4516
24.0016
21.6262
22.4454
22.5238
22.5491
22.5689
22.5875
22.6055
22.6232
22.6407
22.6580
22.6755
22.6929
24.0014
21.9879
22.6843
22.7488
22.7698
22.7864
22.8024
22.8181
22.8338
22.8496
22.8657
22.8819
22.8983
24.0014
22.3044
22.8980
22.9534
22.9729
22.9890
23.0046
23.0200
23.0356
23.0568
23.0780
23.1008
23.1225
24.0014
22.6694
23.1561
23.2066
23.2307
23.2537
23.2752
23.2979
23.3180
23.3394
23.3596
23.3812
23.4015
24.0014
23.1001
23.4451
23.4815
23.5040
23.5238
23.5440
23.5668
23.5886
23.6118
23.6337
23.6569
23.6787
24.0015
23.5376
23.7419
23.7677
23.7906
23.8117
23.8153
23.8149
23.8136
23.8118
23.8096
23.8072
23.8046
24.0016
23.6681
23.7934
23.7911
23.7870
23.7840
23.7814
23.7790
23.7767
23.7743
23.7721
23.7698
23.7675
24.0016
23.6095
23.7567
23.7571
23.7534
23.7487
23.7439
23.7391
23.7344
23.7296
23.7249
23.7202
23.7155
24.0016
23.5183
23.6944
23.6782
23.6560
23.6329
23.6095
23.5859
23.5622
23.5384
23.5145
23.4907
23.4667
24.0015
20.5868
21.2231
21.1357
20.9823
20.9519
20.9663
20.9578
20.9537
20.9281
20.8763
20.7888
20.6846
24.0025
18.9236
20.1123
20.0908
19.9553
19.8065
19.6543
19.5067
19.3599
19.2118
19.0629
18.9138
18.7648
24.0025
16.2079
17.9076
17.9324
17.7818
17.6133
17.4846
17.3749
17.2723
17.1759
17.0852
16.9997
16.9190
24.0023
13.9836
16.2911
16.5143
16.4952
16.4345
16.3641
16.2934
16.2243
16.1577
16.0944
16.0355
15.9805
24.0022
13.9611
14.9234
15.5886
15.6807
15.7207
15.7545
15.7885
15.8233
15.7889
15.9224
16.0134
16.1007
24.0020
13.9610
15.6405
16.2769
16.4367
16.5418
16.6345
16.7211
16.8031
16.8833
16.9599
17.0323
17.1001
24.0025
14.3287
16.7053
16.9625
16.9864
16.9766
16.9517
17.0019
17.0091
16.9811
16.9479
16.9100
16.8683
24.0025
13.9759
16.4098
16.6897
16.7407
16.7179
16.7199
16.7862
16.8645
16.9479
17.0350
17.1254
17.2184
24.0025
14.6836
17.0668
17.3949
17.5015
17.5940
17.6723
17.7445
17.8155
17.8862
17.9572
18.0288
18.1177
24.0019
15.9314
18.1087
18.4351
18.5709
18.6858
18.7952
18.9020
18.9988
19.1037
19.2089
19.3117
19.4139
24.0022
17.7133
19.4838
19.7571
19.8936
20.0103
20.1274
20.2454
20.3636
20.4819
20.5944
20.7041
20.8123
24.0025
19.5185
20.9762
21.1861
21.2926
21.3869
21.4777
21.5666
21.6538
21.7302
21.8008
21.8683
21.9329
24.0017
20.9245
22.0162
22.1500
22.2103
22.2617
22.3142
22.3672
22.4205
22.4742
22.5282
22.5823
22.6366
24.0016
21.9747
22.6791
22.7487
22.7738
22.7936
22.8120
22.8297
22.8468
22.8635
22.8798
22.8957
22.9113
24.0016
22.3227
22.9034
22.9541
22.9695
22.9812
22.9922
23.0029
23.0135
23.0239
23.0344
23.0447
23.0569
24.0015
22.5441
23.0555
23.1011
23.1168
23.1297
23.1421
23.1544
23.1668
23.1793
23.1918
23.2056
23.2186
24.0014
22.7937
23.2248
23.2632
23.2776
23.2896
23.3011
23.3126
23.3241
23.3356
23.3452
23.3547
23.3641
24.0014
23.0096
23.3667
23.3955
23.4055
23.4136
23.4215
23.4293
23.4371
23.4483
23.4604
23.4726
23.4850
24.0015
23.2057
23.5045
23.5317
23.5450
23.5569
23.5687
23.5805
23.5962
23.6124
23.6290
23.6458
23.6625
24.0015
23.4950
23.7047
23.7285
23.7457
23.7622
23.7788
23.7927
23.8062
23.8196
23.8331
23.8466
23.8602
24.0016
23.7988
23.9029
23.9146
23.9274
23.9402
23.9559
23.9724
23.9890
24.0058
24.0228
24.0399
24.0570
24.0016
24.1236
24.1214
24.1276
24.1435
12.1954
12.8001
12.8004
12.7175
12.7777
12.7971
12.7984
12.7988
23.4674
13.3330
12.8058
12.8276
13.0293
12.7599
12.7595
12.7793
12.7908
12.7962
12.7968
12.7979
12.7988
12.8015
12.7982
12.8006
13.0199
12.7512
12.7881
12.8005
12.8051
12.8027
12.8019
12.8701
12.8075
12.8061
12.7999
12.8000
12.7558
12.8212
12.8066
12.8035
12.8026
12.8028
12.8024
12.8043
12.8007
12.7999
12.8718
12.7322
12.8734
12.7510
12.8009
12.7282
12.7984
12.8013
12.8001
12.7996
12.8727
12.8038
12.8038
12.7304
12.7995
12.8013
12.8031
12.8022
12.8012
12.8010
12.8020
12.8040
12.8018
12.8734
12.8033
12.8046
12.8033
12.7400
12.7993
12.8002
12.8725
12.7998
12.7999
12.7997
12.7996
12.8007
12.8000
12.7997
12.7996
12.7995
12.8004
12.8004
12.8004
12.8004
12.8007
12.8009
12.8011
12.8001
12.8009
12.8014
12.8015
12.8016
12.8017
12.8017
12.8019
12.8020
12.8018
12.8017
12.8016
12.8016
12.8015
12.7729
12.7973
12.8335
12.8040
12.8032
12.8018
12.7439
12.7997
12.8591
12.8047
12.8032
12.8024
12.8042
12.8042
12.8013
12.8009
12.8003
12.8592
12.7488
12.7962
12.8004
12.7999
12.7999
12.7998
12.8013
12.8015
12.8130
12.7995
12.7997
12.8023
12.8007
12.7983
12.7976
12.7999
12.7984
12.7972
12.7968
12.7990
12.7468
12.7890
12.7910
12.7894
12.7899
12.7953
12.7931
12.7360
12.8513
12.7978
12.7326
12.8509
12.7910
12.7947
12.7941
12.7940
12.7942
12.7343
12.7954
12.7946
12.7972
12.7973
12.7978
12.7982
12.7906
12.7985
12.8441
12.8049
12.7993
12.7995
12.8023
12.7989
12.7987
12.8717
12.8010
12.8033
12.8074
12.8005
12.8047
12.7479
12.8025
12.8016
12.8004
12.8001
12.7979
12.7957
12.8238
12.8165
12.7862
12.8010
12.8003
12.7292
12.7987
12.7991
12.8000
12.7992
12.7993
12.7995
12.8000
24.0050
24.5736
24.9825
25.2807
13.2734
12.8345
12.7986
12.7977
12.7982
12.7986
12.7989
12.7991
12.7994
12.7996
12.7997
12.7998
24.3932
13.2712
12.8156
12.8053
12.8007
12.7973
12.8032
